optimal_status: 0
solution: 5482.0
cpu_time: 3600.1632809638977
gap: 0.7274109568646078
upper_bound: 1494.3331344682204
lower_bound: 5482.0
cg_matrix: [[0. 0. 1. 0. 1. 0. 0. 0. 0. 0. 0. 0. 0. 0. 0. 0. 0. 0. 0. 1. 0. 0. 1. 1.
  0. 0. 1. 0. 0. 0.]
 [0. 0. 0. 0. 0. 1. 0. 0. 0. 1. 0. 0. 0. 0. 0. 0. 0. 0. 0. 0. 0. 0. 1. 0.
  0. 0. 0. 0. 0. 0.]
 [1. 0. 0. 0. 0. 0. 0. 0. 0. 0. 1. 0. 0. 0. 0. 0. 1. 0. 0. 0. 0. 0. 0. 0.
  0. 0. 1. 0. 1. 0.]
 [0. 0. 0. 0. 0. 0. 1. 0. 0. 0. 0. 0. 0. 0. 1. 1. 1. 0. 0. 1. 0. 0. 0. 0.
  0. 1. 0. 1. 0. 0.]
 [1. 0. 0. 0. 0. 0. 0. 0. 1. 0. 1. 1. 0. 1. 0. 0. 1. 0. 0. 1. 0. 0. 0. 0.
  0. 0. 0. 0. 0. 0.]
 [0. 1. 0. 0. 0. 0. 0. 0. 0. 0. 1. 0. 0. 0. 0. 0. 0. 0. 0. 0. 0. 1. 0. 0.
  0. 0. 0. 0. 0. 1.]
 [0. 0. 0. 1. 0. 0. 0. 0. 0. 0. 0. 1. 0. 0. 0. 0. 0. 0. 1. 1. 0. 0. 1. 0.
  0. 1. 0. 0. 0. 0.]
 [0. 0. 0. 0. 0. 0. 0. 0. 0. 0. 0. 0. 0. 1. 0. 0. 1. 0. 0. 0. 0. 0. 0. 0.
  0. 0. 0. 1. 1. 0.]
 [0. 0. 0. 0. 1. 0. 0. 0. 0. 0. 0. 0. 0. 1. 1. 0. 0. 1. 0. 1. 0. 0. 1. 0.
  0. 1. 0. 1. 0. 0.]
 [0. 1. 0. 0. 0. 0. 0. 0. 0. 0. 0. 0. 0. 0. 1. 0. 0. 0. 0. 0. 1. 0. 0. 0.
  0. 0. 1. 0. 0. 1.]
 [0. 0. 1. 0. 1. 1. 0. 0. 0. 0. 0. 1. 0. 0. 0. 0. 0. 0. 0. 1. 1. 0. 0. 0.
  0. 0. 0. 0. 0. 0.]
 [0. 0. 0. 0. 1. 0. 1. 0. 0. 0. 1. 0. 0. 0. 1. 0. 1. 0. 0. 0. 0. 0. 0. 0.
  0. 0. 0. 0. 0. 0.]
 [0. 0. 0. 0. 0. 0. 0. 0. 0. 0. 0. 0. 0. 0. 1. 0. 1. 0. 0. 0. 0. 1. 0. 0.
  0. 0. 0. 0. 0. 0.]
 [0. 0. 0. 0. 1. 0. 0. 1. 1. 0. 0. 0. 0. 0. 0. 0. 0. 0. 0. 0. 0. 0. 0. 0.
  0. 0. 0. 1. 0. 0.]
 [0. 0. 0. 1. 0. 0. 0. 0. 1. 1. 0. 1. 1. 0. 0. 0. 0. 1. 0. 1. 0. 1. 0. 0.
  0. 0. 0. 1. 0. 0.]
 [0. 0. 0. 1. 0. 0. 0. 0. 0. 0. 0. 0. 0. 0. 0. 0. 0. 1. 0. 0. 0. 0. 0. 0.
  0. 0. 0. 1. 1. 0.]
 [0. 0. 1. 1. 1. 0. 0. 1. 0. 0. 0. 1. 1. 0. 0. 0. 0. 0. 0. 1. 0. 0. 0. 0.
  0. 1. 1. 0. 0. 0.]
 [0. 0. 0. 0. 0. 0. 0. 0. 1. 0. 0. 0. 0. 0. 1. 1. 0. 0. 0. 0. 0. 0. 0. 1.
  0. 0. 1. 0. 0. 0.]
 [0. 0. 0. 0. 0. 0. 1. 0. 0. 0. 0. 0. 0. 0. 0. 0. 0. 0. 0. 0. 1. 1. 0. 0.
  0. 0. 0. 0. 0. 0.]
 [1. 0. 0. 1. 1. 0. 1. 0. 1. 0. 1. 0. 0. 0. 1. 0. 1. 0. 0. 0. 1. 0. 0. 0.
  0. 0. 0. 0. 0. 0.]
 [0. 0. 0. 0. 0. 0. 0. 0. 0. 1. 1. 0. 0. 0. 0. 0. 0. 0. 1. 1. 0. 0. 0. 0.
  0. 0. 0. 0. 0. 0.]
 [0. 0. 0. 0. 0. 1. 0. 0. 0. 0. 0. 0. 1. 0. 1. 0. 0. 0. 1. 0. 0. 0. 0. 0.
  0. 0. 0. 0. 0. 0.]
 [1. 1. 0. 0. 0. 0. 1. 0. 1. 0. 0. 0. 0. 0. 0. 0. 0. 0. 0. 0. 0. 0. 0. 0.
  0. 0. 0. 0. 0. 0.]
 [1. 0. 0. 0. 0. 0. 0. 0. 0. 0. 0. 0. 0. 0. 0. 0. 0. 1. 0. 0. 0. 0. 0. 0.
  0. 0. 0. 0. 0. 0.]
 [0. 0. 0. 0. 0. 0. 0. 0. 0. 0. 0. 0. 0. 0. 0. 0. 0. 0. 0. 0. 0. 0. 0. 0.
  0. 0. 0. 0. 0. 0.]
 [0. 0. 0. 1. 0. 0. 1. 0. 1. 0. 0. 0. 0. 0. 0. 0. 1. 0. 0. 0. 0. 0. 0. 0.
  0. 0. 0. 0. 0. 0.]
 [1. 0. 1. 0. 0. 0. 0. 0. 0. 1. 0. 0. 0. 0. 0. 0. 1. 1. 0. 0. 0. 0. 0. 0.
  0. 0. 0. 0. 0. 0.]
 [0. 0. 0. 1. 0. 0. 0. 1. 1. 0. 0. 0. 0. 1. 1. 1. 0. 0. 0. 0. 0. 0. 0. 0.
  0. 0. 0. 0. 0. 0.]
 [0. 0. 1. 0. 0. 0. 0. 1. 0. 0. 0. 0. 0. 0. 0. 1. 0. 0. 0. 0. 0. 0. 0. 0.
  0. 0. 0. 0. 0. 0.]
 [0. 0. 0. 0. 0. 1. 0. 0. 0. 1. 0. 0. 0. 0. 0. 0. 0. 0. 0. 0. 0. 0. 0. 0.
  0. 0. 0. 0. 0. 0.]]
start_times_array: [[1.53000000e+02 1.26100000e+03 1.44300000e+03 1.76400000e+03
  1.98500000e+03 2.16800000e+03 2.33500000e+03 2.55400000e+03
  2.83000000e+03 3.00400000e+03 3.02600000e+03 3.16600000e+03
  3.43200000e+03 3.46800000e+03 3.96000000e+03 4.03000000e+03
  4.36500000e+03 4.62100000e+03 4.80900000e+03 5.19800000e+03]
 [0.00000000e+00 3.35000000e+02 7.79000000e+02 8.64000000e+02
  1.16200000e+03 1.45800000e+03 1.52000000e+03 2.02500000e+03
  2.10500000e+03 2.41900000e+03 2.84000000e+03 3.12600000e+03
  3.28100000e+03 3.57200000e+03 4.01200000e+03 4.14300000e+03
  4.36500000e+03 4.40600000e+03 4.87800000e+03 5.11400000e+03]
 [3.00000000e+00 2.20000000e+02 5.77000000e+02 1.44600000e+03
  1.90200000e+03 2.08900000e+03 2.60000000e+03 2.69200000e+03
  2.90700000e+03 3.08400000e+03 3.27400000e+03 3.65900000e+03
  3.68500000e+03 3.75800000e+03 3.82200000e+03 4.15800000e+03
  4.66800000e+03 4.71200000e+03 4.87800000e+03 5.28300000e+03]
 [4.18000000e+02 6.02000000e+02 2.14600000e+03 2.54100000e+03
  2.56800000e+03 2.66100000e+03 2.67400000e+03 2.75300000e+03
  2.95900000e+03 2.97600000e+03 3.13700000e+03 3.40000000e+03
  3.41300000e+03 3.78800000e+03 3.98600000e+03 4.23400000e+03
  4.36500000e+03 4.79200000e+03 4.80800000e+03 5.34400000e+03]
 [2.83000000e+02 5.25000000e+02 8.64000000e+02 1.20900000e+03
  1.67900000e+03 2.03900000e+03 2.24300000e+03 2.63000000e+03
  2.90700000e+03 3.11500000e+03 3.26700000e+03 3.72500000e+03
  4.13700000e+03 4.45100000e+03 4.57900000e+03 4.75300000e+03
  4.92300000e+03 5.12000000e+03 5.28300000e+03 5.29100000e+03]
 [2.10000000e+02 2.42000000e+02 6.84000000e+02 7.29000000e+02
  7.43000000e+02 1.04000000e+03 1.34800000e+03 1.93000000e+03
  2.50200000e+03 2.60400000e+03 2.90700000e+03 3.30600000e+03
  3.73200000e+03 4.19000000e+03 4.50400000e+03 4.75500000e+03
  4.88700000e+03 5.02500000e+03 5.08200000e+03 5.36300000e+03]
 [2.83000000e+02 5.49000000e+02 6.32000000e+02 7.35000000e+02
  1.03800000e+03 1.20900000e+03 1.48600000e+03 1.93900000e+03
  2.22500000e+03 2.32600000e+03 2.73400000e+03 2.82500000e+03
  3.69500000e+03 3.85200000e+03 4.19000000e+03 4.59500000e+03
  4.91900000e+03 5.12500000e+03 5.29200000e+03 5.46700000e+03]
 [0.00000000e+00 5.70000000e+01 8.19000000e+02 1.01500000e+03
  1.03500000e+03 1.18100000e+03 1.98500000e+03 2.28800000e+03
  2.73500000e+03 2.80400000e+03 3.02600000e+03 3.12500000e+03
  3.75800000e+03 3.77600000e+03 3.93700000e+03 4.13700000e+03
  4.18100000e+03 4.42900000e+03 4.46600000e+03 5.09400000e+03]
 [3.55000000e+02 4.15000000e+02 7.68000000e+02 8.68000000e+02
  1.01500000e+03 1.39600000e+03 1.50900000e+03 1.94800000e+03
  2.15000000e+03 2.15100000e+03 2.48500000e+03 2.50200000e+03
  2.73400000e+03 3.12600000e+03 3.96000000e+03 4.36500000e+03
  4.62200000e+03 4.85300000e+03 5.19800000e+03 5.47400000e+03]
 [1.42000000e+02 6.79000000e+02 1.07000000e+03 1.10200000e+03
  1.59500000e+03 1.83800000e+03 1.98500000e+03 2.27000000e+03
  2.68300000e+03 2.92600000e+03 3.08400000e+03 3.46800000e+03
  3.59600000e+03 3.82200000e+03 4.64500000e+03 4.85300000e+03
  5.05200000e+03 5.08200000e+03 5.20500000e+03 5.36300000e+03]
 [8.90000000e+01 6.12000000e+02 1.21600000e+03 1.53300000e+03
  1.63400000e+03 1.79300000e+03 2.19400000e+03 2.44300000e+03
  2.56300000e+03 2.88400000e+03 3.12600000e+03 3.23600000e+03
  3.85200000e+03 4.05600000e+03 4.28600000e+03 4.60200000e+03
  4.84600000e+03 4.97000000e+03 4.98700000e+03 5.41300000e+03]
 [0.00000000e+00 3.55000000e+02 9.34000000e+02 1.01300000e+03
  1.13400000e+03 1.62900000e+03 2.09200000e+03 2.16800000e+03
  2.34900000e+03 2.54100000e+03 2.80400000e+03 3.02600000e+03
  3.22000000e+03 3.34200000e+03 3.68000000e+03 3.78800000e+03
  3.94800000e+03 4.30000000e+03 5.06600000e+03 5.19800000e+03]
 [2.36000000e+02 3.19000000e+02 9.71000000e+02 1.01600000e+03
  1.04000000e+03 1.28700000e+03 1.50500000e+03 1.87700000e+03
  2.00400000e+03 2.35400000e+03 2.66000000e+03 2.91300000e+03
  3.31600000e+03 3.41300000e+03 4.11100000e+03 4.14600000e+03
  4.27600000e+03 4.67300000e+03 4.88700000e+03 5.26500000e+03]
 [6.05000000e+02 7.02000000e+02 7.09000000e+02 1.09400000e+03
  1.41500000e+03 1.47200000e+03 1.56200000e+03 1.56600000e+03
  1.56800000e+03 1.85700000e+03 2.07700000e+03 2.55800000e+03
  2.80900000e+03 3.42100000e+03 4.05000000e+03 4.12200000e+03
  4.21600000e+03 4.97100000e+03 5.07700000e+03 5.34400000e+03]
 [8.90000000e+01 5.36000000e+02 6.32000000e+02 8.09000000e+02
  1.09400000e+03 1.44500000e+03 1.56200000e+03 1.68800000e+03
  1.88500000e+03 2.28800000e+03 2.83000000e+03 2.99800000e+03
  3.23800000e+03 3.69800000e+03 3.91000000e+03 4.45100000e+03
  4.60200000e+03 4.76900000e+03 4.97100000e+03 5.40800000e+03]
 [0.00000000e+00 2.27000000e+02 2.67000000e+02 5.54000000e+02
  6.32000000e+02 1.01500000e+03 1.45700000e+03 1.71400000e+03
  1.92400000e+03 2.38100000e+03 2.84500000e+03 3.05400000e+03
  3.07400000e+03 3.08000000e+03 3.58000000e+03 4.13700000e+03
  4.60200000e+03 4.76900000e+03 4.78000000e+03 5.13800000e+03]
 [7.45000000e+02 1.07100000e+03 1.34400000e+03 1.43700000e+03
  1.77600000e+03 1.88500000e+03 1.93900000e+03 1.96600000e+03
  2.45300000e+03 2.47200000e+03 2.82500000e+03 3.00100000e+03
  3.23600000e+03 3.55600000e+03 3.85200000e+03 4.04600000e+03
  4.29000000e+03 4.58300000e+03 4.97100000e+03 5.23800000e+03]
 [7.02000000e+02 9.50000000e+02 9.55000000e+02 1.24500000e+03
  1.24800000e+03 1.63600000e+03 1.82600000e+03 2.10500000e+03
  2.55800000e+03 2.93800000e+03 3.34400000e+03 3.65900000e+03
  3.86800000e+03 4.23400000e+03 4.28000000e+03 4.70700000e+03
  4.74100000e+03 4.79200000e+03 5.05200000e+03 5.27700000e+03]
 [3.15000000e+02 8.05000000e+02 1.30300000e+03 1.34800000e+03
  1.39100000e+03 1.40300000e+03 2.10700000e+03 2.33300000e+03
  2.43100000e+03 2.65000000e+03 2.97600000e+03 3.07400000e+03
  3.12200000e+03 4.32100000e+03 4.41100000e+03 4.46600000e+03
  4.50400000e+03 4.51700000e+03 4.88700000e+03 5.02700000e+03]
 [0.00000000e+00 2.00000000e+01 2.40000000e+01 1.84000000e+02
  4.69000000e+02 6.74000000e+02 9.70000000e+02 1.11600000e+03
  1.60200000e+03 1.84100000e+03 2.08400000e+03 2.34900000e+03
  2.67700000e+03 3.05700000e+03 3.34200000e+03 3.60700000e+03
  3.95900000e+03 4.30000000e+03 4.68000000e+03 5.05600000e+03]
 [2.83000000e+02 5.25000000e+02 8.94000000e+02 9.33000000e+02
  1.35900000e+03 1.45200000e+03 2.01800000e+03 2.29500000e+03
  2.50200000e+03 2.60000000e+03 3.28400000e+03 3.96000000e+03
  4.19000000e+03 4.48600000e+03 4.78100000e+03 4.93800000e+03
  5.12000000e+03 5.14400000e+03 5.19800000e+03 5.47200000e+03]
 [0.00000000e+00 5.30000000e+01 1.42000000e+02 4.13000000e+02
  8.94000000e+02 1.00400000e+03 1.10000000e+03 1.59200000e+03
  2.19700000e+03 2.44600000e+03 2.56300000e+03 2.72900000e+03
  2.73700000e+03 3.22800000e+03 3.45600000e+03 3.53100000e+03
  3.94800000e+03 4.72300000e+03 4.80700000e+03 5.09500000e+03]
 [5.70000000e+01 2.27000000e+02 2.41000000e+02 4.69000000e+02
  6.65000000e+02 9.13000000e+02 1.11700000e+03 1.30500000e+03
  1.88500000e+03 2.37900000e+03 2.63000000e+03 3.22100000e+03
  3.59600000e+03 4.08600000e+03 4.29700000e+03 4.53500000e+03
  4.57900000e+03 4.75400000e+03 4.95100000e+03 5.38300000e+03]
 [8.00000000e+00 1.00900000e+03 1.09400000e+03 1.40300000e+03
  1.68300000e+03 1.91200000e+03 2.23300000e+03 2.30600000e+03
  2.74500000e+03 2.97800000e+03 3.25500000e+03 3.55600000e+03
  3.69500000e+03 3.69600000e+03 3.74200000e+03 4.08600000e+03
  4.53900000e+03 4.66200000e+03 4.67200000e+03 4.90000000e+03]
 [0.00000000e+00 1.80000000e+02 3.53000000e+02 6.68000000e+02
  1.10700000e+03 1.24900000e+03 1.58932348e+03 2.41100000e+03
  3.41000000e+03 3.48000000e+03 3.81500000e+03 3.82200000e+03
  3.85200000e+03 4.15900000e+03 4.67200000e+03 4.74300000e+03
  4.79900000e+03 4.85600000e+03 5.46400000e+03 5.46900000e+03]
 [0.00000000e+00 4.10000000e+01 9.90000000e+01 4.69000000e+02
  9.13000000e+02 1.16900000e+03 1.69700000e+03 1.76400000e+03
  1.90100000e+03 2.40900000e+03 2.59300000e+03 2.69800000e+03
  2.90700000e+03 3.02600000e+03 3.48500000e+03 3.60700000e+03
  4.08800000e+03 4.51700000e+03 4.68000000e+03 5.41000000e+03]
 [5.00000000e+00 6.20000000e+01 5.31000000e+02 8.53000000e+02
  1.00900000e+03 1.18100000e+03 1.31100000e+03 1.33000000e+03
  1.54600000e+03 1.68300000e+03 2.28100000e+03 2.39900000e+03
  2.77500000e+03 3.05200000e+03 3.12600000e+03 3.77500000e+03
  4.08800000e+03 4.48600000e+03 4.74200000e+03 5.13300000e+03]
 [1.42000000e+02 1.95000000e+02 2.65000000e+02 9.13000000e+02
  9.98000000e+02 1.25600000e+03 1.35000000e+03 1.60000000e+03
  2.22500000e+03 2.41800000e+03 2.91300000e+03 3.31600000e+03
  3.50000000e+03 3.53400000e+03 3.55600000e+03 3.84000000e+03
  4.53900000e+03 4.75500000e+03 4.89500000e+03 5.27700000e+03]
 [1.03000000e+02 2.82000000e+02 3.65000000e+02 7.29000000e+02
  1.33600000e+03 2.40900000e+03 2.51400000e+03 2.97300000e+03
  3.19600000e+03 3.20700000e+03 3.23400000e+03 3.24200000e+03
  3.38100000e+03 3.70900000e+03 3.77700000e+03 3.83000000e+03
  4.37000000e+03 4.78600000e+03 4.97000000e+03 5.05600000e+03]
 [1.10000000e+01 7.50000000e+01 9.50000000e+01 1.28000000e+02
  3.24000000e+02 3.74000000e+02 1.16400000e+03 1.49400000e+03
  1.56800000e+03 2.06900000e+03 3.22000000e+03 3.23800000e+03
  3.38500000e+03 3.68500000e+03 3.87900000e+03 3.90000000e+03
  4.28600000e+03 4.78600000e+03 5.07800000e+03 5.28300000e+03]]
