optimal_status: 0
solution: 8450.999982594414
cpu_time: 3600.1178710460663
gap: 0.8443559419577875
upper_bound: 1315.3479318056613
lower_bound: 8450.999982594414
cg_matrix: [[0. 1. 1. 0. 0. 0. 0. 0. 0. 1. 1. 1. 0. 1. 0. 1. 0. 0. 1. 0.]
 [1. 0. 1. 0. 0. 1. 1. 0. 0. 1. 1. 0. 0. 0. 0. 1. 0. 0. 0. 0.]
 [1. 1. 0. 0. 1. 0. 1. 1. 0. 1. 1. 0. 1. 0. 0. 1. 1. 1. 0. 0.]
 [0. 0. 0. 0. 1. 0. 0. 1. 1. 0. 0. 1. 1. 1. 0. 0. 0. 0. 1. 1.]
 [0. 0. 1. 1. 0. 0. 0. 0. 0. 0. 0. 0. 0. 1. 0. 1. 0. 0. 0. 1.]
 [0. 1. 0. 0. 0. 0. 1. 0. 0. 1. 0. 0. 0. 1. 1. 0. 1. 1. 1. 0.]
 [0. 1. 1. 0. 0. 1. 0. 0. 0. 1. 0. 0. 0. 1. 0. 1. 1. 1. 1. 0.]
 [0. 0. 1. 1. 0. 0. 0. 0. 0. 1. 1. 1. 1. 0. 0. 0. 0. 1. 0. 1.]
 [0. 0. 0. 1. 0. 0. 0. 0. 0. 0. 1. 0. 1. 1. 1. 0. 0. 0. 1. 1.]
 [1. 1. 1. 0. 0. 1. 1. 1. 0. 0. 0. 0. 1. 1. 1. 0. 1. 1. 0. 0.]
 [1. 1. 1. 0. 0. 0. 0. 1. 1. 0. 0. 0. 0. 0. 0. 1. 1. 1. 1. 0.]
 [1. 0. 0. 1. 0. 0. 0. 1. 0. 0. 0. 0. 0. 0. 1. 0. 1. 0. 1. 1.]
 [0. 0. 1. 1. 0. 0. 0. 1. 1. 1. 0. 0. 0. 1. 1. 0. 1. 1. 0. 1.]
 [1. 0. 0. 1. 1. 1. 1. 0. 1. 1. 0. 0. 1. 0. 0. 0. 0. 1. 0. 1.]
 [0. 0. 0. 0. 0. 1. 0. 0. 1. 1. 0. 1. 1. 0. 0. 0. 0. 0. 0. 1.]
 [1. 1. 1. 0. 1. 0. 1. 0. 0. 0. 1. 0. 0. 0. 0. 0. 0. 1. 1. 1.]
 [0. 0. 1. 0. 0. 1. 1. 0. 0. 1. 1. 1. 1. 0. 0. 0. 0. 0. 1. 0.]
 [0. 0. 1. 0. 0. 1. 1. 1. 0. 1. 1. 0. 1. 1. 0. 1. 0. 0. 0. 0.]
 [1. 0. 0. 1. 0. 1. 1. 0. 1. 0. 1. 1. 0. 0. 0. 1. 1. 0. 0. 1.]
 [0. 0. 0. 1. 1. 0. 0. 1. 1. 0. 0. 1. 1. 1. 1. 1. 0. 0. 1. 0.]]
start_times_array: [[ 468.         3521.         4072.         5108.99999916 5176.99999916
  5425.         7597.99998259 7739.99998259 7876.99998259 7883.99998259
  7974.99998259 7993.99998259 8043.99998259 8108.99998259 8161.99998259
  8170.99998259 8260.99998259 8329.99998259 8379.99998259 8437.99998259]
 [  66.          183.          203.          501.          634.
   725.          877.         1289.99999916 6876.         7037.
  7131.         7177.         7232.         7331.         7404.99998259
  7499.99998259 7593.99998259 7688.99998259 7813.99998259 7964.99998259]
 [ 355.         5672.         5949.         6192.         6274.
  6309.         6393.         6427.         6514.         6605.
  6674.         6686.         6717.         6811.         6969.
  6982.         6998.         7358.99998259 7872.99998259 7890.99998259]
 [5672.         5950.         5990.         6196.99999916 6243.99999916
  6339.99999916 6406.99999916 6500.99999916 6553.99999916 6610.
  6627.         6650.         6674.         6740.         6755.
  6811.         6895.         7152.         7273.99999916 7286.99999916]
 [ 830.         1182.         1847.         2891.         3064.70736646
  3155.70736646 3236.         3271.         3281.         4375.07897097
  4586.70736646 4607.70736646 4685.70736646 4711.         4721.
  4809.         4873.         4977.15736043 5011.15736043 5468.        ]
 [ 367.         1916.         4923.         4979.         5101.
  5162.         5226.         5313.         5372.         5462.
  5525.         5615.         5637.         5643.         5693.
  5702.         5720.         5932.         6347.72134867 6430.72134867]
 [   0.          144.          193.          261.          434.
   968.         2912.         3079.72134867 3133.         3196.
  3228.         3356.         3383.         3455.         4708.
  4769.         5145.         5742.         5887.         6074.        ]
 [ 673.          767.         4893.         4977.         4989.
  5047.         5188.         5231.         5255.         5332.
  5417.         5479.         5528.         5533.         5579.
  5742.         5827.         5919.         6074.         7499.99999916]
 [1952.         1991.         2106.         4156.         4203.07897097
  4293.07897097 4372.07897097 4429.         4481.         4568.
  4598.         4865.99999916 4869.99999916 4926.99999916 4969.99999916
  5035.99999916 5074.         5188.         5189.         5390.99999916]
 [ 135.         3529.         3578.         3669.         3793.
  3999.         4156.         4176.         4203.         4270.
  4292.         4294.         4341.         4432.         4443.
  4513.         4610.         4807.         4876.         5007.        ]
 [ 298.          974.         2828.         2895.         2921.
  2987.         3042.         3056.         3133.         3210.
  3292.         3326.         3327.         3391.         3481.
  3656.72134867 3703.72134867 3759.72134867 4019.73246753 4746.99999916]
 [1893.         1918.         1951.         1963.         1997.
  2940.72134867 2989.72134867 3048.         3056.         3129.
  3132.         3160.         3292.         3337.         3369.
  3422.         3621.66509434 3706.73246753 3792.73246753 4549.35065185]
 [2849.         2913.         2990.         3072.         3104.
  3179.         3212.         3280.         3296.         3359.
  3440.         3471.         3708.         3781.         3833.
  3935.         4058.         4688.         4760.         5104.        ]
 [ 341.          586.         1041.         1140.         1263.
  2021.         2103.         2146.         2189.         2237.
  2301.         2345.         2395.         2439.         2511.
  2600.         2645.         2689.         2710.         2789.        ]
 [ 588.          675.          838.         1140.         1160.
  1248.         2029.         2137.         2225.         2271.
  2317.         2361.         2403.         2511.         2552.
  2626.         2694.         2719.         2806.         3858.        ]
 [1380.         1917.         2073.         2117.         2140.
  2215.         2225.         2322.         2367.         2438.
  2487.         2490.         2558.         2614.         2634.
  2669.         2678.         2757.         2778.         2944.        ]
 [ 888.         1336.         1428.         1701.         1990.
  2045.         2144.         2187.         2281.         2287.
  2321.         2369.         2429.         2462.         2478.
  2512.         2611.         2694.         2705.         2785.        ]
 [ 489.          684.          765.          800.          837.
   873.          910.         1006.         1017.         1179.
  1336.         1543.         1573.         1670.         1759.
  1806.         1843.         2010.         5984.         6138.        ]
 [ 433.          565.          662.          730.          767.
   774.         1026.         1064.         1114.         1156.
  1188.         1242.         1514.         1545.         1597.
  1752.         1772.         1801.         1857.         2029.        ]
 [   0.           29.           60.          120.          211.
   218.          255.          358.          434.          455.
   501.          548.          549.          738.          846.
   893.          974.         1336.         1419.         1673.        ]]
