optimal_status: 0
solution: 34141.999996537685
cpu_time: 3603.241796016693
gap: 0.947460730047735
upper_bound: 1793.7957545283232
lower_bound: 34141.999996537685
cg_matrix: [[0. 0. 0. 0. 0. 0. 0. 0. 1. 0. 1. 0. 0. 0. 0. 1. 1. 0. 1. 1. 0. 1. 0. 0.
  0. 0. 0. 0. 1. 1. 1. 0. 0. 0. 1. 0. 1. 0. 0. 0. 1. 1. 0. 0. 0. 0. 0. 0.
  1. 1.]
 [0. 0. 0. 1. 0. 1. 0. 1. 1. 1. 0. 0. 1. 1. 1. 1. 0. 0. 1. 1. 1. 0. 0. 0.
  1. 0. 1. 0. 0. 0. 0. 0. 1. 0. 1. 0. 1. 0. 1. 0. 0. 0. 1. 0. 1. 1. 0. 0.
  1. 0.]
 [0. 0. 0. 0. 1. 1. 1. 1. 1. 1. 1. 1. 1. 0. 0. 1. 1. 1. 0. 0. 1. 0. 0. 1.
  0. 0. 0. 0. 1. 0. 1. 1. 0. 0. 0. 0. 1. 0. 0. 1. 1. 0. 1. 0. 1. 0. 0. 1.
  0. 0.]
 [0. 1. 0. 0. 0. 1. 1. 0. 0. 0. 0. 0. 1. 0. 0. 1. 0. 1. 1. 1. 0. 0. 0. 1.
  1. 0. 1. 1. 1. 0. 0. 0. 1. 0. 0. 1. 1. 0. 1. 0. 1. 0. 1. 0. 0. 1. 1. 1.
  0. 0.]
 [0. 0. 1. 0. 0. 0. 0. 0. 0. 1. 1. 0. 0. 0. 1. 0. 1. 1. 1. 0. 0. 0. 0. 1.
  1. 1. 1. 1. 0. 0. 1. 0. 1. 1. 0. 0. 1. 0. 0. 1. 0. 1. 0. 0. 0. 0. 1. 0.
  0. 0.]
 [0. 1. 1. 1. 0. 0. 0. 0. 0. 0. 0. 0. 1. 0. 1. 1. 1. 1. 1. 0. 0. 0. 0. 0.
  0. 1. 0. 1. 0. 0. 0. 0. 0. 1. 0. 1. 1. 1. 1. 0. 0. 1. 1. 1. 0. 1. 0. 1.
  1. 0.]
 [0. 0. 1. 1. 0. 0. 0. 1. 0. 1. 1. 0. 1. 1. 1. 1. 1. 1. 1. 0. 1. 0. 0. 1.
  1. 1. 0. 1. 0. 1. 0. 0. 1. 1. 0. 1. 1. 0. 0. 1. 0. 0. 1. 0. 0. 1. 0. 1.
  0. 1.]
 [0. 1. 1. 0. 0. 0. 1. 0. 0. 0. 0. 1. 1. 0. 0. 1. 0. 0. 1. 1. 1. 0. 0. 0.
  0. 1. 1. 1. 0. 1. 0. 0. 1. 0. 0. 1. 1. 1. 0. 0. 0. 0. 1. 1. 1. 0. 1. 1.
  0. 0.]
 [1. 1. 1. 0. 0. 0. 0. 0. 0. 1. 1. 1. 0. 0. 0. 1. 1. 1. 1. 0. 0. 1. 0. 1.
  0. 0. 0. 1. 1. 1. 0. 0. 0. 1. 1. 1. 1. 1. 1. 1. 1. 1. 1. 0. 1. 0. 0. 0.
  1. 1.]
 [0. 1. 1. 0. 1. 0. 1. 0. 1. 0. 1. 0. 1. 0. 0. 0. 1. 0. 0. 0. 0. 1. 0. 1.
  0. 0. 1. 1. 0. 1. 1. 1. 1. 0. 0. 0. 1. 1. 1. 0. 1. 0. 1. 0. 0. 0. 0. 1.
  1. 1.]
 [1. 0. 1. 0. 1. 0. 1. 0. 1. 1. 0. 1. 0. 1. 1. 1. 1. 0. 1. 1. 0. 1. 0. 1.
  1. 1. 1. 0. 0. 1. 1. 1. 0. 0. 1. 0. 1. 0. 1. 0. 1. 0. 0. 1. 1. 1. 1. 1.
  0. 1.]
 [0. 0. 1. 0. 0. 0. 0. 1. 1. 0. 1. 0. 0. 1. 0. 1. 0. 1. 0. 1. 1. 0. 0. 1.
  0. 1. 0. 0. 0. 0. 1. 0. 0. 0. 0. 0. 1. 0. 1. 1. 0. 1. 1. 0. 0. 1. 1. 0.
  0. 1.]
 [0. 1. 1. 1. 0. 1. 1. 1. 0. 1. 0. 0. 0. 1. 0. 0. 1. 1. 1. 0. 1. 0. 0. 1.
  1. 1. 1. 1. 1. 1. 0. 0. 0. 1. 1. 0. 1. 0. 1. 0. 0. 0. 0. 0. 0. 0. 0. 0.
  1. 1.]
 [0. 1. 0. 0. 0. 0. 1. 0. 0. 0. 1. 1. 1. 0. 0. 1. 0. 0. 1. 1. 0. 1. 1. 1.
  1. 0. 1. 0. 1. 1. 0. 0. 0. 1. 0. 0. 1. 0. 0. 0. 0. 0. 1. 0. 0. 0. 1. 0.
  1. 1.]
 [0. 1. 0. 0. 1. 1. 1. 0. 0. 0. 1. 0. 0. 0. 0. 0. 0. 0. 0. 0. 1. 0. 0. 1.
  1. 0. 0. 1. 0. 1. 0. 0. 1. 0. 1. 1. 1. 1. 0. 0. 0. 0. 0. 1. 1. 1. 1. 0.
  1. 1.]
 [1. 1. 1. 1. 0. 1. 1. 1. 1. 0. 1. 1. 0. 1. 0. 0. 0. 1. 0. 0. 1. 1. 0. 1.
  1. 0. 0. 1. 1. 0. 1. 1. 1. 1. 0. 0. 1. 1. 1. 1. 1. 0. 0. 0. 0. 1. 0. 1.
  0. 1.]
 [1. 0. 1. 0. 1. 1. 1. 0. 1. 1. 1. 0. 1. 0. 0. 0. 0. 0. 1. 0. 0. 1. 1. 0.
  1. 0. 0. 1. 1. 0. 1. 0. 0. 0. 1. 1. 0. 1. 0. 0. 1. 1. 1. 0. 1. 1. 0. 0.
  0. 0.]
 [0. 0. 1. 1. 1. 1. 1. 0. 1. 0. 0. 1. 1. 0. 0. 1. 0. 0. 0. 1. 1. 1. 1. 1.
  1. 1. 0. 0. 1. 0. 1. 0. 0. 1. 1. 0. 1. 1. 0. 1. 0. 0. 0. 0. 1. 0. 0. 0.
  0. 1.]
 [1. 1. 0. 1. 1. 1. 1. 1. 1. 0. 1. 0. 1. 1. 0. 0. 1. 0. 0. 0. 1. 0. 1. 0.
  0. 0. 1. 1. 0. 0. 0. 0. 0. 1. 0. 1. 1. 1. 0. 1. 0. 0. 0. 1. 1. 1. 0. 1.
  0. 1.]
 [1. 1. 0. 1. 0. 0. 0. 1. 0. 0. 1. 1. 0. 1. 0. 0. 0. 1. 0. 0. 1. 1. 1. 0.
  0. 0. 0. 0. 0. 0. 0. 1. 1. 1. 1. 1. 1. 1. 0. 1. 0. 0. 0. 1. 1. 0. 1. 1.
  1. 1.]
 [0. 1. 1. 0. 0. 0. 1. 1. 0. 0. 0. 1. 1. 0. 1. 1. 0. 1. 1. 1. 0. 0. 0. 0.
  0. 0. 0. 0. 0. 0. 0. 0. 0. 0. 0. 0. 0. 0. 0. 0. 0. 0. 0. 0. 0. 0. 0. 0.
  0. 0.]
 [1. 0. 0. 0. 0. 0. 0. 0. 1. 1. 1. 0. 0. 1. 0. 1. 1. 1. 0. 1. 0. 0. 0. 0.
  0. 0. 0. 0. 0. 0. 0. 0. 0. 0. 0. 0. 0. 0. 0. 0. 0. 0. 0. 0. 0. 0. 0. 0.
  0. 0.]
 [0. 0. 0. 0. 0. 0. 0. 0. 0. 0. 0. 0. 0. 1. 0. 0. 1. 1. 1. 1. 0. 0. 0. 0.
  0. 0. 0. 0. 0. 0. 0. 0. 0. 0. 0. 0. 0. 0. 0. 0. 0. 0. 0. 0. 0. 0. 0. 0.
  0. 0.]
 [0. 0. 1. 1. 1. 0. 1. 0. 1. 1. 1. 1. 1. 1. 1. 1. 0. 1. 0. 0. 0. 0. 0. 0.
  0. 0. 0. 0. 0. 0. 0. 0. 0. 0. 0. 0. 0. 0. 0. 0. 0. 0. 0. 0. 0. 0. 0. 0.
  0. 0.]
 [0. 1. 0. 1. 1. 0. 1. 0. 0. 0. 1. 0. 1. 1. 1. 1. 1. 1. 0. 0. 0. 0. 0. 0.
  0. 0. 0. 0. 0. 0. 0. 0. 0. 0. 0. 0. 0. 0. 0. 0. 0. 0. 0. 0. 0. 0. 0. 0.
  0. 0.]
 [0. 0. 0. 0. 1. 1. 1. 1. 0. 0. 1. 1. 1. 0. 0. 0. 0. 1. 0. 0. 0. 0. 0. 0.
  0. 0. 0. 0. 0. 0. 0. 0. 0. 0. 0. 0. 0. 0. 0. 0. 0. 0. 0. 0. 0. 0. 0. 0.
  0. 0.]
 [0. 1. 0. 1. 1. 0. 0. 1. 0. 1. 1. 0. 1. 1. 0. 0. 0. 0. 1. 0. 0. 0. 0. 0.
  0. 0. 0. 0. 0. 0. 0. 0. 0. 0. 0. 0. 0. 0. 0. 0. 0. 0. 0. 0. 0. 0. 0. 0.
  0. 0.]
 [0. 0. 0. 1. 1. 1. 1. 1. 1. 1. 0. 0. 1. 0. 1. 1. 1. 0. 1. 0. 0. 0. 0. 0.
  0. 0. 0. 0. 0. 0. 0. 0. 0. 0. 0. 0. 0. 0. 0. 0. 0. 0. 0. 0. 0. 0. 0. 0.
  0. 0.]
 [1. 0. 1. 1. 0. 0. 0. 0. 1. 0. 0. 0. 1. 1. 0. 1. 1. 1. 0. 0. 0. 0. 0. 0.
  0. 0. 0. 0. 0. 0. 0. 0. 0. 0. 0. 0. 0. 0. 0. 0. 0. 0. 0. 0. 0. 0. 0. 0.
  0. 0.]
 [1. 0. 0. 0. 0. 0. 1. 1. 1. 1. 1. 0. 1. 1. 1. 0. 0. 0. 0. 0. 0. 0. 0. 0.
  0. 0. 0. 0. 0. 0. 0. 0. 0. 0. 0. 0. 0. 0. 0. 0. 0. 0. 0. 0. 0. 0. 0. 0.
  0. 0.]
 [1. 0. 1. 0. 1. 0. 0. 0. 0. 1. 1. 1. 0. 0. 0. 1. 1. 1. 0. 0. 0. 0. 0. 0.
  0. 0. 0. 0. 0. 0. 0. 0. 0. 0. 0. 0. 0. 0. 0. 0. 0. 0. 0. 0. 0. 0. 0. 0.
  0. 0.]
 [0. 0. 1. 0. 0. 0. 0. 0. 0. 1. 1. 0. 0. 0. 0. 1. 0. 0. 0. 1. 0. 0. 0. 0.
  0. 0. 0. 0. 0. 0. 0. 0. 0. 0. 0. 0. 0. 0. 0. 0. 0. 0. 0. 0. 0. 0. 0. 0.
  0. 0.]
 [0. 1. 0. 1. 1. 0. 1. 1. 0. 1. 0. 0. 0. 0. 1. 1. 0. 0. 0. 1. 0. 0. 0. 0.
  0. 0. 0. 0. 0. 0. 0. 0. 0. 0. 0. 0. 0. 0. 0. 0. 0. 0. 0. 0. 0. 0. 0. 0.
  0. 0.]
 [0. 0. 0. 0. 1. 1. 1. 0. 1. 0. 0. 0. 1. 1. 0. 1. 0. 1. 1. 1. 0. 0. 0. 0.
  0. 0. 0. 0. 0. 0. 0. 0. 0. 0. 0. 0. 0. 0. 0. 0. 0. 0. 0. 0. 0. 0. 0. 0.
  0. 0.]
 [1. 1. 0. 0. 0. 0. 0. 0. 1. 0. 1. 0. 1. 0. 1. 0. 1. 1. 0. 1. 0. 0. 0. 0.
  0. 0. 0. 0. 0. 0. 0. 0. 0. 0. 0. 0. 0. 0. 0. 0. 0. 0. 0. 0. 0. 0. 0. 0.
  0. 0.]
 [0. 0. 0. 1. 0. 1. 1. 1. 1. 0. 0. 0. 0. 0. 1. 0. 1. 0. 1. 1. 0. 0. 0. 0.
  0. 0. 0. 0. 0. 0. 0. 0. 0. 0. 0. 0. 0. 0. 0. 0. 0. 0. 0. 0. 0. 0. 0. 0.
  0. 0.]
 [1. 1. 1. 1. 1. 1. 1. 1. 1. 1. 1. 1. 1. 1. 1. 1. 0. 1. 1. 1. 0. 0. 0. 0.
  0. 0. 0. 0. 0. 0. 0. 0. 0. 0. 0. 0. 0. 0. 0. 0. 0. 0. 0. 0. 0. 0. 0. 0.
  0. 0.]
 [0. 0. 0. 0. 0. 1. 0. 1. 1. 1. 0. 0. 0. 0. 1. 1. 1. 1. 1. 1. 0. 0. 0. 0.
  0. 0. 0. 0. 0. 0. 0. 0. 0. 0. 0. 0. 0. 0. 0. 0. 0. 0. 0. 0. 0. 0. 0. 0.
  0. 0.]
 [0. 1. 0. 1. 0. 1. 0. 0. 1. 1. 1. 1. 1. 0. 0. 1. 0. 0. 0. 0. 0. 0. 0. 0.
  0. 0. 0. 0. 0. 0. 0. 0. 0. 0. 0. 0. 0. 0. 0. 0. 0. 0. 0. 0. 0. 0. 0. 0.
  0. 0.]
 [0. 0. 1. 0. 1. 0. 1. 0. 1. 0. 0. 1. 0. 0. 0. 1. 0. 1. 1. 1. 0. 0. 0. 0.
  0. 0. 0. 0. 0. 0. 0. 0. 0. 0. 0. 0. 0. 0. 0. 0. 0. 0. 0. 0. 0. 0. 0. 0.
  0. 0.]
 [1. 0. 1. 1. 0. 0. 0. 0. 1. 1. 1. 0. 0. 0. 0. 1. 1. 0. 0. 0. 0. 0. 0. 0.
  0. 0. 0. 0. 0. 0. 0. 0. 0. 0. 0. 0. 0. 0. 0. 0. 0. 0. 0. 0. 0. 0. 0. 0.
  0. 0.]
 [1. 0. 0. 0. 1. 1. 0. 0. 1. 0. 0. 1. 0. 0. 0. 0. 1. 0. 0. 0. 0. 0. 0. 0.
  0. 0. 0. 0. 0. 0. 0. 0. 0. 0. 0. 0. 0. 0. 0. 0. 0. 0. 0. 0. 0. 0. 0. 0.
  0. 0.]
 [0. 1. 1. 1. 0. 1. 1. 1. 1. 1. 0. 1. 0. 1. 0. 0. 1. 0. 0. 0. 0. 0. 0. 0.
  0. 0. 0. 0. 0. 0. 0. 0. 0. 0. 0. 0. 0. 0. 0. 0. 0. 0. 0. 0. 0. 0. 0. 0.
  0. 0.]
 [0. 0. 0. 0. 0. 1. 0. 1. 0. 0. 1. 0. 0. 0. 1. 0. 0. 0. 1. 1. 0. 0. 0. 0.
  0. 0. 0. 0. 0. 0. 0. 0. 0. 0. 0. 0. 0. 0. 0. 0. 0. 0. 0. 0. 0. 0. 0. 0.
  0. 0.]
 [0. 1. 1. 0. 0. 0. 0. 1. 1. 0. 1. 0. 0. 0. 1. 0. 1. 1. 1. 1. 0. 0. 0. 0.
  0. 0. 0. 0. 0. 0. 0. 0. 0. 0. 0. 0. 0. 0. 0. 0. 0. 0. 0. 0. 0. 0. 0. 0.
  0. 0.]
 [0. 1. 0. 1. 0. 1. 1. 0. 0. 0. 1. 1. 0. 0. 1. 1. 1. 0. 1. 0. 0. 0. 0. 0.
  0. 0. 0. 0. 0. 0. 0. 0. 0. 0. 0. 0. 0. 0. 0. 0. 0. 0. 0. 0. 0. 0. 0. 0.
  0. 0.]
 [0. 0. 0. 1. 1. 0. 0. 1. 0. 0. 1. 1. 0. 1. 1. 0. 0. 0. 0. 1. 0. 0. 0. 0.
  0. 0. 0. 0. 0. 0. 0. 0. 0. 0. 0. 0. 0. 0. 0. 0. 0. 0. 0. 0. 0. 0. 0. 0.
  0. 0.]
 [0. 0. 1. 1. 0. 1. 1. 1. 0. 1. 1. 0. 0. 0. 0. 1. 0. 0. 1. 1. 0. 0. 0. 0.
  0. 0. 0. 0. 0. 0. 0. 0. 0. 0. 0. 0. 0. 0. 0. 0. 0. 0. 0. 0. 0. 0. 0. 0.
  0. 0.]
 [1. 1. 0. 0. 0. 1. 0. 0. 1. 1. 0. 0. 1. 1. 1. 0. 0. 0. 0. 1. 0. 0. 0. 0.
  0. 0. 0. 0. 0. 0. 0. 0. 0. 0. 0. 0. 0. 0. 0. 0. 0. 0. 0. 0. 0. 0. 0. 0.
  0. 0.]
 [1. 0. 0. 0. 0. 0. 1. 0. 1. 1. 1. 1. 1. 1. 1. 1. 0. 1. 1. 1. 0. 0. 0. 0.
  0. 0. 0. 0. 0. 0. 0. 0. 0. 0. 0. 0. 0. 0. 0. 0. 0. 0. 0. 0. 0. 0. 0. 0.
  0. 0.]]
start_times_array: [[3.12170000e+04 3.13440000e+04 3.24940000e+04 3.25900000e+04
  3.26520000e+04 3.32070000e+04 3.32490000e+04 3.33110000e+04
  3.34040000e+04 3.35020000e+04 3.35120000e+04 3.35660000e+04
  3.35790000e+04 3.36160000e+04 3.36770000e+04 3.37690000e+04
  3.38590000e+04 3.39180000e+04 3.39820000e+04 3.40780000e+04]
 [3.22430000e+04 3.23270000e+04 3.24200000e+04 3.24420000e+04
  3.24490000e+04 3.25320000e+04 3.25880000e+04 3.26820000e+04
  3.27340000e+04 3.27400000e+04 3.28250000e+04 3.28630000e+04
  3.29450000e+04 3.29480000e+04 3.30420000e+04 3.30740000e+04
  3.30910000e+04 3.31570000e+04 3.32360000e+04 3.32450000e+04]
 [3.14060000e+04 3.14730000e+04 3.15420000e+04 3.15470000e+04
  3.15610000e+04 3.16140000e+04 3.16260000e+04 3.16430000e+04
  3.17360000e+04 3.17640000e+04 3.18210000e+04 3.18300000e+04
  3.19080000e+04 3.19270000e+04 3.19890000e+04 3.20390000e+04
  3.21240000e+04 3.22460000e+04 3.23030000e+04 3.23980000e+04]
 [3.05010000e+04 3.13280000e+04 3.13440000e+04 3.14280000e+04
  3.14790000e+04 3.15630000e+04 3.15810000e+04 3.16020000e+04
  3.16560000e+04 3.16640000e+04 3.17020000e+04 3.17820000e+04
  3.17860000e+04 3.18670000e+04 3.18930000e+04 3.19410000e+04
  3.19920000e+04 3.20850000e+04 3.21610000e+04 3.21930000e+04]
 [3.65000000e+02 2.77390000e+04 3.04100000e+04 3.04120000e+04
  3.04830000e+04 3.05430000e+04 3.06410000e+04 3.06440000e+04
  3.06700000e+04 3.07300000e+04 3.07870000e+04 3.08420000e+04
  3.08890000e+04 3.09340000e+04 3.09810000e+04 3.10600000e+04
  3.11180000e+04 3.12170000e+04 3.13070000e+04 3.13280000e+04]
 [2.93370000e+04 2.94270000e+04 2.95190000e+04 2.96150000e+04
  2.96590000e+04 2.97470000e+04 2.98260000e+04 2.99040000e+04
  2.99070000e+04 2.99240000e+04 2.99350000e+04 2.99690000e+04
  2.99840000e+04 3.00300000e+04 3.00770000e+04 3.01670000e+04
  3.02250000e+04 3.03200000e+04 3.03530000e+04 3.04100000e+04]
 [2.84720000e+04 2.84970000e+04 2.86310000e+04 2.86480000e+04
  2.87120000e+04 2.87950000e+04 2.88570000e+04 2.89030000e+04
  2.89240000e+04 2.90220000e+04 2.90720000e+04 2.91280000e+04
  2.91850000e+04 2.91890000e+04 2.92550000e+04 2.93100000e+04
  2.93130000e+04 2.93270000e+04 2.93370000e+04 2.93610000e+04]
 [2.48000000e+02 1.90200000e+03 2.68650000e+04 2.69350000e+04
  2.71190000e+04 2.73090000e+04 2.73380000e+04 2.74030000e+04
  2.74220000e+04 2.75070000e+04 2.76860000e+04 2.77300000e+04
  2.78170000e+04 2.81680000e+04 2.82020000e+04 2.82880000e+04
  2.83600000e+04 2.83880000e+04 2.84500000e+04 2.85960000e+04]
 [3.06000000e+03 2.70690000e+04 2.70790000e+04 2.71190000e+04
  2.72150000e+04 2.72610000e+04 2.73090000e+04 2.73830000e+04
  2.74650000e+04 2.75560000e+04 2.76010000e+04 2.76860000e+04
  2.77390000e+04 2.78150000e+04 2.78480000e+04 2.79150000e+04
  2.79780000e+04 2.80220000e+04 2.81040000e+04 2.81550000e+04]
 [3.35300000e+03 2.62370000e+04 2.62530000e+04 2.63160000e+04
  2.63320000e+04 2.64180000e+04 2.64920000e+04 2.65500000e+04
  2.65890000e+04 2.66390000e+04 2.66670000e+04 2.67170000e+04
  2.67850000e+04 2.68240000e+04 2.68300000e+04 2.68650000e+04
  2.68710000e+04 2.68840000e+04 2.69100000e+04 2.69250000e+04]
 [2.49860000e+04 2.50330000e+04 2.51160000e+04 2.51690000e+04
  2.52290000e+04 2.52960000e+04 2.54000000e+04 2.54190000e+04
  2.54700000e+04 2.54840000e+04 2.55320000e+04 2.55890000e+04
  2.56410000e+04 2.57330000e+04 2.57820000e+04 2.58560000e+04
  2.59380000e+04 2.59700000e+04 2.60330000e+04 2.61240000e+04]
 [2.37500000e+04 2.37570000e+04 2.38340000e+04 2.39310000e+04
  2.42810000e+04 2.43010000e+04 2.43570000e+04 2.44230000e+04
  2.44800000e+04 2.45340000e+04 2.45920000e+04 2.46120000e+04
  2.46420000e+04 2.47190000e+04 2.47870000e+04 2.48500000e+04
  2.48560000e+04 2.49190000e+04 2.50100000e+04 2.53740000e+04]
 [2.30900000e+03 2.38260000e+04 2.39070000e+04 2.39400000e+04
  2.39750000e+04 2.40600000e+04 2.40890000e+04 2.40990000e+04
  2.41510000e+04 2.41620000e+04 2.41830000e+04 2.41840000e+04
  2.42800000e+04 2.43250000e+04 2.43560000e+04 2.43990000e+04
  2.44100000e+04 2.44570000e+04 2.44980000e+04 2.45670000e+04]
 [2.27620000e+04 2.27650000e+04 2.28170000e+04 2.28200000e+04
  2.29050000e+04 2.29390000e+04 2.29650000e+04 2.30400000e+04
  2.31320000e+04 2.32150000e+04 2.32230000e+04 2.33020000e+04
  2.33710000e+04 2.34290000e+04 2.34960000e+04 2.34970000e+04
  2.35760000e+04 2.36400000e+04 2.36890000e+04 2.37460000e+04]
 [2.21660000e+04 2.21960000e+04 2.22150000e+04 2.27620000e+04
  2.28060000e+04 2.28080000e+04 2.28250000e+04 2.29070000e+04
  2.29210000e+04 2.30030000e+04 2.30980000e+04 2.31230000e+04
  2.31900000e+04 2.32650000e+04 2.33060000e+04 2.33980000e+04
  2.34010000e+04 2.34070000e+04 2.34290000e+04 2.34630000e+04]
 [1.09500000e+03 2.20010000e+04 2.20630000e+04 2.21120000e+04
  2.21210000e+04 2.21660000e+04 2.22640000e+04 2.22870000e+04
  2.23300000e+04 2.23650000e+04 2.24070000e+04 2.24950000e+04
  2.25140000e+04 2.25170000e+04 2.25250000e+04 2.26210000e+04
  2.26480000e+04 2.26780000e+04 2.27150000e+04 2.27340000e+04]
 [4.68000000e+02 2.16020000e+04 2.16660000e+04 2.17410000e+04
  2.17610000e+04 2.18600000e+04 2.19450000e+04 2.20010000e+04
  2.20990000e+04 2.21340000e+04 2.22040000e+04 2.22480000e+04
  2.22640000e+04 2.22890000e+04 2.22950000e+04 2.23050000e+04
  2.23280000e+04 2.23360000e+04 2.24340000e+04 2.24590000e+04]
 [2.11010000e+04 2.11020000e+04 2.11260000e+04 2.11690000e+04
  2.11740000e+04 2.12050000e+04 2.12590000e+04 2.12600000e+04
  2.13070000e+04 2.13740000e+04 2.14360000e+04 2.14600000e+04
  2.14960000e+04 2.15900000e+04 2.16060000e+04 2.16140000e+04
  2.17770000e+04 2.17930000e+04 2.18110000e+04 2.18600000e+04]
 [2.02120000e+04 2.03090000e+04 2.03980000e+04 2.04690000e+04
  2.05560000e+04 2.06340000e+04 2.07190000e+04 2.07370000e+04
  2.07560000e+04 2.07760000e+04 2.08720000e+04 2.09220000e+04
  2.09880000e+04 2.10410000e+04 2.11110000e+04 2.11590000e+04
  2.11980000e+04 2.12390000e+04 2.14600000e+04 2.15510000e+04]
 [2.02120000e+04 2.03090000e+04 2.03380000e+04 2.03630000e+04
  2.04310000e+04 2.04490000e+04 2.04960000e+04 2.05780000e+04
  2.06130000e+04 2.06410000e+04 2.06500000e+04 2.06950000e+04
  2.07550000e+04 2.08190000e+04 2.08510000e+04 2.08670000e+04
  2.08930000e+04 2.09400000e+04 2.09730000e+04 2.10620000e+04]
 [1.89680000e+04 1.90470000e+04 1.91090000e+04 1.91340000e+04
  1.94200000e+04 1.94240000e+04 1.94380000e+04 1.94790000e+04
  1.94870000e+04 1.95780000e+04 1.96480000e+04 1.96750000e+04
  1.97650000e+04 1.98380000e+04 1.98970000e+04 1.99180000e+04
  1.99850000e+04 2.00620000e+04 2.01170000e+04 2.01710000e+04]
 [2.77665876e-01 2.36000000e+02 3.00000000e+02 3.74000000e+02
  4.55000000e+02 5.15000000e+02 1.88610000e+04 1.89240000e+04
  1.89680000e+04 1.89950000e+04 1.90520000e+04 1.90670000e+04
  1.91000000e+04 1.91160000e+04 1.91540000e+04 1.91550000e+04
  1.92160000e+04 1.92270000e+04 1.92830000e+04 1.93480000e+04]
 [3.64000000e+02 4.12000000e+02 1.80200000e+04 1.80270000e+04
  1.82170000e+04 1.82760000e+04 1.83410000e+04 1.83420000e+04
  1.84070000e+04 1.84150000e+04 1.84340000e+04 1.84650000e+04
  1.85220000e+04 1.85890000e+04 1.86460000e+04 1.87400000e+04
  1.87720000e+04 1.88210000e+04 1.88520000e+04 1.89245980e+04]
 [5.27987977e+01 1.73580000e+04 1.73690000e+04 1.75530000e+04
  1.76030000e+04 1.76420000e+04 1.78190000e+04 1.78770000e+04
  1.79590000e+04 1.79640000e+04 1.79970000e+04 1.80780000e+04
  1.81710000e+04 1.82170000e+04 1.82400000e+04 1.83200000e+04
  1.83440000e+04 1.83570000e+04 1.83670000e+04 1.84030000e+04]
 [1.47410000e+04 1.53510000e+04 1.53830000e+04 1.54200000e+04
  1.54330000e+04 1.61160000e+04 1.61220000e+04 1.61960000e+04
  1.62790000e+04 1.74710000e+04 1.75310000e+04 1.75430000e+04
  1.76330000e+04 1.76920000e+04 1.77240000e+04 1.77960000e+04
  1.78720000e+04 1.79590000e+04 1.79840000e+04 1.80070000e+04]
 [0.00000000e+00 9.80000000e+01 4.12000000e+02 4.62000000e+02
  4.87000000e+02 1.68110000e+04 1.68710000e+04 1.69240000e+04
  1.69420000e+04 1.70330000e+04 1.71000000e+04 1.71590000e+04
  1.72400000e+04 1.72480000e+04 1.72640000e+04 1.73580000e+04
  1.74520000e+04 1.74990000e+04 1.75250000e+04 1.75980000e+04]
 [1.43490000e+04 1.44550000e+04 1.45290000e+04 1.46220000e+04
  1.46590000e+04 1.47410000e+04 1.48280000e+04 1.48680000e+04
  1.48740000e+04 1.49440000e+04 1.50270000e+04 1.51130000e+04
  1.52060000e+04 1.52830000e+04 1.62270000e+04 1.62920000e+04
  1.63130000e+04 1.63960000e+04 1.64540000e+04 1.65490000e+04]
 [2.20000000e+01 2.90000000e+01 1.61000000e+02 3.74000000e+02
  4.88000000e+02 5.88000000e+02 1.52430000e+04 1.52510000e+04
  1.52830000e+04 1.53460000e+04 1.53510000e+04 1.53780000e+04
  1.54680000e+04 1.55000000e+04 1.55150000e+04 1.55670000e+04
  1.56300000e+04 1.56410000e+04 1.57370000e+04 1.57620000e+04]
 [2.40000000e+01 1.42020000e+04 1.42750000e+04 1.43080000e+04
  1.43810000e+04 1.44000000e+04 1.44480000e+04 1.44550000e+04
  1.45290000e+04 1.46060000e+04 1.46540000e+04 1.46590000e+04
  1.47060000e+04 1.47440000e+04 1.48170000e+04 1.49000000e+04
  1.49240000e+04 1.50040000e+04 1.50840000e+04 1.51250000e+04]
 [1.36000000e+02 1.21100000e+04 1.21440000e+04 1.22970000e+04
  1.38500000e+04 1.38810000e+04 1.39610000e+04 1.40200000e+04
  1.40730000e+04 1.40970000e+04 1.41150000e+04 1.41520000e+04
  1.42770000e+04 1.43490000e+04 1.44220000e+04 1.44280000e+04
  1.45140000e+04 1.45310000e+04 1.45440000e+04 1.46330000e+04]
 [2.66000000e+02 1.33860000e+04 1.34850000e+04 1.35200000e+04
  1.35750000e+04 1.36420000e+04 1.36960000e+04 1.37110000e+04
  1.37360000e+04 1.37380000e+04 1.37980000e+04 1.38330000e+04
  1.38470000e+04 1.38610000e+04 1.38980000e+04 1.39800000e+04
  1.40170000e+04 1.40640000e+04 1.40920000e+04 1.41290000e+04]
 [2.90000000e+01 9.70000000e+01 1.17720000e+04 1.18400000e+04
  1.18530000e+04 1.19510000e+04 1.20180000e+04 1.20760000e+04
  1.30270000e+04 1.30890000e+04 1.31000000e+04 1.31990000e+04
  1.32740000e+04 1.33150000e+04 1.33380000e+04 1.33510000e+04
  1.33860000e+04 1.34590000e+04 1.34940000e+04 1.35650000e+04]
 [1.22000000e+02 2.09000000e+02 3.74000000e+02 1.13330000e+04
  1.14000000e+04 1.14910000e+04 1.15620000e+04 1.16100000e+04
  1.22850000e+04 1.22970000e+04 1.23920000e+04 1.24780000e+04
  1.25490000e+04 1.25680000e+04 1.26170000e+04 1.26800000e+04
  1.27460000e+04 1.28150000e+04 1.28880000e+04 1.29750000e+04]
 [2.60000000e+01 9.50000000e+01 9.80000000e+01 1.76798798e+02
  1.13410000e+04 1.13980000e+04 1.14530000e+04 1.14890000e+04
  1.15840000e+04 1.16470000e+04 1.17250000e+04 1.17970000e+04
  1.18250000e+04 1.18780000e+04 1.18880000e+04 1.19740000e+04
  1.19870000e+04 1.20400000e+04 1.20540000e+04 1.20580000e+04]
 [2.80000000e+01 1.17798798e+02 1.03830000e+04 1.04670000e+04
  1.05170000e+04 1.06080000e+04 1.07010000e+04 1.07540000e+04
  1.08100000e+04 1.08400000e+04 1.09380000e+04 1.09910000e+04
  1.10650000e+04 1.11250000e+04 1.11710000e+04 1.12280000e+04
  1.12510000e+04 1.12780000e+04 1.13270000e+04 1.13810000e+04]
 [9.20600000e+03 9.30500000e+03 9.38700000e+03 9.39000000e+03
  9.45100000e+03 9.54300000e+03 9.61000000e+03 9.67600000e+03
  1.03210000e+04 1.03830000e+04 1.04240000e+04 1.06830000e+04
  1.06920000e+04 1.07480000e+04 1.08280000e+04 1.09180000e+04
  1.09860000e+04 1.10670000e+04 1.11250000e+04 1.12110000e+04]
 [3.74000000e+02 6.70100000e+03 9.81700000e+03 9.84000000e+03
  9.90400000e+03 9.92900000e+03 9.97300000e+03 9.98800000e+03
  1.00050000e+04 1.01010000e+04 1.01650000e+04 1.02360000e+04
  1.02580000e+04 1.03450000e+04 1.04180000e+04 1.04900000e+04
  1.04980000e+04 1.05650000e+04 1.06570000e+04 1.07180000e+04]
 [8.83900000e+03 8.93100000e+03 8.97800000e+03 9.07300000e+03
  9.12800000e+03 9.20600000e+03 9.26400000e+03 9.30000000e+03
  9.30100000e+03 9.32400000e+03 9.39500000e+03 9.44200000e+03
  9.51800000e+03 9.55200000e+03 9.64700000e+03 9.67200000e+03
  9.67600000e+03 9.76700000e+03 9.78900000e+03 9.84000000e+03]
 [0.00000000e+00 5.70000000e+01 1.18000000e+02 1.57000000e+02
  7.98100000e+03 8.04100000e+03 8.13100000e+03 8.18500000e+03
  8.18700000e+03 8.27000000e+03 8.34300000e+03 8.37900000e+03
  8.44700000e+03 8.54600000e+03 8.61400000e+03 8.67500000e+03
  8.75100000e+03 8.83900000e+03 8.85400000e+03 8.95000000e+03]
 [6.30638476e+01 1.26388443e+02 6.26500000e+03 6.36400000e+03
  6.39400000e+03 6.46700000e+03 6.52300000e+03 6.56200000e+03
  6.57100000e+03 6.65100000e+03 7.42300000e+03 7.49700000e+03
  7.50300000e+03 7.55800000e+03 7.59700000e+03 7.63600000e+03
  7.67800000e+03 7.75600000e+03 7.79300000e+03 7.85900000e+03]
 [0.00000000e+00 5.94700000e+03 6.03000000e+03 6.11300000e+03
  6.26300000e+03 6.29700000e+03 6.34200000e+03 6.42000000e+03
  6.43300000e+03 6.49200000e+03 6.58500000e+03 6.60100000e+03
  6.68600000e+03 6.76200000e+03 6.81600000e+03 6.90700000e+03
  7.00000000e+03 7.01300000e+03 7.06900000e+03 7.07900000e+03]
 [0.00000000e+00 2.60000000e+01 9.50000000e+01 5.89400000e+03
  5.93800000e+03 5.94700000e+03 5.97500000e+03 6.04500000e+03
  6.14000000e+03 6.18000000e+03 6.20000000e+03 6.26300000e+03
  6.30700000e+03 6.37000000e+03 6.44300000e+03 6.50200000e+03
  6.58400000e+03 6.62500000e+03 6.77800000e+03 6.86700000e+03]
 [5.01500000e+03 5.07900000e+03 5.16800000e+03 5.23000000e+03
  5.26000000e+03 5.27300000e+03 5.33700000e+03 5.37900000e+03
  5.41800000e+03 5.50700000e+03 5.59600000e+03 5.65300000e+03
  5.71500000e+03 5.81400000e+03 5.86900000e+03 5.90900000e+03
  6.00300000e+03 6.02800000e+03 6.14000000e+03 6.14400000e+03]
 [6.80000000e+01 4.41100000e+03 4.51000000e+03 4.52600000e+03
  4.57200000e+03 4.64400000e+03 4.68400000e+03 4.73200000e+03
  4.74700000e+03 4.76100000e+03 4.77600000e+03 4.81500000e+03
  4.83200000e+03 4.88400000e+03 4.92700000e+03 4.93600000e+03
  5.00900000e+03 5.01500000e+03 5.08000000e+03 6.16700000e+03]
 [0.00000000e+00 1.90000000e+01 3.37800000e+03 3.45800000e+03
  3.50600000e+03 3.58500000e+03 3.65600000e+03 3.68500000e+03
  3.69900000e+03 3.71800000e+03 3.74500000e+03 3.83700000e+03
  3.93400000e+03 4.03300000e+03 4.10700000e+03 4.17600000e+03
  4.19600000e+03 4.23600000e+03 4.27700000e+03 4.37200000e+03]
 [1.10000000e+01 9.10000000e+01 2.00400000e+03 2.07800000e+03
  2.11800000e+03 2.23800000e+03 2.66400000e+03 2.69000000e+03
  2.74500000e+03 2.75400000e+03 2.84600000e+03 2.91300000e+03
  3.01200000e+03 3.06000000e+03 3.08000000e+03 3.16700000e+03
  3.22200000e+03 3.28700000e+03 3.35300000e+03 3.36300000e+03]
 [8.70000000e+01 3.74000000e+02 4.63000000e+02 5.84000000e+02
  6.73000000e+02 7.46000000e+02 7.58000000e+02 2.36100000e+03
  2.41800000e+03 2.45600000e+03 2.47300000e+03 2.53700000e+03
  2.61700000e+03 2.66400000e+03 2.74500000e+03 2.84400000e+03
  2.91600000e+03 2.94700000e+03 2.99900000e+03 3.04800000e+03]
 [9.10000000e+01 7.12000000e+02 1.63100000e+03 1.64200000e+03
  1.74100000e+03 1.80600000e+03 1.92000000e+03 2.01500000e+03
  2.06200000e+03 2.07000000e+03 2.14000000e+03 2.20000000e+03
  2.23800000e+03 2.30900000e+03 2.37900000e+03 2.47700000e+03
  2.53400000e+03 2.53800000e+03 2.56900000e+03 2.64200000e+03]
 [0.00000000e+00 9.43000000e+02 9.69000000e+02 1.08500000e+03
  1.16200000e+03 1.25100000e+03 1.33300000e+03 1.42700000e+03
  1.46800000e+03 1.55700000e+03 1.63100000e+03 1.72600000e+03
  1.77000000e+03 1.83000000e+03 1.91800000e+03 1.97900000e+03
  2.07800000e+03 2.11400000e+03 2.16500000e+03 2.20600000e+03]
 [0.00000000e+00 1.60000000e+01 8.70000000e+01 1.36000000e+02
  1.61000000e+02 2.23000000e+02 3.21000000e+02 3.84000000e+02
  4.63000000e+02 4.92000000e+02 5.74000000e+02 6.58000000e+02
  7.34000000e+02 8.19000000e+02 8.37000000e+02 9.15000000e+02
  9.33000000e+02 1.02000000e+03 1.08500000e+03 1.11100000e+03]]
