optimal_status: 0
solution: 6598.0
cpu_time: 3600.779371023178
gap: 0.794592235015534
upper_bound: 1355.2804333675067
lower_bound: 6598.0
cg_matrix: [[0. 0. 0. 0. 0. 0. 1. 0. 1. 0. 0. 0. 1. 0. 0. 0. 0. 1. 0. 1. 0. 1. 1. 0.
  0. 0. 0. 0. 0. 0.]
 [0. 0. 1. 0. 0. 0. 0. 0. 0. 0. 0. 0. 1. 0. 0. 0. 0. 0. 0. 0. 0. 0. 0. 1.
  0. 0. 0. 0. 0. 0.]
 [0. 1. 0. 0. 0. 1. 0. 0. 1. 1. 0. 0. 1. 0. 0. 1. 0. 0. 0. 0. 0. 0. 0. 0.
  0. 0. 1. 0. 0. 0.]
 [0. 0. 0. 0. 1. 0. 0. 0. 1. 0. 0. 0. 0. 0. 0. 0. 0. 0. 0. 0. 0. 0. 0. 0.
  0. 0. 0. 0. 1. 0.]
 [0. 0. 0. 1. 0. 0. 0. 0. 0. 0. 0. 1. 1. 0. 0. 0. 0. 1. 1. 0. 0. 0. 0. 0.
  0. 0. 0. 0. 0. 0.]
 [0. 0. 1. 0. 0. 0. 0. 0. 0. 0. 0. 1. 0. 0. 1. 1. 0. 1. 0. 1. 1. 0. 0. 0.
  0. 1. 1. 0. 0. 0.]
 [1. 0. 0. 0. 0. 0. 0. 0. 0. 0. 0. 0. 1. 0. 0. 1. 0. 1. 0. 0. 1. 0. 0. 0.
  1. 0. 0. 0. 1. 0.]
 [0. 0. 0. 0. 0. 0. 0. 0. 1. 0. 0. 0. 0. 0. 0. 0. 0. 1. 1. 0. 1. 1. 0. 1.
  0. 0. 0. 0. 0. 1.]
 [1. 0. 1. 1. 0. 0. 0. 1. 0. 0. 0. 1. 0. 1. 1. 0. 0. 0. 0. 1. 0. 1. 0. 0.
  1. 0. 0. 0. 0. 0.]
 [0. 0. 1. 0. 0. 0. 0. 0. 0. 0. 0. 0. 0. 1. 0. 1. 0. 0. 0. 0. 0. 0. 0. 1.
  0. 0. 0. 0. 1. 0.]
 [0. 0. 0. 0. 0. 0. 0. 0. 0. 0. 0. 0. 1. 0. 0. 1. 0. 0. 0. 0. 0. 1. 0. 0.
  0. 0. 0. 0. 0. 1.]
 [0. 0. 0. 0. 1. 1. 0. 0. 1. 0. 0. 0. 1. 1. 0. 0. 0. 1. 0. 0. 1. 0. 0. 0.
  0. 0. 1. 0. 0. 0.]
 [1. 1. 1. 0. 1. 0. 1. 0. 0. 0. 1. 1. 0. 0. 1. 0. 0. 1. 0. 0. 0. 0. 0. 0.
  0. 0. 0. 0. 0. 0.]
 [0. 0. 0. 0. 0. 0. 0. 0. 1. 1. 0. 1. 0. 0. 0. 0. 0. 1. 1. 1. 0. 0. 0. 0.
  0. 1. 0. 0. 0. 0.]
 [0. 0. 0. 0. 0. 1. 0. 0. 1. 0. 0. 0. 1. 0. 0. 1. 0. 1. 0. 1. 1. 0. 0. 1.
  0. 0. 0. 0. 0. 0.]
 [0. 0. 1. 0. 0. 1. 1. 0. 0. 1. 1. 0. 0. 0. 1. 0. 1. 0. 1. 0. 0. 0. 0. 0.
  0. 0. 0. 1. 0. 0.]
 [0. 0. 0. 0. 0. 0. 0. 0. 0. 0. 0. 0. 0. 0. 0. 1. 0. 0. 1. 0. 0. 0. 0. 0.
  0. 0. 0. 1. 0. 0.]
 [1. 0. 0. 0. 1. 1. 1. 1. 0. 0. 0. 1. 1. 1. 1. 0. 0. 0. 0. 1. 0. 0. 1. 0.
  0. 0. 0. 0. 1. 0.]
 [0. 0. 0. 0. 1. 0. 0. 1. 0. 0. 0. 0. 0. 1. 0. 1. 1. 0. 0. 0. 1. 0. 0. 0.
  0. 0. 0. 0. 0. 1.]
 [1. 0. 0. 0. 0. 1. 0. 0. 1. 0. 0. 0. 0. 1. 1. 0. 0. 1. 0. 0. 0. 0. 0. 0.
  1. 1. 0. 0. 0. 0.]
 [0. 0. 0. 0. 0. 1. 1. 1. 0. 0. 0. 1. 0. 0. 1. 0. 0. 0. 1. 0. 0. 0. 0. 0.
  0. 0. 0. 0. 0. 0.]
 [1. 0. 0. 0. 0. 0. 0. 1. 1. 0. 1. 0. 0. 0. 0. 0. 0. 0. 0. 0. 0. 0. 0. 0.
  0. 0. 0. 0. 0. 0.]
 [1. 0. 0. 0. 0. 0. 0. 0. 0. 0. 0. 0. 0. 0. 0. 0. 0. 1. 0. 0. 0. 0. 0. 0.
  0. 0. 0. 0. 0. 0.]
 [0. 1. 0. 0. 0. 0. 0. 1. 0. 1. 0. 0. 0. 0. 1. 0. 0. 0. 0. 0. 0. 0. 0. 0.
  0. 0. 0. 0. 0. 0.]
 [0. 0. 0. 0. 0. 0. 1. 0. 1. 0. 0. 0. 0. 0. 0. 0. 0. 0. 0. 1. 0. 0. 0. 0.
  0. 0. 0. 0. 0. 0.]
 [0. 0. 0. 0. 0. 1. 0. 0. 0. 0. 0. 0. 0. 1. 0. 0. 0. 0. 0. 1. 0. 0. 0. 0.
  0. 0. 0. 0. 0. 0.]
 [0. 0. 1. 0. 0. 1. 0. 0. 0. 0. 0. 1. 0. 0. 0. 0. 0. 0. 0. 0. 0. 0. 0. 0.
  0. 0. 0. 0. 0. 0.]
 [0. 0. 0. 0. 0. 0. 0. 0. 0. 0. 0. 0. 0. 0. 0. 1. 1. 0. 0. 0. 0. 0. 0. 0.
  0. 0. 0. 0. 0. 0.]
 [0. 0. 0. 1. 0. 0. 1. 0. 0. 1. 0. 0. 0. 0. 0. 0. 0. 1. 0. 0. 0. 0. 0. 0.
  0. 0. 0. 0. 0. 0.]
 [0. 0. 0. 0. 0. 0. 0. 1. 0. 0. 1. 0. 0. 0. 0. 0. 0. 0. 1. 0. 0. 0. 0. 0.
  0. 0. 0. 0. 0. 0.]]
start_times_array: [[ 286.          524.          605.          761.         1026.
  1069.         1293.         1423.         1693.         2266.
  2539.         2959.         3290.         3750.         4074.
  4393.         5085.         5499.         5732.         6194.        ]
 [  67.          150.         1033.         1251.         1409.
  1502.         2227.         2474.         2710.         3086.
  3319.         3582.         3745.         4200.         4440.
  4581.         4731.         5238.         5696.         6329.        ]
 [  19.          286.          765.         1731.         1756.
  2128.         2557.         2999.         3210.         3241.
  3631.         4128.         5078.         5511.         5812.
  6254.         6304.         6413.         6505.         6556.        ]
 [ 119.          169.          706.          860.         1645.
  1735.         2110.         2322.         2685.         3313.
  3405.         3682.         4460.         4975.         5128.
  5526.         5780.         5907.         6337.         6500.        ]
 [ 461.          824.          974.         1245.         2035.
  2802.         3533.         3995.         4123.         4444.
  4862.         5074.         5120.         5125.         5176.
  5186.         5436.         5873.         6088.         6185.        ]
 [ 254.          949.         1124.         1385.         1606.
  1792.         1903.         2227.         2498.         2653.
  2919.         3385.         3728.         4044.         4468.
  5053.         5276.         5540.         6095.         6506.        ]
 [ 106.          382.          733.         1086.         1245.
  1489.         1508.         1606.         2071.         2776.
  2847.         3365.         3680.         3918.         5013.
  5185.         5436.         5596.         5780.         6337.        ]
 [ 286.          591.          895.         1265.         1642.
  1985.         2498.         2607.         2609.         3175.
  3686.         3973.         4089.         4469.         4755.
  5086.         5451.         5712.         6364.         6582.        ]
 [ 493.          780.         1144.         1550.         1777.
  2384.         2788.         3129.         3277.         3451.
  4018.         4060.         4200.         4204.         4631.
  4897.         5347.         5623.         6033.         6059.        ]
 [  16.         1315.         2362.         3114.         3384.
  3519.         3903.         4054.         4310.         4377.
  4567.         4977.00001634 4987.00001634 5262.         5423.
  5908.         6020.         6056.         6325.         6586.        ]
 [ 958.         1070.         1433.         1826.         1862.
  2212.         2759.         2919.         2923.         3293.
  3473.         3499.         3702.         4010.         4347.
  4746.         4804.         5474.         5763.         6053.        ]
 [ 287.          385.          714.          896.         1452.
  2520.         2736.         3056.         3304.         3844.
  4352.         4787.         4952.         5097.         5223.
  5712.         5929.         6312.         6363.         6572.        ]
 [ 196.          570.          638.         1124.         1319.
  1386.         1565.         1652.         2384.         2650.
  3175.         3277.         3388.         3418.         3599.
  4252.         4489.         5276.         5620.         5955.        ]
 [1049.         1080.         1252.         1698.         2143.
  2613.         2892.         2943.         3251.         3543.
  3645.         4077.         4496.         4713.         5049.00001634
  5141.         5465.         5493.         5810.         6495.        ]
 [ 297.          728.         1025.         1468.         2071.
  2292.         2638.         2847.         3301.         3903.
  4405.         4589.         4738.         5109.         5437.
  5787.         5815.         5863.         6037.         6365.        ]
 [ 391.          899.         1153.         1666.         1979.
  2527.         2689.         3031.         3449.         3502.
  3825.         4200.         4452.         4653.         4678.
  5187.         5355.         5666.         6185.         6449.        ]
 [ 505.         1074.         1224.         1260.         1411.
  1609.         1826.         2336.         2746.         2851.
  3209.         3512.         3912.         4069.         4319.
  4568.         4684.         5094.         5773.         6095.        ]
 [  42.          391.          851.         1153.         1550.
  1830.         2065.         2402.         3124.         3446.
  3783.         4170.         4629.         4861.         4964.
  4974.         5273.         5347.         5696.         5908.        ]
 [ 196.          551.          669.          755.         1004.
  1414.         2227.         2317.         2567.         2757.
  2896.         3379.         3599.         3755.         4351.
  4979.00001634 5262.         5576.         5764.         6003.        ]
 [ 106.          119.          461.          568.          879.
  1324.         1508.         1862.         1905.         2701.
  3190.         3587.         3832.         4282.         4447.
  4567.         4801.         5185.         5942.         6271.        ]
 [  87.          500.         1237.         1512.         2155.
  2384.         2999.         3017.         3271.         3513.
  3825.         4161.         4235.         4274.         4879.
  5150.         5378.         5526.         5620.         6218.        ]
 [   0.          669.         1221.         1255.         1355.
  1891.         2150.         2676.         2933.         3364.
  3865.         4244.         4523.         4987.         5188.
  5262.         5622.         5862.         5922.         6146.        ]
 [   0.          106.          141.         1326.         1993.
  2203.         2672.         2833.         3379.         3593.
  3965.         4713.         4839.         4847.         4930.
  5173.         5596.         5649.         5992.         6105.        ]
 [   0.           14.         1576.         1584.         1733.
  2508.         2676.         2691.         2700.         2919.
  3811.         4138.         4661.         4859.         5310.
  5603.         5833.         5965.         6462.         6548.        ]
 [   0.           48.          241.          359.          524.
  1396.         2287.         2986.         3743.         4135.
  4244.         4432.         4727.         4768.         5085.
  5133.         5499.         6146.         6260.         6541.        ]
 [ 493.          781.         1039.         1207.         1220.
  1445.         2361.         2432.         2788.         2879.
  3086.         3446.         3898.         4352.         4894.
  5344.         5671.         6033.         6162.         6567.        ]
 [ 618.          860.          862.         1104.         1281.
  1813.         2044.         2613.         3124.         3467.
  3968.         4616.         4678.         4705.         4733.
  4981.         5169.         5620.         5855.         6162.        ]
 [ 937.         1532.         1576.         1806.         1905.
  2270.         2663.         3102.         3190.         3364.
  3939.         4171.         4581.         4901.         5040.
  5629.         6000.         6363.         6438.         6596.        ]
 [ 253.         1281.         2178.         2587.         3031.
  3207.         3757.         3995.         4018.         4353.
  4713.         4862.         5342.         5510.         5709.
  5968.         6072.         6113.         6119.         6436.        ]
 [   0.          109.          462.          714.          825.
  1378.         1535.         1923.         2441.         2705.
  3157.         3505.         3879.         3939.         4196.
  4447.         5136.         5378.         5826.         6492.        ]]
