optimal_status: 0
solution: 68481.0
cpu_time: 3600.1846010684967
gap: 0.9709497936728847
upper_bound: 1989.3871794871811
lower_bound: 68481.0
cg_matrix: [[0. 0. 1. 0. 0. 1. 0. 1. 0. 1. 1. 1. 1. 1. 0. 1. 1. 0. 0. 0. 1. 1. 1. 0.
  1. 1. 1. 1. 0. 1. 0. 1. 1. 1. 1. 0. 0. 1. 0. 1. 0. 1. 1. 0. 0. 1. 1. 0.
  1. 1. 0. 0. 1. 0. 0. 1. 1. 0. 0. 0. 0. 0. 0. 1. 0. 1. 0. 1. 0. 1. 1. 1.
  1. 0. 1. 0. 1. 0. 1. 1. 0. 1. 0. 0. 1. 0. 1. 0. 0. 1. 1. 1. 1. 1. 0. 1.
  1. 1. 1. 1.]
 [0. 0. 1. 1. 0. 0. 0. 1. 0. 1. 0. 0. 0. 0. 0. 0. 0. 0. 0. 0. 0. 0. 0. 0.
  0. 0. 0. 1. 0. 1. 0. 1. 0. 1. 0. 0. 1. 0. 0. 1. 1. 1. 0. 1. 0. 0. 1. 1.
  0. 1. 0. 0. 0. 1. 0. 1. 0. 0. 1. 1. 0. 1. 1. 1. 1. 1. 0. 0. 0. 1. 0. 1.
  0. 0. 1. 0. 0. 0. 0. 0. 1. 0. 0. 1. 0. 1. 0. 0. 0. 1. 0. 0. 1. 1. 1. 0.
  0. 0. 1. 0.]
 [1. 1. 0. 1. 0. 0. 1. 1. 0. 0. 0. 0. 1. 1. 1. 0. 0. 0. 1. 1. 1. 1. 0. 1.
  0. 0. 0. 1. 1. 1. 1. 0. 1. 0. 1. 1. 0. 0. 1. 0. 1. 1. 1. 0. 0. 1. 0. 1.
  1. 0. 0. 1. 1. 1. 1. 0. 0. 0. 1. 1. 1. 1. 1. 1. 1. 0. 0. 1. 1. 1. 1. 0.
  0. 0. 1. 1. 1. 1. 0. 0. 1. 1. 1. 1. 1. 0. 0. 0. 1. 1. 0. 1. 0. 1. 1. 0.
  1. 0. 1. 1.]
 [0. 1. 1. 0. 0. 1. 1. 0. 1. 0. 1. 0. 1. 0. 1. 1. 0. 1. 1. 0. 0. 0. 0. 0.
  0. 1. 1. 1. 1. 1. 1. 0. 1. 0. 0. 0. 1. 1. 1. 0. 1. 1. 1. 0. 0. 0. 0. 1.
  0. 0. 0. 1. 0. 1. 0. 0. 1. 0. 1. 1. 0. 1. 1. 0. 1. 1. 1. 0. 1. 1. 1. 0.
  1. 1. 0. 1. 0. 0. 0. 1. 0. 0. 0. 0. 0. 1. 1. 0. 1. 1. 0. 1. 1. 1. 0. 0.
  0. 1. 1. 0.]
 [0. 0. 0. 0. 0. 1. 0. 0. 1. 0. 1. 1. 1. 0. 1. 0. 1. 0. 1. 0. 1. 0. 0. 0.
  1. 0. 0. 0. 1. 1. 1. 0. 0. 1. 0. 0. 0. 1. 1. 1. 0. 1. 1. 1. 1. 0. 0. 1.
  0. 0. 1. 0. 1. 1. 0. 0. 0. 0. 0. 0. 0. 1. 0. 0. 1. 0. 0. 0. 1. 1. 0. 1.
  1. 1. 1. 0. 0. 1. 0. 0. 1. 0. 1. 1. 0. 0. 0. 1. 1. 0. 1. 1. 0. 0. 0. 1.
  0. 0. 1. 1.]
 [1. 0. 0. 1. 1. 0. 1. 1. 1. 0. 1. 1. 0. 1. 1. 1. 0. 0. 1. 0. 1. 1. 1. 1.
  1. 0. 0. 1. 0. 1. 1. 0. 0. 1. 1. 0. 1. 0. 1. 0. 0. 1. 1. 0. 1. 1. 1. 1.
  0. 1. 1. 1. 0. 0. 1. 1. 0. 1. 0. 0. 1. 0. 0. 1. 1. 1. 1. 0. 1. 1. 0. 1.
  1. 0. 0. 1. 0. 0. 0. 0. 0. 1. 0. 1. 0. 1. 0. 1. 1. 1. 0. 0. 0. 0. 1. 1.
  1. 0. 0. 1.]
 [0. 0. 1. 1. 0. 1. 0. 0. 1. 0. 1. 1. 1. 0. 0. 0. 1. 1. 0. 0. 1. 0. 0. 1.
  0. 0. 0. 0. 1. 0. 0. 0. 1. 1. 1. 0. 1. 1. 1. 1. 0. 1. 0. 0. 1. 0. 1. 1.
  0. 1. 1. 1. 1. 0. 0. 0. 0. 1. 0. 1. 1. 1. 1. 1. 1. 1. 1. 0. 0. 1. 1. 0.
  0. 1. 1. 1. 1. 0. 1. 1. 0. 1. 1. 0. 0. 1. 0. 0. 0. 0. 0. 1. 1. 0. 0. 0.
  0. 0. 1. 1.]
 [1. 1. 1. 0. 0. 1. 0. 0. 1. 1. 1. 0. 0. 1. 0. 0. 1. 1. 1. 1. 0. 1. 0. 1.
  0. 0. 0. 1. 0. 0. 1. 0. 0. 0. 0. 1. 1. 0. 1. 0. 0. 0. 1. 1. 1. 1. 0. 1.
  1. 1. 1. 1. 0. 0. 1. 0. 1. 0. 1. 1. 0. 1. 1. 1. 1. 1. 1. 0. 1. 1. 0. 0.
  1. 0. 0. 0. 1. 0. 1. 0. 1. 1. 0. 0. 1. 0. 0. 1. 1. 1. 1. 0. 1. 0. 0. 1.
  0. 0. 0. 1.]
 [0. 0. 0. 1. 1. 1. 1. 1. 0. 1. 0. 1. 1. 0. 1. 1. 0. 0. 1. 0. 0. 1. 0. 0.
  1. 0. 1. 1. 0. 0. 0. 1. 1. 1. 1. 0. 1. 0. 0. 1. 0. 1. 1. 1. 1. 1. 0. 1.
  1. 1. 0. 1. 0. 1. 1. 1. 0. 0. 1. 1. 0. 1. 1. 1. 1. 0. 1. 1. 1. 0. 1. 1.
  0. 1. 1. 1. 1. 1. 0. 0. 0. 1. 1. 1. 1. 0. 0. 0. 0. 0. 1. 1. 0. 0. 0. 0.
  1. 1. 0. 1.]
 [1. 1. 0. 0. 0. 0. 0. 1. 1. 0. 1. 1. 1. 0. 1. 0. 1. 0. 0. 1. 0. 1. 1. 1.
  1. 0. 0. 1. 0. 1. 1. 1. 0. 1. 0. 1. 0. 0. 1. 0. 0. 1. 1. 1. 1. 1. 1. 1.
  0. 0. 1. 0. 0. 1. 0. 1. 1. 0. 0. 0. 0. 0. 1. 0. 1. 1. 0. 0. 1. 1. 0. 1.
  1. 1. 0. 0. 0. 0. 0. 0. 1. 0. 1. 0. 1. 0. 0. 0. 1. 1. 0. 1. 1. 0. 0. 1.
  1. 0. 0. 0.]
 [1. 0. 0. 1. 1. 1. 1. 1. 0. 1. 0. 0. 1. 0. 1. 0. 0. 1. 1. 0. 0. 1. 0. 1.
  1. 0. 1. 1. 1. 1. 0. 0. 1. 0. 0. 1. 1. 1. 0. 1. 0. 1. 0. 0. 0. 0. 0. 1.
  0. 1. 0. 1. 1. 1. 0. 1. 1. 1. 0. 0. 0. 1. 1. 1. 1. 1. 1. 1. 0. 0. 1. 0.
  0. 0. 1. 0. 0. 0. 0. 1. 0. 0. 1. 1. 1. 1. 0. 1. 1. 0. 1. 1. 0. 0. 0. 1.
  1. 0. 1. 1.]
 [1. 0. 0. 0. 1. 1. 1. 0. 1. 1. 0. 0. 1. 1. 1. 1. 0. 0. 1. 1. 1. 1. 1. 1.
  1. 0. 1. 1. 1. 0. 1. 0. 1. 0. 1. 0. 1. 0. 1. 1. 1. 1. 0. 0. 0. 1. 1. 1.
  0. 1. 0. 0. 0. 1. 0. 0. 1. 0. 0. 1. 1. 1. 1. 1. 1. 0. 0. 0. 1. 1. 1. 1.
  0. 1. 0. 0. 1. 1. 1. 1. 0. 0. 1. 0. 1. 0. 0. 1. 0. 1. 1. 0. 0. 0. 1. 1.
  0. 1. 0. 1.]
 [1. 0. 1. 1. 1. 0. 1. 0. 1. 1. 1. 1. 0. 0. 1. 1. 0. 0. 1. 0. 0. 1. 1. 1.
  0. 0. 1. 1. 1. 1. 1. 0. 0. 1. 1. 0. 1. 1. 0. 1. 1. 1. 0. 0. 0. 0. 0. 0.
  1. 1. 1. 0. 0. 1. 1. 0. 1. 1. 1. 1. 1. 1. 0. 1. 0. 1. 1. 0. 1. 0. 0. 1.
  1. 0. 1. 0. 1. 1. 1. 0. 1. 0. 0. 1. 0. 0. 1. 0. 1. 1. 1. 1. 1. 1. 1. 0.
  0. 0. 1. 1.]
 [1. 0. 1. 0. 0. 1. 0. 1. 0. 0. 0. 1. 0. 0. 1. 1. 1. 0. 1. 1. 1. 0. 0. 0.
  1. 1. 1. 0. 1. 0. 0. 1. 0. 0. 1. 0. 0. 1. 1. 0. 1. 1. 1. 0. 1. 1. 1. 0.
  0. 1. 0. 0. 0. 1. 1. 1. 0. 0. 1. 0. 0. 0. 1. 0. 0. 1. 1. 1. 1. 0. 1. 0.
  0. 1. 1. 1. 0. 0. 0. 0. 1. 1. 0. 0. 0. 1. 1. 1. 0. 0. 1. 0. 0. 1. 1. 1.
  0. 0. 1. 1.]
 [0. 0. 1. 1. 1. 1. 0. 0. 1. 1. 1. 1. 1. 1. 0. 0. 0. 1. 1. 1. 0. 0. 1. 0.
  1. 0. 0. 0. 1. 0. 0. 1. 0. 0. 1. 1. 0. 0. 1. 0. 1. 1. 0. 0. 1. 0. 1. 1.
  0. 1. 1. 1. 1. 1. 0. 0. 1. 1. 1. 0. 1. 1. 0. 1. 0. 1. 0. 1. 1. 0. 0. 0.
  0. 0. 1. 0. 0. 0. 0. 1. 0. 0. 1. 1. 1. 1. 1. 0. 0. 1. 0. 0. 1. 0. 0. 1.
  1. 1. 1. 0.]
 [1. 0. 0. 1. 0. 1. 0. 0. 1. 0. 0. 1. 1. 1. 0. 0. 0. 0. 0. 1. 0. 0. 1. 1.
  0. 0. 0. 0. 1. 0. 1. 0. 0. 1. 0. 0. 1. 1. 1. 0. 1. 1. 0. 0. 1. 0. 1. 1.
  0. 1. 0. 1. 1. 0. 0. 1. 0. 1. 0. 1. 1. 1. 1. 0. 1. 1. 0. 1. 1. 0. 1. 0.
  1. 0. 1. 0. 0. 1. 1. 0. 0. 0. 0. 1. 1. 0. 1. 1. 0. 0. 1. 1. 0. 0. 1. 1.
  1. 1. 1. 1.]
 [1. 0. 0. 0. 1. 0. 1. 1. 0. 1. 0. 0. 0. 1. 0. 0. 0. 0. 0. 1. 1. 1. 1. 1.
  0. 0. 1. 0. 0. 1. 0. 1. 0. 0. 0. 1. 0. 0. 0. 0. 0. 0. 1. 1. 0. 1. 0. 0.
  1. 1. 1. 0. 1. 0. 0. 1. 0. 0. 0. 1. 1. 0. 1. 0. 1. 0. 0. 1. 0. 1. 0. 1.
  0. 1. 0. 0. 1. 1. 0. 1. 1. 1. 1. 1. 1. 1. 1. 1. 1. 0. 1. 0. 0. 0. 1. 0.
  1. 0. 0. 1.]
 [0. 0. 0. 1. 0. 0. 1. 1. 0. 0. 1. 0. 0. 0. 1. 0. 0. 0. 0. 1. 0. 1. 0. 1.
  0. 0. 0. 0. 1. 0. 1. 1. 0. 0. 0. 1. 0. 1. 0. 1. 1. 0. 0. 0. 1. 1. 0. 0.
  0. 1. 0. 0. 1. 0. 1. 0. 1. 0. 0. 1. 1. 1. 0. 0. 0. 0. 1. 1. 0. 1. 1. 0.
  0. 0. 1. 0. 0. 1. 1. 1. 0. 0. 0. 1. 1. 0. 0. 1. 1. 1. 1. 1. 1. 0. 0. 1.
  0. 0. 1. 0.]
 [0. 0. 1. 1. 1. 1. 0. 1. 1. 0. 1. 1. 1. 1. 1. 0. 0. 0. 0. 1. 0. 0. 0. 0.
  0. 1. 1. 0. 1. 1. 1. 1. 0. 0. 1. 0. 1. 0. 1. 1. 0. 0. 1. 1. 0. 0. 0. 0.
  1. 0. 1. 0. 1. 0. 0. 0. 0. 0. 1. 1. 1. 1. 0. 1. 0. 1. 1. 1. 0. 0. 0. 0.
  0. 1. 1. 0. 0. 0. 0. 0. 1. 1. 1. 1. 0. 1. 0. 1. 1. 0. 1. 0. 0. 0. 0. 0.
  0. 1. 0. 1.]
 [0. 0. 1. 0. 0. 0. 0. 1. 0. 1. 0. 1. 0. 1. 1. 1. 1. 1. 1. 0. 0. 0. 0. 0.
  1. 0. 1. 0. 0. 1. 0. 0. 0. 0. 1. 0. 1. 1. 1. 1. 1. 0. 0. 0. 0. 1. 1. 0.
  0. 0. 1. 1. 1. 0. 0. 1. 1. 1. 1. 0. 1. 1. 1. 1. 1. 1. 0. 0. 0. 0. 0. 0.
  1. 0. 1. 0. 0. 0. 1. 0. 0. 0. 1. 1. 0. 1. 1. 0. 1. 1. 0. 1. 1. 0. 0. 1.
  0. 0. 1. 0.]
 [1. 0. 1. 0. 1. 1. 1. 0. 0. 0. 0. 1. 0. 1. 0. 0. 1. 0. 0. 0. 0. 0. 0. 0.
  0. 0. 0. 0. 0. 0. 0. 0. 0. 0. 0. 0. 0. 0. 0. 0. 0. 0. 0. 0. 0. 0. 0. 0.
  0. 0. 0. 0. 0. 0. 0. 0. 0. 0. 0. 0. 0. 0. 0. 0. 0. 0. 0. 0. 0. 0. 0. 0.
  0. 0. 0. 0. 0. 0. 0. 0. 0. 0. 0. 0. 0. 0. 0. 0. 0. 0. 0. 0. 0. 0. 0. 0.
  0. 0. 0. 0.]
 [1. 0. 1. 0. 0. 1. 0. 1. 1. 1. 1. 1. 1. 0. 0. 0. 1. 1. 0. 0. 0. 0. 0. 0.
  0. 0. 0. 0. 0. 0. 0. 0. 0. 0. 0. 0. 0. 0. 0. 0. 0. 0. 0. 0. 0. 0. 0. 0.
  0. 0. 0. 0. 0. 0. 0. 0. 0. 0. 0. 0. 0. 0. 0. 0. 0. 0. 0. 0. 0. 0. 0. 0.
  0. 0. 0. 0. 0. 0. 0. 0. 0. 0. 0. 0. 0. 0. 0. 0. 0. 0. 0. 0. 0. 0. 0. 0.
  0. 0. 0. 0.]
 [1. 0. 0. 0. 0. 1. 0. 0. 0. 1. 0. 1. 1. 0. 1. 1. 1. 0. 0. 0. 0. 0. 0. 0.
  0. 0. 0. 0. 0. 0. 0. 0. 0. 0. 0. 0. 0. 0. 0. 0. 0. 0. 0. 0. 0. 0. 0. 0.
  0. 0. 0. 0. 0. 0. 0. 0. 0. 0. 0. 0. 0. 0. 0. 0. 0. 0. 0. 0. 0. 0. 0. 0.
  0. 0. 0. 0. 0. 0. 0. 0. 0. 0. 0. 0. 0. 0. 0. 0. 0. 0. 0. 0. 0. 0. 0. 0.
  0. 0. 0. 0.]
 [0. 0. 1. 0. 0. 1. 1. 1. 0. 1. 1. 1. 1. 0. 0. 1. 1. 1. 0. 0. 0. 0. 0. 0.
  0. 0. 0. 0. 0. 0. 0. 0. 0. 0. 0. 0. 0. 0. 0. 0. 0. 0. 0. 0. 0. 0. 0. 0.
  0. 0. 0. 0. 0. 0. 0. 0. 0. 0. 0. 0. 0. 0. 0. 0. 0. 0. 0. 0. 0. 0. 0. 0.
  0. 0. 0. 0. 0. 0. 0. 0. 0. 0. 0. 0. 0. 0. 0. 0. 0. 0. 0. 0. 0. 0. 0. 0.
  0. 0. 0. 0.]
 [1. 0. 0. 0. 1. 1. 0. 0. 1. 1. 1. 1. 0. 1. 1. 0. 0. 0. 0. 1. 0. 0. 0. 0.
  0. 0. 0. 0. 0. 0. 0. 0. 0. 0. 0. 0. 0. 0. 0. 0. 0. 0. 0. 0. 0. 0. 0. 0.
  0. 0. 0. 0. 0. 0. 0. 0. 0. 0. 0. 0. 0. 0. 0. 0. 0. 0. 0. 0. 0. 0. 0. 0.
  0. 0. 0. 0. 0. 0. 0. 0. 0. 0. 0. 0. 0. 0. 0. 0. 0. 0. 0. 0. 0. 0. 0. 0.
  0. 0. 0. 0.]
 [1. 0. 0. 1. 0. 0. 0. 0. 0. 0. 0. 0. 0. 1. 0. 0. 0. 0. 1. 0. 0. 0. 0. 0.
  0. 0. 0. 0. 0. 0. 0. 0. 0. 0. 0. 0. 0. 0. 0. 0. 0. 0. 0. 0. 0. 0. 0. 0.
  0. 0. 0. 0. 0. 0. 0. 0. 0. 0. 0. 0. 0. 0. 0. 0. 0. 0. 0. 0. 0. 0. 0. 0.
  0. 0. 0. 0. 0. 0. 0. 0. 0. 0. 0. 0. 0. 0. 0. 0. 0. 0. 0. 0. 0. 0. 0. 0.
  0. 0. 0. 0.]
 [1. 0. 0. 1. 0. 0. 0. 0. 1. 0. 1. 1. 1. 1. 0. 0. 1. 0. 1. 1. 0. 0. 0. 0.
  0. 0. 0. 0. 0. 0. 0. 0. 0. 0. 0. 0. 0. 0. 0. 0. 0. 0. 0. 0. 0. 0. 0. 0.
  0. 0. 0. 0. 0. 0. 0. 0. 0. 0. 0. 0. 0. 0. 0. 0. 0. 0. 0. 0. 0. 0. 0. 0.
  0. 0. 0. 0. 0. 0. 0. 0. 0. 0. 0. 0. 0. 0. 0. 0. 0. 0. 0. 0. 0. 0. 0. 0.
  0. 0. 0. 0.]
 [1. 1. 1. 1. 0. 1. 0. 1. 1. 1. 1. 1. 1. 0. 0. 0. 0. 0. 0. 0. 0. 0. 0. 0.
  0. 0. 0. 0. 0. 0. 0. 0. 0. 0. 0. 0. 0. 0. 0. 0. 0. 0. 0. 0. 0. 0. 0. 0.
  0. 0. 0. 0. 0. 0. 0. 0. 0. 0. 0. 0. 0. 0. 0. 0. 0. 0. 0. 0. 0. 0. 0. 0.
  0. 0. 0. 0. 0. 0. 0. 0. 0. 0. 0. 0. 0. 0. 0. 0. 0. 0. 0. 0. 0. 0. 0. 0.
  0. 0. 0. 0.]
 [0. 0. 1. 1. 1. 0. 1. 0. 0. 0. 1. 1. 1. 1. 1. 1. 0. 1. 1. 0. 0. 0. 0. 0.
  0. 0. 0. 0. 0. 0. 0. 0. 0. 0. 0. 0. 0. 0. 0. 0. 0. 0. 0. 0. 0. 0. 0. 0.
  0. 0. 0. 0. 0. 0. 0. 0. 0. 0. 0. 0. 0. 0. 0. 0. 0. 0. 0. 0. 0. 0. 0. 0.
  0. 0. 0. 0. 0. 0. 0. 0. 0. 0. 0. 0. 0. 0. 0. 0. 0. 0. 0. 0. 0. 0. 0. 0.
  0. 0. 0. 0.]
 [1. 1. 1. 1. 1. 1. 0. 0. 0. 1. 1. 0. 1. 0. 0. 0. 1. 0. 1. 1. 0. 0. 0. 0.
  0. 0. 0. 0. 0. 0. 0. 0. 0. 0. 0. 0. 0. 0. 0. 0. 0. 0. 0. 0. 0. 0. 0. 0.
  0. 0. 0. 0. 0. 0. 0. 0. 0. 0. 0. 0. 0. 0. 0. 0. 0. 0. 0. 0. 0. 0. 0. 0.
  0. 0. 0. 0. 0. 0. 0. 0. 0. 0. 0. 0. 0. 0. 0. 0. 0. 0. 0. 0. 0. 0. 0. 0.
  0. 0. 0. 0.]
 [0. 0. 1. 1. 1. 1. 0. 1. 0. 1. 0. 1. 1. 0. 0. 1. 0. 1. 1. 0. 0. 0. 0. 0.
  0. 0. 0. 0. 0. 0. 0. 0. 0. 0. 0. 0. 0. 0. 0. 0. 0. 0. 0. 0. 0. 0. 0. 0.
  0. 0. 0. 0. 0. 0. 0. 0. 0. 0. 0. 0. 0. 0. 0. 0. 0. 0. 0. 0. 0. 0. 0. 0.
  0. 0. 0. 0. 0. 0. 0. 0. 0. 0. 0. 0. 0. 0. 0. 0. 0. 0. 0. 0. 0. 0. 0. 0.
  0. 0. 0. 0.]
 [1. 1. 0. 0. 0. 0. 0. 0. 1. 1. 0. 0. 0. 1. 1. 0. 1. 1. 1. 0. 0. 0. 0. 0.
  0. 0. 0. 0. 0. 0. 0. 0. 0. 0. 0. 0. 0. 0. 0. 0. 0. 0. 0. 0. 0. 0. 0. 0.
  0. 0. 0. 0. 0. 0. 0. 0. 0. 0. 0. 0. 0. 0. 0. 0. 0. 0. 0. 0. 0. 0. 0. 0.
  0. 0. 0. 0. 0. 0. 0. 0. 0. 0. 0. 0. 0. 0. 0. 0. 0. 0. 0. 0. 0. 0. 0. 0.
  0. 0. 0. 0.]
 [1. 0. 1. 1. 0. 0. 1. 0. 1. 0. 1. 1. 0. 0. 0. 0. 0. 0. 0. 0. 0. 0. 0. 0.
  0. 0. 0. 0. 0. 0. 0. 0. 0. 0. 0. 0. 0. 0. 0. 0. 0. 0. 0. 0. 0. 0. 0. 0.
  0. 0. 0. 0. 0. 0. 0. 0. 0. 0. 0. 0. 0. 0. 0. 0. 0. 0. 0. 0. 0. 0. 0. 0.
  0. 0. 0. 0. 0. 0. 0. 0. 0. 0. 0. 0. 0. 0. 0. 0. 0. 0. 0. 0. 0. 0. 0. 0.
  0. 0. 0. 0.]
 [1. 1. 0. 0. 1. 1. 1. 0. 1. 1. 0. 0. 1. 0. 0. 1. 0. 0. 0. 0. 0. 0. 0. 0.
  0. 0. 0. 0. 0. 0. 0. 0. 0. 0. 0. 0. 0. 0. 0. 0. 0. 0. 0. 0. 0. 0. 0. 0.
  0. 0. 0. 0. 0. 0. 0. 0. 0. 0. 0. 0. 0. 0. 0. 0. 0. 0. 0. 0. 0. 0. 0. 0.
  0. 0. 0. 0. 0. 0. 0. 0. 0. 0. 0. 0. 0. 0. 0. 0. 0. 0. 0. 0. 0. 0. 0. 0.
  0. 0. 0. 0.]
 [1. 0. 1. 0. 0. 1. 1. 0. 1. 0. 0. 1. 1. 1. 1. 0. 0. 0. 1. 1. 0. 0. 0. 0.
  0. 0. 0. 0. 0. 0. 0. 0. 0. 0. 0. 0. 0. 0. 0. 0. 0. 0. 0. 0. 0. 0. 0. 0.
  0. 0. 0. 0. 0. 0. 0. 0. 0. 0. 0. 0. 0. 0. 0. 0. 0. 0. 0. 0. 0. 0. 0. 0.
  0. 0. 0. 0. 0. 0. 0. 0. 0. 0. 0. 0. 0. 0. 0. 0. 0. 0. 0. 0. 0. 0. 0. 0.
  0. 0. 0. 0.]
 [0. 0. 1. 0. 0. 0. 0. 1. 0. 1. 1. 0. 0. 0. 1. 0. 1. 1. 0. 0. 0. 0. 0. 0.
  0. 0. 0. 0. 0. 0. 0. 0. 0. 0. 0. 0. 0. 0. 0. 0. 0. 0. 0. 0. 0. 0. 0. 0.
  0. 0. 0. 0. 0. 0. 0. 0. 0. 0. 0. 0. 0. 0. 0. 0. 0. 0. 0. 0. 0. 0. 0. 0.
  0. 0. 0. 0. 0. 0. 0. 0. 0. 0. 0. 0. 0. 0. 0. 0. 0. 0. 0. 0. 0. 0. 0. 0.
  0. 0. 0. 0.]
 [0. 1. 0. 1. 0. 1. 1. 1. 1. 0. 1. 1. 1. 0. 0. 1. 0. 0. 1. 1. 0. 0. 0. 0.
  0. 0. 0. 0. 0. 0. 0. 0. 0. 0. 0. 0. 0. 0. 0. 0. 0. 0. 0. 0. 0. 0. 0. 0.
  0. 0. 0. 0. 0. 0. 0. 0. 0. 0. 0. 0. 0. 0. 0. 0. 0. 0. 0. 0. 0. 0. 0. 0.
  0. 0. 0. 0. 0. 0. 0. 0. 0. 0. 0. 0. 0. 0. 0. 0. 0. 0. 0. 0. 0. 0. 0. 0.
  0. 0. 0. 0.]
 [1. 0. 0. 1. 1. 0. 1. 0. 0. 0. 1. 0. 1. 1. 0. 1. 0. 1. 0. 1. 0. 0. 0. 0.
  0. 0. 0. 0. 0. 0. 0. 0. 0. 0. 0. 0. 0. 0. 0. 0. 0. 0. 0. 0. 0. 0. 0. 0.
  0. 0. 0. 0. 0. 0. 0. 0. 0. 0. 0. 0. 0. 0. 0. 0. 0. 0. 0. 0. 0. 0. 0. 0.
  0. 0. 0. 0. 0. 0. 0. 0. 0. 0. 0. 0. 0. 0. 0. 0. 0. 0. 0. 0. 0. 0. 0. 0.
  0. 0. 0. 0.]
 [0. 0. 1. 1. 1. 1. 1. 1. 0. 1. 0. 1. 0. 1. 1. 1. 0. 0. 1. 1. 0. 0. 0. 0.
  0. 0. 0. 0. 0. 0. 0. 0. 0. 0. 0. 0. 0. 0. 0. 0. 0. 0. 0. 0. 0. 0. 0. 0.
  0. 0. 0. 0. 0. 0. 0. 0. 0. 0. 0. 0. 0. 0. 0. 0. 0. 0. 0. 0. 0. 0. 0. 0.
  0. 0. 0. 0. 0. 0. 0. 0. 0. 0. 0. 0. 0. 0. 0. 0. 0. 0. 0. 0. 0. 0. 0. 0.
  0. 0. 0. 0.]
 [1. 1. 0. 0. 1. 0. 1. 0. 1. 0. 1. 1. 1. 0. 0. 0. 0. 1. 1. 1. 0. 0. 0. 0.
  0. 0. 0. 0. 0. 0. 0. 0. 0. 0. 0. 0. 0. 0. 0. 0. 0. 0. 0. 0. 0. 0. 0. 0.
  0. 0. 0. 0. 0. 0. 0. 0. 0. 0. 0. 0. 0. 0. 0. 0. 0. 0. 0. 0. 0. 0. 0. 0.
  0. 0. 0. 0. 0. 0. 0. 0. 0. 0. 0. 0. 0. 0. 0. 0. 0. 0. 0. 0. 0. 0. 0. 0.
  0. 0. 0. 0.]
 [0. 1. 1. 1. 0. 0. 0. 0. 0. 0. 0. 1. 1. 1. 1. 1. 0. 1. 0. 1. 0. 0. 0. 0.
  0. 0. 0. 0. 0. 0. 0. 0. 0. 0. 0. 0. 0. 0. 0. 0. 0. 0. 0. 0. 0. 0. 0. 0.
  0. 0. 0. 0. 0. 0. 0. 0. 0. 0. 0. 0. 0. 0. 0. 0. 0. 0. 0. 0. 0. 0. 0. 0.
  0. 0. 0. 0. 0. 0. 0. 0. 0. 0. 0. 0. 0. 0. 0. 0. 0. 0. 0. 0. 0. 0. 0. 0.
  0. 0. 0. 0.]
 [1. 1. 1. 1. 1. 1. 1. 0. 1. 1. 1. 1. 1. 1. 1. 1. 0. 0. 0. 0. 0. 0. 0. 0.
  0. 0. 0. 0. 0. 0. 0. 0. 0. 0. 0. 0. 0. 0. 0. 0. 0. 0. 0. 0. 0. 0. 0. 0.
  0. 0. 0. 0. 0. 0. 0. 0. 0. 0. 0. 0. 0. 0. 0. 0. 0. 0. 0. 0. 0. 0. 0. 0.
  0. 0. 0. 0. 0. 0. 0. 0. 0. 0. 0. 0. 0. 0. 0. 0. 0. 0. 0. 0. 0. 0. 0. 0.
  0. 0. 0. 0.]
 [1. 0. 1. 1. 1. 1. 0. 1. 1. 1. 0. 0. 0. 1. 0. 0. 1. 0. 1. 0. 0. 0. 0. 0.
  0. 0. 0. 0. 0. 0. 0. 0. 0. 0. 0. 0. 0. 0. 0. 0. 0. 0. 0. 0. 0. 0. 0. 0.
  0. 0. 0. 0. 0. 0. 0. 0. 0. 0. 0. 0. 0. 0. 0. 0. 0. 0. 0. 0. 0. 0. 0. 0.
  0. 0. 0. 0. 0. 0. 0. 0. 0. 0. 0. 0. 0. 0. 0. 0. 0. 0. 0. 0. 0. 0. 0. 0.
  0. 0. 0. 0.]
 [0. 1. 0. 0. 1. 0. 0. 1. 1. 1. 0. 0. 0. 0. 0. 0. 1. 0. 1. 0. 0. 0. 0. 0.
  0. 0. 0. 0. 0. 0. 0. 0. 0. 0. 0. 0. 0. 0. 0. 0. 0. 0. 0. 0. 0. 0. 0. 0.
  0. 0. 0. 0. 0. 0. 0. 0. 0. 0. 0. 0. 0. 0. 0. 0. 0. 0. 0. 0. 0. 0. 0. 0.
  0. 0. 0. 0. 0. 0. 0. 0. 0. 0. 0. 0. 0. 0. 0. 0. 0. 0. 0. 0. 0. 0. 0. 0.
  0. 0. 0. 0.]
 [0. 0. 0. 0. 1. 1. 1. 1. 1. 1. 0. 0. 0. 1. 1. 1. 0. 1. 0. 0. 0. 0. 0. 0.
  0. 0. 0. 0. 0. 0. 0. 0. 0. 0. 0. 0. 0. 0. 0. 0. 0. 0. 0. 0. 0. 0. 0. 0.
  0. 0. 0. 0. 0. 0. 0. 0. 0. 0. 0. 0. 0. 0. 0. 0. 0. 0. 0. 0. 0. 0. 0. 0.
  0. 0. 0. 0. 0. 0. 0. 0. 0. 0. 0. 0. 0. 0. 0. 0. 0. 0. 0. 0. 0. 0. 0. 0.
  0. 0. 0. 0.]
 [1. 0. 1. 0. 0. 1. 0. 1. 1. 1. 0. 1. 0. 1. 0. 0. 1. 1. 0. 1. 0. 0. 0. 0.
  0. 0. 0. 0. 0. 0. 0. 0. 0. 0. 0. 0. 0. 0. 0. 0. 0. 0. 0. 0. 0. 0. 0. 0.
  0. 0. 0. 0. 0. 0. 0. 0. 0. 0. 0. 0. 0. 0. 0. 0. 0. 0. 0. 0. 0. 0. 0. 0.
  0. 0. 0. 0. 0. 0. 0. 0. 0. 0. 0. 0. 0. 0. 0. 0. 0. 0. 0. 0. 0. 0. 0. 0.
  0. 0. 0. 0.]
 [1. 1. 0. 0. 0. 1. 1. 0. 0. 1. 0. 1. 0. 1. 1. 1. 0. 0. 0. 1. 0. 0. 0. 0.
  0. 0. 0. 0. 0. 0. 0. 0. 0. 0. 0. 0. 0. 0. 0. 0. 0. 0. 0. 0. 0. 0. 0. 0.
  0. 0. 0. 0. 0. 0. 0. 0. 0. 0. 0. 0. 0. 0. 0. 0. 0. 0. 0. 0. 0. 0. 0. 0.
  0. 0. 0. 0. 0. 0. 0. 0. 0. 0. 0. 0. 0. 0. 0. 0. 0. 0. 0. 0. 0. 0. 0. 0.
  0. 0. 0. 0.]
 [0. 1. 1. 1. 1. 1. 1. 1. 1. 1. 1. 1. 0. 0. 1. 1. 0. 0. 0. 0. 0. 0. 0. 0.
  0. 0. 0. 0. 0. 0. 0. 0. 0. 0. 0. 0. 0. 0. 0. 0. 0. 0. 0. 0. 0. 0. 0. 0.
  0. 0. 0. 0. 0. 0. 0. 0. 0. 0. 0. 0. 0. 0. 0. 0. 0. 0. 0. 0. 0. 0. 0. 0.
  0. 0. 0. 0. 0. 0. 0. 0. 0. 0. 0. 0. 0. 0. 0. 0. 0. 0. 0. 0. 0. 0. 0. 0.
  0. 0. 0. 0.]
 [1. 0. 1. 0. 0. 0. 0. 1. 1. 0. 0. 0. 1. 0. 0. 0. 1. 0. 1. 0. 0. 0. 0. 0.
  0. 0. 0. 0. 0. 0. 0. 0. 0. 0. 0. 0. 0. 0. 0. 0. 0. 0. 0. 0. 0. 0. 0. 0.
  0. 0. 0. 0. 0. 0. 0. 0. 0. 0. 0. 0. 0. 0. 0. 0. 0. 0. 0. 0. 0. 0. 0. 0.
  0. 0. 0. 0. 0. 0. 0. 0. 0. 0. 0. 0. 0. 0. 0. 0. 0. 0. 0. 0. 0. 0. 0. 0.
  0. 0. 0. 0.]
 [1. 1. 0. 0. 0. 1. 1. 1. 1. 0. 1. 1. 1. 1. 1. 1. 1. 1. 0. 0. 0. 0. 0. 0.
  0. 0. 0. 0. 0. 0. 0. 0. 0. 0. 0. 0. 0. 0. 0. 0. 0. 0. 0. 0. 0. 0. 0. 0.
  0. 0. 0. 0. 0. 0. 0. 0. 0. 0. 0. 0. 0. 0. 0. 0. 0. 0. 0. 0. 0. 0. 0. 0.
  0. 0. 0. 0. 0. 0. 0. 0. 0. 0. 0. 0. 0. 0. 0. 0. 0. 0. 0. 0. 0. 0. 0. 0.
  0. 0. 0. 0.]
 [0. 0. 0. 0. 1. 1. 1. 1. 0. 1. 0. 0. 1. 0. 1. 0. 1. 0. 1. 1. 0. 0. 0. 0.
  0. 0. 0. 0. 0. 0. 0. 0. 0. 0. 0. 0. 0. 0. 0. 0. 0. 0. 0. 0. 0. 0. 0. 0.
  0. 0. 0. 0. 0. 0. 0. 0. 0. 0. 0. 0. 0. 0. 0. 0. 0. 0. 0. 0. 0. 0. 0. 0.
  0. 0. 0. 0. 0. 0. 0. 0. 0. 0. 0. 0. 0. 0. 0. 0. 0. 0. 0. 0. 0. 0. 0. 0.
  0. 0. 0. 0.]
 [0. 0. 1. 1. 0. 1. 1. 1. 1. 0. 1. 0. 0. 0. 1. 1. 0. 0. 0. 1. 0. 0. 0. 0.
  0. 0. 0. 0. 0. 0. 0. 0. 0. 0. 0. 0. 0. 0. 0. 0. 0. 0. 0. 0. 0. 0. 0. 0.
  0. 0. 0. 0. 0. 0. 0. 0. 0. 0. 0. 0. 0. 0. 0. 0. 0. 0. 0. 0. 0. 0. 0. 0.
  0. 0. 0. 0. 0. 0. 0. 0. 0. 0. 0. 0. 0. 0. 0. 0. 0. 0. 0. 0. 0. 0. 0. 0.
  0. 0. 0. 0.]
 [1. 0. 1. 0. 1. 0. 1. 0. 0. 0. 1. 0. 0. 0. 1. 1. 1. 1. 1. 1. 0. 0. 0. 0.
  0. 0. 0. 0. 0. 0. 0. 0. 0. 0. 0. 0. 0. 0. 0. 0. 0. 0. 0. 0. 0. 0. 0. 0.
  0. 0. 0. 0. 0. 0. 0. 0. 0. 0. 0. 0. 0. 0. 0. 0. 0. 0. 0. 0. 0. 0. 0. 0.
  0. 0. 0. 0. 0. 0. 0. 0. 0. 0. 0. 0. 0. 0. 0. 0. 0. 0. 0. 0. 0. 0. 0. 0.
  0. 0. 0. 0.]
 [0. 1. 1. 1. 1. 0. 0. 0. 1. 1. 1. 1. 1. 1. 1. 0. 0. 0. 0. 0. 0. 0. 0. 0.
  0. 0. 0. 0. 0. 0. 0. 0. 0. 0. 0. 0. 0. 0. 0. 0. 0. 0. 0. 0. 0. 0. 0. 0.
  0. 0. 0. 0. 0. 0. 0. 0. 0. 0. 0. 0. 0. 0. 0. 0. 0. 0. 0. 0. 0. 0. 0. 0.
  0. 0. 0. 0. 0. 0. 0. 0. 0. 0. 0. 0. 0. 0. 0. 0. 0. 0. 0. 0. 0. 0. 0. 0.
  0. 0. 0. 0.]
 [0. 0. 1. 0. 0. 1. 0. 1. 1. 0. 0. 0. 1. 1. 0. 0. 0. 1. 0. 0. 0. 0. 0. 0.
  0. 0. 0. 0. 0. 0. 0. 0. 0. 0. 0. 0. 0. 0. 0. 0. 0. 0. 0. 0. 0. 0. 0. 0.
  0. 0. 0. 0. 0. 0. 0. 0. 0. 0. 0. 0. 0. 0. 0. 0. 0. 0. 0. 0. 0. 0. 0. 0.
  0. 0. 0. 0. 0. 0. 0. 0. 0. 0. 0. 0. 0. 0. 0. 0. 0. 0. 0. 0. 0. 0. 0. 0.
  0. 0. 0. 0.]
 [1. 1. 0. 0. 0. 1. 0. 0. 1. 1. 1. 0. 0. 1. 0. 1. 1. 0. 0. 1. 0. 0. 0. 0.
  0. 0. 0. 0. 0. 0. 0. 0. 0. 0. 0. 0. 0. 0. 0. 0. 0. 0. 0. 0. 0. 0. 0. 0.
  0. 0. 0. 0. 0. 0. 0. 0. 0. 0. 0. 0. 0. 0. 0. 0. 0. 0. 0. 0. 0. 0. 0. 0.
  0. 0. 0. 0. 0. 0. 0. 0. 0. 0. 0. 0. 0. 0. 0. 0. 0. 0. 0. 0. 0. 0. 0. 0.
  0. 0. 0. 0.]
 [1. 0. 0. 1. 0. 0. 0. 1. 0. 1. 1. 1. 1. 0. 1. 0. 0. 1. 0. 1. 0. 0. 0. 0.
  0. 0. 0. 0. 0. 0. 0. 0. 0. 0. 0. 0. 0. 0. 0. 0. 0. 0. 0. 0. 0. 0. 0. 0.
  0. 0. 0. 0. 0. 0. 0. 0. 0. 0. 0. 0. 0. 0. 0. 0. 0. 0. 0. 0. 0. 0. 0. 0.
  0. 0. 0. 0. 0. 0. 0. 0. 0. 0. 0. 0. 0. 0. 0. 0. 0. 0. 0. 0. 0. 0. 0. 0.
  0. 0. 0. 0.]
 [0. 0. 0. 0. 0. 1. 1. 0. 0. 0. 1. 0. 1. 0. 1. 1. 0. 0. 0. 1. 0. 0. 0. 0.
  0. 0. 0. 0. 0. 0. 0. 0. 0. 0. 0. 0. 0. 0. 0. 0. 0. 0. 0. 0. 0. 0. 0. 0.
  0. 0. 0. 0. 0. 0. 0. 0. 0. 0. 0. 0. 0. 0. 0. 0. 0. 0. 0. 0. 0. 0. 0. 0.
  0. 0. 0. 0. 0. 0. 0. 0. 0. 0. 0. 0. 0. 0. 0. 0. 0. 0. 0. 0. 0. 0. 0. 0.
  0. 0. 0. 0.]
 [0. 1. 1. 1. 0. 0. 0. 1. 1. 0. 0. 0. 1. 1. 1. 0. 0. 0. 1. 1. 0. 0. 0. 0.
  0. 0. 0. 0. 0. 0. 0. 0. 0. 0. 0. 0. 0. 0. 0. 0. 0. 0. 0. 0. 0. 0. 0. 0.
  0. 0. 0. 0. 0. 0. 0. 0. 0. 0. 0. 0. 0. 0. 0. 0. 0. 0. 0. 0. 0. 0. 0. 0.
  0. 0. 0. 0. 0. 0. 0. 0. 0. 0. 0. 0. 0. 0. 0. 0. 0. 0. 0. 0. 0. 0. 0. 0.
  0. 0. 0. 0.]
 [0. 1. 1. 1. 0. 0. 1. 1. 1. 0. 0. 1. 1. 0. 0. 1. 1. 1. 1. 0. 0. 0. 0. 0.
  0. 0. 0. 0. 0. 0. 0. 0. 0. 0. 0. 0. 0. 0. 0. 0. 0. 0. 0. 0. 0. 0. 0. 0.
  0. 0. 0. 0. 0. 0. 0. 0. 0. 0. 0. 0. 0. 0. 0. 0. 0. 0. 0. 0. 0. 0. 0. 0.
  0. 0. 0. 0. 0. 0. 0. 0. 0. 0. 0. 0. 0. 0. 0. 0. 0. 0. 0. 0. 0. 0. 0. 0.
  0. 0. 0. 0.]
 [0. 0. 1. 0. 0. 1. 1. 0. 0. 0. 0. 1. 1. 0. 1. 1. 1. 1. 1. 1. 0. 0. 0. 0.
  0. 0. 0. 0. 0. 0. 0. 0. 0. 0. 0. 0. 0. 0. 0. 0. 0. 0. 0. 0. 0. 0. 0. 0.
  0. 0. 0. 0. 0. 0. 0. 0. 0. 0. 0. 0. 0. 0. 0. 0. 0. 0. 0. 0. 0. 0. 0. 0.
  0. 0. 0. 0. 0. 0. 0. 0. 0. 0. 0. 0. 0. 0. 0. 0. 0. 0. 0. 0. 0. 0. 0. 0.
  0. 0. 0. 0.]
 [0. 1. 1. 1. 1. 0. 1. 1. 1. 0. 1. 1. 1. 0. 1. 1. 0. 1. 1. 1. 0. 0. 0. 0.
  0. 0. 0. 0. 0. 0. 0. 0. 0. 0. 0. 0. 0. 0. 0. 0. 0. 0. 0. 0. 0. 0. 0. 0.
  0. 0. 0. 0. 0. 0. 0. 0. 0. 0. 0. 0. 0. 0. 0. 0. 0. 0. 0. 0. 0. 0. 0. 0.
  0. 0. 0. 0. 0. 0. 0. 0. 0. 0. 0. 0. 0. 0. 0. 0. 0. 0. 0. 0. 0. 0. 0. 0.
  0. 0. 0. 0.]
 [0. 1. 1. 1. 0. 0. 1. 1. 1. 1. 1. 1. 0. 1. 0. 1. 1. 0. 0. 1. 0. 0. 0. 0.
  0. 0. 0. 0. 0. 0. 0. 0. 0. 0. 0. 0. 0. 0. 0. 0. 0. 0. 0. 0. 0. 0. 0. 0.
  0. 0. 0. 0. 0. 0. 0. 0. 0. 0. 0. 0. 0. 0. 0. 0. 0. 0. 0. 0. 0. 0. 0. 0.
  0. 0. 0. 0. 0. 0. 0. 0. 0. 0. 0. 0. 0. 0. 0. 0. 0. 0. 0. 0. 0. 0. 0. 0.
  0. 0. 0. 0.]
 [1. 1. 1. 0. 0. 1. 1. 1. 1. 0. 1. 1. 1. 0. 1. 0. 0. 0. 1. 1. 0. 0. 0. 0.
  0. 0. 0. 0. 0. 0. 0. 0. 0. 0. 0. 0. 0. 0. 0. 0. 0. 0. 0. 0. 0. 0. 0. 0.
  0. 0. 0. 0. 0. 0. 0. 0. 0. 0. 0. 0. 0. 0. 0. 0. 0. 0. 0. 0. 0. 0. 0. 0.
  0. 0. 0. 0. 0. 0. 0. 0. 0. 0. 0. 0. 0. 0. 0. 0. 0. 0. 0. 0. 0. 0. 0. 0.
  0. 0. 0. 0.]
 [0. 1. 1. 1. 1. 1. 1. 1. 1. 1. 1. 1. 0. 0. 0. 1. 1. 0. 0. 1. 0. 0. 0. 0.
  0. 0. 0. 0. 0. 0. 0. 0. 0. 0. 0. 0. 0. 0. 0. 0. 0. 0. 0. 0. 0. 0. 0. 0.
  0. 0. 0. 0. 0. 0. 0. 0. 0. 0. 0. 0. 0. 0. 0. 0. 0. 0. 0. 0. 0. 0. 0. 0.
  0. 0. 0. 0. 0. 0. 0. 0. 0. 0. 0. 0. 0. 0. 0. 0. 0. 0. 0. 0. 0. 0. 0. 0.
  0. 0. 0. 0.]
 [1. 1. 0. 1. 0. 1. 1. 1. 0. 1. 1. 0. 1. 1. 1. 1. 0. 0. 1. 1. 0. 0. 0. 0.
  0. 0. 0. 0. 0. 0. 0. 0. 0. 0. 0. 0. 0. 0. 0. 0. 0. 0. 0. 0. 0. 0. 0. 0.
  0. 0. 0. 0. 0. 0. 0. 0. 0. 0. 0. 0. 0. 0. 0. 0. 0. 0. 0. 0. 0. 0. 0. 0.
  0. 0. 0. 0. 0. 0. 0. 0. 0. 0. 0. 0. 0. 0. 0. 0. 0. 0. 0. 0. 0. 0. 0. 0.
  0. 0. 0. 0.]
 [0. 0. 0. 1. 0. 1. 1. 1. 1. 0. 1. 0. 1. 1. 0. 0. 0. 1. 1. 0. 0. 0. 0. 0.
  0. 0. 0. 0. 0. 0. 0. 0. 0. 0. 0. 0. 0. 0. 0. 0. 0. 0. 0. 0. 0. 0. 0. 0.
  0. 0. 0. 0. 0. 0. 0. 0. 0. 0. 0. 0. 0. 0. 0. 0. 0. 0. 0. 0. 0. 0. 0. 0.
  0. 0. 0. 0. 0. 0. 0. 0. 0. 0. 0. 0. 0. 0. 0. 0. 0. 0. 0. 0. 0. 0. 0. 0.
  0. 0. 0. 0.]
 [1. 0. 1. 0. 0. 0. 0. 0. 1. 0. 1. 0. 0. 1. 1. 1. 1. 1. 1. 0. 0. 0. 0. 0.
  0. 0. 0. 0. 0. 0. 0. 0. 0. 0. 0. 0. 0. 0. 0. 0. 0. 0. 0. 0. 0. 0. 0. 0.
  0. 0. 0. 0. 0. 0. 0. 0. 0. 0. 0. 0. 0. 0. 0. 0. 0. 0. 0. 0. 0. 0. 0. 0.
  0. 0. 0. 0. 0. 0. 0. 0. 0. 0. 0. 0. 0. 0. 0. 0. 0. 0. 0. 0. 0. 0. 0. 0.
  0. 0. 0. 0.]
 [0. 0. 1. 1. 1. 1. 0. 1. 1. 1. 0. 1. 1. 1. 1. 1. 0. 0. 0. 0. 0. 0. 0. 0.
  0. 0. 0. 0. 0. 0. 0. 0. 0. 0. 0. 0. 0. 0. 0. 0. 0. 0. 0. 0. 0. 0. 0. 0.
  0. 0. 0. 0. 0. 0. 0. 0. 0. 0. 0. 0. 0. 0. 0. 0. 0. 0. 0. 0. 0. 0. 0. 0.
  0. 0. 0. 0. 0. 0. 0. 0. 0. 0. 0. 0. 0. 0. 0. 0. 0. 0. 0. 0. 0. 0. 0. 0.
  0. 0. 0. 0.]
 [1. 1. 1. 1. 1. 1. 1. 1. 0. 1. 0. 1. 0. 0. 0. 0. 1. 1. 0. 0. 0. 0. 0. 0.
  0. 0. 0. 0. 0. 0. 0. 0. 0. 0. 0. 0. 0. 0. 0. 0. 0. 0. 0. 0. 0. 0. 0. 0.
  0. 0. 0. 0. 0. 0. 0. 0. 0. 0. 0. 0. 0. 0. 0. 0. 0. 0. 0. 0. 0. 0. 0. 0.
  0. 0. 0. 0. 0. 0. 0. 0. 0. 0. 0. 0. 0. 0. 0. 0. 0. 0. 0. 0. 0. 0. 0. 0.
  0. 0. 0. 0.]
 [1. 0. 1. 1. 0. 0. 1. 0. 1. 0. 1. 1. 0. 1. 0. 1. 0. 1. 0. 0. 0. 0. 0. 0.
  0. 0. 0. 0. 0. 0. 0. 0. 0. 0. 0. 0. 0. 0. 0. 0. 0. 0. 0. 0. 0. 0. 0. 0.
  0. 0. 0. 0. 0. 0. 0. 0. 0. 0. 0. 0. 0. 0. 0. 0. 0. 0. 0. 0. 0. 0. 0. 0.
  0. 0. 0. 0. 0. 0. 0. 0. 0. 0. 0. 0. 0. 0. 0. 0. 0. 0. 0. 0. 0. 0. 0. 0.
  0. 0. 0. 0.]
 [1. 1. 0. 0. 1. 1. 0. 0. 1. 1. 0. 1. 1. 0. 0. 0. 1. 0. 0. 0. 0. 0. 0. 0.
  0. 0. 0. 0. 0. 0. 0. 0. 0. 0. 0. 0. 0. 0. 0. 0. 0. 0. 0. 0. 0. 0. 0. 0.
  0. 0. 0. 0. 0. 0. 0. 0. 0. 0. 0. 0. 0. 0. 0. 0. 0. 0. 0. 0. 0. 0. 0. 0.
  0. 0. 0. 0. 0. 0. 0. 0. 0. 0. 0. 0. 0. 0. 0. 0. 0. 0. 0. 0. 0. 0. 0. 0.
  0. 0. 0. 0.]
 [1. 0. 0. 1. 1. 1. 0. 1. 0. 1. 0. 0. 1. 0. 0. 1. 0. 0. 0. 1. 0. 0. 0. 0.
  0. 0. 0. 0. 0. 0. 0. 0. 0. 0. 0. 0. 0. 0. 0. 0. 0. 0. 0. 0. 0. 0. 0. 0.
  0. 0. 0. 0. 0. 0. 0. 0. 0. 0. 0. 0. 0. 0. 0. 0. 0. 0. 0. 0. 0. 0. 0. 0.
  0. 0. 0. 0. 0. 0. 0. 0. 0. 0. 0. 0. 0. 0. 0. 0. 0. 0. 0. 0. 0. 0. 0. 0.
  0. 0. 0. 0.]
 [0. 0. 0. 1. 1. 0. 1. 0. 1. 1. 0. 1. 0. 1. 0. 0. 1. 0. 1. 0. 0. 0. 0. 0.
  0. 0. 0. 0. 0. 0. 0. 0. 0. 0. 0. 0. 0. 0. 0. 0. 0. 0. 0. 0. 0. 0. 0. 0.
  0. 0. 0. 0. 0. 0. 0. 0. 0. 0. 0. 0. 0. 0. 0. 0. 0. 0. 0. 0. 0. 0. 0. 0.
  0. 0. 0. 0. 0. 0. 0. 0. 0. 0. 0. 0. 0. 0. 0. 0. 0. 0. 0. 0. 0. 0. 0. 0.
  0. 0. 0. 0.]
 [1. 1. 1. 0. 1. 0. 1. 0. 1. 0. 1. 0. 1. 1. 1. 1. 0. 1. 1. 1. 0. 0. 0. 0.
  0. 0. 0. 0. 0. 0. 0. 0. 0. 0. 0. 0. 0. 0. 0. 0. 0. 0. 0. 0. 0. 0. 0. 0.
  0. 0. 0. 0. 0. 0. 0. 0. 0. 0. 0. 0. 0. 0. 0. 0. 0. 0. 0. 0. 0. 0. 0. 0.
  0. 0. 0. 0. 0. 0. 0. 0. 0. 0. 0. 0. 0. 0. 0. 0. 0. 0. 0. 0. 0. 0. 0. 0.
  0. 0. 0. 0.]
 [0. 0. 1. 1. 0. 1. 1. 0. 1. 0. 0. 0. 0. 1. 0. 0. 0. 0. 0. 0. 0. 0. 0. 0.
  0. 0. 0. 0. 0. 0. 0. 0. 0. 0. 0. 0. 0. 0. 0. 0. 0. 0. 0. 0. 0. 0. 0. 0.
  0. 0. 0. 0. 0. 0. 0. 0. 0. 0. 0. 0. 0. 0. 0. 0. 0. 0. 0. 0. 0. 0. 0. 0.
  0. 0. 0. 0. 0. 0. 0. 0. 0. 0. 0. 0. 0. 0. 0. 0. 0. 0. 0. 0. 0. 0. 0. 0.
  0. 0. 0. 0.]
 [1. 0. 1. 0. 0. 0. 1. 1. 1. 0. 0. 1. 1. 0. 0. 0. 1. 0. 0. 0. 0. 0. 0. 0.
  0. 0. 0. 0. 0. 0. 0. 0. 0. 0. 0. 0. 0. 0. 0. 0. 0. 0. 0. 0. 0. 0. 0. 0.
  0. 0. 0. 0. 0. 0. 0. 0. 0. 0. 0. 0. 0. 0. 0. 0. 0. 0. 0. 0. 0. 0. 0. 0.
  0. 0. 0. 0. 0. 0. 0. 0. 0. 0. 0. 0. 0. 0. 0. 0. 0. 0. 0. 0. 0. 0. 0. 0.
  0. 0. 0. 0.]
 [0. 0. 1. 0. 1. 0. 0. 0. 1. 0. 0. 1. 1. 0. 0. 1. 1. 1. 0. 0. 0. 0. 0. 0.
  0. 0. 0. 0. 0. 0. 0. 0. 0. 0. 0. 0. 0. 0. 0. 0. 0. 0. 0. 0. 0. 0. 0. 0.
  0. 0. 0. 0. 0. 0. 0. 0. 0. 0. 0. 0. 0. 0. 0. 0. 0. 0. 0. 0. 0. 0. 0. 0.
  0. 0. 0. 0. 0. 0. 0. 0. 0. 0. 0. 0. 0. 0. 0. 0. 0. 0. 0. 0. 0. 0. 0. 0.
  0. 0. 0. 0.]
 [1. 0. 0. 0. 0. 0. 1. 1. 0. 0. 0. 1. 1. 0. 0. 1. 0. 1. 0. 1. 0. 0. 0. 0.
  0. 0. 0. 0. 0. 0. 0. 0. 0. 0. 0. 0. 0. 0. 0. 0. 0. 0. 0. 0. 0. 0. 0. 0.
  0. 0. 0. 0. 0. 0. 0. 0. 0. 0. 0. 0. 0. 0. 0. 0. 0. 0. 0. 0. 0. 0. 0. 0.
  0. 0. 0. 0. 0. 0. 0. 0. 0. 0. 0. 0. 0. 0. 0. 0. 0. 0. 0. 0. 0. 0. 0. 0.
  0. 0. 0. 0.]
 [1. 0. 0. 1. 0. 0. 1. 0. 0. 0. 1. 1. 0. 0. 1. 0. 1. 1. 0. 0. 0. 0. 0. 0.
  0. 0. 0. 0. 0. 0. 0. 0. 0. 0. 0. 0. 0. 0. 0. 0. 0. 0. 0. 0. 0. 0. 0. 0.
  0. 0. 0. 0. 0. 0. 0. 0. 0. 0. 0. 0. 0. 0. 0. 0. 0. 0. 0. 0. 0. 0. 0. 0.
  0. 0. 0. 0. 0. 0. 0. 0. 0. 0. 0. 0. 0. 0. 0. 0. 0. 0. 0. 0. 0. 0. 0. 0.
  0. 0. 0. 0.]
 [0. 1. 1. 0. 1. 0. 0. 1. 0. 1. 0. 0. 1. 1. 0. 0. 1. 0. 1. 0. 0. 0. 0. 0.
  0. 0. 0. 0. 0. 0. 0. 0. 0. 0. 0. 0. 0. 0. 0. 0. 0. 0. 0. 0. 0. 0. 0. 0.
  0. 0. 0. 0. 0. 0. 0. 0. 0. 0. 0. 0. 0. 0. 0. 0. 0. 0. 0. 0. 0. 0. 0. 0.
  0. 0. 0. 0. 0. 0. 0. 0. 0. 0. 0. 0. 0. 0. 0. 0. 0. 0. 0. 0. 0. 0. 0. 0.
  0. 0. 0. 0.]
 [1. 0. 1. 0. 0. 1. 1. 1. 1. 0. 0. 0. 0. 1. 0. 0. 1. 0. 1. 0. 0. 0. 0. 0.
  0. 0. 0. 0. 0. 0. 0. 0. 0. 0. 0. 0. 0. 0. 0. 0. 0. 0. 0. 0. 0. 0. 0. 0.
  0. 0. 0. 0. 0. 0. 0. 0. 0. 0. 0. 0. 0. 0. 0. 0. 0. 0. 0. 0. 0. 0. 0. 0.
  0. 0. 0. 0. 0. 0. 0. 0. 0. 0. 0. 0. 0. 0. 0. 0. 0. 0. 0. 0. 0. 0. 0. 0.
  0. 0. 0. 0.]
 [0. 0. 1. 0. 1. 0. 1. 0. 1. 1. 1. 1. 0. 0. 1. 0. 1. 0. 1. 1. 0. 0. 0. 0.
  0. 0. 0. 0. 0. 0. 0. 0. 0. 0. 0. 0. 0. 0. 0. 0. 0. 0. 0. 0. 0. 0. 0. 0.
  0. 0. 0. 0. 0. 0. 0. 0. 0. 0. 0. 0. 0. 0. 0. 0. 0. 0. 0. 0. 0. 0. 0. 0.
  0. 0. 0. 0. 0. 0. 0. 0. 0. 0. 0. 0. 0. 0. 0. 0. 0. 0. 0. 0. 0. 0. 0. 0.
  0. 0. 0. 0.]
 [0. 1. 1. 0. 1. 1. 0. 0. 1. 0. 1. 0. 1. 0. 1. 1. 1. 1. 1. 1. 0. 0. 0. 0.
  0. 0. 0. 0. 0. 0. 0. 0. 0. 0. 0. 0. 0. 0. 0. 0. 0. 0. 0. 0. 0. 0. 0. 0.
  0. 0. 0. 0. 0. 0. 0. 0. 0. 0. 0. 0. 0. 0. 0. 0. 0. 0. 0. 0. 0. 0. 0. 0.
  0. 0. 0. 0. 0. 0. 0. 0. 0. 0. 0. 0. 0. 0. 0. 0. 0. 0. 0. 0. 0. 0. 0. 0.
  0. 0. 0. 0.]
 [1. 0. 1. 0. 0. 0. 0. 1. 1. 1. 1. 1. 0. 0. 1. 1. 1. 1. 0. 0. 0. 0. 0. 0.
  0. 0. 0. 0. 0. 0. 0. 0. 0. 0. 0. 0. 0. 0. 0. 0. 0. 0. 0. 0. 0. 0. 0. 0.
  0. 0. 0. 0. 0. 0. 0. 0. 0. 0. 0. 0. 0. 0. 0. 0. 0. 0. 0. 0. 0. 0. 0. 0.
  0. 0. 0. 0. 0. 0. 0. 0. 0. 0. 0. 0. 0. 0. 0. 0. 0. 0. 0. 0. 0. 0. 0. 0.
  0. 0. 0. 0.]
 [0. 1. 0. 1. 0. 1. 1. 0. 0. 0. 1. 0. 0. 1. 1. 0. 1. 0. 1. 1. 0. 0. 0. 0.
  0. 0. 0. 0. 0. 0. 0. 0. 0. 0. 0. 0. 0. 0. 0. 0. 0. 0. 0. 0. 0. 0. 0. 0.
  0. 0. 0. 0. 0. 0. 0. 0. 0. 0. 0. 0. 0. 0. 0. 0. 0. 0. 0. 0. 0. 0. 0. 0.
  0. 0. 0. 0. 0. 0. 0. 0. 0. 0. 0. 0. 0. 0. 0. 0. 0. 0. 0. 0. 0. 0. 0. 0.
  0. 0. 0. 0.]
 [1. 0. 0. 1. 0. 0. 0. 0. 0. 0. 0. 0. 1. 1. 1. 1. 1. 0. 0. 1. 0. 0. 0. 0.
  0. 0. 0. 0. 0. 0. 0. 0. 0. 0. 0. 0. 0. 0. 0. 0. 0. 0. 0. 0. 0. 0. 0. 0.
  0. 0. 0. 0. 0. 0. 0. 0. 0. 0. 0. 0. 0. 0. 0. 0. 0. 0. 0. 0. 0. 0. 0. 0.
  0. 0. 0. 0. 0. 0. 0. 0. 0. 0. 0. 0. 0. 0. 0. 0. 0. 0. 0. 0. 0. 0. 0. 0.
  0. 0. 0. 0.]
 [0. 0. 0. 0. 1. 1. 0. 1. 0. 0. 1. 1. 0. 1. 0. 1. 1. 1. 1. 0. 0. 0. 0. 0.
  0. 0. 0. 0. 0. 0. 0. 0. 0. 0. 0. 0. 0. 0. 0. 0. 0. 0. 0. 0. 0. 0. 0. 0.
  0. 0. 0. 0. 0. 0. 0. 0. 0. 0. 0. 0. 0. 0. 0. 0. 0. 0. 0. 0. 0. 0. 0. 0.
  0. 0. 0. 0. 0. 0. 0. 0. 0. 0. 0. 0. 0. 0. 0. 0. 0. 0. 0. 0. 0. 0. 0. 0.
  0. 0. 0. 0.]
 [0. 0. 1. 1. 1. 1. 0. 1. 0. 1. 1. 0. 1. 0. 0. 0. 1. 1. 1. 1. 0. 0. 0. 0.
  0. 0. 0. 0. 0. 0. 0. 0. 0. 0. 0. 0. 0. 0. 0. 0. 0. 0. 0. 0. 0. 0. 0. 0.
  0. 0. 0. 0. 0. 0. 0. 0. 0. 0. 0. 0. 0. 0. 0. 0. 0. 0. 0. 0. 0. 0. 0. 0.
  0. 0. 0. 0. 0. 0. 0. 0. 0. 0. 0. 0. 0. 0. 0. 0. 0. 0. 0. 0. 0. 0. 0. 0.
  0. 0. 0. 0.]
 [1. 1. 1. 1. 0. 1. 0. 1. 0. 1. 0. 1. 1. 0. 1. 0. 0. 1. 0. 1. 0. 0. 0. 0.
  0. 0. 0. 0. 0. 0. 0. 0. 0. 0. 0. 0. 0. 0. 0. 0. 0. 0. 0. 0. 0. 0. 0. 0.
  0. 0. 0. 0. 0. 0. 0. 0. 0. 0. 0. 0. 0. 0. 0. 0. 0. 0. 0. 0. 0. 0. 0. 0.
  0. 0. 0. 0. 0. 0. 0. 0. 0. 0. 0. 0. 0. 0. 0. 0. 0. 0. 0. 0. 0. 0. 0. 0.
  0. 0. 0. 0.]
 [1. 0. 0. 0. 1. 0. 0. 1. 1. 0. 1. 1. 1. 1. 0. 1. 1. 1. 1. 0. 0. 0. 0. 0.
  0. 0. 0. 0. 0. 0. 0. 0. 0. 0. 0. 0. 0. 0. 0. 0. 0. 0. 0. 0. 0. 0. 0. 0.
  0. 0. 0. 0. 0. 0. 0. 0. 0. 0. 0. 0. 0. 0. 0. 0. 0. 0. 0. 0. 0. 0. 0. 0.
  0. 0. 0. 0. 0. 0. 0. 0. 0. 0. 0. 0. 0. 0. 0. 0. 0. 0. 0. 0. 0. 0. 0. 0.
  0. 0. 0. 0.]
 [1. 0. 1. 1. 1. 0. 1. 0. 1. 1. 1. 0. 1. 0. 0. 1. 0. 1. 0. 1. 0. 0. 0. 0.
  0. 0. 0. 0. 0. 0. 0. 0. 0. 0. 0. 0. 0. 0. 0. 0. 0. 0. 0. 0. 0. 0. 0. 0.
  0. 0. 0. 0. 0. 0. 0. 0. 0. 0. 0. 0. 0. 0. 0. 0. 0. 0. 0. 0. 0. 0. 0. 0.
  0. 0. 0. 0. 0. 0. 0. 0. 0. 0. 0. 0. 0. 0. 0. 0. 0. 0. 0. 0. 0. 0. 0. 0.
  0. 0. 0. 0.]
 [1. 1. 0. 1. 0. 0. 1. 1. 0. 1. 0. 0. 1. 0. 1. 0. 0. 1. 0. 1. 0. 0. 0. 0.
  0. 0. 0. 0. 0. 0. 0. 0. 0. 0. 0. 0. 0. 0. 0. 0. 0. 0. 0. 0. 0. 0. 0. 0.
  0. 0. 0. 0. 0. 0. 0. 0. 0. 0. 0. 0. 0. 0. 0. 0. 0. 0. 0. 0. 0. 0. 0. 0.
  0. 0. 0. 0. 0. 0. 0. 0. 0. 0. 0. 0. 0. 0. 0. 0. 0. 0. 0. 0. 0. 0. 0. 0.
  0. 0. 0. 0.]
 [1. 1. 1. 1. 0. 0. 0. 0. 0. 0. 0. 0. 1. 1. 0. 0. 0. 0. 0. 0. 0. 0. 0. 0.
  0. 0. 0. 0. 0. 0. 0. 0. 0. 0. 0. 0. 0. 0. 0. 0. 0. 0. 0. 0. 0. 0. 0. 0.
  0. 0. 0. 0. 0. 0. 0. 0. 0. 0. 0. 0. 0. 0. 0. 0. 0. 0. 0. 0. 0. 0. 0. 0.
  0. 0. 0. 0. 0. 0. 0. 0. 0. 0. 0. 0. 0. 0. 0. 0. 0. 0. 0. 0. 0. 0. 0. 0.
  0. 0. 0. 0.]
 [0. 1. 1. 0. 0. 1. 0. 0. 0. 0. 0. 1. 1. 1. 0. 1. 1. 0. 0. 0. 0. 0. 0. 0.
  0. 0. 0. 0. 0. 0. 0. 0. 0. 0. 0. 0. 0. 0. 0. 0. 0. 0. 0. 0. 0. 0. 0. 0.
  0. 0. 0. 0. 0. 0. 0. 0. 0. 0. 0. 0. 0. 0. 0. 0. 0. 0. 0. 0. 0. 0. 0. 0.
  0. 0. 0. 0. 0. 0. 0. 0. 0. 0. 0. 0. 0. 0. 0. 0. 0. 0. 0. 0. 0. 0. 0. 0.
  0. 0. 0. 0.]
 [1. 0. 0. 0. 1. 1. 0. 1. 0. 1. 1. 1. 0. 1. 1. 1. 0. 1. 0. 1. 0. 0. 0. 0.
  0. 0. 0. 0. 0. 0. 0. 0. 0. 0. 0. 0. 0. 0. 0. 0. 0. 0. 0. 0. 0. 0. 0. 0.
  0. 0. 0. 0. 0. 0. 0. 0. 0. 0. 0. 0. 0. 0. 0. 0. 0. 0. 0. 0. 0. 0. 0. 0.
  0. 0. 0. 0. 0. 0. 0. 0. 0. 0. 0. 0. 0. 0. 0. 0. 0. 0. 0. 0. 0. 0. 0. 0.
  0. 0. 0. 0.]
 [1. 0. 1. 0. 0. 1. 0. 0. 1. 1. 1. 0. 0. 0. 1. 1. 1. 0. 0. 0. 0. 0. 0. 0.
  0. 0. 0. 0. 0. 0. 0. 0. 0. 0. 0. 0. 0. 0. 0. 0. 0. 0. 0. 0. 0. 0. 0. 0.
  0. 0. 0. 0. 0. 0. 0. 0. 0. 0. 0. 0. 0. 0. 0. 0. 0. 0. 0. 0. 0. 0. 0. 0.
  0. 0. 0. 0. 0. 0. 0. 0. 0. 0. 0. 0. 0. 0. 0. 0. 0. 0. 0. 0. 0. 0. 0. 0.
  0. 0. 0. 0.]
 [1. 0. 0. 1. 0. 0. 0. 0. 1. 0. 0. 1. 0. 0. 1. 1. 0. 0. 1. 0. 0. 0. 0. 0.
  0. 0. 0. 0. 0. 0. 0. 0. 0. 0. 0. 0. 0. 0. 0. 0. 0. 0. 0. 0. 0. 0. 0. 0.
  0. 0. 0. 0. 0. 0. 0. 0. 0. 0. 0. 0. 0. 0. 0. 0. 0. 0. 0. 0. 0. 0. 0. 0.
  0. 0. 0. 0. 0. 0. 0. 0. 0. 0. 0. 0. 0. 0. 0. 0. 0. 0. 0. 0. 0. 0. 0. 0.
  0. 0. 0. 0.]
 [1. 1. 1. 1. 1. 0. 1. 0. 0. 0. 1. 0. 1. 1. 1. 1. 0. 1. 0. 1. 0. 0. 0. 0.
  0. 0. 0. 0. 0. 0. 0. 0. 0. 0. 0. 0. 0. 0. 0. 0. 0. 0. 0. 0. 0. 0. 0. 0.
  0. 0. 0. 0. 0. 0. 0. 0. 0. 0. 0. 0. 0. 0. 0. 0. 0. 0. 0. 0. 0. 0. 0. 0.
  0. 0. 0. 0. 0. 0. 0. 0. 0. 0. 0. 0. 0. 0. 0. 0. 0. 0. 0. 0. 0. 0. 0. 0.
  0. 0. 0. 0.]
 [1. 0. 1. 0. 1. 1. 1. 1. 1. 0. 1. 1. 1. 1. 0. 1. 1. 0. 1. 0. 0. 0. 0. 0.
  0. 0. 0. 0. 0. 0. 0. 0. 0. 0. 0. 0. 0. 0. 0. 0. 0. 0. 0. 0. 0. 0. 0. 0.
  0. 0. 0. 0. 0. 0. 0. 0. 0. 0. 0. 0. 0. 0. 0. 0. 0. 0. 0. 0. 0. 0. 0. 0.
  0. 0. 0. 0. 0. 0. 0. 0. 0. 0. 0. 0. 0. 0. 0. 0. 0. 0. 0. 0. 0. 0. 0. 0.
  0. 0. 0. 0.]]
start_times_array: [[6.7414e+04 6.7497e+04 6.7556e+04 6.7605e+04 6.7689e+04 6.7724e+04
  6.7792e+04 6.7850e+04 6.7916e+04 6.7960e+04 6.7962e+04 6.8025e+04
  6.8050e+04 6.8120e+04 6.8121e+04 6.8205e+04 6.8261e+04 6.8296e+04
  6.8342e+04 6.8423e+04]
 [2.3480e+03 2.3590e+03 2.4260e+03 2.4710e+03 6.7323e+04 6.7414e+04
  6.7474e+04 6.7535e+04 6.7541e+04 6.7636e+04 6.7654e+04 6.7661e+04
  6.7734e+04 6.7737e+04 6.7829e+04 6.7859e+04 6.7952e+04 6.7959e+04
  6.7996e+04 6.8010e+04]
 [6.6499e+04 6.6533e+04 6.6538e+04 6.6540e+04 6.6612e+04 6.6638e+04
  6.6693e+04 6.6717e+04 6.6778e+04 6.6806e+04 6.6904e+04 6.6907e+04
  6.6908e+04 6.6936e+04 6.7028e+04 6.7067e+04 6.7093e+04 6.7184e+04
  6.7225e+04 6.7231e+04]
 [6.5338e+04 6.5347e+04 6.5424e+04 6.5484e+04 6.5529e+04 6.5611e+04
  6.5631e+04 6.5717e+04 6.5805e+04 6.5823e+04 6.5906e+04 6.5928e+04
  6.6001e+04 6.6093e+04 6.6177e+04 6.6245e+04 6.6300e+04 6.6365e+04
  6.6375e+04 6.6439e+04]
 [6.4333e+04 6.4395e+04 6.4470e+04 6.4499e+04 6.4580e+04 6.4669e+04
  6.4703e+04 6.4737e+04 6.4761e+04 6.4859e+04 6.4954e+04 6.5014e+04
  6.5037e+04 6.5091e+04 6.5163e+04 6.5166e+04 6.5248e+04 6.5289e+04
  6.5338e+04 6.5435e+04]
 [6.3001e+04 6.3081e+04 6.3176e+04 6.3227e+04 6.3323e+04 6.3347e+04
  6.3362e+04 6.3452e+04 6.3525e+04 6.3624e+04 6.3692e+04 6.3788e+04
  6.3855e+04 6.3951e+04 6.4007e+04 6.4030e+04 6.4068e+04 6.4165e+04
  6.4209e+04 6.4250e+04]
 [4.4460e+03 6.2128e+04 6.2220e+04 6.2286e+04 6.2345e+04 6.2376e+04
  6.2439e+04 6.2441e+04 6.2454e+04 6.2486e+04 6.2525e+04 6.2578e+04
  6.2602e+04 6.2687e+04 6.2712e+04 6.2765e+04 6.2855e+04 6.2904e+04
  6.2946e+04 6.3000e+04]
 [6.1273e+04 6.1283e+04 6.1351e+04 6.1437e+04 6.1463e+04 6.1527e+04
  6.1557e+04 6.1635e+04 6.1706e+04 6.1801e+04 6.1818e+04 6.1910e+04
  6.1940e+04 6.1981e+04 6.2035e+04 6.2047e+04 6.2051e+04 6.2068e+04
  6.2128e+04 6.2182e+04]
 [6.0288e+04 6.0312e+04 6.0335e+04 6.0381e+04 6.0420e+04 6.0452e+04
  6.0492e+04 6.0544e+04 6.0580e+04 6.0663e+04 6.0686e+04 6.0704e+04
  6.0796e+04 6.0891e+04 6.0958e+04 6.0989e+04 6.1014e+04 6.1083e+04
  6.1129e+04 6.1180e+04]
 [5.9229e+04 5.9283e+04 5.9364e+04 5.9401e+04 5.9453e+04 5.9519e+04
  5.9521e+04 5.9617e+04 5.9712e+04 5.9756e+04 5.9847e+04 5.9930e+04
  5.9997e+04 6.0019e+04 6.0063e+04 6.0064e+04 6.0085e+04 6.0130e+04
  6.0167e+04 6.0238e+04]
 [5.8103e+04 5.8155e+04 5.8198e+04 5.8206e+04 5.8403e+04 5.8467e+04
  5.8499e+04 5.8521e+04 5.8558e+04 5.8612e+04 5.8708e+04 5.8800e+04
  5.8858e+04 5.8874e+04 5.8960e+04 5.9017e+04 5.9020e+04 5.9088e+04
  5.9182e+04 5.9199e+04]
 [5.7402e+04 5.7431e+04 5.7439e+04 5.7528e+04 5.7561e+04 5.7575e+04
  5.7674e+04 5.7758e+04 5.7836e+04 5.7841e+04 5.7917e+04 5.7978e+04
  5.8073e+04 5.8094e+04 5.8103e+04 5.8198e+04 5.8254e+04 5.8281e+04
  5.8356e+04 5.8398e+04]
 [5.6343e+04 5.6509e+04 5.6539e+04 5.6591e+04 5.6681e+04 5.6739e+04
  5.6749e+04 5.6792e+04 5.6799e+04 5.6879e+04 5.6895e+04 5.6905e+04
  5.6997e+04 5.7053e+04 5.7074e+04 5.7150e+04 5.7165e+04 5.7260e+04
  5.7270e+04 5.7334e+04]
 [5.5720e+04 5.5766e+04 5.5843e+04 5.5866e+04 5.5899e+04 5.5903e+04
  5.5969e+04 5.5974e+04 5.6026e+04 5.6028e+04 5.6062e+04 5.6086e+04
  5.6175e+04 5.6221e+04 5.6256e+04 5.6266e+04 5.6290e+04 5.6343e+04
  5.6441e+04 5.6460e+04]
 [5.4670e+04 5.4853e+04 5.4948e+04 5.4949e+04 5.5039e+04 5.5114e+04
  5.5173e+04 5.5209e+04 5.5266e+04 5.5339e+04 5.5378e+04 5.5460e+04
  5.5467e+04 5.5494e+04 5.5495e+04 5.5534e+04 5.5555e+04 5.5625e+04
  5.5639e+04 5.5651e+04]
 [5.2329e+04 5.2440e+04 5.3425e+04 5.4212e+04 5.4245e+04 5.4310e+04
  5.4334e+04 5.4384e+04 5.4423e+04 5.4464e+04 5.4534e+04 5.4581e+04
  5.4670e+04 5.4702e+04 5.4751e+04 5.4822e+04 5.4853e+04 5.4866e+04
  5.4934e+04 5.4999e+04]
 [5.2274e+04 5.3203e+04 5.3389e+04 5.3425e+04 5.3453e+04 5.3547e+04
  5.3632e+04 5.3652e+04 5.3746e+04 5.3823e+04 5.3843e+04 5.3917e+04
  5.3949e+04 5.4017e+04 5.4041e+04 5.4042e+04 5.4117e+04 5.4133e+04
  5.4212e+04 5.4294e+04]
 [5.2196e+04 5.2274e+04 5.2453e+04 5.2516e+04 5.2989e+04 5.3048e+04
  5.3116e+04 5.3203e+04 5.3209e+04 5.3260e+04 5.3261e+04 5.3309e+04
  5.3384e+04 5.3389e+04 5.3436e+04 5.3528e+04 5.3573e+04 5.3625e+04
  5.3646e+04 5.3673e+04]
 [5.1939e+04 5.2040e+04 5.2044e+04 5.2114e+04 5.2150e+04 5.2196e+04
  5.2274e+04 5.2334e+04 5.2401e+04 5.2440e+04 5.2511e+04 5.2572e+04
  5.2647e+04 5.2660e+04 5.2729e+04 5.2805e+04 5.2809e+04 5.2863e+04
  5.2960e+04 5.2989e+04]
 [4.9101e+04 5.0568e+04 5.1137e+04 5.1173e+04 5.1198e+04 5.1230e+04
  5.1307e+04 5.1379e+04 5.1418e+04 5.1499e+04 5.1557e+04 5.1606e+04
  5.1662e+04 5.1684e+04 5.1730e+04 5.1745e+04 5.1803e+04 5.1856e+04
  5.1883e+04 5.2029e+04]
 [5.9600e+02 6.2100e+02 6.8700e+02 9.4400e+02 9.6700e+02 1.0670e+03
  1.3480e+03 1.9820e+03 2.0510e+03 2.0770e+03 3.1270e+03 3.2220e+03
  3.2780e+03 3.3090e+03 3.3190e+03 3.4020e+03 4.2170e+03 5.1037e+04
  5.1045e+04 5.1069e+04]
 [3.8200e+02 9.2000e+02 9.4900e+02 4.8941e+04 5.0271e+04 5.0357e+04
  5.0373e+04 5.0437e+04 5.0476e+04 5.0496e+04 5.0553e+04 5.0568e+04
  5.0602e+04 5.0670e+04 5.0752e+04 5.0809e+04 5.0822e+04 5.0879e+04
  5.0965e+04 5.1037e+04]
 [2.8400e+02 3.3000e+02 4.2500e+02 7.1300e+02 1.4670e+03 6.6670e+03
  4.8910e+04 4.9678e+04 4.9768e+04 4.9825e+04 4.9919e+04 4.9942e+04
  4.9993e+04 5.0010e+04 5.0083e+04 5.0106e+04 5.0140e+04 5.0188e+04
  5.0271e+04 5.0303e+04]
 [5.9200e+02 4.8701e+04 4.8733e+04 4.8848e+04 4.9101e+04 4.9175e+04
  4.9257e+04 4.9308e+04 4.9359e+04 4.9410e+04 4.9481e+04 4.9509e+04
  4.9536e+04 4.9623e+04 4.9645e+04 4.9678e+04 4.9723e+04 4.9767e+04
  4.9863e+04 4.9944e+04]
 [6.4500e+02 3.4660e+03 3.5260e+03 4.7967e+04 4.8400e+04 4.8473e+04
  4.8556e+04 4.8620e+04 4.8641e+04 4.8647e+04 4.8700e+04 4.8701e+04
  4.8768e+04 4.8848e+04 4.8873e+04 4.8910e+04 4.8981e+04 4.8998e+04
  4.9046e+04 4.9089e+04]
 [1.4530e+03 2.2090e+03 4.7642e+04 4.7684e+04 4.7755e+04 4.7768e+04
  4.7866e+04 4.7890e+04 4.7967e+04 4.8036e+04 4.8126e+04 4.8206e+04
  4.8279e+04 4.8333e+04 4.8346e+04 4.8375e+04 4.8400e+04 4.8462e+04
  4.8473e+04 4.8517e+04]
 [4.5748e+04 4.6608e+04 4.6675e+04 4.6727e+04 4.6733e+04 4.6763e+04
  4.6788e+04 4.6861e+04 4.7190e+04 4.7243e+04 4.7262e+04 4.7346e+04
  4.7398e+04 4.7478e+04 4.7541e+04 4.7562e+04 4.7564e+04 4.7642e+04
  4.7671e+04 4.7715e+04]
 [3.5920e+03 4.3450e+03 5.1780e+03 4.5681e+04 4.6074e+04 4.6143e+04
  4.6193e+04 4.6195e+04 4.6715e+04 4.6746e+04 4.6807e+04 4.6888e+04
  4.6982e+04 4.7005e+04 4.7094e+04 4.7115e+04 4.7190e+04 4.7289e+04
  4.7340e+04 4.7562e+04]
 [5.9700e+02 4.5611e+04 4.5681e+04 4.5743e+04 4.6000e+04 4.6074e+04
  4.6172e+04 4.6198e+04 4.6294e+04 4.6304e+04 4.6372e+04 4.6408e+04
  4.6414e+04 4.6438e+04 4.6442e+04 4.6454e+04 4.6483e+04 4.6529e+04
  4.6608e+04 4.6636e+04]
 [4.5153e+04 4.5207e+04 4.5248e+04 4.5309e+04 4.5365e+04 4.5457e+04
  4.5516e+04 4.5611e+04 4.5657e+04 4.5700e+04 4.5701e+04 4.5750e+04
  4.5792e+04 4.5794e+04 4.5826e+04 4.5881e+04 4.5883e+04 4.5940e+04
  4.6000e+04 4.6076e+04]
 [4.4100e+02 2.3480e+03 4.4268e+04 4.4701e+04 4.4751e+04 4.4802e+04
  4.4825e+04 4.4837e+04 4.4875e+04 4.4955e+04 4.5020e+04 4.5062e+04
  4.5153e+04 4.5229e+04 4.5303e+04 4.5339e+04 4.5366e+04 4.5413e+04
  4.5457e+04 4.5467e+04]
 [8.8700e+02 1.1340e+03 4.3447e+04 4.3540e+04 4.3725e+04 4.3809e+04
  4.3892e+04 4.3946e+04 4.4037e+04 4.4124e+04 4.4161e+04 4.4232e+04
  4.4235e+04 4.4268e+04 4.4306e+04 4.4386e+04 4.4477e+04 4.4556e+04
  4.4611e+04 4.4701e+04]
 [9.9100e+02 6.4710e+03 4.3300e+04 4.3319e+04 4.3376e+04 4.3447e+04
  4.3533e+04 4.3592e+04 4.3609e+04 4.3630e+04 4.3672e+04 4.3674e+04
  4.3725e+04 4.3809e+04 4.3831e+04 4.3838e+04 4.3855e+04 4.3907e+04
  4.3991e+04 4.4007e+04]
 [4.2174e+04 4.2197e+04 4.2245e+04 4.2313e+04 4.2404e+04 4.2852e+04
  4.2944e+04 4.2983e+04 4.2995e+04 4.3010e+04 4.3052e+04 4.3057e+04
  4.3062e+04 4.3147e+04 4.3225e+04 4.3300e+04 4.3381e+04 4.3432e+04
  4.3467e+04 4.4173e+04]
 [2.3900e+02 1.3640e+03 1.4010e+03 4.2271e+04 4.2285e+04 4.2329e+04
  4.2397e+04 4.2419e+04 4.2527e+04 4.2540e+04 4.2620e+04 4.2670e+04
  4.2759e+04 4.2771e+04 4.2816e+04 4.2852e+04 4.2882e+04 4.2910e+04
  4.2966e+04 4.3313e+04]
 [4.1454e+04 4.1546e+04 4.1580e+04 4.1582e+04 4.1617e+04 4.1699e+04
  4.1998e+04 4.2074e+04 4.2077e+04 4.2166e+04 4.2174e+04 4.2271e+04
  4.2294e+04 4.2320e+04 4.2369e+04 4.2435e+04 4.2472e+04 4.2527e+04
  4.2599e+04 4.2669e+04]
 [2.2760e+03 4.0783e+04 4.1401e+04 4.1454e+04 4.1537e+04 4.1541e+04
  4.1609e+04 4.1649e+04 4.1729e+04 4.1746e+04 4.1836e+04 4.1893e+04
  4.1974e+04 4.1998e+04 4.2024e+04 4.2059e+04 4.2072e+04 4.2110e+04
  4.2169e+04 4.2215e+04]
 [3.9462e+04 4.0394e+04 4.0459e+04 4.0509e+04 4.0601e+04 4.0689e+04
  4.0700e+04 4.0783e+04 4.0870e+04 4.0912e+04 4.0969e+04 4.1056e+04
  4.1139e+04 4.1182e+04 4.1280e+04 4.1327e+04 4.1401e+04 4.1462e+04
  4.1465e+04 4.1546e+04]
 [3.9449e+04 3.9585e+04 3.9629e+04 3.9713e+04 3.9732e+04 3.9801e+04
  3.9824e+04 3.9856e+04 3.9886e+04 3.9912e+04 3.9976e+04 4.0031e+04
  4.0058e+04 4.0110e+04 4.0127e+04 4.0224e+04 4.0245e+04 4.0318e+04
  4.0363e+04 4.0394e+04]
 [2.5570e+03 2.5950e+03 3.8808e+04 3.8856e+04 3.8910e+04 3.8964e+04
  3.9002e+04 3.9041e+04 3.9090e+04 3.9119e+04 3.9217e+04 3.9303e+04
  3.9323e+04 3.9346e+04 3.9368e+04 3.9449e+04 3.9487e+04 3.9585e+04
  3.9681e+04 3.9771e+04]
 [8.3400e+02 9.0400e+02 9.5200e+02 1.0450e+03 1.1310e+03 1.1520e+03
  1.2490e+03 1.2560e+03 1.3240e+03 1.3290e+03 1.3420e+03 1.8810e+03
  1.9600e+03 2.0540e+03 3.8727e+04 3.8777e+04 3.8865e+04 3.9020e+04
  3.9103e+04 3.9144e+04]
 [1.1140e+03 1.2990e+03 3.8188e+04 3.8221e+04 3.8267e+04 3.8281e+04
  3.8448e+04 3.8518e+04 3.8581e+04 3.8619e+04 3.8682e+04 3.8727e+04
  3.8826e+04 3.8867e+04 3.8910e+04 3.8974e+04 3.9008e+04 3.9020e+04
  3.9074e+04 3.9140e+04]
 [3.7051e+04 3.7111e+04 3.7210e+04 3.7305e+04 3.7346e+04 3.7417e+04
  3.7505e+04 3.7650e+04 3.7742e+04 3.7841e+04 3.7893e+04 3.7962e+04
  3.8041e+04 3.8071e+04 3.8074e+04 3.8129e+04 3.8188e+04 3.8276e+04
  3.8304e+04 3.8375e+04]
 [3.8500e+02 5.9000e+02 9.5400e+02 1.3750e+03 1.4510e+03 3.6720e+04
  3.6747e+04 3.6762e+04 3.6841e+04 3.6940e+04 3.6979e+04 3.7051e+04
  3.7133e+04 3.7210e+04 3.7235e+04 3.7331e+04 3.7423e+04 3.7521e+04
  3.7600e+04 3.7631e+04]
 [1.8090e+03 3.3971e+04 3.5749e+04 3.5812e+04 3.6022e+04 3.6089e+04
  3.6169e+04 3.6229e+04 3.6265e+04 3.6385e+04 3.6407e+04 3.6451e+04
  3.6532e+04 3.6586e+04 3.6606e+04 3.6673e+04 3.6698e+04 3.6747e+04
  3.6825e+04 3.6900e+04]
 [7.8640e+03 3.3898e+04 3.5353e+04 3.5612e+04 3.5616e+04 3.5646e+04
  3.5673e+04 3.5749e+04 3.5803e+04 3.5851e+04 3.5933e+04 3.6022e+04
  3.6030e+04 3.6110e+04 3.6136e+04 3.6234e+04 3.6331e+04 3.6341e+04
  3.6407e+04 3.6483e+04]
 [5.2000e+02 9.3600e+02 1.0610e+03 1.2670e+03 1.3420e+03 1.3580e+03
  1.4270e+03 1.4790e+03 1.5000e+03 2.1810e+03 3.6360e+03 4.8520e+03
  3.5045e+04 3.5123e+04 3.5451e+04 3.5507e+04 3.5530e+04 3.5560e+04
  3.5611e+04 3.5638e+04]
 [1.3310e+03 3.3674e+04 3.3842e+04 3.3898e+04 3.4852e+04 3.4929e+04
  3.4990e+04 3.5045e+04 3.5132e+04 3.5152e+04 3.5212e+04 3.5252e+04
  3.5275e+04 3.5292e+04 3.5316e+04 3.5353e+04 3.5405e+04 3.5451e+04
  3.5547e+04 3.5566e+04]
 [1.0960e+03 1.1900e+03 1.1990e+03 1.2120e+03 1.2860e+03 1.2900e+03
  1.3240e+03 1.3650e+03 1.3680e+03 1.4290e+03 1.4570e+03 1.5050e+03
  1.6790e+03 1.7160e+03 1.8920e+03 1.8980e+03 2.0500e+03 3.4659e+04
  3.4754e+04 3.4852e+04]
 [3.3016e+04 3.3638e+04 3.3664e+04 3.3674e+04 3.3749e+04 3.3842e+04
  3.3851e+04 3.3943e+04 3.3998e+04 3.4061e+04 3.4112e+04 3.4145e+04
  3.4205e+04 3.4296e+04 3.4347e+04 3.4443e+04 3.4461e+04 3.4536e+04
  3.4609e+04 3.5246e+04]
 [3.2788e+04 3.2816e+04 3.2857e+04 3.2949e+04 3.3006e+04 3.3016e+04
  3.3021e+04 3.3106e+04 3.3147e+04 3.3245e+04 3.3257e+04 3.3319e+04
  3.3358e+04 3.3411e+04 3.3462e+04 3.3543e+04 3.3599e+04 3.3638e+04
  3.3643e+04 3.3733e+04]
 [1.7090e+03 3.2081e+04 3.2146e+04 3.2193e+04 3.2230e+04 3.2240e+04
  3.2253e+04 3.2254e+04 3.2352e+04 3.2387e+04 3.2404e+04 3.2463e+04
  3.2549e+04 3.2565e+04 3.2631e+04 3.2632e+04 3.2651e+04 3.2661e+04
  3.2662e+04 3.2721e+04]
 [3.0815e+04 3.0839e+04 3.1314e+04 3.1401e+04 3.1488e+04 3.1583e+04
  3.1627e+04 3.1635e+04 3.1677e+04 3.1698e+04 3.1737e+04 3.1812e+04
  3.1891e+04 3.1964e+04 3.1985e+04 3.1993e+04 3.2080e+04 3.2146e+04
  3.2171e+04 3.2229e+04]
 [3.0242e+04 3.0287e+04 3.0316e+04 3.0411e+04 3.0466e+04 3.0528e+04
  3.0625e+04 3.0702e+04 3.0704e+04 3.0747e+04 3.0815e+04 3.0909e+04
  3.0929e+04 3.0990e+04 3.1068e+04 3.1133e+04 3.1203e+04 3.1245e+04
  3.1314e+04 3.1373e+04]
 [2.9254e+04 2.9333e+04 2.9388e+04 2.9453e+04 2.9514e+04 2.9599e+04
  2.9635e+04 2.9666e+04 2.9746e+04 2.9747e+04 2.9809e+04 2.9882e+04
  2.9913e+04 2.9975e+04 2.9988e+04 3.0015e+04 3.0043e+04 3.0095e+04
  3.0166e+04 3.0242e+04]
 [2.8527e+04 2.8535e+04 2.8610e+04 2.8620e+04 2.8685e+04 2.8724e+04
  2.8774e+04 2.8789e+04 2.8835e+04 2.8841e+04 2.8857e+04 2.8944e+04
  2.8975e+04 2.9053e+04 2.9086e+04 2.9167e+04 2.9168e+04 2.9254e+04
  2.9270e+04 2.9334e+04]
 [2.7105e+04 2.7568e+04 2.7619e+04 2.7685e+04 2.7716e+04 2.7772e+04
  2.7814e+04 2.7907e+04 2.7912e+04 2.8011e+04 2.8027e+04 2.8103e+04
  2.8135e+04 2.8164e+04 2.8197e+04 2.8220e+04 2.8285e+04 2.8337e+04
  2.8436e+04 2.8527e+04]
 [1.2100e+03 2.5763e+04 2.5854e+04 2.6392e+04 2.6811e+04 2.6872e+04
  2.6926e+04 2.6973e+04 2.7066e+04 2.7409e+04 2.7471e+04 2.7477e+04
  2.7540e+04 2.7568e+04 2.7572e+04 2.7656e+04 2.7716e+04 2.7786e+04
  2.7808e+04 2.7884e+04]
 [9.4900e+02 1.3280e+03 1.4110e+03 2.5649e+04 2.6582e+04 2.6679e+04
  2.6724e+04 2.6755e+04 2.6811e+04 2.6906e+04 2.6936e+04 2.7023e+04
  2.7046e+04 2.7117e+04 2.7178e+04 2.7270e+04 2.7271e+04 2.7276e+04
  2.7368e+04 2.7394e+04]
 [2.4645e+04 2.5591e+04 2.5649e+04 2.5711e+04 2.5752e+04 2.5763e+04
  2.5780e+04 2.5825e+04 2.5898e+04 2.5900e+04 2.5957e+04 2.6022e+04
  2.6073e+04 2.6148e+04 2.6207e+04 2.6304e+04 2.6392e+04 2.6444e+04
  2.6452e+04 2.6511e+04]
 [2.3708e+04 2.4014e+04 2.4575e+04 2.4645e+04 2.4730e+04 2.4738e+04
  2.4834e+04 2.4916e+04 2.4950e+04 2.5026e+04 2.5071e+04 2.5170e+04
  2.5209e+04 2.5235e+04 2.5311e+04 2.5356e+04 2.5433e+04 2.5530e+04
  2.5533e+04 2.5538e+04]
 [2.3696e+04 2.3708e+04 2.3852e+04 2.3905e+04 2.3956e+04 2.3973e+04
  2.4014e+04 2.4039e+04 2.4129e+04 2.4150e+04 2.4215e+04 2.4249e+04
  2.4300e+04 2.4360e+04 2.4411e+04 2.4478e+04 2.4575e+04 2.4615e+04
  2.4639e+04 2.4661e+04]
 [2.2891e+04 2.3179e+04 2.3215e+04 2.3306e+04 2.3374e+04 2.3438e+04
  2.3440e+04 2.3446e+04 2.3511e+04 2.3555e+04 2.3605e+04 2.3626e+04
  2.3690e+04 2.3696e+04 2.3795e+04 2.3839e+04 2.3852e+04 2.3894e+04
  2.3906e+04 2.3921e+04]
 [6.1200e+02 1.7720e+03 2.2219e+04 2.2248e+04 2.2323e+04 2.2747e+04
  2.2840e+04 2.2881e+04 2.2891e+04 2.2954e+04 2.3024e+04 2.3108e+04
  2.3131e+04 2.3140e+04 2.3179e+04 2.3188e+04 2.3211e+04 2.3279e+04
  2.3344e+04 2.3353e+04]
 [2.2004e+04 2.2087e+04 2.2113e+04 2.2116e+04 2.2153e+04 2.2219e+04
  2.2282e+04 2.2292e+04 2.2375e+04 2.2455e+04 2.2500e+04 2.2516e+04
  2.2598e+04 2.2610e+04 2.2695e+04 2.2725e+04 2.2727e+04 2.2734e+04
  2.2747e+04 2.2782e+04]
 [2.0720e+04 2.1278e+04 2.1307e+04 2.1357e+04 2.1362e+04 2.1368e+04
  2.1374e+04 2.1462e+04 2.1512e+04 2.1562e+04 2.1627e+04 2.1695e+04
  2.1766e+04 2.1811e+04 2.1862e+04 2.1914e+04 2.1967e+04 2.2004e+04
  2.2005e+04 2.2014e+04]
 [1.8900e+02 5.4200e+02 6.4400e+02 1.8850e+03 4.2220e+03 2.0600e+04
  2.0673e+04 2.0720e+04 2.0728e+04 2.0802e+04 2.0845e+04 2.0943e+04
  2.0956e+04 2.0964e+04 2.0996e+04 2.1049e+04 2.1119e+04 2.1189e+04
  2.1226e+04 2.1533e+04]
 [3.1300e+02 3.5400e+02 6.6000e+02 1.3930e+03 1.4270e+03 1.5150e+03
  1.6110e+03 1.6800e+03 1.7980e+03 1.8330e+03 2.1300e+03 2.1830e+03
  1.9836e+04 1.9890e+04 1.9911e+04 2.0001e+04 2.0413e+04 2.0436e+04
  2.0452e+04 2.0949e+04]
 [5.9600e+02 4.1730e+03 1.8848e+04 1.9713e+04 1.9747e+04 2.0039e+04
  2.0075e+04 2.0156e+04 2.0185e+04 2.0284e+04 2.0380e+04 2.0385e+04
  2.0413e+04 2.0510e+04 2.0521e+04 2.0600e+04 2.0691e+04 2.0756e+04
  2.0761e+04 2.0855e+04]
 [1.3830e+03 1.9036e+04 1.9070e+04 1.9126e+04 1.9203e+04 1.9234e+04
  1.9331e+04 1.9411e+04 1.9499e+04 1.9532e+04 1.9605e+04 1.9676e+04
  1.9713e+04 1.9791e+04 1.9872e+04 1.9943e+04 1.9993e+04 2.0039e+04
  2.0129e+04 2.0151e+04]
 [4.2500e+02 5.0300e+02 2.7370e+03 1.7502e+04 1.7744e+04 1.8560e+04
  1.8563e+04 1.8615e+04 1.8619e+04 1.8718e+04 1.8742e+04 1.8752e+04
  1.8793e+04 1.8802e+04 1.8829e+04 1.8848e+04 1.8938e+04 1.8993e+04
  1.9036e+04 1.9041e+04]
 [1.7045e+04 1.7117e+04 1.7624e+04 1.7681e+04 1.7744e+04 1.7814e+04
  1.7878e+04 1.7933e+04 1.7963e+04 1.7989e+04 1.7995e+04 1.8065e+04
  1.8113e+04 1.8204e+04 1.8301e+04 1.8378e+04 1.8472e+04 1.8560e+04
  1.8635e+04 1.8752e+04]
 [2.7020e+03 1.6406e+04 1.6447e+04 1.6495e+04 1.6813e+04 1.6886e+04
  1.6959e+04 1.7026e+04 1.7045e+04 1.7117e+04 1.7199e+04 1.7278e+04
  1.7323e+04 1.7351e+04 1.7415e+04 1.7437e+04 1.7502e+04 1.7581e+04
  1.7595e+04 1.7624e+04]
 [1.5291e+04 1.5542e+04 1.5596e+04 1.6147e+04 1.6157e+04 1.6230e+04
  1.6262e+04 1.6323e+04 1.6373e+04 1.6406e+04 1.6487e+04 1.6544e+04
  1.6643e+04 1.6655e+04 1.6704e+04 1.6741e+04 1.6813e+04 1.6903e+04
  1.6963e+04 1.6969e+04]
 [1.3070e+03 1.3750e+03 1.4811e+04 1.5199e+04 1.5222e+04 1.5291e+04
  1.5347e+04 1.5385e+04 1.5400e+04 1.5467e+04 1.5542e+04 1.5594e+04
  1.5685e+04 1.5740e+04 1.5796e+04 1.5869e+04 1.5949e+04 1.6037e+04
  1.6062e+04 1.6082e+04]
 [6.9100e+02 8.0800e+02 8.8400e+02 1.4760e+03 1.5150e+03 1.4727e+04
  1.5043e+04 1.5057e+04 1.5070e+04 1.5102e+04 1.5131e+04 1.5154e+04
  1.5166e+04 1.5199e+04 1.5258e+04 1.5385e+04 1.5406e+04 1.5414e+04
  1.5496e+04 1.5569e+04]
 [4.7000e+01 1.0000e+02 1.2100e+02 1.2600e+02 1.6700e+02 4.3800e+02
  4.6600e+02 5.9800e+02 1.2470e+03 1.5850e+03 1.4317e+04 1.4334e+04
  1.4481e+04 1.4553e+04 1.4585e+04 1.4632e+04 1.4700e+04 1.4790e+04
  1.4855e+04 1.4918e+04]
 [1.3877e+04 1.4086e+04 1.4167e+04 1.4243e+04 1.4287e+04 1.4317e+04
  1.4401e+04 1.4455e+04 1.4481e+04 1.4500e+04 1.4593e+04 1.4676e+04
  1.4683e+04 1.4727e+04 1.4735e+04 1.4740e+04 1.4806e+04 1.4864e+04
  1.4962e+04 1.5043e+04]
 [1.3385e+04 1.3418e+04 1.3474e+04 1.3559e+04 1.3574e+04 1.3612e+04
  1.3676e+04 1.3700e+04 1.3773e+04 1.3792e+04 1.3818e+04 1.3877e+04
  1.3889e+04 1.3903e+04 1.3925e+04 1.3963e+04 1.4028e+04 1.4086e+04
  1.4178e+04 1.4218e+04]
 [4.0000e+00 9.6000e+01 2.4800e+02 6.3300e+02 6.7400e+02 7.2500e+02
  7.7100e+02 7.7800e+02 8.0800e+02 1.4890e+03 1.6170e+03 1.3137e+04
  1.3218e+04 1.3300e+04 1.3385e+04 1.3455e+04 1.3489e+04 1.3504e+04
  1.3602e+04 1.3699e+04]
 [5.2800e+02 1.2373e+04 1.2383e+04 1.2456e+04 1.2506e+04 1.2509e+04
  1.2525e+04 1.2549e+04 1.2637e+04 1.2731e+04 1.2742e+04 1.2800e+04
  1.2804e+04 1.2870e+04 1.2928e+04 1.2970e+04 1.3039e+04 1.3137e+04
  1.3187e+04 1.3212e+04]
 [3.3800e+02 3.1700e+03 1.1427e+04 1.1511e+04 1.1643e+04 1.1948e+04
  1.1951e+04 1.2027e+04 1.2104e+04 1.2139e+04 1.2180e+04 1.2236e+04
  1.2267e+04 1.2317e+04 1.2373e+04 1.2448e+04 1.2490e+04 1.2527e+04
  1.2621e+04 1.2624e+04]
 [9.5000e+01 1.8300e+02 2.6000e+02 1.0468e+04 1.0773e+04 1.0780e+04
  1.1328e+04 1.1344e+04 1.1364e+04 1.1420e+04 1.1427e+04 1.1474e+04
  1.1476e+04 1.1525e+04 1.1578e+04 1.1643e+04 1.1719e+04 1.1801e+04
  1.1813e+04 1.1854e+04]
 [9.6370e+03 1.0308e+04 1.0407e+04 1.0468e+04 1.0496e+04 1.0555e+04
  1.0619e+04 1.0670e+04 1.0747e+04 1.0773e+04 1.0816e+04 1.0888e+04
  1.0951e+04 1.1019e+04 1.1023e+04 1.1109e+04 1.1196e+04 1.1273e+04
  1.1281e+04 1.1328e+04]
 [5.2100e+02 5.5370e+03 9.5670e+03 9.6630e+03 9.6700e+03 9.7520e+03
  9.8130e+03 9.9020e+03 9.9780e+03 1.0013e+04 1.0110e+04 1.0205e+04
  1.0210e+04 1.0214e+04 1.0225e+04 1.0308e+04 1.0373e+04 1.0459e+04
  1.0496e+04 1.0513e+04]
 [8.4830e+03 8.5340e+03 8.6060e+03 8.7090e+03 8.7440e+03 8.8640e+03
  8.9170e+03 8.9360e+03 9.0260e+03 9.0610e+03 9.1080e+03 9.1570e+03
  9.1910e+03 9.2590e+03 9.3050e+03 9.3850e+03 9.4150e+03 9.4860e+03
  9.5170e+03 9.5670e+03]
 [1.2600e+03 7.3550e+03 7.4260e+03 7.4710e+03 7.5810e+03 7.8520e+03
  7.9470e+03 8.4170e+03 8.4380e+03 8.4560e+03 8.4770e+03 8.4780e+03
  8.4830e+03 8.5000e+03 8.5830e+03 8.6410e+03 8.7090e+03 8.7750e+03
  8.8640e+03 8.8990e+03]
 [3.6000e+01 1.7600e+02 8.9000e+02 1.4090e+03 7.2650e+03 7.6520e+03
  7.6830e+03 7.7580e+03 7.8460e+03 7.8640e+03 7.9440e+03 7.9920e+03
  8.0660e+03 8.1210e+03 8.1890e+03 8.2770e+03 8.3620e+03 8.4170e+03
  8.4230e+03 8.5050e+03]
 [5.0000e+00 6.8800e+02 6.5870e+03 6.8700e+03 6.9080e+03 6.9980e+03
  7.0680e+03 7.0720e+03 7.1580e+03 7.2060e+03 7.2650e+03 7.3400e+03
  7.3780e+03 7.4150e+03 7.4610e+03 7.5010e+03 7.5240e+03 7.5430e+03
  7.5460e+03 7.5810e+03]
 [6.3000e+01 1.2700e+02 4.1400e+02 4.6960e+03 5.8770e+03 6.1360e+03
  6.2230e+03 6.2700e+03 6.3530e+03 6.4190e+03 6.4970e+03 6.5870e+03
  6.6670e+03 6.7470e+03 6.8050e+03 6.8130e+03 6.8270e+03 6.8700e+03
  6.8740e+03 6.8750e+03]
 [0.0000e+00 1.0800e+02 4.6730e+03 5.5930e+03 5.6500e+03 5.7170e+03
  5.7660e+03 5.8540e+03 5.8770e+03 5.8890e+03 5.8920e+03 5.9210e+03
  5.9900e+03 6.0420e+03 6.0550e+03 6.0710e+03 6.0730e+03 6.0860e+03
  6.1360e+03 6.1820e+03]
 [4.4540e+03 4.5390e+03 4.6250e+03 4.6730e+03 4.7440e+03 5.1180e+03
  5.1430e+03 5.1600e+03 5.2280e+03 5.2620e+03 5.2690e+03 5.2710e+03
  5.3120e+03 5.3460e+03 5.3830e+03 5.3900e+03 5.4780e+03 5.5370e+03
  5.5930e+03 5.6560e+03]
 [4.1140e+03 4.1730e+03 4.2220e+03 4.3030e+03 4.3160e+03 4.3450e+03
  4.3640e+03 4.3690e+03 4.4540e+03 4.5250e+03 4.5360e+03 4.6040e+03
  4.6940e+03 4.7560e+03 4.8520e+03 4.9220e+03 4.9530e+03 5.0080e+03
  5.0880e+03 5.1430e+03]
 [6.8000e+01 1.5300e+02 2.4100e+02 2.5570e+03 3.4250e+03 3.5080e+03
  3.5550e+03 3.6390e+03 3.7340e+03 3.7960e+03 3.8680e+03 3.9430e+03
  3.9830e+03 4.0350e+03 4.1140e+03 4.1620e+03 4.2150e+03 4.2200e+03
  4.2580e+03 5.5570e+03]
 [0.0000e+00 1.6000e+01 4.5000e+01 2.5570e+03 2.8610e+03 2.9260e+03
  2.9610e+03 3.0190e+03 3.0500e+03 3.1770e+03 3.3140e+03 3.3720e+03
  3.4230e+03 3.4660e+03 3.4780e+03 3.5260e+03 3.5640e+03 3.6360e+03
  3.7290e+03 4.0680e+03]
 [4.2400e+02 1.9410e+03 2.2260e+03 2.3100e+03 2.4000e+03 2.4160e+03
  2.5900e+03 2.6730e+03 2.7550e+03 2.7620e+03 2.8610e+03 2.9340e+03
  2.9480e+03 3.0110e+03 3.0920e+03 3.1700e+03 3.1770e+03 3.2080e+03
  3.2220e+03 3.2810e+03]
 [1.3700e+02 1.5100e+02 2.1800e+02 4.0100e+02 1.4020e+03 2.0790e+03
  2.1640e+03 2.2260e+03 2.2850e+03 2.3500e+03 2.4240e+03 2.4820e+03
  2.5000e+03 2.5900e+03 2.6710e+03 2.7240e+03 2.7480e+03 2.7560e+03
  2.7730e+03 2.8720e+03]
 [3.2000e+01 1.2900e+03 1.3830e+03 1.4020e+03 1.4530e+03 1.5000e+03
  1.5850e+03 1.6510e+03 1.6580e+03 1.7090e+03 1.7980e+03 1.8090e+03
  1.8790e+03 1.8810e+03 1.8920e+03 1.9410e+03 1.9820e+03 2.0500e+03
  2.1300e+03 2.1810e+03]
 [0.0000e+00 2.9700e+02 6.8100e+02 6.8700e+02 7.0900e+02 8.0200e+02
  8.9100e+02 9.2000e+02 9.5400e+02 1.0160e+03 1.0350e+03 1.0960e+03
  1.1520e+03 1.2430e+03 1.2590e+03 1.2910e+03 1.2950e+03 1.3640e+03
  1.3680e+03 1.8790e+03]
 [0.0000e+00 1.6000e+01 3.5000e+01 6.7000e+01 1.0600e+02 1.2500e+02
  1.7600e+02 1.8700e+02 2.1800e+02 2.4100e+02 3.1300e+02 3.6200e+02
  4.3300e+02 4.6600e+02 5.3900e+02 5.4200e+02 5.9600e+02 8.6300e+02
  9.3200e+02 1.2880e+03]]
