optimal_status: 0
solution: 6513.0
cpu_time: 3600.550840854645
gap: 0.7298228181494777
upper_bound: 1759.6639853924517
lower_bound: 6513.0
cg_matrix: [[0. 0. 0. 1. 0. 1. 0. 0. 0. 0. 0. 0. 1. 1. 0. 0. 0. 0. 1. 1. 0. 0. 1. 0.
  0. 0. 0. 0. 1. 0. 0. 0. 0. 0. 0. 0. 0. 0. 0. 1. 0. 0. 0. 0. 0. 0. 1. 0.
  1. 0.]
 [0. 0. 1. 0. 0. 0. 0. 1. 0. 0. 0. 0. 0. 0. 0. 0. 1. 0. 0. 0. 0. 1. 0. 0.
  1. 1. 0. 1. 1. 1. 0. 0. 0. 0. 0. 0. 0. 0. 0. 0. 0. 0. 0. 0. 0. 1. 1. 0.
  0. 0.]
 [0. 1. 0. 1. 1. 0. 0. 0. 0. 0. 0. 1. 0. 0. 0. 0. 0. 0. 0. 0. 0. 0. 0. 0.
  0. 0. 0. 1. 0. 0. 0. 1. 0. 1. 1. 0. 0. 0. 0. 0. 0. 0. 0. 0. 1. 0. 0. 0.
  0. 0.]
 [1. 0. 1. 0. 1. 0. 0. 0. 0. 0. 1. 0. 0. 0. 0. 0. 1. 0. 0. 0. 0. 1. 0. 0.
  0. 0. 1. 0. 0. 0. 0. 0. 0. 0. 0. 0. 0. 0. 0. 0. 0. 0. 0. 1. 0. 0. 0. 0.
  0. 0.]
 [0. 0. 1. 1. 0. 0. 1. 0. 0. 1. 0. 0. 1. 1. 1. 0. 0. 0. 0. 0. 1. 1. 0. 0.
  0. 0. 0. 0. 0. 0. 1. 0. 0. 0. 1. 0. 0. 0. 0. 0. 0. 1. 0. 0. 0. 0. 0. 0.
  0. 0.]
 [1. 0. 0. 0. 0. 0. 0. 0. 0. 1. 0. 0. 0. 0. 0. 0. 0. 0. 0. 0. 0. 1. 0. 0.
  1. 0. 0. 0. 0. 0. 0. 0. 0. 0. 0. 0. 0. 0. 0. 0. 0. 0. 0. 0. 0. 0. 0. 0.
  0. 0.]
 [0. 0. 0. 0. 1. 0. 0. 1. 0. 0. 0. 1. 0. 0. 0. 0. 0. 0. 0. 0. 0. 1. 0. 0.
  1. 1. 0. 1. 0. 0. 0. 0. 0. 0. 0. 0. 1. 0. 0. 1. 0. 0. 0. 0. 0. 0. 0. 0.
  0. 0.]
 [0. 1. 0. 0. 0. 0. 1. 0. 0. 0. 0. 0. 0. 0. 0. 1. 0. 0. 1. 0. 1. 0. 0. 0.
  0. 0. 1. 0. 1. 1. 0. 0. 1. 0. 0. 0. 0. 0. 0. 0. 0. 0. 0. 0. 1. 0. 0. 0.
  0. 0.]
 [0. 0. 0. 0. 0. 0. 0. 0. 0. 0. 0. 0. 0. 0. 1. 0. 1. 0. 0. 0. 0. 0. 1. 0.
  0. 0. 0. 0. 0. 0. 0. 0. 0. 0. 0. 0. 0. 0. 0. 0. 1. 1. 0. 0. 1. 0. 0. 0.
  0. 0.]
 [0. 0. 0. 0. 1. 1. 0. 0. 0. 0. 0. 0. 1. 0. 0. 0. 0. 0. 0. 1. 0. 0. 0. 0.
  0. 0. 0. 0. 0. 0. 0. 1. 0. 0. 0. 0. 0. 0. 0. 1. 0. 0. 0. 0. 0. 0. 1. 1.
  1. 0.]
 [0. 0. 0. 1. 0. 0. 0. 0. 0. 0. 0. 0. 1. 1. 1. 0. 1. 0. 0. 0. 1. 0. 0. 0.
  0. 0. 0. 1. 0. 1. 1. 0. 0. 0. 0. 0. 1. 0. 0. 0. 0. 0. 0. 0. 1. 0. 0. 0.
  1. 0.]
 [0. 0. 1. 0. 0. 0. 1. 0. 0. 0. 0. 0. 0. 1. 0. 0. 0. 0. 0. 1. 0. 0. 1. 1.
  0. 0. 1. 0. 0. 0. 0. 0. 0. 1. 0. 0. 0. 0. 0. 0. 0. 0. 1. 0. 0. 0. 1. 0.
  0. 0.]
 [1. 0. 0. 0. 1. 0. 0. 0. 0. 1. 1. 0. 0. 0. 0. 0. 1. 0. 0. 0. 0. 0. 0. 0.
  1. 0. 0. 0. 0. 0. 0. 0. 0. 0. 0. 0. 0. 1. 1. 0. 0. 0. 0. 0. 0. 0. 0. 1.
  1. 0.]
 [1. 0. 0. 0. 1. 0. 0. 0. 0. 0. 1. 1. 0. 0. 0. 0. 0. 0. 0. 0. 0. 1. 0. 1.
  0. 0. 0. 1. 0. 0. 0. 0. 0. 0. 1. 0. 0. 0. 0. 1. 1. 0. 0. 0. 0. 0. 0. 1.
  0. 0.]
 [0. 0. 0. 0. 1. 0. 0. 0. 1. 0. 1. 0. 0. 0. 0. 0. 1. 0. 1. 0. 0. 1. 0. 1.
  0. 0. 0. 1. 0. 1. 0. 0. 1. 1. 0. 1. 0. 0. 0. 0. 0. 0. 0. 0. 0. 0. 0. 0.
  0. 1.]
 [0. 0. 0. 0. 0. 0. 0. 1. 0. 0. 0. 0. 0. 0. 0. 0. 0. 0. 0. 0. 0. 0. 0. 0.
  0. 0. 0. 0. 0. 0. 0. 0. 0. 0. 0. 0. 0. 0. 0. 0. 0. 0. 0. 0. 0. 0. 0. 0.
  0. 0.]
 [0. 1. 0. 1. 0. 0. 0. 0. 1. 0. 1. 0. 1. 0. 1. 0. 0. 0. 0. 0. 0. 0. 0. 0.
  0. 0. 0. 0. 0. 0. 0. 0. 0. 0. 0. 0. 0. 0. 0. 0. 0. 0. 0. 0. 0. 0. 0. 0.
  0. 0.]
 [0. 0. 0. 0. 0. 0. 0. 0. 0. 0. 0. 0. 0. 0. 0. 0. 0. 0. 0. 0. 0. 0. 0. 0.
  0. 0. 0. 0. 0. 0. 0. 0. 0. 0. 0. 0. 0. 0. 0. 0. 0. 0. 0. 0. 0. 0. 0. 0.
  0. 0.]
 [1. 0. 0. 0. 0. 0. 0. 1. 0. 0. 0. 0. 0. 0. 1. 0. 0. 0. 0. 0. 0. 0. 0. 0.
  0. 0. 0. 0. 0. 0. 0. 0. 0. 0. 0. 0. 0. 0. 0. 0. 0. 0. 0. 0. 0. 0. 0. 0.
  0. 0.]
 [1. 0. 0. 0. 0. 0. 0. 0. 0. 1. 0. 1. 0. 0. 0. 0. 0. 0. 0. 0. 0. 0. 0. 0.
  0. 0. 0. 0. 0. 0. 0. 0. 0. 0. 0. 0. 0. 0. 0. 0. 0. 0. 0. 0. 0. 0. 0. 0.
  0. 0.]
 [0. 0. 0. 0. 1. 0. 0. 1. 0. 0. 1. 0. 0. 0. 0. 0. 0. 0. 0. 0. 0. 0. 0. 0.
  0. 0. 0. 0. 0. 0. 0. 0. 0. 0. 0. 0. 0. 0. 0. 0. 0. 0. 0. 0. 0. 0. 0. 0.
  0. 0.]
 [0. 1. 0. 1. 1. 1. 1. 0. 0. 0. 0. 0. 0. 1. 1. 0. 0. 0. 0. 0. 0. 0. 0. 0.
  0. 0. 0. 0. 0. 0. 0. 0. 0. 0. 0. 0. 0. 0. 0. 0. 0. 0. 0. 0. 0. 0. 0. 0.
  0. 0.]
 [1. 0. 0. 0. 0. 0. 0. 0. 1. 0. 0. 1. 0. 0. 0. 0. 0. 0. 0. 0. 0. 0. 0. 0.
  0. 0. 0. 0. 0. 0. 0. 0. 0. 0. 0. 0. 0. 0. 0. 0. 0. 0. 0. 0. 0. 0. 0. 0.
  0. 0.]
 [0. 0. 0. 0. 0. 0. 0. 0. 0. 0. 0. 1. 0. 1. 1. 0. 0. 0. 0. 0. 0. 0. 0. 0.
  0. 0. 0. 0. 0. 0. 0. 0. 0. 0. 0. 0. 0. 0. 0. 0. 0. 0. 0. 0. 0. 0. 0. 0.
  0. 0.]
 [0. 1. 0. 0. 0. 1. 1. 0. 0. 0. 0. 0. 1. 0. 0. 0. 0. 0. 0. 0. 0. 0. 0. 0.
  0. 0. 0. 0. 0. 0. 0. 0. 0. 0. 0. 0. 0. 0. 0. 0. 0. 0. 0. 0. 0. 0. 0. 0.
  0. 0.]
 [0. 1. 0. 0. 0. 0. 1. 0. 0. 0. 0. 0. 0. 0. 0. 0. 0. 0. 0. 0. 0. 0. 0. 0.
  0. 0. 0. 0. 0. 0. 0. 0. 0. 0. 0. 0. 0. 0. 0. 0. 0. 0. 0. 0. 0. 0. 0. 0.
  0. 0.]
 [0. 0. 0. 1. 0. 0. 0. 1. 0. 0. 0. 1. 0. 0. 0. 0. 0. 0. 0. 0. 0. 0. 0. 0.
  0. 0. 0. 0. 0. 0. 0. 0. 0. 0. 0. 0. 0. 0. 0. 0. 0. 0. 0. 0. 0. 0. 0. 0.
  0. 0.]
 [0. 1. 1. 0. 0. 0. 1. 0. 0. 0. 1. 0. 0. 1. 1. 0. 0. 0. 0. 0. 0. 0. 0. 0.
  0. 0. 0. 0. 0. 0. 0. 0. 0. 0. 0. 0. 0. 0. 0. 0. 0. 0. 0. 0. 0. 0. 0. 0.
  0. 0.]
 [1. 1. 0. 0. 0. 0. 0. 1. 0. 0. 0. 0. 0. 0. 0. 0. 0. 0. 0. 0. 0. 0. 0. 0.
  0. 0. 0. 0. 0. 0. 0. 0. 0. 0. 0. 0. 0. 0. 0. 0. 0. 0. 0. 0. 0. 0. 0. 0.
  0. 0.]
 [0. 1. 0. 0. 0. 0. 0. 1. 0. 0. 1. 0. 0. 0. 1. 0. 0. 0. 0. 0. 0. 0. 0. 0.
  0. 0. 0. 0. 0. 0. 0. 0. 0. 0. 0. 0. 0. 0. 0. 0. 0. 0. 0. 0. 0. 0. 0. 0.
  0. 0.]
 [0. 0. 0. 0. 1. 0. 0. 0. 0. 0. 1. 0. 0. 0. 0. 0. 0. 0. 0. 0. 0. 0. 0. 0.
  0. 0. 0. 0. 0. 0. 0. 0. 0. 0. 0. 0. 0. 0. 0. 0. 0. 0. 0. 0. 0. 0. 0. 0.
  0. 0.]
 [0. 0. 1. 0. 0. 0. 0. 0. 0. 1. 0. 0. 0. 0. 0. 0. 0. 0. 0. 0. 0. 0. 0. 0.
  0. 0. 0. 0. 0. 0. 0. 0. 0. 0. 0. 0. 0. 0. 0. 0. 0. 0. 0. 0. 0. 0. 0. 0.
  0. 0.]
 [0. 0. 0. 0. 0. 0. 0. 1. 0. 0. 0. 0. 0. 0. 1. 0. 0. 0. 0. 0. 0. 0. 0. 0.
  0. 0. 0. 0. 0. 0. 0. 0. 0. 0. 0. 0. 0. 0. 0. 0. 0. 0. 0. 0. 0. 0. 0. 0.
  0. 0.]
 [0. 0. 1. 0. 0. 0. 0. 0. 0. 0. 0. 1. 0. 0. 1. 0. 0. 0. 0. 0. 0. 0. 0. 0.
  0. 0. 0. 0. 0. 0. 0. 0. 0. 0. 0. 0. 0. 0. 0. 0. 0. 0. 0. 0. 0. 0. 0. 0.
  0. 0.]
 [0. 0. 1. 0. 1. 0. 0. 0. 0. 0. 0. 0. 0. 1. 0. 0. 0. 0. 0. 0. 0. 0. 0. 0.
  0. 0. 0. 0. 0. 0. 0. 0. 0. 0. 0. 0. 0. 0. 0. 0. 0. 0. 0. 0. 0. 0. 0. 0.
  0. 0.]
 [0. 0. 0. 0. 0. 0. 0. 0. 0. 0. 0. 0. 0. 0. 1. 0. 0. 0. 0. 0. 0. 0. 0. 0.
  0. 0. 0. 0. 0. 0. 0. 0. 0. 0. 0. 0. 0. 0. 0. 0. 0. 0. 0. 0. 0. 0. 0. 0.
  0. 0.]
 [0. 0. 0. 0. 0. 0. 1. 0. 0. 0. 1. 0. 0. 0. 0. 0. 0. 0. 0. 0. 0. 0. 0. 0.
  0. 0. 0. 0. 0. 0. 0. 0. 0. 0. 0. 0. 0. 0. 0. 0. 0. 0. 0. 0. 0. 0. 0. 0.
  0. 0.]
 [0. 0. 0. 0. 0. 0. 0. 0. 0. 0. 0. 0. 1. 0. 0. 0. 0. 0. 0. 0. 0. 0. 0. 0.
  0. 0. 0. 0. 0. 0. 0. 0. 0. 0. 0. 0. 0. 0. 0. 0. 0. 0. 0. 0. 0. 0. 0. 0.
  0. 0.]
 [0. 0. 0. 0. 0. 0. 0. 0. 0. 0. 0. 0. 1. 0. 0. 0. 0. 0. 0. 0. 0. 0. 0. 0.
  0. 0. 0. 0. 0. 0. 0. 0. 0. 0. 0. 0. 0. 0. 0. 0. 0. 0. 0. 0. 0. 0. 0. 0.
  0. 0.]
 [1. 0. 0. 0. 0. 0. 1. 0. 0. 1. 0. 0. 0. 1. 0. 0. 0. 0. 0. 0. 0. 0. 0. 0.
  0. 0. 0. 0. 0. 0. 0. 0. 0. 0. 0. 0. 0. 0. 0. 0. 0. 0. 0. 0. 0. 0. 0. 0.
  0. 0.]
 [0. 0. 0. 0. 0. 0. 0. 0. 1. 0. 0. 0. 0. 1. 0. 0. 0. 0. 0. 0. 0. 0. 0. 0.
  0. 0. 0. 0. 0. 0. 0. 0. 0. 0. 0. 0. 0. 0. 0. 0. 0. 0. 0. 0. 0. 0. 0. 0.
  0. 0.]
 [0. 0. 0. 0. 1. 0. 0. 0. 1. 0. 0. 0. 0. 0. 0. 0. 0. 0. 0. 0. 0. 0. 0. 0.
  0. 0. 0. 0. 0. 0. 0. 0. 0. 0. 0. 0. 0. 0. 0. 0. 0. 0. 0. 0. 0. 0. 0. 0.
  0. 0.]
 [0. 0. 0. 0. 0. 0. 0. 0. 0. 0. 0. 1. 0. 0. 0. 0. 0. 0. 0. 0. 0. 0. 0. 0.
  0. 0. 0. 0. 0. 0. 0. 0. 0. 0. 0. 0. 0. 0. 0. 0. 0. 0. 0. 0. 0. 0. 0. 0.
  0. 0.]
 [0. 0. 0. 1. 0. 0. 0. 0. 0. 0. 0. 0. 0. 0. 0. 0. 0. 0. 0. 0. 0. 0. 0. 0.
  0. 0. 0. 0. 0. 0. 0. 0. 0. 0. 0. 0. 0. 0. 0. 0. 0. 0. 0. 0. 0. 0. 0. 0.
  0. 0.]
 [0. 0. 1. 0. 0. 0. 0. 1. 1. 0. 1. 0. 0. 0. 0. 0. 0. 0. 0. 0. 0. 0. 0. 0.
  0. 0. 0. 0. 0. 0. 0. 0. 0. 0. 0. 0. 0. 0. 0. 0. 0. 0. 0. 0. 0. 0. 0. 0.
  0. 0.]
 [0. 1. 0. 0. 0. 0. 0. 0. 0. 0. 0. 0. 0. 0. 0. 0. 0. 0. 0. 0. 0. 0. 0. 0.
  0. 0. 0. 0. 0. 0. 0. 0. 0. 0. 0. 0. 0. 0. 0. 0. 0. 0. 0. 0. 0. 0. 0. 0.
  0. 0.]
 [1. 1. 0. 0. 0. 0. 0. 0. 0. 1. 0. 1. 0. 0. 0. 0. 0. 0. 0. 0. 0. 0. 0. 0.
  0. 0. 0. 0. 0. 0. 0. 0. 0. 0. 0. 0. 0. 0. 0. 0. 0. 0. 0. 0. 0. 0. 0. 0.
  0. 0.]
 [0. 0. 0. 0. 0. 0. 0. 0. 0. 1. 0. 0. 1. 1. 0. 0. 0. 0. 0. 0. 0. 0. 0. 0.
  0. 0. 0. 0. 0. 0. 0. 0. 0. 0. 0. 0. 0. 0. 0. 0. 0. 0. 0. 0. 0. 0. 0. 0.
  0. 0.]
 [1. 0. 0. 0. 0. 0. 0. 0. 0. 1. 1. 0. 1. 0. 0. 0. 0. 0. 0. 0. 0. 0. 0. 0.
  0. 0. 0. 0. 0. 0. 0. 0. 0. 0. 0. 0. 0. 0. 0. 0. 0. 0. 0. 0. 0. 0. 0. 0.
  0. 0.]
 [0. 0. 0. 0. 0. 0. 0. 0. 0. 0. 0. 0. 0. 0. 1. 0. 0. 0. 0. 0. 0. 0. 0. 0.
  0. 0. 0. 0. 0. 0. 0. 0. 0. 0. 0. 0. 0. 0. 0. 0. 0. 0. 0. 0. 0. 0. 0. 0.
  0. 0.]]
start_times_array: [[ 216.         325.        4391.        4523.        4641.
  5493.        5575.        5778.        5803.        5853.
  6023.        6053.        6297.        6443.        6489.       ]
 [1611.        1679.        1843.        1920.        2318.
  2880.        3723.        4034.        4085.        4146.
  4692.        4865.        5805.        5839.        6313.       ]
 [1086.        1207.        1375.        1521.        1536.
  1641.        2547.        2807.        3405.        4245.
  5121.        5177.        5236.        5366.        5783.       ]
 [ 338.         491.         655.         804.         908.
  1021.        3558.        3799.        4016.        4325.
  4785.        4932.        5683.        6349.        6473.       ]
 [ 142.         163.         412.         415.         564.
   862.        1745.        1843.        1879.        2246.
  3474.        3869.        4122.        5291.        6009.       ]
 [   0.         116.         136.         338.         431.
   557.         727.        1154.        3540.        4146.
  4565.        4881.        5212.        5267.        5394.       ]
 [1438.        1577.        1704.        1962.        2046.
  2107.        4640.        4733.        5149.        5485.
  5615.        5817.        5931.        6116.        6490.       ]
 [ 306.         334.         523.         585.         602.
   920.        1121.        3313.        3414.        5056.
  5566.        5699.        5762.        5873.        6416.       ]
 [1610.        1629.        2940.        3472.        3628.
  3689.        3705.        4161.        4181.        4638.
  4930.        4967.        5171.        5265.        5329.       ]
 [  70.         241.         359.         507.         650.
   824.        2942.        3088.        3279.        3329.
  3394.        3802.        5787.        6418.        6489.       ]
 [1080.        1160.        1395.        1509.        2654.
  2807.        2923.        3324.        3612.        4652.
  4738.        4850.        5074.        5143.        5358.       ]
 [ 399.         480.         686.         726.         877.
   966.        2366.        2686.        2704.        2939.
  4587.        4803.        4873.        5520.        5694.       ]
 [1608.        1679.        2020.        2065.        2092.
  2171.        2461.        3100.        3544.        3748.
  4303.        5051.        5215.        5665.        5882.       ]
 [1583.        1676.        1855.        2020.        2079.
  2116.        2424.        2620.        2846.        4075.
  5243.        5256.        5910.        6106.        6357.       ]
 [ 280.        2116.        2204.        2431.        2551.
  3242.        3937.        3967.        4017.        4069.
  4277.        4424.        5767.        6148.        6415.       ]
 [   0.          36.        3530.        3736.        3751.
  3869.        4965.        5652.        5816.        5931.
  6022.        6127.        6212.        6255.        6339.       ]
 [ 611.         722.         929.        1008.        1112.
  1166.        1244.        1437.        3006.        3408.
  3523.        4505.        4563.        6227.        6405.       ]
 [  98.         529.         650.        1147.        1346.
  1469.        1560.        1661.        1699.        2122.
  3401.        4893.        5392.        5470.        6192.       ]
 [ 777.         783.        1014.        1336.        1795.
  3090.        3189.        3216.        3856.        4006.
  4161.        4575.        4766.        5644.        5975.       ]
 [   0.         141.        2426.        2510.        2594.
  2800.        2855.        3023.        3090.        3656.
  4717.        4798.        5205.        5895.        5978.       ]
 [   0.         263.         640.        2407.        2550.
  2978.        3190.        3743.        3861.        4325.
  4424.        4481.        4532.        4572.        5952.       ]
 [  39.         602.         722.         922.        1108.
  1280.        1519.        3594.        3975.        5028.
  5151.        5559.        5583.        6227.        6258.       ]
 [ 893.        1093.        1752.        1931.        1972.
  2021.        2066.        2308.        3572.        3817.
  3846.        3942.        5337.        6106.        6281.       ]
 [   0.          46.         132.         973.         979.
  1141.        1283.        3516.        4191.        4289.
  4523.        4555.        4730.        4967.        5074.       ]
 [  30.        2394.        2428.        2532.        3188.
  3280.        3393.        3628.        3784.        4402.
  4499.        4806.        5461.        5492.        5575.       ]
 [   0.          36.          71.         141.         190.
   250.         313.         439.         533.         748.
   775.        5179.        5588.        5748.        6269.       ]
 [  35.         119.         132.        1583.        1696.
  1843.        1903.        2800.        2858.        3116.
  3474.        4668.        4693.        5615.        5814.       ]
 [ 116.         188.         541.        1630.        2506.
  2978.        3046.        3049.        3083.        3086.
  3140.        3509.        3591.        3856.        5520.       ]
 [3319.        3494.        3549.        3864.        4963.
  5177.        5281.9999987 5428.        5617.        5659.
  5788.        6106.        6166.        6263.        6462.       ]
 [ 661.         735.        1755.        1836.        2241.
  2312.        2394.        4548.        4963.        5019.
  5232.        5285.        6051.        6247.        6276.       ]
 [ 269.         314.        2444.        2471.        2590.
  3049.        3084.        3417.        3826.        4223.
  4387.        5236.        5449.        5594.        5790.       ]
 [ 557.        1006.        1115.        1311.        1355.
  1438.        2241.        2479.        2645.        2800.
  2845.        3002.        3611.        3708.        6134.       ]
 [   0.          80.         412.         671.         806.
  2506.        2531.        2544.        2607.        2736.
  2762.        2845.        2967.        3060.        3184.       ]
 [  22.        1668.        1687.        1735.        1856.
  1875.        1990.        2315.        3319.        3490.
  3540.        3580.        3691.        3705.        3785.       ]
 [   0.        1934.        2190.        2338.        2973.
  3071.        3280.        3681.        3988.        4325.
  4364.        5722.        5798.        5869.        6185.       ]
 [   0.          80.         517.         767.         941.
   979.        1069.        1132.        1159.        1180.
  1235.        1315.        1325.        1414.        1501.       ]
 [1786.        2176.        2256.        2315.        2471.
  3087.        3099.        4483.        4541.        4988.
  5285.        5499.        5783.        5865.        6284.       ]
 [   0.          30.          35.         114.         367.
   512.         600.         610.        1006.        4850.
  5360.        5401.        5527.        5555.        5640.       ]
 [2532.        2836.        3188.        3275.        3333.
  3394.        3401.        3513.        3558.        3667.
  3784.        3923.        3935.        4242.        6387.       ]
 [ 338.         411.        1097.        1186.        1224.
  2714.        2804.        3090.        3190.        3496.
  3774.        4888.        4903.        4952.        4997.       ]
 [ 289.         768.         921.        1074.        1483.
  1531.        1577.        1633.        1773.        1804.
  3398.        4266.        4483.        4559.        4623.       ]
 [  72.         269.         367.         491.         574.
  1014.        1110.        3578.        3593.        3777.
  4030.        5382.        5601.        5662.        5945.       ]
 [  63.        1360.        1580.        1872.        3280.
  3500.        3777.        4181.        4185.        4220.
  4229.        4321.        4416.        4645.        4713.       ]
 [  36.        1315.        1346.        3093.        3238.
  3271.        3656.        4104.        4189.        4423.
  4746.        4862.        5538.        5601.        5903.       ]
 [ 153.         418.         689.         986.        1287.
  1466.        1668.        1748.        3869.        4325.
  4478.        5339.        5470.        6297.        6391.       ]
 [   0.          57.         115.        2710.        2874.
  3248.        3955.        4245.        4377.        4472.
  4564.        4630.        4730.        4991.        5218.       ]
 [2394.        3136.        3465.        3564.        3628.
  4456.        4543.        4640.        4995.        5168.
  5195.        5215.        6106.        6208.        6221.       ]
 [  14.         132.        3708.        3918.        4000.
  4449.        4676.        5295.        5382.        5480.
  5739.        5988.        5993.        6051.        6194.       ]
 [1112.        1194.        1337.        1438.        1469.
  2305.        2363.        2551.        2613.        2745.
  2845.        2910.        3002.        3055.        5960.       ]
 [   0.          24.         119.         216.         338.
   372.         533.         688.         735.         915.
  1953.        2241.        2385.        2747.        2918.       ]]
