optimal_status: 0
solution: 73354.0
cpu_time: 3600.3980190753937
gap: 0.9661778663463493
upper_bound: 2480.9887920298884
lower_bound: 73354.0
cg_matrix: [[0. 1. 1. 1. 1. 1. 1. 1. 0. 1. 1. 1. 1. 0. 0. 0. 1. 1. 1. 1. 1. 0. 1. 1.
  1. 1. 1. 1. 1. 1. 1. 1. 1. 1. 1. 0. 1. 0. 1. 0. 0. 1. 1. 1. 1. 0. 1. 0.
  0. 0. 1. 1. 1. 1. 1. 1. 1. 1. 1. 1. 1. 1. 1. 1. 0. 1. 1. 1. 1. 1. 1. 1.
  1. 0. 1. 1. 1. 1. 1. 1. 1. 1. 1. 1. 1. 0. 0. 1. 1. 0. 1. 0. 0. 1. 1. 1.
  1. 1. 1. 1.]
 [1. 0. 1. 1. 0. 0. 1. 1. 1. 1. 0. 1. 1. 1. 1. 1. 1. 1. 1. 1. 1. 1. 1. 1.
  1. 0. 1. 1. 1. 1. 1. 1. 1. 0. 1. 1. 1. 1. 1. 1. 1. 1. 1. 1. 1. 1. 1. 0.
  1. 1. 1. 1. 1. 1. 1. 1. 1. 0. 1. 1. 1. 1. 0. 1. 1. 1. 1. 1. 0. 0. 1. 1.
  1. 0. 0. 1. 1. 1. 1. 1. 1. 0. 1. 1. 1. 1. 0. 1. 1. 0. 1. 1. 1. 1. 1. 1.
  1. 1. 1. 1.]
 [1. 1. 0. 0. 1. 1. 1. 1. 1. 1. 1. 0. 1. 1. 1. 1. 1. 1. 1. 1. 1. 1. 1. 1.
  0. 1. 1. 1. 1. 1. 1. 1. 1. 1. 0. 1. 1. 1. 1. 1. 1. 1. 1. 1. 1. 1. 0. 0.
  1. 1. 1. 1. 0. 0. 1. 1. 1. 1. 1. 0. 0. 1. 0. 1. 0. 1. 1. 1. 0. 1. 1. 0.
  0. 1. 1. 0. 1. 1. 1. 0. 1. 1. 1. 0. 1. 1. 1. 1. 0. 1. 1. 1. 1. 1. 1. 1.
  1. 1. 1. 0.]
 [1. 1. 0. 0. 1. 1. 0. 1. 1. 0. 0. 1. 1. 1. 1. 1. 1. 1. 1. 1. 1. 1. 1. 1.
  1. 1. 0. 1. 1. 1. 1. 1. 1. 1. 1. 0. 1. 1. 1. 1. 1. 1. 1. 1. 1. 1. 1. 1.
  1. 1. 1. 0. 1. 0. 1. 0. 0. 1. 1. 1. 1. 1. 1. 1. 1. 0. 1. 1. 1. 1. 0. 1.
  1. 1. 1. 1. 1. 1. 0. 1. 1. 1. 1. 1. 1. 1. 0. 1. 1. 0. 1. 1. 1. 0. 1. 0.
  0. 1. 1. 0.]
 [1. 0. 1. 1. 0. 1. 1. 1. 1. 1. 1. 1. 1. 1. 1. 1. 1. 1. 1. 1. 1. 1. 1. 1.
  1. 0. 1. 1. 1. 1. 1. 1. 1. 1. 1. 1. 1. 1. 1. 1. 1. 1. 0. 1. 1. 1. 1. 1.
  0. 1. 1. 1. 1. 0. 1. 1. 1. 1. 1. 0. 1. 0. 1. 1. 0. 1. 1. 1. 1. 1. 0. 1.
  0. 1. 1. 1. 1. 1. 1. 0. 1. 0. 1. 1. 1. 1. 1. 1. 0. 1. 0. 1. 1. 0. 1. 1.
  1. 1. 1. 1.]
 [1. 0. 1. 1. 1. 0. 1. 1. 1. 0. 0. 1. 1. 0. 1. 1. 1. 1. 1. 1. 1. 0. 1. 1.
  0. 1. 1. 0. 0. 1. 1. 1. 1. 0. 1. 1. 1. 0. 1. 1. 1. 1. 1. 1. 1. 0. 1. 0.
  1. 1. 0. 0. 1. 1. 1. 1. 0. 1. 1. 1. 1. 1. 1. 1. 1. 0. 1. 1. 0. 0. 1. 1.
  1. 1. 1. 1. 1. 1. 1. 0. 0. 1. 1. 0. 1. 1. 1. 1. 1. 1. 1. 1. 1. 1. 0. 1.
  1. 1. 1. 0.]
 [1. 1. 1. 0. 1. 1. 0. 1. 1. 1. 1. 1. 1. 1. 0. 1. 1. 1. 1. 1. 1. 1. 1. 1.
  1. 0. 1. 1. 0. 1. 1. 1. 1. 1. 0. 0. 1. 0. 1. 1. 1. 1. 1. 1. 1. 1. 1. 1.
  1. 1. 1. 1. 0. 1. 0. 1. 1. 1. 0. 1. 1. 1. 1. 1. 1. 1. 1. 1. 0. 1. 1. 0.
  1. 0. 1. 1. 1. 1. 1. 1. 0. 1. 1. 1. 0. 1. 1. 1. 1. 1. 0. 1. 1. 0. 1. 0.
  0. 1. 1. 1.]
 [1. 1. 1. 1. 1. 1. 1. 0. 0. 1. 1. 1. 1. 1. 1. 1. 1. 1. 1. 1. 0. 0. 0. 1.
  1. 0. 1. 0. 0. 1. 1. 1. 1. 1. 0. 0. 0. 1. 1. 1. 1. 1. 1. 1. 1. 1. 1. 1.
  1. 1. 1. 1. 1. 1. 0. 1. 1. 1. 1. 1. 1. 0. 1. 1. 1. 1. 1. 1. 1. 0. 1. 0.
  0. 1. 1. 1. 1. 1. 1. 1. 1. 1. 1. 0. 0. 1. 0. 0. 1. 1. 0. 1. 1. 0. 1. 0.
  1. 1. 1. 0.]
 [0. 1. 1. 1. 1. 1. 1. 0. 0. 1. 1. 1. 1. 1. 1. 1. 1. 1. 0. 1. 0. 1. 0. 1.
  0. 1. 1. 1. 1. 1. 1. 1. 1. 1. 1. 1. 1. 1. 1. 0. 1. 1. 1. 0. 1. 0. 1. 1.
  1. 0. 1. 0. 1. 1. 0. 1. 1. 1. 1. 0. 1. 1. 1. 1. 1. 0. 1. 1. 1. 1. 1. 0.
  1. 1. 1. 0. 0. 1. 0. 0. 1. 1. 1. 1. 0. 1. 1. 1. 0. 0. 1. 1. 1. 1. 0. 1.
  1. 0. 1. 0.]
 [1. 1. 1. 0. 1. 0. 1. 1. 1. 0. 0. 0. 0. 0. 1. 1. 1. 1. 1. 1. 1. 1. 0. 0.
  1. 0. 1. 1. 1. 1. 1. 1. 1. 1. 0. 1. 1. 1. 0. 1. 1. 1. 1. 1. 1. 1. 0. 1.
  1. 0. 1. 1. 1. 1. 1. 1. 1. 1. 1. 1. 0. 0. 1. 1. 1. 1. 1. 1. 1. 1. 0. 1.
  1. 1. 1. 1. 1. 1. 1. 1. 1. 1. 1. 1. 0. 0. 0. 0. 1. 1. 1. 1. 1. 1. 1. 1.
  1. 0. 1. 1.]
 [1. 0. 1. 0. 1. 0. 1. 1. 1. 0. 0. 0. 1. 1. 1. 1. 0. 0. 0. 1. 1. 1. 1. 1.
  1. 1. 0. 1. 0. 1. 0. 1. 1. 1. 1. 1. 1. 1. 1. 1. 1. 1. 1. 1. 1. 1. 1. 1.
  1. 1. 0. 1. 1. 1. 1. 1. 1. 1. 1. 1. 0. 1. 1. 1. 1. 0. 1. 1. 1. 1. 0. 1.
  1. 1. 1. 0. 1. 1. 1. 1. 1. 1. 1. 1. 1. 0. 1. 0. 1. 1. 0. 1. 1. 1. 1. 1.
  0. 1. 1. 1.]
 [1. 1. 0. 1. 1. 1. 1. 1. 1. 0. 0. 0. 0. 1. 1. 1. 1. 1. 1. 1. 0. 1. 0. 1.
  1. 1. 1. 1. 1. 0. 0. 1. 1. 1. 1. 1. 1. 0. 1. 0. 1. 0. 1. 1. 1. 1. 0. 1.
  1. 0. 1. 1. 1. 1. 1. 1. 1. 1. 1. 1. 1. 1. 1. 1. 1. 1. 0. 1. 1. 0. 0. 1.
  1. 1. 1. 1. 1. 1. 1. 0. 1. 1. 1. 0. 1. 1. 0. 0. 0. 1. 1. 1. 1. 1. 1. 1.
  0. 1. 1. 0.]
 [1. 1. 1. 1. 1. 1. 1. 1. 1. 0. 1. 0. 0. 1. 1. 1. 1. 1. 1. 1. 1. 1. 1. 0.
  1. 1. 1. 1. 1. 1. 1. 0. 1. 1. 1. 1. 1. 0. 1. 1. 1. 1. 1. 1. 1. 1. 1. 1.
  1. 1. 1. 1. 1. 0. 1. 1. 0. 1. 0. 1. 1. 0. 0. 1. 0. 1. 1. 1. 1. 1. 1. 0.
  1. 1. 1. 0. 1. 1. 1. 1. 1. 1. 1. 0. 1. 1. 1. 1. 1. 1. 1. 0. 1. 0. 1. 1.
  1. 1. 1. 1.]
 [0. 1. 1. 1. 1. 0. 1. 1. 1. 0. 1. 1. 1. 0. 0. 1. 0. 1. 0. 0. 1. 1. 0. 1.
  1. 1. 1. 0. 1. 1. 1. 1. 1. 1. 1. 1. 1. 1. 1. 1. 0. 1. 1. 1. 1. 1. 1. 0.
  0. 1. 1. 1. 0. 1. 1. 0. 1. 0. 1. 1. 1. 1. 1. 1. 1. 1. 1. 1. 0. 1. 1. 1.
  1. 1. 1. 1. 1. 1. 1. 1. 1. 0. 1. 0. 1. 1. 1. 0. 1. 0. 1. 0. 0. 1. 1. 0.
  1. 0. 1. 1.]
 [0. 1. 1. 1. 1. 1. 0. 1. 1. 1. 1. 1. 1. 0. 0. 1. 1. 1. 0. 1. 1. 1. 1. 1.
  1. 1. 1. 1. 1. 1. 1. 1. 1. 0. 1. 1. 0. 1. 1. 1. 1. 1. 1. 0. 1. 1. 1. 1.
  1. 1. 1. 0. 1. 0. 1. 0. 0. 1. 1. 1. 1. 0. 1. 0. 0. 0. 1. 0. 1. 1. 1. 1.
  1. 1. 1. 1. 0. 1. 0. 1. 1. 1. 1. 1. 1. 1. 1. 1. 0. 0. 1. 1. 1. 1. 1. 0.
  1. 1. 1. 1.]
 [0. 1. 1. 1. 1. 1. 1. 1. 1. 1. 1. 1. 1. 1. 1. 0. 1. 1. 1. 1. 0. 1. 1. 1.
  0. 1. 1. 1. 1. 1. 1. 0. 1. 1. 1. 0. 1. 1. 1. 1. 1. 1. 1. 0. 1. 1. 0. 0.
  1. 1. 1. 1. 1. 1. 1. 1. 1. 1. 1. 1. 0. 1. 1. 0. 0. 1. 1. 1. 0. 0. 0. 1.
  1. 0. 1. 1. 0. 1. 0. 1. 1. 0. 1. 1. 1. 1. 1. 1. 1. 0. 1. 1. 1. 1. 1. 1.
  1. 1. 1. 1.]
 [1. 1. 1. 1. 1. 1. 1. 1. 1. 1. 0. 1. 1. 0. 1. 1. 0. 1. 1. 1. 1. 1. 1. 1.
  1. 1. 1. 1. 1. 1. 1. 1. 1. 1. 1. 1. 1. 1. 1. 0. 1. 1. 0. 1. 1. 1. 0. 1.
  1. 1. 1. 0. 1. 0. 1. 1. 1. 1. 1. 1. 0. 1. 1. 0. 1. 1. 1. 0. 1. 1. 1. 1.
  1. 1. 1. 1. 1. 1. 1. 1. 0. 1. 1. 1. 1. 1. 1. 1. 1. 1. 0. 0. 1. 0. 0. 1.
  1. 0. 1. 1.]
 [1. 1. 1. 1. 1. 1. 1. 1. 1. 1. 0. 1. 1. 1. 1. 1. 1. 0. 1. 1. 1. 1. 0. 1.
  1. 1. 1. 1. 0. 1. 1. 0. 1. 0. 1. 1. 0. 1. 1. 1. 1. 1. 1. 1. 1. 1. 1. 1.
  1. 1. 1. 1. 1. 1. 1. 1. 1. 1. 0. 0. 0. 1. 1. 0. 0. 1. 0. 1. 0. 1. 0. 1.
  1. 1. 1. 1. 1. 1. 1. 1. 1. 1. 1. 1. 1. 1. 1. 1. 1. 1. 1. 1. 0. 0. 1. 0.
  1. 1. 1. 0.]
 [1. 1. 1. 1. 1. 1. 1. 1. 0. 1. 0. 1. 1. 0. 0. 1. 1. 1. 0. 1. 1. 1. 1. 1.
  1. 0. 1. 1. 1. 0. 1. 1. 1. 1. 0. 1. 1. 1. 1. 1. 1. 1. 0. 1. 0. 1. 1. 1.
  1. 1. 1. 1. 1. 1. 0. 0. 1. 0. 0. 1. 1. 1. 1. 1. 1. 0. 1. 1. 1. 0. 0. 1.
  0. 1. 1. 1. 1. 1. 1. 0. 1. 1. 1. 1. 1. 1. 1. 1. 1. 0. 1. 1. 1. 1. 1. 1.
  0. 1. 1. 1.]
 [1. 1. 1. 1. 1. 1. 1. 1. 1. 1. 1. 1. 1. 0. 1. 1. 1. 1. 1. 0. 1. 1. 1. 1.
  0. 0. 0. 1. 1. 1. 1. 1. 0. 1. 1. 1. 1. 0. 1. 1. 1. 1. 0. 1. 0. 0. 0. 1.
  1. 1. 1. 1. 0. 1. 1. 1. 1. 1. 1. 1. 1. 1. 1. 1. 1. 1. 1. 1. 1. 1. 1. 0.
  1. 1. 1. 1. 1. 0. 0. 1. 0. 1. 0. 1. 1. 1. 1. 1. 0. 1. 1. 1. 1. 1. 1. 1.
  0. 1. 0. 1.]
 [1. 1. 1. 1. 1. 1. 1. 0. 0. 1. 1. 0. 1. 1. 1. 0. 1. 1. 1. 1. 0. 0. 0. 0.
  0. 0. 0. 0. 0. 0. 0. 0. 0. 0. 0. 0. 0. 0. 0. 0. 0. 0. 0. 0. 0. 0. 0. 0.
  0. 0. 0. 0. 0. 0. 0. 0. 0. 0. 0. 0. 0. 0. 0. 0. 0. 0. 0. 0. 0. 0. 0. 0.
  0. 0. 0. 0. 0. 0. 0. 0. 0. 0. 0. 0. 0. 0. 0. 0. 0. 0. 0. 0. 0. 0. 0. 0.
  0. 0. 0. 0.]
 [0. 1. 1. 1. 1. 0. 1. 0. 1. 1. 1. 1. 1. 1. 1. 1. 1. 1. 1. 1. 0. 0. 0. 0.
  0. 0. 0. 0. 0. 0. 0. 0. 0. 0. 0. 0. 0. 0. 0. 0. 0. 0. 0. 0. 0. 0. 0. 0.
  0. 0. 0. 0. 0. 0. 0. 0. 0. 0. 0. 0. 0. 0. 0. 0. 0. 0. 0. 0. 0. 0. 0. 0.
  0. 0. 0. 0. 0. 0. 0. 0. 0. 0. 0. 0. 0. 0. 0. 0. 0. 0. 0. 0. 0. 0. 0. 0.
  0. 0. 0. 0.]
 [1. 1. 1. 1. 1. 1. 1. 0. 0. 0. 1. 0. 1. 0. 1. 1. 1. 0. 1. 1. 0. 0. 0. 0.
  0. 0. 0. 0. 0. 0. 0. 0. 0. 0. 0. 0. 0. 0. 0. 0. 0. 0. 0. 0. 0. 0. 0. 0.
  0. 0. 0. 0. 0. 0. 0. 0. 0. 0. 0. 0. 0. 0. 0. 0. 0. 0. 0. 0. 0. 0. 0. 0.
  0. 0. 0. 0. 0. 0. 0. 0. 0. 0. 0. 0. 0. 0. 0. 0. 0. 0. 0. 0. 0. 0. 0. 0.
  0. 0. 0. 0.]
 [1. 1. 1. 1. 1. 1. 1. 1. 1. 0. 1. 1. 0. 1. 1. 1. 1. 1. 1. 1. 0. 0. 0. 0.
  0. 0. 0. 0. 0. 0. 0. 0. 0. 0. 0. 0. 0. 0. 0. 0. 0. 0. 0. 0. 0. 0. 0. 0.
  0. 0. 0. 0. 0. 0. 0. 0. 0. 0. 0. 0. 0. 0. 0. 0. 0. 0. 0. 0. 0. 0. 0. 0.
  0. 0. 0. 0. 0. 0. 0. 0. 0. 0. 0. 0. 0. 0. 0. 0. 0. 0. 0. 0. 0. 0. 0. 0.
  0. 0. 0. 0.]
 [1. 1. 0. 1. 1. 0. 1. 1. 0. 1. 1. 1. 1. 1. 1. 0. 1. 1. 1. 0. 0. 0. 0. 0.
  0. 0. 0. 0. 0. 0. 0. 0. 0. 0. 0. 0. 0. 0. 0. 0. 0. 0. 0. 0. 0. 0. 0. 0.
  0. 0. 0. 0. 0. 0. 0. 0. 0. 0. 0. 0. 0. 0. 0. 0. 0. 0. 0. 0. 0. 0. 0. 0.
  0. 0. 0. 0. 0. 0. 0. 0. 0. 0. 0. 0. 0. 0. 0. 0. 0. 0. 0. 0. 0. 0. 0. 0.
  0. 0. 0. 0.]
 [1. 0. 1. 1. 0. 1. 0. 0. 1. 0. 1. 1. 1. 1. 1. 1. 1. 1. 0. 0. 0. 0. 0. 0.
  0. 0. 0. 0. 0. 0. 0. 0. 0. 0. 0. 0. 0. 0. 0. 0. 0. 0. 0. 0. 0. 0. 0. 0.
  0. 0. 0. 0. 0. 0. 0. 0. 0. 0. 0. 0. 0. 0. 0. 0. 0. 0. 0. 0. 0. 0. 0. 0.
  0. 0. 0. 0. 0. 0. 0. 0. 0. 0. 0. 0. 0. 0. 0. 0. 0. 0. 0. 0. 0. 0. 0. 0.
  0. 0. 0. 0.]
 [1. 1. 1. 0. 1. 1. 1. 1. 1. 1. 0. 1. 1. 1. 1. 1. 1. 1. 1. 0. 0. 0. 0. 0.
  0. 0. 0. 0. 0. 0. 0. 0. 0. 0. 0. 0. 0. 0. 0. 0. 0. 0. 0. 0. 0. 0. 0. 0.
  0. 0. 0. 0. 0. 0. 0. 0. 0. 0. 0. 0. 0. 0. 0. 0. 0. 0. 0. 0. 0. 0. 0. 0.
  0. 0. 0. 0. 0. 0. 0. 0. 0. 0. 0. 0. 0. 0. 0. 0. 0. 0. 0. 0. 0. 0. 0. 0.
  0. 0. 0. 0.]
 [1. 1. 1. 1. 1. 0. 1. 0. 1. 1. 1. 1. 1. 0. 1. 1. 1. 1. 1. 1. 0. 0. 0. 0.
  0. 0. 0. 0. 0. 0. 0. 0. 0. 0. 0. 0. 0. 0. 0. 0. 0. 0. 0. 0. 0. 0. 0. 0.
  0. 0. 0. 0. 0. 0. 0. 0. 0. 0. 0. 0. 0. 0. 0. 0. 0. 0. 0. 0. 0. 0. 0. 0.
  0. 0. 0. 0. 0. 0. 0. 0. 0. 0. 0. 0. 0. 0. 0. 0. 0. 0. 0. 0. 0. 0. 0. 0.
  0. 0. 0. 0.]
 [1. 1. 1. 1. 1. 0. 0. 0. 1. 1. 0. 1. 1. 1. 1. 1. 1. 0. 1. 1. 0. 0. 0. 0.
  0. 0. 0. 0. 0. 0. 0. 0. 0. 0. 0. 0. 0. 0. 0. 0. 0. 0. 0. 0. 0. 0. 0. 0.
  0. 0. 0. 0. 0. 0. 0. 0. 0. 0. 0. 0. 0. 0. 0. 0. 0. 0. 0. 0. 0. 0. 0. 0.
  0. 0. 0. 0. 0. 0. 0. 0. 0. 0. 0. 0. 0. 0. 0. 0. 0. 0. 0. 0. 0. 0. 0. 0.
  0. 0. 0. 0.]
 [1. 1. 1. 1. 1. 1. 1. 1. 1. 1. 1. 0. 1. 1. 1. 1. 1. 1. 0. 1. 0. 0. 0. 0.
  0. 0. 0. 0. 0. 0. 0. 0. 0. 0. 0. 0. 0. 0. 0. 0. 0. 0. 0. 0. 0. 0. 0. 0.
  0. 0. 0. 0. 0. 0. 0. 0. 0. 0. 0. 0. 0. 0. 0. 0. 0. 0. 0. 0. 0. 0. 0. 0.
  0. 0. 0. 0. 0. 0. 0. 0. 0. 0. 0. 0. 0. 0. 0. 0. 0. 0. 0. 0. 0. 0. 0. 0.
  0. 0. 0. 0.]
 [1. 1. 1. 1. 1. 1. 1. 1. 1. 1. 0. 0. 1. 1. 1. 1. 1. 1. 1. 1. 0. 0. 0. 0.
  0. 0. 0. 0. 0. 0. 0. 0. 0. 0. 0. 0. 0. 0. 0. 0. 0. 0. 0. 0. 0. 0. 0. 0.
  0. 0. 0. 0. 0. 0. 0. 0. 0. 0. 0. 0. 0. 0. 0. 0. 0. 0. 0. 0. 0. 0. 0. 0.
  0. 0. 0. 0. 0. 0. 0. 0. 0. 0. 0. 0. 0. 0. 0. 0. 0. 0. 0. 0. 0. 0. 0. 0.
  0. 0. 0. 0.]
 [1. 1. 1. 1. 1. 1. 1. 1. 1. 1. 1. 1. 0. 1. 1. 0. 1. 0. 1. 1. 0. 0. 0. 0.
  0. 0. 0. 0. 0. 0. 0. 0. 0. 0. 0. 0. 0. 0. 0. 0. 0. 0. 0. 0. 0. 0. 0. 0.
  0. 0. 0. 0. 0. 0. 0. 0. 0. 0. 0. 0. 0. 0. 0. 0. 0. 0. 0. 0. 0. 0. 0. 0.
  0. 0. 0. 0. 0. 0. 0. 0. 0. 0. 0. 0. 0. 0. 0. 0. 0. 0. 0. 0. 0. 0. 0. 0.
  0. 0. 0. 0.]
 [1. 1. 1. 1. 1. 1. 1. 1. 1. 1. 1. 1. 1. 1. 1. 1. 1. 1. 1. 0. 0. 0. 0. 0.
  0. 0. 0. 0. 0. 0. 0. 0. 0. 0. 0. 0. 0. 0. 0. 0. 0. 0. 0. 0. 0. 0. 0. 0.
  0. 0. 0. 0. 0. 0. 0. 0. 0. 0. 0. 0. 0. 0. 0. 0. 0. 0. 0. 0. 0. 0. 0. 0.
  0. 0. 0. 0. 0. 0. 0. 0. 0. 0. 0. 0. 0. 0. 0. 0. 0. 0. 0. 0. 0. 0. 0. 0.
  0. 0. 0. 0.]
 [1. 0. 1. 1. 1. 0. 1. 1. 1. 1. 1. 1. 1. 1. 0. 1. 1. 0. 1. 1. 0. 0. 0. 0.
  0. 0. 0. 0. 0. 0. 0. 0. 0. 0. 0. 0. 0. 0. 0. 0. 0. 0. 0. 0. 0. 0. 0. 0.
  0. 0. 0. 0. 0. 0. 0. 0. 0. 0. 0. 0. 0. 0. 0. 0. 0. 0. 0. 0. 0. 0. 0. 0.
  0. 0. 0. 0. 0. 0. 0. 0. 0. 0. 0. 0. 0. 0. 0. 0. 0. 0. 0. 0. 0. 0. 0. 0.
  0. 0. 0. 0.]
 [1. 1. 0. 1. 1. 1. 0. 0. 1. 0. 1. 1. 1. 1. 1. 1. 1. 1. 0. 1. 0. 0. 0. 0.
  0. 0. 0. 0. 0. 0. 0. 0. 0. 0. 0. 0. 0. 0. 0. 0. 0. 0. 0. 0. 0. 0. 0. 0.
  0. 0. 0. 0. 0. 0. 0. 0. 0. 0. 0. 0. 0. 0. 0. 0. 0. 0. 0. 0. 0. 0. 0. 0.
  0. 0. 0. 0. 0. 0. 0. 0. 0. 0. 0. 0. 0. 0. 0. 0. 0. 0. 0. 0. 0. 0. 0. 0.
  0. 0. 0. 0.]
 [0. 1. 1. 0. 1. 1. 0. 0. 1. 1. 1. 1. 1. 1. 1. 0. 1. 1. 1. 1. 0. 0. 0. 0.
  0. 0. 0. 0. 0. 0. 0. 0. 0. 0. 0. 0. 0. 0. 0. 0. 0. 0. 0. 0. 0. 0. 0. 0.
  0. 0. 0. 0. 0. 0. 0. 0. 0. 0. 0. 0. 0. 0. 0. 0. 0. 0. 0. 0. 0. 0. 0. 0.
  0. 0. 0. 0. 0. 0. 0. 0. 0. 0. 0. 0. 0. 0. 0. 0. 0. 0. 0. 0. 0. 0. 0. 0.
  0. 0. 0. 0.]
 [1. 1. 1. 1. 1. 1. 1. 0. 1. 1. 1. 1. 1. 1. 0. 1. 1. 0. 1. 1. 0. 0. 0. 0.
  0. 0. 0. 0. 0. 0. 0. 0. 0. 0. 0. 0. 0. 0. 0. 0. 0. 0. 0. 0. 0. 0. 0. 0.
  0. 0. 0. 0. 0. 0. 0. 0. 0. 0. 0. 0. 0. 0. 0. 0. 0. 0. 0. 0. 0. 0. 0. 0.
  0. 0. 0. 0. 0. 0. 0. 0. 0. 0. 0. 0. 0. 0. 0. 0. 0. 0. 0. 0. 0. 0. 0. 0.
  0. 0. 0. 0.]
 [0. 1. 1. 1. 1. 0. 0. 1. 1. 1. 1. 0. 0. 1. 1. 1. 1. 1. 1. 0. 0. 0. 0. 0.
  0. 0. 0. 0. 0. 0. 0. 0. 0. 0. 0. 0. 0. 0. 0. 0. 0. 0. 0. 0. 0. 0. 0. 0.
  0. 0. 0. 0. 0. 0. 0. 0. 0. 0. 0. 0. 0. 0. 0. 0. 0. 0. 0. 0. 0. 0. 0. 0.
  0. 0. 0. 0. 0. 0. 0. 0. 0. 0. 0. 0. 0. 0. 0. 0. 0. 0. 0. 0. 0. 0. 0. 0.
  0. 0. 0. 0.]
 [1. 1. 1. 1. 1. 1. 1. 1. 1. 0. 1. 1. 1. 1. 1. 1. 1. 1. 1. 1. 0. 0. 0. 0.
  0. 0. 0. 0. 0. 0. 0. 0. 0. 0. 0. 0. 0. 0. 0. 0. 0. 0. 0. 0. 0. 0. 0. 0.
  0. 0. 0. 0. 0. 0. 0. 0. 0. 0. 0. 0. 0. 0. 0. 0. 0. 0. 0. 0. 0. 0. 0. 0.
  0. 0. 0. 0. 0. 0. 0. 0. 0. 0. 0. 0. 0. 0. 0. 0. 0. 0. 0. 0. 0. 0. 0. 0.
  0. 0. 0. 0.]
 [0. 1. 1. 1. 1. 1. 1. 1. 0. 1. 1. 0. 1. 1. 1. 1. 0. 1. 1. 1. 0. 0. 0. 0.
  0. 0. 0. 0. 0. 0. 0. 0. 0. 0. 0. 0. 0. 0. 0. 0. 0. 0. 0. 0. 0. 0. 0. 0.
  0. 0. 0. 0. 0. 0. 0. 0. 0. 0. 0. 0. 0. 0. 0. 0. 0. 0. 0. 0. 0. 0. 0. 0.
  0. 0. 0. 0. 0. 0. 0. 0. 0. 0. 0. 0. 0. 0. 0. 0. 0. 0. 0. 0. 0. 0. 0. 0.
  0. 0. 0. 0.]
 [0. 1. 1. 1. 1. 1. 1. 1. 1. 1. 1. 1. 1. 0. 1. 1. 1. 1. 1. 1. 0. 0. 0. 0.
  0. 0. 0. 0. 0. 0. 0. 0. 0. 0. 0. 0. 0. 0. 0. 0. 0. 0. 0. 0. 0. 0. 0. 0.
  0. 0. 0. 0. 0. 0. 0. 0. 0. 0. 0. 0. 0. 0. 0. 0. 0. 0. 0. 0. 0. 0. 0. 0.
  0. 0. 0. 0. 0. 0. 0. 0. 0. 0. 0. 0. 0. 0. 0. 0. 0. 0. 0. 0. 0. 0. 0. 0.
  0. 0. 0. 0.]
 [1. 1. 1. 1. 1. 1. 1. 1. 1. 1. 1. 0. 1. 1. 1. 1. 1. 1. 1. 1. 0. 0. 0. 0.
  0. 0. 0. 0. 0. 0. 0. 0. 0. 0. 0. 0. 0. 0. 0. 0. 0. 0. 0. 0. 0. 0. 0. 0.
  0. 0. 0. 0. 0. 0. 0. 0. 0. 0. 0. 0. 0. 0. 0. 0. 0. 0. 0. 0. 0. 0. 0. 0.
  0. 0. 0. 0. 0. 0. 0. 0. 0. 0. 0. 0. 0. 0. 0. 0. 0. 0. 0. 0. 0. 0. 0. 0.
  0. 0. 0. 0.]
 [1. 1. 1. 1. 0. 1. 1. 1. 1. 1. 1. 1. 1. 1. 1. 1. 0. 1. 0. 0. 0. 0. 0. 0.
  0. 0. 0. 0. 0. 0. 0. 0. 0. 0. 0. 0. 0. 0. 0. 0. 0. 0. 0. 0. 0. 0. 0. 0.
  0. 0. 0. 0. 0. 0. 0. 0. 0. 0. 0. 0. 0. 0. 0. 0. 0. 0. 0. 0. 0. 0. 0. 0.
  0. 0. 0. 0. 0. 0. 0. 0. 0. 0. 0. 0. 0. 0. 0. 0. 0. 0. 0. 0. 0. 0. 0. 0.
  0. 0. 0. 0.]
 [1. 1. 1. 1. 1. 1. 1. 1. 0. 1. 1. 1. 1. 1. 0. 0. 1. 1. 1. 1. 0. 0. 0. 0.
  0. 0. 0. 0. 0. 0. 0. 0. 0. 0. 0. 0. 0. 0. 0. 0. 0. 0. 0. 0. 0. 0. 0. 0.
  0. 0. 0. 0. 0. 0. 0. 0. 0. 0. 0. 0. 0. 0. 0. 0. 0. 0. 0. 0. 0. 0. 0. 0.
  0. 0. 0. 0. 0. 0. 0. 0. 0. 0. 0. 0. 0. 0. 0. 0. 0. 0. 0. 0. 0. 0. 0. 0.
  0. 0. 0. 0.]
 [1. 1. 1. 1. 1. 1. 1. 1. 1. 1. 1. 1. 1. 1. 1. 1. 1. 1. 0. 0. 0. 0. 0. 0.
  0. 0. 0. 0. 0. 0. 0. 0. 0. 0. 0. 0. 0. 0. 0. 0. 0. 0. 0. 0. 0. 0. 0. 0.
  0. 0. 0. 0. 0. 0. 0. 0. 0. 0. 0. 0. 0. 0. 0. 0. 0. 0. 0. 0. 0. 0. 0. 0.
  0. 0. 0. 0. 0. 0. 0. 0. 0. 0. 0. 0. 0. 0. 0. 0. 0. 0. 0. 0. 0. 0. 0. 0.
  0. 0. 0. 0.]
 [0. 1. 1. 1. 1. 0. 1. 1. 0. 1. 1. 1. 1. 1. 1. 1. 1. 1. 1. 0. 0. 0. 0. 0.
  0. 0. 0. 0. 0. 0. 0. 0. 0. 0. 0. 0. 0. 0. 0. 0. 0. 0. 0. 0. 0. 0. 0. 0.
  0. 0. 0. 0. 0. 0. 0. 0. 0. 0. 0. 0. 0. 0. 0. 0. 0. 0. 0. 0. 0. 0. 0. 0.
  0. 0. 0. 0. 0. 0. 0. 0. 0. 0. 0. 0. 0. 0. 0. 0. 0. 0. 0. 0. 0. 0. 0. 0.
  0. 0. 0. 0.]
 [1. 1. 0. 1. 1. 1. 1. 1. 1. 0. 1. 0. 1. 1. 1. 0. 0. 1. 1. 0. 0. 0. 0. 0.
  0. 0. 0. 0. 0. 0. 0. 0. 0. 0. 0. 0. 0. 0. 0. 0. 0. 0. 0. 0. 0. 0. 0. 0.
  0. 0. 0. 0. 0. 0. 0. 0. 0. 0. 0. 0. 0. 0. 0. 0. 0. 0. 0. 0. 0. 0. 0. 0.
  0. 0. 0. 0. 0. 0. 0. 0. 0. 0. 0. 0. 0. 0. 0. 0. 0. 0. 0. 0. 0. 0. 0. 0.
  0. 0. 0. 0.]
 [0. 0. 0. 1. 1. 0. 1. 1. 1. 1. 1. 1. 1. 0. 1. 0. 1. 1. 1. 1. 0. 0. 0. 0.
  0. 0. 0. 0. 0. 0. 0. 0. 0. 0. 0. 0. 0. 0. 0. 0. 0. 0. 0. 0. 0. 0. 0. 0.
  0. 0. 0. 0. 0. 0. 0. 0. 0. 0. 0. 0. 0. 0. 0. 0. 0. 0. 0. 0. 0. 0. 0. 0.
  0. 0. 0. 0. 0. 0. 0. 0. 0. 0. 0. 0. 0. 0. 0. 0. 0. 0. 0. 0. 0. 0. 0. 0.
  0. 0. 0. 0.]
 [0. 1. 1. 1. 0. 1. 1. 1. 1. 1. 1. 1. 1. 0. 1. 1. 1. 1. 1. 1. 0. 0. 0. 0.
  0. 0. 0. 0. 0. 0. 0. 0. 0. 0. 0. 0. 0. 0. 0. 0. 0. 0. 0. 0. 0. 0. 0. 0.
  0. 0. 0. 0. 0. 0. 0. 0. 0. 0. 0. 0. 0. 0. 0. 0. 0. 0. 0. 0. 0. 0. 0. 0.
  0. 0. 0. 0. 0. 0. 0. 0. 0. 0. 0. 0. 0. 0. 0. 0. 0. 0. 0. 0. 0. 0. 0. 0.
  0. 0. 0. 0.]
 [0. 1. 1. 1. 1. 1. 1. 1. 0. 0. 1. 0. 1. 1. 1. 1. 1. 1. 1. 1. 0. 0. 0. 0.
  0. 0. 0. 0. 0. 0. 0. 0. 0. 0. 0. 0. 0. 0. 0. 0. 0. 0. 0. 0. 0. 0. 0. 0.
  0. 0. 0. 0. 0. 0. 0. 0. 0. 0. 0. 0. 0. 0. 0. 0. 0. 0. 0. 0. 0. 0. 0. 0.
  0. 0. 0. 0. 0. 0. 0. 0. 0. 0. 0. 0. 0. 0. 0. 0. 0. 0. 0. 0. 0. 0. 0. 0.
  0. 0. 0. 0.]
 [1. 1. 1. 1. 1. 0. 1. 1. 1. 1. 0. 1. 1. 1. 1. 1. 1. 1. 1. 1. 0. 0. 0. 0.
  0. 0. 0. 0. 0. 0. 0. 0. 0. 0. 0. 0. 0. 0. 0. 0. 0. 0. 0. 0. 0. 0. 0. 0.
  0. 0. 0. 0. 0. 0. 0. 0. 0. 0. 0. 0. 0. 0. 0. 0. 0. 0. 0. 0. 0. 0. 0. 0.
  0. 0. 0. 0. 0. 0. 0. 0. 0. 0. 0. 0. 0. 0. 0. 0. 0. 0. 0. 0. 0. 0. 0. 0.
  0. 0. 0. 0.]
 [1. 1. 1. 0. 1. 0. 1. 1. 0. 1. 1. 1. 1. 1. 0. 1. 0. 1. 1. 1. 0. 0. 0. 0.
  0. 0. 0. 0. 0. 0. 0. 0. 0. 0. 0. 0. 0. 0. 0. 0. 0. 0. 0. 0. 0. 0. 0. 0.
  0. 0. 0. 0. 0. 0. 0. 0. 0. 0. 0. 0. 0. 0. 0. 0. 0. 0. 0. 0. 0. 0. 0. 0.
  0. 0. 0. 0. 0. 0. 0. 0. 0. 0. 0. 0. 0. 0. 0. 0. 0. 0. 0. 0. 0. 0. 0. 0.
  0. 0. 0. 0.]
 [1. 1. 0. 1. 1. 1. 0. 1. 1. 1. 1. 1. 1. 0. 1. 1. 1. 1. 1. 0. 0. 0. 0. 0.
  0. 0. 0. 0. 0. 0. 0. 0. 0. 0. 0. 0. 0. 0. 0. 0. 0. 0. 0. 0. 0. 0. 0. 0.
  0. 0. 0. 0. 0. 0. 0. 0. 0. 0. 0. 0. 0. 0. 0. 0. 0. 0. 0. 0. 0. 0. 0. 0.
  0. 0. 0. 0. 0. 0. 0. 0. 0. 0. 0. 0. 0. 0. 0. 0. 0. 0. 0. 0. 0. 0. 0. 0.
  0. 0. 0. 0.]
 [1. 1. 0. 0. 0. 1. 1. 1. 1. 1. 1. 1. 0. 1. 0. 1. 0. 1. 1. 1. 0. 0. 0. 0.
  0. 0. 0. 0. 0. 0. 0. 0. 0. 0. 0. 0. 0. 0. 0. 0. 0. 0. 0. 0. 0. 0. 0. 0.
  0. 0. 0. 0. 0. 0. 0. 0. 0. 0. 0. 0. 0. 0. 0. 0. 0. 0. 0. 0. 0. 0. 0. 0.
  0. 0. 0. 0. 0. 0. 0. 0. 0. 0. 0. 0. 0. 0. 0. 0. 0. 0. 0. 0. 0. 0. 0. 0.
  0. 0. 0. 0.]
 [1. 1. 1. 1. 1. 1. 0. 0. 0. 1. 1. 1. 1. 1. 1. 1. 1. 1. 0. 1. 0. 0. 0. 0.
  0. 0. 0. 0. 0. 0. 0. 0. 0. 0. 0. 0. 0. 0. 0. 0. 0. 0. 0. 0. 0. 0. 0. 0.
  0. 0. 0. 0. 0. 0. 0. 0. 0. 0. 0. 0. 0. 0. 0. 0. 0. 0. 0. 0. 0. 0. 0. 0.
  0. 0. 0. 0. 0. 0. 0. 0. 0. 0. 0. 0. 0. 0. 0. 0. 0. 0. 0. 0. 0. 0. 0. 0.
  0. 0. 0. 0.]
 [1. 1. 1. 0. 1. 1. 1. 1. 1. 1. 1. 1. 1. 0. 0. 1. 1. 1. 0. 1. 0. 0. 0. 0.
  0. 0. 0. 0. 0. 0. 0. 0. 0. 0. 0. 0. 0. 0. 0. 0. 0. 0. 0. 0. 0. 0. 0. 0.
  0. 0. 0. 0. 0. 0. 0. 0. 0. 0. 0. 0. 0. 0. 0. 0. 0. 0. 0. 0. 0. 0. 0. 0.
  0. 0. 0. 0. 0. 0. 0. 0. 0. 0. 0. 0. 0. 0. 0. 0. 0. 0. 0. 0. 0. 0. 0. 0.
  0. 0. 0. 0.]
 [1. 1. 1. 0. 1. 0. 1. 1. 1. 1. 1. 1. 0. 1. 0. 1. 1. 1. 1. 1. 0. 0. 0. 0.
  0. 0. 0. 0. 0. 0. 0. 0. 0. 0. 0. 0. 0. 0. 0. 0. 0. 0. 0. 0. 0. 0. 0. 0.
  0. 0. 0. 0. 0. 0. 0. 0. 0. 0. 0. 0. 0. 0. 0. 0. 0. 0. 0. 0. 0. 0. 0. 0.
  0. 0. 0. 0. 0. 0. 0. 0. 0. 0. 0. 0. 0. 0. 0. 0. 0. 0. 0. 0. 0. 0. 0. 0.
  0. 0. 0. 0.]
 [1. 0. 1. 1. 1. 1. 1. 1. 1. 1. 1. 1. 1. 0. 1. 1. 1. 1. 0. 1. 0. 0. 0. 0.
  0. 0. 0. 0. 0. 0. 0. 0. 0. 0. 0. 0. 0. 0. 0. 0. 0. 0. 0. 0. 0. 0. 0. 0.
  0. 0. 0. 0. 0. 0. 0. 0. 0. 0. 0. 0. 0. 0. 0. 0. 0. 0. 0. 0. 0. 0. 0. 0.
  0. 0. 0. 0. 0. 0. 0. 0. 0. 0. 0. 0. 0. 0. 0. 0. 0. 0. 0. 0. 0. 0. 0. 0.
  0. 0. 0. 0.]
 [1. 1. 1. 1. 1. 1. 0. 1. 1. 1. 1. 1. 0. 1. 1. 1. 1. 0. 0. 1. 0. 0. 0. 0.
  0. 0. 0. 0. 0. 0. 0. 0. 0. 0. 0. 0. 0. 0. 0. 0. 0. 0. 0. 0. 0. 0. 0. 0.
  0. 0. 0. 0. 0. 0. 0. 0. 0. 0. 0. 0. 0. 0. 0. 0. 0. 0. 0. 0. 0. 0. 0. 0.
  0. 0. 0. 0. 0. 0. 0. 0. 0. 0. 0. 0. 0. 0. 0. 0. 0. 0. 0. 0. 0. 0. 0. 0.
  0. 0. 0. 0.]
 [1. 1. 0. 1. 0. 1. 1. 1. 0. 1. 1. 1. 1. 1. 1. 1. 1. 0. 1. 1. 0. 0. 0. 0.
  0. 0. 0. 0. 0. 0. 0. 0. 0. 0. 0. 0. 0. 0. 0. 0. 0. 0. 0. 0. 0. 0. 0. 0.
  0. 0. 0. 0. 0. 0. 0. 0. 0. 0. 0. 0. 0. 0. 0. 0. 0. 0. 0. 0. 0. 0. 0. 0.
  0. 0. 0. 0. 0. 0. 0. 0. 0. 0. 0. 0. 0. 0. 0. 0. 0. 0. 0. 0. 0. 0. 0. 0.
  0. 0. 0. 0.]
 [1. 1. 0. 1. 1. 1. 1. 1. 1. 0. 0. 1. 1. 1. 1. 0. 0. 0. 1. 1. 0. 0. 0. 0.
  0. 0. 0. 0. 0. 0. 0. 0. 0. 0. 0. 0. 0. 0. 0. 0. 0. 0. 0. 0. 0. 0. 0. 0.
  0. 0. 0. 0. 0. 0. 0. 0. 0. 0. 0. 0. 0. 0. 0. 0. 0. 0. 0. 0. 0. 0. 0. 0.
  0. 0. 0. 0. 0. 0. 0. 0. 0. 0. 0. 0. 0. 0. 0. 0. 0. 0. 0. 0. 0. 0. 0. 0.
  0. 0. 0. 0.]
 [1. 1. 1. 1. 0. 1. 1. 0. 1. 0. 1. 1. 0. 1. 0. 1. 1. 1. 1. 1. 0. 0. 0. 0.
  0. 0. 0. 0. 0. 0. 0. 0. 0. 0. 0. 0. 0. 0. 0. 0. 0. 0. 0. 0. 0. 0. 0. 0.
  0. 0. 0. 0. 0. 0. 0. 0. 0. 0. 0. 0. 0. 0. 0. 0. 0. 0. 0. 0. 0. 0. 0. 0.
  0. 0. 0. 0. 0. 0. 0. 0. 0. 0. 0. 0. 0. 0. 0. 0. 0. 0. 0. 0. 0. 0. 0. 0.
  0. 0. 0. 0.]
 [1. 0. 0. 1. 1. 1. 1. 1. 1. 1. 1. 1. 0. 1. 1. 1. 1. 1. 1. 1. 0. 0. 0. 0.
  0. 0. 0. 0. 0. 0. 0. 0. 0. 0. 0. 0. 0. 0. 0. 0. 0. 0. 0. 0. 0. 0. 0. 0.
  0. 0. 0. 0. 0. 0. 0. 0. 0. 0. 0. 0. 0. 0. 0. 0. 0. 0. 0. 0. 0. 0. 0. 0.
  0. 0. 0. 0. 0. 0. 0. 0. 0. 0. 0. 0. 0. 0. 0. 0. 0. 0. 0. 0. 0. 0. 0. 0.
  0. 0. 0. 0.]
 [1. 1. 1. 1. 1. 1. 1. 1. 1. 1. 1. 1. 1. 1. 0. 0. 0. 0. 1. 1. 0. 0. 0. 0.
  0. 0. 0. 0. 0. 0. 0. 0. 0. 0. 0. 0. 0. 0. 0. 0. 0. 0. 0. 0. 0. 0. 0. 0.
  0. 0. 0. 0. 0. 0. 0. 0. 0. 0. 0. 0. 0. 0. 0. 0. 0. 0. 0. 0. 0. 0. 0. 0.
  0. 0. 0. 0. 0. 0. 0. 0. 0. 0. 0. 0. 0. 0. 0. 0. 0. 0. 0. 0. 0. 0. 0. 0.
  0. 0. 0. 0.]
 [0. 1. 0. 1. 0. 1. 1. 1. 1. 1. 1. 1. 0. 1. 0. 0. 1. 0. 1. 1. 0. 0. 0. 0.
  0. 0. 0. 0. 0. 0. 0. 0. 0. 0. 0. 0. 0. 0. 0. 0. 0. 0. 0. 0. 0. 0. 0. 0.
  0. 0. 0. 0. 0. 0. 0. 0. 0. 0. 0. 0. 0. 0. 0. 0. 0. 0. 0. 0. 0. 0. 0. 0.
  0. 0. 0. 0. 0. 0. 0. 0. 0. 0. 0. 0. 0. 0. 0. 0. 0. 0. 0. 0. 0. 0. 0. 0.
  0. 0. 0. 0.]
 [1. 1. 1. 0. 1. 0. 1. 1. 0. 1. 0. 1. 1. 1. 0. 1. 1. 1. 0. 1. 0. 0. 0. 0.
  0. 0. 0. 0. 0. 0. 0. 0. 0. 0. 0. 0. 0. 0. 0. 0. 0. 0. 0. 0. 0. 0. 0. 0.
  0. 0. 0. 0. 0. 0. 0. 0. 0. 0. 0. 0. 0. 0. 0. 0. 0. 0. 0. 0. 0. 0. 0. 0.
  0. 0. 0. 0. 0. 0. 0. 0. 0. 0. 0. 0. 0. 0. 0. 0. 0. 0. 0. 0. 0. 0. 0. 0.
  0. 0. 0. 0.]
 [1. 1. 1. 1. 1. 1. 1. 1. 1. 1. 1. 0. 1. 1. 1. 1. 1. 0. 1. 1. 0. 0. 0. 0.
  0. 0. 0. 0. 0. 0. 0. 0. 0. 0. 0. 0. 0. 0. 0. 0. 0. 0. 0. 0. 0. 0. 0. 0.
  0. 0. 0. 0. 0. 0. 0. 0. 0. 0. 0. 0. 0. 0. 0. 0. 0. 0. 0. 0. 0. 0. 0. 0.
  0. 0. 0. 0. 0. 0. 0. 0. 0. 0. 0. 0. 0. 0. 0. 0. 0. 0. 0. 0. 0. 0. 0. 0.
  0. 0. 0. 0.]
 [1. 1. 1. 1. 1. 1. 1. 1. 1. 1. 1. 1. 1. 1. 0. 1. 0. 1. 1. 1. 0. 0. 0. 0.
  0. 0. 0. 0. 0. 0. 0. 0. 0. 0. 0. 0. 0. 0. 0. 0. 0. 0. 0. 0. 0. 0. 0. 0.
  0. 0. 0. 0. 0. 0. 0. 0. 0. 0. 0. 0. 0. 0. 0. 0. 0. 0. 0. 0. 0. 0. 0. 0.
  0. 0. 0. 0. 0. 0. 0. 0. 0. 0. 0. 0. 0. 0. 0. 0. 0. 0. 0. 0. 0. 0. 0. 0.
  0. 0. 0. 0.]
 [1. 0. 0. 1. 1. 0. 0. 1. 1. 1. 1. 1. 1. 0. 1. 0. 1. 0. 1. 1. 0. 0. 0. 0.
  0. 0. 0. 0. 0. 0. 0. 0. 0. 0. 0. 0. 0. 0. 0. 0. 0. 0. 0. 0. 0. 0. 0. 0.
  0. 0. 0. 0. 0. 0. 0. 0. 0. 0. 0. 0. 0. 0. 0. 0. 0. 0. 0. 0. 0. 0. 0. 0.
  0. 0. 0. 0. 0. 0. 0. 0. 0. 0. 0. 0. 0. 0. 0. 0. 0. 0. 0. 0. 0. 0. 0. 0.
  0. 0. 0. 0.]
 [1. 0. 1. 1. 1. 0. 1. 0. 1. 1. 1. 0. 1. 1. 1. 0. 1. 1. 0. 1. 0. 0. 0. 0.
  0. 0. 0. 0. 0. 0. 0. 0. 0. 0. 0. 0. 0. 0. 0. 0. 0. 0. 0. 0. 0. 0. 0. 0.
  0. 0. 0. 0. 0. 0. 0. 0. 0. 0. 0. 0. 0. 0. 0. 0. 0. 0. 0. 0. 0. 0. 0. 0.
  0. 0. 0. 0. 0. 0. 0. 0. 0. 0. 0. 0. 0. 0. 0. 0. 0. 0. 0. 0. 0. 0. 0. 0.
  0. 0. 0. 0.]
 [1. 1. 1. 0. 0. 1. 1. 1. 1. 0. 0. 0. 1. 1. 1. 0. 1. 0. 0. 1. 0. 0. 0. 0.
  0. 0. 0. 0. 0. 0. 0. 0. 0. 0. 0. 0. 0. 0. 0. 0. 0. 0. 0. 0. 0. 0. 0. 0.
  0. 0. 0. 0. 0. 0. 0. 0. 0. 0. 0. 0. 0. 0. 0. 0. 0. 0. 0. 0. 0. 0. 0. 0.
  0. 0. 0. 0. 0. 0. 0. 0. 0. 0. 0. 0. 0. 0. 0. 0. 0. 0. 0. 0. 0. 0. 0. 0.
  0. 0. 0. 0.]
 [1. 1. 0. 1. 1. 1. 0. 0. 0. 1. 1. 1. 0. 1. 1. 1. 1. 1. 1. 0. 0. 0. 0. 0.
  0. 0. 0. 0. 0. 0. 0. 0. 0. 0. 0. 0. 0. 0. 0. 0. 0. 0. 0. 0. 0. 0. 0. 0.
  0. 0. 0. 0. 0. 0. 0. 0. 0. 0. 0. 0. 0. 0. 0. 0. 0. 0. 0. 0. 0. 0. 0. 0.
  0. 0. 0. 0. 0. 0. 0. 0. 0. 0. 0. 0. 0. 0. 0. 0. 0. 0. 0. 0. 0. 0. 0. 0.
  0. 0. 0. 0.]
 [1. 1. 0. 1. 0. 1. 1. 0. 1. 1. 1. 1. 1. 1. 1. 1. 1. 1. 0. 1. 0. 0. 0. 0.
  0. 0. 0. 0. 0. 0. 0. 0. 0. 0. 0. 0. 0. 0. 0. 0. 0. 0. 0. 0. 0. 0. 0. 0.
  0. 0. 0. 0. 0. 0. 0. 0. 0. 0. 0. 0. 0. 0. 0. 0. 0. 0. 0. 0. 0. 0. 0. 0.
  0. 0. 0. 0. 0. 0. 0. 0. 0. 0. 0. 0. 0. 0. 0. 0. 0. 0. 0. 0. 0. 0. 0. 0.
  0. 0. 0. 0.]
 [0. 0. 1. 1. 1. 1. 0. 1. 1. 1. 1. 1. 1. 1. 1. 0. 1. 1. 1. 1. 0. 0. 0. 0.
  0. 0. 0. 0. 0. 0. 0. 0. 0. 0. 0. 0. 0. 0. 0. 0. 0. 0. 0. 0. 0. 0. 0. 0.
  0. 0. 0. 0. 0. 0. 0. 0. 0. 0. 0. 0. 0. 0. 0. 0. 0. 0. 0. 0. 0. 0. 0. 0.
  0. 0. 0. 0. 0. 0. 0. 0. 0. 0. 0. 0. 0. 0. 0. 0. 0. 0. 0. 0. 0. 0. 0. 0.
  0. 0. 0. 0.]
 [1. 0. 1. 1. 1. 1. 1. 1. 1. 1. 1. 1. 1. 1. 1. 1. 1. 1. 1. 1. 0. 0. 0. 0.
  0. 0. 0. 0. 0. 0. 0. 0. 0. 0. 0. 0. 0. 0. 0. 0. 0. 0. 0. 0. 0. 0. 0. 0.
  0. 0. 0. 0. 0. 0. 0. 0. 0. 0. 0. 0. 0. 0. 0. 0. 0. 0. 0. 0. 0. 0. 0. 0.
  0. 0. 0. 0. 0. 0. 0. 0. 0. 0. 0. 0. 0. 0. 0. 0. 0. 0. 0. 0. 0. 0. 0. 0.
  0. 0. 0. 0.]
 [1. 1. 0. 1. 1. 1. 1. 1. 0. 1. 0. 1. 0. 1. 1. 1. 1. 1. 1. 1. 0. 0. 0. 0.
  0. 0. 0. 0. 0. 0. 0. 0. 0. 0. 0. 0. 0. 0. 0. 0. 0. 0. 0. 0. 0. 0. 0. 0.
  0. 0. 0. 0. 0. 0. 0. 0. 0. 0. 0. 0. 0. 0. 0. 0. 0. 0. 0. 0. 0. 0. 0. 0.
  0. 0. 0. 0. 0. 0. 0. 0. 0. 0. 0. 0. 0. 0. 0. 0. 0. 0. 0. 0. 0. 0. 0. 0.
  0. 0. 0. 0.]
 [1. 1. 1. 1. 1. 1. 1. 1. 0. 1. 1. 1. 1. 1. 0. 0. 1. 1. 1. 1. 0. 0. 0. 0.
  0. 0. 0. 0. 0. 0. 0. 0. 0. 0. 0. 0. 0. 0. 0. 0. 0. 0. 0. 0. 0. 0. 0. 0.
  0. 0. 0. 0. 0. 0. 0. 0. 0. 0. 0. 0. 0. 0. 0. 0. 0. 0. 0. 0. 0. 0. 0. 0.
  0. 0. 0. 0. 0. 0. 0. 0. 0. 0. 0. 0. 0. 0. 0. 0. 0. 0. 0. 0. 0. 0. 0. 0.
  0. 0. 0. 0.]
 [1. 1. 1. 1. 1. 1. 1. 1. 1. 1. 1. 1. 1. 1. 1. 1. 1. 1. 1. 0. 0. 0. 0. 0.
  0. 0. 0. 0. 0. 0. 0. 0. 0. 0. 0. 0. 0. 0. 0. 0. 0. 0. 0. 0. 0. 0. 0. 0.
  0. 0. 0. 0. 0. 0. 0. 0. 0. 0. 0. 0. 0. 0. 0. 0. 0. 0. 0. 0. 0. 0. 0. 0.
  0. 0. 0. 0. 0. 0. 0. 0. 0. 0. 0. 0. 0. 0. 0. 0. 0. 0. 0. 0. 0. 0. 0. 0.
  0. 0. 0. 0.]
 [1. 1. 1. 0. 1. 1. 1. 1. 0. 1. 1. 1. 1. 1. 0. 0. 1. 1. 1. 0. 0. 0. 0. 0.
  0. 0. 0. 0. 0. 0. 0. 0. 0. 0. 0. 0. 0. 0. 0. 0. 0. 0. 0. 0. 0. 0. 0. 0.
  0. 0. 0. 0. 0. 0. 0. 0. 0. 0. 0. 0. 0. 0. 0. 0. 0. 0. 0. 0. 0. 0. 0. 0.
  0. 0. 0. 0. 0. 0. 0. 0. 0. 0. 0. 0. 0. 0. 0. 0. 0. 0. 0. 0. 0. 0. 0. 0.
  0. 0. 0. 0.]
 [1. 1. 0. 1. 0. 0. 1. 1. 0. 1. 1. 0. 1. 1. 1. 1. 1. 1. 0. 1. 0. 0. 0. 0.
  0. 0. 0. 0. 0. 0. 0. 0. 0. 0. 0. 0. 0. 0. 0. 0. 0. 0. 0. 0. 0. 0. 0. 0.
  0. 0. 0. 0. 0. 0. 0. 0. 0. 0. 0. 0. 0. 0. 0. 0. 0. 0. 0. 0. 0. 0. 0. 0.
  0. 0. 0. 0. 0. 0. 0. 0. 0. 0. 0. 0. 0. 0. 0. 0. 0. 0. 0. 0. 0. 0. 0. 0.
  0. 0. 0. 0.]
 [1. 1. 1. 1. 1. 0. 0. 1. 1. 1. 1. 1. 1. 1. 1. 1. 0. 1. 1. 0. 0. 0. 0. 0.
  0. 0. 0. 0. 0. 0. 0. 0. 0. 0. 0. 0. 0. 0. 0. 0. 0. 0. 0. 0. 0. 0. 0. 0.
  0. 0. 0. 0. 0. 0. 0. 0. 0. 0. 0. 0. 0. 0. 0. 0. 0. 0. 0. 0. 0. 0. 0. 0.
  0. 0. 0. 0. 0. 0. 0. 0. 0. 0. 0. 0. 0. 0. 0. 0. 0. 0. 0. 0. 0. 0. 0. 0.
  0. 0. 0. 0.]
 [1. 0. 1. 1. 0. 1. 1. 1. 1. 1. 1. 1. 1. 0. 1. 0. 1. 1. 1. 1. 0. 0. 0. 0.
  0. 0. 0. 0. 0. 0. 0. 0. 0. 0. 0. 0. 0. 0. 0. 0. 0. 0. 0. 0. 0. 0. 0. 0.
  0. 0. 0. 0. 0. 0. 0. 0. 0. 0. 0. 0. 0. 0. 0. 0. 0. 0. 0. 0. 0. 0. 0. 0.
  0. 0. 0. 0. 0. 0. 0. 0. 0. 0. 0. 0. 0. 0. 0. 0. 0. 0. 0. 0. 0. 0. 0. 0.
  0. 0. 0. 0.]
 [1. 1. 1. 1. 1. 1. 1. 1. 1. 1. 1. 1. 1. 1. 1. 1. 1. 1. 1. 0. 0. 0. 0. 0.
  0. 0. 0. 0. 0. 0. 0. 0. 0. 0. 0. 0. 0. 0. 0. 0. 0. 0. 0. 0. 0. 0. 0. 0.
  0. 0. 0. 0. 0. 0. 0. 0. 0. 0. 0. 0. 0. 0. 0. 0. 0. 0. 0. 0. 0. 0. 0. 0.
  0. 0. 0. 0. 0. 0. 0. 0. 0. 0. 0. 0. 0. 0. 0. 0. 0. 0. 0. 0. 0. 0. 0. 0.
  0. 0. 0. 0.]
 [1. 1. 0. 1. 1. 0. 1. 0. 1. 1. 1. 0. 0. 0. 1. 1. 1. 1. 1. 1. 0. 0. 0. 0.
  0. 0. 0. 0. 0. 0. 0. 0. 0. 0. 0. 0. 0. 0. 0. 0. 0. 0. 0. 0. 0. 0. 0. 0.
  0. 0. 0. 0. 0. 0. 0. 0. 0. 0. 0. 0. 0. 0. 0. 0. 0. 0. 0. 0. 0. 0. 0. 0.
  0. 0. 0. 0. 0. 0. 0. 0. 0. 0. 0. 0. 0. 0. 0. 0. 0. 0. 0. 0. 0. 0. 0. 0.
  0. 0. 0. 0.]
 [1. 1. 1. 1. 1. 1. 0. 0. 0. 0. 1. 1. 1. 1. 1. 1. 1. 1. 1. 1. 0. 0. 0. 0.
  0. 0. 0. 0. 0. 0. 0. 0. 0. 0. 0. 0. 0. 0. 0. 0. 0. 0. 0. 0. 0. 0. 0. 0.
  0. 0. 0. 0. 0. 0. 0. 0. 0. 0. 0. 0. 0. 0. 0. 0. 0. 0. 0. 0. 0. 0. 0. 0.
  0. 0. 0. 0. 0. 0. 0. 0. 0. 0. 0. 0. 0. 0. 0. 0. 0. 0. 0. 0. 0. 0. 0. 0.
  0. 0. 0. 0.]
 [0. 1. 1. 1. 1. 1. 1. 1. 1. 0. 0. 1. 1. 1. 1. 1. 1. 1. 1. 1. 0. 0. 0. 0.
  0. 0. 0. 0. 0. 0. 0. 0. 0. 0. 0. 0. 0. 0. 0. 0. 0. 0. 0. 0. 0. 0. 0. 0.
  0. 0. 0. 0. 0. 0. 0. 0. 0. 0. 0. 0. 0. 0. 0. 0. 0. 0. 0. 0. 0. 0. 0. 0.
  0. 0. 0. 0. 0. 0. 0. 0. 0. 0. 0. 0. 0. 0. 0. 0. 0. 0. 0. 0. 0. 0. 0. 0.
  0. 0. 0. 0.]
 [0. 0. 1. 0. 1. 1. 1. 0. 1. 0. 1. 0. 1. 1. 1. 1. 1. 1. 1. 1. 0. 0. 0. 0.
  0. 0. 0. 0. 0. 0. 0. 0. 0. 0. 0. 0. 0. 0. 0. 0. 0. 0. 0. 0. 0. 0. 0. 0.
  0. 0. 0. 0. 0. 0. 0. 0. 0. 0. 0. 0. 0. 0. 0. 0. 0. 0. 0. 0. 0. 0. 0. 0.
  0. 0. 0. 0. 0. 0. 0. 0. 0. 0. 0. 0. 0. 0. 0. 0. 0. 0. 0. 0. 0. 0. 0. 0.
  0. 0. 0. 0.]
 [1. 1. 1. 1. 1. 1. 1. 0. 1. 0. 0. 0. 1. 0. 1. 1. 1. 1. 1. 1. 0. 0. 0. 0.
  0. 0. 0. 0. 0. 0. 0. 0. 0. 0. 0. 0. 0. 0. 0. 0. 0. 0. 0. 0. 0. 0. 0. 0.
  0. 0. 0. 0. 0. 0. 0. 0. 0. 0. 0. 0. 0. 0. 0. 0. 0. 0. 0. 0. 0. 0. 0. 0.
  0. 0. 0. 0. 0. 0. 0. 0. 0. 0. 0. 0. 0. 0. 0. 0. 0. 0. 0. 0. 0. 0. 0. 0.
  0. 0. 0. 0.]
 [1. 1. 0. 1. 0. 1. 1. 1. 0. 1. 1. 0. 1. 1. 0. 1. 1. 1. 1. 0. 0. 0. 0. 0.
  0. 0. 0. 0. 0. 0. 0. 0. 0. 0. 0. 0. 0. 0. 0. 0. 0. 0. 0. 0. 0. 0. 0. 0.
  0. 0. 0. 0. 0. 0. 0. 0. 0. 0. 0. 0. 0. 0. 0. 0. 0. 0. 0. 0. 0. 0. 0. 0.
  0. 0. 0. 0. 0. 0. 0. 0. 0. 0. 0. 0. 0. 0. 0. 0. 0. 0. 0. 0. 0. 0. 0. 0.
  0. 0. 0. 0.]
 [0. 0. 1. 0. 1. 1. 1. 1. 0. 1. 1. 1. 1. 0. 0. 0. 1. 1. 0. 1. 0. 0. 0. 0.
  0. 0. 0. 0. 0. 0. 0. 0. 0. 0. 0. 0. 0. 0. 0. 0. 0. 0. 0. 0. 0. 0. 0. 0.
  0. 0. 0. 0. 0. 0. 0. 0. 0. 0. 0. 0. 0. 0. 0. 0. 0. 0. 0. 0. 0. 0. 0. 0.
  0. 0. 0. 0. 0. 0. 0. 0. 0. 0. 0. 0. 0. 0. 0. 0. 0. 0. 0. 0. 0. 0. 0. 0.
  0. 0. 0. 0.]
 [1. 1. 1. 1. 0. 1. 0. 0. 1. 1. 0. 1. 1. 1. 1. 1. 0. 1. 1. 1. 0. 0. 0. 0.
  0. 0. 0. 0. 0. 0. 0. 0. 0. 0. 0. 0. 0. 0. 0. 0. 0. 0. 0. 0. 0. 0. 0. 0.
  0. 0. 0. 0. 0. 0. 0. 0. 0. 0. 0. 0. 0. 0. 0. 0. 0. 0. 0. 0. 0. 0. 0. 0.
  0. 0. 0. 0. 0. 0. 0. 0. 0. 0. 0. 0. 0. 0. 0. 0. 0. 0. 0. 0. 0. 0. 0. 0.
  0. 0. 0. 0.]
 [0. 1. 1. 1. 1. 1. 1. 1. 1. 1. 1. 1. 0. 0. 1. 1. 0. 1. 1. 1. 0. 0. 0. 0.
  0. 0. 0. 0. 0. 0. 0. 0. 0. 0. 0. 0. 0. 0. 0. 0. 0. 0. 0. 0. 0. 0. 0. 0.
  0. 0. 0. 0. 0. 0. 0. 0. 0. 0. 0. 0. 0. 0. 0. 0. 0. 0. 0. 0. 0. 0. 0. 0.
  0. 0. 0. 0. 0. 0. 0. 0. 0. 0. 0. 0. 0. 0. 0. 0. 0. 0. 0. 0. 0. 0. 0. 0.
  0. 0. 0. 0.]
 [0. 1. 1. 1. 1. 1. 1. 1. 1. 1. 1. 1. 1. 0. 1. 1. 1. 0. 1. 1. 0. 0. 0. 0.
  0. 0. 0. 0. 0. 0. 0. 0. 0. 0. 0. 0. 0. 0. 0. 0. 0. 0. 0. 0. 0. 0. 0. 0.
  0. 0. 0. 0. 0. 0. 0. 0. 0. 0. 0. 0. 0. 0. 0. 0. 0. 0. 0. 0. 0. 0. 0. 0.
  0. 0. 0. 0. 0. 0. 0. 0. 0. 0. 0. 0. 0. 0. 0. 0. 0. 0. 0. 0. 0. 0. 0. 0.
  0. 0. 0. 0.]
 [1. 1. 1. 0. 0. 1. 0. 0. 1. 1. 1. 1. 0. 1. 1. 1. 0. 0. 1. 1. 0. 0. 0. 0.
  0. 0. 0. 0. 0. 0. 0. 0. 0. 0. 0. 0. 0. 0. 0. 0. 0. 0. 0. 0. 0. 0. 0. 0.
  0. 0. 0. 0. 0. 0. 0. 0. 0. 0. 0. 0. 0. 0. 0. 0. 0. 0. 0. 0. 0. 0. 0. 0.
  0. 0. 0. 0. 0. 0. 0. 0. 0. 0. 0. 0. 0. 0. 0. 0. 0. 0. 0. 0. 0. 0. 0. 0.
  0. 0. 0. 0.]
 [1. 1. 1. 1. 1. 0. 1. 1. 0. 1. 1. 1. 1. 1. 1. 1. 0. 1. 1. 1. 0. 0. 0. 0.
  0. 0. 0. 0. 0. 0. 0. 0. 0. 0. 0. 0. 0. 0. 0. 0. 0. 0. 0. 0. 0. 0. 0. 0.
  0. 0. 0. 0. 0. 0. 0. 0. 0. 0. 0. 0. 0. 0. 0. 0. 0. 0. 0. 0. 0. 0. 0. 0.
  0. 0. 0. 0. 0. 0. 0. 0. 0. 0. 0. 0. 0. 0. 0. 0. 0. 0. 0. 0. 0. 0. 0. 0.
  0. 0. 0. 0.]
 [1. 1. 1. 0. 1. 1. 0. 0. 1. 1. 1. 1. 1. 0. 0. 1. 1. 0. 1. 1. 0. 0. 0. 0.
  0. 0. 0. 0. 0. 0. 0. 0. 0. 0. 0. 0. 0. 0. 0. 0. 0. 0. 0. 0. 0. 0. 0. 0.
  0. 0. 0. 0. 0. 0. 0. 0. 0. 0. 0. 0. 0. 0. 0. 0. 0. 0. 0. 0. 0. 0. 0. 0.
  0. 0. 0. 0. 0. 0. 0. 0. 0. 0. 0. 0. 0. 0. 0. 0. 0. 0. 0. 0. 0. 0. 0. 0.
  0. 0. 0. 0.]
 [1. 1. 1. 0. 1. 1. 0. 1. 1. 1. 0. 0. 1. 1. 1. 1. 1. 1. 0. 0. 0. 0. 0. 0.
  0. 0. 0. 0. 0. 0. 0. 0. 0. 0. 0. 0. 0. 0. 0. 0. 0. 0. 0. 0. 0. 0. 0. 0.
  0. 0. 0. 0. 0. 0. 0. 0. 0. 0. 0. 0. 0. 0. 0. 0. 0. 0. 0. 0. 0. 0. 0. 0.
  0. 0. 0. 0. 0. 0. 0. 0. 0. 0. 0. 0. 0. 0. 0. 0. 0. 0. 0. 0. 0. 0. 0. 0.
  0. 0. 0. 0.]
 [1. 1. 1. 1. 1. 1. 1. 1. 0. 0. 1. 1. 1. 0. 1. 1. 0. 1. 1. 1. 0. 0. 0. 0.
  0. 0. 0. 0. 0. 0. 0. 0. 0. 0. 0. 0. 0. 0. 0. 0. 0. 0. 0. 0. 0. 0. 0. 0.
  0. 0. 0. 0. 0. 0. 0. 0. 0. 0. 0. 0. 0. 0. 0. 0. 0. 0. 0. 0. 0. 0. 0. 0.
  0. 0. 0. 0. 0. 0. 0. 0. 0. 0. 0. 0. 0. 0. 0. 0. 0. 0. 0. 0. 0. 0. 0. 0.
  0. 0. 0. 0.]
 [1. 1. 1. 1. 1. 1. 1. 1. 1. 1. 1. 1. 1. 1. 1. 1. 1. 1. 1. 0. 0. 0. 0. 0.
  0. 0. 0. 0. 0. 0. 0. 0. 0. 0. 0. 0. 0. 0. 0. 0. 0. 0. 0. 0. 0. 0. 0. 0.
  0. 0. 0. 0. 0. 0. 0. 0. 0. 0. 0. 0. 0. 0. 0. 0. 0. 0. 0. 0. 0. 0. 0. 0.
  0. 0. 0. 0. 0. 0. 0. 0. 0. 0. 0. 0. 0. 0. 0. 0. 0. 0. 0. 0. 0. 0. 0. 0.
  0. 0. 0. 0.]
 [1. 1. 0. 0. 1. 0. 1. 0. 0. 1. 1. 0. 1. 1. 1. 1. 1. 0. 1. 1. 0. 0. 0. 0.
  0. 0. 0. 0. 0. 0. 0. 0. 0. 0. 0. 0. 0. 0. 0. 0. 0. 0. 0. 0. 0. 0. 0. 0.
  0. 0. 0. 0. 0. 0. 0. 0. 0. 0. 0. 0. 0. 0. 0. 0. 0. 0. 0. 0. 0. 0. 0. 0.
  0. 0. 0. 0. 0. 0. 0. 0. 0. 0. 0. 0. 0. 0. 0. 0. 0. 0. 0. 0. 0. 0. 0. 0.
  0. 0. 0. 0.]]
start_times_array: [[7.25470000e+04 7.26100000e+04 7.26940000e+04 7.26970000e+04
  7.27500000e+04 7.27510000e+04 7.27860000e+04 7.28060000e+04
  7.28490000e+04 7.28920000e+04 7.29770000e+04 7.30000000e+04
  7.30210000e+04 7.30310000e+04 7.31080000e+04 7.31910000e+04
  7.32180000e+04 7.32530000e+04 7.32710000e+04 7.33150000e+04]
 [7.14010000e+04 7.14980000e+04 7.15460000e+04 7.16090000e+04
  7.16850000e+04 7.17030000e+04 7.17120000e+04 7.17870000e+04
  7.18230000e+04 7.18950000e+04 7.19740000e+04 7.20730000e+04
  7.21670000e+04 7.22130000e+04 7.22290000e+04 7.22620000e+04
  7.23040000e+04 7.23690000e+04 7.24670000e+04 7.24970000e+04]
 [7.03030000e+04 7.03670000e+04 7.04150000e+04 7.05080000e+04
  7.05550000e+04 7.06360000e+04 7.06670000e+04 7.07210000e+04
  7.08100000e+04 7.08320000e+04 7.08950000e+04 7.09530000e+04
  7.09780000e+04 7.10420000e+04 7.11240000e+04 7.11850000e+04
  7.12490000e+04 7.12870000e+04 7.13040000e+04 7.13310000e+04]
 [6.97940000e+04 6.98260000e+04 6.98980000e+04 6.99400000e+04
  7.00230000e+04 7.00250000e+04 7.00580000e+04 7.00870000e+04
  7.01770000e+04 7.02120000e+04 7.03030000e+04 7.03290000e+04
  7.04140000e+04 7.04860000e+04 7.05050000e+04 7.06000000e+04
  7.06050000e+04 7.07210003e+04 7.07960003e+04 7.08790003e+04]
 [6.87530000e+04 6.88430000e+04 6.89190000e+04 6.89460000e+04
  6.90340000e+04 6.90930000e+04 6.91880000e+04 6.92390000e+04
  6.92610000e+04 6.93400000e+04 6.93700000e+04 6.93800000e+04
  6.94710000e+04 6.95450000e+04 6.95490000e+04 6.95850000e+04
  6.96830000e+04 6.97370000e+04 6.97700000e+04 6.97720000e+04]
 [6.78500000e+04 6.79210000e+04 6.80200000e+04 6.80420000e+04
  6.81060000e+04 6.81360000e+04 6.81470000e+04 6.82410000e+04
  6.82550000e+04 6.83380000e+04 6.83850000e+04 6.84330000e+04
  6.84780000e+04 6.85170000e+04 6.85240000e+04 6.85560000e+04
  6.85580000e+04 6.86510000e+04 6.86910000e+04 6.87050000e+04]
 [6.68560000e+04 6.69360000e+04 6.69820000e+04 6.69860000e+04
  6.70310000e+04 6.70950000e+04 6.71140000e+04 6.71990000e+04
  6.72380000e+04 6.73160000e+04 6.73780000e+04 6.74470000e+04
  6.75120000e+04 6.75940000e+04 6.76690000e+04 6.77090000e+04
  6.77240000e+04 6.77920000e+04 6.78030000e+04 6.78470000e+04]
 [6.51520000e+04 6.54170000e+04 6.56480000e+04 6.58390000e+04
  6.59140000e+04 6.59410000e+04 6.60150000e+04 6.60350000e+04
  6.60920000e+04 6.61450000e+04 6.62390000e+04 6.62560000e+04
  6.63340000e+04 6.63550000e+04 6.64540000e+04 6.64850000e+04
  6.65840000e+04 6.66700000e+04 6.66900000e+04 6.67700000e+04]
 [6.51520000e+04 6.51730000e+04 6.52250000e+04 6.52810000e+04
  6.53030000e+04 6.53220000e+04 6.54060000e+04 6.55020000e+04
  6.55590000e+04 6.55900000e+04 6.56290000e+04 6.56420000e+04
  6.56480000e+04 6.57060000e+04 6.57380000e+04 6.57790000e+04
  6.58260000e+04 6.59800003e+04 6.60100003e+04 6.63620000e+04]
 [6.31020000e+04 6.33150000e+04 6.33460000e+04 6.35720000e+04
  6.38650000e+04 6.39500000e+04 6.39980000e+04 6.41790000e+04
  6.42130000e+04 6.42520000e+04 6.46190000e+04 6.47630000e+04
  6.47940000e+04 6.48510000e+04 6.49140000e+04 6.49150000e+04
  6.49720000e+04 6.50020000e+04 6.50630000e+04 6.51350000e+04]
 [6.32700000e+04 6.37670000e+04 6.38650000e+04 6.39090000e+04
  6.39190000e+04 6.39720000e+04 6.40440000e+04 6.41090000e+04
  6.41580000e+04 6.41790000e+04 6.42630000e+04 6.43570000e+04
  6.44560000e+04 6.45170000e+04 6.45810000e+04 6.46100000e+04
  6.47080000e+04 6.48510000e+04 6.49220000e+04 6.49650000e+04]
 [6.25790003e+04 6.29390000e+04 6.30130000e+04 6.30700000e+04
  6.31510000e+04 6.31910000e+04 6.31980000e+04 6.32830000e+04
  6.33150000e+04 6.33500000e+04 6.33840000e+04 6.34250000e+04
  6.35040000e+04 6.35840000e+04 6.35850000e+04 6.36800000e+04
  6.37050000e+04 6.37480000e+04 6.37670000e+04 6.41670000e+04]
 [6.24380000e+04 6.24800000e+04 6.25510000e+04 6.25600000e+04
  6.25860000e+04 6.25890000e+04 6.25920000e+04 6.26230000e+04
  6.26260000e+04 6.26660000e+04 6.26870000e+04 6.27560000e+04
  6.28450000e+04 6.29390000e+04 6.30330000e+04 6.30920000e+04
  6.31010000e+04 6.31720000e+04 6.32250000e+04 6.32840000e+04]
 [6.08400000e+04 6.09120000e+04 6.09980000e+04 6.11190000e+04
  6.16530000e+04 6.18170000e+04 6.18250000e+04 6.18980000e+04
  6.19130000e+04 6.20030000e+04 6.20430000e+04 6.20440000e+04
  6.20480000e+04 6.21290000e+04 6.21390000e+04 6.22220000e+04
  6.22540000e+04 6.23430000e+04 6.23470000e+04 6.24000000e+04]
 [6.08400000e+04 6.08920000e+04 6.09370000e+04 6.09800000e+04
  6.09890000e+04 6.10790000e+04 6.11190000e+04 6.11450000e+04
  6.11970000e+04 6.12190000e+04 6.12280000e+04 6.12620000e+04
  6.13560000e+04 6.14250000e+04 6.14530000e+04 6.14820000e+04
  6.15440000e+04 6.16070000e+04 6.17060000e+04 6.18030000e+04]
 [5.96040000e+04 5.96850000e+04 5.97350000e+04 5.97440000e+04
  5.97710000e+04 5.98620000e+04 5.99150000e+04 6.00080000e+04
  6.00720000e+04 6.00950000e+04 6.01370000e+04 6.02140000e+04
  6.02640000e+04 6.03480000e+04 6.03610000e+04 6.04510000e+04
  6.05350000e+04 6.06160000e+04 6.06760000e+04 6.07680000e+04]
 [5.87180000e+04 5.88050000e+04 5.88090000e+04 5.88650000e+04
  5.89050000e+04 5.89600000e+04 5.89890000e+04 5.90200000e+04
  5.90490000e+04 5.90880000e+04 5.91260000e+04 5.92200000e+04
  5.92600000e+04 5.93480000e+04 5.93490000e+04 5.93520000e+04
  5.93980000e+04 5.94340000e+04 5.94780000e+04 5.95700000e+04]
 [5.74260000e+04 5.74880000e+04 5.75830000e+04 5.76520000e+04
  5.76810000e+04 5.77260000e+04 5.78030000e+04 5.78370000e+04
  5.78960000e+04 5.79860000e+04 5.80690000e+04 5.81520000e+04
  5.82240000e+04 5.83220000e+04 5.83750000e+04 5.84590000e+04
  5.85530000e+04 5.86240000e+04 5.86730000e+04 5.86900000e+04]
 [5.65250000e+04 5.65910000e+04 5.66150000e+04 5.66890000e+04
  5.67620000e+04 5.68390000e+04 5.69140000e+04 5.69800000e+04
  5.69940000e+04 5.70150000e+04 5.70230000e+04 5.70240000e+04
  5.70630000e+04 5.71390000e+04 5.71530000e+04 5.72230000e+04
  5.72430000e+04 5.72630000e+04 5.73290000e+04 5.73520000e+04]
 [5.55880000e+04 5.56420000e+04 5.56770000e+04 5.57350000e+04
  5.58070000e+04 5.59050000e+04 5.59670000e+04 5.60350000e+04
  5.61220000e+04 5.61430000e+04 5.62100000e+04 5.62190000e+04
  5.62310000e+04 5.62760000e+04 5.63120000e+04 5.63550000e+04
  5.63580000e+04 5.63860000e+04 5.64100000e+04 5.64800000e+04]
 [5.46110000e+04 5.47120000e+04 5.47400000e+04 5.48000000e+04
  5.48690000e+04 5.49560000e+04 5.49900000e+04 5.50600000e+04
  5.50620000e+04 5.51450000e+04 5.52390000e+04 5.52610000e+04
  5.53230000e+04 5.53600000e+04 5.54080000e+04 5.54280000e+04
  5.54330000e+04 5.54460000e+04 5.55210000e+04 5.55610000e+04]
 [5.30080000e+04 5.36250000e+04 5.37030000e+04 5.39950000e+04
  5.41150000e+04 5.41920000e+04 5.42760000e+04 5.43340000e+04
  5.44190000e+04 5.44590000e+04 5.45150000e+04 5.45700000e+04
  5.46330000e+04 5.46760000e+04 5.47120000e+04 5.47640000e+04
  5.48070000e+04 5.48090000e+04 5.49560000e+04 5.54580000e+04]
 [5.29550000e+04 5.33330000e+04 5.34180000e+04 5.34970000e+04
  5.35760000e+04 5.36020000e+04 5.36060000e+04 5.36250000e+04
  5.36360000e+04 5.36470000e+04 5.37180000e+04 5.37240000e+04
  5.37910000e+04 5.38170000e+04 5.38200000e+04 5.38300000e+04
  5.39040000e+04 5.39640000e+04 5.40410000e+04 5.40750000e+04]
 [5.19220000e+04 5.19450000e+04 5.19850000e+04 5.20750000e+04
  5.22440000e+04 5.23390000e+04 5.23580000e+04 5.24020000e+04
  5.27850000e+04 5.28070000e+04 5.28650000e+04 5.29370000e+04
  5.29550000e+04 5.29780000e+04 5.29940000e+04 5.30850000e+04
  5.31220000e+04 5.31470000e+04 5.31510000e+04 5.32430000e+04]
 [5.15620003e+04 5.18230000e+04 5.18740000e+04 5.19550000e+04
  5.19850000e+04 5.20750000e+04 5.20980000e+04 5.21710000e+04
  5.21920000e+04 5.22210000e+04 5.22440000e+04 5.22880000e+04
  5.23820000e+04 5.24100000e+04 5.24910000e+04 5.25440000e+04
  5.26310000e+04 5.26990000e+04 5.27000000e+04 5.27390000e+04]
 [5.10610000e+04 5.11510000e+04 5.12090000e+04 5.12160000e+04
  5.13020000e+04 5.13900000e+04 5.14540000e+04 5.14630000e+04
  5.15410000e+04 5.16150000e+04 5.16570000e+04 5.17500000e+04
  5.17650000e+04 5.17970000e+04 5.18740000e+04 5.19160000e+04
  5.19430000e+04 5.19520000e+04 5.19550000e+04 5.22840003e+04]
 [4.92470000e+04 4.93680000e+04 4.99650000e+04 4.99860000e+04
  5.03730000e+04 5.04550000e+04 5.04630000e+04 5.05280000e+04
  5.05700000e+04 5.06010000e+04 5.06440000e+04 5.06940000e+04
  5.07480000e+04 5.07950000e+04 5.08740000e+04 5.09540000e+04
  5.10430000e+04 5.10610000e+04 5.11060000e+04 5.11630000e+04]
 [4.90880000e+04 4.91580000e+04 4.92470000e+04 4.97850000e+04
  4.98530000e+04 4.99110000e+04 4.99690000e+04 5.00430000e+04
  5.00890000e+04 5.01430000e+04 5.02190000e+04 5.02850000e+04
  5.02880000e+04 5.03670000e+04 5.04420000e+04 5.05700000e+04
  5.06550000e+04 5.07070000e+04 5.07340000e+04 5.11287664e+04]
 [4.88120000e+04 4.91190000e+04 4.91640000e+04 4.91930000e+04
  4.92750000e+04 4.92780000e+04 4.93090000e+04 4.93820000e+04
  4.94290000e+04 4.94450000e+04 4.94990000e+04 4.95620000e+04
  4.95890000e+04 4.96000000e+04 4.96790000e+04 4.97200000e+04
  4.97850000e+04 4.98610000e+04 4.99220000e+04 5.05480003e+04]
 [4.82680000e+04 4.82710000e+04 4.82890000e+04 4.83370000e+04
  4.84130000e+04 4.86790000e+04 4.87380000e+04 4.87930000e+04
  4.88330000e+04 4.88500000e+04 4.88620000e+04 4.88710000e+04
  4.89030000e+04 4.89730000e+04 4.89990000e+04 4.90430000e+04
  4.90760000e+04 4.91580000e+04 4.94957664e+04 4.95420000e+04]
 [4.78140000e+04 4.78920000e+04 4.79250000e+04 4.79860000e+04
  4.80670000e+04 4.80850000e+04 4.81600000e+04 4.81760000e+04
  4.82070000e+04 4.82310000e+04 4.82320000e+04 4.82680000e+04
  4.83560000e+04 4.84130000e+04 4.84500000e+04 4.84570000e+04
  4.85330000e+04 4.85730000e+04 4.86520000e+04 4.87190000e+04]
 [4.69750000e+04 4.69950000e+04 4.70310000e+04 4.70980000e+04
  4.71620000e+04 4.72130000e+04 4.72690000e+04 4.72980000e+04
  4.73130000e+04 4.73620000e+04 4.74340000e+04 4.75210000e+04
  4.75980000e+04 4.76030000e+04 4.76810000e+04 4.77130000e+04
  4.77310000e+04 4.78140000e+04 4.78670000e+04 4.79860000e+04]
 [4.60150000e+04 4.65170000e+04 4.66280000e+04 4.67060000e+04
  4.67910000e+04 4.68120000e+04 4.68340000e+04 4.68510000e+04
  4.69470000e+04 4.69660000e+04 4.70380000e+04 4.70400000e+04
  4.71020000e+04 4.71200000e+04 4.71430000e+04 4.72070000e+04
  4.72700000e+04 4.73600000e+04 4.74120000e+04 4.76480000e+04]
 [4.58490000e+04 4.60480000e+04 4.60830000e+04 4.61330000e+04
  4.62240000e+04 4.62980000e+04 4.63070000e+04 4.63560000e+04
  4.63610000e+04 4.63750000e+04 4.64460000e+04 4.64930000e+04
  4.65280000e+04 4.65360000e+04 4.66280000e+04 4.67010000e+04
  4.67680000e+04 4.68340000e+04 4.69270000e+04 4.75830000e+04]
 [4.25270000e+04 4.47710000e+04 4.52530000e+04 4.52800000e+04
  4.56000000e+04 4.56990000e+04 4.57070000e+04 4.57320000e+04
  4.58080000e+04 4.58490000e+04 4.58590000e+04 4.59190000e+04
  4.60150000e+04 4.60830000e+04 4.60910000e+04 4.61700000e+04
  4.61880000e+04 4.62630000e+04 4.65330000e+04 4.65970000e+04]
 [4.46840000e+04 4.48220000e+04 4.48240000e+04 4.49180000e+04
  4.49220000e+04 4.51190000e+04 4.52040000e+04 4.52800000e+04
  4.53420000e+04 4.53510000e+04 4.53650000e+04 4.53720000e+04
  4.54410000e+04 4.54890000e+04 4.55680000e+04 4.56440000e+04
  4.56610000e+04 4.57160000e+04 4.57910000e+04 4.64240000e+04]
 [4.46710000e+04 4.46840000e+04 4.47470000e+04 4.48220000e+04
  4.48890000e+04 4.49150000e+04 4.49740000e+04 4.50550000e+04
  4.51100000e+04 4.51760000e+04 4.52040000e+04 4.52530000e+04
  4.52690000e+04 4.53380000e+04 4.53410000e+04 4.53540000e+04
  4.54260000e+04 4.55020000e+04 4.55980000e+04 4.56610000e+04]
 [4.35420000e+04 4.35910000e+04 4.36740000e+04 4.36770000e+04
  4.38950000e+04 4.39550000e+04 4.40200000e+04 4.44230000e+04
  4.44980000e+04 4.45430000e+04 4.45980000e+04 4.46710000e+04
  4.47010000e+04 4.47870000e+04 4.48400000e+04 4.49000000e+04
  4.49410000e+04 4.49950000e+04 4.50280000e+04 4.50680000e+04]
 [4.20860000e+04 4.35810000e+04 4.36090000e+04 4.36620000e+04
  4.37410000e+04 4.38030000e+04 4.38900000e+04 4.39340000e+04
  4.39550000e+04 4.39770000e+04 4.40440000e+04 4.40520000e+04
  4.41040000e+04 4.41470000e+04 4.41550000e+04 4.42390000e+04
  4.42650000e+04 4.43510000e+04 4.44130000e+04 4.44240000e+04]
 [4.25130000e+04 4.28400000e+04 4.28410000e+04 4.28710000e+04
  4.29450000e+04 4.29470000e+04 4.30340000e+04 4.30650000e+04
  4.31490000e+04 4.31910000e+04 4.32020000e+04 4.32920000e+04
  4.33340000e+04 4.33680000e+04 4.33820000e+04 4.33950000e+04
  4.34700000e+04 4.35200000e+04 4.35810000e+04 4.40660000e+04]
 [4.18220000e+04 4.18440000e+04 4.19020000e+04 4.19400000e+04
  4.19540000e+04 4.20570000e+04 4.21330000e+04 4.21600000e+04
  4.21760000e+04 4.22450000e+04 4.22940000e+04 4.23290000e+04
  4.24220000e+04 4.24700000e+04 4.25130000e+04 4.25750000e+04
  4.26090000e+04 4.26530000e+04 4.27040000e+04 4.27900000e+04]
 [4.11230000e+04 4.11600000e+04 4.12080000e+04 4.12950000e+04
  4.13730000e+04 4.13790000e+04 4.14560000e+04 4.15540000e+04
  4.16200000e+04 4.16530000e+04 4.17260000e+04 4.17930000e+04
  4.18220000e+04 4.18990000e+04 4.19940000e+04 4.20340000e+04
  4.20570000e+04 4.21590000e+04 4.21600000e+04 4.22240000e+04]
 [3.95250000e+04 4.03390000e+04 4.04320000e+04 4.04820000e+04
  4.05420000e+04 4.05920000e+04 4.06040000e+04 4.06370000e+04
  4.06820000e+04 4.06980000e+04 4.07530000e+04 4.08410000e+04
  4.09290000e+04 4.09540000e+04 4.09870000e+04 4.10020000e+04
  4.10040000e+04 4.10480000e+04 4.11230000e+04 4.19610000e+04]
 [3.92860000e+04 3.94300000e+04 3.97520000e+04 3.97790000e+04
  3.98480000e+04 3.98740000e+04 3.99030000e+04 3.99370000e+04
  3.99450000e+04 4.00090000e+04 4.00720000e+04 4.01450000e+04
  4.02030000e+04 4.02360000e+04 4.02620000e+04 4.03460000e+04
  4.03500000e+04 4.04320000e+04 4.04670000e+04 4.04970000e+04]
 [3.84600000e+04 3.88190000e+04 3.88880000e+04 3.91930000e+04
  3.92860000e+04 3.93320000e+04 3.93920000e+04 3.94320000e+04
  3.94350000e+04 3.95080000e+04 3.95950000e+04 3.96470000e+04
  3.97170000e+04 3.97520000e+04 3.98440000e+04 3.98630000e+04
  3.99430000e+04 3.99910000e+04 4.00690000e+04 4.04780000e+04]
 [3.78250000e+04 3.82300000e+04 3.82850000e+04 3.83170000e+04
  3.83770000e+04 3.84330000e+04 3.84550000e+04 3.84600000e+04
  3.85800000e+04 3.86480000e+04 3.86910000e+04 3.87580000e+04
  3.88180000e+04 3.89470000e+04 3.89760000e+04 3.89780000e+04
  3.90450000e+04 3.90870000e+04 3.91120000e+04 3.91920000e+04]
 [3.78000000e+04 3.78840000e+04 3.79830000e+04 3.80730000e+04
  3.81300000e+04 3.81530000e+04 3.83100000e+04 3.83890000e+04
  3.83900000e+04 3.85050000e+04 3.85470000e+04 3.86350000e+04
  3.86460000e+04 3.87260000e+04 3.88110000e+04 3.88620000e+04
  3.88880000e+04 3.88930000e+04 3.92490003e+04 3.92690003e+04]
 [3.71600000e+04 3.71870000e+04 3.76400000e+04 3.77400000e+04
  3.77480000e+04 3.77620000e+04 3.77960000e+04 3.78000000e+04
  3.78580000e+04 3.79180000e+04 3.79690000e+04 3.80140000e+04
  3.81090000e+04 3.81300000e+04 3.82220000e+04 3.83120000e+04
  3.83890000e+04 3.84020000e+04 3.84530000e+04 3.85470000e+04]
 [3.66520000e+04 3.68420000e+04 3.69330000e+04 3.70140000e+04
  3.70950000e+04 3.71870000e+04 3.72830000e+04 3.73690000e+04
  3.74600000e+04 3.75570000e+04 3.75690000e+04 3.75840000e+04
  3.75950000e+04 3.76790000e+04 3.77060000e+04 3.77390000e+04
  3.77400000e+04 3.78270000e+04 3.80470000e+04 3.81160000e+04]
 [3.60380000e+04 3.60640000e+04 3.61350000e+04 3.61990000e+04
  3.62840000e+04 3.63330000e+04 3.63390000e+04 3.63910000e+04
  3.64760000e+04 3.64910000e+04 3.65380000e+04 3.65430000e+04
  3.65660000e+04 3.66060000e+04 3.66520000e+04 3.67000000e+04
  3.67870000e+04 3.68790000e+04 3.73680003e+04 3.75760000e+04]
 [3.48340000e+04 3.49880000e+04 3.50260000e+04 3.50980000e+04
  3.54030000e+04 3.54230000e+04 3.54640000e+04 3.55610000e+04
  3.56440000e+04 3.56730000e+04 3.57660000e+04 3.57960000e+04
  3.58940000e+04 3.59090000e+04 3.59570000e+04 3.59880000e+04
  3.60280000e+04 3.61357664e+04 3.61887664e+04 3.62340000e+04]
 [3.21780000e+04 3.38020000e+04 3.46230000e+04 3.46510000e+04
  3.46770000e+04 3.47420000e+04 3.48370000e+04 3.48910000e+04
  3.49140000e+04 3.49390000e+04 3.49420000e+04 3.50260000e+04
  3.50980000e+04 3.51540000e+04 3.52480000e+04 3.53400000e+04
  3.53550000e+04 3.53960000e+04 3.54230000e+04 3.63330000e+04]
 [3.20790000e+04 3.36460000e+04 3.36530000e+04 3.36860000e+04
  3.37760000e+04 3.38580000e+04 3.38740000e+04 3.39550000e+04
  3.40350000e+04 3.41100000e+04 3.42020000e+04 3.42950000e+04
  3.43440000e+04 3.43580000e+04 3.43740000e+04 3.44230000e+04
  3.45110000e+04 3.45620000e+04 3.46120000e+04 3.48000000e+04]
 [3.18820000e+04 3.28900000e+04 3.29310000e+04 3.30590000e+04
  3.31490000e+04 3.31830000e+04 3.32530000e+04 3.32750000e+04
  3.33010000e+04 3.33560000e+04 3.33900000e+04 3.34450000e+04
  3.34790000e+04 3.35470000e+04 3.36860000e+04 3.37100000e+04
  3.37500000e+04 3.37760000e+04 3.40090000e+04 3.40220000e+04]
 [3.15670000e+04 3.23530000e+04 3.24760000e+04 3.25460000e+04
  3.26220000e+04 3.26370000e+04 3.26600000e+04 3.27220000e+04
  3.27480000e+04 3.27870000e+04 3.28390000e+04 3.28450000e+04
  3.28920000e+04 3.29310000e+04 3.30120000e+04 3.30590000e+04
  3.31570000e+04 3.31820000e+04 3.32400000e+04 3.34950000e+04]
 [3.05540000e+04 3.08050000e+04 3.14040000e+04 3.14950000e+04
  3.15100000e+04 3.15950000e+04 3.16410000e+04 3.20060000e+04
  3.20790000e+04 3.21420000e+04 3.22390000e+04 3.22600000e+04
  3.22940000e+04 3.23530000e+04 3.23550000e+04 3.24190000e+04
  3.25070000e+04 3.25290000e+04 3.28560003e+04 3.29760000e+04]
 [3.03010000e+04 3.09690000e+04 3.12810000e+04 3.12980000e+04
  3.13230000e+04 3.13690000e+04 3.14490000e+04 3.14640000e+04
  3.14950000e+04 3.15550000e+04 3.15830000e+04 3.16240000e+04
  3.16590000e+04 3.16790000e+04 3.17600000e+04 3.18000000e+04
  3.18510000e+04 3.18650000e+04 3.19010000e+04 3.19310000e+04]
 [2.97630000e+04 2.97900000e+04 2.98830000e+04 2.99720000e+04
  2.99870000e+04 2.99950000e+04 3.04080000e+04 3.08160000e+04
  3.08410000e+04 3.08860000e+04 3.09320000e+04 3.10290000e+04
  3.10350000e+04 3.10770000e+04 3.11370000e+04 3.11470000e+04
  3.11840000e+04 3.12810000e+04 3.13360000e+04 3.13870000e+04]
 [2.96480000e+04 2.97080000e+04 2.97900000e+04 2.98850000e+04
  2.99770000e+04 2.99790000e+04 3.00570000e+04 3.01430000e+04
  3.02090000e+04 3.03010000e+04 3.03940000e+04 3.04330000e+04
  3.04910000e+04 3.05480000e+04 3.05540000e+04 3.05720000e+04
  3.06700000e+04 3.07220000e+04 3.08050000e+04 3.09090000e+04]
 [2.80570000e+04 2.88830000e+04 2.90150000e+04 2.91140000e+04
  2.91790000e+04 2.92120000e+04 2.92340000e+04 2.92720000e+04
  2.93170000e+04 2.93350000e+04 2.93420000e+04 2.93910000e+04
  2.94720000e+04 2.94880000e+04 2.94900000e+04 2.95570000e+04
  2.95650000e+04 2.95990000e+04 2.99580003e+04 3.05130000e+04]
 [2.69270000e+04 2.72060000e+04 2.78950000e+04 2.79730000e+04
  2.83590000e+04 2.83730000e+04 2.84200000e+04 2.84910000e+04
  2.85630000e+04 2.86140000e+04 2.86970000e+04 2.87210000e+04
  2.87340000e+04 2.87450000e+04 2.87660000e+04 2.88370000e+04
  2.89150000e+04 2.89830000e+04 2.90670000e+04 2.93040000e+04]
 [2.70360000e+04 2.71210000e+04 2.75620000e+04 2.76560000e+04
  2.77510000e+04 2.77620000e+04 2.78200000e+04 2.78950000e+04
  2.79650000e+04 2.80290000e+04 2.80450000e+04 2.81180000e+04
  2.81400000e+04 2.81570000e+04 2.82020000e+04 2.82760000e+04
  2.83590000e+04 2.84310000e+04 2.84440000e+04 2.92500000e+04]
 [2.66260000e+04 2.66680000e+04 2.67050000e+04 2.67770000e+04
  2.67930000e+04 2.68460000e+04 2.68510000e+04 2.69130000e+04
  2.70010000e+04 2.70360000e+04 2.71210000e+04 2.71790000e+04
  2.72370000e+04 2.72440000e+04 2.73250000e+04 2.74130000e+04
  2.74870000e+04 2.75620000e+04 2.76290000e+04 2.82120000e+04]
 [2.53110000e+04 2.61110000e+04 2.61160000e+04 2.62080000e+04
  2.62760000e+04 2.63100000e+04 2.64020000e+04 2.64190000e+04
  2.64520000e+04 2.64610000e+04 2.65160000e+04 2.65650000e+04
  2.66140000e+04 2.66260000e+04 2.66500000e+04 2.67420000e+04
  2.68120000e+04 2.68530000e+04 2.68900000e+04 2.69050000e+04]
 [2.40890000e+04 2.52750000e+04 2.53150000e+04 2.53840000e+04
  2.54320000e+04 2.54950000e+04 2.55110000e+04 2.55380000e+04
  2.56180000e+04 2.56290000e+04 2.56770000e+04 2.56800000e+04
  2.57190000e+04 2.58170000e+04 2.58940000e+04 2.61980000e+04
  2.62060000e+04 2.62170000e+04 2.62850000e+04 2.68500000e+04]
 [2.52110000e+04 2.52990000e+04 2.53150000e+04 2.53810000e+04
  2.54150000e+04 2.54170000e+04 2.54220000e+04 2.54950000e+04
  2.55200000e+04 2.56180000e+04 2.56750000e+04 2.57210000e+04
  2.58120000e+04 2.58940000e+04 2.59450000e+04 2.59460000e+04
  2.59870000e+04 2.60440000e+04 2.61110000e+04 2.61390000e+04]
 [2.47810000e+04 2.48180000e+04 2.48640000e+04 2.48650000e+04
  2.49520000e+04 2.50070000e+04 2.50320000e+04 2.50750000e+04
  2.50850000e+04 2.51120000e+04 2.51180000e+04 2.52090000e+04
  2.52110000e+04 2.52610000e+04 2.53550000e+04 2.53560000e+04
  2.54030000e+04 2.54820000e+04 2.55060000e+04 2.55700000e+04]
 [2.40000000e+04 2.40380000e+04 2.40620000e+04 2.41460000e+04
  2.41590000e+04 2.41700000e+04 2.42680000e+04 2.43420000e+04
  2.44260000e+04 2.45080000e+04 2.46070000e+04 2.46110000e+04
  2.47090000e+04 2.47740000e+04 2.47810000e+04 2.48690000e+04
  2.48940000e+04 2.52110000e+04 2.53040000e+04 2.53770000e+04]
 [2.30770000e+04 2.31190000e+04 2.31950000e+04 2.32380000e+04
  2.32620000e+04 2.33540000e+04 2.33940000e+04 2.34300000e+04
  2.34820000e+04 2.35410000e+04 2.36040000e+04 2.36190000e+04
  2.36730000e+04 2.37430000e+04 2.38290000e+04 2.38770000e+04
  2.39390000e+04 2.39590000e+04 2.40080000e+04 2.40230000e+04]
 [1.96230000e+04 2.15760000e+04 2.22450000e+04 2.23310000e+04
  2.23740000e+04 2.25990000e+04 2.26220000e+04 2.27170000e+04
  2.27760000e+04 2.27950000e+04 2.28490000e+04 2.28640000e+04
  2.28820000e+04 2.29710000e+04 2.30180000e+04 2.30560000e+04
  2.30770000e+04 2.31640000e+04 2.32300000e+04 2.33060000e+04]
 [2.15220000e+04 2.18490000e+04 2.19020000e+04 2.19210000e+04
  2.19760000e+04 2.20590000e+04 2.21310000e+04 2.21440000e+04
  2.22270000e+04 2.22810000e+04 2.23090000e+04 2.23310000e+04
  2.24200000e+04 2.24330000e+04 2.25060000e+04 2.25300000e+04
  2.25420000e+04 2.26240000e+04 2.26390000e+04 2.31300000e+04]
 [2.10650000e+04 2.10890000e+04 2.10920000e+04 2.11760000e+04
  2.12650000e+04 2.13540000e+04 2.14270000e+04 2.14320000e+04
  2.14890000e+04 2.15270000e+04 2.15360000e+04 2.16130000e+04
  2.16300000e+04 2.16440000e+04 2.16760000e+04 2.17040000e+04
  2.17190000e+04 2.17520000e+04 2.18000000e+04 2.19300000e+04]
 [2.03090000e+04 2.03570000e+04 2.03900000e+04 2.04690000e+04
  2.05110000e+04 2.05360000e+04 2.05450000e+04 2.05700000e+04
  2.05710000e+04 2.06210000e+04 2.06760000e+04 2.07730000e+04
  2.08690000e+04 2.08870000e+04 2.09120000e+04 2.09360000e+04
  2.10130000e+04 2.10370000e+04 2.10890000e+04 2.13380000e+04]
 [1.94110000e+04 1.94680000e+04 1.95180000e+04 1.95820000e+04
  1.96710000e+04 1.96810000e+04 1.97610000e+04 1.98240000e+04
  1.98300000e+04 1.98620000e+04 1.98960000e+04 1.99300000e+04
  1.99980000e+04 2.00030000e+04 2.00790000e+04 2.01560000e+04
  2.02420000e+04 2.03480000e+04 2.04240000e+04 2.12870000e+04]
 [1.86390000e+04 1.87140000e+04 1.88050000e+04 1.89020000e+04
  1.89160000e+04 1.89780000e+04 1.90180000e+04 1.90610000e+04
  1.90770000e+04 1.91700000e+04 1.92250000e+04 1.92290000e+04
  1.92540000e+04 1.92830000e+04 1.93280000e+04 1.94110000e+04
  1.94570000e+04 1.98590000e+04 1.98720000e+04 1.99290000e+04]
 [1.75680000e+04 1.76320000e+04 1.78020000e+04 1.81040000e+04
  1.82380000e+04 1.82820000e+04 1.83360000e+04 1.83720000e+04
  1.84430000e+04 1.85090000e+04 1.85810000e+04 1.86390000e+04
  1.86590000e+04 1.87260000e+04 1.87950000e+04 1.88410000e+04
  1.89090000e+04 1.90840000e+04 1.91230000e+04 1.91710000e+04]
 [1.71760000e+04 1.72350000e+04 1.72690000e+04 1.72750000e+04
  1.73510000e+04 1.73640000e+04 1.74230000e+04 1.75180000e+04
  1.75960000e+04 1.76620000e+04 1.77540000e+04 1.78430000e+04
  1.79200000e+04 1.79860000e+04 1.80020000e+04 1.80090000e+04
  1.80840000e+04 1.81810000e+04 1.81880000e+04 1.82690000e+04]
 [1.49530000e+04 1.61430000e+04 1.69490000e+04 1.69840000e+04
  1.70220000e+04 1.70490000e+04 1.70570000e+04 1.71160000e+04
  1.71760000e+04 1.72120000e+04 1.72980000e+04 1.73370000e+04
  1.73560000e+04 1.75180000e+04 1.75680000e+04 1.76330000e+04
  1.76910000e+04 1.78210000e+04 1.78920000e+04 1.79900000e+04]
 [1.61370000e+04 1.61430000e+04 1.61750000e+04 1.62130000e+04
  1.62660000e+04 1.63400000e+04 1.63790000e+04 1.63840000e+04
  1.64210000e+04 1.65060000e+04 1.65390000e+04 1.65860000e+04
  1.66560000e+04 1.66620000e+04 1.66940000e+04 1.67800000e+04
  1.68060000e+04 1.68420000e+04 1.69060000e+04 1.79740000e+04]
 [1.43810000e+04 1.48930000e+04 1.48970000e+04 1.49490000e+04
  1.50260000e+04 1.55030000e+04 1.55920000e+04 1.55990000e+04
  1.56740000e+04 1.57600000e+04 1.58480000e+04 1.58730000e+04
  1.59580000e+04 1.60570000e+04 1.61370000e+04 1.61870000e+04
  1.62780000e+04 1.62920000e+04 1.67270000e+04 1.68280000e+04]
 [1.39860000e+04 1.40840000e+04 1.42160000e+04 1.46890000e+04
  1.47190000e+04 1.47280000e+04 1.48140000e+04 1.48930000e+04
  1.49640000e+04 1.49690000e+04 1.50160000e+04 1.50770000e+04
  1.51550000e+04 1.52310000e+04 1.53020000e+04 1.54000000e+04
  1.54340000e+04 1.54570000e+04 1.55390000e+04 1.58210000e+04]
 [1.36320000e+04 1.37230000e+04 1.38040000e+04 1.38740000e+04
  1.39100000e+04 1.40060000e+04 1.40290000e+04 1.40840000e+04
  1.41770000e+04 1.42630000e+04 1.42780000e+04 1.42970000e+04
  1.43150000e+04 1.43810000e+04 1.44250000e+04 1.44830000e+04
  1.45450000e+04 1.45990000e+04 1.46780000e+04 1.46890000e+04]
 [1.19710000e+04 1.23430000e+04 1.27360003e+04 1.27450003e+04
  1.27490003e+04 1.28290003e+04 1.28540003e+04 1.29170000e+04
  1.30180000e+04 1.30480000e+04 1.31050000e+04 1.31450000e+04
  1.32260000e+04 1.32290000e+04 1.32570000e+04 1.33020000e+04
  1.33610000e+04 1.34550000e+04 1.34860000e+04 1.35770000e+04]
 [1.18470000e+04 1.19380000e+04 1.19610000e+04 1.20390000e+04
  1.21070000e+04 1.21660000e+04 1.21750000e+04 1.22460000e+04
  1.23380000e+04 1.23880000e+04 1.24260000e+04 1.24610000e+04
  1.24920000e+04 1.25830000e+04 1.26400000e+04 1.27100000e+04
  1.27700000e+04 1.28430000e+04 1.28820000e+04 1.29580000e+04]
 [1.05330003e+04 1.07200000e+04 1.08030000e+04 1.08250000e+04
  1.08680000e+04 1.09340000e+04 1.09810000e+04 1.10340000e+04
  1.11310000e+04 1.12220000e+04 1.12860000e+04 1.13790000e+04
  1.14250000e+04 1.14450000e+04 1.15350000e+04 1.15930000e+04
  1.16290000e+04 1.17270000e+04 1.17970000e+04 1.18460000e+04]
 [9.04400000e+03 9.81100000e+03 9.87300000e+03 9.91800000e+03
  9.93300000e+03 1.00120000e+04 1.00780000e+04 1.01330000e+04
  1.01340000e+04 1.02230000e+04 1.02520000e+04 1.03500000e+04
  1.03810000e+04 1.04260000e+04 1.04770000e+04 1.05600000e+04
  1.05670000e+04 1.06430000e+04 1.06480000e+04 1.07260000e+04]
 [7.97400000e+03 7.98800000e+03 8.04600000e+03 9.19900000e+03
  9.26100000e+03 9.33800000e+03 9.37600000e+03 9.38500000e+03
  9.39100000e+03 9.47900000e+03 9.50200000e+03 9.51100000e+03
  9.52300000e+03 9.53200000e+03 9.59700000e+03 9.66500000e+03
  9.72200000e+03 9.76000000e+03 9.77500000e+03 1.02890000e+04]
 [7.90500000e+03 8.77700000e+03 8.80500000e+03 8.85700000e+03
  8.94800000e+03 8.95700000e+03 8.97200000e+03 9.01600000e+03
  9.08500000e+03 9.18400000e+03 9.19900000e+03 9.26400000e+03
  9.27300000e+03 9.30000000e+03 9.35600000e+03 9.42600000e+03
  9.46500000e+03 9.48600000e+03 9.57400000e+03 9.57600000e+03]
 [7.16900000e+03 7.26700000e+03 7.76600000e+03 7.81600000e+03
  7.82600000e+03 7.91000000e+03 7.98800000e+03 8.00700000e+03
  8.08700000e+03 8.11500000e+03 8.13400000e+03 8.19200000e+03
  8.26800000e+03 8.31700000e+03 8.40500000e+03 8.44700000e+03
  8.52500000e+03 8.60300000e+03 8.69400000e+03 9.45100000e+03]
 [6.78300000e+03 6.82800000e+03 6.87400000e+03 6.89500000e+03
  6.90300000e+03 6.93400000e+03 6.99000000e+03 7.04600000e+03
  7.12400000e+03 7.16900000e+03 7.20000000e+03 7.27900000e+03
  7.32600000e+03 7.39900000e+03 7.46500000e+03 7.49200000e+03
  7.59000000e+03 7.66300000e+03 7.74200000e+03 7.81600000e+03]
 [5.68700000e+03 5.78200000e+03 5.80900000e+03 5.85600000e+03
  5.90200000e+03 5.92100000e+03 5.95600000e+03 6.19700000e+03
  6.28500000e+03 6.36200000e+03 6.36500000e+03 6.41700000e+03
  6.43200000e+03 6.44400000e+03 6.44700000e+03 6.47700000e+03
  6.57000000e+03 6.66600000e+03 6.73400000e+03 6.80700000e+03]
 [5.26500000e+03 5.43100000e+03 5.49100000e+03 5.53600000e+03
  5.60100000e+03 5.60600000e+03 5.68700000e+03 5.70800000e+03
  5.71000000e+03 5.78100000e+03 5.83800000e+03 5.85600000e+03
  5.85800000e+03 5.91800000e+03 5.95900000e+03 6.00200000e+03
  6.03800000e+03 6.11300000e+03 6.16800000e+03 6.24700000e+03]
 [4.69000000e+03 4.72500000e+03 4.73100000e+03 4.73600000e+03
  4.74000000e+03 4.77900000e+03 4.82200000e+03 4.89800000e+03
  4.98100000e+03 5.01900000e+03 5.06600000e+03 5.06900000e+03
  5.13700000e+03 5.19500000e+03 5.24400000e+03 5.34300000e+03
  5.36300000e+03 5.37200000e+03 5.41100000e+03 5.42200000e+03]
 [3.09200000e+03 3.75100000e+03 3.85700000e+03 3.92800000e+03
  3.98200000e+03 4.07700000e+03 4.44200000e+03 4.45000000e+03
  4.50300000e+03 4.51200000e+03 4.55600000e+03 4.59500000e+03
  4.61300000e+03 4.69000000e+03 4.69600000e+03 4.73900000e+03
  4.76500000e+03 4.83500000e+03 4.89900000e+03 4.94200000e+03]
 [3.11400000e+03 3.30200000e+03 3.33900000e+03 3.39000000e+03
  3.48500000e+03 3.53500000e+03 3.63300000e+03 3.71300000e+03
  3.75100000e+03 3.85000000e+03 3.92800000e+03 4.01100000e+03
  4.04900000e+03 4.05300000e+03 4.12100000e+03 4.16500000e+03
  4.26000000e+03 4.33700000e+03 4.35300000e+03 4.44200000e+03]
 [2.22600000e+03 2.23600000e+03 2.33700000e+03 2.38900000e+03
  2.48600000e+03 2.54100000e+03 2.59100000e+03 2.63900000e+03
  2.73200000e+03 2.82900000e+03 2.83000000e+03 2.85700000e+03
  2.92600000e+03 2.93000000e+03 3.00500000e+03 3.06400000e+03
  3.11400000e+03 3.13600000e+03 3.20900000e+03 3.28200000e+03]
 [1.46800000e+03 1.47600000e+03 1.53800000e+03 2.01400000e+03
  2.04300000e+03 2.13000000e+03 2.20200000e+03 2.23600000e+03
  2.25900000e+03 2.29400000e+03 2.29500000e+03 2.29900000e+03
  2.34100000e+03 2.43100000e+03 2.45400000e+03 2.47900000e+03
  2.54100000e+03 2.63900000e+03 2.65300000e+03 3.10700000e+03]
 [4.94000000e+02 1.12700000e+03 1.22300000e+03 1.26600000e+03
  1.35800000e+03 1.36900000e+03 1.46300000e+03 1.66200000e+03
  1.69600000e+03 1.73400000e+03 1.80200000e+03 1.87200000e+03
  1.93700000e+03 1.99900000e+03 2.00800000e+03 2.04300000e+03
  2.13700000e+03 2.14900000e+03 2.17900000e+03 2.27400000e+03]
 [7.78000000e+02 8.11000000e+02 8.25000000e+02 9.04000000e+02
  9.28000000e+02 9.39000000e+02 9.44000000e+02 9.66000000e+02
  1.02700000e+03 1.05400000e+03 1.14200000e+03 1.14600000e+03
  1.22400000e+03 1.28600000e+03 1.35800000e+03 1.41400000e+03
  1.43200000e+03 1.49400000e+03 1.54100000e+03 1.56800000e+03]
 [0.00000000e+00 3.40000000e+01 4.00000000e+01 1.01000000e+02
  1.61000000e+02 2.09000000e+02 2.11000000e+02 2.75000000e+02
  3.02000000e+02 3.18000000e+02 3.89000000e+02 4.60000000e+02
  5.07000000e+02 5.59000000e+02 6.32000000e+02 6.74000000e+02
  7.73000000e+02 9.12000000e+02 9.84000000e+02 1.02700000e+03]]
