optimal_status: 0
solution: 13520.0
cpu_time: 3600.2034599781036
gap: 0.8588936485826645
upper_bound: 1907.757871162375
lower_bound: 13520.0
cg_matrix: [[0. 0. 1. 0. 0. 0. 0. 0. 0. 0. 0. 0. 0. 0. 0. 0. 0. 0. 0. 0. 0. 1. 1. 0.
  0. 0. 1. 0. 0. 0. 0. 0. 0. 0. 1. 0. 0. 0. 0. 1. 0. 0. 0. 0. 0. 0. 0. 1.
  1. 1.]
 [0. 0. 0. 0. 1. 0. 1. 0. 1. 0. 0. 1. 0. 0. 0. 0. 0. 0. 0. 0. 0. 0. 1. 0.
  0. 0. 1. 0. 0. 1. 0. 0. 1. 1. 0. 0. 1. 0. 0. 1. 0. 0. 0. 0. 0. 0. 1. 0.
  0. 0.]
 [1. 0. 0. 0. 0. 0. 1. 0. 1. 1. 0. 0. 0. 0. 1. 0. 0. 0. 0. 0. 1. 1. 0. 0.
  0. 0. 0. 0. 0. 1. 0. 0. 0. 0. 0. 1. 0. 0. 1. 1. 0. 0. 0. 1. 0. 0. 0. 0.
  0. 0.]
 [0. 0. 0. 0. 0. 1. 0. 0. 0. 0. 0. 1. 1. 0. 0. 0. 0. 1. 0. 1. 0. 0. 1. 0.
  0. 0. 1. 0. 0. 0. 0. 0. 0. 0. 0. 0. 0. 0. 0. 0. 0. 0. 1. 0. 1. 1. 0. 0.
  0. 0.]
 [0. 1. 0. 0. 0. 0. 1. 0. 0. 0. 0. 0. 1. 0. 0. 0. 0. 0. 1. 0. 1. 0. 1. 0.
  0. 0. 0. 0. 0. 1. 0. 0. 1. 0. 0. 1. 0. 0. 0. 0. 0. 0. 0. 0. 0. 0. 0. 0.
  1. 0.]
 [0. 0. 0. 1. 0. 0. 1. 0. 0. 0. 0. 0. 0. 1. 0. 0. 0. 0. 1. 0. 0. 1. 1. 0.
  0. 1. 0. 0. 0. 0. 1. 1. 0. 1. 0. 0. 0. 0. 0. 0. 0. 0. 0. 0. 0. 0. 1. 1.
  0. 0.]
 [0. 1. 1. 0. 1. 1. 0. 0. 0. 0. 0. 0. 1. 0. 1. 1. 0. 0. 1. 0. 1. 0. 0. 0.
  0. 0. 0. 0. 0. 0. 0. 0. 0. 0. 0. 0. 1. 0. 0. 0. 1. 0. 0. 1. 0. 0. 0. 1.
  0. 0.]
 [0. 0. 0. 0. 0. 0. 0. 0. 1. 1. 1. 1. 1. 0. 1. 1. 0. 1. 0. 0. 0. 0. 0. 0.
  0. 0. 0. 1. 0. 0. 1. 0. 0. 0. 1. 0. 0. 0. 0. 0. 0. 0. 0. 0. 0. 0. 0. 0.
  1. 0.]
 [0. 1. 1. 0. 0. 0. 0. 1. 0. 0. 0. 0. 0. 0. 0. 0. 0. 0. 1. 0. 0. 0. 0. 0.
  0. 1. 0. 0. 0. 0. 1. 0. 1. 0. 0. 0. 0. 0. 1. 0. 1. 1. 0. 0. 0. 0. 1. 0.
  0. 0.]
 [0. 0. 1. 0. 0. 0. 0. 1. 0. 0. 0. 0. 0. 0. 0. 0. 0. 0. 0. 0. 0. 0. 0. 0.
  0. 0. 0. 0. 0. 0. 1. 0. 0. 0. 0. 0. 0. 0. 0. 0. 0. 0. 0. 0. 1. 0. 0. 0.
  0. 0.]
 [0. 0. 0. 0. 0. 0. 0. 1. 0. 0. 0. 1. 0. 0. 0. 0. 0. 0. 0. 1. 0. 0. 0. 0.
  1. 0. 0. 0. 0. 1. 0. 1. 0. 0. 0. 0. 0. 0. 0. 0. 0. 0. 0. 1. 0. 0. 0. 1.
  0. 0.]
 [0. 1. 0. 1. 0. 0. 0. 1. 0. 0. 1. 0. 0. 1. 0. 1. 0. 0. 0. 0. 0. 0. 0. 0.
  0. 0. 0. 1. 0. 1. 1. 0. 1. 0. 0. 0. 0. 0. 0. 0. 1. 0. 0. 1. 0. 0. 0. 0.
  1. 0.]
 [0. 0. 0. 1. 1. 0. 1. 1. 0. 0. 0. 0. 0. 0. 0. 0. 0. 0. 0. 0. 1. 0. 0. 0.
  0. 0. 0. 0. 0. 0. 1. 1. 0. 0. 0. 0. 0. 0. 0. 1. 0. 0. 0. 0. 0. 0. 0. 0.
  0. 0.]
 [0. 0. 0. 0. 0. 1. 0. 0. 0. 0. 0. 1. 0. 0. 0. 1. 0. 0. 0. 0. 0. 0. 1. 0.
  1. 0. 0. 0. 1. 1. 0. 0. 0. 0. 1. 0. 1. 1. 0. 0. 0. 0. 0. 0. 0. 1. 0. 0.
  0. 0.]
 [0. 0. 1. 0. 0. 0. 1. 1. 0. 0. 0. 0. 0. 0. 0. 0. 0. 0. 0. 0. 0. 0. 0. 1.
  1. 0. 0. 0. 0. 0. 0. 1. 0. 1. 1. 1. 0. 0. 0. 0. 0. 0. 0. 0. 0. 0. 0. 1.
  0. 0.]
 [0. 0. 0. 0. 0. 0. 1. 1. 0. 0. 0. 1. 0. 1. 0. 0. 1. 0. 1. 0. 0. 0. 0. 0.
  0. 0. 0. 0. 0. 0. 0. 0. 0. 1. 0. 1. 1. 0. 0. 1. 1. 0. 0. 1. 0. 0. 0. 0.
  0. 1.]
 [0. 0. 0. 0. 0. 0. 0. 0. 0. 0. 0. 0. 0. 0. 0. 1. 0. 0. 0. 1. 0. 0. 0. 0.
  0. 0. 1. 1. 0. 0. 0. 0. 0. 0. 0. 0. 0. 0. 0. 0. 1. 0. 0. 0. 0. 1. 1. 0.
  0. 0.]
 [0. 0. 0. 1. 0. 0. 0. 1. 0. 0. 0. 0. 0. 0. 0. 0. 0. 0. 0. 0. 0. 0. 0. 1.
  0. 1. 1. 0. 0. 0. 0. 0. 1. 0. 0. 0. 0. 0. 0. 0. 0. 1. 1. 0. 0. 0. 0. 1.
  0. 1.]
 [0. 0. 0. 0. 1. 1. 1. 0. 1. 0. 0. 0. 0. 0. 0. 1. 0. 0. 0. 0. 0. 1. 0. 0.
  0. 0. 0. 0. 0. 1. 0. 0. 0. 0. 1. 0. 0. 0. 0. 0. 0. 0. 0. 1. 0. 0. 1. 0.
  0. 0.]
 [0. 0. 0. 1. 0. 0. 0. 0. 0. 0. 1. 0. 0. 0. 0. 0. 1. 0. 0. 0. 1. 1. 0. 0.
  0. 0. 0. 1. 0. 1. 0. 0. 0. 0. 0. 0. 0. 0. 0. 1. 1. 0. 0. 0. 1. 0. 1. 0.
  0. 0.]
 [0. 0. 1. 0. 1. 0. 1. 0. 0. 0. 0. 0. 1. 0. 0. 0. 0. 0. 0. 1. 0. 0. 0. 0.
  0. 0. 0. 0. 0. 0. 0. 0. 0. 0. 0. 0. 0. 0. 0. 0. 0. 0. 0. 0. 0. 0. 0. 0.
  0. 0.]
 [1. 0. 1. 0. 0. 1. 0. 0. 0. 0. 0. 0. 0. 0. 0. 0. 0. 0. 1. 1. 0. 0. 0. 0.
  0. 0. 0. 0. 0. 0. 0. 0. 0. 0. 0. 0. 0. 0. 0. 0. 0. 0. 0. 0. 0. 0. 0. 0.
  0. 0.]
 [1. 1. 0. 1. 1. 1. 0. 0. 0. 0. 0. 0. 0. 1. 0. 0. 0. 0. 0. 0. 0. 0. 0. 0.
  0. 0. 0. 0. 0. 0. 0. 0. 0. 0. 0. 0. 0. 0. 0. 0. 0. 0. 0. 0. 0. 0. 0. 0.
  0. 0.]
 [0. 0. 0. 0. 0. 0. 0. 0. 0. 0. 0. 0. 0. 0. 1. 0. 0. 1. 0. 0. 0. 0. 0. 0.
  0. 0. 0. 0. 0. 0. 0. 0. 0. 0. 0. 0. 0. 0. 0. 0. 0. 0. 0. 0. 0. 0. 0. 0.
  0. 0.]
 [0. 0. 0. 0. 0. 0. 0. 0. 0. 0. 1. 0. 0. 1. 1. 0. 0. 0. 0. 0. 0. 0. 0. 0.
  0. 0. 0. 0. 0. 0. 0. 0. 0. 0. 0. 0. 0. 0. 0. 0. 0. 0. 0. 0. 0. 0. 0. 0.
  0. 0.]
 [0. 0. 0. 0. 0. 1. 0. 0. 1. 0. 0. 0. 0. 0. 0. 0. 0. 1. 0. 0. 0. 0. 0. 0.
  0. 0. 0. 0. 0. 0. 0. 0. 0. 0. 0. 0. 0. 0. 0. 0. 0. 0. 0. 0. 0. 0. 0. 0.
  0. 0.]
 [1. 1. 0. 1. 0. 0. 0. 0. 0. 0. 0. 0. 0. 0. 0. 0. 1. 1. 0. 0. 0. 0. 0. 0.
  0. 0. 0. 0. 0. 0. 0. 0. 0. 0. 0. 0. 0. 0. 0. 0. 0. 0. 0. 0. 0. 0. 0. 0.
  0. 0.]
 [0. 0. 0. 0. 0. 0. 0. 1. 0. 0. 0. 1. 0. 0. 0. 0. 1. 0. 0. 1. 0. 0. 0. 0.
  0. 0. 0. 0. 0. 0. 0. 0. 0. 0. 0. 0. 0. 0. 0. 0. 0. 0. 0. 0. 0. 0. 0. 0.
  0. 0.]
 [0. 0. 0. 0. 0. 0. 0. 0. 0. 0. 0. 0. 0. 1. 0. 0. 0. 0. 0. 0. 0. 0. 0. 0.
  0. 0. 0. 0. 0. 0. 0. 0. 0. 0. 0. 0. 0. 0. 0. 0. 0. 0. 0. 0. 0. 0. 0. 0.
  0. 0.]
 [0. 1. 1. 0. 1. 0. 0. 0. 0. 0. 1. 1. 0. 1. 0. 0. 0. 0. 1. 1. 0. 0. 0. 0.
  0. 0. 0. 0. 0. 0. 0. 0. 0. 0. 0. 0. 0. 0. 0. 0. 0. 0. 0. 0. 0. 0. 0. 0.
  0. 0.]
 [0. 0. 0. 0. 0. 1. 0. 1. 1. 1. 0. 1. 1. 0. 0. 0. 0. 0. 0. 0. 0. 0. 0. 0.
  0. 0. 0. 0. 0. 0. 0. 0. 0. 0. 0. 0. 0. 0. 0. 0. 0. 0. 0. 0. 0. 0. 0. 0.
  0. 0.]
 [0. 0. 0. 0. 0. 1. 0. 0. 0. 0. 1. 0. 1. 0. 1. 0. 0. 0. 0. 0. 0. 0. 0. 0.
  0. 0. 0. 0. 0. 0. 0. 0. 0. 0. 0. 0. 0. 0. 0. 0. 0. 0. 0. 0. 0. 0. 0. 0.
  0. 0.]
 [0. 1. 0. 0. 1. 0. 0. 0. 1. 0. 0. 1. 0. 0. 0. 0. 0. 1. 0. 0. 0. 0. 0. 0.
  0. 0. 0. 0. 0. 0. 0. 0. 0. 0. 0. 0. 0. 0. 0. 0. 0. 0. 0. 0. 0. 0. 0. 0.
  0. 0.]
 [0. 1. 0. 0. 0. 1. 0. 0. 0. 0. 0. 0. 0. 0. 1. 1. 0. 0. 0. 0. 0. 0. 0. 0.
  0. 0. 0. 0. 0. 0. 0. 0. 0. 0. 0. 0. 0. 0. 0. 0. 0. 0. 0. 0. 0. 0. 0. 0.
  0. 0.]
 [1. 0. 0. 0. 0. 0. 0. 1. 0. 0. 0. 0. 0. 1. 1. 0. 0. 0. 1. 0. 0. 0. 0. 0.
  0. 0. 0. 0. 0. 0. 0. 0. 0. 0. 0. 0. 0. 0. 0. 0. 0. 0. 0. 0. 0. 0. 0. 0.
  0. 0.]
 [0. 0. 1. 0. 1. 0. 0. 0. 0. 0. 0. 0. 0. 0. 1. 1. 0. 0. 0. 0. 0. 0. 0. 0.
  0. 0. 0. 0. 0. 0. 0. 0. 0. 0. 0. 0. 0. 0. 0. 0. 0. 0. 0. 0. 0. 0. 0. 0.
  0. 0.]
 [0. 1. 0. 0. 0. 0. 1. 0. 0. 0. 0. 0. 0. 1. 0. 1. 0. 0. 0. 0. 0. 0. 0. 0.
  0. 0. 0. 0. 0. 0. 0. 0. 0. 0. 0. 0. 0. 0. 0. 0. 0. 0. 0. 0. 0. 0. 0. 0.
  0. 0.]
 [0. 0. 0. 0. 0. 0. 0. 0. 0. 0. 0. 0. 0. 1. 0. 0. 0. 0. 0. 0. 0. 0. 0. 0.
  0. 0. 0. 0. 0. 0. 0. 0. 0. 0. 0. 0. 0. 0. 0. 0. 0. 0. 0. 0. 0. 0. 0. 0.
  0. 0.]
 [0. 0. 1. 0. 0. 0. 0. 0. 1. 0. 0. 0. 0. 0. 0. 0. 0. 0. 0. 0. 0. 0. 0. 0.
  0. 0. 0. 0. 0. 0. 0. 0. 0. 0. 0. 0. 0. 0. 0. 0. 0. 0. 0. 0. 0. 0. 0. 0.
  0. 0.]
 [1. 1. 1. 0. 0. 0. 0. 0. 0. 0. 0. 0. 1. 0. 0. 1. 0. 0. 0. 1. 0. 0. 0. 0.
  0. 0. 0. 0. 0. 0. 0. 0. 0. 0. 0. 0. 0. 0. 0. 0. 0. 0. 0. 0. 0. 0. 0. 0.
  0. 0.]
 [0. 0. 0. 0. 0. 0. 1. 0. 1. 0. 0. 1. 0. 0. 0. 1. 1. 0. 0. 1. 0. 0. 0. 0.
  0. 0. 0. 0. 0. 0. 0. 0. 0. 0. 0. 0. 0. 0. 0. 0. 0. 0. 0. 0. 0. 0. 0. 0.
  0. 0.]
 [0. 0. 0. 0. 0. 0. 0. 0. 1. 0. 0. 0. 0. 0. 0. 0. 0. 1. 0. 0. 0. 0. 0. 0.
  0. 0. 0. 0. 0. 0. 0. 0. 0. 0. 0. 0. 0. 0. 0. 0. 0. 0. 0. 0. 0. 0. 0. 0.
  0. 0.]
 [0. 0. 0. 1. 0. 0. 0. 0. 0. 0. 0. 0. 0. 0. 0. 0. 0. 1. 0. 0. 0. 0. 0. 0.
  0. 0. 0. 0. 0. 0. 0. 0. 0. 0. 0. 0. 0. 0. 0. 0. 0. 0. 0. 0. 0. 0. 0. 0.
  0. 0.]
 [0. 0. 1. 0. 0. 0. 1. 0. 0. 0. 1. 1. 0. 0. 0. 1. 0. 0. 1. 0. 0. 0. 0. 0.
  0. 0. 0. 0. 0. 0. 0. 0. 0. 0. 0. 0. 0. 0. 0. 0. 0. 0. 0. 0. 0. 0. 0. 0.
  0. 0.]
 [0. 0. 0. 1. 0. 0. 0. 0. 0. 1. 0. 0. 0. 0. 0. 0. 0. 0. 0. 1. 0. 0. 0. 0.
  0. 0. 0. 0. 0. 0. 0. 0. 0. 0. 0. 0. 0. 0. 0. 0. 0. 0. 0. 0. 0. 0. 0. 0.
  0. 0.]
 [0. 0. 0. 1. 0. 0. 0. 0. 0. 0. 0. 0. 0. 1. 0. 0. 1. 0. 0. 0. 0. 0. 0. 0.
  0. 0. 0. 0. 0. 0. 0. 0. 0. 0. 0. 0. 0. 0. 0. 0. 0. 0. 0. 0. 0. 0. 0. 0.
  0. 0.]
 [0. 1. 0. 0. 0. 1. 0. 0. 1. 0. 0. 0. 0. 0. 0. 0. 1. 0. 1. 1. 0. 0. 0. 0.
  0. 0. 0. 0. 0. 0. 0. 0. 0. 0. 0. 0. 0. 0. 0. 0. 0. 0. 0. 0. 0. 0. 0. 0.
  0. 0.]
 [1. 0. 0. 0. 0. 1. 1. 0. 0. 0. 1. 0. 0. 0. 1. 0. 0. 1. 0. 0. 0. 0. 0. 0.
  0. 0. 0. 0. 0. 0. 0. 0. 0. 0. 0. 0. 0. 0. 0. 0. 0. 0. 0. 0. 0. 0. 0. 0.
  0. 0.]
 [1. 0. 0. 0. 1. 0. 0. 1. 0. 0. 0. 1. 0. 0. 0. 0. 0. 0. 0. 0. 0. 0. 0. 0.
  0. 0. 0. 0. 0. 0. 0. 0. 0. 0. 0. 0. 0. 0. 0. 0. 0. 0. 0. 0. 0. 0. 0. 0.
  0. 0.]
 [1. 0. 0. 0. 0. 0. 0. 0. 0. 0. 0. 0. 0. 0. 0. 1. 0. 1. 0. 0. 0. 0. 0. 0.
  0. 0. 0. 0. 0. 0. 0. 0. 0. 0. 0. 0. 0. 0. 0. 0. 0. 0. 0. 0. 0. 0. 0. 0.
  0. 0.]]
start_times_array: [[1.5810e+03 1.2408e+04 1.2449e+04 1.2492e+04 1.2544e+04 1.2660e+04
  1.2816e+04 1.2881e+04 1.2931e+04 1.3004e+04 1.3014e+04 1.3084e+04
  1.3150e+04 1.3214e+04 1.3267e+04 1.3307e+04 1.3368e+04 1.3442e+04
  1.3482e+04 1.3490e+04]
 [1.7320e+03 1.0274e+04 1.1392e+04 1.1489e+04 1.2072e+04 1.2362e+04
  1.2544e+04 1.2579e+04 1.2591e+04 1.2684e+04 1.2699e+04 1.2732e+04
  1.2908e+04 1.2910e+04 1.2921e+04 1.3017e+04 1.3033e+04 1.3115e+04
  1.3164e+04 1.3368e+04]
 [1.2630e+03 1.1137e+04 1.1207e+04 1.1933e+04 1.2025e+04 1.2043e+04
  1.2084e+04 1.2161e+04 1.2166e+04 1.2215e+04 1.2309e+04 1.2341e+04
  1.2453e+04 1.2455e+04 1.2471e+04 1.2591e+04 1.2727e+04 1.2899e+04
  1.3301e+04 1.3335e+04]
 [1.1938e+04 1.2150e+04 1.2288e+04 1.2370e+04 1.2414e+04 1.2430e+04
  1.2484e+04 1.2493e+04 1.2542e+04 1.2570e+04 1.2640e+04 1.2725e+04
  1.2759e+04 1.2812e+04 1.2849e+04 1.3179e+04 1.3245e+04 1.3286e+04
  1.3382e+04 1.3466e+04]
 [3.0800e+02 5.5800e+02 1.0098e+04 1.0476e+04 1.1046e+04 1.1127e+04
  1.1305e+04 1.1339e+04 1.1495e+04 1.1568e+04 1.1598e+04 1.1661e+04
  1.1737e+04 1.2058e+04 1.2120e+04 1.2184e+04 1.2245e+04 1.2334e+04
  1.2452e+04 1.2576e+04]
 [1.0555e+04 1.0619e+04 1.1092e+04 1.1173e+04 1.1379e+04 1.1425e+04
  1.1494e+04 1.1504e+04 1.1531e+04 1.1567e+04 1.1661e+04 1.1714e+04
  1.1745e+04 1.2025e+04 1.2084e+04 1.2115e+04 1.2121e+04 1.2122e+04
  1.2153e+04 1.2196e+04]
 [8.7780e+03 9.0170e+03 9.0950e+03 9.1340e+03 9.1530e+03 9.2420e+03
  9.5980e+03 9.6400e+03 9.7280e+03 9.8360e+03 9.8380e+03 1.0011e+04
  1.0025e+04 1.0084e+04 1.0231e+04 1.0240e+04 1.0388e+04 1.0391e+04
  1.0511e+04 1.1211e+04]
 [0.0000e+00 5.5800e+02 6.4800e+02 6.8600e+02 1.1276e+04 1.1345e+04
  1.1379e+04 1.1392e+04 1.1454e+04 1.1516e+04 1.1590e+04 1.1657e+04
  1.1702e+04 1.1764e+04 1.1796e+04 1.1882e+04 1.1941e+04 1.2153e+04
  1.2219e+04 1.2256e+04]
 [8.0000e+00 3.9400e+02 7.4800e+02 8.0000e+02 7.3300e+03 7.4220e+03
  8.8660e+03 9.4780e+03 9.5410e+03 9.6090e+03 9.6450e+03 9.7200e+03
  9.7300e+03 9.7570e+03 9.8460e+03 9.8770e+03 9.9650e+03 1.0011e+04
  1.0047e+04 1.0365e+04]
 [8.0000e+00 8.0000e+01 2.2400e+02 2.2900e+02 3.7600e+02 1.1640e+03
  6.9820e+03 7.2380e+03 8.3670e+03 8.4300e+03 8.4500e+03 8.4920e+03
  9.8030e+03 9.8740e+03 9.8770e+03 1.0070e+04 1.0391e+04 1.0475e+04
  1.0507e+04 1.0539e+04]
 [9.5000e+02 7.0760e+03 1.0258e+04 1.0324e+04 1.0340e+04 1.0391e+04
  1.0417e+04 1.0533e+04 1.0690e+04 1.0744e+04 1.0810e+04 1.0861e+04
  1.0891e+04 1.1017e+04 1.1089e+04 1.1166e+04 1.1177e+04 1.1210e+04
  1.1240e+04 1.1492e+04]
 [9.1870e+03 9.5150e+03 9.5900e+03 9.6250e+03 9.6350e+03 9.7160e+03
  9.7170e+03 9.7450e+03 9.8030e+03 9.8830e+03 9.9440e+03 9.9960e+03
  1.0070e+04 1.0087e+04 1.0098e+04 1.0162e+04 1.0231e+04 1.0441e+04
  1.0611e+04 1.0928e+04]
 [1.1470e+03 6.8930e+03 7.3910e+03 7.4790e+03 8.5480e+03 8.6010e+03
  8.6280e+03 8.6360e+03 8.6590e+03 8.7450e+03 8.7760e+03 8.8050e+03
  8.9000e+03 8.9530e+03 8.9820e+03 9.1050e+03 9.1330e+03 9.4700e+03
  9.5410e+03 9.8740e+03]
 [8.2170e+03 8.2430e+03 8.2990e+03 8.3630e+03 8.4120e+03 8.5080e+03
  8.6020e+03 8.7260e+03 8.8050e+03 8.8530e+03 8.9110e+03 8.9430e+03
  9.0010e+03 9.0140e+03 9.1090e+03 9.1480e+03 9.1690e+03 9.2650e+03
  9.3480e+03 9.4460e+03]
 [7.1200e+02 4.9200e+03 5.0280e+03 5.4360e+03 6.6660e+03 6.6780e+03
  6.7570e+03 6.7980e+03 6.8870e+03 6.9800e+03 7.0260e+03 7.0500e+03
  7.0910e+03 7.1500e+03 7.2060e+03 7.2250e+03 7.2370e+03 7.2710e+03
  7.3510e+03 9.9600e+03]
 [7.3200e+03 7.3420e+03 7.4060e+03 7.4790e+03 7.5380e+03 7.5860e+03
  7.6620e+03 7.7400e+03 7.8090e+03 7.8750e+03 7.9020e+03 7.9750e+03
  8.0210e+03 8.0630e+03 8.1160e+03 8.1780e+03 8.2280e+03 8.4080e+03
  8.6500e+03 9.3930e+03]
 [5.5300e+02 6.4900e+02 7.6000e+02 8.6300e+02 5.9130e+03 6.5620e+03
  6.6220e+03 6.7150e+03 6.7330e+03 6.8150e+03 6.9050e+03 6.9820e+03
  7.0750e+03 7.0990e+03 7.1050e+03 7.1820e+03 7.2380e+03 7.3910e+03
  8.2820e+03 8.3670e+03]
 [8.4400e+02 5.5480e+03 5.5560e+03 5.5660e+03 5.6120e+03 5.6350e+03
  5.6520e+03 5.6850e+03 5.7350e+03 5.7590e+03 5.7710e+03 5.8000e+03
  5.8650e+03 5.9080e+03 6.1310e+03 6.1970e+03 6.2790e+03 6.3010e+03
  6.6980e+03 6.7560e+03]
 [1.8500e+02 4.2400e+02 6.8600e+02 4.5470e+03 5.8120e+03 5.8610e+03
  5.9570e+03 6.0480e+03 6.1310e+03 6.1840e+03 6.2190e+03 6.2980e+03
  6.3600e+03 6.4020e+03 6.4190e+03 6.4810e+03 6.6220e+03 6.6980e+03
  6.8060e+03 6.8150e+03]
 [1.1500e+02 4.8740e+03 5.1260e+03 5.6000e+03 5.6280e+03 5.6930e+03
  5.7010e+03 5.8120e+03 5.8650e+03 5.9730e+03 6.0530e+03 6.1340e+03
  6.2320e+03 6.2930e+03 6.3840e+03 6.4160e+03 6.4810e+03 6.5330e+03
  6.6660e+03 7.4060e+03]
 [4.8900e+02 7.4800e+02 1.4000e+03 1.4650e+03 3.3350e+03 3.3580e+03
  3.4050e+03 3.5020e+03 3.5300e+03 4.5330e+03 4.6010e+03 4.9720e+03
  5.0570e+03 5.0910e+03 5.2030e+03 5.2920e+03 5.3550e+03 5.4090e+03
  5.4630e+03 6.7980e+03]
 [2.0000e+00 1.5890e+03 4.2320e+03 4.4340e+03 4.5330e+03 4.5900e+03
  4.8490e+03 4.9890e+03 5.0530e+03 5.2030e+03 5.2670e+03 5.2910e+03
  5.3770e+03 5.3870e+03 5.4630e+03 5.5190e+03 5.6310e+03 5.7440e+03
  5.7930e+03 5.8790e+03]
 [4.3610e+03 4.4340e+03 4.5100e+03 4.5410e+03 4.5450e+03 4.7020e+03
  4.7710e+03 4.8380e+03 4.8950e+03 4.9200e+03 4.9920e+03 5.0220e+03
  5.1110e+03 5.1900e+03 5.2030e+03 5.4100e+03 5.4950e+03 5.5740e+03
  5.7350e+03 5.7800e+03]
 [8.0000e+01 1.5200e+02 4.3500e+02 4.8500e+02 2.0280e+03 2.4370e+03
  3.0540e+03 3.9340e+03 4.6120e+03 4.7070e+03 4.7750e+03 4.8230e+03
  4.8520e+03 4.9450e+03 5.0370e+03 5.1090e+03 5.1340e+03 5.1900e+03
  5.2090e+03 5.2890e+03]
 [0.0000e+00 6.8000e+01 9.8000e+01 1.3600e+02 1.5900e+02 2.2400e+02
  2.8900e+02 3.4500e+02 3.6300e+02 5.8900e+02 8.4200e+02 8.8600e+02
  1.0490e+03 4.3490e+03 4.4480e+03 4.5250e+03 4.6120e+03 4.7020e+03
  4.7750e+03 4.8740e+03]
 [2.5100e+02 3.8380e+03 3.8980e+03 4.5120e+03 4.5520e+03 4.5980e+03
  4.6050e+03 4.6500e+03 4.7360e+03 4.7680e+03 4.7710e+03 4.7960e+03
  4.8850e+03 4.9450e+03 5.0140e+03 5.1250e+03 5.1900e+03 5.3330e+03
  5.4630e+03 5.5700e+03]
 [5.3000e+01 3.2300e+02 4.3800e+02 5.1700e+02 8.4800e+02 1.3440e+03
  1.5890e+03 2.1880e+03 2.1990e+03 2.2460e+03 2.3530e+03 3.4460e+03
  3.4970e+03 3.5230e+03 3.6120e+03 3.6660e+03 3.8980e+03 4.2100e+03
  4.2740e+03 4.3350e+03]
 [8.0000e+00 1.7210e+03 3.6950e+03 3.8390e+03 3.8750e+03 3.9380e+03
  3.9520e+03 4.0410e+03 4.1340e+03 4.1400e+03 4.1870e+03 4.2310e+03
  4.2320e+03 4.3140e+03 4.3980e+03 4.4480e+03 4.4690e+03 4.4840e+03
  4.5720e+03 4.6700e+03]
 [2.3900e+02 3.0400e+02 3.0800e+02 4.0600e+02 4.3500e+02 4.5700e+02
  3.6870e+03 4.0480e+03 4.1370e+03 4.2100e+03 4.2150e+03 4.2300e+03
  4.2630e+03 4.2860e+03 4.3490e+03 4.3690e+03 4.3970e+03 4.6700e+03
  4.7680e+03 4.8580e+03]
 [2.7480e+03 2.7530e+03 2.8040e+03 2.9000e+03 2.9910e+03 3.1990e+03
  3.2970e+03 3.3280e+03 3.5580e+03 3.8000e+03 3.8560e+03 3.8610e+03
  3.9020e+03 3.9770e+03 4.0340e+03 4.1540e+03 4.2290e+03 4.2300e+03
  4.2960e+03 4.3610e+03]
 [1.1600e+02 3.2700e+02 4.2400e+02 3.1140e+03 3.1560e+03 3.2060e+03
  3.3480e+03 3.3850e+03 3.5610e+03 3.6290e+03 3.7110e+03 3.7890e+03
  3.8750e+03 3.9200e+03 3.9840e+03 4.0500e+03 4.0910e+03 4.2150e+03
  4.4190e+03 4.4840e+03]
 [6.0900e+02 6.9600e+02 8.0000e+02 2.0230e+03 2.4120e+03 3.1670e+03
  3.2580e+03 3.3280e+03 3.3930e+03 3.4490e+03 3.5020e+03 3.5240e+03
  3.5410e+03 3.6350e+03 3.8480e+03 3.9170e+03 3.9900e+03 4.0230e+03
  4.0920e+03 4.2380e+03]
 [3.0900e+02 1.1720e+03 2.1000e+03 2.6240e+03 2.8000e+03 2.8330e+03
  3.1040e+03 3.4130e+03 3.4740e+03 3.5240e+03 3.5510e+03 3.5760e+03
  3.5860e+03 3.6120e+03 3.7960e+03 3.8380e+03 3.8470e+03 3.9190e+03
  4.0230e+03 4.1370e+03]
 [7.4000e+01 1.3400e+03 1.5930e+03 1.9680e+03 2.0170e+03 2.0800e+03
  2.4690e+03 2.5380e+03 3.4740e+03 3.5580e+03 3.6010e+03 3.6960e+03
  3.7820e+03 3.8550e+03 3.8840e+03 3.9540e+03 4.0480e+03 4.0860e+03
  4.1280e+03 4.1890e+03]
 [9.2100e+02 1.3220e+03 1.8180e+03 2.5120e+03 2.6000e+03 2.7530e+03
  2.8330e+03 2.9250e+03 2.9890e+03 3.0140e+03 3.0830e+03 3.1650e+03
  3.1740e+03 3.2560e+03 3.3230e+03 3.4130e+03 3.6060e+03 3.6700e+03
  3.6950e+03 3.7570e+03]
 [0.0000e+00 7.3000e+01 3.0900e+02 1.2740e+03 1.4520e+03 1.5180e+03
  2.1360e+03 2.4150e+03 2.7720e+03 2.8480e+03 2.8700e+03 2.9150e+03
  3.0240e+03 3.1140e+03 3.1620e+03 3.1670e+03 3.2230e+03 3.2730e+03
  3.3390e+03 3.3930e+03]
 [2.1090e+03 2.1950e+03 2.2160e+03 2.4580e+03 2.5000e+03 2.5670e+03
  2.6050e+03 2.6330e+03 2.6910e+03 2.7320e+03 2.7330e+03 2.8000e+03
  2.8450e+03 2.8700e+03 2.8880e+03 2.9000e+03 2.9710e+03 3.0200e+03
  3.0480e+03 3.3060e+03]
 [4.0600e+02 7.3400e+02 1.0280e+03 1.0630e+03 1.1710e+03 2.2250e+03
  2.2740e+03 2.3550e+03 2.4150e+03 2.5180e+03 2.5680e+03 2.6010e+03
  2.6400e+03 2.6470e+03 2.6910e+03 2.7440e+03 2.7640e+03 3.0150e+03
  3.0640e+03 3.2360e+03]
 [5.4000e+01 7.7800e+02 8.4400e+02 9.5800e+02 1.5740e+03 1.5930e+03
  1.8030e+03 1.8350e+03 2.0900e+03 2.1380e+03 2.1840e+03 2.2810e+03
  2.2850e+03 2.3820e+03 2.4770e+03 2.5670e+03 2.5690e+03 2.6380e+03
  2.7330e+03 2.8010e+03]
 [6.3000e+01 1.1600e+02 1.7300e+02 3.7000e+02 1.4150e+03 1.9060e+03
  1.9940e+03 2.0800e+03 2.1090e+03 2.1480e+03 2.2880e+03 2.3530e+03
  2.3660e+03 2.4580e+03 2.4860e+03 2.9250e+03 3.0240e+03 3.0830e+03
  3.0990e+03 3.1300e+03]
 [9.3100e+02 1.0240e+03 1.0480e+03 1.1130e+03 1.2330e+03 1.4740e+03
  1.5730e+03 1.6610e+03 1.6760e+03 1.7210e+03 1.7810e+03 1.8190e+03
  1.8630e+03 2.0540e+03 2.0760e+03 2.1710e+03 2.1980e+03 2.2810e+03
  2.6330e+03 2.7330e+03]
 [2.0900e+02 2.2400e+02 7.7100e+02 1.0990e+03 1.5980e+03 1.7300e+03
  1.8910e+03 1.9190e+03 1.9440e+03 2.0170e+03 2.0740e+03 2.1000e+03
  2.1380e+03 2.1800e+03 2.1990e+03 2.2740e+03 2.2800e+03 2.3660e+03
  2.4120e+03 2.4960e+03]
 [4.0000e+00 6.9000e+01 1.8300e+02 3.0300e+02 3.1600e+02 4.9900e+02
  5.4400e+02 5.5000e+02 7.1500e+02 9.3200e+02 1.0260e+03 1.7940e+03
  1.9640e+03 2.0330e+03 2.0760e+03 2.1380e+03 2.1440e+03 2.1590e+03
  2.2140e+03 2.2760e+03]
 [6.1000e+01 1.1800e+02 2.8300e+02 5.2900e+02 6.0900e+02 7.6000e+02
  1.1080e+03 1.1980e+03 1.2910e+03 1.6260e+03 1.7240e+03 1.8180e+03
  1.9100e+03 1.9940e+03 2.0100e+03 2.0340e+03 2.1010e+03 2.1480e+03
  2.1950e+03 2.2740e+03]
 [1.1600e+02 1.7900e+02 3.2700e+02 4.1400e+02 4.5200e+02 4.8400e+02
  5.7100e+02 6.1200e+02 6.4500e+02 6.7000e+02 7.1000e+02 8.0700e+02
  8.9100e+02 9.2700e+02 1.2630e+03 1.3400e+03 1.3560e+03 1.4080e+03
  1.6160e+03 1.7280e+03]
 [7.4000e+02 8.3100e+02 9.3300e+02 9.7000e+02 1.0240e+03 1.0630e+03
  1.1130e+03 1.1510e+03 1.2300e+03 1.4000e+03 1.5180e+03 1.5760e+03
  1.6530e+03 1.6960e+03 1.7940e+03 1.8460e+03 1.9190e+03 1.9640e+03
  2.0090e+03 2.0930e+03]
 [1.2600e+02 9.2300e+02 9.3200e+02 1.1060e+03 1.1760e+03 1.2710e+03
  1.3040e+03 1.3180e+03 1.4010e+03 1.4350e+03 1.5330e+03 1.5380e+03
  1.6370e+03 1.7690e+03 1.8630e+03 1.9060e+03 1.9420e+03 1.9680e+03
  1.9790e+03 2.0070e+03]
 [0.0000e+00 3.2700e+02 3.8500e+02 4.1500e+02 8.6300e+02 9.0500e+02
  9.3200e+02 1.0130e+03 1.0570e+03 1.0770e+03 1.1780e+03 1.2600e+03
  1.3110e+03 1.3890e+03 1.4090e+03 1.4280e+03 1.4640e+03 1.5060e+03
  1.5890e+03 1.6740e+03]
 [6.8000e+01 1.0900e+02 1.8500e+02 2.6600e+02 2.8300e+02 3.0900e+02
  3.8900e+02 4.3000e+02 4.5900e+02 8.9100e+02 9.0500e+02 9.3300e+02
  9.5800e+02 1.0160e+03 1.0400e+03 1.0990e+03 1.2740e+03 1.2910e+03
  1.4650e+03 1.4950e+03]
 [0.0000e+00 3.0000e+01 3.3000e+01 6.1000e+01 2.0100e+02 2.8800e+02
  3.1600e+02 3.4600e+02 4.1500e+02 4.3500e+02 5.2900e+02 6.2600e+02
  7.1700e+02 7.4000e+02 7.5600e+02 8.5700e+02 9.0400e+02 1.4240e+03
  1.4910e+03 1.5060e+03]]
