optimal_status: 0
solution: 15116.0
cpu_time: 3602.1341412067413
gap: 0.9114845197142101
upper_bound: 1338.0000000000005
lower_bound: 15116.0
cg_matrix: [[0. 0. 1. 0. 0. 1. 1. 0. 0. 1. 1. 1. 1. 0. 1. 0. 1. 0. 1. 1. 0. 0. 1. 0.
  0. 1. 1. 1. 1. 0.]
 [0. 0. 1. 1. 0. 0. 0. 1. 0. 0. 1. 0. 0. 0. 0. 1. 0. 1. 0. 0. 1. 1. 0. 1.
  0. 1. 1. 1. 1. 1.]
 [1. 1. 0. 1. 1. 1. 1. 0. 0. 0. 0. 0. 1. 0. 0. 0. 1. 0. 0. 1. 0. 1. 0. 1.
  1. 0. 0. 1. 1. 0.]
 [0. 1. 1. 0. 1. 1. 0. 1. 1. 0. 0. 1. 0. 1. 1. 0. 0. 1. 1. 1. 0. 0. 0. 1.
  0. 0. 1. 0. 0. 0.]
 [0. 0. 1. 1. 0. 0. 0. 0. 1. 1. 1. 0. 1. 0. 0. 0. 0. 0. 0. 1. 0. 1. 1. 1.
  0. 0. 0. 0. 0. 1.]
 [1. 0. 1. 1. 0. 0. 0. 1. 0. 1. 1. 1. 1. 1. 1. 0. 1. 0. 0. 1. 1. 0. 1. 0.
  0. 0. 1. 0. 1. 1.]
 [1. 0. 1. 0. 0. 0. 0. 1. 0. 0. 1. 1. 0. 0. 1. 1. 1. 0. 1. 1. 1. 1. 0. 1.
  0. 1. 1. 0. 0. 1.]
 [0. 1. 0. 1. 0. 1. 1. 0. 1. 1. 1. 1. 1. 0. 1. 1. 1. 1. 1. 0. 0. 0. 1. 1.
  0. 0. 0. 1. 1. 0.]
 [0. 0. 0. 1. 1. 0. 0. 1. 0. 1. 0. 1. 1. 1. 0. 1. 1. 0. 0. 0. 0. 1. 0. 0.
  1. 1. 0. 1. 0. 1.]
 [1. 0. 0. 0. 1. 1. 0. 1. 1. 0. 0. 0. 0. 0. 0. 0. 0. 1. 1. 0. 1. 1. 1. 1.
  1. 0. 0. 0. 0. 0.]
 [1. 1. 0. 0. 1. 1. 1. 1. 0. 0. 0. 0. 1. 1. 1. 0. 0. 1. 0. 0. 0. 1. 0. 0.
  0. 0. 1. 1. 0. 0.]
 [1. 0. 0. 1. 0. 1. 1. 1. 1. 0. 0. 0. 0. 1. 1. 0. 0. 0. 0. 1. 1. 1. 0. 1.
  0. 0. 1. 0. 0. 0.]
 [1. 0. 1. 0. 1. 1. 0. 1. 1. 0. 1. 0. 0. 1. 1. 0. 1. 1. 0. 0. 0. 1. 0. 0.
  0. 0. 0. 1. 0. 1.]
 [0. 0. 0. 1. 0. 1. 0. 0. 1. 0. 1. 1. 1. 0. 1. 0. 1. 1. 1. 0. 1. 1. 1. 0.
  1. 1. 1. 1. 1. 1.]
 [1. 0. 0. 1. 0. 1. 1. 1. 0. 0. 1. 1. 1. 1. 0. 0. 1. 0. 0. 0. 0. 0. 1. 0.
  0. 0. 1. 1. 1. 0.]
 [0. 1. 0. 0. 0. 0. 1. 1. 1. 0. 0. 0. 0. 0. 0. 0. 1. 0. 1. 0. 1. 0. 1. 1.
  1. 1. 0. 1. 1. 1.]
 [1. 0. 1. 0. 0. 1. 1. 1. 1. 0. 0. 0. 1. 1. 1. 1. 0. 0. 1. 1. 0. 1. 1. 1.
  1. 0. 1. 0. 0. 1.]
 [0. 1. 0. 1. 0. 0. 0. 1. 0. 1. 1. 0. 1. 1. 0. 0. 0. 0. 0. 0. 1. 1. 1. 1.
  1. 1. 1. 0. 1. 0.]
 [1. 0. 0. 1. 0. 0. 1. 1. 0. 1. 0. 0. 0. 1. 0. 1. 1. 0. 0. 1. 0. 1. 0. 0.
  0. 0. 0. 1. 0. 0.]
 [1. 0. 1. 1. 1. 1. 1. 0. 0. 0. 0. 1. 0. 0. 0. 0. 1. 0. 1. 0. 1. 1. 1. 1.
  0. 0. 0. 1. 1. 1.]
 [0. 1. 0. 0. 0. 1. 1. 0. 0. 1. 0. 1. 0. 1. 0. 1. 0. 1. 0. 1. 0. 0. 0. 0.
  0. 0. 0. 0. 0. 0.]
 [0. 1. 1. 0. 1. 0. 1. 0. 1. 1. 1. 1. 1. 1. 0. 0. 1. 1. 1. 1. 0. 0. 0. 0.
  0. 0. 0. 0. 0. 0.]
 [1. 0. 0. 0. 1. 1. 0. 1. 0. 1. 0. 0. 0. 1. 1. 1. 1. 1. 0. 1. 0. 0. 0. 0.
  0. 0. 0. 0. 0. 0.]
 [0. 1. 1. 1. 1. 0. 1. 1. 0. 1. 0. 1. 0. 0. 0. 1. 1. 1. 0. 1. 0. 0. 0. 0.
  0. 0. 0. 0. 0. 0.]
 [0. 0. 1. 0. 0. 0. 0. 0. 1. 1. 0. 0. 0. 1. 0. 1. 1. 1. 0. 0. 0. 0. 0. 0.
  0. 0. 0. 0. 0. 0.]
 [1. 1. 0. 0. 0. 0. 1. 0. 1. 0. 0. 0. 0. 1. 0. 1. 0. 1. 0. 0. 0. 0. 0. 0.
  0. 0. 0. 0. 0. 0.]
 [1. 1. 0. 1. 0. 1. 1. 0. 0. 0. 1. 1. 0. 1. 1. 0. 1. 1. 0. 0. 0. 0. 0. 0.
  0. 0. 0. 0. 0. 0.]
 [1. 1. 1. 0. 0. 0. 0. 1. 1. 0. 1. 0. 1. 1. 1. 1. 0. 0. 1. 1. 0. 0. 0. 0.
  0. 0. 0. 0. 0. 0.]
 [1. 1. 1. 0. 0. 1. 0. 1. 0. 0. 0. 0. 0. 1. 1. 1. 0. 1. 0. 1. 0. 0. 0. 0.
  0. 0. 0. 0. 0. 0.]
 [0. 1. 0. 0. 1. 1. 1. 0. 1. 0. 0. 0. 1. 1. 0. 1. 1. 0. 0. 1. 0. 0. 0. 0.
  0. 0. 0. 0. 0. 0.]]
start_times_array: [[ 3663.          4275.          4532.         14108.99999848
  14121.99999848 14182.99999848 14238.99999848 14366.
  14443.         14483.         14506.         14593.
  14689.         14784.         14835.         14933.
  14977.         14987.         15044.         15088.        ]
 [ 1840.         14019.         14093.         14106.
  14154.         14161.         14248.         14260.
  14283.         14366.         14450.62694301 14476.99999848
  14537.99999848 14553.99999848 14613.99999848 14692.99999848
  14744.99999848 14828.99999848 14921.99999848 14994.99999848]
 [  716.         13140.         13141.         13213.
  13249.         13315.         13380.         13442.
  13540.         13562.         13627.         13653.
  13742.         13754.         13806.         13879.
  13931.         13959.         14056.         14067.        ]
 [  495.           561.          1075.          1140.
   1330.          1597.          2639.          3110.
   3517.          5325.          5501.         12512.
  12591.         12683.         12724.         12821.
  12866.         12950.         13039.         13103.        ]
 [ 2098.          4677.          4766.          4782.
   5055.         10530.99999849 10936.9999985  11016.9999985
  11911.         11972.         12018.         12054.
  12122.         12145.         12158.         12209.
  12234.         12310.         12356.         12454.        ]
 [ 1202.          1237.          1255.          1885.
   2731.          3587.          4484.         11354.
  11625.99999697 11683.99999697 11754.99999848 11780.99999848
  11797.99999697 11859.99999848 11896.99999848 11988.99999848
  11997.99999848 12060.99999848 12098.         12212.6756017 ]
 [11186.         11341.         11351.         11413.
  11421.         11471.         11490.         11543.
  11612.         11679.         11687.         11697.
  11719.         11759.         11844.         11888.
  11910.         11963.         12958.         13055.        ]
 [  911.          3737.         10306.         10381.
  10474.         10546.         10585.         10632.
  10671.         10686.         10687.         10751.
  10817.         10879.         10947.         10990.
  11053.         11149.         11242.         11306.        ]
 [ 1801.          3586.          3685.          3825.
   9398.          9431.          9460.          9506.
   9587.          9598.          9686.          9744.
   9814.          9913.         10009.         10099.
  10145.         10214.         10470.         10834.        ]
 [ 7442.          7516.          7594.          7673.
   7717.          7719.          7872.99999849  8250.
   8609.          8661.          8751.          8922.
   9013.          9064.          9144.          9170.
   9217.          9308.          9335.          9337.        ]
 [ 1978.          8306.          8352.          8482.
   8524.          8596.          8640.          8661.
   8706.          8797.          8820.          8896.
   8914.          8986.          9064.          9084.
   9128.          9180.          9232.99999848  9342.9999985 ]
 [ 7711.          7822.          7885.          7967.
   8004.          8007.          8060.          8149.
   8180.          8243.          8249.          8347.
   8539.          8562.          8600.          8760.
   8851.          8911.          8966.          9062.99999697]
 [ 1344.          1418.          1746.          2037.
   2298.          2385.          2410.          3704.
   7711.          7822.          7887.          7946.
   8037.          8128.          8144.          8174.
   8236.          8433.          8447.          8577.        ]
 [ 2255.          3312.          6839.          6995.
   7036.          7048.          7147.          7271.
   7314.          7328.          7419.          7469.
   7547.          7548.          7550.          7554.
   7634.          7648.          7753.          7808.        ]
 [  755.           841.          1609.          1665.
   2089.          2141.          3452.          4630.
   6446.          6479.          6548.          6571.
   6639.          6684.          6703.          6741.
   6776.          6797.          6909.          7173.        ]
 [  993.          3634.          6475.          6580.
   6585.          6641.          6731.          6781.
   6822.          6856.          6949.          7010.
   7077.          7137.          7168.          7201.
   7242.          7327.          7385.          8529.        ]
 [ 1062.          1087.          1327.          1515.
   3459.          3526.          5749.          5820.
   5848.          5918.          6015.          6071.
   6100.          6156.          6197.          6254.
   6324.          6350.          6400.          6402.        ]
 [ 1048.          3825.          4114.          4199.
   4216.          4324.          4410.          4576.
   4619.          5419.          5566.          5624.
   5683.          5721.          5875.          5882.
   5931.          6019.          6075.          6155.        ]
 [  181.           665.          4340.          4473.
   4624.          4704.          4748.          4774.
   4818.          4904.          4935.          5007.
   5036.          5104.          5133.          5182.
   5205.          5264.          5602.          5672.        ]
 [ 2061.          2158.          3639.          3701.
   3789.          3807.          3840.          3882.
   3886.          3893.          3962.          4030.
   4069.          4156.          4217.          4259.
   4430.          5412.          5495.          5566.        ]
 [  107.           415.          2286.          2584.
   2682.          2862.          2958.          3026.
   3107.          3117.          3175.          3196.
   3286.          3335.          3371.          3462.
   3514.          3523.          3572.          4807.99999849]
 [ 2495.          2506.          2584.          2643.
   2690.          2701.          2725.          2780.
   2867.          2895.          2897.          2920.
   2958.          3029.          3098.          3195.
   3269.          3335.          3392.          3436.        ]
 [   72.           192.           450.          1512.
   1881.          1971.          1984.          2271.
   2345.          2347.          2413.          2494.
   2554.          2592.          2830.          2897.
   2931.          4806.          4863.          5048.        ]
 [    0.            29.           140.           235.
    626.          1723.          1747.          1837.
   1921.          1978.          2203.          2281.
   2285.          2309.          2374.          2418.
   2439.          2761.99999849  2920.          3013.        ]
 [  159.           486.           529.           547.
    580.           671.          1498.          1754.
   1859.          1914.          1993.          2000.
   2152.          2447.          2531.          2645.7688772
   2677.7688772   2720.7688772   2782.7688772   3271.        ]
 [   21.            84.           401.           469.
   1179.          1219.          1270.          1273.
   1360.          1423.          1475.          1570.
   1626.          1771.          2095.99999849  3704.
   3743.          3749.          4498.          4774.99999697]
 [    0.            68.           229.           325.
    331.           361.           422.           499.
    588.           659.           873.           896.
    967.           987.           998.          1423.
   2155.          2830.          3070.99999849  3755.        ]
 [    0.            98.           242.           331.
    395.           456.           483.           562.
    587.           875.          1026.          1078.
   1119.          1140.          1226.          1503.
   2682.          2832.          5332.          5502.        ]
 [    0.            88.           166.           198.
    212.           260.           278.           288.
    325.           374.           467.           561.
    656.           693.          1327.          2565.
   2904.          2958.          4828.99999849  5526.        ]
 [    0.            21.            24.            56.
    107.           116.           192.           215.
    288.           341.           422.           496.
    588.           657.           713.           806.
    858.           941.           942.          2597.        ]]
