optimal_status: 0
solution: 12027.0
cpu_time: 3600.380239009857
gap: 0.9095368753637648
upper_bound: 1088.0
lower_bound: 12027.0
cg_matrix: [[0. 1. 1. 1. 1. 1. 0. 0. 1. 1. 1. 1. 1. 0. 1. 1. 1. 1. 1. 1. 1. 0. 0. 0.
  1. 1. 0. 1. 1. 0.]
 [1. 0. 1. 1. 1. 1. 1. 1. 1. 1. 0. 1. 1. 1. 1. 1. 1. 1. 1. 1. 0. 1. 1. 1.
  0. 1. 1. 1. 1. 1.]
 [1. 1. 0. 1. 1. 1. 1. 1. 0. 0. 1. 0. 1. 1. 1. 1. 1. 1. 1. 0. 1. 1. 1. 1.
  1. 1. 1. 0. 1. 1.]
 [1. 1. 1. 0. 1. 1. 1. 1. 1. 1. 1. 1. 1. 0. 0. 1. 1. 1. 0. 1. 0. 1. 1. 1.
  0. 1. 1. 1. 1. 1.]
 [1. 1. 1. 1. 0. 1. 0. 1. 1. 1. 1. 0. 1. 1. 1. 1. 1. 1. 0. 1. 1. 1. 1. 1.
  1. 1. 1. 0. 1. 1.]
 [1. 1. 1. 1. 1. 0. 1. 1. 1. 1. 1. 0. 1. 1. 1. 1. 1. 1. 0. 1. 1. 1. 1. 0.
  1. 0. 1. 1. 1. 0.]
 [0. 1. 1. 1. 0. 1. 0. 1. 1. 1. 1. 1. 1. 0. 1. 1. 1. 1. 1. 1. 1. 0. 1. 1.
  1. 1. 1. 1. 1. 1.]
 [0. 1. 1. 1. 1. 1. 1. 0. 1. 1. 1. 1. 1. 1. 1. 1. 1. 1. 0. 0. 1. 0. 1. 1.
  0. 1. 0. 1. 1. 1.]
 [1. 1. 0. 1. 1. 1. 1. 1. 0. 1. 1. 1. 1. 1. 0. 1. 1. 1. 1. 1. 1. 1. 1. 0.
  1. 1. 1. 0. 1. 0.]
 [1. 1. 0. 1. 1. 1. 1. 1. 1. 0. 1. 1. 1. 1. 1. 1. 0. 1. 1. 0. 0. 1. 0. 0.
  1. 0. 1. 1. 1. 0.]
 [1. 0. 1. 1. 1. 1. 1. 1. 1. 1. 0. 1. 1. 1. 1. 1. 0. 0. 1. 1. 1. 1. 1. 1.
  0. 1. 1. 0. 1. 1.]
 [1. 1. 0. 1. 0. 0. 1. 1. 1. 1. 1. 0. 1. 1. 1. 1. 1. 1. 0. 1. 1. 1. 1. 1.
  0. 1. 1. 1. 1. 1.]
 [1. 1. 1. 1. 1. 1. 1. 1. 1. 1. 1. 1. 0. 0. 1. 0. 1. 1. 1. 1. 1. 1. 1. 1.
  1. 1. 1. 0. 1. 1.]
 [0. 1. 1. 0. 1. 1. 0. 1. 1. 1. 1. 1. 0. 0. 1. 1. 1. 1. 1. 1. 1. 1. 1. 0.
  1. 1. 0. 1. 1. 1.]
 [1. 1. 1. 0. 1. 1. 1. 1. 0. 1. 1. 1. 1. 1. 0. 1. 1. 1. 1. 1. 1. 1. 1. 1.
  1. 1. 1. 1. 1. 1.]
 [1. 1. 1. 1. 1. 1. 1. 1. 1. 1. 1. 1. 0. 1. 1. 0. 0. 0. 0. 0. 0. 0. 0. 0.
  0. 0. 0. 0. 0. 0.]
 [1. 1. 1. 1. 1. 1. 1. 1. 1. 0. 0. 1. 1. 1. 1. 0. 0. 0. 0. 0. 0. 0. 0. 0.
  0. 0. 0. 0. 0. 0.]
 [1. 1. 1. 1. 1. 1. 1. 1. 1. 1. 0. 1. 1. 1. 1. 0. 0. 0. 0. 0. 0. 0. 0. 0.
  0. 0. 0. 0. 0. 0.]
 [1. 1. 1. 0. 0. 0. 1. 0. 1. 1. 1. 0. 1. 1. 1. 0. 0. 0. 0. 0. 0. 0. 0. 0.
  0. 0. 0. 0. 0. 0.]
 [1. 1. 0. 1. 1. 1. 1. 0. 1. 0. 1. 1. 1. 1. 1. 0. 0. 0. 0. 0. 0. 0. 0. 0.
  0. 0. 0. 0. 0. 0.]
 [1. 0. 1. 0. 1. 1. 1. 1. 1. 0. 1. 1. 1. 1. 1. 0. 0. 0. 0. 0. 0. 0. 0. 0.
  0. 0. 0. 0. 0. 0.]
 [0. 1. 1. 1. 1. 1. 0. 0. 1. 1. 1. 1. 1. 1. 1. 0. 0. 0. 0. 0. 0. 0. 0. 0.
  0. 0. 0. 0. 0. 0.]
 [0. 1. 1. 1. 1. 1. 1. 1. 1. 0. 1. 1. 1. 1. 1. 0. 0. 0. 0. 0. 0. 0. 0. 0.
  0. 0. 0. 0. 0. 0.]
 [0. 1. 1. 1. 1. 0. 1. 1. 0. 0. 1. 1. 1. 0. 1. 0. 0. 0. 0. 0. 0. 0. 0. 0.
  0. 0. 0. 0. 0. 0.]
 [1. 0. 1. 0. 1. 1. 1. 0. 1. 1. 0. 0. 1. 1. 1. 0. 0. 0. 0. 0. 0. 0. 0. 0.
  0. 0. 0. 0. 0. 0.]
 [1. 1. 1. 1. 1. 0. 1. 1. 1. 0. 1. 1. 1. 1. 1. 0. 0. 0. 0. 0. 0. 0. 0. 0.
  0. 0. 0. 0. 0. 0.]
 [0. 1. 1. 1. 1. 1. 1. 0. 1. 1. 1. 1. 1. 0. 1. 0. 0. 0. 0. 0. 0. 0. 0. 0.
  0. 0. 0. 0. 0. 0.]
 [1. 1. 0. 1. 0. 1. 1. 1. 0. 1. 0. 1. 0. 1. 1. 0. 0. 0. 0. 0. 0. 0. 0. 0.
  0. 0. 0. 0. 0. 0.]
 [1. 1. 1. 1. 1. 1. 1. 1. 1. 1. 1. 1. 1. 1. 1. 0. 0. 0. 0. 0. 0. 0. 0. 0.
  0. 0. 0. 0. 0. 0.]
 [0. 1. 1. 1. 1. 0. 1. 1. 0. 0. 1. 1. 1. 1. 1. 0. 0. 0. 0. 0. 0. 0. 0. 0.
  0. 0. 0. 0. 0. 0.]]
start_times_array: [[1.0212e+04 1.0442e+04 1.0746e+04 1.0752e+04 1.0969e+04 1.1299e+04
  1.1433e+04 1.1517e+04 1.1674e+04 1.1704e+04 1.1757e+04 1.1796e+04
  1.1891e+04 1.1941e+04 1.1989e+04]
 [8.9100e+03 9.3640e+03 9.9150e+03 1.0154e+04 1.0348e+04 1.0868e+04
  1.0877e+04 1.0937e+04 1.1127e+04 1.1205e+04 1.1290e+04 1.1397e+04
  1.1627e+04 1.1649e+04 1.1791e+04]
 [8.5740e+03 9.2520e+03 9.7440e+03 9.8370e+03 9.9800e+03 1.0485e+04
  1.0556e+04 1.0605e+04 1.0693e+04 1.0733e+04 1.0851e+04 1.0992e+04
  1.1080e+04 1.1541e+04 1.1571e+04]
 [7.9610e+03 8.1420e+03 8.4310e+03 8.9980e+03 9.0820e+03 9.3140e+03
  9.5000e+03 9.5590e+03 9.6100e+03 9.6840e+03 1.0039e+04 1.0137e+04
  1.0170e+04 1.0317e+04 1.1186e+04]
 [7.0580e+03 8.0440e+03 8.0960e+03 8.1970e+03 8.2470e+03 8.2480e+03
  8.4120e+03 8.5100e+03 8.7220e+03 8.7860e+03 9.3880e+03 9.4630e+03
  9.4910e+03 9.5730e+03 1.0311e+04]
 [5.9330e+03 7.5580e+03 7.8360e+03 7.9210e+03 8.0210e+03 8.1580e+03
  8.2670e+03 8.3660e+03 8.4140e+03 8.6280e+03 8.8370e+03 8.8430e+03
  8.9290e+03 9.1660e+03 9.3560e+03]
 [5.4040e+03 5.6770e+03 6.3700e+03 6.3920e+03 6.4280e+03 6.8120e+03
  7.0500e+03 7.3440e+03 7.4930e+03 7.5370e+03 8.0650e+03 8.1970e+03
  8.5100e+03 8.7220e+03 8.7680e+03]
 [5.4340e+03 6.2120e+03 6.6940e+03 6.8870e+03 6.9130e+03 7.1070e+03
  7.1960e+03 7.2780e+03 7.3930e+03 7.4300e+03 7.6400e+03 7.7110e+03
  7.7280e+03 7.7860e+03 7.7900e+03]
 [4.7570e+03 5.2190e+03 5.3390e+03 5.5770e+03 5.5940e+03 5.6210e+03
  5.7560e+03 5.9280e+03 6.0850e+03 6.1570e+03 6.4590e+03 6.5490e+03
  6.5950e+03 6.6380e+03 7.6230e+03]
 [3.6440e+03 4.1420e+03 4.4680e+03 5.1480e+03 5.2910e+03 5.3810e+03
  5.4140e+03 5.4870e+03 5.8340e+03 5.9920e+03 6.0790e+03 6.1760e+03
  6.2860e+03 6.7870e+03 6.9670e+03]
 [2.8490e+03 3.6620e+03 3.7230e+03 4.0250e+03 4.2210e+03 4.2360e+03
  4.4190e+03 4.5610e+03 4.5870e+03 4.6810e+03 4.7350e+03 4.9300e+03
  4.9880e+03 5.0940e+03 5.6840e+03]
 [2.3530e+03 2.9010e+03 2.9740e+03 3.0560e+03 3.6290e+03 3.7680e+03
  3.8220e+03 3.8740e+03 4.0850e+03 4.1210e+03 4.3100e+03 4.3780e+03
  4.7360e+03 4.8330e+03 5.0440e+03]
 [1.6450e+03 2.0180e+03 2.4650e+03 2.7300e+03 2.7630e+03 3.1400e+03
  3.1660e+03 3.1800e+03 3.2550e+03 3.3470e+03 3.4940e+03 3.5490e+03
  3.9260e+03 3.9650e+03 4.3550e+03]
 [1.6450e+03 1.7320e+03 1.8090e+03 2.0890e+03 2.4260e+03 2.4590e+03
  2.7220e+03 2.7460e+03 3.1400e+03 3.2370e+03 3.3260e+03 3.4940e+03
  3.5760e+03 3.9260e+03 4.3550e+03]
 [1.3650e+03 1.6130e+03 1.7790e+03 1.8670e+03 1.9600e+03 2.1230e+03
  2.1510e+03 2.2390e+03 2.2550e+03 2.4550e+03 2.5420e+03 2.6240e+03
  2.7940e+03 2.8200e+03 3.4170e+03]
 [0.0000e+00 2.5300e+02 5.7000e+02 6.5300e+02 7.1200e+02 7.1500e+02
  1.0170e+03 1.0510e+03 1.1070e+03 1.1310e+03 1.4940e+03 1.5600e+03
  2.0180e+03 2.0480e+03 2.4160e+03]
 [0.0000e+00 5.1000e+01 7.7000e+01 1.4600e+02 1.6400e+02 4.0000e+02
  4.3900e+02 4.6200e+02 6.5700e+02 9.5700e+02 1.0130e+03 1.3100e+03
  1.3180e+03 1.4000e+03 1.5570e+03]
 [1.2000e+01 1.8000e+01 9.9000e+01 3.0200e+02 4.6300e+02 7.2800e+02
  7.7300e+02 8.5300e+02 8.5600e+02 9.5900e+02 1.1970e+03 1.3050e+03
  1.4000e+03 1.5230e+03 1.5370e+03]
 [0.0000e+00 3.6000e+02 4.5100e+02 5.3800e+02 8.9900e+02 9.9800e+02
  1.0460e+03 1.0790e+03 1.1310e+03 1.2240e+03 1.3110e+03 1.4040e+03
  1.4360e+03 1.4440e+03 1.4600e+03]
 [2.0000e+00 9.8000e+01 2.8700e+02 3.6200e+02 5.5700e+02 6.0200e+02
  6.5300e+02 6.6300e+02 8.3500e+02 9.0600e+02 1.0540e+03 1.0770e+03
  1.1490e+03 1.3380e+03 1.4000e+03]
 [1.6400e+02 2.4800e+02 3.3000e+02 3.4600e+02 5.1400e+02 5.5700e+02
  6.8800e+02 7.1600e+02 7.3100e+02 1.1210e+03 1.2140e+03 1.2360e+03
  1.2370e+03 1.2990e+03 1.3080e+03]
 [3.1000e+01 9.8000e+01 1.2700e+02 2.3100e+02 2.4300e+02 4.8100e+02
  4.9900e+02 5.7800e+02 6.5100e+02 7.1600e+02 7.1700e+02 7.7500e+02
  9.5900e+02 1.0540e+03 1.1310e+03]
 [9.2000e+01 1.0200e+02 1.4100e+02 2.3100e+02 4.9900e+02 6.1700e+02
  6.9200e+02 7.8200e+02 8.1900e+02 9.0800e+02 1.0370e+03 1.1910e+03
  1.2830e+03 1.3460e+03 1.5370e+03]
 [1.8300e+02 3.1100e+02 3.7400e+02 4.4200e+02 5.6700e+02 6.5300e+02
  8.1000e+02 8.4800e+02 8.5500e+02 9.0800e+02 1.0470e+03 1.1380e+03
  1.2770e+03 1.4000e+03 1.4290e+03]
 [0.0000e+00 1.9000e+02 3.7400e+02 4.3900e+02 4.9900e+02 6.2400e+02
  6.5300e+02 7.0200e+02 7.9400e+02 8.7200e+02 9.5700e+02 1.0520e+03
  1.2140e+03 1.3180e+03 1.4440e+03]
 [1.2000e+01 8.1000e+01 8.7000e+01 1.4600e+02 4.1500e+02 4.4900e+02
  4.8100e+02 5.2300e+02 6.1800e+02 6.5300e+02 7.4100e+02 7.9400e+02
  8.6300e+02 9.5600e+02 1.0120e+03]
 [0.0000e+00 9.8000e+01 1.9700e+02 2.4800e+02 3.1500e+02 3.3900e+02
  4.6400e+02 5.2300e+02 6.5300e+02 8.5500e+02 9.5300e+02 1.1000e+03
  1.1310e+03 1.1620e+03 1.2280e+03]
 [8.7000e+01 1.4600e+02 2.1400e+02 2.1700e+02 2.2500e+02 2.2700e+02
  2.3600e+02 4.4900e+02 5.3000e+02 6.0200e+02 7.7500e+02 8.4400e+02
  9.5900e+02 1.1620e+03 1.2210e+03]
 [0.0000e+00 1.6900e+02 1.9000e+02 2.5700e+02 3.3000e+02 5.5700e+02
  6.3600e+02 6.8800e+02 7.1200e+02 7.7300e+02 8.7400e+02 9.5600e+02
  1.1370e+03 1.2830e+03 1.4630e+03]
 [1.1400e+02 3.4500e+02 4.4400e+02 5.3800e+02 6.1800e+02 6.7700e+02
  7.3300e+02 7.4100e+02 8.8500e+02 8.9600e+02 8.9900e+02 1.0270e+03
  1.1000e+03 1.1260e+03 1.2990e+03]]
