optimal_status: 0
solution: 4486.0
cpu_time: 3600.2154998779297
gap: 0.6865617719104151
upper_bound: 1406.083891209878
lower_bound: 4486.0
cg_matrix: [[0. 0. 1. 0. 0. 0. 0. 0. 0. 0. 0. 1. 1. 1. 1. 0. 0. 0. 0. 1.]
 [0. 0. 0. 1. 0. 0. 0. 0. 0. 0. 0. 0. 1. 1. 1. 0. 0. 0. 0. 0.]
 [1. 0. 0. 0. 0. 0. 0. 1. 0. 0. 0. 1. 0. 0. 0. 1. 0. 0. 0. 1.]
 [0. 1. 0. 0. 0. 0. 0. 0. 0. 0. 1. 0. 1. 1. 0. 0. 1. 0. 1. 0.]
 [0. 0. 0. 0. 0. 0. 0. 0. 0. 0. 0. 0. 0. 0. 0. 1. 0. 0. 0. 0.]
 [0. 0. 0. 0. 0. 0. 0. 0. 1. 0. 0. 0. 1. 0. 0. 0. 0. 0. 0. 0.]
 [0. 0. 0. 0. 0. 0. 0. 1. 0. 0. 0. 0. 0. 1. 0. 0. 0. 0. 0. 0.]
 [0. 0. 1. 0. 0. 0. 1. 0. 1. 1. 0. 0. 0. 0. 0. 0. 0. 1. 0. 0.]
 [0. 0. 0. 0. 0. 1. 0. 1. 0. 0. 0. 1. 1. 0. 0. 0. 0. 1. 0. 0.]
 [0. 0. 0. 0. 0. 0. 0. 1. 0. 0. 0. 0. 0. 1. 0. 0. 0. 0. 0. 1.]
 [0. 0. 0. 1. 0. 0. 0. 0. 0. 0. 0. 0. 0. 0. 1. 1. 0. 0. 0. 0.]
 [1. 0. 1. 0. 0. 0. 0. 0. 1. 0. 0. 0. 0. 0. 0. 0. 0. 0. 0. 1.]
 [1. 1. 0. 1. 0. 1. 0. 0. 1. 0. 0. 0. 0. 0. 0. 0. 0. 0. 1. 0.]
 [1. 1. 0. 1. 0. 0. 1. 0. 0. 1. 0. 0. 0. 0. 0. 1. 1. 0. 0. 0.]
 [1. 1. 0. 0. 0. 0. 0. 0. 0. 0. 1. 0. 0. 0. 0. 0. 0. 0. 0. 0.]
 [0. 0. 1. 0. 1. 0. 0. 0. 0. 0. 1. 0. 0. 1. 0. 0. 0. 0. 1. 0.]
 [0. 0. 0. 1. 0. 0. 0. 0. 0. 0. 0. 0. 0. 1. 0. 0. 0. 0. 0. 0.]
 [0. 0. 0. 0. 0. 0. 0. 1. 1. 0. 0. 0. 0. 0. 0. 0. 0. 0. 0. 0.]
 [0. 0. 0. 1. 0. 0. 0. 0. 0. 0. 0. 0. 1. 0. 0. 1. 0. 0. 0. 0.]
 [1. 0. 1. 0. 0. 0. 0. 0. 0. 1. 0. 1. 0. 0. 0. 0. 0. 0. 0. 0.]]
start_times_array: [[   0.          206.          249.          433.         1114.
  1248.         1318.         1339.         1800.         2043.
  2190.         2349.         2491.         2738.         3064.
  3243.         3280.         3624.         3718.         4059.        ]
 [ 202.          485.          688.          778.          929.
  1063.         1070.         1209.         1237.         1461.
  1815.         2716.         2880.         3080.         3308.
  3529.         3880.         4057.         4128.         4278.        ]
 [ 981.         1071.         1121.         1400.         1471.
  1636.         1743.         1770.         2009.         2081.
  2180.         2447.         2965.         3442.         3876.
  4158.         4256.         4300.         4307.         4427.        ]
 [ 166.          282.          401.         1044.         1125.
  1250.         1304.         1307.         1855.         1970.
  1979.         1988.         2243.         2363.         2367.
  2442.         2525.         2985.         3618.00004755 3684.00004755]
 [   0.          352.          403.          475.          682.
   946.         1105.         1156.         1510.         2992.
  3073.         3164.         3213.         3372.         3431.
  3435.         3456.         3534.         4055.         4291.        ]
 [   0.          109.          267.          377.          829.
   937.         1139.         1227.         1347.         1350.
  1633.         1770.         1780.         2233.         2361.
  3141.         3232.         3314.         3718.         4160.        ]
 [ 532.          791.          946.         1150.         1267.
  1377.         1934.         2001.         2100.         2240.
  2333.         2337.         2368.         2529.         3456.
  3601.         3698.         4074.         4172.         4202.        ]
 [  90.          203.          326.          336.          352.
   552.          614.          623.          661.          829.
   848.         1200.         1548.         1606.         1879.
  2665.         3142.         3257.         3326.         4034.        ]
 [ 250.         1029.         1243.         1268.         1406.
  1468.         1496.         1713.         1718.         1825.
  2007.         2519.         2720.         2743.         3049.
  3791.         3861.         3951.         4109.         4256.        ]
 [   0.          250.          451.          485.          756.
  1071.         1235.         1293.         1361.         1808.
  2208.         2434.         2873.         2931.         3064.
  3521.         3614.         3884.         4091.         4296.        ]
 [  59.          449.          547.          713.          725.
  1209.         1555.         1591.         1657.         1720.
  1757.         2098.         2148.         2238.         2346.
  2445.         2655.         2973.         3239.         3868.00004755]
 [ 532.          617.          709.          799.         1224.
  1341.         2255.         2582.         2821.         2896.
  2956.         3237.         3369.         3412.         3536.
  3762.         3781.         3983.         4340.         4398.        ]
 [  86.          601.         1583.         1894.         2100.
  2126.         2154.         2311.         2430.         2459.
  2620.         2642.         2801.         2853.         2866.
  2924.         3395.         3442.         3984.         4422.        ]
 [  86.          334.          551.          596.          861.
  1506.         1572.         1632.         1669.         1729.
  2608.         2789.         3145.         3397.         3785.
  3952.         3990.         4160.         4369.         4464.        ]
 [  86.          326.          422.          567.          592.
   870.         1018.         1406.         2261.         2690.
  2789.         2977.         3034.         3207.         3762.
  3950.         4008.         4019.         4038.         4196.        ]
 [ 166.          247.         1315.         1806.         1851.
  1914.         2417.         2560.         2706.         2733.
  2850.         3290.         3536.         3568.         3667.
  3708.         3722.         3724.         4135.         4340.        ]
 [   0.           47.          461.          688.          770.
   838.         1059.         1404.         1780.         2079.
  2175.         2303.         2479.         2564.         2599.
  2649.         2850.         3064.         3143.         4172.        ]
 [   0.          115.          167.          177.          267.
   435.          748.          778.          811.          946.
  1127.         1202.         1309.         1918.         2100.
  2179.         2226.         2305.         2349.         2582.        ]
 [   0.          109.          334.          485.          546.00004755
   566.          688.          816.          890.          946.
  1048.         1100.         1404.         1714.         3064.
  3145.         3800.         3891.         4183.         4219.        ]
 [  86.          114.          203.          315.          390.
   894.         1158.         1535.         1602.         1724.
  1888.         1918.         2529.         2657.         2943.
  3163.         3178.         3352.         3791.         3972.        ]]
