optimal_status: 0
solution: 30321.0
cpu_time: 3600.164566040039
gap: 0.9546325469286678
upper_bound: 1375.5865445758611
lower_bound: 30321.0
cg_matrix: [[0. 1. 1. 1. 1. 1. 1. 1. 1. 0. 1. 1. 1. 1. 1. 1. 0. 1. 1. 1. 0. 0. 1. 1.
  0. 1. 0. 0. 1. 1. 1. 1. 1. 1. 0. 1. 0. 1. 0. 1. 1. 1. 0. 0. 0. 1. 1. 1.
  1. 1.]
 [1. 0. 0. 1. 1. 1. 0. 1. 1. 1. 0. 1. 1. 0. 1. 1. 1. 1. 1. 1. 1. 1. 1. 1.
  0. 1. 1. 1. 1. 0. 1. 0. 1. 1. 1. 1. 1. 1. 1. 1. 1. 1. 1. 1. 0. 1. 1. 1.
  1. 1.]
 [1. 0. 0. 1. 1. 1. 1. 1. 1. 1. 1. 1. 0. 1. 0. 1. 0. 1. 1. 1. 0. 1. 1. 1.
  1. 0. 1. 1. 1. 1. 0. 1. 1. 1. 1. 1. 1. 0. 1. 1. 1. 1. 1. 1. 1. 1. 1. 1.
  1. 1.]
 [1. 1. 1. 0. 1. 1. 1. 0. 1. 1. 1. 1. 1. 1. 1. 0. 0. 1. 1. 1. 1. 0. 1. 1.
  1. 0. 0. 1. 1. 1. 1. 1. 1. 1. 1. 1. 1. 0. 0. 0. 0. 1. 1. 0. 1. 1. 0. 0.
  1. 1.]
 [1. 1. 1. 1. 0. 1. 1. 0. 1. 1. 0. 0. 1. 1. 0. 1. 1. 1. 1. 1. 1. 0. 1. 0.
  1. 0. 1. 1. 1. 1. 1. 1. 0. 1. 1. 1. 1. 1. 1. 0. 0. 1. 1. 0. 0. 1. 0. 1.
  0. 1.]
 [1. 1. 1. 1. 1. 0. 1. 0. 1. 0. 1. 1. 1. 1. 1. 0. 1. 0. 1. 1. 1. 1. 1. 1.
  0. 1. 1. 1. 1. 1. 1. 1. 1. 1. 1. 1. 1. 1. 1. 1. 1. 0. 1. 1. 0. 1. 1. 0.
  1. 1.]
 [1. 0. 1. 1. 1. 1. 0. 0. 0. 1. 1. 1. 1. 0. 1. 1. 0. 0. 1. 1. 1. 1. 0. 1.
  1. 0. 1. 1. 1. 1. 0. 1. 1. 1. 0. 1. 1. 1. 1. 0. 1. 0. 0. 0. 1. 1. 1. 1.
  0. 1.]
 [1. 1. 1. 0. 0. 0. 0. 0. 1. 1. 0. 1. 0. 1. 1. 1. 1. 1. 1. 1. 1. 1. 1. 1.
  1. 1. 1. 1. 0. 1. 0. 1. 0. 1. 1. 1. 1. 0. 0. 1. 1. 1. 0. 1. 1. 1. 1. 0.
  0. 1.]
 [1. 1. 1. 1. 1. 1. 0. 1. 0. 1. 1. 1. 1. 1. 1. 1. 1. 1. 0. 0. 0. 1. 1. 1.
  1. 1. 1. 1. 0. 0. 1. 1. 1. 1. 1. 0. 1. 1. 1. 1. 0. 1. 1. 1. 1. 1. 1. 1.
  1. 1.]
 [0. 1. 1. 1. 1. 0. 1. 1. 1. 0. 0. 1. 1. 1. 1. 1. 1. 1. 1. 1. 1. 1. 1. 0.
  1. 0. 1. 1. 1. 1. 1. 1. 0. 1. 1. 1. 1. 1. 1. 1. 1. 1. 1. 1. 1. 1. 1. 0.
  1. 1.]
 [1. 0. 1. 1. 0. 1. 1. 0. 1. 0. 0. 0. 1. 1. 1. 1. 1. 1. 0. 1. 1. 1. 1. 1.
  1. 1. 1. 1. 1. 0. 1. 0. 1. 1. 1. 0. 0. 1. 1. 1. 1. 1. 0. 1. 1. 1. 1. 0.
  1. 1.]
 [1. 1. 1. 1. 0. 1. 1. 1. 1. 1. 0. 0. 1. 1. 1. 1. 1. 1. 1. 1. 1. 1. 0. 0.
  1. 1. 0. 1. 1. 1. 1. 1. 0. 1. 0. 1. 1. 1. 1. 0. 1. 1. 0. 1. 1. 1. 1. 1.
  1. 0.]
 [1. 1. 0. 1. 1. 1. 1. 0. 1. 1. 1. 1. 0. 1. 1. 0. 1. 1. 1. 1. 1. 1. 1. 1.
  1. 0. 1. 1. 1. 1. 1. 1. 1. 1. 1. 1. 1. 1. 1. 1. 1. 1. 1. 1. 1. 1. 0. 1.
  1. 1.]
 [1. 0. 1. 1. 1. 1. 0. 1. 1. 1. 1. 1. 1. 0. 0. 1. 1. 1. 1. 0. 1. 1. 1. 1.
  1. 1. 1. 1. 0. 1. 1. 0. 1. 0. 0. 1. 1. 0. 1. 1. 1. 1. 1. 1. 1. 1. 0. 0.
  1. 1.]
 [1. 1. 0. 1. 0. 1. 1. 1. 1. 1. 1. 1. 1. 0. 0. 1. 0. 0. 1. 1. 1. 1. 1. 1.
  1. 1. 1. 1. 1. 0. 1. 1. 1. 1. 1. 1. 0. 1. 1. 1. 1. 1. 1. 0. 0. 1. 1. 1.
  1. 1.]
 [1. 1. 1. 0. 1. 0. 1. 1. 1. 1. 1. 1. 0. 1. 1. 0. 1. 1. 1. 1. 0. 1. 0. 1.
  1. 0. 1. 1. 1. 0. 1. 1. 1. 0. 1. 1. 1. 1. 0. 1. 1. 0. 1. 1. 0. 1. 1. 1.
  1. 0.]
 [0. 1. 0. 0. 1. 1. 0. 1. 1. 1. 1. 1. 1. 1. 0. 1. 0. 1. 1. 1. 0. 1. 0. 1.
  1. 1. 1. 1. 1. 1. 1. 1. 1. 0. 1. 0. 0. 1. 0. 1. 1. 1. 1. 1. 1. 0. 1. 1.
  1. 0.]
 [1. 1. 1. 1. 1. 0. 0. 1. 1. 1. 1. 1. 1. 1. 0. 1. 1. 0. 0. 0. 1. 1. 0. 1.
  0. 1. 0. 1. 0. 0. 1. 1. 0. 1. 1. 1. 1. 1. 1. 1. 1. 1. 0. 1. 1. 1. 1. 1.
  1. 1.]
 [1. 1. 1. 1. 1. 1. 1. 1. 0. 1. 0. 1. 1. 1. 1. 1. 1. 0. 0. 1. 0. 1. 1. 1.
  1. 1. 1. 0. 1. 1. 0. 1. 1. 1. 1. 1. 1. 1. 1. 1. 1. 1. 0. 0. 1. 0. 1. 1.
  1. 1.]
 [1. 1. 1. 1. 1. 1. 1. 1. 0. 1. 1. 1. 1. 0. 1. 1. 1. 0. 1. 0. 1. 1. 1. 1.
  1. 1. 0. 1. 1. 1. 1. 1. 1. 1. 1. 0. 0. 1. 1. 1. 0. 1. 0. 1. 1. 1. 1. 1.
  1. 1.]
 [0. 1. 0. 1. 1. 1. 1. 1. 0. 1. 1. 1. 1. 1. 1. 0. 0. 1. 0. 1. 0. 0. 0. 0.
  0. 0. 0. 0. 0. 0. 0. 0. 0. 0. 0. 0. 0. 0. 0. 0. 0. 0. 0. 0. 0. 0. 0. 0.
  0. 0.]
 [0. 1. 1. 0. 0. 1. 1. 1. 1. 1. 1. 1. 1. 1. 1. 1. 1. 1. 1. 1. 0. 0. 0. 0.
  0. 0. 0. 0. 0. 0. 0. 0. 0. 0. 0. 0. 0. 0. 0. 0. 0. 0. 0. 0. 0. 0. 0. 0.
  0. 0.]
 [1. 1. 1. 1. 1. 1. 0. 1. 1. 1. 1. 0. 1. 1. 1. 0. 0. 0. 1. 1. 0. 0. 0. 0.
  0. 0. 0. 0. 0. 0. 0. 0. 0. 0. 0. 0. 0. 0. 0. 0. 0. 0. 0. 0. 0. 0. 0. 0.
  0. 0.]
 [1. 1. 1. 1. 0. 1. 1. 1. 1. 0. 1. 0. 1. 1. 1. 1. 1. 1. 1. 1. 0. 0. 0. 0.
  0. 0. 0. 0. 0. 0. 0. 0. 0. 0. 0. 0. 0. 0. 0. 0. 0. 0. 0. 0. 0. 0. 0. 0.
  0. 0.]
 [0. 0. 1. 1. 1. 0. 1. 1. 1. 1. 1. 1. 1. 1. 1. 1. 1. 0. 1. 1. 0. 0. 0. 0.
  0. 0. 0. 0. 0. 0. 0. 0. 0. 0. 0. 0. 0. 0. 0. 0. 0. 0. 0. 0. 0. 0. 0. 0.
  0. 0.]
 [1. 1. 0. 0. 0. 1. 0. 1. 1. 0. 1. 1. 0. 1. 1. 0. 1. 1. 1. 1. 0. 0. 0. 0.
  0. 0. 0. 0. 0. 0. 0. 0. 0. 0. 0. 0. 0. 0. 0. 0. 0. 0. 0. 0. 0. 0. 0. 0.
  0. 0.]
 [0. 1. 1. 0. 1. 1. 1. 1. 1. 1. 1. 0. 1. 1. 1. 1. 1. 0. 1. 0. 0. 0. 0. 0.
  0. 0. 0. 0. 0. 0. 0. 0. 0. 0. 0. 0. 0. 0. 0. 0. 0. 0. 0. 0. 0. 0. 0. 0.
  0. 0.]
 [0. 1. 1. 1. 1. 1. 1. 1. 1. 1. 1. 1. 1. 1. 1. 1. 1. 1. 0. 1. 0. 0. 0. 0.
  0. 0. 0. 0. 0. 0. 0. 0. 0. 0. 0. 0. 0. 0. 0. 0. 0. 0. 0. 0. 0. 0. 0. 0.
  0. 0.]
 [1. 1. 1. 1. 1. 1. 1. 0. 0. 1. 1. 1. 1. 0. 1. 1. 1. 0. 1. 1. 0. 0. 0. 0.
  0. 0. 0. 0. 0. 0. 0. 0. 0. 0. 0. 0. 0. 0. 0. 0. 0. 0. 0. 0. 0. 0. 0. 0.
  0. 0.]
 [1. 0. 1. 1. 1. 1. 1. 1. 0. 1. 0. 1. 1. 1. 0. 0. 1. 0. 1. 1. 0. 0. 0. 0.
  0. 0. 0. 0. 0. 0. 0. 0. 0. 0. 0. 0. 0. 0. 0. 0. 0. 0. 0. 0. 0. 0. 0. 0.
  0. 0.]
 [1. 1. 0. 1. 1. 1. 0. 0. 1. 1. 1. 1. 1. 1. 1. 1. 1. 1. 0. 1. 0. 0. 0. 0.
  0. 0. 0. 0. 0. 0. 0. 0. 0. 0. 0. 0. 0. 0. 0. 0. 0. 0. 0. 0. 0. 0. 0. 0.
  0. 0.]
 [1. 0. 1. 1. 1. 1. 1. 1. 1. 1. 0. 1. 1. 0. 1. 1. 1. 1. 1. 1. 0. 0. 0. 0.
  0. 0. 0. 0. 0. 0. 0. 0. 0. 0. 0. 0. 0. 0. 0. 0. 0. 0. 0. 0. 0. 0. 0. 0.
  0. 0.]
 [1. 1. 1. 1. 0. 1. 1. 0. 1. 0. 1. 0. 1. 1. 1. 1. 1. 0. 1. 1. 0. 0. 0. 0.
  0. 0. 0. 0. 0. 0. 0. 0. 0. 0. 0. 0. 0. 0. 0. 0. 0. 0. 0. 0. 0. 0. 0. 0.
  0. 0.]
 [1. 1. 1. 1. 1. 1. 1. 1. 1. 1. 1. 1. 1. 0. 1. 0. 0. 1. 1. 1. 0. 0. 0. 0.
  0. 0. 0. 0. 0. 0. 0. 0. 0. 0. 0. 0. 0. 0. 0. 0. 0. 0. 0. 0. 0. 0. 0. 0.
  0. 0.]
 [0. 1. 1. 1. 1. 1. 0. 1. 1. 1. 1. 0. 1. 0. 1. 1. 1. 1. 1. 1. 0. 0. 0. 0.
  0. 0. 0. 0. 0. 0. 0. 0. 0. 0. 0. 0. 0. 0. 0. 0. 0. 0. 0. 0. 0. 0. 0. 0.
  0. 0.]
 [1. 1. 1. 1. 1. 1. 1. 1. 0. 1. 0. 1. 1. 1. 1. 1. 0. 1. 1. 0. 0. 0. 0. 0.
  0. 0. 0. 0. 0. 0. 0. 0. 0. 0. 0. 0. 0. 0. 0. 0. 0. 0. 0. 0. 0. 0. 0. 0.
  0. 0.]
 [0. 1. 1. 1. 1. 1. 1. 1. 1. 1. 0. 1. 1. 1. 0. 1. 0. 1. 1. 0. 0. 0. 0. 0.
  0. 0. 0. 0. 0. 0. 0. 0. 0. 0. 0. 0. 0. 0. 0. 0. 0. 0. 0. 0. 0. 0. 0. 0.
  0. 0.]
 [1. 1. 0. 0. 1. 1. 1. 0. 1. 1. 1. 1. 1. 0. 1. 1. 1. 1. 1. 1. 0. 0. 0. 0.
  0. 0. 0. 0. 0. 0. 0. 0. 0. 0. 0. 0. 0. 0. 0. 0. 0. 0. 0. 0. 0. 0. 0. 0.
  0. 0.]
 [0. 1. 1. 0. 1. 1. 1. 0. 1. 1. 1. 1. 1. 1. 1. 0. 0. 1. 1. 1. 0. 0. 0. 0.
  0. 0. 0. 0. 0. 0. 0. 0. 0. 0. 0. 0. 0. 0. 0. 0. 0. 0. 0. 0. 0. 0. 0. 0.
  0. 0.]
 [1. 1. 1. 0. 0. 1. 0. 1. 1. 1. 1. 0. 1. 1. 1. 1. 1. 1. 1. 1. 0. 0. 0. 0.
  0. 0. 0. 0. 0. 0. 0. 0. 0. 0. 0. 0. 0. 0. 0. 0. 0. 0. 0. 0. 0. 0. 0. 0.
  0. 0.]
 [1. 1. 1. 0. 0. 1. 1. 1. 0. 1. 1. 1. 1. 1. 1. 1. 1. 1. 1. 0. 0. 0. 0. 0.
  0. 0. 0. 0. 0. 0. 0. 0. 0. 0. 0. 0. 0. 0. 0. 0. 0. 0. 0. 0. 0. 0. 0. 0.
  0. 0.]
 [1. 1. 1. 1. 1. 0. 0. 1. 1. 1. 1. 1. 1. 1. 1. 0. 1. 1. 1. 1. 0. 0. 0. 0.
  0. 0. 0. 0. 0. 0. 0. 0. 0. 0. 0. 0. 0. 0. 0. 0. 0. 0. 0. 0. 0. 0. 0. 0.
  0. 0.]
 [0. 1. 1. 1. 1. 1. 0. 0. 1. 1. 0. 0. 1. 1. 1. 1. 1. 0. 0. 0. 0. 0. 0. 0.
  0. 0. 0. 0. 0. 0. 0. 0. 0. 0. 0. 0. 0. 0. 0. 0. 0. 0. 0. 0. 0. 0. 0. 0.
  0. 0.]
 [0. 1. 1. 0. 0. 1. 0. 1. 1. 1. 1. 1. 1. 1. 0. 1. 1. 1. 0. 1. 0. 0. 0. 0.
  0. 0. 0. 0. 0. 0. 0. 0. 0. 0. 0. 0. 0. 0. 0. 0. 0. 0. 0. 0. 0. 0. 0. 0.
  0. 0.]
 [0. 0. 1. 1. 0. 0. 1. 1. 1. 1. 1. 1. 1. 1. 0. 0. 1. 1. 1. 1. 0. 0. 0. 0.
  0. 0. 0. 0. 0. 0. 0. 0. 0. 0. 0. 0. 0. 0. 0. 0. 0. 0. 0. 0. 0. 0. 0. 0.
  0. 0.]
 [1. 1. 1. 1. 1. 1. 1. 1. 1. 1. 1. 1. 1. 1. 1. 1. 0. 1. 0. 1. 0. 0. 0. 0.
  0. 0. 0. 0. 0. 0. 0. 0. 0. 0. 0. 0. 0. 0. 0. 0. 0. 0. 0. 0. 0. 0. 0. 0.
  0. 0.]
 [1. 1. 1. 0. 0. 1. 1. 1. 1. 1. 1. 1. 0. 0. 1. 1. 1. 1. 1. 1. 0. 0. 0. 0.
  0. 0. 0. 0. 0. 0. 0. 0. 0. 0. 0. 0. 0. 0. 0. 0. 0. 0. 0. 0. 0. 0. 0. 0.
  0. 0.]
 [1. 1. 1. 0. 1. 0. 1. 0. 1. 0. 0. 1. 1. 0. 1. 1. 1. 1. 1. 1. 0. 0. 0. 0.
  0. 0. 0. 0. 0. 0. 0. 0. 0. 0. 0. 0. 0. 0. 0. 0. 0. 0. 0. 0. 0. 0. 0. 0.
  0. 0.]
 [1. 1. 1. 1. 0. 1. 0. 0. 1. 1. 1. 1. 1. 1. 1. 1. 1. 1. 1. 1. 0. 0. 0. 0.
  0. 0. 0. 0. 0. 0. 0. 0. 0. 0. 0. 0. 0. 0. 0. 0. 0. 0. 0. 0. 0. 0. 0. 0.
  0. 0.]
 [1. 1. 1. 1. 1. 1. 1. 1. 1. 1. 1. 0. 1. 1. 1. 0. 0. 1. 1. 1. 0. 0. 0. 0.
  0. 0. 0. 0. 0. 0. 0. 0. 0. 0. 0. 0. 0. 0. 0. 0. 0. 0. 0. 0. 0. 0. 0. 0.
  0. 0.]]
start_times_array: [[2.30000000e+01 4.36000000e+02 1.94400000e+03 2.31700000e+03
  3.80900000e+03 5.77300000e+03 7.61900000e+03 9.27200000e+03
  1.06110000e+04 1.16880000e+04 1.30300000e+04 1.53650000e+04
  1.71880000e+04 1.88900000e+04 2.01260000e+04 2.10530000e+04
  2.26360000e+04 2.45280000e+04 2.52800000e+04 2.54460000e+04]
 [2.70000000e+02 2.49400000e+03 5.44900000e+03 7.08100000e+03
  7.88000000e+03 1.02690000e+04 1.18360000e+04 1.26910000e+04
  1.41050000e+04 1.59980000e+04 1.67160000e+04 1.73480000e+04
  1.74760001e+04 1.77040000e+04 1.93040000e+04 2.05870000e+04
  2.23300000e+04 2.43770001e+04 2.55530000e+04 2.71170000e+04]
 [4.20000000e+01 1.30200000e+03 2.59000000e+03 4.06400000e+03
  5.84000000e+03 6.55200000e+03 8.55100000e+03 9.97800000e+03
  1.07190000e+04 1.28630000e+04 1.47960000e+04 1.63190000e+04
  1.75120000e+04 1.78370000e+04 1.82730000e+04 1.96700000e+04
  2.20260000e+04 2.38820000e+04 2.45190001e+04 2.49460000e+04]
 [1.12700000e+03 2.72600000e+03 3.85600000e+03 6.09800008e+03
  6.86200000e+03 8.07300000e+03 9.26300000e+03 1.01030000e+04
  1.10680000e+04 1.26210000e+04 1.51300000e+04 1.70890000e+04
  1.81580000e+04 1.96050001e+04 2.08410000e+04 2.28280000e+04
  2.46340001e+04 2.64370000e+04 2.84670000e+04 2.93220000e+04]
 [5.00000000e+00 1.92000000e+02 2.24400000e+03 3.64300000e+03
  5.60800000e+03 8.17200000e+03 1.02350000e+04 1.11900000e+04
  1.33300000e+04 1.47600001e+04 1.64450000e+04 1.84350001e+04
  2.04220000e+04 2.16110000e+04 2.24120000e+04 2.32290001e+04
  2.51160000e+04 2.67330000e+04 2.78660000e+04 2.88650000e+04]
 [6.07000000e+02 2.67400000e+03 4.56100000e+03 6.41500000e+03
  7.76400000e+03 9.67900000e+03 1.09700000e+04 1.15620000e+04
  1.22650000e+04 1.43660000e+04 1.66630000e+04 1.80490000e+04
  1.86080001e+04 1.99540000e+04 2.09780000e+04 2.15430000e+04
  2.17360000e+04 2.21680000e+04 2.33490000e+04 2.52930000e+04]
 [1.35000000e+02 2.10900000e+03 3.18700000e+03 3.74700000e+03
  5.41616342e+03 8.32300000e+03 1.04860000e+04 1.11230000e+04
  1.25460000e+04 1.36730000e+04 1.43300000e+04 1.55100000e+04
  1.63860000e+04 1.75760000e+04 1.78690000e+04 1.83760000e+04
  1.92140000e+04 2.01880000e+04 2.21960000e+04 2.43520000e+04]
 [1.50000000e+01 1.94800000e+03 3.49800000e+03 4.52500000e+03
  6.07300000e+03 7.49600000e+03 8.36216340e+03 9.53600000e+03
  1.10600000e+04 1.27880000e+04 1.48750000e+04 1.67740000e+04
  1.82110000e+04 1.99270000e+04 2.15680001e+04 2.37360000e+04
  2.56820000e+04 2.76780000e+04 2.86320000e+04 2.90870000e+04]
 [3.91000000e+02 2.05500000e+03 2.65100000e+03 3.02400000e+03
  4.64200000e+03 7.16700000e+03 8.86600000e+03 1.04650000e+04
  1.23010000e+04 1.39020000e+04 1.58970000e+04 1.72520000e+04
  1.77150000e+04 1.94910000e+04 2.10810000e+04 2.29150000e+04
  2.50080000e+04 2.62310000e+04 2.72940000e+04 2.84440000e+04]
 [7.62000000e+02 2.78300000e+03 3.34400000e+03 5.07900000e+03
  7.08700000e+03 9.33300000e+03 1.20780000e+04 1.52400000e+04
  1.75900000e+04 1.87450000e+04 1.97610000e+04 2.13610000e+04
  2.36530000e+04 2.47970000e+04 2.58790000e+04 2.79580000e+04
  2.92380000e+04 2.97730000e+04 2.98200000e+04 3.00360000e+04]
 [5.44000000e+02 2.24400000e+03 3.20200000e+03 4.73400000e+03
  5.69300000e+03 6.83600000e+03 7.59500000e+03 9.35400000e+03
  1.14090000e+04 1.31040000e+04 1.50790000e+04 1.62890000e+04
  1.74510000e+04 1.89840000e+04 2.11120000e+04 2.21570000e+04
  2.32440000e+04 2.40040000e+04 2.52440000e+04 2.59040001e+04]
 [9.63000000e+02 3.38500000e+03 5.26000000e+03 6.06300000e+03
  7.32800000e+03 8.68900000e+03 9.29000000e+03 1.05530000e+04
  1.23690000e+04 1.47350000e+04 1.65520000e+04 1.84100000e+04
  2.00130000e+04 2.01770000e+04 2.12970000e+04 2.34570000e+04
  2.48460000e+04 2.65510000e+04 2.83080000e+04 2.94450000e+04]
 [8.60000000e+01 7.43000000e+02 2.19100000e+03 3.34900000e+03
  4.83800000e+03 6.31800000e+03 6.66200000e+03 7.12500000e+03
  8.90000000e+03 1.07970000e+04 1.10960000e+04 1.28620000e+04
  1.50260000e+04 1.63440001e+04 1.73530000e+04 1.82360001e+04
  1.86550000e+04 1.98830000e+04 2.16250000e+04 2.35260000e+04]
 [3.10000000e+01 9.07000000e+02 2.88600000e+03 4.76000000e+03
  6.87800000e+03 1.00090000e+04 1.19520000e+04 1.39400000e+04
  1.61340000e+04 1.78530000e+04 1.91530001e+04 2.02740000e+04
  2.14380000e+04 2.30550000e+04 2.52050000e+04 2.58580000e+04
  2.65330000e+04 2.75950000e+04 2.88160001e+04 2.95340000e+04]
 [1.40000000e+03 2.97716342e+03 3.53600000e+03 5.17700000e+03
  6.46100000e+03 7.92800000e+03 1.00360000e+04 1.16980000e+04
  1.44600000e+04 1.69870000e+04 1.79560000e+04 1.88300000e+04
  2.02730000e+04 2.20510001e+04 2.33300000e+04 2.37240000e+04
  2.44940000e+04 2.60150000e+04 2.78770000e+04 2.89330000e+04]
 [8.60000000e+01 1.58100000e+03 3.11400000e+03 5.29500000e+03
  6.97400000e+03 9.13700000e+03 1.13310000e+04 1.36750000e+04
  1.57860000e+04 1.72630000e+04 1.85830000e+04 2.03760000e+04
  2.18130000e+04 2.32770000e+04 2.50540000e+04 2.64620001e+04
  2.69100000e+04 2.70240000e+04 2.81190000e+04 2.90030000e+04]
 [1.68800000e+03 4.22800000e+03 6.76500000e+03 8.98600000e+03
  1.09100000e+04 1.27030000e+04 1.41980000e+04 1.53900001e+04
  1.68570000e+04 1.95800000e+04 2.18550000e+04 2.46090000e+04
  2.62070000e+04 2.66430000e+04 2.74270000e+04 2.87350000e+04
  2.96030000e+04 2.98050000e+04 2.99160000e+04 3.01810000e+04]
 [1.00000000e+00 7.80000000e+01 2.23000000e+02 4.77000000e+02
  8.84000000e+02 2.03800000e+03 2.46100000e+03 3.67800000e+03
  4.99000000e+03 5.54600000e+03 6.20200000e+03 7.53000000e+03
  9.46500000e+03 1.09920000e+04 1.31700000e+04 1.56220000e+04
  1.71660000e+04 1.86560000e+04 2.06030000e+04 2.21150000e+04]
 [6.00000000e+00 7.20000000e+01 1.78400000e+03 3.04000000e+03
  4.47600000e+03 5.71828588e+03 7.14800000e+03 1.01520000e+04
  1.20000000e+04 1.34030000e+04 1.54310000e+04 1.75140000e+04
  1.90860000e+04 2.00300000e+04 2.09160000e+04 2.25090000e+04
  2.42760000e+04 2.60950000e+04 2.68270000e+04 2.70280000e+04]
 [1.00000000e+00 1.84600000e+03 3.98700000e+03 5.94400000e+03
  6.34500000e+03 6.45300000e+03 7.28500000e+03 8.76900000e+03
  9.84600000e+03 1.09800000e+04 1.35280000e+04 1.61910000e+04
  1.86810001e+04 2.07500000e+04 2.27960000e+04 2.42110000e+04
  2.59630000e+04 2.68810000e+04 2.78170000e+04 2.83870000e+04]
 [3.07000000e+02 2.58500000e+03 5.01400000e+03 6.37328588e+03
  7.20900000e+03 8.55800000e+03 1.08532859e+04 1.23262859e+04
  1.30420000e+04 1.30450000e+04 1.34700000e+04 1.46500000e+04
  1.65180000e+04 1.75130001e+04 1.92170000e+04 2.11890000e+04
  2.31750001e+04 2.46890000e+04 2.57910001e+04 2.73390000e+04]
 [4.94000000e+02 2.08500000e+03 2.74600000e+03 4.89100000e+03
  6.62200000e+03 8.45200000e+03 1.05280000e+04 1.15890000e+04
  1.37831634e+04 1.60380001e+04 1.74880000e+04 1.92180000e+04
  2.03570001e+04 2.17370000e+04 2.38200001e+04 2.56010000e+04
  2.73650000e+04 2.83950000e+04 2.89840000e+04 2.96950000e+04]
 [8.34000000e+02 3.26800000e+03 5.36416342e+03 5.68900000e+03
  5.89716340e+03 6.37328588e+03 7.68400000e+03 9.89400000e+03
  1.08910000e+04 1.24950000e+04 1.40490000e+04 1.49690000e+04
  1.68540000e+04 1.80050001e+04 1.89430000e+04 2.05020000e+04
  2.34170001e+04 2.53850000e+04 2.68360000e+04 2.72370000e+04]
 [6.71000000e+02 2.83700000e+03 4.17800000e+03 6.67000000e+03
  9.59800000e+03 1.18720000e+04 1.37990000e+04 1.55550000e+04
  1.69390000e+04 1.84350001e+04 2.00150000e+04 2.03470000e+04
  2.19570001e+04 2.40340000e+04 2.63650000e+04 2.75290001e+04
  2.83880000e+04 2.88610001e+04 2.93760000e+04 2.98450001e+04]
 [6.75000000e+02 2.50800000e+03 3.46000000e+03 4.34400000e+03
  5.02100000e+03 6.20000000e+03 7.06000000e+03 7.43428588e+03
  8.62800000e+03 1.03600000e+04 1.17870000e+04 1.36090000e+04
  1.60360000e+04 1.93370000e+04 2.14780000e+04 2.37950000e+04
  2.62930000e+04 2.80530000e+04 2.91390000e+04 2.97490001e+04]
 [1.30600000e+03 3.61800000e+03 5.10500000e+03 5.99728588e+03
  7.23900000e+03 8.17100001e+03 8.50000001e+03 9.92300000e+03
  1.16281634e+04 1.21970000e+04 1.26080000e+04 1.42770000e+04
  1.66040000e+04 1.85160000e+04 2.06610000e+04 2.33920000e+04
  2.44310000e+04 2.54760000e+04 2.69390000e+04 2.79720001e+04]
 [1.48800000e+03 3.82616342e+03 6.47300000e+03 8.46200000e+03
  9.31800000e+03 1.04210000e+04 1.16530000e+04 1.24810000e+04
  1.31700000e+04 1.39380000e+04 1.56480000e+04 1.76530000e+04
  1.86810001e+04 2.00720001e+04 2.16820000e+04 2.35820000e+04
  2.57720000e+04 2.77690001e+04 2.88720000e+04 2.94700001e+04]
 [1.21400000e+03 3.07700000e+03 4.43500000e+03 5.57200000e+03
  7.02200000e+03 8.28300000e+03 9.88900000e+03 1.24530000e+04
  1.40581634e+04 1.48280000e+04 1.65080000e+04 1.72620000e+04
  1.82940000e+04 2.05030000e+04 2.25830000e+04 2.38090000e+04
  2.41520000e+04 2.47270001e+04 2.62670000e+04 2.77690001e+04]
 [4.79000000e+02 2.18700000e+03 3.54500000e+03 5.74400000e+03
  6.37328588e+03 6.71100000e+03 7.81000000e+03 1.03842859e+04
  1.29570000e+04 1.39510000e+04 1.42810001e+04 1.53320000e+04
  1.60130000e+04 1.73880000e+04 1.85550001e+04 1.94980000e+04
  2.00470000e+04 2.15490000e+04 2.39140000e+04 2.55000000e+04]
 [1.00000000e+01 5.56000000e+02 2.95000000e+03 5.97200000e+03
  7.44600000e+03 9.74800000e+03 1.14030000e+04 1.34380000e+04
  1.48530001e+04 1.56950000e+04 1.70290000e+04 1.77410000e+04
  1.93600000e+04 2.11850000e+04 2.27350001e+04 2.47220000e+04
  2.54100001e+04 2.67610000e+04 2.80780001e+04 2.89750000e+04]
 [1.04200000e+03 3.07100000e+03 5.35400000e+03 7.46200000e+03
  9.21300000e+03 1.03981634e+04 1.11270000e+04 1.19071634e+04
  1.32612859e+04 1.57040000e+04 1.80800000e+04 1.94000000e+04
  2.00810000e+04 2.12140001e+04 2.27100000e+04 2.45680000e+04
  2.57420000e+04 2.75040000e+04 2.88680000e+04 2.96850000e+04]
 [1.21500000e+03 2.94816342e+03 3.76600000e+03 5.85800000e+03
  8.25600000e+03 1.08280000e+04 1.29600000e+04 1.49610000e+04
  1.70330000e+04 1.85300000e+04 1.97390000e+04 2.01600000e+04
  2.19320000e+04 2.40790000e+04 2.61380000e+04 2.77440000e+04
  2.88160001e+04 2.93760000e+04 2.97100001e+04 2.98520000e+04]
 [1.04200000e+03 2.72000000e+03 3.08300000e+03 3.96400000e+03
  4.80500000e+03 5.63600000e+03 6.59300000e+03 8.62800000e+03
  1.05532859e+04 1.16281634e+04 1.24670000e+04 1.29940000e+04
  1.34760000e+04 1.42510000e+04 1.56890000e+04 1.61820000e+04
  1.76150001e+04 1.90560000e+04 2.04420000e+04 2.36070001e+04]
 [3.47000000e+02 2.38400000e+03 4.32000001e+03 6.15300000e+03
  7.43428588e+03 8.28128588e+03 9.77328588e+03 1.21700000e+04
  1.49420000e+04 1.71230000e+04 1.91280000e+04 2.14570000e+04
  2.35960000e+04 2.49790000e+04 2.63130000e+04 2.81590000e+04
  2.90090001e+04 2.94010001e+04 2.98770001e+04 2.99380001e+04]
 [2.33000000e+02 1.66600000e+03 2.59500000e+03 4.75000000e+03
  7.64428588e+03 9.63400000e+03 1.10980000e+04 1.37440000e+04
  1.52150000e+04 1.65400000e+04 1.81050001e+04 1.87900001e+04
  2.00780000e+04 2.24420000e+04 2.48250001e+04 2.67750000e+04
  2.80550000e+04 2.88400000e+04 2.91640001e+04 2.97100001e+04]
 [6.75000000e+02 2.63800000e+03 4.39100000e+03 6.37028588e+03
  8.00700000e+03 9.62328588e+03 1.06840000e+04 1.24490000e+04
  1.55460000e+04 1.68630000e+04 1.79110000e+04 1.98030000e+04
  2.22400000e+04 2.44460000e+04 2.52880000e+04 2.59590000e+04
  2.70670000e+04 2.85510000e+04 2.91640001e+04 2.96280001e+04]
 [1.04100000e+03 2.86500000e+03 3.82000000e+03 5.20228588e+03
  6.74100000e+03 8.41400000e+03 9.50800000e+03 1.06362859e+04
  1.21980000e+04 1.31000000e+04 1.37831634e+04 1.58520000e+04
  1.67490000e+04 1.76780001e+04 1.79820000e+04 1.94200000e+04
  2.07370000e+04 2.21400000e+04 2.28940000e+04 2.38300000e+04]
 [1.48800000e+03 4.10800000e+03 6.37328588e+03 8.04800000e+03
  1.03590000e+04 1.17870000e+04 1.37831634e+04 1.60770000e+04
  1.79850000e+04 1.98280001e+04 2.06860001e+04 2.19900000e+04
  2.27350001e+04 2.36070001e+04 2.49010000e+04 2.55010001e+04
  2.71980000e+04 2.87910000e+04 2.91600000e+04 2.97030000e+04]
 [5.30000000e+01 5.22000000e+02 1.99800000e+03 2.59400000e+03
  2.86700000e+03 3.19700000e+03 3.90600000e+03 5.85900000e+03
  7.66300000e+03 9.57900000e+03 1.16010000e+04 1.31000000e+04
  1.45530000e+04 1.77420000e+04 2.03320000e+04 2.18800000e+04
  2.26720000e+04 2.54100001e+04 2.72230001e+04 2.82900000e+04]
 [3.39000000e+02 2.40400000e+03 4.35816340e+03 6.34800000e+03
  9.04600000e+03 1.16060000e+04 1.40190000e+04 1.60510000e+04
  1.66040000e+04 1.73130000e+04 1.87650000e+04 2.00680000e+04
  2.14510000e+04 2.34700001e+04 2.48250001e+04 2.69250000e+04
  2.85470000e+04 2.88630000e+04 2.90560000e+04 2.94440000e+04]
 [1.12900000e+03 2.86200000e+03 4.16800000e+03 6.14200000e+03
  8.43928588e+03 1.14630000e+04 1.42420000e+04 1.59290000e+04
  1.70670000e+04 1.83160000e+04 2.00720001e+04 2.10090000e+04
  2.22650001e+04 2.29370000e+04 2.47020000e+04 2.61630001e+04
  2.67450000e+04 2.73390000e+04 2.82200001e+04 2.91640001e+04]
 [5.30000000e+01 1.62400000e+03 2.85700000e+03 4.31900000e+03
  6.98300000e+03 9.85000000e+03 1.11360000e+04 1.20530000e+04
  1.32690000e+04 1.43490000e+04 1.59720000e+04 1.68190000e+04
  1.80610000e+04 1.88710000e+04 2.01980000e+04 2.15390000e+04
  2.27100000e+04 2.48000000e+04 2.66490000e+04 2.75360000e+04]
 [5.50000000e+02 1.94400000e+03 3.03100000e+03 4.54800000e+03
  6.18400000e+03 8.12700000e+03 8.79200001e+03 9.89200000e+03
  1.11152859e+04 1.38080000e+04 1.62110000e+04 1.79800000e+04
  2.01490000e+04 2.16930000e+04 2.34170001e+04 2.44260001e+04
  2.47280000e+04 2.55050001e+04 2.67940000e+04 2.77670000e+04]
 [4.87000000e+02 2.81900000e+03 5.18000000e+03 7.41600000e+03
  9.89000000e+03 1.18680000e+04 1.45910000e+04 1.71890000e+04
  1.83300000e+04 2.00550001e+04 2.31500000e+04 2.57660000e+04
  2.78740000e+04 2.88610001e+04 2.89240000e+04 2.97060000e+04
  2.98690000e+04 3.00010000e+04 3.01020000e+04 3.02220000e+04]
 [4.81000000e+02 2.60600000e+03 3.93800000e+03 5.37800000e+03
  6.38716340e+03 8.43928588e+03 1.03700000e+04 1.16281021e+04
  1.22300000e+04 1.33090000e+04 1.45230000e+04 1.66290001e+04
  1.85490000e+04 2.04500000e+04 2.31670000e+04 2.47270001e+04
  2.54210000e+04 2.67000000e+04 2.73650000e+04 2.86690000e+04]
 [0.00000000e+00 1.11000000e+02 1.09000000e+03 2.72900000e+03
  3.94800000e+03 5.55800000e+03 6.74400000e+03 8.69000000e+03
  1.12430000e+04 1.32690000e+04 1.46230000e+04 1.68820001e+04
  1.85400000e+04 2.04890000e+04 2.30030000e+04 2.48730000e+04
  2.66680001e+04 2.74950000e+04 2.86940001e+04 2.96390000e+04]
 [1.09000000e+02 5.35000000e+02 2.36900000e+03 4.86700000e+03
  7.40900000e+03 9.43200000e+03 1.02550000e+04 1.16050000e+04
  1.33150000e+04 1.55240000e+04 1.71070000e+04 1.84840000e+04
  2.14500000e+04 2.41170000e+04 2.63960000e+04 2.69500001e+04
  2.76200001e+04 2.82430000e+04 2.85490000e+04 2.88620000e+04]
 [5.30000000e+01 1.63000000e+03 2.91100000e+03 4.15600000e+03
  6.11216340e+03 7.09800000e+03 7.79400000e+03 8.82200000e+03
  1.00891634e+04 1.14610000e+04 1.38200000e+04 1.60860000e+04
  1.78780000e+04 1.98080000e+04 2.00720001e+04 2.06860001e+04
  2.21540000e+04 2.40550000e+04 2.63540000e+04 2.81950000e+04]
 [3.50000000e+02 2.14500000e+03 3.72800000e+03 5.39316340e+03
  6.15100000e+03 7.68400000e+03 9.74800000e+03 1.07680000e+04
  1.27630000e+04 1.42990000e+04 1.53370000e+04 1.59730000e+04
  1.72900000e+04 1.83320000e+04 1.98240000e+04 2.12520000e+04
  2.21400000e+04 2.34040000e+04 2.41400000e+04 2.57170000e+04]
 [1.62000000e+02 5.41000000e+02 1.37200000e+03 3.09500000e+03
  6.23100000e+03 7.83528588e+03 8.68600000e+03 1.03960000e+04
  1.16281634e+04 1.32360000e+04 1.65330001e+04 1.94000000e+04
  2.04840000e+04 2.09000000e+04 2.25480000e+04 2.46960000e+04
  2.63160000e+04 2.77500000e+04 2.86170000e+04 2.88930001e+04]]
