optimal_status: 0
solution: 6810.999999318781
cpu_time: 3600.1302449703217
gap: 0.8395753357709551
upper_bound: 1092.65238795474
lower_bound: 6810.999999318781
cg_matrix: [[0. 1. 0. 1. 1. 1. 1. 1. 1. 0. 1. 1. 1. 1. 0.]
 [1. 0. 1. 1. 1. 1. 1. 1. 1. 1. 1. 0. 1. 0. 1.]
 [0. 1. 0. 1. 0. 1. 1. 1. 1. 1. 0. 1. 1. 1. 0.]
 [1. 1. 1. 0. 1. 1. 1. 1. 0. 1. 1. 1. 1. 1. 1.]
 [1. 1. 0. 1. 0. 0. 1. 1. 1. 1. 1. 1. 0. 1. 0.]
 [1. 1. 1. 1. 0. 0. 1. 1. 1. 1. 1. 1. 1. 0. 1.]
 [1. 1. 1. 1. 1. 1. 0. 1. 0. 1. 1. 0. 1. 1. 1.]
 [1. 1. 1. 1. 1. 1. 1. 0. 1. 0. 1. 1. 1. 0. 1.]
 [1. 1. 1. 0. 1. 1. 0. 1. 0. 0. 1. 1. 1. 1. 1.]
 [0. 1. 1. 1. 1. 1. 1. 0. 0. 0. 1. 0. 1. 1. 1.]
 [1. 1. 0. 1. 1. 1. 1. 1. 1. 1. 0. 1. 1. 1. 1.]
 [1. 0. 1. 1. 1. 1. 0. 1. 1. 0. 1. 0. 1. 1. 1.]
 [1. 1. 1. 1. 0. 1. 1. 1. 1. 1. 1. 1. 0. 1. 1.]
 [1. 0. 1. 1. 1. 0. 1. 0. 1. 1. 1. 1. 1. 0. 1.]
 [0. 1. 0. 1. 0. 1. 1. 1. 1. 1. 1. 1. 1. 1. 0.]]
start_times_array: [[ 767.          853.         1492.         1778.         2126.
  2778.         3212.         4413.         4438.         4855.
  5498.         5790.         5991.         6319.99999932 6737.99999932]
 [ 574.          913.         1582.         1944.         2314.
  2407.         2713.         2750.         4939.         5412.
  6081.         6289.         6300.         6515.99999932 6597.99999932]
 [ 382.          745.         1760.         2141.         2442.
  2799.         2880.         3054.         3276.         3570.
  3632.         4031.         5498.         6022.         6393.99999932]
 [   0.           96.          642.         1206.         1736.
  1856.         2527.         3373.         3961.         4652.
  5001.         5798.         6216.         6491.99999932 6498.99999932]
 [ 444.          715.         1109.         1172.         1185.
  1502.         1872.         1980.         2039.         2191.
  2442.         3543.         4782.         5605.         6340.99999932]
 [ 180.          514.         1047.         1294.         1620.
  1872.         1980.         2973.         4111.         4263.
  4304.         4350.         5560.         5636.         5929.        ]
 [  46.          312.         1310.         2073.         2605.
  2649.         2940.         2948.         3142.         3296.
  3661.         4560.         4720.         5327.         6146.        ]
 [ 110.          941.         1400.         1692.         2251.
  3777.         3868.         3889.         5167.         5541.
  5719.         5778.         5888.         6278.         6620.99999932]
 [ 287.          666.         1206.         1257.         2544.
  4536.         4626.         4723.         5344.         5798.
  5853.         6146.         6229.         6491.99999932 6714.99999932]
 [  41.          110.          145.          166.          243.
   309.          438.          813.         1422.         3212.
  3739.         3815.         4014.         4498.         5207.        ]
 [ 380.         1005.         1630.         2872.         3042.
  3115.         3909.         4031.         4070.         4912.
  5074.         5083.         5117.         5286.         6393.99999932]
 [  41.           64.          242.          277.          415.
  1325.         1593.         1953.         2068.         2314.
  2384.         2713.         2751.         3173.         3661.        ]
 [  13.          480.          511.         1140.         1516.
  2654.         3349.         3444.         3489.         4169.
  4177.         4221.         4937.         5263.         6340.99999932]
 [ 180.          537.          916.          943.         1047.
  4111.         4134.         4157.         4263.         5434.
  5545.         5894.         6091.         6515.99999932 6597.99999932]
 [ 444.          715.         1168.         1492.         1772.
  2185.         2781.         3443.         3570.         4413.
  4782.         4850.         4892.         5498.         6032.        ]]
