optimal_status: 0
solution: 5071.0
cpu_time: 3600.200038909912
gap: 0.7700650759219103
upper_bound: 1165.9999999999927
lower_bound: 5071.0
cg_matrix: [[0. 0. 1. 0. 0. 1. 1. 0. 1. 1. 0. 0. 0. 1. 1. 0. 1. 1. 0. 1.]
 [0. 0. 0. 0. 1. 0. 0. 1. 1. 1. 0. 1. 1. 0. 0. 1. 1. 1. 0. 1.]
 [1. 0. 0. 0. 0. 0. 0. 1. 1. 1. 0. 0. 1. 1. 0. 1. 0. 0. 1. 1.]
 [0. 0. 0. 0. 0. 0. 0. 0. 0. 1. 1. 0. 0. 0. 0. 1. 0. 0. 1. 0.]
 [0. 1. 0. 0. 0. 0. 0. 0. 0. 0. 0. 1. 0. 0. 0. 1. 1. 1. 1. 1.]
 [1. 0. 0. 0. 0. 0. 0. 0. 0. 1. 0. 0. 0. 0. 1. 1. 0. 0. 0. 1.]
 [1. 0. 0. 0. 0. 0. 0. 1. 1. 1. 0. 0. 0. 1. 1. 0. 1. 0. 1. 0.]
 [0. 1. 1. 0. 0. 0. 1. 0. 1. 1. 1. 0. 0. 1. 1. 1. 0. 1. 1. 1.]
 [1. 1. 1. 0. 0. 0. 1. 1. 0. 0. 1. 1. 1. 0. 1. 0. 1. 1. 1. 0.]
 [1. 1. 1. 1. 0. 1. 1. 1. 0. 0. 1. 1. 0. 0. 1. 0. 0. 0. 1. 1.]
 [0. 0. 0. 1. 0. 0. 0. 1. 1. 1. 0. 0. 0. 1. 1. 1. 0. 1. 1. 1.]
 [0. 1. 0. 0. 1. 0. 0. 0. 1. 1. 0. 0. 1. 0. 1. 1. 0. 1. 1. 1.]
 [0. 1. 1. 0. 0. 0. 0. 0. 1. 0. 0. 1. 0. 1. 1. 0. 1. 1. 0. 0.]
 [1. 0. 1. 0. 0. 0. 1. 1. 0. 0. 1. 0. 1. 0. 0. 1. 1. 1. 0. 1.]
 [1. 0. 0. 0. 0. 1. 1. 1. 1. 1. 1. 1. 1. 0. 0. 0. 0. 1. 1. 1.]
 [0. 1. 1. 1. 1. 1. 0. 1. 0. 0. 1. 1. 0. 1. 0. 0. 0. 0. 0. 0.]
 [1. 1. 0. 0. 1. 0. 1. 0. 1. 0. 0. 0. 1. 1. 0. 0. 0. 0. 0. 0.]
 [1. 1. 0. 0. 1. 0. 0. 1. 1. 0. 1. 1. 1. 1. 1. 0. 0. 0. 0. 0.]
 [0. 0. 1. 1. 1. 0. 1. 1. 1. 1. 1. 1. 0. 0. 1. 0. 0. 0. 0. 0.]
 [1. 1. 1. 0. 1. 1. 0. 1. 0. 1. 1. 1. 0. 1. 1. 0. 0. 0. 0. 0.]]
start_times_array: [[1797. 2086. 2163. 2320. 2383. 2440. 2534. 2609. 2760. 3544. 3627. 3986.
  4076. 4575. 4657.]
 [ 951. 4132. 4217. 4252. 4331. 4366. 4432. 4447. 4590. 4693. 4765. 4817.
  4831. 4833. 4985.]
 [ 193.  803. 1935. 2201. 4217. 4266. 4336. 4428. 4468. 4481. 4601. 4687.
  4717. 4772. 4985.]
 [ 749.  947. 1010. 1031. 1246. 1275. 1285. 3391. 3512. 3605. 3629. 3677.
  3809. 3832. 4164.]
 [ 757.  990. 1022. 1141. 1228. 1273. 1390. 2042. 2279. 2360. 2966. 3014.
  3145. 3167. 3190.]
 [  29.  188.  863. 1686. 1853. 1914. 1943. 1987. 2010. 2205. 2275. 2631.
  2729. 2883. 2910.]
 [1995. 2265. 2392. 2415. 2631. 4217. 4272. 4336. 4423. 4444. 4595. 4698.
  4720. 4767. 4985.]
 [ 749.  760. 1552. 2086. 3535. 3553. 3612. 3696. 3852. 3986. 4006. 4040.
  4152. 4503. 4650.]
 [1011. 1348. 1368. 1914. 2075. 2966. 3062. 3156. 3247. 3339. 3452. 3480.
  3729. 3818. 3925.]
 [ 116. 1350. 2976. 3062. 3148. 3235. 3253. 3327. 3478. 3490. 3729. 3827.
  4849. 4944. 4950.]
 [1738. 1785. 1935. 1995. 2015. 2029. 2185. 2279. 2285. 2344. 2437. 2509.
  2634. 2760. 2834.]
 [ 863. 1479. 1935. 2201. 2402. 2437. 2548. 2656. 2743. 2829. 2867. 2965.
  3436. 3645. 4006.]
 [ 757. 1310. 1712. 1778. 1825. 1990. 2042. 2086. 2163. 2279. 2344. 2463.
  2534. 2571. 2854.]
 [ 951. 1141. 1227. 1242. 1357. 1389. 1472. 1578. 1659. 1669. 1681. 1873.
  2682. 2888. 3014.]
 [ 803.  953. 1020. 1036. 1081. 1138. 1146. 1187. 1226. 1254. 1408. 1445.
  1578. 1617. 4281.]
 [  43.  234.  321.  412.  425.  429.  461.  593.  666. 1052. 1100. 1314.
  2117. 2469. 2497.]
 [   0.   29.   96.  261.  302.  386.  420.  506.  581.  674.  792.  858.
  1036. 1083. 2201.]
 [  47.  108.  157.  192.  284.  368.  425.  456.  506.  559.  570.  689.
   697.  711.  883.]
 [   0.   19.  126.  203.  213.  288.  337.  412.  478.  515.  655.  883.
  1310. 1686. 1853.]
 [   0.   43.  126.  265.  284.  383.  478.  480.  519.  589.  679.  689.
  1060. 1310. 2117.]]
