optimal_status: 0
solution: 9529.0
cpu_time: 3600.160891056061
gap: 0.8359840991281382
upper_bound: 1562.9075194079708
lower_bound: 9529.0
cg_matrix: [[0. 0. 1. 1. 1. 0. 1. 0. 1. 1. 0. 0. 0. 1. 1. 0. 0. 1. 0. 1. 1. 0. 1. 1.
  1. 1. 0. 0. 0. 1. 1. 0. 1. 0. 1. 0. 1. 1. 0. 0. 0. 1. 0. 0. 1. 0. 1. 0.
  1. 1.]
 [0. 0. 0. 1. 1. 0. 0. 1. 0. 0. 0. 1. 0. 1. 0. 1. 1. 1. 1. 0. 1. 1. 0. 0.
  0. 1. 1. 1. 0. 1. 1. 1. 1. 0. 1. 1. 1. 1. 1. 0. 1. 1. 1. 1. 1. 1. 1. 0.
  1. 0.]
 [1. 0. 0. 0. 1. 1. 0. 0. 1. 0. 0. 0. 1. 0. 1. 0. 1. 1. 0. 0. 1. 1. 1. 0.
  1. 0. 0. 1. 0. 0. 1. 1. 1. 1. 0. 0. 0. 0. 1. 1. 0. 1. 0. 0. 1. 1. 1. 1.
  1. 1.]
 [1. 1. 0. 0. 0. 1. 0. 0. 1. 0. 1. 0. 0. 0. 1. 1. 0. 1. 1. 0. 1. 0. 1. 0.
  1. 1. 0. 0. 0. 1. 0. 1. 0. 0. 0. 0. 1. 1. 0. 1. 0. 0. 0. 1. 0. 1. 1. 0.
  0. 0.]
 [1. 1. 1. 0. 0. 1. 0. 1. 0. 1. 0. 0. 0. 0. 0. 1. 0. 0. 1. 1. 0. 0. 1. 1.
  0. 0. 0. 1. 0. 1. 0. 1. 0. 1. 0. 0. 0. 1. 0. 0. 1. 1. 1. 0. 1. 1. 0. 1.
  1. 1.]
 [0. 0. 1. 1. 1. 0. 0. 1. 0. 1. 0. 0. 0. 0. 0. 1. 1. 0. 0. 1. 0. 0. 0. 1.
  0. 0. 0. 0. 1. 0. 0. 1. 1. 0. 1. 0. 1. 1. 0. 0. 0. 1. 1. 1. 1. 0. 1. 0.
  0. 0.]
 [1. 0. 0. 0. 0. 0. 0. 1. 0. 1. 1. 1. 0. 1. 1. 0. 1. 0. 0. 0. 1. 1. 1. 1.
  0. 1. 1. 1. 1. 1. 1. 1. 1. 0. 0. 1. 1. 1. 1. 0. 1. 1. 0. 1. 0. 0. 0. 0.
  0. 1.]
 [0. 1. 0. 0. 1. 1. 1. 0. 0. 1. 0. 0. 1. 1. 0. 1. 1. 1. 0. 0. 0. 1. 1. 0.
  0. 0. 1. 0. 0. 0. 0. 0. 0. 1. 0. 0. 1. 1. 1. 1. 0. 0. 1. 1. 1. 1. 1. 0.
  0. 1.]
 [1. 0. 1. 1. 0. 0. 0. 0. 0. 0. 0. 1. 0. 0. 1. 1. 1. 0. 1. 0. 1. 0. 0. 1.
  0. 0. 1. 1. 0. 0. 1. 0. 0. 1. 0. 1. 0. 1. 0. 0. 0. 1. 0. 0. 1. 0. 0. 1.
  0. 1.]
 [1. 0. 0. 0. 1. 1. 1. 1. 0. 0. 1. 1. 1. 1. 1. 1. 1. 1. 0. 1. 0. 0. 1. 0.
  0. 1. 0. 1. 0. 1. 0. 1. 1. 1. 0. 1. 0. 0. 0. 0. 0. 0. 0. 1. 1. 1. 0. 1.
  0. 1.]
 [0. 0. 0. 1. 0. 0. 1. 0. 0. 1. 0. 0. 1. 1. 1. 0. 0. 1. 0. 1. 1. 0. 1. 0.
  1. 0. 1. 0. 1. 1. 0. 0. 0. 1. 1. 0. 1. 1. 0. 1. 0. 0. 1. 1. 1. 0. 0. 0.
  0. 1.]
 [0. 1. 0. 0. 0. 0. 1. 0. 1. 1. 0. 0. 1. 0. 1. 0. 1. 0. 0. 0. 0. 1. 1. 0.
  0. 0. 0. 0. 0. 1. 0. 0. 0. 0. 0. 0. 0. 0. 0. 0. 1. 0. 1. 0. 0. 0. 0. 0.
  1. 1.]
 [0. 0. 1. 0. 0. 0. 0. 1. 0. 1. 1. 1. 0. 0. 0. 1. 1. 0. 0. 0. 0. 1. 1. 1.
  1. 1. 1. 0. 0. 0. 1. 1. 1. 0. 1. 1. 1. 1. 0. 0. 0. 1. 0. 1. 0. 0. 1. 0.
  1. 0.]
 [1. 1. 0. 0. 0. 0. 1. 1. 0. 1. 1. 0. 0. 0. 1. 0. 0. 0. 1. 0. 0. 0. 0. 1.
  1. 1. 0. 1. 1. 1. 1. 0. 1. 1. 1. 1. 0. 1. 1. 1. 0. 0. 1. 1. 1. 1. 1. 1.
  0. 1.]
 [1. 0. 1. 1. 0. 0. 1. 0. 1. 1. 1. 1. 0. 1. 0. 0. 0. 0. 0. 1. 1. 1. 1. 1.
  1. 0. 0. 0. 0. 0. 1. 1. 0. 1. 1. 1. 0. 0. 1. 0. 0. 0. 1. 1. 0. 0. 0. 0.
  0. 0.]
 [0. 1. 0. 1. 1. 1. 0. 1. 1. 1. 0. 0. 1. 0. 0. 0. 0. 0. 0. 0. 0. 0. 0. 0.
  0. 0. 0. 0. 0. 0. 0. 0. 0. 0. 0. 0. 0. 0. 0. 0. 0. 0. 0. 0. 0. 0. 0. 0.
  0. 0.]
 [0. 1. 1. 0. 0. 1. 1. 1. 1. 1. 0. 1. 1. 0. 0. 0. 0. 0. 0. 0. 0. 0. 0. 0.
  0. 0. 0. 0. 0. 0. 0. 0. 0. 0. 0. 0. 0. 0. 0. 0. 0. 0. 0. 0. 0. 0. 0. 0.
  0. 0.]
 [1. 1. 1. 1. 0. 0. 0. 1. 0. 1. 1. 0. 0. 0. 0. 0. 0. 0. 0. 0. 0. 0. 0. 0.
  0. 0. 0. 0. 0. 0. 0. 0. 0. 0. 0. 0. 0. 0. 0. 0. 0. 0. 0. 0. 0. 0. 0. 0.
  0. 0.]
 [0. 1. 0. 1. 1. 0. 0. 0. 1. 0. 0. 0. 0. 1. 0. 0. 0. 0. 0. 0. 0. 0. 0. 0.
  0. 0. 0. 0. 0. 0. 0. 0. 0. 0. 0. 0. 0. 0. 0. 0. 0. 0. 0. 0. 0. 0. 0. 0.
  0. 0.]
 [1. 0. 0. 0. 1. 1. 0. 0. 0. 1. 1. 0. 0. 0. 1. 0. 0. 0. 0. 0. 0. 0. 0. 0.
  0. 0. 0. 0. 0. 0. 0. 0. 0. 0. 0. 0. 0. 0. 0. 0. 0. 0. 0. 0. 0. 0. 0. 0.
  0. 0.]
 [1. 1. 1. 1. 0. 0. 1. 0. 1. 0. 1. 0. 0. 0. 1. 0. 0. 0. 0. 0. 0. 0. 0. 0.
  0. 0. 0. 0. 0. 0. 0. 0. 0. 0. 0. 0. 0. 0. 0. 0. 0. 0. 0. 0. 0. 0. 0. 0.
  0. 0.]
 [0. 1. 1. 0. 0. 0. 1. 1. 0. 0. 0. 1. 1. 0. 1. 0. 0. 0. 0. 0. 0. 0. 0. 0.
  0. 0. 0. 0. 0. 0. 0. 0. 0. 0. 0. 0. 0. 0. 0. 0. 0. 0. 0. 0. 0. 0. 0. 0.
  0. 0.]
 [1. 0. 1. 1. 1. 0. 1. 1. 0. 1. 1. 1. 1. 0. 1. 0. 0. 0. 0. 0. 0. 0. 0. 0.
  0. 0. 0. 0. 0. 0. 0. 0. 0. 0. 0. 0. 0. 0. 0. 0. 0. 0. 0. 0. 0. 0. 0. 0.
  0. 0.]
 [1. 0. 0. 0. 1. 1. 1. 0. 1. 0. 0. 0. 1. 1. 1. 0. 0. 0. 0. 0. 0. 0. 0. 0.
  0. 0. 0. 0. 0. 0. 0. 0. 0. 0. 0. 0. 0. 0. 0. 0. 0. 0. 0. 0. 0. 0. 0. 0.
  0. 0.]
 [1. 0. 1. 1. 0. 0. 0. 0. 0. 0. 1. 0. 1. 1. 1. 0. 0. 0. 0. 0. 0. 0. 0. 0.
  0. 0. 0. 0. 0. 0. 0. 0. 0. 0. 0. 0. 0. 0. 0. 0. 0. 0. 0. 0. 0. 0. 0. 0.
  0. 0.]
 [1. 1. 0. 1. 0. 0. 1. 0. 0. 1. 0. 0. 1. 1. 0. 0. 0. 0. 0. 0. 0. 0. 0. 0.
  0. 0. 0. 0. 0. 0. 0. 0. 0. 0. 0. 0. 0. 0. 0. 0. 0. 0. 0. 0. 0. 0. 0. 0.
  0. 0.]
 [0. 1. 0. 0. 0. 0. 1. 1. 1. 0. 1. 0. 1. 0. 0. 0. 0. 0. 0. 0. 0. 0. 0. 0.
  0. 0. 0. 0. 0. 0. 0. 0. 0. 0. 0. 0. 0. 0. 0. 0. 0. 0. 0. 0. 0. 0. 0. 0.
  0. 0.]
 [0. 1. 1. 0. 1. 0. 1. 0. 1. 1. 0. 0. 0. 1. 0. 0. 0. 0. 0. 0. 0. 0. 0. 0.
  0. 0. 0. 0. 0. 0. 0. 0. 0. 0. 0. 0. 0. 0. 0. 0. 0. 0. 0. 0. 0. 0. 0. 0.
  0. 0.]
 [0. 0. 0. 0. 0. 1. 1. 0. 0. 0. 1. 0. 0. 1. 0. 0. 0. 0. 0. 0. 0. 0. 0. 0.
  0. 0. 0. 0. 0. 0. 0. 0. 0. 0. 0. 0. 0. 0. 0. 0. 0. 0. 0. 0. 0. 0. 0. 0.
  0. 0.]
 [1. 1. 0. 1. 1. 0. 1. 0. 0. 1. 1. 1. 0. 1. 0. 0. 0. 0. 0. 0. 0. 0. 0. 0.
  0. 0. 0. 0. 0. 0. 0. 0. 0. 0. 0. 0. 0. 0. 0. 0. 0. 0. 0. 0. 0. 0. 0. 0.
  0. 0.]
 [1. 1. 1. 0. 0. 0. 1. 0. 1. 0. 0. 0. 1. 1. 1. 0. 0. 0. 0. 0. 0. 0. 0. 0.
  0. 0. 0. 0. 0. 0. 0. 0. 0. 0. 0. 0. 0. 0. 0. 0. 0. 0. 0. 0. 0. 0. 0. 0.
  0. 0.]
 [0. 1. 1. 1. 1. 1. 1. 0. 0. 1. 0. 0. 1. 0. 1. 0. 0. 0. 0. 0. 0. 0. 0. 0.
  0. 0. 0. 0. 0. 0. 0. 0. 0. 0. 0. 0. 0. 0. 0. 0. 0. 0. 0. 0. 0. 0. 0. 0.
  0. 0.]
 [1. 1. 1. 0. 0. 1. 1. 0. 0. 1. 0. 0. 1. 1. 0. 0. 0. 0. 0. 0. 0. 0. 0. 0.
  0. 0. 0. 0. 0. 0. 0. 0. 0. 0. 0. 0. 0. 0. 0. 0. 0. 0. 0. 0. 0. 0. 0. 0.
  0. 0.]
 [0. 0. 1. 0. 1. 0. 0. 1. 1. 1. 1. 0. 0. 1. 1. 0. 0. 0. 0. 0. 0. 0. 0. 0.
  0. 0. 0. 0. 0. 0. 0. 0. 0. 0. 0. 0. 0. 0. 0. 0. 0. 0. 0. 0. 0. 0. 0. 0.
  0. 0.]
 [1. 1. 0. 0. 0. 1. 0. 0. 0. 0. 1. 0. 1. 1. 1. 0. 0. 0. 0. 0. 0. 0. 0. 0.
  0. 0. 0. 0. 0. 0. 0. 0. 0. 0. 0. 0. 0. 0. 0. 0. 0. 0. 0. 0. 0. 0. 0. 0.
  0. 0.]
 [0. 1. 0. 0. 0. 0. 1. 0. 1. 1. 0. 0. 1. 1. 1. 0. 0. 0. 0. 0. 0. 0. 0. 0.
  0. 0. 0. 0. 0. 0. 0. 0. 0. 0. 0. 0. 0. 0. 0. 0. 0. 0. 0. 0. 0. 0. 0. 0.
  0. 0.]
 [1. 1. 0. 1. 0. 1. 1. 1. 0. 0. 1. 0. 1. 0. 0. 0. 0. 0. 0. 0. 0. 0. 0. 0.
  0. 0. 0. 0. 0. 0. 0. 0. 0. 0. 0. 0. 0. 0. 0. 0. 0. 0. 0. 0. 0. 0. 0. 0.
  0. 0.]
 [1. 1. 0. 1. 1. 1. 1. 1. 1. 0. 1. 0. 1. 1. 0. 0. 0. 0. 0. 0. 0. 0. 0. 0.
  0. 0. 0. 0. 0. 0. 0. 0. 0. 0. 0. 0. 0. 0. 0. 0. 0. 0. 0. 0. 0. 0. 0. 0.
  0. 0.]
 [0. 1. 1. 0. 0. 0. 1. 1. 0. 0. 0. 0. 0. 1. 1. 0. 0. 0. 0. 0. 0. 0. 0. 0.
  0. 0. 0. 0. 0. 0. 0. 0. 0. 0. 0. 0. 0. 0. 0. 0. 0. 0. 0. 0. 0. 0. 0. 0.
  0. 0.]
 [0. 0. 1. 1. 0. 0. 0. 1. 0. 0. 1. 0. 0. 1. 0. 0. 0. 0. 0. 0. 0. 0. 0. 0.
  0. 0. 0. 0. 0. 0. 0. 0. 0. 0. 0. 0. 0. 0. 0. 0. 0. 0. 0. 0. 0. 0. 0. 0.
  0. 0.]
 [0. 1. 0. 0. 1. 0. 1. 0. 0. 0. 0. 1. 0. 0. 0. 0. 0. 0. 0. 0. 0. 0. 0. 0.
  0. 0. 0. 0. 0. 0. 0. 0. 0. 0. 0. 0. 0. 0. 0. 0. 0. 0. 0. 0. 0. 0. 0. 0.
  0. 0.]
 [1. 1. 1. 0. 1. 1. 1. 0. 1. 0. 0. 0. 1. 0. 0. 0. 0. 0. 0. 0. 0. 0. 0. 0.
  0. 0. 0. 0. 0. 0. 0. 0. 0. 0. 0. 0. 0. 0. 0. 0. 0. 0. 0. 0. 0. 0. 0. 0.
  0. 0.]
 [0. 1. 0. 0. 1. 1. 0. 1. 0. 0. 1. 1. 0. 1. 1. 0. 0. 0. 0. 0. 0. 0. 0. 0.
  0. 0. 0. 0. 0. 0. 0. 0. 0. 0. 0. 0. 0. 0. 0. 0. 0. 0. 0. 0. 0. 0. 0. 0.
  0. 0.]
 [0. 1. 0. 1. 0. 1. 1. 1. 0. 1. 1. 0. 1. 1. 1. 0. 0. 0. 0. 0. 0. 0. 0. 0.
  0. 0. 0. 0. 0. 0. 0. 0. 0. 0. 0. 0. 0. 0. 0. 0. 0. 0. 0. 0. 0. 0. 0. 0.
  0. 0.]
 [1. 1. 1. 0. 1. 1. 0. 1. 1. 1. 1. 0. 0. 1. 0. 0. 0. 0. 0. 0. 0. 0. 0. 0.
  0. 0. 0. 0. 0. 0. 0. 0. 0. 0. 0. 0. 0. 0. 0. 0. 0. 0. 0. 0. 0. 0. 0. 0.
  0. 0.]
 [0. 1. 1. 1. 1. 0. 0. 1. 0. 1. 0. 0. 0. 1. 0. 0. 0. 0. 0. 0. 0. 0. 0. 0.
  0. 0. 0. 0. 0. 0. 0. 0. 0. 0. 0. 0. 0. 0. 0. 0. 0. 0. 0. 0. 0. 0. 0. 0.
  0. 0.]
 [1. 1. 1. 1. 0. 1. 0. 1. 0. 0. 0. 0. 1. 1. 0. 0. 0. 0. 0. 0. 0. 0. 0. 0.
  0. 0. 0. 0. 0. 0. 0. 0. 0. 0. 0. 0. 0. 0. 0. 0. 0. 0. 0. 0. 0. 0. 0. 0.
  0. 0.]
 [0. 0. 1. 0. 1. 0. 0. 0. 1. 1. 0. 0. 0. 1. 0. 0. 0. 0. 0. 0. 0. 0. 0. 0.
  0. 0. 0. 0. 0. 0. 0. 0. 0. 0. 0. 0. 0. 0. 0. 0. 0. 0. 0. 0. 0. 0. 0. 0.
  0. 0.]
 [1. 1. 1. 0. 1. 0. 0. 0. 0. 0. 0. 1. 1. 0. 0. 0. 0. 0. 0. 0. 0. 0. 0. 0.
  0. 0. 0. 0. 0. 0. 0. 0. 0. 0. 0. 0. 0. 0. 0. 0. 0. 0. 0. 0. 0. 0. 0. 0.
  0. 0.]
 [1. 0. 1. 0. 1. 0. 1. 1. 1. 1. 1. 1. 0. 1. 0. 0. 0. 0. 0. 0. 0. 0. 0. 0.
  0. 0. 0. 0. 0. 0. 0. 0. 0. 0. 0. 0. 0. 0. 0. 0. 0. 0. 0. 0. 0. 0. 0. 0.
  0. 0.]]
start_times_array: [[7.918e+03 8.356e+03 8.411e+03 8.473e+03 8.547e+03 8.678e+03 8.773e+03
  8.802e+03 8.849e+03 8.943e+03 9.144e+03 9.208e+03 9.326e+03 9.441e+03
  9.519e+03]
 [3.717e+03 4.522e+03 7.918e+03 8.372e+03 8.412e+03 8.465e+03 8.503e+03
  8.547e+03 8.585e+03 8.592e+03 8.601e+03 9.046e+03 9.113e+03 9.171e+03
  9.465e+03]
 [2.961e+03 7.468e+03 7.716e+03 7.972e+03 8.083e+03 8.240e+03 8.289e+03
  8.335e+03 8.585e+03 8.722e+03 8.981e+03 8.994e+03 9.066e+03 9.283e+03
  9.386e+03]
 [6.686e+03 6.817e+03 6.864e+03 7.281e+03 7.627e+03 7.665e+03 7.809e+03
  7.826e+03 7.833e+03 8.083e+03 8.087e+03 8.156e+03 8.195e+03 8.240e+03
  8.994e+03]
 [6.354e+03 6.543e+03 6.979e+03 7.027e+03 7.030e+03 7.037e+03 7.106e+03
  7.339e+03 7.542e+03 7.627e+03 7.679e+03 7.809e+03 7.834e+03 8.141e+03
  8.226e+03]
 [2.908e+03 5.700e+03 6.069e+03 6.268e+03 6.442e+03 6.456e+03 6.481e+03
  6.623e+03 7.188e+03 7.274e+03 7.385e+03 7.543e+03 7.918e+03 8.044e+03
  8.067e+03]
 [5.383e+03 5.439e+03 6.442e+03 6.539e+03 7.156e+03 7.159e+03 7.242e+03
  7.339e+03 7.383e+03 7.542e+03 7.679e+03 7.824e+03 7.826e+03 8.005e+03
  8.765e+03]
 [5.074e+03 5.616e+03 5.742e+03 5.864e+03 6.007e+03 6.144e+03 6.254e+03
  6.402e+03 6.686e+03 6.780e+03 6.793e+03 6.852e+03 6.916e+03 7.281e+03
  7.468e+03]
 [3.206e+03 3.838e+03 4.833e+03 5.089e+03 5.267e+03 5.359e+03 5.742e+03
  5.829e+03 5.848e+03 5.871e+03 5.945e+03 6.044e+03 6.133e+03 6.175e+03
  6.246e+03]
 [4.587e+03 4.833e+03 4.911e+03 4.986e+03 5.226e+03 5.267e+03 5.317e+03
  5.523e+03 5.838e+03 5.928e+03 5.945e+03 6.065e+03 6.131e+03 6.208e+03
  6.817e+03]
 [3.497e+03 3.752e+03 3.970e+03 4.294e+03 4.466e+03 4.559e+03 4.670e+03
  4.744e+03 4.785e+03 4.864e+03 5.074e+03 5.616e+03 5.764e+03 6.063e+03
  6.573e+03]
 [3.569e+03 3.970e+03 4.243e+03 4.436e+03 4.471e+03 4.581e+03 4.643e+03
  4.734e+03 4.864e+03 4.873e+03 4.983e+03 5.074e+03 5.132e+03 5.171e+03
  5.232e+03]
 [2.328e+03 2.761e+03 2.859e+03 2.908e+03 3.371e+03 3.465e+03 3.833e+03
  3.911e+03 3.940e+03 4.067e+03 4.114e+03 4.164e+03 4.218e+03 4.346e+03
  5.439e+03]
 [1.770e+03 2.761e+03 3.193e+03 3.465e+03 3.559e+03 3.851e+03 3.921e+03
  4.067e+03 4.231e+03 4.346e+03 4.380e+03 4.643e+03 4.644e+03 5.232e+03
  5.240e+03]
 [2.283e+03 2.547e+03 2.859e+03 3.003e+03 3.030e+03 3.068e+03 3.125e+03
  3.319e+03 3.389e+03 3.467e+03 3.504e+03 3.654e+03 3.842e+03 4.093e+03
  4.150e+03]
 [0.000e+00 1.520e+02 1.704e+03 1.947e+03 2.004e+03 2.208e+03 2.552e+03
  2.636e+03 3.112e+03 3.472e+03 3.546e+03 3.662e+03 3.684e+03 3.760e+03
  4.265e+03]
 [1.621e+03 2.109e+03 2.114e+03 2.208e+03 2.210e+03 2.278e+03 2.638e+03
  2.691e+03 3.030e+03 3.112e+03 3.328e+03 3.370e+03 3.497e+03 3.735e+03
  3.847e+03]
 [1.507e+03 1.824e+03 1.921e+03 1.971e+03 1.985e+03 2.144e+03 2.342e+03
  2.432e+03 2.487e+03 2.804e+03 2.880e+03 3.275e+03 3.504e+03 3.642e+03
  3.662e+03]
 [1.970e+02 9.270e+02 1.815e+03 1.905e+03 1.993e+03 2.201e+03 2.258e+03
  2.374e+03 2.582e+03 2.804e+03 2.817e+03 3.299e+03 3.467e+03 3.516e+03
  3.842e+03]
 [8.110e+02 1.534e+03 1.535e+03 1.884e+03 1.999e+03 2.075e+03 2.080e+03
  2.110e+03 2.209e+03 2.373e+03 2.566e+03 2.734e+03 2.957e+03 3.564e+03
  3.927e+03]
 [4.130e+02 1.375e+03 1.709e+03 1.905e+03 2.094e+03 2.098e+03 2.110e+03
  2.160e+03 2.373e+03 2.390e+03 2.410e+03 2.566e+03 2.636e+03 2.649e+03
  3.559e+03]
 [1.140e+03 1.227e+03 1.266e+03 1.616e+03 1.685e+03 1.750e+03 1.769e+03
  1.906e+03 2.034e+03 2.121e+03 2.373e+03 2.374e+03 2.457e+03 2.568e+03
  2.653e+03]
 [0.000e+00 5.700e+01 4.870e+02 6.680e+02 1.353e+03 1.401e+03 1.673e+03
  1.792e+03 1.905e+03 2.084e+03 2.120e+03 2.190e+03 2.385e+03 2.566e+03
  2.789e+03]
 [1.661e+03 1.753e+03 1.786e+03 1.855e+03 2.001e+03 2.110e+03 2.225e+03
  2.258e+03 2.373e+03 2.410e+03 2.507e+03 2.566e+03 2.629e+03 2.724e+03
  2.741e+03]
 [9.480e+02 1.315e+03 1.471e+03 1.474e+03 1.599e+03 1.680e+03 1.742e+03
  2.004e+03 2.035e+03 2.110e+03 2.114e+03 2.160e+03 2.691e+03 2.805e+03
  3.275e+03]
 [0.000e+00 1.274e+03 1.355e+03 1.415e+03 1.430e+03 1.866e+03 1.921e+03
  2.190e+03 2.234e+03 2.342e+03 2.423e+03 2.501e+03 2.690e+03 2.712e+03
  2.730e+03]
 [4.290e+02 6.570e+02 1.144e+03 1.231e+03 1.496e+03 1.508e+03 1.838e+03
  1.855e+03 2.066e+03 2.249e+03 2.342e+03 2.396e+03 2.468e+03 2.602e+03
  3.612e+03]
 [2.130e+02 5.060e+02 5.620e+02 6.810e+02 1.707e+03 1.721e+03 1.749e+03
  1.786e+03 1.856e+03 2.048e+03 2.130e+03 2.167e+03 2.483e+03 2.597e+03
  2.701e+03]
 [1.010e+02 6.150e+02 7.610e+02 1.324e+03 1.418e+03 1.470e+03 1.685e+03
  1.786e+03 1.861e+03 1.905e+03 1.985e+03 2.036e+03 2.047e+03 2.561e+03
  3.285e+03]
 [3.140e+02 9.880e+02 1.075e+03 1.203e+03 1.415e+03 1.569e+03 1.602e+03
  1.645e+03 1.845e+03 1.897e+03 2.328e+03 2.385e+03 2.528e+03 2.543e+03
  3.343e+03]
 [1.320e+02 4.090e+02 4.400e+02 1.008e+03 1.191e+03 1.395e+03 1.463e+03
  1.508e+03 1.602e+03 1.651e+03 1.939e+03 2.032e+03 2.176e+03 2.187e+03
  2.566e+03]
 [0.000e+00 6.800e+01 1.070e+02 1.320e+02 8.430e+02 1.217e+03 1.266e+03
  1.334e+03 1.526e+03 1.637e+03 1.676e+03 1.908e+03 2.219e+03 2.451e+03
  2.629e+03]
 [0.000e+00 9.700e+01 7.640e+02 8.500e+02 8.700e+02 1.165e+03 1.334e+03
  1.424e+03 1.591e+03 1.897e+03 1.918e+03 1.988e+03 2.082e+03 2.084e+03
  2.431e+03]
 [8.300e+01 2.780e+02 1.308e+03 1.527e+03 1.560e+03 1.686e+03 1.718e+03
  1.786e+03 1.794e+03 1.861e+03 1.985e+03 2.113e+03 2.206e+03 2.566e+03
  2.650e+03]
 [0.000e+00 1.700e+01 2.640e+02 5.650e+02 6.440e+02 1.333e+03 1.457e+03
  1.577e+03 1.606e+03 1.644e+03 1.661e+03 1.683e+03 1.971e+03 2.105e+03
  2.130e+03]
 [0.000e+00 1.080e+02 7.480e+02 8.210e+02 1.080e+03 1.144e+03 1.296e+03
  1.376e+03 1.398e+03 1.430e+03 1.609e+03 1.635e+03 1.869e+03 2.126e+03
  2.373e+03]
 [2.200e+01 8.200e+01 8.530e+02 9.080e+02 9.830e+02 1.047e+03 1.069e+03
  1.112e+03 1.227e+03 1.446e+03 1.512e+03 1.534e+03 1.645e+03 1.901e+03
  2.187e+03]
 [1.630e+02 2.130e+02 6.790e+02 7.290e+02 7.970e+02 8.570e+02 9.560e+02
  1.034e+03 1.087e+03 1.140e+03 1.221e+03 1.786e+03 1.825e+03 1.901e+03
  2.085e+03]
 [1.010e+02 1.610e+02 2.100e+02 4.310e+02 5.550e+02 6.530e+02 9.780e+02
  1.034e+03 1.051e+03 1.112e+03 1.180e+03 1.409e+03 1.555e+03 1.802e+03
  1.901e+03]
 [6.300e+01 2.720e+02 3.630e+02 8.220e+02 8.430e+02 9.340e+02 1.221e+03
  1.400e+03 1.401e+03 1.424e+03 1.512e+03 1.518e+03 1.591e+03 1.667e+03
  2.017e+03]
 [9.600e+01 1.510e+02 3.380e+02 3.770e+02 6.320e+02 7.970e+02 8.210e+02
  8.700e+02 1.051e+03 1.140e+03 1.149e+03 1.231e+03 1.489e+03 1.883e+03
  1.943e+03]
 [4.700e+01 3.250e+02 3.730e+02 4.290e+02 6.050e+02 6.810e+02 7.060e+02
  8.570e+02 9.240e+02 1.020e+03 1.112e+03 1.474e+03 1.510e+03 1.561e+03
  1.606e+03]
 [7.400e+01 1.190e+02 1.660e+02 2.470e+02 3.010e+02 3.250e+02 3.260e+02
  4.180e+02 5.060e+02 6.000e+02 7.610e+02 8.090e+02 1.352e+03 1.401e+03
  1.424e+03]
 [1.200e+01 9.500e+01 1.010e+02 2.230e+02 2.880e+02 3.870e+02 4.840e+02
  5.820e+02 7.060e+02 7.480e+02 1.026e+03 1.103e+03 1.360e+03 1.795e+03
  2.098e+03]
 [0.000e+00 3.260e+02 4.290e+02 4.790e+02 5.200e+02 7.050e+02 7.910e+02
  8.090e+02 9.340e+02 1.025e+03 1.129e+03 1.314e+03 1.401e+03 1.546e+03
  1.621e+03]
 [0.000e+00 4.400e+01 1.300e+02 2.820e+02 3.770e+02 5.820e+02 6.150e+02
  6.830e+02 7.120e+02 7.610e+02 8.570e+02 9.010e+02 9.880e+02 1.069e+03
  1.179e+03]
 [9.000e+00 1.320e+02 2.290e+02 2.450e+02 2.780e+02 3.250e+02 4.180e+02
  4.730e+02 5.550e+02 5.620e+02 5.800e+02 6.090e+02 7.050e+02 8.210e+02
  9.010e+02]
 [0.000e+00 5.400e+01 1.070e+02 1.320e+02 2.130e+02 3.010e+02 4.790e+02
  5.690e+02 6.090e+02 6.440e+02 7.800e+02 9.830e+02 1.035e+03 1.269e+03
  1.350e+03]
 [3.000e+00 1.330e+02 2.420e+02 2.800e+02 3.770e+02 4.730e+02 6.060e+02
  6.910e+02 7.640e+02 9.330e+02 1.041e+03 1.069e+03 1.087e+03 1.119e+03
  1.535e+03]
 [0.000e+00 6.900e+01 1.330e+02 2.100e+02 2.130e+02 2.880e+02 3.870e+02
  5.300e+02 5.860e+02 6.150e+02 7.110e+02 8.650e+02 9.290e+02 9.600e+02
  1.571e+03]]
