optimal_status: 0
solution: 11058.0
cpu_time: 3600.129427909851
gap: 0.8295955118295638
upper_bound: 1884.3328301886838
lower_bound: 11058.0
cg_matrix: [[0. 0. 0. 0. 0. 0. 1. 1. 0. 1. 1. 0. 0. 0. 1. 0. 0. 1. 0. 0. 0. 1. 1. 0.
  1. 0. 0. 0. 0. 0. 0. 0. 0. 0. 0. 0. 0. 1. 1. 0. 0. 0. 0. 0. 0. 0. 0. 0.
  0. 0.]
 [0. 0. 0. 1. 0. 1. 1. 0. 1. 0. 0. 0. 1. 0. 1. 0. 1. 1. 0. 0. 1. 0. 0. 0.
  0. 0. 1. 0. 0. 0. 1. 1. 0. 0. 0. 0. 0. 0. 0. 0. 1. 0. 0. 0. 0. 1. 0. 0.
  0. 0.]
 [0. 0. 0. 0. 0. 1. 0. 0. 1. 1. 1. 0. 0. 0. 0. 0. 1. 1. 1. 0. 1. 0. 0. 0.
  0. 0. 0. 0. 1. 0. 0. 0. 0. 0. 0. 1. 0. 0. 1. 0. 0. 0. 0. 0. 1. 0. 0. 0.
  0. 1.]
 [0. 1. 0. 0. 0. 0. 0. 0. 0. 0. 0. 1. 0. 0. 0. 0. 0. 0. 0. 0. 0. 0. 0. 0.
  0. 0. 0. 0. 0. 0. 0. 0. 0. 0. 0. 0. 0. 0. 1. 0. 0. 0. 0. 1. 0. 0. 1. 0.
  0. 0.]
 [0. 0. 0. 0. 0. 0. 0. 0. 0. 0. 0. 0. 0. 0. 0. 0. 1. 0. 0. 0. 0. 0. 0. 0.
  0. 0. 0. 1. 0. 1. 0. 1. 0. 0. 0. 0. 1. 0. 1. 1. 0. 0. 1. 0. 0. 0. 0. 0.
  0. 0.]
 [0. 1. 1. 0. 0. 0. 0. 0. 0. 0. 0. 0. 1. 0. 1. 0. 0. 0. 1. 0. 0. 0. 0. 0.
  1. 0. 0. 0. 0. 0. 0. 0. 0. 0. 0. 0. 0. 0. 0. 0. 0. 1. 0. 0. 0. 0. 1. 1.
  1. 1.]
 [1. 1. 0. 0. 0. 0. 0. 1. 0. 1. 0. 0. 0. 1. 0. 0. 1. 0. 0. 0. 0. 0. 0. 0.
  0. 0. 0. 0. 0. 0. 0. 0. 0. 0. 0. 0. 0. 0. 0. 0. 0. 0. 1. 1. 0. 0. 0. 1.
  0. 0.]
 [1. 0. 0. 0. 0. 0. 1. 0. 1. 0. 1. 0. 0. 0. 1. 0. 0. 0. 0. 0. 1. 0. 1. 0.
  0. 0. 0. 0. 1. 0. 0. 0. 0. 0. 0. 0. 0. 0. 0. 0. 0. 0. 0. 1. 0. 1. 1. 0.
  1. 0.]
 [0. 1. 1. 0. 0. 0. 0. 1. 0. 1. 0. 0. 0. 0. 1. 0. 1. 0. 1. 0. 0. 0. 0. 0.
  1. 0. 0. 0. 0. 0. 0. 1. 0. 0. 0. 0. 0. 0. 0. 1. 0. 0. 0. 1. 0. 0. 0. 0.
  0. 0.]
 [1. 0. 1. 0. 0. 0. 1. 0. 1. 0. 0. 0. 0. 0. 0. 0. 1. 0. 0. 0. 0. 0. 0. 1.
  0. 0. 0. 1. 1. 0. 0. 0. 0. 0. 0. 0. 0. 0. 0. 0. 0. 0. 0. 0. 1. 0. 0. 1.
  0. 1.]
 [1. 0. 1. 0. 0. 0. 0. 1. 0. 0. 0. 1. 0. 0. 1. 0. 1. 0. 0. 0. 1. 0. 1. 0.
  0. 0. 1. 0. 0. 1. 0. 1. 0. 0. 0. 0. 0. 1. 1. 0. 0. 0. 0. 0. 0. 0. 0. 0.
  0. 1.]
 [0. 0. 0. 1. 0. 0. 0. 0. 0. 0. 1. 0. 0. 1. 0. 0. 0. 0. 0. 0. 0. 0. 1. 0.
  0. 0. 0. 1. 0. 0. 0. 0. 1. 0. 0. 0. 0. 0. 0. 0. 1. 0. 0. 0. 1. 1. 0. 1.
  1. 1.]
 [0. 1. 0. 0. 0. 1. 0. 0. 0. 0. 0. 0. 0. 0. 0. 0. 0. 0. 1. 0. 0. 0. 0. 0.
  0. 0. 0. 1. 1. 1. 0. 1. 0. 1. 0. 0. 0. 0. 0. 0. 1. 0. 0. 1. 1. 0. 1. 1.
  1. 1.]
 [0. 0. 0. 0. 0. 0. 1. 0. 0. 0. 0. 1. 0. 0. 0. 0. 1. 0. 0. 0. 0. 0. 0. 1.
  0. 0. 0. 0. 1. 0. 0. 0. 1. 0. 0. 1. 0. 0. 1. 0. 0. 0. 0. 1. 0. 0. 1. 0.
  1. 0.]
 [1. 1. 0. 0. 0. 1. 0. 1. 1. 0. 1. 0. 0. 0. 0. 1. 0. 0. 0. 0. 0. 0. 0. 1.
  0. 1. 0. 0. 1. 0. 0. 1. 0. 0. 1. 0. 0. 0. 1. 0. 0. 0. 0. 0. 0. 0. 0. 0.
  0. 0.]
 [0. 0. 0. 0. 0. 0. 0. 0. 0. 0. 0. 0. 0. 0. 1. 0. 0. 1. 0. 0. 1. 0. 0. 1.
  0. 0. 0. 1. 0. 0. 0. 0. 0. 0. 0. 1. 0. 1. 0. 0. 0. 1. 0. 0. 0. 1. 0. 1.
  0. 1.]
 [0. 1. 1. 0. 1. 0. 1. 0. 1. 1. 1. 0. 0. 1. 0. 0. 0. 0. 0. 0. 0. 0. 0. 0.
  0. 0. 0. 0. 1. 0. 0. 0. 0. 0. 0. 0. 0. 1. 0. 0. 0. 1. 0. 1. 0. 1. 1. 1.
  0. 0.]
 [1. 1. 1. 0. 0. 0. 0. 0. 0. 0. 0. 0. 0. 0. 0. 1. 0. 0. 0. 0. 0. 0. 0. 1.
  0. 1. 0. 1. 0. 0. 1. 1. 0. 0. 0. 1. 0. 0. 0. 0. 0. 0. 0. 0. 0. 0. 0. 0.
  0. 0.]
 [0. 0. 1. 0. 0. 1. 0. 0. 1. 0. 0. 0. 1. 0. 0. 0. 0. 0. 0. 0. 0. 0. 0. 0.
  0. 0. 0. 0. 1. 0. 1. 0. 0. 0. 0. 0. 0. 1. 0. 1. 0. 1. 0. 0. 1. 0. 0. 1.
  0. 1.]
 [0. 0. 0. 0. 0. 0. 0. 0. 0. 0. 0. 0. 0. 0. 0. 0. 0. 0. 0. 0. 0. 0. 1. 1.
  0. 1. 0. 0. 0. 1. 0. 0. 0. 0. 0. 0. 1. 0. 0. 0. 0. 0. 0. 0. 1. 0. 0. 0.
  0. 0.]
 [0. 1. 1. 0. 0. 0. 0. 1. 0. 0. 1. 0. 0. 0. 0. 1. 0. 0. 0. 0. 0. 0. 0. 0.
  0. 0. 0. 0. 0. 0. 0. 0. 0. 0. 0. 0. 0. 0. 0. 0. 0. 0. 0. 0. 0. 0. 0. 0.
  0. 0.]
 [1. 0. 0. 0. 0. 0. 0. 0. 0. 0. 0. 0. 0. 0. 0. 0. 0. 0. 0. 0. 0. 0. 0. 0.
  0. 0. 0. 0. 0. 0. 0. 0. 0. 0. 0. 0. 0. 0. 0. 0. 0. 0. 0. 0. 0. 0. 0. 0.
  0. 0.]
 [1. 0. 0. 0. 0. 0. 0. 1. 0. 0. 1. 1. 0. 0. 0. 0. 0. 0. 0. 1. 0. 0. 0. 0.
  0. 0. 0. 0. 0. 0. 0. 0. 0. 0. 0. 0. 0. 0. 0. 0. 0. 0. 0. 0. 0. 0. 0. 0.
  0. 0.]
 [0. 0. 0. 0. 0. 0. 0. 0. 0. 1. 0. 0. 0. 1. 1. 1. 0. 1. 0. 1. 0. 0. 0. 0.
  0. 0. 0. 0. 0. 0. 0. 0. 0. 0. 0. 0. 0. 0. 0. 0. 0. 0. 0. 0. 0. 0. 0. 0.
  0. 0.]
 [1. 0. 0. 0. 0. 1. 0. 0. 1. 0. 0. 0. 0. 0. 0. 0. 0. 0. 0. 0. 0. 0. 0. 0.
  0. 0. 0. 0. 0. 0. 0. 0. 0. 0. 0. 0. 0. 0. 0. 0. 0. 0. 0. 0. 0. 0. 0. 0.
  0. 0.]
 [0. 0. 0. 0. 0. 0. 0. 0. 0. 0. 0. 0. 0. 0. 1. 0. 0. 1. 0. 1. 0. 0. 0. 0.
  0. 0. 0. 0. 0. 0. 0. 0. 0. 0. 0. 0. 0. 0. 0. 0. 0. 0. 0. 0. 0. 0. 0. 0.
  0. 0.]
 [0. 1. 0. 0. 0. 0. 0. 0. 0. 0. 1. 0. 0. 0. 0. 0. 0. 0. 0. 0. 0. 0. 0. 0.
  0. 0. 0. 0. 0. 0. 0. 0. 0. 0. 0. 0. 0. 0. 0. 0. 0. 0. 0. 0. 0. 0. 0. 0.
  0. 0.]
 [0. 0. 0. 0. 1. 0. 0. 0. 0. 1. 0. 1. 1. 0. 0. 1. 0. 1. 0. 0. 0. 0. 0. 0.
  0. 0. 0. 0. 0. 0. 0. 0. 0. 0. 0. 0. 0. 0. 0. 0. 0. 0. 0. 0. 0. 0. 0. 0.
  0. 0.]
 [0. 0. 1. 0. 0. 0. 0. 1. 0. 1. 0. 0. 1. 1. 1. 0. 1. 0. 1. 0. 0. 0. 0. 0.
  0. 0. 0. 0. 0. 0. 0. 0. 0. 0. 0. 0. 0. 0. 0. 0. 0. 0. 0. 0. 0. 0. 0. 0.
  0. 0.]
 [0. 0. 0. 0. 1. 0. 0. 0. 0. 0. 1. 0. 1. 0. 0. 0. 0. 0. 0. 1. 0. 0. 0. 0.
  0. 0. 0. 0. 0. 0. 0. 0. 0. 0. 0. 0. 0. 0. 0. 0. 0. 0. 0. 0. 0. 0. 0. 0.
  0. 0.]
 [0. 1. 0. 0. 0. 0. 0. 0. 0. 0. 0. 0. 0. 0. 0. 0. 0. 1. 1. 0. 0. 0. 0. 0.
  0. 0. 0. 0. 0. 0. 0. 0. 0. 0. 0. 0. 0. 0. 0. 0. 0. 0. 0. 0. 0. 0. 0. 0.
  0. 0.]
 [0. 1. 0. 0. 1. 0. 0. 0. 1. 0. 1. 0. 1. 0. 1. 0. 0. 1. 0. 0. 0. 0. 0. 0.
  0. 0. 0. 0. 0. 0. 0. 0. 0. 0. 0. 0. 0. 0. 0. 0. 0. 0. 0. 0. 0. 0. 0. 0.
  0. 0.]
 [0. 0. 0. 0. 0. 0. 0. 0. 0. 0. 0. 1. 0. 1. 0. 0. 0. 0. 0. 0. 0. 0. 0. 0.
  0. 0. 0. 0. 0. 0. 0. 0. 0. 0. 0. 0. 0. 0. 0. 0. 0. 0. 0. 0. 0. 0. 0. 0.
  0. 0.]
 [0. 0. 0. 0. 0. 0. 0. 0. 0. 0. 0. 0. 1. 0. 0. 0. 0. 0. 0. 0. 0. 0. 0. 0.
  0. 0. 0. 0. 0. 0. 0. 0. 0. 0. 0. 0. 0. 0. 0. 0. 0. 0. 0. 0. 0. 0. 0. 0.
  0. 0.]
 [0. 0. 0. 0. 0. 0. 0. 0. 0. 0. 0. 0. 0. 0. 1. 0. 0. 0. 0. 0. 0. 0. 0. 0.
  0. 0. 0. 0. 0. 0. 0. 0. 0. 0. 0. 0. 0. 0. 0. 0. 0. 0. 0. 0. 0. 0. 0. 0.
  0. 0.]
 [0. 0. 1. 0. 0. 0. 0. 0. 0. 0. 0. 0. 0. 1. 0. 1. 0. 1. 0. 0. 0. 0. 0. 0.
  0. 0. 0. 0. 0. 0. 0. 0. 0. 0. 0. 0. 0. 0. 0. 0. 0. 0. 0. 0. 0. 0. 0. 0.
  0. 0.]
 [0. 0. 0. 0. 1. 0. 0. 0. 0. 0. 0. 0. 0. 0. 0. 0. 0. 0. 0. 1. 0. 0. 0. 0.
  0. 0. 0. 0. 0. 0. 0. 0. 0. 0. 0. 0. 0. 0. 0. 0. 0. 0. 0. 0. 0. 0. 0. 0.
  0. 0.]
 [1. 0. 0. 0. 0. 0. 0. 0. 0. 0. 1. 0. 0. 0. 0. 1. 1. 0. 1. 0. 0. 0. 0. 0.
  0. 0. 0. 0. 0. 0. 0. 0. 0. 0. 0. 0. 0. 0. 0. 0. 0. 0. 0. 0. 0. 0. 0. 0.
  0. 0.]
 [1. 0. 1. 1. 1. 0. 0. 0. 0. 0. 1. 0. 0. 1. 1. 0. 0. 0. 0. 0. 0. 0. 0. 0.
  0. 0. 0. 0. 0. 0. 0. 0. 0. 0. 0. 0. 0. 0. 0. 0. 0. 0. 0. 0. 0. 0. 0. 0.
  0. 0.]
 [0. 0. 0. 0. 1. 0. 0. 0. 1. 0. 0. 0. 0. 0. 0. 0. 0. 0. 1. 0. 0. 0. 0. 0.
  0. 0. 0. 0. 0. 0. 0. 0. 0. 0. 0. 0. 0. 0. 0. 0. 0. 0. 0. 0. 0. 0. 0. 0.
  0. 0.]
 [0. 1. 0. 0. 0. 0. 0. 0. 0. 0. 0. 1. 1. 0. 0. 0. 0. 0. 0. 0. 0. 0. 0. 0.
  0. 0. 0. 0. 0. 0. 0. 0. 0. 0. 0. 0. 0. 0. 0. 0. 0. 0. 0. 0. 0. 0. 0. 0.
  0. 0.]
 [0. 0. 0. 0. 0. 1. 0. 0. 0. 0. 0. 0. 0. 0. 0. 1. 1. 0. 1. 0. 0. 0. 0. 0.
  0. 0. 0. 0. 0. 0. 0. 0. 0. 0. 0. 0. 0. 0. 0. 0. 0. 0. 0. 0. 0. 0. 0. 0.
  0. 0.]
 [0. 0. 0. 0. 1. 0. 1. 0. 0. 0. 0. 0. 0. 0. 0. 0. 0. 0. 0. 0. 0. 0. 0. 0.
  0. 0. 0. 0. 0. 0. 0. 0. 0. 0. 0. 0. 0. 0. 0. 0. 0. 0. 0. 0. 0. 0. 0. 0.
  0. 0.]
 [0. 0. 0. 1. 0. 0. 1. 1. 1. 0. 0. 0. 1. 1. 0. 0. 1. 0. 0. 0. 0. 0. 0. 0.
  0. 0. 0. 0. 0. 0. 0. 0. 0. 0. 0. 0. 0. 0. 0. 0. 0. 0. 0. 0. 0. 0. 0. 0.
  0. 0.]
 [0. 0. 1. 0. 0. 0. 0. 0. 0. 1. 0. 1. 1. 0. 0. 0. 0. 0. 1. 1. 0. 0. 0. 0.
  0. 0. 0. 0. 0. 0. 0. 0. 0. 0. 0. 0. 0. 0. 0. 0. 0. 0. 0. 0. 0. 0. 0. 0.
  0. 0.]
 [0. 1. 0. 0. 0. 0. 0. 1. 0. 0. 0. 1. 0. 0. 0. 1. 1. 0. 0. 0. 0. 0. 0. 0.
  0. 0. 0. 0. 0. 0. 0. 0. 0. 0. 0. 0. 0. 0. 0. 0. 0. 0. 0. 0. 0. 0. 0. 0.
  0. 0.]
 [0. 0. 0. 1. 0. 1. 0. 1. 0. 0. 0. 0. 1. 1. 0. 0. 1. 0. 0. 0. 0. 0. 0. 0.
  0. 0. 0. 0. 0. 0. 0. 0. 0. 0. 0. 0. 0. 0. 0. 0. 0. 0. 0. 0. 0. 0. 0. 0.
  0. 0.]
 [0. 0. 0. 0. 0. 1. 1. 0. 0. 1. 0. 1. 1. 0. 0. 1. 1. 0. 1. 0. 0. 0. 0. 0.
  0. 0. 0. 0. 0. 0. 0. 0. 0. 0. 0. 0. 0. 0. 0. 0. 0. 0. 0. 0. 0. 0. 0. 0.
  0. 0.]
 [0. 0. 0. 0. 0. 1. 0. 1. 0. 0. 0. 1. 1. 1. 0. 0. 0. 0. 0. 0. 0. 0. 0. 0.
  0. 0. 0. 0. 0. 0. 0. 0. 0. 0. 0. 0. 0. 0. 0. 0. 0. 0. 0. 0. 0. 0. 0. 0.
  0. 0.]
 [0. 0. 1. 0. 0. 1. 0. 0. 0. 1. 1. 1. 1. 0. 0. 1. 0. 0. 1. 0. 0. 0. 0. 0.
  0. 0. 0. 0. 0. 0. 0. 0. 0. 0. 0. 0. 0. 0. 0. 0. 0. 0. 0. 0. 0. 0. 0. 0.
  0. 0.]]
start_times_array: [[4.1020e+03 4.3550e+03 4.4780e+03 5.0560e+03 5.1270e+03 5.2970e+03
  5.6740e+03 5.7150e+03 6.4860e+03 6.7640e+03 6.9630e+03 7.1400e+03
  7.7330e+03 8.0530e+03 8.1950e+03 8.4130e+03 9.0160e+03 9.6130e+03
  9.7710e+03 1.1041e+04]
 [3.2670e+03 3.3520e+03 3.3700e+03 3.5170e+03 3.5590e+03 3.8980e+03
  4.5290e+03 4.9740e+03 5.1460e+03 6.8520e+03 7.4330e+03 7.6960e+03
  8.0110e+03 8.1350e+03 8.3420e+03 8.7990e+03 9.2230e+03 9.8730e+03
  1.0236e+04 1.0866e+04]
 [3.2070e+03 3.2400e+03 3.6790e+03 3.8980e+03 4.3550e+03 4.6760e+03
  4.7690e+03 5.2000e+03 5.2930e+03 5.4410e+03 5.6440e+03 6.0820e+03
  6.4380e+03 6.8530e+03 7.3540e+03 7.3960e+03 7.7610e+03 9.4150e+03
  1.0122e+04 1.0382e+04]
 [1.3240e+03 1.5650e+03 1.6060e+03 1.7650e+03 2.2760e+03 6.5920e+03
  6.9070e+03 7.1400e+03 7.3860e+03 7.5670e+03 8.0690e+03 8.2630e+03
  9.0810e+03 9.1300e+03 9.1690e+03 9.6150e+03 9.6420e+03 9.9650e+03
  1.0505e+04 1.0725e+04]
 [3.4070e+03 3.9490e+03 4.2170e+03 4.2240e+03 4.3550e+03 4.4270e+03
  4.5500e+03 4.9770e+03 5.1430e+03 5.6070e+03 6.0920e+03 6.6220e+03
  6.8290e+03 7.1400e+03 7.3540e+03 8.3810e+03 8.4130e+03 9.0810e+03
  9.2230e+03 9.5850e+03]
 [5.2900e+02 7.2400e+02 9.2600e+02 1.0820e+03 1.2500e+03 1.4710e+03
  1.8070e+03 1.8690e+03 1.9270e+03 2.0460e+03 3.9790e+03 4.4500e+03
  7.2620e+03 7.8920e+03 8.2630e+03 8.4280e+03 8.5390e+03 8.7180e+03
  9.9380e+03 1.0895e+04]
 [5.1000e+01 3.6200e+02 7.6400e+02 1.0130e+03 1.0140e+03 1.2110e+03
  1.5100e+03 1.6730e+03 1.7230e+03 2.0190e+03 2.0210e+03 2.1940e+03
  2.2590e+03 2.3700e+03 2.6010e+03 2.6470e+03 2.9430e+03 3.0090e+03
  3.0650e+03 3.0780e+03]
 [1.6300e+02 4.0500e+02 4.9000e+02 6.6500e+02 1.1200e+03 1.2500e+03
  1.5680e+03 1.6120e+03 1.8080e+03 1.9360e+03 2.2790e+03 2.7500e+03
  2.8090e+03 2.9170e+03 7.4330e+03 8.1290e+03 8.6110e+03 9.2340e+03
  9.9380e+03 1.0445e+04]
 [2.8250e+03 3.0550e+03 3.0850e+03 3.4240e+03 3.8530e+03 3.9790e+03
  5.4660e+03 5.8790e+03 6.6220e+03 6.6560e+03 7.1780e+03 7.6970e+03
  8.2630e+03 8.8960e+03 8.9630e+03 9.2810e+03 9.3940e+03 9.7950e+03
  1.0302e+04 1.0985e+04]
 [3.5900e+03 4.0670e+03 4.6900e+03 4.7510e+03 4.8400e+03 5.2730e+03
  5.3990e+03 5.5560e+03 6.2480e+03 6.4030e+03 6.6570e+03 6.8930e+03
  6.9070e+03 7.0640e+03 7.9230e+03 8.4280e+03 8.4590e+03 9.6430e+03
  1.0033e+04 1.0553e+04]
 [1.8750e+03 2.1940e+03 2.3710e+03 2.6010e+03 2.9430e+03 3.0680e+03
  3.2970e+03 3.9400e+03 4.0480e+03 4.2590e+03 6.3120e+03 6.8930e+03
  6.9680e+03 7.1070e+03 7.6570e+03 7.9230e+03 8.9310e+03 9.6870e+03
  1.0236e+04 1.0976e+04]
 [5.2900e+02 9.1300e+02 1.2500e+03 4.3550e+03 5.3170e+03 5.5040e+03
  5.9000e+03 6.5250e+03 6.5290e+03 7.3540e+03 7.3850e+03 7.7330e+03
  8.3480e+03 9.0160e+03 9.5430e+03 9.9380e+03 9.9580e+03 1.0546e+04
  1.0692e+04 1.0891e+04]
 [2.7500e+03 3.6920e+03 3.8530e+03 4.2590e+03 4.5970e+03 4.7460e+03
  4.8470e+03 5.3990e+03 5.9000e+03 6.0920e+03 6.5250e+03 6.7170e+03
  7.0640e+03 7.7610e+03 8.4650e+03 8.6110e+03 9.6130e+03 9.6950e+03
  1.0328e+04 1.0985e+04]
 [3.2400e+02 4.0500e+02 7.2400e+02 9.8500e+02 1.1030e+03 1.3240e+03
  1.4270e+03 1.9240e+03 2.0250e+03 2.2790e+03 2.4680e+03 2.7640e+03
  7.3860e+03 7.6180e+03 8.1550e+03 8.1560e+03 9.0970e+03 9.7080e+03
  1.0246e+04 1.0773e+04]
 [5.0000e+00 7.4000e+01 4.4600e+02 4.8300e+02 5.8100e+02 9.7000e+02
  1.1890e+03 1.3330e+03 6.2480e+03 7.0050e+03 7.2590e+03 7.3540e+03
  7.8010e+03 7.9630e+03 8.4650e+03 9.5080e+03 9.6430e+03 1.0033e+04
  1.0484e+04 1.0761e+04]
 [4.4000e+01 1.7300e+02 2.5600e+02 4.4300e+02 4.9000e+02 7.2400e+02
  1.0820e+03 1.2500e+03 1.2990e+03 6.3120e+03 6.5250e+03 7.2620e+03
  7.5340e+03 7.8040e+03 8.4280e+03 8.7240e+03 9.4360e+03 9.9820e+03
  1.0146e+04 1.0688e+04]
 [3.4100e+02 4.4500e+02 4.9100e+02 8.3100e+02 1.1890e+03 1.2420e+03
  1.5650e+03 1.5850e+03 1.7910e+03 2.0690e+03 2.1660e+03 2.5470e+03
  2.6830e+03 7.2590e+03 7.8420e+03 8.5300e+03 9.3140e+03 9.9580e+03
  1.0364e+04 1.0895e+04]
 [5.3000e+01 1.0500e+02 1.3500e+02 2.8600e+02 8.1700e+02 8.3900e+02
  9.1300e+02 1.1680e+03 1.1940e+03 1.3330e+03 1.3670e+03 1.6060e+03
  1.6710e+03 1.7580e+03 1.7960e+03 2.0460e+03 2.1940e+03 3.0850e+03
  3.1400e+03 1.0602e+04]
 [0.0000e+00 1.0700e+02 2.0200e+02 5.8100e+02 8.5300e+02 1.4200e+03
  1.5510e+03 1.7500e+03 1.8890e+03 1.9810e+03 2.0610e+03 2.1850e+03
  4.0670e+03 4.6780e+03 6.6570e+03 7.1380e+03 7.4130e+03 7.6180e+03
  8.7990e+03 1.0580e+04]
 [6.0000e+00 1.5200e+02 4.6730e+03 4.7120e+03 4.9870e+03 5.3810e+03
  5.4580e+03 5.4640e+03 6.0220e+03 6.2390e+03 6.6060e+03 7.0050e+03
  7.4530e+03 8.1950e+03 8.2510e+03 8.6670e+03 9.3800e+03 9.6870e+03
  9.8900e+03 1.0484e+04]
 [3.4240e+03 4.1020e+03 4.4500e+03 4.4580e+03 4.5970e+03 4.8620e+03
  5.3120e+03 5.3420e+03 5.6150e+03 5.6200e+03 5.7410e+03 6.7640e+03
  6.9780e+03 7.4130e+03 8.2190e+03 8.4630e+03 8.8570e+03 9.5080e+03
  1.0192e+04 1.0329e+04]
 [4.3950e+03 4.6760e+03 4.8210e+03 4.9600e+03 5.6070e+03 5.6180e+03
  5.6540e+03 5.7910e+03 5.7960e+03 6.7130e+03 7.1960e+03 7.2750e+03
  7.2850e+03 7.8290e+03 7.9630e+03 9.0970e+03 9.6430e+03 9.8640e+03
  9.8740e+03 9.9830e+03]
 [7.4000e+01 9.6000e+01 2.0800e+02 7.7300e+02 8.5300e+02 9.0400e+02
  9.8500e+02 1.0000e+03 1.1890e+03 1.3710e+03 1.6730e+03 1.7240e+03
  5.5370e+03 5.5770e+03 8.2970e+03 8.4220e+03 9.1690e+03 9.6430e+03
  1.0179e+04 1.0609e+04]
 [0.0000e+00 4.2170e+03 4.9170e+03 4.9600e+03 4.9770e+03 5.0630e+03
  5.6150e+03 6.0750e+03 6.1110e+03 6.4150e+03 6.9280e+03 7.6970e+03
  7.7670e+03 8.0120e+03 8.5390e+03 9.2340e+03 9.7700e+03 1.0168e+04
  1.0308e+04 1.0843e+04]
 [3.0150e+03 3.5140e+03 3.8980e+03 4.1970e+03 4.5320e+03 4.6240e+03
  5.3670e+03 5.7910e+03 6.0100e+03 6.0920e+03 6.6570e+03 7.3170e+03
  7.3400e+03 7.9400e+03 8.3330e+03 8.9510e+03 9.6430e+03 9.8640e+03
  1.0042e+04 1.0364e+04]
 [2.9760e+03 3.2070e+03 3.3370e+03 3.4020e+03 3.8980e+03 4.0880e+03
  4.1380e+03 5.1500e+03 5.2470e+03 5.6890e+03 6.5470e+03 7.2620e+03
  8.0120e+03 8.3870e+03 8.4060e+03 8.5390e+03 9.7260e+03 9.9820e+03
  1.0149e+04 1.0786e+04]
 [5.9000e+01 2.1300e+02 2.2000e+02 3.5600e+02 4.7900e+02 6.7800e+02
  7.7300e+02 8.2400e+02 8.8500e+02 1.2990e+03 1.3040e+03 1.3670e+03
  1.6800e+03 1.7230e+03 1.9360e+03 8.4330e+03 9.0160e+03 1.0080e+04
  1.0422e+04 1.0452e+04]
 [2.5040e+03 3.2280e+03 3.4290e+03 3.5500e+03 3.8870e+03 4.4520e+03
  5.0580e+03 5.2930e+03 5.3800e+03 5.4600e+03 5.9960e+03 6.4150e+03
  6.7390e+03 6.9280e+03 8.0800e+03 9.2910e+03 9.5080e+03 1.0080e+04
  1.0422e+04 1.0761e+04]
 [2.2000e+02 2.2500e+02 4.6160e+03 5.0630e+03 5.3120e+03 5.9790e+03
  6.1700e+03 6.4570e+03 6.7130e+03 6.7390e+03 6.8270e+03 7.5310e+03
  8.1950e+03 8.2690e+03 8.6670e+03 9.7700e+03 9.8740e+03 1.0192e+04
  1.0646e+04 1.0843e+04]
 [2.2780e+03 2.4680e+03 3.1040e+03 3.1150e+03 3.1290e+03 3.7570e+03
  4.1760e+03 4.7950e+03 5.0630e+03 5.1660e+03 5.9790e+03 6.0000e+03
  6.3340e+03 6.4010e+03 7.8290e+03 8.2970e+03 9.1090e+03 9.2910e+03
  9.9840e+03 1.0104e+04]
 [2.1350e+03 2.9430e+03 3.0140e+03 3.1070e+03 3.2070e+03 3.4240e+03
  3.4530e+03 3.4700e+03 3.9690e+03 4.2150e+03 5.9730e+03 6.4890e+03
  6.5470e+03 8.0750e+03 8.4110e+03 8.9630e+03 9.9320e+03 1.0124e+04
  1.0302e+04 1.0325e+04]
 [1.9360e+03 2.6740e+03 2.9780e+03 3.2070e+03 3.6050e+03 3.7570e+03
  4.1020e+03 4.4510e+03 5.2000e+03 5.2550e+03 5.6790e+03 6.5540e+03
  7.2620e+03 7.5670e+03 8.1560e+03 9.1090e+03 9.3140e+03 9.8300e+03
  1.0065e+04 1.0422e+04]
 [1.7000e+01 3.0650e+03 3.0870e+03 3.1290e+03 3.1780e+03 3.7570e+03
  3.7870e+03 3.8660e+03 4.4590e+03 5.3800e+03 5.5370e+03 6.0000e+03
  6.1930e+03 6.7170e+03 7.4540e+03 7.8310e+03 9.1930e+03 9.6950e+03
  1.0028e+04 1.0609e+04]
 [2.7910e+03 3.1070e+03 3.2050e+03 3.5590e+03 3.8870e+03 3.8950e+03
  4.1090e+03 4.6160e+03 5.1310e+03 5.2140e+03 5.4600e+03 5.9790e+03
  6.0100e+03 6.5540e+03 6.7420e+03 7.3860e+03 8.6340e+03 8.7160e+03
  9.7700e+03 1.0246e+04]
 [3.4020e+03 3.4440e+03 3.5210e+03 3.6000e+03 4.0620e+03 4.1420e+03
  4.5460e+03 4.7510e+03 5.2310e+03 5.5370e+03 6.0630e+03 7.1380e+03
  7.2620e+03 7.8040e+03 8.1290e+03 8.5390e+03 8.7380e+03 9.5750e+03
  1.0065e+04 1.0786e+04]
 [3.4170e+03 4.0670e+03 4.2760e+03 4.4500e+03 4.8400e+03 5.3120e+03
  5.4660e+03 5.6890e+03 6.1700e+03 6.4030e+03 7.0350e+03 7.4540e+03
  8.1760e+03 8.4630e+03 8.4670e+03 8.4700e+03 9.1930e+03 9.7700e+03
  1.0028e+04 1.0042e+04]
 [0.0000e+00 3.3030e+03 3.3090e+03 3.3210e+03 3.6270e+03 4.0480e+03
  4.2310e+03 4.7690e+03 4.8620e+03 5.1660e+03 5.7180e+03 6.2800e+03
  6.8600e+03 7.4990e+03 8.4740e+03 8.5680e+03 9.2910e+03 9.7260e+03
  9.9820e+03 1.0538e+04]
 [6.3000e+01 3.0140e+03 3.1040e+03 3.1400e+03 3.1800e+03 3.2480e+03
  3.5140e+03 4.1570e+03 4.2150e+03 5.3670e+03 5.7910e+03 6.4030e+03
  6.6890e+03 7.3540e+03 7.9630e+03 8.6170e+03 9.5080e+03 1.0033e+04
  1.0631e+04 1.0761e+04]
 [2.2000e+02 2.2900e+02 2.4500e+02 6.6500e+02 9.0400e+02 1.1090e+03
  5.4660e+03 5.7910e+03 6.3340e+03 6.7170e+03 7.1110e+03 7.4540e+03
  8.0750e+03 8.5390e+03 9.2910e+03 9.5750e+03 9.8640e+03 1.0329e+04
  1.0553e+04 1.0585e+04]
 [2.2000e+02 3.5140e+03 3.6050e+03 3.8980e+03 4.2310e+03 4.7460e+03
  5.0580e+03 5.1310e+03 5.3280e+03 5.5560e+03 5.6790e+03 5.6800e+03
  7.4240e+03 7.7610e+03 8.5810e+03 9.1090e+03 9.3140e+03 9.6820e+03
  9.9170e+03 1.0631e+04]
 [2.3000e+01 5.2000e+03 5.3800e+03 5.5370e+03 5.8790e+03 6.4380e+03
  6.5920e+03 6.9010e+03 7.6180e+03 8.0690e+03 8.1360e+03 8.1700e+03
  8.4110e+03 8.5250e+03 9.0810e+03 9.1190e+03 9.7280e+03 9.9650e+03
  9.9820e+03 1.0422e+04]
 [9.7000e+02 1.2110e+03 1.3330e+03 1.3780e+03 1.6610e+03 1.7210e+03
  5.4270e+03 6.8600e+03 7.1830e+03 7.5230e+03 7.9830e+03 8.0330e+03
  9.2070e+03 9.5080e+03 9.5940e+03 9.6010e+03 1.0052e+04 1.0080e+04
  1.0210e+04 1.0538e+04]
 [4.0480e+03 4.3450e+03 4.4510e+03 4.5440e+03 4.6780e+03 4.8870e+03
  5.4320e+03 5.6790e+03 6.1490e+03 7.2070e+03 7.4910e+03 8.1550e+03
  9.1620e+03 9.2910e+03 9.2970e+03 9.3610e+03 9.3790e+03 9.8300e+03
  9.8360e+03 1.0580e+04]
 [3.2050e+03 3.2260e+03 3.2480e+03 3.7570e+03 3.8980e+03 4.1000e+03
  4.7950e+03 4.9370e+03 4.9740e+03 6.6570e+03 7.5230e+03 7.9230e+03
  8.1950e+03 8.6020e+03 8.6050e+03 8.7180e+03 9.5320e+03 1.0506e+04
  1.0743e+04 1.0976e+04]
 [2.2500e+02 2.5380e+03 2.8660e+03 4.6160e+03 4.9340e+03 5.0630e+03
  5.3800e+03 5.6890e+03 5.9960e+03 6.0750e+03 6.1700e+03 6.7390e+03
  7.4240e+03 8.0120e+03 8.2190e+03 8.2970e+03 8.9310e+03 9.0810e+03
  9.8150e+03 1.0192e+04]
 [1.7000e+01 1.0500e+02 5.0560e+03 5.3800e+03 5.5770e+03 6.4570e+03
  6.5920e+03 6.9010e+03 7.5670e+03 7.5960e+03 7.6100e+03 7.6970e+03
  8.0690e+03 8.4110e+03 8.6670e+03 8.6830e+03 9.0810e+03 9.5080e+03
  1.0033e+04 1.0609e+04]
 [7.7500e+02 9.7000e+02 1.2110e+03 1.5100e+03 1.6800e+03 1.8890e+03
  2.1940e+03 2.3700e+03 2.4330e+03 2.6010e+03 2.9430e+03 3.1120e+03
  3.2550e+03 3.3370e+03 8.7990e+03 8.8800e+03 9.5080e+03 9.7700e+03
  1.0422e+04 1.0506e+04]
 [2.9760e+03 3.1280e+03 3.1890e+03 3.2110e+03 3.3210e+03 3.4990e+03
  3.7570e+03 4.9340e+03 5.6740e+03 6.7390e+03 6.9320e+03 7.4240e+03
  7.4420e+03 8.0690e+03 8.1160e+03 8.3870e+03 9.0810e+03 9.3940e+03
  9.7350e+03 1.0080e+04]
 [0.0000e+00 3.1000e+01 1.1400e+02 4.4500e+02 5.9700e+02 7.7500e+02
  1.1890e+03 1.3860e+03 1.5100e+03 1.6730e+03 2.0690e+03 2.3700e+03
  2.3880e+03 2.4440e+03 2.6550e+03 2.9430e+03 2.9640e+03 3.0150e+03
  3.0340e+03 3.2260e+03]
 [2.8600e+02 3.4800e+02 5.2100e+02 6.7500e+02 6.7800e+02 7.0500e+02
  8.1700e+02 9.8500e+02 1.3330e+03 1.5860e+03 6.9780e+03 7.4330e+03
  7.4540e+03 7.8810e+03 8.0630e+03 8.0740e+03 8.6340e+03 9.1300e+03
  9.8900e+03 1.0449e+04]]
