optimal_status: 0
solution: 3035.0
cpu_time: 3600.0560541152954
gap: 0.6190716029103674
upper_bound: 1156.1176851670348
lower_bound: 3035.0
cg_matrix: [[0. 0. 0. 0. 0. 0. 0. 0. 0. 1. 1. 1. 0. 0. 0. 1. 0. 0. 0. 0.]
 [0. 0. 0. 0. 0. 0. 0. 0. 1. 0. 0. 0. 0. 0. 0. 1. 0. 0. 0. 0.]
 [0. 0. 0. 0. 0. 1. 0. 0. 0. 0. 0. 0. 0. 0. 0. 0. 0. 1. 1. 0.]
 [0. 0. 0. 0. 1. 0. 0. 0. 0. 0. 0. 0. 1. 1. 1. 0. 0. 0. 1. 0.]
 [0. 0. 0. 1. 0. 0. 1. 1. 0. 0. 0. 0. 0. 0. 0. 0. 0. 0. 0. 0.]
 [0. 0. 1. 0. 0. 0. 1. 1. 0. 0. 1. 0. 0. 0. 0. 0. 0. 0. 1. 0.]
 [0. 0. 0. 0. 1. 1. 0. 0. 0. 0. 1. 0. 0. 0. 0. 0. 1. 1. 0. 0.]
 [0. 0. 0. 0. 1. 1. 0. 0. 0. 0. 1. 0. 0. 0. 0. 0. 0. 0. 0. 0.]
 [0. 1. 0. 0. 0. 0. 0. 0. 0. 0. 1. 0. 1. 0. 0. 1. 1. 0. 0. 0.]
 [1. 0. 0. 0. 0. 0. 0. 0. 0. 0. 0. 0. 0. 0. 0. 0. 1. 1. 1. 0.]
 [1. 0. 0. 0. 0. 1. 1. 1. 1. 0. 0. 0. 1. 1. 0. 0. 1. 0. 1. 0.]
 [1. 0. 0. 0. 0. 0. 0. 0. 0. 0. 0. 0. 1. 1. 0. 0. 0. 0. 0. 0.]
 [0. 0. 0. 1. 0. 0. 0. 0. 1. 0. 1. 1. 0. 0. 0. 0. 0. 1. 1. 0.]
 [0. 0. 0. 1. 0. 0. 0. 0. 0. 0. 1. 1. 0. 0. 1. 0. 1. 0. 0. 0.]
 [0. 0. 0. 1. 0. 0. 0. 0. 0. 0. 0. 0. 0. 1. 0. 1. 0. 0. 1. 0.]
 [1. 1. 0. 0. 0. 0. 0. 0. 1. 0. 0. 0. 0. 0. 1. 0. 0. 0. 0. 0.]
 [0. 0. 0. 0. 0. 0. 1. 0. 1. 1. 1. 0. 0. 1. 0. 0. 0. 0. 0. 0.]
 [0. 0. 1. 0. 0. 0. 1. 0. 0. 1. 0. 0. 1. 0. 0. 0. 0. 0. 0. 0.]
 [0. 0. 1. 1. 0. 1. 0. 0. 0. 1. 1. 0. 1. 0. 1. 0. 0. 0. 0. 0.]
 [0. 0. 0. 0. 0. 0. 0. 0. 0. 0. 0. 0. 0. 0. 0. 0. 0. 0. 0. 0.]]
start_times_array: [[ 313.  632.  779.  783.  846. 1116. 1184. 1393. 1702. 1848. 1920. 2020.
  2251. 2402. 2626.]
 [ 243.  320.  397.  411.  492.  612. 1184. 1253. 1259. 1271. 1848. 2020.
  2177. 2598. 2606.]
 [ 432.  524.  610.  622.  721.  939. 1838. 2091. 2124. 2173. 2500. 2596.
  2626. 2880. 2947.]
 [ 130.  448.  937. 1002. 1078. 1358. 2153. 2240. 2296. 2500. 2531. 2534.
  2559. 2612. 2894.]
 [ 275.  493. 1043. 1277. 1321. 1388. 1452. 1587. 1921. 2104. 2130. 2388.
  2768. 2809. 2925.]
 [   0.  302.  546.  649. 1033. 1180. 1397. 1478. 1486. 1937. 1996. 2251.
  2303. 2768. 2832.]
 [  85.  149.  243.  247.  359.  779.  837. 1013. 1696. 1793. 2177. 2498.
  2505. 2692. 2706.]
 [ 100.  156.  554.  779.  813.  814.  910.  937.  992. 1085. 1693. 1800.
  2464. 2614. 2762.]
 [ 121.  620.  782. 1058. 1095. 1381. 1696. 1784. 2272. 2344. 2372. 2429.
  2665. 2676. 2684.]
 [  68.   85.  649.  729.  939. 1026. 1335. 1379. 1502. 1608. 1947. 2064.
  2252. 2339. 2548.]
 [ 457.  504.  718.  975. 1316. 1508. 1513. 2091. 2138. 2147. 2167. 2240.
  2528. 2880. 2970.]
 [ 247.  504.  610.  718.  913. 1026. 1271. 1508. 1677. 2042. 2528. 2615.
  2865. 2905. 2953.]
 [   0.  618.  869. 1184. 1196. 1209. 1478. 1836. 1880. 1905. 1961. 1971.
  2215. 2623. 2780.]
 [ 149.  184.  359.  634.  783.  813.  815. 1116. 1388. 1792. 1971. 2202.
  2374. 2665. 2735.]
 [1185. 1558. 1677. 1693. 1714. 1863. 1873. 1919. 1921. 2020. 2036. 2772.
  2809. 2923. 2953.]
 [   0.   76.  184.  913. 1004. 1052. 1284. 1477. 1598. 1797. 1969. 2096.
  2528. 2839. 2904.]
 [   0.   49.  260.  319.  546.  869. 1185. 1269. 1477. 1610. 1846. 1921.
  2614. 2833. 2865.]
 [ 260.  271.  289.  295.  527. 1271. 1393. 1587. 1610. 2015. 2136. 2283.
  2402. 2845. 2916.]
 [ 156.  260.  357.  368.  548.  779.  894.  902. 1108. 1610. 1764. 2402.
  2457. 2680. 2845.]
 [   0.   19.   72.  152.  299.  360.  524.  704. 1285. 1381. 1409. 1502.
  1770. 2076. 2956.]]
