optimal_status: 0
solution: 12069.0
cpu_time: 3600.115051984787
gap: 0.9133316761952108
upper_bound: 1046.0
lower_bound: 12069.0
cg_matrix: [[0. 1. 0. 1. 1. 1. 1. 1. 1. 1. 1. 1. 1. 1. 0. 1. 1. 1. 1. 1. 0. 1. 1. 1.
  1. 1. 1. 0. 1. 1.]
 [1. 0. 1. 1. 0. 0. 0. 1. 0. 0. 1. 0. 0. 0. 1. 1. 1. 0. 0. 1. 0. 1. 0. 1.
  1. 1. 1. 1. 1. 1.]
 [0. 1. 0. 1. 1. 1. 1. 1. 1. 1. 1. 1. 1. 1. 0. 1. 0. 1. 1. 1. 1. 1. 1. 1.
  1. 1. 1. 1. 1. 1.]
 [1. 1. 1. 0. 0. 1. 1. 0. 1. 1. 1. 1. 1. 0. 1. 0. 0. 0. 1. 1. 1. 1. 1. 1.
  0. 1. 0. 1. 1. 1.]
 [1. 0. 1. 0. 0. 1. 0. 1. 1. 1. 0. 0. 1. 1. 1. 1. 1. 1. 1. 1. 1. 1. 1. 1.
  1. 0. 1. 1. 1. 1.]
 [1. 0. 1. 1. 1. 0. 0. 1. 1. 0. 0. 1. 0. 1. 1. 0. 0. 1. 0. 1. 1. 1. 1. 1.
  1. 0. 1. 1. 1. 1.]
 [1. 0. 1. 1. 0. 0. 0. 1. 0. 0. 1. 1. 1. 1. 1. 1. 1. 1. 1. 1. 1. 0. 0. 1.
  1. 1. 1. 1. 1. 1.]
 [1. 1. 1. 0. 1. 1. 1. 0. 1. 1. 1. 1. 1. 1. 1. 1. 1. 0. 0. 1. 0. 1. 1. 1.
  1. 1. 0. 1. 1. 1.]
 [1. 0. 1. 1. 1. 1. 0. 1. 0. 1. 1. 0. 1. 1. 1. 1. 1. 0. 1. 1. 0. 1. 0. 1.
  1. 0. 1. 1. 1. 1.]
 [1. 0. 1. 1. 1. 0. 0. 1. 1. 0. 1. 1. 1. 1. 1. 1. 1. 1. 1. 1. 1. 1. 1. 1.
  1. 0. 1. 1. 1. 1.]
 [1. 1. 1. 1. 0. 0. 1. 1. 1. 1. 0. 1. 0. 1. 1. 1. 1. 1. 0. 1. 1. 1. 1. 0.
  1. 0. 0. 0. 1. 1.]
 [1. 0. 1. 1. 0. 1. 1. 1. 0. 1. 1. 0. 1. 1. 0. 0. 1. 1. 1. 1. 1. 1. 1. 1.
  1. 1. 1. 1. 1. 0.]
 [1. 0. 1. 1. 1. 0. 1. 1. 1. 1. 0. 1. 0. 1. 1. 1. 1. 0. 1. 1. 1. 1. 1. 1.
  1. 1. 1. 1. 0. 1.]
 [1. 0. 1. 0. 1. 1. 1. 1. 1. 1. 1. 1. 1. 0. 1. 1. 1. 1. 0. 1. 0. 1. 1. 1.
  1. 1. 1. 1. 1. 1.]
 [0. 1. 0. 1. 1. 1. 1. 1. 1. 1. 1. 0. 1. 1. 0. 1. 1. 1. 0. 1. 1. 0. 0. 1.
  1. 0. 1. 1. 0. 1.]
 [1. 1. 1. 0. 1. 0. 1. 1. 1. 1. 1. 0. 1. 1. 1. 0. 0. 0. 0. 0. 0. 0. 0. 0.
  0. 0. 0. 0. 0. 0.]
 [1. 1. 0. 0. 1. 0. 1. 1. 1. 1. 1. 1. 1. 1. 1. 0. 0. 0. 0. 0. 0. 0. 0. 0.
  0. 0. 0. 0. 0. 0.]
 [1. 0. 1. 0. 1. 1. 1. 0. 0. 1. 1. 1. 0. 1. 1. 0. 0. 0. 0. 0. 0. 0. 0. 0.
  0. 0. 0. 0. 0. 0.]
 [1. 0. 1. 1. 1. 0. 1. 0. 1. 1. 0. 1. 1. 0. 0. 0. 0. 0. 0. 0. 0. 0. 0. 0.
  0. 0. 0. 0. 0. 0.]
 [1. 1. 1. 1. 1. 1. 1. 1. 1. 1. 1. 1. 1. 1. 1. 0. 0. 0. 0. 0. 0. 0. 0. 0.
  0. 0. 0. 0. 0. 0.]
 [0. 0. 1. 1. 1. 1. 1. 0. 0. 1. 1. 1. 1. 0. 1. 0. 0. 0. 0. 0. 0. 0. 0. 0.
  0. 0. 0. 0. 0. 0.]
 [1. 1. 1. 1. 1. 1. 0. 1. 1. 1. 1. 1. 1. 1. 0. 0. 0. 0. 0. 0. 0. 0. 0. 0.
  0. 0. 0. 0. 0. 0.]
 [1. 0. 1. 1. 1. 1. 0. 1. 0. 1. 1. 1. 1. 1. 0. 0. 0. 0. 0. 0. 0. 0. 0. 0.
  0. 0. 0. 0. 0. 0.]
 [1. 1. 1. 1. 1. 1. 1. 1. 1. 1. 0. 1. 1. 1. 1. 0. 0. 0. 0. 0. 0. 0. 0. 0.
  0. 0. 0. 0. 0. 0.]
 [1. 1. 1. 0. 1. 1. 1. 1. 1. 1. 1. 1. 1. 1. 1. 0. 0. 0. 0. 0. 0. 0. 0. 0.
  0. 0. 0. 0. 0. 0.]
 [1. 1. 1. 1. 0. 0. 1. 1. 0. 0. 0. 1. 1. 1. 0. 0. 0. 0. 0. 0. 0. 0. 0. 0.
  0. 0. 0. 0. 0. 0.]
 [1. 1. 1. 0. 1. 1. 1. 0. 1. 1. 0. 1. 1. 1. 1. 0. 0. 0. 0. 0. 0. 0. 0. 0.
  0. 0. 0. 0. 0. 0.]
 [0. 1. 1. 1. 1. 1. 1. 1. 1. 1. 0. 1. 1. 1. 1. 0. 0. 0. 0. 0. 0. 0. 0. 0.
  0. 0. 0. 0. 0. 0.]
 [1. 1. 1. 1. 1. 1. 1. 1. 1. 1. 1. 1. 0. 1. 0. 0. 0. 0. 0. 0. 0. 0. 0. 0.
  0. 0. 0. 0. 0. 0.]
 [1. 1. 1. 1. 1. 1. 1. 1. 1. 1. 1. 0. 1. 1. 1. 0. 0. 0. 0. 0. 0. 0. 0. 0.
  0. 0. 0. 0. 0. 0.]]
start_times_array: [[ 2482. 10625. 11225. 11233. 11475. 11489. 11507. 11694. 11746. 11822.
  11855. 11878. 11947. 11989. 12015.]
 [  911.  2001.  2080. 10870. 10929. 11062. 11090. 11165. 11321. 11362.
  11376. 11529. 11587. 11628. 11821.]
 [ 9850. 10030. 10093. 10384. 10463. 10518. 10562. 10580. 10625. 10680.
  10758. 10837. 10864. 10971. 10992.]
 [ 9317.  9445.  9623.  9761.  9788.  9887.  9938.  9975. 10006. 10139.
  10212. 10219. 10291. 10325. 10357.]
 [ 1710.  2068.  9445.  9526.  9549.  9575.  9587.  9619.  9761.  9887.
   9965. 10139. 10174. 10219. 10501.]
 [ 2001.  8262.  8273.  8571.  8663.  8694.  8768.  8907.  8938.  9003.
   9093.  9156.  9237.  9375.  9679.]
 [ 2085.  2218.  2694.  8663.  8907.  8993.  9003.  9010.  9027.  9049.
   9094.  9186.  9187.  9224.  9261.]
 [  968.  1054.  1328.  7688.  8056.  8098.  8126.  8185.  8331.  8412.
   8453.  8464.  8509.  8641.  8850.]
 [  693.  6748.  6838.  6908.  7171.  7208.  7264.  7427.  7501.  7612.
   7651.  7781.  7864.  7984.  8050.]
 [ 1961.  2001.  2101.  2128.  2139.  6512.  6597.  6670.  6717.  6997.
   7021.  7080.  7381.  7564.  7942.]
 [ 5839.  5902.  5984.  6043.  6099.  6180.  6187.  6227.  6279.  6353.
   6362.  6412.  6471.  6533.  7285.]
 [  204.   815.  5096.  5234.  5280.  5345.  5418.  5477.  5570.  5645.
   5692.  5753.  5919.  6070.  6206.]
 [ 4205.  4268.  4496.  4585.  4622.  4654.  4716.  4809.  4872.  4925.
   5024.  5086.  5106.  5191.  5984.]
 [ 3071.  3365.  3411.  3494.  3544.  3612.  3693.  3781.  3847.  4154.
   4277.  4339.  4368.  4455.  4577.]
 [ 1620.  2817.  2831.  2979.  3048.  3097.  3102.  3200.  3206.  3237.
   3279.  3418.  3937.  4109.  5234.]
 [  237.   248.   651.  1228.  1847.  2246.  2297.  2339.  2378.  2563.
   2564.  2757.  2905.  3126.  4035.]
 [  192.   285.   471.   705.  2184.  2246.  2285.  2342.  2367.  2422.
   2563.  2757.  2894.  3036.  3122.]
 [    0.   100.   104.   116.   158.   285.   455.   499.   727.   742.
    906.   953.  1316.  2249.  3036.]
 [  285.   362.   484.   546.   563.   705.   724.   906.   976.  1006.
   1236.  1361.  1469.  2246.  2405.]
 [ 1433.  1805.  1847.  1851.  1877.  2184.  2246.  2249.  2308.  2360.
   2433.  2563.  2605.  2611.  2618.]
 [   24.   342.   426.   472.   563.   693.   695.  1805.  2246.  2343.
   2447.  2482.  2535.  2566.  2757.]
 [  135.   198.   427.   571.   795.  1292.  1402.  1483.  1601.  1634.
   1851.  2360.  2447.  2566.  2635.]
 [   26.    46.   374.   474.   751.  1146.  1261.  1417.  1495.  1559.
   1605.  2184.  2563.  2638.  3152.]
 [  179.   182.   285.   406.   532.   571.   633.   705.  1226.  1320.
   1813.  1837.  1864.  1952.  2342.]
 [  347.   426.   705.  1402.  1520.  1537.  1805.  1999.  2246.  2317.
   2405.  2469.  2650.  2757.  2825.]
 [   16.   107.   131.   173.   299.   398.   451.   459.   488.   915.
   1402.  1424.  1509.  1608.  1689.]
 [   17.   142.   516.  1079.  1170.  1223.  1240.  1312.  1325.  1417.
   1509.  1525.  1538.  1551.  1848.]
 [   99.   285.   362.   423.   449.   463.   532.   618.   679.   691.
    788.  1146.  1197.  1261.  1402.]
 [    0.    54.   136.   285.   400.   471.   552.   558.   600.   793.
   1146.  1245.  1270.  1323.  1538.]
 [    0.    67.   139.   186.   221.   299.   333.   449.   535.   624.
    705.   767.   824.  1301.  1431.]]
