optimal_status: 0
solution: 13199.0
cpu_time: 3600.3741409778595
gap: 0.9009015834533087
upper_bound: 1307.999999999778
lower_bound: 13199.0
cg_matrix: [[0. 1. 1. 1. 1. 0. 1. 1. 1. 1. 1. 1. 1. 1. 1. 1. 1. 0. 1. 1.]
 [1. 0. 1. 1. 1. 1. 1. 0. 1. 1. 1. 1. 1. 1. 1. 1. 1. 1. 1. 1.]
 [1. 1. 0. 0. 1. 0. 1. 1. 1. 0. 0. 1. 1. 1. 1. 1. 1. 1. 1. 1.]
 [1. 1. 0. 0. 0. 1. 1. 1. 0. 0. 1. 1. 1. 1. 1. 0. 0. 1. 1. 1.]
 [1. 1. 1. 0. 0. 0. 1. 1. 1. 1. 1. 1. 0. 1. 1. 1. 1. 1. 1. 1.]
 [0. 1. 0. 1. 0. 0. 1. 1. 1. 1. 0. 1. 1. 1. 0. 1. 1. 0. 1. 1.]
 [1. 1. 1. 1. 1. 1. 0. 1. 1. 1. 1. 0. 0. 1. 1. 1. 0. 1. 1. 1.]
 [1. 0. 1. 1. 1. 1. 1. 0. 0. 0. 1. 1. 1. 1. 1. 1. 1. 1. 1. 1.]
 [1. 1. 1. 0. 1. 1. 1. 0. 0. 1. 1. 1. 1. 1. 0. 0. 1. 0. 1. 1.]
 [1. 1. 0. 0. 1. 1. 1. 0. 1. 0. 1. 1. 1. 1. 0. 1. 1. 1. 1. 1.]
 [1. 1. 0. 1. 1. 0. 1. 1. 1. 1. 0. 1. 0. 1. 0. 1. 1. 1. 0. 1.]
 [1. 1. 1. 1. 1. 1. 0. 1. 1. 1. 1. 0. 1. 1. 1. 1. 0. 0. 0. 1.]
 [1. 1. 1. 1. 0. 1. 0. 1. 1. 1. 0. 1. 0. 0. 1. 0. 0. 1. 1. 1.]
 [1. 1. 1. 1. 1. 1. 1. 1. 1. 1. 1. 1. 0. 0. 1. 1. 1. 1. 1. 1.]
 [1. 1. 1. 1. 1. 0. 1. 1. 0. 0. 0. 1. 1. 1. 0. 1. 1. 1. 1. 1.]
 [1. 1. 1. 0. 1. 1. 1. 1. 0. 1. 1. 1. 0. 1. 1. 0. 1. 1. 1. 1.]
 [1. 1. 1. 0. 1. 1. 0. 1. 1. 1. 1. 0. 0. 1. 1. 1. 0. 1. 1. 0.]
 [0. 1. 1. 1. 1. 0. 1. 1. 0. 1. 1. 0. 1. 1. 1. 1. 1. 0. 1. 0.]
 [1. 1. 1. 1. 1. 1. 1. 1. 1. 1. 0. 0. 1. 1. 1. 1. 1. 1. 0. 0.]
 [1. 1. 1. 1. 1. 1. 1. 1. 1. 1. 1. 1. 1. 1. 1. 1. 0. 0. 0. 0.]]
start_times_array: [[12320. 12351. 12438. 12470. 12551. 12616. 12669. 12700. 12798. 12832.
  12859. 12919. 12962. 12992. 13016. 13077. 13117. 13124. 13139. 13189.]
 [ 4839. 11333. 11375. 11444. 11456. 11540. 11564. 11651. 11734. 11779.
  11816. 11949. 12021. 12075. 12141. 12186. 12190. 12251. 12271. 12334.]
 [ 1200.  2552.  3581.  3659.  6337.  6475.  6794.  7171.  7297.  7337.
  10849. 11001. 11031. 11049. 11137. 11186. 11254. 11332. 11854. 12413.]
 [ 2590.  2667.  2924.  2966.  3031.  3130.  5990.  6337.  6763.  6815.
   6881. 10621. 10852. 10943. 10981. 11137. 11228. 11720. 11854. 11900.]
 [ 6012.  9915. 10061. 10063. 10075. 10143. 10242. 10288. 10326. 10413.
  10466. 10526. 10580. 10679. 10738. 10748. 10782. 10918. 10949. 11279.]
 [ 9915.  9936. 10028. 10061. 10069. 10078. 10129. 10173. 10174. 10243.
  10326. 10349. 10435. 10486. 10581. 10679. 10711. 10795. 10849. 10950.]
 [ 2162.  6171.  8947.  8992.  9054.  9211.  9230.  9413.  9482.  9533.
   9589.  9609.  9660.  9701.  9713.  9719.  9764.  9781.  9783.  9876.]
 [ 1190.  1398.  7478.  7989.  8011.  8020.  8076.  8105.  8108.  8151.
   8248.  8326.  8369.  8378.  8462.  8463.  8474.  8533.  8630.  8685.]
 [ 2597.  6550.  7676.  8104.  8134.  8474.  8484.  8574.  8590.  8608.
   8663.  8732.  8771.  8870.  9064.  9129.  9184.  9233.  9317.  9411.]
 [ 1190.  1382.  1480.  2733.  3581.  3605.  3659.  3744.  3751.  5963.
   6815.  7463.  7650.  7748.  7989.  8076.  8248.  8329.  8375.  8379.]
 [  514.   563.   829.  2412.  2552.  2807.  4098.  6773.  6907.  7092.
   7187.  7280.  7311.  7402.  7405.  7435.  7522.  7578.  7599.  7909.]
 [  921.  1486.  1818.  3829.  3910.  5224.  5727.  6074.  6100.  6152.
   6240.  6402.  6405.  6437.  6453.  6454.  6467.  6642.  6692.  6758.]
 [ 1926.  2322.  2400.  2490.  4647.  4941.  5141.  5288.  5396.  5455.
   5545.  5636.  5686.  5708.  5768.  5780.  5808.  5836.  7522.  7909.]
 [ 4647.  4712.  4927.  4941.  4974.  5024.  5115.  5141.  5269.  5396.
   5479.  5492.  5541.  5571.  5614.  5660.  5780.  5786.  5876.  7845.]
 [ 2738.  3733.  3966.  4042.  4084.  4123.  4140.  4186.  4247.  4264.
   4293.  4362.  4420.  4489.  4587.  4742.  4851.  5355.  7242.  8653.]
 [ 1626.  2597.  2830.  2907.  2911.  2983.  3014.  3046.  3144.  3188.
   3253.  3269.  3353.  3413.  3501.  3521.  6550.  7001.  7676.  7931.]
 [  750.  1003.  1926.  1977.  1986.  2001.  2015.  2088.  2181.  2260.
   2323.  2344.  2467.  2476.  2527.  2635.  2692.  6642.  6693.  8228.]
 [  693.  1040.  1090.  1109.  1275.  1276.  1282.  1297.  1327.  1346.
   1486.  1550.  1663.  1703.  1735.  1812.  1874.  5134.  6074.  8111.]
 [    0.    29.    64.    71.   130.   131.   209.   327.   366.   422.
    515.   544.   598.   639.   743.   765.   850.   924.  3842.  7092.]
 [    0.    31.    40.   116.   170.   214.   253.   301.   318.   322.
    335.   422.   446.   662.   746.   828.   972.   976.  1036.  1275.]]
