optimal_status: 0
solution: 73163.0
cpu_time: 3600.365952014923
gap: 0.9776715877737007
upper_bound: 1633.6136237127346
lower_bound: 73163.0
cg_matrix: [[0. 1. 1. 1. 0. 1. 0. 1. 0. 1. 1. 1. 1. 0. 0. 1. 0. 0. 0. 1. 1. 1. 0. 1.
  0. 0. 1. 1. 1. 0. 0. 0. 1. 0. 1. 0. 0. 1. 0. 0. 1. 0. 1. 0. 1. 1. 1. 1.
  0. 0. 0. 1. 1. 1. 0. 1. 0. 1. 1. 0. 0. 1. 0. 1. 1. 1. 1. 0. 0. 1. 1. 0.
  1. 0. 0. 1. 1. 1. 1. 1. 0. 0. 0. 1. 1. 0. 0. 0. 0. 1. 1. 1. 1. 0. 0. 1.
  1. 1. 0. 0.]
 [1. 0. 1. 0. 0. 0. 0. 0. 1. 0. 0. 0. 1. 1. 0. 1. 0. 1. 0. 0. 1. 1. 1. 0.
  0. 1. 0. 0. 1. 0. 0. 1. 0. 0. 0. 0. 0. 0. 0. 0. 0. 1. 1. 0. 1. 1. 0. 0.
  1. 0. 0. 1. 1. 0. 1. 0. 0. 0. 1. 1. 1. 0. 0. 1. 0. 0. 0. 0. 1. 1. 0. 1.
  1. 0. 0. 0. 0. 1. 1. 1. 1. 0. 0. 1. 0. 0. 0. 0. 0. 0. 1. 0. 0. 0. 0. 1.
  1. 0. 1. 1.]
 [1. 1. 0. 1. 1. 0. 1. 1. 0. 1. 0. 0. 1. 1. 1. 1. 1. 0. 0. 0. 0. 0. 0. 0.
  0. 0. 1. 0. 0. 0. 0. 0. 0. 0. 0. 1. 0. 1. 1. 1. 0. 1. 0. 0. 1. 1. 1. 0.
  0. 1. 1. 0. 0. 1. 1. 1. 0. 1. 1. 1. 0. 0. 0. 1. 0. 0. 1. 0. 1. 0. 1. 1.
  0. 0. 0. 1. 1. 0. 1. 0. 1. 1. 0. 0. 0. 1. 1. 1. 0. 0. 1. 0. 1. 1. 1. 1.
  1. 1. 1. 0.]
 [1. 0. 1. 0. 1. 1. 0. 1. 1. 0. 1. 1. 1. 0. 1. 1. 1. 0. 0. 1. 0. 1. 1. 1.
  1. 0. 0. 0. 1. 0. 1. 0. 1. 0. 1. 0. 1. 0. 0. 1. 0. 0. 0. 1. 1. 0. 1. 1.
  1. 0. 0. 0. 0. 1. 1. 0. 1. 0. 1. 0. 1. 0. 0. 1. 1. 1. 0. 1. 0. 1. 0. 0.
  0. 1. 1. 1. 1. 0. 1. 1. 0. 1. 1. 0. 1. 0. 0. 0. 1. 0. 1. 1. 0. 1. 0. 0.
  0. 1. 0. 0.]
 [0. 0. 1. 1. 0. 0. 0. 1. 1. 0. 1. 1. 0. 0. 0. 1. 0. 0. 1. 1. 0. 0. 1. 0.
  0. 0. 1. 0. 1. 0. 0. 1. 0. 1. 1. 1. 0. 1. 0. 0. 1. 1. 0. 0. 0. 1. 1. 1.
  0. 0. 0. 1. 0. 0. 1. 0. 1. 0. 1. 1. 0. 0. 0. 1. 0. 1. 1. 0. 0. 1. 0. 1.
  1. 1. 0. 1. 0. 1. 1. 1. 1. 1. 1. 0. 0. 0. 1. 1. 0. 1. 1. 0. 1. 1. 0. 1.
  0. 0. 0. 1.]
 [1. 0. 0. 1. 0. 0. 0. 0. 0. 0. 0. 1. 0. 0. 0. 1. 1. 0. 0. 1. 1. 0. 1. 1.
  0. 1. 0. 0. 1. 0. 0. 1. 1. 0. 0. 0. 0. 0. 1. 0. 0. 0. 0. 1. 1. 1. 0. 0.
  1. 0. 1. 0. 1. 1. 1. 0. 0. 1. 0. 0. 1. 0. 0. 1. 1. 0. 1. 1. 1. 0. 1. 1.
  1. 0. 0. 0. 0. 0. 1. 1. 0. 0. 0. 0. 1. 0. 0. 1. 0. 0. 0. 0. 0. 0. 0. 1.
  1. 0. 0. 1.]
 [0. 0. 1. 0. 0. 0. 0. 1. 1. 1. 0. 0. 0. 1. 1. 0. 1. 1. 0. 0. 1. 1. 1. 1.
  1. 1. 1. 1. 0. 1. 0. 0. 1. 1. 1. 0. 1. 0. 1. 1. 1. 0. 0. 0. 1. 0. 0. 1.
  1. 0. 1. 0. 1. 1. 0. 1. 1. 0. 0. 0. 1. 1. 0. 0. 1. 0. 1. 1. 1. 1. 1. 1.
  1. 0. 0. 1. 0. 1. 1. 1. 0. 1. 1. 1. 1. 1. 1. 0. 0. 1. 1. 0. 0. 0. 1. 0.
  0. 1. 1. 0.]
 [1. 0. 1. 1. 1. 0. 1. 0. 1. 1. 0. 1. 1. 0. 1. 0. 1. 1. 0. 0. 0. 0. 1. 0.
  1. 0. 0. 0. 1. 1. 1. 0. 1. 1. 0. 1. 1. 0. 1. 1. 1. 1. 0. 1. 1. 1. 0. 1.
  1. 1. 0. 1. 1. 0. 1. 1. 0. 0. 1. 0. 1. 1. 0. 1. 0. 1. 0. 0. 0. 0. 1. 1.
  0. 1. 1. 0. 1. 0. 1. 0. 1. 0. 0. 0. 1. 1. 1. 0. 1. 0. 0. 1. 1. 0. 1. 1.
  1. 1. 1. 1.]
 [0. 1. 0. 1. 1. 0. 1. 1. 0. 1. 1. 1. 1. 0. 1. 0. 1. 1. 1. 1. 1. 0. 0. 0.
  1. 1. 0. 1. 0. 0. 1. 0. 1. 1. 1. 1. 0. 1. 1. 0. 1. 1. 0. 1. 0. 0. 0. 1.
  0. 1. 0. 1. 1. 0. 0. 0. 0. 0. 1. 1. 1. 0. 1. 1. 1. 1. 1. 1. 1. 1. 1. 0.
  1. 1. 0. 0. 0. 1. 1. 0. 1. 0. 0. 0. 1. 0. 1. 0. 1. 0. 1. 1. 0. 1. 0. 1.
  1. 0. 1. 1.]
 [1. 0. 1. 0. 0. 0. 1. 1. 1. 0. 1. 0. 1. 0. 0. 1. 1. 0. 1. 1. 1. 0. 0. 1.
  1. 0. 1. 0. 1. 1. 1. 1. 0. 0. 0. 1. 1. 0. 1. 0. 1. 1. 1. 1. 1. 1. 1. 0.
  0. 1. 0. 1. 1. 1. 1. 0. 0. 1. 1. 0. 1. 0. 0. 1. 0. 1. 0. 1. 1. 1. 0. 0.
  0. 0. 1. 1. 1. 1. 1. 1. 1. 0. 1. 0. 1. 0. 1. 0. 1. 1. 0. 1. 0. 0. 1. 1.
  1. 0. 0. 1.]
 [1. 0. 0. 1. 1. 0. 0. 0. 1. 1. 0. 1. 1. 0. 1. 0. 0. 1. 1. 0. 1. 1. 0. 1.
  1. 0. 1. 0. 0. 1. 1. 0. 0. 1. 1. 0. 1. 0. 1. 0. 0. 1. 0. 0. 0. 1. 1. 0.
  1. 1. 0. 0. 0. 0. 0. 1. 1. 1. 0. 0. 0. 1. 1. 0. 0. 0. 0. 0. 1. 0. 1. 1.
  1. 0. 0. 1. 1. 0. 1. 0. 1. 0. 0. 0. 1. 0. 1. 0. 0. 0. 1. 0. 0. 1. 0. 0.
  1. 0. 1. 1.]
 [1. 0. 0. 1. 1. 1. 0. 1. 1. 0. 1. 0. 1. 1. 1. 1. 0. 0. 1. 1. 1. 0. 0. 0.
  1. 1. 1. 1. 0. 1. 1. 0. 1. 1. 0. 0. 1. 1. 1. 0. 0. 1. 0. 1. 0. 0. 1. 0.
  0. 1. 0. 1. 0. 1. 1. 1. 1. 1. 0. 1. 0. 1. 0. 0. 0. 1. 1. 0. 1. 0. 1. 1.
  0. 1. 0. 1. 1. 0. 1. 1. 0. 0. 1. 1. 0. 1. 1. 0. 1. 1. 0. 0. 1. 1. 1. 0.
  1. 0. 0. 1.]
 [1. 1. 1. 1. 0. 0. 0. 1. 1. 1. 1. 1. 0. 0. 0. 1. 1. 1. 1. 1. 1. 1. 0. 0.
  0. 1. 1. 1. 1. 1. 1. 0. 0. 0. 1. 1. 0. 1. 1. 0. 0. 1. 0. 0. 1. 0. 0. 1.
  0. 0. 1. 0. 0. 0. 1. 0. 0. 0. 0. 1. 1. 1. 1. 0. 1. 1. 1. 1. 0. 0. 1. 1.
  0. 0. 0. 0. 1. 0. 0. 0. 0. 1. 1. 1. 0. 1. 0. 0. 0. 0. 0. 1. 1. 0. 0. 1.
  1. 1. 1. 1.]
 [0. 1. 1. 0. 0. 0. 1. 0. 0. 0. 0. 1. 0. 0. 1. 0. 1. 1. 1. 1. 1. 1. 0. 0.
  0. 1. 0. 0. 1. 0. 1. 1. 0. 0. 1. 0. 1. 0. 1. 0. 0. 1. 0. 1. 0. 0. 1. 1.
  1. 0. 1. 0. 1. 0. 0. 0. 1. 1. 0. 0. 1. 1. 1. 1. 0. 0. 1. 0. 0. 1. 0. 0.
  1. 1. 0. 0. 0. 0. 0. 0. 1. 0. 0. 0. 0. 1. 1. 0. 1. 0. 0. 1. 0. 1. 0. 1.
  1. 1. 1. 1.]
 [0. 0. 1. 1. 0. 0. 1. 1. 1. 0. 1. 1. 0. 1. 0. 0. 0. 0. 1. 0. 0. 1. 0. 1.
  1. 1. 1. 0. 1. 0. 1. 0. 1. 0. 0. 0. 0. 0. 1. 1. 0. 0. 0. 0. 1. 0. 1. 1.
  1. 1. 0. 0. 1. 0. 0. 1. 0. 0. 0. 0. 0. 0. 1. 1. 0. 1. 1. 0. 1. 1. 0. 1.
  0. 0. 0. 0. 1. 1. 0. 1. 0. 1. 1. 1. 1. 1. 0. 0. 1. 1. 0. 1. 0. 0. 1. 1.
  0. 0. 1. 1.]
 [1. 1. 1. 1. 1. 1. 0. 0. 0. 1. 0. 1. 1. 0. 0. 0. 0. 0. 1. 1. 0. 1. 0. 1.
  1. 1. 1. 0. 1. 0. 0. 1. 1. 1. 1. 1. 0. 1. 0. 0. 1. 1. 0. 0. 1. 0. 0. 0.
  1. 1. 0. 1. 0. 0. 0. 1. 0. 1. 1. 0. 0. 1. 0. 0. 1. 1. 1. 0. 0. 0. 1. 0.
  0. 1. 1. 1. 0. 1. 1. 1. 1. 1. 0. 1. 1. 1. 1. 1. 0. 1. 0. 0. 1. 1. 1. 0.
  1. 0. 0. 0.]
 [0. 0. 1. 1. 0. 1. 1. 1. 1. 1. 0. 0. 1. 1. 0. 0. 0. 1. 0. 1. 0. 0. 0. 0.
  0. 0. 1. 0. 1. 1. 1. 1. 1. 0. 0. 1. 1. 0. 1. 0. 0. 1. 1. 1. 1. 1. 1. 0.
  0. 1. 0. 1. 0. 0. 1. 1. 0. 0. 1. 0. 0. 1. 0. 1. 1. 0. 1. 1. 0. 0. 1. 0.
  0. 1. 1. 1. 1. 1. 0. 1. 1. 1. 1. 0. 0. 1. 1. 1. 1. 1. 0. 1. 0. 0. 0. 1.
  0. 0. 0. 1.]
 [0. 1. 0. 0. 0. 0. 1. 1. 1. 0. 1. 0. 1. 1. 0. 0. 1. 0. 0. 1. 1. 0. 1. 1.
  1. 1. 1. 0. 1. 1. 0. 1. 0. 0. 0. 1. 1. 0. 0. 0. 0. 0. 0. 0. 1. 0. 1. 0.
  0. 0. 1. 0. 0. 1. 1. 0. 1. 0. 0. 1. 0. 1. 0. 1. 1. 1. 1. 0. 1. 0. 1. 1.
  0. 0. 1. 0. 1. 0. 1. 0. 1. 1. 1. 1. 1. 0. 0. 0. 0. 1. 0. 0. 1. 1. 1. 0.
  1. 0. 1. 0.]
 [0. 0. 0. 0. 1. 0. 0. 0. 1. 1. 1. 1. 1. 1. 1. 1. 0. 0. 0. 0. 1. 1. 0. 0.
  1. 0. 1. 1. 0. 1. 1. 0. 1. 0. 0. 0. 0. 0. 0. 1. 1. 0. 0. 0. 0. 1. 0. 1.
  1. 1. 0. 1. 0. 1. 1. 1. 0. 1. 0. 0. 0. 1. 0. 1. 1. 1. 0. 0. 0. 1. 1. 0.
  1. 1. 1. 1. 1. 1. 0. 1. 1. 0. 1. 1. 1. 1. 1. 0. 0. 0. 0. 1. 0. 0. 1. 0.
  0. 0. 1. 0.]
 [1. 0. 0. 1. 1. 1. 0. 0. 1. 1. 0. 1. 1. 1. 0. 1. 1. 1. 0. 0. 0. 1. 0. 0.
  1. 0. 1. 0. 1. 0. 0. 0. 0. 1. 0. 1. 1. 0. 1. 1. 0. 1. 0. 0. 1. 1. 0. 0.
  0. 0. 0. 0. 0. 1. 1. 0. 1. 1. 1. 1. 0. 1. 1. 0. 0. 1. 0. 0. 1. 0. 1. 1.
  1. 0. 1. 1. 0. 1. 0. 0. 1. 0. 1. 1. 1. 1. 0. 0. 0. 0. 1. 1. 0. 0. 1. 0.
  1. 0. 1. 0.]
 [1. 1. 0. 0. 0. 1. 1. 0. 1. 1. 1. 1. 1. 1. 0. 0. 0. 1. 1. 0. 0. 0. 0. 0.
  0. 0. 0. 0. 0. 0. 0. 0. 0. 0. 0. 0. 0. 0. 0. 0. 0. 0. 0. 0. 0. 0. 0. 0.
  0. 0. 0. 0. 0. 0. 0. 0. 0. 0. 0. 0. 0. 0. 0. 0. 0. 0. 0. 0. 0. 0. 0. 0.
  0. 0. 0. 0. 0. 0. 0. 0. 0. 0. 0. 0. 0. 0. 0. 0. 0. 0. 0. 0. 0. 0. 0. 0.
  0. 0. 0. 0.]
 [1. 1. 0. 1. 0. 0. 1. 0. 0. 0. 1. 0. 1. 1. 1. 1. 0. 0. 1. 1. 0. 0. 0. 0.
  0. 0. 0. 0. 0. 0. 0. 0. 0. 0. 0. 0. 0. 0. 0. 0. 0. 0. 0. 0. 0. 0. 0. 0.
  0. 0. 0. 0. 0. 0. 0. 0. 0. 0. 0. 0. 0. 0. 0. 0. 0. 0. 0. 0. 0. 0. 0. 0.
  0. 0. 0. 0. 0. 0. 0. 0. 0. 0. 0. 0. 0. 0. 0. 0. 0. 0. 0. 0. 0. 0. 0. 0.
  0. 0. 0. 0.]
 [0. 1. 0. 1. 1. 1. 1. 1. 0. 0. 0. 0. 0. 0. 0. 0. 0. 1. 0. 0. 0. 0. 0. 0.
  0. 0. 0. 0. 0. 0. 0. 0. 0. 0. 0. 0. 0. 0. 0. 0. 0. 0. 0. 0. 0. 0. 0. 0.
  0. 0. 0. 0. 0. 0. 0. 0. 0. 0. 0. 0. 0. 0. 0. 0. 0. 0. 0. 0. 0. 0. 0. 0.
  0. 0. 0. 0. 0. 0. 0. 0. 0. 0. 0. 0. 0. 0. 0. 0. 0. 0. 0. 0. 0. 0. 0. 0.
  0. 0. 0. 0.]
 [1. 0. 0. 1. 0. 1. 1. 0. 0. 1. 1. 0. 0. 0. 1. 1. 0. 1. 0. 0. 0. 0. 0. 0.
  0. 0. 0. 0. 0. 0. 0. 0. 0. 0. 0. 0. 0. 0. 0. 0. 0. 0. 0. 0. 0. 0. 0. 0.
  0. 0. 0. 0. 0. 0. 0. 0. 0. 0. 0. 0. 0. 0. 0. 0. 0. 0. 0. 0. 0. 0. 0. 0.
  0. 0. 0. 0. 0. 0. 0. 0. 0. 0. 0. 0. 0. 0. 0. 0. 0. 0. 0. 0. 0. 0. 0. 0.
  0. 0. 0. 0.]
 [0. 0. 0. 1. 0. 0. 1. 1. 1. 1. 1. 1. 0. 0. 1. 1. 0. 1. 1. 1. 0. 0. 0. 0.
  0. 0. 0. 0. 0. 0. 0. 0. 0. 0. 0. 0. 0. 0. 0. 0. 0. 0. 0. 0. 0. 0. 0. 0.
  0. 0. 0. 0. 0. 0. 0. 0. 0. 0. 0. 0. 0. 0. 0. 0. 0. 0. 0. 0. 0. 0. 0. 0.
  0. 0. 0. 0. 0. 0. 0. 0. 0. 0. 0. 0. 0. 0. 0. 0. 0. 0. 0. 0. 0. 0. 0. 0.
  0. 0. 0. 0.]
 [0. 1. 0. 0. 0. 1. 1. 0. 1. 0. 0. 1. 1. 1. 1. 1. 0. 1. 0. 0. 0. 0. 0. 0.
  0. 0. 0. 0. 0. 0. 0. 0. 0. 0. 0. 0. 0. 0. 0. 0. 0. 0. 0. 0. 0. 0. 0. 0.
  0. 0. 0. 0. 0. 0. 0. 0. 0. 0. 0. 0. 0. 0. 0. 0. 0. 0. 0. 0. 0. 0. 0. 0.
  0. 0. 0. 0. 0. 0. 0. 0. 0. 0. 0. 0. 0. 0. 0. 0. 0. 0. 0. 0. 0. 0. 0. 0.
  0. 0. 0. 0.]
 [1. 0. 1. 0. 1. 0. 1. 0. 0. 1. 1. 1. 1. 0. 1. 1. 1. 1. 1. 1. 0. 0. 0. 0.
  0. 0. 0. 0. 0. 0. 0. 0. 0. 0. 0. 0. 0. 0. 0. 0. 0. 0. 0. 0. 0. 0. 0. 0.
  0. 0. 0. 0. 0. 0. 0. 0. 0. 0. 0. 0. 0. 0. 0. 0. 0. 0. 0. 0. 0. 0. 0. 0.
  0. 0. 0. 0. 0. 0. 0. 0. 0. 0. 0. 0. 0. 0. 0. 0. 0. 0. 0. 0. 0. 0. 0. 0.
  0. 0. 0. 0.]
 [1. 0. 0. 0. 0. 0. 1. 0. 1. 0. 0. 1. 1. 0. 0. 0. 0. 0. 1. 0. 0. 0. 0. 0.
  0. 0. 0. 0. 0. 0. 0. 0. 0. 0. 0. 0. 0. 0. 0. 0. 0. 0. 0. 0. 0. 0. 0. 0.
  0. 0. 0. 0. 0. 0. 0. 0. 0. 0. 0. 0. 0. 0. 0. 0. 0. 0. 0. 0. 0. 0. 0. 0.
  0. 0. 0. 0. 0. 0. 0. 0. 0. 0. 0. 0. 0. 0. 0. 0. 0. 0. 0. 0. 0. 0. 0. 0.
  0. 0. 0. 0.]
 [1. 1. 0. 1. 1. 1. 0. 1. 0. 1. 0. 0. 1. 1. 1. 1. 1. 1. 0. 1. 0. 0. 0. 0.
  0. 0. 0. 0. 0. 0. 0. 0. 0. 0. 0. 0. 0. 0. 0. 0. 0. 0. 0. 0. 0. 0. 0. 0.
  0. 0. 0. 0. 0. 0. 0. 0. 0. 0. 0. 0. 0. 0. 0. 0. 0. 0. 0. 0. 0. 0. 0. 0.
  0. 0. 0. 0. 0. 0. 0. 0. 0. 0. 0. 0. 0. 0. 0. 0. 0. 0. 0. 0. 0. 0. 0. 0.
  0. 0. 0. 0.]
 [0. 0. 0. 0. 0. 0. 1. 1. 0. 1. 1. 1. 1. 0. 0. 0. 1. 1. 1. 0. 0. 0. 0. 0.
  0. 0. 0. 0. 0. 0. 0. 0. 0. 0. 0. 0. 0. 0. 0. 0. 0. 0. 0. 0. 0. 0. 0. 0.
  0. 0. 0. 0. 0. 0. 0. 0. 0. 0. 0. 0. 0. 0. 0. 0. 0. 0. 0. 0. 0. 0. 0. 0.
  0. 0. 0. 0. 0. 0. 0. 0. 0. 0. 0. 0. 0. 0. 0. 0. 0. 0. 0. 0. 0. 0. 0. 0.
  0. 0. 0. 0.]
 [0. 0. 0. 1. 0. 0. 0. 1. 1. 1. 1. 1. 1. 1. 1. 0. 1. 0. 1. 0. 0. 0. 0. 0.
  0. 0. 0. 0. 0. 0. 0. 0. 0. 0. 0. 0. 0. 0. 0. 0. 0. 0. 0. 0. 0. 0. 0. 0.
  0. 0. 0. 0. 0. 0. 0. 0. 0. 0. 0. 0. 0. 0. 0. 0. 0. 0. 0. 0. 0. 0. 0. 0.
  0. 0. 0. 0. 0. 0. 0. 0. 0. 0. 0. 0. 0. 0. 0. 0. 0. 0. 0. 0. 0. 0. 0. 0.
  0. 0. 0. 0.]
 [0. 1. 0. 0. 1. 1. 0. 0. 0. 1. 0. 0. 0. 1. 0. 1. 1. 1. 0. 0. 0. 0. 0. 0.
  0. 0. 0. 0. 0. 0. 0. 0. 0. 0. 0. 0. 0. 0. 0. 0. 0. 0. 0. 0. 0. 0. 0. 0.
  0. 0. 0. 0. 0. 0. 0. 0. 0. 0. 0. 0. 0. 0. 0. 0. 0. 0. 0. 0. 0. 0. 0. 0.
  0. 0. 0. 0. 0. 0. 0. 0. 0. 0. 0. 0. 0. 0. 0. 0. 0. 0. 0. 0. 0. 0. 0. 0.
  0. 0. 0. 0.]
 [1. 0. 0. 1. 0. 1. 1. 1. 1. 0. 0. 1. 0. 0. 1. 1. 1. 0. 1. 0. 0. 0. 0. 0.
  0. 0. 0. 0. 0. 0. 0. 0. 0. 0. 0. 0. 0. 0. 0. 0. 0. 0. 0. 0. 0. 0. 0. 0.
  0. 0. 0. 0. 0. 0. 0. 0. 0. 0. 0. 0. 0. 0. 0. 0. 0. 0. 0. 0. 0. 0. 0. 0.
  0. 0. 0. 0. 0. 0. 0. 0. 0. 0. 0. 0. 0. 0. 0. 0. 0. 0. 0. 0. 0. 0. 0. 0.
  0. 0. 0. 0.]
 [0. 0. 0. 0. 1. 0. 1. 1. 1. 0. 1. 1. 0. 0. 0. 1. 0. 0. 0. 1. 0. 0. 0. 0.
  0. 0. 0. 0. 0. 0. 0. 0. 0. 0. 0. 0. 0. 0. 0. 0. 0. 0. 0. 0. 0. 0. 0. 0.
  0. 0. 0. 0. 0. 0. 0. 0. 0. 0. 0. 0. 0. 0. 0. 0. 0. 0. 0. 0. 0. 0. 0. 0.
  0. 0. 0. 0. 0. 0. 0. 0. 0. 0. 0. 0. 0. 0. 0. 0. 0. 0. 0. 0. 0. 0. 0. 0.
  0. 0. 0. 0.]
 [1. 0. 0. 1. 1. 0. 1. 0. 1. 0. 1. 0. 1. 1. 0. 1. 0. 0. 0. 0. 0. 0. 0. 0.
  0. 0. 0. 0. 0. 0. 0. 0. 0. 0. 0. 0. 0. 0. 0. 0. 0. 0. 0. 0. 0. 0. 0. 0.
  0. 0. 0. 0. 0. 0. 0. 0. 0. 0. 0. 0. 0. 0. 0. 0. 0. 0. 0. 0. 0. 0. 0. 0.
  0. 0. 0. 0. 0. 0. 0. 0. 0. 0. 0. 0. 0. 0. 0. 0. 0. 0. 0. 0. 0. 0. 0. 0.
  0. 0. 0. 0.]
 [0. 0. 1. 0. 1. 0. 0. 1. 1. 1. 0. 0. 1. 0. 0. 1. 1. 1. 0. 1. 0. 0. 0. 0.
  0. 0. 0. 0. 0. 0. 0. 0. 0. 0. 0. 0. 0. 0. 0. 0. 0. 0. 0. 0. 0. 0. 0. 0.
  0. 0. 0. 0. 0. 0. 0. 0. 0. 0. 0. 0. 0. 0. 0. 0. 0. 0. 0. 0. 0. 0. 0. 0.
  0. 0. 0. 0. 0. 0. 0. 0. 0. 0. 0. 0. 0. 0. 0. 0. 0. 0. 0. 0. 0. 0. 0. 0.
  0. 0. 0. 0.]
 [0. 0. 0. 1. 0. 0. 1. 1. 0. 1. 1. 1. 0. 1. 0. 0. 1. 1. 0. 1. 0. 0. 0. 0.
  0. 0. 0. 0. 0. 0. 0. 0. 0. 0. 0. 0. 0. 0. 0. 0. 0. 0. 0. 0. 0. 0. 0. 0.
  0. 0. 0. 0. 0. 0. 0. 0. 0. 0. 0. 0. 0. 0. 0. 0. 0. 0. 0. 0. 0. 0. 0. 0.
  0. 0. 0. 0. 0. 0. 0. 0. 0. 0. 0. 0. 0. 0. 0. 0. 0. 0. 0. 0. 0. 0. 0. 0.
  0. 0. 0. 0.]
 [1. 0. 1. 0. 1. 0. 0. 0. 1. 0. 0. 1. 1. 0. 0. 1. 0. 0. 0. 0. 0. 0. 0. 0.
  0. 0. 0. 0. 0. 0. 0. 0. 0. 0. 0. 0. 0. 0. 0. 0. 0. 0. 0. 0. 0. 0. 0. 0.
  0. 0. 0. 0. 0. 0. 0. 0. 0. 0. 0. 0. 0. 0. 0. 0. 0. 0. 0. 0. 0. 0. 0. 0.
  0. 0. 0. 0. 0. 0. 0. 0. 0. 0. 0. 0. 0. 0. 0. 0. 0. 0. 0. 0. 0. 0. 0. 0.
  0. 0. 0. 0.]
 [0. 0. 1. 0. 0. 1. 1. 1. 1. 1. 1. 1. 1. 1. 1. 0. 1. 0. 0. 1. 0. 0. 0. 0.
  0. 0. 0. 0. 0. 0. 0. 0. 0. 0. 0. 0. 0. 0. 0. 0. 0. 0. 0. 0. 0. 0. 0. 0.
  0. 0. 0. 0. 0. 0. 0. 0. 0. 0. 0. 0. 0. 0. 0. 0. 0. 0. 0. 0. 0. 0. 0. 0.
  0. 0. 0. 0. 0. 0. 0. 0. 0. 0. 0. 0. 0. 0. 0. 0. 0. 0. 0. 0. 0. 0. 0. 0.
  0. 0. 0. 0.]
 [0. 0. 1. 1. 0. 0. 1. 1. 0. 0. 0. 0. 0. 0. 1. 0. 0. 0. 1. 1. 0. 0. 0. 0.
  0. 0. 0. 0. 0. 0. 0. 0. 0. 0. 0. 0. 0. 0. 0. 0. 0. 0. 0. 0. 0. 0. 0. 0.
  0. 0. 0. 0. 0. 0. 0. 0. 0. 0. 0. 0. 0. 0. 0. 0. 0. 0. 0. 0. 0. 0. 0. 0.
  0. 0. 0. 0. 0. 0. 0. 0. 0. 0. 0. 0. 0. 0. 0. 0. 0. 0. 0. 0. 0. 0. 0. 0.
  0. 0. 0. 0.]
 [1. 0. 0. 0. 1. 0. 1. 1. 1. 1. 0. 0. 0. 0. 0. 1. 0. 0. 1. 0. 0. 0. 0. 0.
  0. 0. 0. 0. 0. 0. 0. 0. 0. 0. 0. 0. 0. 0. 0. 0. 0. 0. 0. 0. 0. 0. 0. 0.
  0. 0. 0. 0. 0. 0. 0. 0. 0. 0. 0. 0. 0. 0. 0. 0. 0. 0. 0. 0. 0. 0. 0. 0.
  0. 0. 0. 0. 0. 0. 0. 0. 0. 0. 0. 0. 0. 0. 0. 0. 0. 0. 0. 0. 0. 0. 0. 0.
  0. 0. 0. 0.]
 [0. 1. 1. 0. 1. 0. 0. 1. 1. 1. 1. 1. 1. 1. 0. 1. 1. 0. 0. 1. 0. 0. 0. 0.
  0. 0. 0. 0. 0. 0. 0. 0. 0. 0. 0. 0. 0. 0. 0. 0. 0. 0. 0. 0. 0. 0. 0. 0.
  0. 0. 0. 0. 0. 0. 0. 0. 0. 0. 0. 0. 0. 0. 0. 0. 0. 0. 0. 0. 0. 0. 0. 0.
  0. 0. 0. 0. 0. 0. 0. 0. 0. 0. 0. 0. 0. 0. 0. 0. 0. 0. 0. 0. 0. 0. 0. 0.
  0. 0. 0. 0.]
 [1. 1. 0. 0. 0. 0. 0. 0. 0. 1. 0. 0. 0. 0. 0. 0. 1. 0. 0. 0. 0. 0. 0. 0.
  0. 0. 0. 0. 0. 0. 0. 0. 0. 0. 0. 0. 0. 0. 0. 0. 0. 0. 0. 0. 0. 0. 0. 0.
  0. 0. 0. 0. 0. 0. 0. 0. 0. 0. 0. 0. 0. 0. 0. 0. 0. 0. 0. 0. 0. 0. 0. 0.
  0. 0. 0. 0. 0. 0. 0. 0. 0. 0. 0. 0. 0. 0. 0. 0. 0. 0. 0. 0. 0. 0. 0. 0.
  0. 0. 0. 0.]
 [0. 0. 0. 1. 0. 1. 0. 1. 1. 1. 0. 1. 0. 1. 0. 0. 1. 0. 0. 0. 0. 0. 0. 0.
  0. 0. 0. 0. 0. 0. 0. 0. 0. 0. 0. 0. 0. 0. 0. 0. 0. 0. 0. 0. 0. 0. 0. 0.
  0. 0. 0. 0. 0. 0. 0. 0. 0. 0. 0. 0. 0. 0. 0. 0. 0. 0. 0. 0. 0. 0. 0. 0.
  0. 0. 0. 0. 0. 0. 0. 0. 0. 0. 0. 0. 0. 0. 0. 0. 0. 0. 0. 0. 0. 0. 0. 0.
  0. 0. 0. 0.]
 [1. 1. 1. 1. 0. 1. 1. 1. 0. 1. 0. 0. 1. 0. 1. 1. 1. 1. 0. 1. 0. 0. 0. 0.
  0. 0. 0. 0. 0. 0. 0. 0. 0. 0. 0. 0. 0. 0. 0. 0. 0. 0. 0. 0. 0. 0. 0. 0.
  0. 0. 0. 0. 0. 0. 0. 0. 0. 0. 0. 0. 0. 0. 0. 0. 0. 0. 0. 0. 0. 0. 0. 0.
  0. 0. 0. 0. 0. 0. 0. 0. 0. 0. 0. 0. 0. 0. 0. 0. 0. 0. 0. 0. 0. 0. 0. 0.
  0. 0. 0. 0.]
 [1. 1. 1. 0. 1. 1. 0. 1. 0. 1. 1. 0. 0. 0. 0. 0. 1. 0. 1. 1. 0. 0. 0. 0.
  0. 0. 0. 0. 0. 0. 0. 0. 0. 0. 0. 0. 0. 0. 0. 0. 0. 0. 0. 0. 0. 0. 0. 0.
  0. 0. 0. 0. 0. 0. 0. 0. 0. 0. 0. 0. 0. 0. 0. 0. 0. 0. 0. 0. 0. 0. 0. 0.
  0. 0. 0. 0. 0. 0. 0. 0. 0. 0. 0. 0. 0. 0. 0. 0. 0. 0. 0. 0. 0. 0. 0. 0.
  0. 0. 0. 0.]
 [1. 0. 1. 1. 1. 0. 0. 0. 0. 1. 1. 1. 0. 1. 1. 0. 1. 1. 0. 0. 0. 0. 0. 0.
  0. 0. 0. 0. 0. 0. 0. 0. 0. 0. 0. 0. 0. 0. 0. 0. 0. 0. 0. 0. 0. 0. 0. 0.
  0. 0. 0. 0. 0. 0. 0. 0. 0. 0. 0. 0. 0. 0. 0. 0. 0. 0. 0. 0. 0. 0. 0. 0.
  0. 0. 0. 0. 0. 0. 0. 0. 0. 0. 0. 0. 0. 0. 0. 0. 0. 0. 0. 0. 0. 0. 0. 0.
  0. 0. 0. 0.]
 [1. 0. 0. 1. 1. 0. 1. 1. 1. 0. 0. 0. 1. 1. 1. 0. 0. 0. 1. 0. 0. 0. 0. 0.
  0. 0. 0. 0. 0. 0. 0. 0. 0. 0. 0. 0. 0. 0. 0. 0. 0. 0. 0. 0. 0. 0. 0. 0.
  0. 0. 0. 0. 0. 0. 0. 0. 0. 0. 0. 0. 0. 0. 0. 0. 0. 0. 0. 0. 0. 0. 0. 0.
  0. 0. 0. 0. 0. 0. 0. 0. 0. 0. 0. 0. 0. 0. 0. 0. 0. 0. 0. 0. 0. 0. 0. 0.
  0. 0. 0. 0.]
 [0. 1. 0. 1. 0. 1. 1. 1. 0. 0. 1. 0. 0. 1. 1. 1. 0. 0. 1. 0. 0. 0. 0. 0.
  0. 0. 0. 0. 0. 0. 0. 0. 0. 0. 0. 0. 0. 0. 0. 0. 0. 0. 0. 0. 0. 0. 0. 0.
  0. 0. 0. 0. 0. 0. 0. 0. 0. 0. 0. 0. 0. 0. 0. 0. 0. 0. 0. 0. 0. 0. 0. 0.
  0. 0. 0. 0. 0. 0. 0. 0. 0. 0. 0. 0. 0. 0. 0. 0. 0. 0. 0. 0. 0. 0. 0. 0.
  0. 0. 0. 0.]
 [0. 0. 1. 0. 0. 0. 0. 1. 1. 1. 1. 1. 0. 0. 1. 1. 1. 0. 1. 0. 0. 0. 0. 0.
  0. 0. 0. 0. 0. 0. 0. 0. 0. 0. 0. 0. 0. 0. 0. 0. 0. 0. 0. 0. 0. 0. 0. 0.
  0. 0. 0. 0. 0. 0. 0. 0. 0. 0. 0. 0. 0. 0. 0. 0. 0. 0. 0. 0. 0. 0. 0. 0.
  0. 0. 0. 0. 0. 0. 0. 0. 0. 0. 0. 0. 0. 0. 0. 0. 0. 0. 0. 0. 0. 0. 0. 0.
  0. 0. 0. 0.]
 [0. 0. 1. 0. 0. 1. 1. 0. 0. 0. 0. 0. 1. 1. 0. 0. 0. 1. 0. 0. 0. 0. 0. 0.
  0. 0. 0. 0. 0. 0. 0. 0. 0. 0. 0. 0. 0. 0. 0. 0. 0. 0. 0. 0. 0. 0. 0. 0.
  0. 0. 0. 0. 0. 0. 0. 0. 0. 0. 0. 0. 0. 0. 0. 0. 0. 0. 0. 0. 0. 0. 0. 0.
  0. 0. 0. 0. 0. 0. 0. 0. 0. 0. 0. 0. 0. 0. 0. 0. 0. 0. 0. 0. 0. 0. 0. 0.
  0. 0. 0. 0.]
 [1. 1. 0. 0. 1. 0. 0. 1. 1. 1. 0. 1. 0. 0. 0. 1. 1. 0. 1. 0. 0. 0. 0. 0.
  0. 0. 0. 0. 0. 0. 0. 0. 0. 0. 0. 0. 0. 0. 0. 0. 0. 0. 0. 0. 0. 0. 0. 0.
  0. 0. 0. 0. 0. 0. 0. 0. 0. 0. 0. 0. 0. 0. 0. 0. 0. 0. 0. 0. 0. 0. 0. 0.
  0. 0. 0. 0. 0. 0. 0. 0. 0. 0. 0. 0. 0. 0. 0. 0. 0. 0. 0. 0. 0. 0. 0. 0.
  0. 0. 0. 0.]
 [1. 1. 0. 0. 0. 1. 1. 1. 1. 1. 0. 0. 0. 1. 1. 0. 0. 0. 0. 0. 0. 0. 0. 0.
  0. 0. 0. 0. 0. 0. 0. 0. 0. 0. 0. 0. 0. 0. 0. 0. 0. 0. 0. 0. 0. 0. 0. 0.
  0. 0. 0. 0. 0. 0. 0. 0. 0. 0. 0. 0. 0. 0. 0. 0. 0. 0. 0. 0. 0. 0. 0. 0.
  0. 0. 0. 0. 0. 0. 0. 0. 0. 0. 0. 0. 0. 0. 0. 0. 0. 0. 0. 0. 0. 0. 0. 0.
  0. 0. 0. 0.]
 [1. 0. 1. 1. 0. 1. 1. 0. 0. 1. 0. 1. 0. 0. 0. 0. 0. 1. 1. 1. 0. 0. 0. 0.
  0. 0. 0. 0. 0. 0. 0. 0. 0. 0. 0. 0. 0. 0. 0. 0. 0. 0. 0. 0. 0. 0. 0. 0.
  0. 0. 0. 0. 0. 0. 0. 0. 0. 0. 0. 0. 0. 0. 0. 0. 0. 0. 0. 0. 0. 0. 0. 0.
  0. 0. 0. 0. 0. 0. 0. 0. 0. 0. 0. 0. 0. 0. 0. 0. 0. 0. 0. 0. 0. 0. 0. 0.
  0. 0. 0. 0.]
 [0. 1. 1. 1. 1. 1. 0. 1. 0. 1. 0. 1. 1. 0. 0. 0. 1. 1. 1. 1. 0. 0. 0. 0.
  0. 0. 0. 0. 0. 0. 0. 0. 0. 0. 0. 0. 0. 0. 0. 0. 0. 0. 0. 0. 0. 0. 0. 0.
  0. 0. 0. 0. 0. 0. 0. 0. 0. 0. 0. 0. 0. 0. 0. 0. 0. 0. 0. 0. 0. 0. 0. 0.
  0. 0. 0. 0. 0. 0. 0. 0. 0. 0. 0. 0. 0. 0. 0. 0. 0. 0. 0. 0. 0. 0. 0. 0.
  0. 0. 0. 0.]
 [1. 0. 1. 0. 0. 0. 1. 1. 0. 0. 1. 1. 0. 0. 1. 1. 1. 0. 1. 0. 0. 0. 0. 0.
  0. 0. 0. 0. 0. 0. 0. 0. 0. 0. 0. 0. 0. 0. 0. 0. 0. 0. 0. 0. 0. 0. 0. 0.
  0. 0. 0. 0. 0. 0. 0. 0. 0. 0. 0. 0. 0. 0. 0. 0. 0. 0. 0. 0. 0. 0. 0. 0.
  0. 0. 0. 0. 0. 0. 0. 0. 0. 0. 0. 0. 0. 0. 0. 0. 0. 0. 0. 0. 0. 0. 0. 0.
  0. 0. 0. 0.]
 [0. 0. 0. 1. 1. 0. 1. 0. 0. 0. 1. 1. 0. 1. 0. 0. 0. 1. 0. 1. 0. 0. 0. 0.
  0. 0. 0. 0. 0. 0. 0. 0. 0. 0. 0. 0. 0. 0. 0. 0. 0. 0. 0. 0. 0. 0. 0. 0.
  0. 0. 0. 0. 0. 0. 0. 0. 0. 0. 0. 0. 0. 0. 0. 0. 0. 0. 0. 0. 0. 0. 0. 0.
  0. 0. 0. 0. 0. 0. 0. 0. 0. 0. 0. 0. 0. 0. 0. 0. 0. 0. 0. 0. 0. 0. 0. 0.
  0. 0. 0. 0.]
 [1. 0. 1. 0. 0. 1. 0. 0. 0. 1. 1. 1. 0. 1. 0. 1. 0. 0. 1. 1. 0. 0. 0. 0.
  0. 0. 0. 0. 0. 0. 0. 0. 0. 0. 0. 0. 0. 0. 0. 0. 0. 0. 0. 0. 0. 0. 0. 0.
  0. 0. 0. 0. 0. 0. 0. 0. 0. 0. 0. 0. 0. 0. 0. 0. 0. 0. 0. 0. 0. 0. 0. 0.
  0. 0. 0. 0. 0. 0. 0. 0. 0. 0. 0. 0. 0. 0. 0. 0. 0. 0. 0. 0. 0. 0. 0. 0.
  0. 0. 0. 0.]
 [1. 1. 1. 1. 1. 0. 0. 1. 1. 1. 0. 0. 0. 0. 0. 1. 1. 0. 0. 1. 0. 0. 0. 0.
  0. 0. 0. 0. 0. 0. 0. 0. 0. 0. 0. 0. 0. 0. 0. 0. 0. 0. 0. 0. 0. 0. 0. 0.
  0. 0. 0. 0. 0. 0. 0. 0. 0. 0. 0. 0. 0. 0. 0. 0. 0. 0. 0. 0. 0. 0. 0. 0.
  0. 0. 0. 0. 0. 0. 0. 0. 0. 0. 0. 0. 0. 0. 0. 0. 0. 0. 0. 0. 0. 0. 0. 0.
  0. 0. 0. 0.]
 [0. 1. 1. 0. 1. 0. 0. 0. 1. 0. 0. 1. 1. 0. 0. 0. 0. 1. 0. 1. 0. 0. 0. 0.
  0. 0. 0. 0. 0. 0. 0. 0. 0. 0. 0. 0. 0. 0. 0. 0. 0. 0. 0. 0. 0. 0. 0. 0.
  0. 0. 0. 0. 0. 0. 0. 0. 0. 0. 0. 0. 0. 0. 0. 0. 0. 0. 0. 0. 0. 0. 0. 0.
  0. 0. 0. 0. 0. 0. 0. 0. 0. 0. 0. 0. 0. 0. 0. 0. 0. 0. 0. 0. 0. 0. 0. 0.
  0. 0. 0. 0.]
 [0. 1. 0. 1. 0. 1. 1. 1. 1. 1. 0. 0. 1. 1. 0. 0. 0. 0. 0. 0. 0. 0. 0. 0.
  0. 0. 0. 0. 0. 0. 0. 0. 0. 0. 0. 0. 0. 0. 0. 0. 0. 0. 0. 0. 0. 0. 0. 0.
  0. 0. 0. 0. 0. 0. 0. 0. 0. 0. 0. 0. 0. 0. 0. 0. 0. 0. 0. 0. 0. 0. 0. 0.
  0. 0. 0. 0. 0. 0. 0. 0. 0. 0. 0. 0. 0. 0. 0. 0. 0. 0. 0. 0. 0. 0. 0. 0.
  0. 0. 0. 0.]
 [1. 0. 0. 0. 0. 0. 1. 1. 0. 0. 1. 1. 1. 1. 0. 1. 1. 1. 1. 1. 0. 0. 0. 0.
  0. 0. 0. 0. 0. 0. 0. 0. 0. 0. 0. 0. 0. 0. 0. 0. 0. 0. 0. 0. 0. 0. 0. 0.
  0. 0. 0. 0. 0. 0. 0. 0. 0. 0. 0. 0. 0. 0. 0. 0. 0. 0. 0. 0. 0. 0. 0. 0.
  0. 0. 0. 0. 0. 0. 0. 0. 0. 0. 0. 0. 0. 0. 0. 0. 0. 0. 0. 0. 0. 0. 0. 0.
  0. 0. 0. 0.]
 [0. 0. 0. 0. 0. 0. 0. 0. 1. 0. 1. 0. 1. 1. 1. 0. 0. 0. 0. 1. 0. 0. 0. 0.
  0. 0. 0. 0. 0. 0. 0. 0. 0. 0. 0. 0. 0. 0. 0. 0. 0. 0. 0. 0. 0. 0. 0. 0.
  0. 0. 0. 0. 0. 0. 0. 0. 0. 0. 0. 0. 0. 0. 0. 0. 0. 0. 0. 0. 0. 0. 0. 0.
  0. 0. 0. 0. 0. 0. 0. 0. 0. 0. 0. 0. 0. 0. 0. 0. 0. 0. 0. 0. 0. 0. 0. 0.
  0. 0. 0. 0.]
 [1. 1. 1. 1. 1. 1. 0. 1. 1. 1. 0. 0. 0. 1. 1. 0. 1. 1. 1. 0. 0. 0. 0. 0.
  0. 0. 0. 0. 0. 0. 0. 0. 0. 0. 0. 0. 0. 0. 0. 0. 0. 0. 0. 0. 0. 0. 0. 0.
  0. 0. 0. 0. 0. 0. 0. 0. 0. 0. 0. 0. 0. 0. 0. 0. 0. 0. 0. 0. 0. 0. 0. 0.
  0. 0. 0. 0. 0. 0. 0. 0. 0. 0. 0. 0. 0. 0. 0. 0. 0. 0. 0. 0. 0. 0. 0. 0.
  0. 0. 0. 0.]
 [1. 0. 0. 1. 0. 1. 1. 0. 1. 0. 0. 0. 1. 0. 0. 1. 1. 1. 1. 0. 0. 0. 0. 0.
  0. 0. 0. 0. 0. 0. 0. 0. 0. 0. 0. 0. 0. 0. 0. 0. 0. 0. 0. 0. 0. 0. 0. 0.
  0. 0. 0. 0. 0. 0. 0. 0. 0. 0. 0. 0. 0. 0. 0. 0. 0. 0. 0. 0. 0. 0. 0. 0.
  0. 0. 0. 0. 0. 0. 0. 0. 0. 0. 0. 0. 0. 0. 0. 0. 0. 0. 0. 0. 0. 0. 0. 0.
  0. 0. 0. 0.]
 [1. 0. 0. 1. 1. 0. 0. 1. 1. 1. 0. 1. 1. 0. 1. 1. 0. 1. 1. 1. 0. 0. 0. 0.
  0. 0. 0. 0. 0. 0. 0. 0. 0. 0. 0. 0. 0. 0. 0. 0. 0. 0. 0. 0. 0. 0. 0. 0.
  0. 0. 0. 0. 0. 0. 0. 0. 0. 0. 0. 0. 0. 0. 0. 0. 0. 0. 0. 0. 0. 0. 0. 0.
  0. 0. 0. 0. 0. 0. 0. 0. 0. 0. 0. 0. 0. 0. 0. 0. 0. 0. 0. 0. 0. 0. 0. 0.
  0. 0. 0. 0.]
 [1. 0. 1. 0. 1. 1. 1. 0. 1. 0. 0. 1. 1. 1. 1. 1. 1. 1. 0. 0. 0. 0. 0. 0.
  0. 0. 0. 0. 0. 0. 0. 0. 0. 0. 0. 0. 0. 0. 0. 0. 0. 0. 0. 0. 0. 0. 0. 0.
  0. 0. 0. 0. 0. 0. 0. 0. 0. 0. 0. 0. 0. 0. 0. 0. 0. 0. 0. 0. 0. 0. 0. 0.
  0. 0. 0. 0. 0. 0. 0. 0. 0. 0. 0. 0. 0. 0. 0. 0. 0. 0. 0. 0. 0. 0. 0. 0.
  0. 0. 0. 0.]
 [0. 0. 0. 1. 0. 1. 1. 0. 1. 1. 0. 0. 1. 0. 0. 0. 1. 0. 0. 0. 0. 0. 0. 0.
  0. 0. 0. 0. 0. 0. 0. 0. 0. 0. 0. 0. 0. 0. 0. 0. 0. 0. 0. 0. 0. 0. 0. 0.
  0. 0. 0. 0. 0. 0. 0. 0. 0. 0. 0. 0. 0. 0. 0. 0. 0. 0. 0. 0. 0. 0. 0. 0.
  0. 0. 0. 0. 0. 0. 0. 0. 0. 0. 0. 0. 0. 0. 0. 0. 0. 0. 0. 0. 0. 0. 0. 0.
  0. 0. 0. 0.]
 [0. 1. 1. 0. 0. 1. 1. 0. 1. 1. 1. 1. 0. 0. 1. 0. 0. 1. 0. 1. 0. 0. 0. 0.
  0. 0. 0. 0. 0. 0. 0. 0. 0. 0. 0. 0. 0. 0. 0. 0. 0. 0. 0. 0. 0. 0. 0. 0.
  0. 0. 0. 0. 0. 0. 0. 0. 0. 0. 0. 0. 0. 0. 0. 0. 0. 0. 0. 0. 0. 0. 0. 0.
  0. 0. 0. 0. 0. 0. 0. 0. 0. 0. 0. 0. 0. 0. 0. 0. 0. 0. 0. 0. 0. 0. 0. 0.
  0. 0. 0. 0.]
 [1. 1. 0. 1. 1. 0. 1. 0. 1. 1. 0. 0. 0. 1. 1. 0. 0. 0. 1. 0. 0. 0. 0. 0.
  0. 0. 0. 0. 0. 0. 0. 0. 0. 0. 0. 0. 0. 0. 0. 0. 0. 0. 0. 0. 0. 0. 0. 0.
  0. 0. 0. 0. 0. 0. 0. 0. 0. 0. 0. 0. 0. 0. 0. 0. 0. 0. 0. 0. 0. 0. 0. 0.
  0. 0. 0. 0. 0. 0. 0. 0. 0. 0. 0. 0. 0. 0. 0. 0. 0. 0. 0. 0. 0. 0. 0. 0.
  0. 0. 0. 0.]
 [1. 0. 1. 0. 0. 1. 1. 1. 1. 0. 1. 1. 1. 0. 0. 1. 1. 1. 1. 1. 0. 0. 0. 0.
  0. 0. 0. 0. 0. 0. 0. 0. 0. 0. 0. 0. 0. 0. 0. 0. 0. 0. 0. 0. 0. 0. 0. 0.
  0. 0. 0. 0. 0. 0. 0. 0. 0. 0. 0. 0. 0. 0. 0. 0. 0. 0. 0. 0. 0. 0. 0. 0.
  0. 0. 0. 0. 0. 0. 0. 0. 0. 0. 0. 0. 0. 0. 0. 0. 0. 0. 0. 0. 0. 0. 0. 0.
  0. 0. 0. 0.]
 [0. 1. 1. 0. 1. 1. 1. 1. 0. 0. 1. 1. 1. 0. 1. 0. 0. 1. 0. 1. 0. 0. 0. 0.
  0. 0. 0. 0. 0. 0. 0. 0. 0. 0. 0. 0. 0. 0. 0. 0. 0. 0. 0. 0. 0. 0. 0. 0.
  0. 0. 0. 0. 0. 0. 0. 0. 0. 0. 0. 0. 0. 0. 0. 0. 0. 0. 0. 0. 0. 0. 0. 0.
  0. 0. 0. 0. 0. 0. 0. 0. 0. 0. 0. 0. 0. 0. 0. 0. 0. 0. 0. 0. 0. 0. 0. 0.
  0. 0. 0. 0.]
 [1. 1. 0. 0. 1. 1. 1. 0. 1. 0. 1. 0. 0. 1. 0. 0. 0. 0. 1. 1. 0. 0. 0. 0.
  0. 0. 0. 0. 0. 0. 0. 0. 0. 0. 0. 0. 0. 0. 0. 0. 0. 0. 0. 0. 0. 0. 0. 0.
  0. 0. 0. 0. 0. 0. 0. 0. 0. 0. 0. 0. 0. 0. 0. 0. 0. 0. 0. 0. 0. 0. 0. 0.
  0. 0. 0. 0. 0. 0. 0. 0. 0. 0. 0. 0. 0. 0. 0. 0. 0. 0. 0. 0. 0. 0. 0. 0.
  0. 0. 0. 0.]
 [0. 0. 0. 1. 1. 0. 0. 1. 1. 0. 0. 1. 0. 1. 0. 1. 1. 0. 1. 0. 0. 0. 0. 0.
  0. 0. 0. 0. 0. 0. 0. 0. 0. 0. 0. 0. 0. 0. 0. 0. 0. 0. 0. 0. 0. 0. 0. 0.
  0. 0. 0. 0. 0. 0. 0. 0. 0. 0. 0. 0. 0. 0. 0. 0. 0. 0. 0. 0. 0. 0. 0. 0.
  0. 0. 0. 0. 0. 0. 0. 0. 0. 0. 0. 0. 0. 0. 0. 0. 0. 0. 0. 0. 0. 0. 0. 0.
  0. 0. 0. 0.]
 [0. 0. 0. 1. 0. 0. 0. 1. 0. 1. 0. 0. 0. 0. 0. 1. 1. 1. 1. 1. 0. 0. 0. 0.
  0. 0. 0. 0. 0. 0. 0. 0. 0. 0. 0. 0. 0. 0. 0. 0. 0. 0. 0. 0. 0. 0. 0. 0.
  0. 0. 0. 0. 0. 0. 0. 0. 0. 0. 0. 0. 0. 0. 0. 0. 0. 0. 0. 0. 0. 0. 0. 0.
  0. 0. 0. 0. 0. 0. 0. 0. 0. 0. 0. 0. 0. 0. 0. 0. 0. 0. 0. 0. 0. 0. 0. 0.
  0. 0. 0. 0.]
 [1. 0. 1. 1. 1. 0. 1. 0. 0. 1. 1. 1. 0. 0. 0. 1. 1. 0. 1. 1. 0. 0. 0. 0.
  0. 0. 0. 0. 0. 0. 0. 0. 0. 0. 0. 0. 0. 0. 0. 0. 0. 0. 0. 0. 0. 0. 0. 0.
  0. 0. 0. 0. 0. 0. 0. 0. 0. 0. 0. 0. 0. 0. 0. 0. 0. 0. 0. 0. 0. 0. 0. 0.
  0. 0. 0. 0. 0. 0. 0. 0. 0. 0. 0. 0. 0. 0. 0. 0. 0. 0. 0. 0. 0. 0. 0. 0.
  0. 0. 0. 0.]
 [1. 0. 1. 1. 0. 0. 0. 1. 0. 1. 1. 1. 1. 0. 1. 0. 1. 1. 1. 0. 0. 0. 0. 0.
  0. 0. 0. 0. 0. 0. 0. 0. 0. 0. 0. 0. 0. 0. 0. 0. 0. 0. 0. 0. 0. 0. 0. 0.
  0. 0. 0. 0. 0. 0. 0. 0. 0. 0. 0. 0. 0. 0. 0. 0. 0. 0. 0. 0. 0. 0. 0. 0.
  0. 0. 0. 0. 0. 0. 0. 0. 0. 0. 0. 0. 0. 0. 0. 0. 0. 0. 0. 0. 0. 0. 0. 0.
  0. 0. 0. 0.]
 [1. 1. 0. 0. 1. 0. 1. 0. 1. 1. 0. 0. 0. 0. 1. 1. 1. 0. 1. 1. 0. 0. 0. 0.
  0. 0. 0. 0. 0. 0. 0. 0. 0. 0. 0. 0. 0. 0. 0. 0. 0. 0. 0. 0. 0. 0. 0. 0.
  0. 0. 0. 0. 0. 0. 0. 0. 0. 0. 0. 0. 0. 0. 0. 0. 0. 0. 0. 0. 0. 0. 0. 0.
  0. 0. 0. 0. 0. 0. 0. 0. 0. 0. 0. 0. 0. 0. 0. 0. 0. 0. 0. 0. 0. 0. 0. 0.
  0. 0. 0. 0.]
 [1. 1. 1. 1. 1. 1. 1. 1. 1. 1. 1. 1. 0. 0. 0. 1. 0. 1. 0. 0. 0. 0. 0. 0.
  0. 0. 0. 0. 0. 0. 0. 0. 0. 0. 0. 0. 0. 0. 0. 0. 0. 0. 0. 0. 0. 0. 0. 0.
  0. 0. 0. 0. 0. 0. 0. 0. 0. 0. 0. 0. 0. 0. 0. 0. 0. 0. 0. 0. 0. 0. 0. 0.
  0. 0. 0. 0. 0. 0. 0. 0. 0. 0. 0. 0. 0. 0. 0. 0. 0. 0. 0. 0. 0. 0. 0. 0.
  0. 0. 0. 0.]
 [1. 1. 0. 1. 1. 1. 1. 0. 0. 1. 0. 1. 0. 0. 1. 1. 1. 0. 1. 0. 0. 0. 0. 0.
  0. 0. 0. 0. 0. 0. 0. 0. 0. 0. 0. 0. 0. 0. 0. 0. 0. 0. 0. 0. 0. 0. 0. 0.
  0. 0. 0. 0. 0. 0. 0. 0. 0. 0. 0. 0. 0. 0. 0. 0. 0. 0. 0. 0. 0. 0. 0. 0.
  0. 0. 0. 0. 0. 0. 0. 0. 0. 0. 0. 0. 0. 0. 0. 0. 0. 0. 0. 0. 0. 0. 0. 0.
  0. 0. 0. 0.]
 [0. 1. 1. 0. 1. 0. 0. 1. 1. 1. 1. 0. 0. 1. 0. 1. 1. 1. 1. 1. 0. 0. 0. 0.
  0. 0. 0. 0. 0. 0. 0. 0. 0. 0. 0. 0. 0. 0. 0. 0. 0. 0. 0. 0. 0. 0. 0. 0.
  0. 0. 0. 0. 0. 0. 0. 0. 0. 0. 0. 0. 0. 0. 0. 0. 0. 0. 0. 0. 0. 0. 0. 0.
  0. 0. 0. 0. 0. 0. 0. 0. 0. 0. 0. 0. 0. 0. 0. 0. 0. 0. 0. 0. 0. 0. 0. 0.
  0. 0. 0. 0.]
 [0. 0. 1. 1. 1. 0. 1. 0. 0. 0. 0. 0. 1. 0. 1. 1. 1. 1. 0. 0. 0. 0. 0. 0.
  0. 0. 0. 0. 0. 0. 0. 0. 0. 0. 0. 0. 0. 0. 0. 0. 0. 0. 0. 0. 0. 0. 0. 0.
  0. 0. 0. 0. 0. 0. 0. 0. 0. 0. 0. 0. 0. 0. 0. 0. 0. 0. 0. 0. 0. 0. 0. 0.
  0. 0. 0. 0. 0. 0. 0. 0. 0. 0. 0. 0. 0. 0. 0. 0. 0. 0. 0. 0. 0. 0. 0. 0.
  0. 0. 0. 0.]
 [0. 0. 0. 1. 1. 0. 1. 0. 0. 1. 0. 1. 1. 0. 1. 0. 1. 1. 1. 1. 0. 0. 0. 0.
  0. 0. 0. 0. 0. 0. 0. 0. 0. 0. 0. 0. 0. 0. 0. 0. 0. 0. 0. 0. 0. 0. 0. 0.
  0. 0. 0. 0. 0. 0. 0. 0. 0. 0. 0. 0. 0. 0. 0. 0. 0. 0. 0. 0. 0. 0. 0. 0.
  0. 0. 0. 0. 0. 0. 0. 0. 0. 0. 0. 0. 0. 0. 0. 0. 0. 0. 0. 0. 0. 0. 0. 0.
  0. 0. 0. 0.]
 [1. 1. 0. 0. 0. 0. 1. 0. 0. 0. 0. 1. 1. 0. 1. 1. 0. 1. 1. 1. 0. 0. 0. 0.
  0. 0. 0. 0. 0. 0. 0. 0. 0. 0. 0. 0. 0. 0. 0. 0. 0. 0. 0. 0. 0. 0. 0. 0.
  0. 0. 0. 0. 0. 0. 0. 0. 0. 0. 0. 0. 0. 0. 0. 0. 0. 0. 0. 0. 0. 0. 0. 0.
  0. 0. 0. 0. 0. 0. 0. 0. 0. 0. 0. 0. 0. 0. 0. 0. 0. 0. 0. 0. 0. 0. 0. 0.
  0. 0. 0. 0.]
 [1. 0. 0. 1. 0. 1. 1. 1. 1. 1. 1. 0. 0. 0. 1. 1. 0. 1. 1. 1. 0. 0. 0. 0.
  0. 0. 0. 0. 0. 0. 0. 0. 0. 0. 0. 0. 0. 0. 0. 0. 0. 0. 0. 0. 0. 0. 0. 0.
  0. 0. 0. 0. 0. 0. 0. 0. 0. 0. 0. 0. 0. 0. 0. 0. 0. 0. 0. 0. 0. 0. 0. 0.
  0. 0. 0. 0. 0. 0. 0. 0. 0. 0. 0. 0. 0. 0. 0. 0. 0. 0. 0. 0. 0. 0. 0. 0.
  0. 0. 0. 0.]
 [0. 0. 1. 0. 0. 0. 1. 1. 0. 0. 0. 1. 1. 1. 1. 1. 1. 0. 1. 1. 0. 0. 0. 0.
  0. 0. 0. 0. 0. 0. 0. 0. 0. 0. 0. 0. 0. 0. 0. 0. 0. 0. 0. 0. 0. 0. 0. 0.
  0. 0. 0. 0. 0. 0. 0. 0. 0. 0. 0. 0. 0. 0. 0. 0. 0. 0. 0. 0. 0. 0. 0. 0.
  0. 0. 0. 0. 0. 0. 0. 0. 0. 0. 0. 0. 0. 0. 0. 0. 0. 0. 0. 0. 0. 0. 0. 0.
  0. 0. 0. 0.]
 [0. 0. 1. 0. 1. 0. 1. 1. 1. 1. 1. 1. 0. 1. 0. 1. 1. 0. 1. 0. 0. 0. 0. 0.
  0. 0. 0. 0. 0. 0. 0. 0. 0. 0. 0. 0. 0. 0. 0. 0. 0. 0. 0. 0. 0. 0. 0. 0.
  0. 0. 0. 0. 0. 0. 0. 0. 0. 0. 0. 0. 0. 0. 0. 0. 0. 0. 0. 0. 0. 0. 0. 0.
  0. 0. 0. 0. 0. 0. 0. 0. 0. 0. 0. 0. 0. 0. 0. 0. 0. 0. 0. 0. 0. 0. 0. 0.
  0. 0. 0. 0.]
 [0. 0. 1. 0. 1. 1. 0. 0. 0. 0. 0. 0. 0. 0. 0. 1. 1. 0. 0. 0. 0. 0. 0. 0.
  0. 0. 0. 0. 0. 0. 0. 0. 0. 0. 0. 0. 0. 0. 0. 0. 0. 0. 0. 0. 0. 0. 0. 0.
  0. 0. 0. 0. 0. 0. 0. 0. 0. 0. 0. 0. 0. 0. 0. 0. 0. 0. 0. 0. 0. 0. 0. 0.
  0. 0. 0. 0. 0. 0. 0. 0. 0. 0. 0. 0. 0. 0. 0. 0. 0. 0. 0. 0. 0. 0. 0. 0.
  0. 0. 0. 0.]
 [0. 0. 0. 1. 0. 0. 0. 1. 1. 1. 0. 1. 0. 1. 1. 0. 1. 0. 0. 0. 0. 0. 0. 0.
  0. 0. 0. 0. 0. 0. 0. 0. 0. 0. 0. 0. 0. 0. 0. 0. 0. 0. 0. 0. 0. 0. 0. 0.
  0. 0. 0. 0. 0. 0. 0. 0. 0. 0. 0. 0. 0. 0. 0. 0. 0. 0. 0. 0. 0. 0. 0. 0.
  0. 0. 0. 0. 0. 0. 0. 0. 0. 0. 0. 0. 0. 0. 0. 0. 0. 0. 0. 0. 0. 0. 0. 0.
  0. 0. 0. 0.]
 [1. 0. 0. 0. 1. 0. 1. 0. 0. 1. 0. 1. 0. 0. 1. 1. 1. 1. 0. 0. 0. 0. 0. 0.
  0. 0. 0. 0. 0. 0. 0. 0. 0. 0. 0. 0. 0. 0. 0. 0. 0. 0. 0. 0. 0. 0. 0. 0.
  0. 0. 0. 0. 0. 0. 0. 0. 0. 0. 0. 0. 0. 0. 0. 0. 0. 0. 0. 0. 0. 0. 0. 0.
  0. 0. 0. 0. 0. 0. 0. 0. 0. 0. 0. 0. 0. 0. 0. 0. 0. 0. 0. 0. 0. 0. 0. 0.
  0. 0. 0. 0.]
 [1. 1. 1. 1. 1. 0. 1. 0. 1. 0. 1. 0. 0. 0. 0. 0. 0. 0. 0. 1. 0. 0. 0. 0.
  0. 0. 0. 0. 0. 0. 0. 0. 0. 0. 0. 0. 0. 0. 0. 0. 0. 0. 0. 0. 0. 0. 0. 0.
  0. 0. 0. 0. 0. 0. 0. 0. 0. 0. 0. 0. 0. 0. 0. 0. 0. 0. 0. 0. 0. 0. 0. 0.
  0. 0. 0. 0. 0. 0. 0. 0. 0. 0. 0. 0. 0. 0. 0. 0. 0. 0. 0. 0. 0. 0. 0. 0.
  0. 0. 0. 0.]
 [1. 0. 0. 1. 0. 0. 0. 1. 1. 1. 0. 0. 1. 1. 1. 0. 1. 0. 1. 1. 0. 0. 0. 0.
  0. 0. 0. 0. 0. 0. 0. 0. 0. 0. 0. 0. 0. 0. 0. 0. 0. 0. 0. 0. 0. 0. 0. 0.
  0. 0. 0. 0. 0. 0. 0. 0. 0. 0. 0. 0. 0. 0. 0. 0. 0. 0. 0. 0. 0. 0. 0. 0.
  0. 0. 0. 0. 0. 0. 0. 0. 0. 0. 0. 0. 0. 0. 0. 0. 0. 0. 0. 0. 0. 0. 0. 0.
  0. 0. 0. 0.]
 [1. 0. 1. 0. 1. 0. 0. 1. 0. 0. 0. 1. 1. 0. 0. 1. 0. 1. 0. 0. 0. 0. 0. 0.
  0. 0. 0. 0. 0. 0. 0. 0. 0. 0. 0. 0. 0. 0. 0. 0. 0. 0. 0. 0. 0. 0. 0. 0.
  0. 0. 0. 0. 0. 0. 0. 0. 0. 0. 0. 0. 0. 0. 0. 0. 0. 0. 0. 0. 0. 0. 0. 0.
  0. 0. 0. 0. 0. 0. 0. 0. 0. 0. 0. 0. 0. 0. 0. 0. 0. 0. 0. 0. 0. 0. 0. 0.
  0. 0. 0. 0.]
 [0. 0. 1. 1. 1. 0. 0. 0. 1. 0. 1. 1. 0. 1. 0. 1. 0. 1. 0. 0. 0. 0. 0. 0.
  0. 0. 0. 0. 0. 0. 0. 0. 0. 0. 0. 0. 0. 0. 0. 0. 0. 0. 0. 0. 0. 0. 0. 0.
  0. 0. 0. 0. 0. 0. 0. 0. 0. 0. 0. 0. 0. 0. 0. 0. 0. 0. 0. 0. 0. 0. 0. 0.
  0. 0. 0. 0. 0. 0. 0. 0. 0. 0. 0. 0. 0. 0. 0. 0. 0. 0. 0. 0. 0. 0. 0. 0.
  0. 0. 0. 0.]
 [0. 0. 1. 0. 0. 0. 1. 1. 0. 1. 0. 1. 0. 0. 1. 1. 0. 1. 1. 1. 0. 0. 0. 0.
  0. 0. 0. 0. 0. 0. 0. 0. 0. 0. 0. 0. 0. 0. 0. 0. 0. 0. 0. 0. 0. 0. 0. 0.
  0. 0. 0. 0. 0. 0. 0. 0. 0. 0. 0. 0. 0. 0. 0. 0. 0. 0. 0. 0. 0. 0. 0. 0.
  0. 0. 0. 0. 0. 0. 0. 0. 0. 0. 0. 0. 0. 0. 0. 0. 0. 0. 0. 0. 0. 0. 0. 0.
  0. 0. 0. 0.]
 [1. 1. 1. 0. 1. 1. 0. 1. 1. 1. 0. 0. 1. 1. 1. 0. 1. 0. 0. 0. 0. 0. 0. 0.
  0. 0. 0. 0. 0. 0. 0. 0. 0. 0. 0. 0. 0. 0. 0. 0. 0. 0. 0. 0. 0. 0. 0. 0.
  0. 0. 0. 0. 0. 0. 0. 0. 0. 0. 0. 0. 0. 0. 0. 0. 0. 0. 0. 0. 0. 0. 0. 0.
  0. 0. 0. 0. 0. 0. 0. 0. 0. 0. 0. 0. 0. 0. 0. 0. 0. 0. 0. 0. 0. 0. 0. 0.
  0. 0. 0. 0.]
 [1. 1. 1. 0. 0. 1. 0. 1. 1. 1. 1. 1. 1. 1. 0. 1. 0. 1. 0. 1. 0. 0. 0. 0.
  0. 0. 0. 0. 0. 0. 0. 0. 0. 0. 0. 0. 0. 0. 0. 0. 0. 0. 0. 0. 0. 0. 0. 0.
  0. 0. 0. 0. 0. 0. 0. 0. 0. 0. 0. 0. 0. 0. 0. 0. 0. 0. 0. 0. 0. 0. 0. 0.
  0. 0. 0. 0. 0. 0. 0. 0. 0. 0. 0. 0. 0. 0. 0. 0. 0. 0. 0. 0. 0. 0. 0. 0.
  0. 0. 0. 0.]
 [1. 0. 1. 1. 0. 0. 1. 1. 0. 0. 0. 0. 1. 1. 0. 0. 0. 0. 0. 0. 0. 0. 0. 0.
  0. 0. 0. 0. 0. 0. 0. 0. 0. 0. 0. 0. 0. 0. 0. 0. 0. 0. 0. 0. 0. 0. 0. 0.
  0. 0. 0. 0. 0. 0. 0. 0. 0. 0. 0. 0. 0. 0. 0. 0. 0. 0. 0. 0. 0. 0. 0. 0.
  0. 0. 0. 0. 0. 0. 0. 0. 0. 0. 0. 0. 0. 0. 0. 0. 0. 0. 0. 0. 0. 0. 0. 0.
  0. 0. 0. 0.]
 [0. 1. 1. 0. 0. 0. 1. 1. 1. 0. 1. 0. 1. 1. 1. 0. 0. 1. 1. 1. 0. 0. 0. 0.
  0. 0. 0. 0. 0. 0. 0. 0. 0. 0. 0. 0. 0. 0. 0. 0. 0. 0. 0. 0. 0. 0. 0. 0.
  0. 0. 0. 0. 0. 0. 0. 0. 0. 0. 0. 0. 0. 0. 0. 0. 0. 0. 0. 0. 0. 0. 0. 0.
  0. 0. 0. 0. 0. 0. 0. 0. 0. 0. 0. 0. 0. 0. 0. 0. 0. 0. 0. 0. 0. 0. 0. 0.
  0. 0. 0. 0.]
 [0. 1. 0. 0. 1. 1. 0. 1. 1. 1. 1. 1. 1. 1. 1. 0. 1. 0. 0. 0. 0. 0. 0. 0.
  0. 0. 0. 0. 0. 0. 0. 0. 0. 0. 0. 0. 0. 0. 0. 0. 0. 0. 0. 0. 0. 0. 0. 0.
  0. 0. 0. 0. 0. 0. 0. 0. 0. 0. 0. 0. 0. 0. 0. 0. 0. 0. 0. 0. 0. 0. 0. 0.
  0. 0. 0. 0. 0. 0. 0. 0. 0. 0. 0. 0. 0. 0. 0. 0. 0. 0. 0. 0. 0. 0. 0. 0.
  0. 0. 0. 0.]]
start_times_array: [[72201.         72218.         72243.         72308.
  72339.         72419.         72483.         72513.
  72549.         72648.         72664.         72696.
  72699.         72727.         72806.         72807.
  72857.         72951.         72982.         73069.        ]
 [71063.         71211.         71297.         71313.
  71392.         71484.         71563.         71626.
  71636.         71683.         71747.         71803.
  71807.         71894.         71910.         71953.
  72023.         72038.         72065.         72164.        ]
 [70240.         70321.         70353.         70429.
  70509.         70528.         70534.         70571.
  70630.         70638.         70641.         70682.
  70761.         70769.         70852.         70920.
  70973.         71002.         71134.         71158.        ]
 [69106.         69184.         69325.         69422.
  69442.         69445.         69446.         69543.
  69635.         69678.         69689.         69714.
  69745.         69843.         69916.         69954.
  70025.         70094.         70165.         70238.        ]
 [68045.         68139.         68261.         68358.
  68382.         68390.         68462.         68606.
  68673.         68736.         68775.         68851.
  68863.         68864.         68871.         68917.
  68931.         68985.         69051.         69283.        ]
 [67593.         67660.         67673.         67747.
  67809.         67840.         68133.         68139.
  68189.         68261.         68354.         68379.
  68451.         68517.         68588.         68606.
  68683.         68710.         68730.         68827.        ]
 [67428.         67527.         67546.         67553.
  67593.         67666.         67755.         67840.
  67918.         67947.         68036.         68045.
  68133.         68176.         68228.         68264.
  68308.         68385.         68429.         68511.        ]
 [66450.         66477.         66565.         66624.
  66703.         66801.         66867.         66876.
  66877.         66912.         66981.         67010.
  67077.         67137.         67180.         67201.
  67220.         67296.         67351.         67512.        ]
 [65471.         65555.         65598.         65665.
  65706.         65796.         65867.         65905.
  65944.         66021.         66039.         66051.
  66068.         66078.         66155.         66204.
  66229.         66314.         66344.         66358.        ]
 [64379.         64436.         64562.         64613.
  64654.         64671.         64762.         64844.
  64912.         64988.         65001.         65094.
  65106.         65196.         65254.         65306.
  65389.         65457.         65460.         65515.        ]
 [63336.         63465.         63524.         63542.
  63641.         63719.         63724.         63739.
  63810.         63869.         63890.         63948.
  63977.         64036.         64134.         64136.
  64154.         64241.         64296.         64477.        ]
 [62433.         62502.         62559.         62610.
  62635.         62692.         62738.         62831.
  62889.         62909.         62913.         62932.
  63023.         63048.         63136.         63230.
  63282.         63305.         63309.         63399.        ]
 [61233.         61306.         61390.         61475.
  61525.         61611.         61708.         61827.
  61844.         61930.         61949.         61998.
  62096.         62170.         62176.         62203.
  62294.         62352.         62411.         62487.        ]
 [60955.         60966.         61022.         61061.
  61081.         61160.         61215.         61233.
  61273.         61347.         61438.         61533.
  61598.         61611.         61637.         61677.
  61766.         61791.         61824.         61883.        ]
 [59394.         59813.         59850.         59899.
  60202.         60256.         60337.         60354.
  60396.         60446.         60520.         60553.
  60591.         60607.         60628.         60663.
  60748.         60755.         60821.         60889.        ]
 [58079.         59330.         59357.         59443.
  59462.         59471.         59601.         59691.
  59723.         59747.         59777.         59911.
  59992.         60063.         60147.         60157.
  60182.         60256.         60624.         60784.        ]
 [58814.         58908.         58954.         59017.
  59081.         59153.         59223.         59309.
  59319.         59330.         59429.         59522.
  59612.         59616.         59691.         59778.
  59813.         59859.         59886.         59980.        ]
 [57786.         57839.         57872.         57928.
  57947.         57997.         58079.         58099.
  58148.         58221.         58242.         58270.
  58310.         58359.         58442.         58524.
  58540.         58637.         58723.         58769.        ]
 [56785.         56811.         56904.         56939.
  57320.         57391.         57469.         57507.
  57518.         57544.         57556.         57625.
  57689.         57690.         57786.         57822.
  57915.         57967.         57997.         58019.        ]
 [56188.         56200.         56298.         56409.
  56447.         56541.         56618.         56670.
  56765.         56785.         56862.         56904.
  56932.         57001.         57089.         57118.
  57136.         57231.         57304.         57726.        ]
 [55917.         55939.         55944.         55975.
  56000.         56008.         56046.         56063.
  56080.         56093.         56152.         56188.
  56276.         56333.         56352.         56409.
  56474.         56562.         56667.         56719.        ]
 [54551.         54966.         55000.         55049.
  55186.         55188.         55259.         55341.
  55348.         55358.         55408.         55489.
  55490.         55589.         55680.         55734.
  55738.         55825.         55854.         56117.        ]
 [54100.         54136.         54511.         54604.
  54631.         54885.         54966.         54968.
  55034.         55062.         55108.         55204.
  55259.         55358.         55448.         55453.
  55490.         55508.         55563.         55641.        ]
 [53698.         53787.         53880.         53995.
  54071.         54126.         54187.         54200.
  54295.         54323.         54358.         54447.
  54475.         54488.         54593.         54625.
  54675.         54699.         54762.         54838.        ]
 [53606.         53650.         53698.         53730.
  53791.         53876.         53910.         53931.
  53983.         54049.         54096.         54126.
  54175.         54263.         54358.         54452.
  54511.         54588.         54593.         54709.        ]
 [52156.         52521.         52829.         52856.
  52886.         52913.         52970.         53066.
  53102.         53110.         53187.         53246.
  53282.         53295.         53391.         53479.
  53526.         53606.         53638.         53681.        ]
 [51796.         51872.         51970.         52007.
  52077.         52167.         52201.         52315.
  52366.         52425.         52504.         52515.
  52565.         52611.         52623.         52661.
  52716.         52731.         52749.         53171.        ]
 [50994.         51064.         51154.         51243.
  51247.         51474.         51530.         51574.
  51661.         51713.         51776.         51851.
  51872.         51902.         51970.         52051.
  52140.         52208.         52252.         52315.        ]
 [47171.         49290.         49936.         50014.
  50181.         50273.         50916.         50981.
  50994.         51062.         51134.         51214.
  51259.         51287.         51356.         51404.
  51433.         51475.         51530.         52201.        ]
 [49684.         49775.         49803.         49871.
  49920.         50014.         50100.         50143.
  50186.         50261.         50359.         50447.
  50514.         50577.         50611.         50672.
  50757.         50789.         50885.         50930.        ]
 [48692.         48782.         48879.         48932.
  48941.         49004.         49096.         49114.
  49182.         49237.         49247.         49325.
  49359.         49416.         49429.         49493.
  49552.         49608.         49797.         49838.        ]
 [47062.         47097.         47141.         47215.
  47276.         47282.         47426.         47482.
  48052.         48149.         48190.         48191.
  48212.         48255.         48331.         48351.
  48424.         48512.         48610.         48666.        ]
 [46947.         47037.         47097.         47137.
  47215.         47267.         47277.         47327.
  47388.         47483.         47511.         47549.
  47573.         47624.         47720.         47810.
  47828.         47905.         47916.         47959.        ]
 [45459.         46124.         46180.         46193.
  46256.         46349.         46391.         46423.
  46435.         46501.         46595.         46684.
  46709.         46725.         46821.         46908.
  46947.         47005.         47013.         47015.        ]
 [44946.         44996.         45058.         45537.
  45562.         45607.         45680.         45778.
  45842.         45937.         45994.         46061.
  46082.         46158.         46237.         46327.
  46402.         46444.         46858.         46948.        ]
 [44928.         45076.         45175.         45264.
  45307.         45356.         45364.         45408.
  45441.         45532.         45571.         45607.
  45679.         45706.         45776.         45842.
  45924.         46018.         46064.         46082.        ]
 [43485.         43530.         44119.         44145.
  44159.         44188.         44278.         44338.
  44422.         44505.         44546.         44553.
  44577.         44650.         44708.         44799.
  44846.         44928.         45009.         45367.        ]
 [42967.00043196 43406.         43485.         43503.
  43506.         43535.         43623.         43720.
  43775.         43830.         43845.         43932.
  43949.         43992.         44050.         44119.
  44185.         44216.         44259.         44477.        ]
 [42126.         42213.         42264.         42329.
  42334.         42368.         42439.         42563.
  42573.         42629.         42716.         42778.
  42867.         42945.         42982.         43076.
  43116.         43166.         43249.         43323.        ]
 [41638.         41673.         41898.         41968.
  42033.         42070.         42075.         42126.
  42152.         42217.         42233.         42323.
  42363.         42439.         42493.         42565.
  42592.         42629.         42704.         42781.        ]
 [41215.         41230.         41231.         41274.
  41281.         41345.         41395.         41421.
  41450.         41463.         41539.         41548.
  41553.         41638.         41657.         41680.
  41775.         41851.         41920.         42100.        ]
 [40283.         40367.         40409.         40508.
  40533.         40608.         40701.         40777.
  40833.         40856.         40943.         40951.
  40953.         41013.         41092.         41122.
  41138.         41199.         41394.         41491.        ]
 [39166.         39256.         39430.         39450.
  39526.         39564.         39640.         39708.
  39774.         39858.         39935.         39965.
  40020.         40070.         40110.         40209.
  40214.         40241.         40251.         40963.        ]
 [37097.         38762.         38841.         38896.
  38965.         39018.         39068.         39149.
  39177.         39268.         39323.         39373.
  39402.         39429.         39438.         39499.
  39526.         39562.         39605.         39626.        ]
 [37890.         37988.         38024.         38051.
  38067.         38117.         38199.         38207.
  38286.         38366.         38388.         38451.
  38512.         38537.         38598.         38669.
  38762.         38806.         38871.         39078.        ]
 [36106.         37053.         37097.         37156.
  37200.         37264.         37358.         37413.
  37433.         37444.         37521.         37524.
  37550.         37558.         37579.         37652.
  37732.         37821.         37874.         37893.        ]
 [35846.         35973.         36361.         36485.
  36551.         36567.         36656.         36662.
  36686.         36704.         36743.         36795.
  36844.         36896.         36922.         36933.
  37006.         37097.         37166.         37265.        ]
 [35427.         35492.         35516.         35796.
  35907.         35973.         36072.         36077.
  36106.         36204.         36221.         36225.
  36273.         36318.         36344.         36424.
  36429.         36485.         36779.         36855.        ]
 [35354.         35393.         35427.         35474.
  35534.         35555.         35566.         35612.
  35626.         35685.         35736.         35743.
  35801.         35850.         35907.         35978.
  36035.         36082.         36083.         36981.        ]
 [34798.         34891.         34979.         35003.
  35035.         35097.         35141.         35189.
  35207.         35287.         35354.         35364.
  35373.         35389.         35424.         35440.
  35450.         35479.         35550.         35639.        ]
 [34222.         34258.         34287.         34322.
  34744.         34761.         34768.         34806.
  34856.         34862.         34877.         34891.
  34921.         34957.         34975.         35034.
  35097.         35189.         35215.         35261.        ]
 [33237.         34135.         34146.         34233.
  34267.         34287.         34288.         34403.
  34471.         34490.         34515.         34537.
  34569.         34655.         34686.         34690.
  34744.         34776.         35006.         35030.        ]
 [32917.00043219 33145.         33229.         33282.
  33368.         33435.         33869.         33955.
  33963.         33975.         34026.         34116.
  34189.         34233.         34245.         34337.
  34395.         34452.         34515.         34676.        ]
 [30715.         32620.         32668.         32958.
  33047.         33083.         33106.         33145.
  33190.         33229.         33314.         33368.
  33437.         33481.         33573.         33659.
  33701.         33784.         34166.         34618.        ]
 [32060.         32075.         32340.         32407.
  32416.         32423.         32504.         32508.
  32594.         32668.         32717.         32743.
  32752.         32779.         32812.         32863.
  32958.         32990.         33014.         33655.00043217]
 [29036.         31711.         31801.         31828.
  31845.         31930.         31957.         32049.
  32060.         32075.         32136.         32154.
  32188.         32284.         32340.         32374.
  32418.         32450.         32451.         32990.        ]
 [30694.         30812.         30907.         30988.
  30989.         31054.         31123.         31147.
  31194.         31286.         31311.         31333.
  31393.         31455.         31552.         31630.
  31693.         31711.         32315.         32395.        ]
 [28900.         29009.         29036.         29356.
  29498.         29514.         30446.         30470.
  30529.         30604.         30668.         30694.
  30782.         30839.         30907.         30967.
  30979.         31033.         31132.         31262.        ]
 [29538.         29617.         29623.         29664.
  29682.         29775.         29821.         29890.
  29971.         30032.         30076.         30078.
  30147.         30219.         30240.         30295.
  30364.         30377.         30446.         30526.        ]
 [26529.         28656.         28755.         28847.
  29004.         29043.         29076.         29135.
  29167.         29260.         29273.         29337.
  29356.         29452.         29464.         29530.
  29534.         29617.         29693.         29696.        ]
 [27834.         27927.         28375.         28376.
  28417.         28501.         28562.         28593.
  28656.         28666.         28676.         28690.
  28765.         28779.         28842.         28895.
  28956.         28997.         29004.         29061.        ]
 [27272.         27277.         27360.         27385.
  27910.         27991.         28033.         28053.
  28075.         28125.         28165.         28242.
  28318.         28376.         28464.         28541.
  28610.         28690.         28746.         28795.        ]
 [24547.         24590.         26828.         26910.
  26966.         27077.         27118.         27196.
  27277.         27597.         27643.         27653.
  27659.         27690.         27734.         27756.
  27834.         27927.         27969.         27990.        ]
 [26721.         26770.         26796.         26870.
  26890.         26910.         26915.         26958.
  27021.         27044.         27073.         27118.
  27197.         27265.         27338.         27339.
  27349.         27410.         27466.         27561.        ]
 [23588.         23768.         23789.         25876.
  25968.         26057.         26087.         26131.
  26156.         26255.         26346.         26367.
  26412.         26494.         26535.         26611.
  26644.         26721.         26770.         26833.        ]
 [24557.         24968.         25022.         25101.
  25157.         25211.         25286.         25365.
  25464.         25502.         25515.         25517.
  25570.         25659.         25741.         25794.
  25827.         25870.         25943.         25968.        ]
 [24236.         24243.         24286.         24356.
  24378.         24432.         24513.         24557.
  24651.         24746.         24775.         24789.
  24839.         24937.         24955.         25005.
  25101.         25175.         25426.         25521.        ]
 [23447.         23526.         23566.         23637.
  23676.         23689.         23708.         23709.
  23791.         23849.         23875.         23919.
  23937.         24031.         24039.         24107.
  24197.         24236.         24514.         24759.        ]
 [22245.00043239 22629.         22630.         22706.
  22728.         22745.         22760.         22824.
  22895.         22917.         22996.         23085.
  23165.         23172.         23250.         23337.
  23425.         23447.         23774.         23895.        ]
 [18759.         21098.         21249.         21877.
  21900.         21931.         22021.         22067.
  22150.         22171.         22175.         22228.
  22327.         22392.         22491.         22549.
  22554.         22587.         22604.         23078.        ]
 [21156.         21191.         21239.         21249.
  21254.         21294.         21360.         21399.
  21419.         21444.         21539.         21627.
  21659.         21704.         21715.         21735.
  21796.         21832.         22114.         22119.        ]
 [20282.         20323.         20441.         20518.
  20587.         20670.         20687.         20709.
  20741.         20799.         20862.         20921.
  20952.         21046.         21136.         21156.
  21239.         21253.         21320.         21382.        ]
 [19693.         19729.         19810.         19880.
  19900.         19960.         19982.         19990.
  20021.         20074.         20141.         20207.
  20282.         20304.         20334.         20381.
  20450.         20518.         20660.         20705.        ]
 [18961.         18982.         19079.         19150.
  19163.         19248.         19343.         19370.
  19380.         19404.         19447.         19528.
  19616.         19688.         19693.         19744.
  19819.         19863.         20138.         20181.        ]
 [17781.         17883.         18441.         18507.
  18519.         18600.         18694.         18755.
  18811.         18867.         18929.         18954.
  18956.         18961.         19048.         19123.
  19137.         19163.         19374.         19736.        ]
 [17484.         17564.         17585.         17958.
  18044.         18098.         18168.         18251.
  18290.         18344.         18420.         18470.
  18488.         18503.         18507.         18541.
  18553.         18562.         18609.         18694.        ]
 [15916.         16964.         17051.         17148.
  17238.         17407.         17484.         17572.
  17648.         17717.         17732.         17781.
  17808.         17883.         17973.         18005.
  18031.         18098.         18431.         18490.        ]
 [16186.         16271.         16311.         16359.
  16423.         16431.         16510.         16606.
  16676.         16701.         16731.         16806.
  16892.         16964.         17013.         17087.
  17142.         17229.         17263.         17361.        ]
 [15776.         15863.         15938.         15993.
  16027.         16089.         16120.         16173.
  16186.         16249.         16263.         16283.
  16295.         16309.         16357.         16361.
  16425.         16442.         17474.00043245 17607.        ]
 [14978.         15033.         15107.         15122.
  15161.         15225.         15296.         15314.
  15374.         15402.         15484.         15577.
  15645.         15720.         15776.         15785.
  15794.         15814.         15875.         15953.        ]
 [14127.00043249 14188.         14254.         14296.
  14298.         14311.         14383.         14434.
  14515.         14562.         14568.         14610.
  14654.         14742.         14778.         14871.
  14892.         14898.         14960.         15539.        ]
 [12804.         12888.         13142.         13212.
  13547.         13617.         13639.         13737.
  13741.         13826.         13855.         13936.
  13962.         14011.         14073.         14122.
  14188.         14229.         14260.         14539.        ]
 [11986.00045091 12445.         12744.         12804.
  12826.         12855.         12944.         12980.
  13031.         13128.         13167.         13225.
  13275.         13323.         13417.         13452.
  13547.         13584.         13879.         13950.        ]
 [ 8316.         11363.         11716.         11758.
  11818.         11880.         11979.         12010.
  12104.         12182.         12209.         12232.
  12292.         12302.         12382.         12465.
  12519.         12615.         12630.         12680.        ]
 [ 7352.         10990.         11049.         11142.
  11237.         11298.         11317.         11363.
  11438.         11507.         11583.         11679.
  11729.         11739.         11808.         11818.
  11916.         11976.         12151.         13049.        ]
 [ 7329.          8761.         10558.         10628.
  10663.         10669.         10677.         10774.
  10781.         10837.         10929.         10940.
  10990.         11029.         11101.         11126.
  11211.         11215.         11505.         11889.        ]
 [ 9291.          9337.          9427.          9516.
   9582.          9669.          9704.          9787.
   9877.          9970.         10024.         10034.
  10056.         10074.         10171.         10190.
  10284.         10344.         10434.         10517.        ]
 [ 7766.          8287.          8548.          8552.
   8606.          8679.          8697.          8723.
   8781.          8825.          8826.          8875.
   8970.          9061.          9099.          9192.
   9221.          9291.          9525.          9531.        ]
 [ 7272.          7329.          7333.          7887.
   7892.          7956.          8027.          8094.
   8118.          8157.          8230.          8328.
   8340.          8374.          8394.          8425.
   8437.          8477.          8592.          8614.        ]
 [ 7097.          7160.          7243.          7272.
   7356.          7381.          7393.          7474.
   7563.          7607.          7630.          7696.
   7727.          7756.          7820.          7887.
   7943.          7977.          8074.          8101.        ]
 [ 5960.          6452.          6480.          6553.
   6563.          6648.          6704.          6760.
   6770.          6800.          6882.          6884.
   6929.          6945.          6981.          7070.
   7097.          7131.          7216.          7356.        ]
 [ 3713.          4258.          5473.          5489.
   5570.          5624.          5639.          5965.
   6011.          6109.          6181.          6246.
   6288.          6301.          6341.          6397.
   6440.          6497.          6774.          6851.        ]
 [ 4220.          5098.          5181.          5236.
   5316.          5363.          5391.          5473.
   5555.          5601.          5690.          5712.
   5781.          5825.          5909.          5979.
   6011.          6032.          6087.          6139.        ]
 [ 4180.          4220.          4275.          4329.
   4402.          4496.          4576.          4637.
   4711.          4803.          4826.          4844.
   4885.          4931.          5025.          5098.
   5129.          5162.          5554.          5586.        ]
 [ 3364.          3435.          3455.          3493.
   3565.          3610.          3685.          3713.
   3743.          3795.          3852.          3878.
   3955.          4027.          4070.          4132.
   4139.          4180.          4827.          5077.        ]
 [ 2852.          2870.          2926.          2999.
   3016.          3047.          3096.          3143.
   3209.          3226.          3301.          3326.
   3364.          3407.          3502.          3506.
   3577.          3680.          3826.          4816.        ]
 [ 1703.          2073.          2135.          2183.
   2204.          2283.          2331.          2424.
   2453.          2552.          2650.          2743.
   2779.          2828.          2870.          2892.
   2955.          3020.          3133.          3361.        ]
 [ 1249.          1382.          1386.          1427.
   1435.          1513.          1601.          1683.
   1736.          1793.          1873.          1905.
   1933.          2008.          2039.          2058.
   2069.          2073.          2165.          2196.        ]
 [  728.           824.           848.           895.
    930.           966.          1049.          1148.
   1170.          1261.          1262.          1305.
   1338.          1435.          1485.          1526.
   1604.          1696.          1788.          1828.        ]
 [    0.            97.           159.           194.
    236.           287.           301.           365.
    375.           470.           477.           515.
    526.           561.           586.           663.
    745.          1131.          1212.          1229.        ]]
