optimal_status: 0
solution: 7195.0
cpu_time: 3600.156842947006
gap: 0.7985469861957637
upper_bound: 1449.45443432148
lower_bound: 7195.0
cg_matrix: [[0. 0. 0. 0. 0. 0. 0. 0. 0. 0. 0. 0. 1. 0. 0. 0. 1. 0. 1. 0. 1. 1. 1. 0.
  0. 1. 0. 0. 0. 0.]
 [0. 0. 0. 0. 1. 0. 1. 1. 0. 0. 0. 0. 0. 0. 1. 0. 0. 0. 1. 0. 1. 0. 0. 0.
  1. 1. 0. 0. 0. 0.]
 [0. 0. 0. 0. 0. 1. 0. 0. 0. 0. 1. 0. 0. 1. 1. 0. 1. 0. 0. 1. 0. 0. 0. 0.
  0. 0. 0. 0. 0. 0.]
 [0. 0. 0. 0. 0. 0. 1. 1. 0. 0. 0. 0. 0. 0. 0. 0. 0. 0. 0. 1. 0. 0. 0. 0.
  0. 1. 0. 0. 0. 0.]
 [0. 1. 0. 0. 0. 0. 0. 1. 0. 0. 1. 1. 0. 0. 0. 0. 0. 0. 0. 0. 0. 1. 0. 1.
  1. 0. 0. 0. 0. 0.]
 [0. 0. 1. 0. 0. 0. 0. 1. 1. 1. 0. 0. 0. 0. 1. 0. 1. 0. 0. 1. 1. 1. 0. 1.
  0. 1. 0. 0. 1. 1.]
 [0. 1. 0. 1. 0. 0. 0. 0. 1. 0. 1. 0. 0. 0. 0. 0. 0. 1. 0. 0. 0. 0. 0. 0.
  0. 1. 1. 0. 0. 0.]
 [0. 1. 0. 1. 1. 1. 0. 0. 0. 0. 1. 1. 0. 0. 1. 0. 0. 1. 1. 0. 0. 0. 0. 0.
  0. 1. 0. 1. 1. 1.]
 [0. 0. 0. 0. 0. 1. 1. 0. 0. 0. 0. 1. 0. 0. 0. 0. 0. 0. 0. 1. 1. 0. 0. 0.
  0. 0. 0. 1. 1. 0.]
 [0. 0. 0. 0. 0. 1. 0. 0. 0. 0. 1. 1. 0. 0. 0. 1. 0. 0. 0. 0. 0. 0. 0. 0.
  1. 0. 0. 0. 1. 0.]
 [0. 0. 1. 0. 1. 0. 1. 1. 0. 1. 0. 0. 0. 0. 0. 0. 0. 1. 0. 0. 0. 1. 0. 1.
  0. 0. 1. 0. 0. 0.]
 [0. 0. 0. 0. 1. 0. 0. 1. 1. 1. 0. 0. 0. 0. 0. 0. 0. 1. 1. 0. 0. 0. 0. 0.
  0. 0. 0. 0. 1. 0.]
 [1. 0. 0. 0. 0. 0. 0. 0. 0. 0. 0. 0. 0. 0. 0. 0. 0. 1. 0. 0. 0. 1. 0. 0.
  0. 0. 0. 0. 0. 0.]
 [0. 0. 1. 0. 0. 0. 0. 0. 0. 0. 0. 0. 0. 0. 0. 0. 0. 1. 0. 0. 0. 0. 1. 0.
  0. 0. 0. 0. 1. 1.]
 [0. 1. 1. 0. 0. 1. 0. 1. 0. 0. 0. 0. 0. 0. 0. 1. 1. 1. 0. 0. 0. 0. 0. 1.
  1. 1. 0. 1. 1. 1.]
 [0. 0. 0. 0. 0. 0. 0. 0. 0. 1. 0. 0. 0. 0. 1. 0. 0. 0. 0. 1. 0. 0. 1. 1.
  0. 0. 0. 0. 1. 0.]
 [1. 0. 1. 0. 0. 1. 0. 0. 0. 0. 0. 0. 0. 0. 1. 0. 0. 1. 0. 0. 0. 0. 0. 1.
  0. 0. 0. 1. 0. 0.]
 [0. 0. 0. 0. 0. 0. 1. 1. 0. 0. 1. 1. 1. 1. 1. 0. 1. 0. 0. 1. 0. 0. 0. 0.
  0. 0. 0. 0. 0. 0.]
 [1. 1. 0. 0. 0. 0. 0. 1. 0. 0. 0. 1. 0. 0. 0. 0. 0. 0. 0. 0. 0. 0. 0. 0.
  0. 0. 0. 0. 1. 0.]
 [0. 0. 1. 1. 0. 1. 0. 0. 1. 0. 0. 0. 0. 0. 0. 1. 0. 1. 0. 0. 0. 0. 0. 0.
  0. 0. 1. 0. 0. 0.]
 [1. 1. 0. 0. 0. 1. 0. 0. 1. 0. 0. 0. 0. 0. 0. 0. 0. 0. 0. 0. 0. 0. 0. 0.
  0. 0. 0. 0. 0. 0.]
 [1. 0. 0. 0. 1. 1. 0. 0. 0. 0. 1. 0. 1. 0. 0. 0. 0. 0. 0. 0. 0. 0. 0. 0.
  0. 0. 0. 0. 0. 0.]
 [1. 0. 0. 0. 0. 0. 0. 0. 0. 0. 0. 0. 0. 1. 0. 1. 0. 0. 0. 0. 0. 0. 0. 0.
  0. 0. 0. 0. 0. 0.]
 [0. 0. 0. 0. 1. 1. 0. 0. 0. 0. 1. 0. 0. 0. 1. 1. 1. 0. 0. 0. 0. 0. 0. 0.
  0. 0. 0. 0. 0. 0.]
 [0. 1. 0. 0. 1. 0. 0. 0. 0. 1. 0. 0. 0. 0. 1. 0. 0. 0. 0. 0. 0. 0. 0. 0.
  0. 0. 0. 0. 0. 0.]
 [1. 1. 0. 1. 0. 1. 1. 1. 0. 0. 0. 0. 0. 0. 1. 0. 0. 0. 0. 0. 0. 0. 0. 0.
  0. 0. 0. 0. 0. 0.]
 [0. 0. 0. 0. 0. 0. 1. 0. 0. 0. 1. 0. 0. 0. 0. 0. 0. 0. 0. 1. 0. 0. 0. 0.
  0. 0. 0. 0. 0. 0.]
 [0. 0. 0. 0. 0. 0. 0. 1. 1. 0. 0. 0. 0. 0. 1. 0. 1. 0. 0. 0. 0. 0. 0. 0.
  0. 0. 0. 0. 0. 0.]
 [0. 0. 0. 0. 0. 1. 0. 1. 1. 1. 0. 1. 0. 1. 1. 1. 0. 0. 1. 0. 0. 0. 0. 0.
  0. 0. 0. 0. 0. 0.]
 [0. 0. 0. 0. 0. 1. 0. 1. 0. 0. 0. 0. 0. 1. 1. 0. 0. 0. 0. 0. 0. 0. 0. 0.
  0. 0. 0. 0. 0. 0.]]
start_times_array: [[ 258. 1198. 1272. 1588. 1782. 2138. 2213. 2522. 2619. 2674. 2954. 3044.
  3112. 3383. 3437. 3812. 6139. 6436. 6851. 6993.]
 [   0.  853. 2622. 2674. 3011. 4109. 4244. 4280. 4495. 4499. 4776. 4810.
  5118. 5316. 5814. 6262. 6347. 6670. 6847. 6925.]
 [ 993. 1184. 1363. 1397. 1468. 1803. 2146. 2192. 2335. 2815. 3600. 3760.
  4058. 4521. 5053. 5233. 5268. 6077. 6501. 6735.]
 [  43.  476. 1252. 2231. 2681. 3020. 3568. 3790. 3805. 4262. 4556. 4776.
  4833. 4926. 5522. 5675. 6693. 6847. 6876. 6945.]
 [  55.  786.  993. 1318. 1530. 2042. 2219. 2443. 2741. 2811. 3333. 3790.
  4530. 5004. 5411. 5741. 6144. 6489. 7021. 7133.]
 [ 258.  267.  838. 2593. 2905. 3105. 3885. 4038. 4140. 4258. 4495. 4789.
  4809. 5093. 5605. 5787. 6169. 6641. 6919. 6992.]
 [ 716. 1173. 1249. 1288. 1594. 1658. 1664. 1806. 2117. 2138. 3747. 3940.
  4402. 4988. 5238. 5487. 6169. 6976. 7036. 7111.]
 [ 611.  913. 1173. 1347. 1803. 2146. 2292. 2787. 3202. 3422. 3738. 4406.
  4601. 4988. 5273. 5457. 5883. 6061. 6501. 6776.]
 [  74.  128.  736. 1747. 2266. 2319. 2437. 3072. 3202. 3779. 4166. 4308.
  4521. 4931. 5316. 6061. 6151. 6746. 6808. 6812.]
 [1806. 2034. 2395. 2440. 2954. 3369. 3670. 4316. 4412. 4416. 4433. 4786.
  4951. 4999. 5568. 5690. 5873. 6436. 7111. 7178.]
 [ 101.  268.  540. 1086. 1890. 2019. 2257. 2497. 2681. 2696. 3516. 4229.
  4701. 4902. 5592. 6056. 6325. 6599. 6847. 7078.]
 [ 268.  326. 1109. 1344. 1436. 1594. 1921. 2259. 2594. 3033. 3272. 3506.
  4204. 4833. 4890. 5129. 5970. 6241. 6327. 6930.]
 [ 133.  168.  689.  745. 1397. 1870. 2054. 2270. 2540. 3516. 3680. 3772.
  4038. 4166. 5412. 5741. 5927. 6027. 6059. 6913.]
 [ 268.  327.  383.  609.  846. 2623. 2721. 3670. 3989. 4454. 4833. 4863.
  5041. 5115. 5853. 6018. 6218. 6847. 6976. 7036.]
 [ 365.  476.  736. 1086. 1109. 1155. 1306. 1594. 1753. 1980. 2467. 2954.
  3246. 3790. 4335. 4902. 5522. 5692. 6420. 7035.]
 [ 101.  351.  444.  838. 1458. 1527. 1586. 2119. 2251. 2263. 2798. 2871.
  3033. 3105. 3527. 4218. 4553. 4636. 4789. 5041.]
 [ 101.  540.  913. 1270. 1653. 1883. 1894. 1970. 2725. 3516. 3670. 4166.
  4484. 4968. 5412. 5883. 6039. 6205. 6599. 6788.]
 [ 173.  511. 1499. 1747. 2190. 2437. 2815. 3368. 3601. 3879. 4157. 4300.
  4578. 4786. 5069. 5316. 5780. 5799. 6641. 6919.]
 [  74.  167.  412.  993. 2002. 2004. 2390. 2437. 2540. 3658. 3787. 4312.
  4530. 4573. 5078. 5522. 5581. 5584. 6413. 6572.]
 [ 283.  339.  365.  796. 1086. 1288. 2001. 2019. 2417. 2497. 2976. 3442.
  3670. 3940. 4204. 4681. 5008. 5414. 5887. 5980.]
 [ 339.  412.  450.  475.  796.  913. 1493. 3530. 3532. 3611. 4209. 4313.
  4412. 5475. 5493. 5692. 5783. 5883. 5949. 6693.]
 [ 173.  234.  322.  346.  368.  484.  591.  829. 1365. 1946. 2186. 2340.
  2439. 3202. 4839. 5238. 5350. 5690. 6241. 6406.]
 [  69.  147.  569.  657.  804.  834.  837.  922. 1155. 1364. 3601. 4316.
  4951. 5204. 5812. 5968. 6339. 6641. 6835. 6992.]
 [   0.   82.  173.  383. 1173. 1382. 1803. 2350. 2559. 2619. 3309. 3422.
  3631. 3634. 3690. 4436. 4829. 5335. 6501. 6697.]
 [  82.  167.  265.  419.  673. 1167. 1344. 1478. 3140. 3199. 3422. 3495.
  3574. 3752. 3879. 5605. 5940. 5969. 6013. 6069.]
 [ 103.  226.  327.  383.  571.  655. 1499. 1890. 2390. 2811. 3309. 3638.
  4204. 4530. 4645. 5086. 5189. 5973. 6279. 6572.]
 [ 173.  450.  523.  536.  612.  841. 2200. 2319. 2437. 3343. 3735. 3879.
  3915. 4118. 4216. 4309. 4640. 6061. 6062. 6115.]
 [  22.  164.  239.  383.  652.  797.  846. 1210. 2055. 2527. 3309. 3589.
  3690. 4104. 4701. 4765. 4954. 5053. 5231. 6675.]
 [   0.  511.  972. 1210. 1708. 1890. 2065. 2202. 3318. 3598. 3893. 3970.
  4058. 4701. 5204. 5414. 5778. 5940. 6347. 6693.]
 [   0.  181.  511.  972. 1210. 1512. 1653. 1890. 1932. 2055. 2178. 2227.
  3532. 3623. 4701. 5024. 5211. 5664. 5927. 6362.]]
