optimal_status: 0
solution: 10840.0
cpu_time: 3600.200005054474
gap: 0.8711254612546129
upper_bound: 1396.9999999999964
lower_bound: 10840.0
cg_matrix: [[0. 0. 0. 1. 0. 1. 0. 1. 1. 1. 1. 1. 0. 0. 1. 1. 0. 0. 1. 0. 1. 0. 1. 0.
  0. 1. 0. 1. 0. 0.]
 [0. 0. 0. 0. 1. 1. 0. 1. 0. 1. 1. 0. 1. 1. 1. 0. 1. 0. 1. 0. 0. 0. 1. 0.
  0. 1. 0. 0. 1. 0.]
 [0. 0. 0. 0. 0. 0. 1. 1. 1. 1. 0. 1. 0. 0. 1. 0. 1. 1. 0. 1. 1. 1. 1. 1.
  1. 0. 1. 1. 1. 1.]
 [1. 0. 0. 0. 0. 0. 0. 0. 0. 0. 1. 1. 1. 0. 1. 0. 0. 0. 0. 0. 0. 0. 0. 0.
  1. 1. 0. 0. 1. 1.]
 [0. 1. 0. 0. 0. 0. 1. 1. 1. 1. 1. 0. 0. 1. 0. 1. 0. 0. 1. 1. 0. 1. 1. 0.
  1. 0. 1. 0. 1. 1.]
 [1. 1. 0. 0. 0. 0. 0. 1. 1. 0. 0. 1. 1. 1. 0. 1. 0. 1. 1. 0. 1. 0. 0. 0.
  1. 1. 1. 1. 1. 0.]
 [0. 0. 1. 0. 1. 0. 0. 0. 0. 0. 1. 1. 0. 1. 1. 0. 0. 0. 0. 1. 0. 1. 0. 0.
  0. 1. 0. 1. 1. 0.]
 [1. 1. 1. 0. 1. 1. 0. 0. 0. 0. 0. 1. 1. 1. 0. 1. 0. 1. 0. 0. 0. 1. 0. 0.
  0. 0. 1. 1. 1. 0.]
 [1. 0. 1. 0. 1. 1. 0. 0. 0. 0. 0. 1. 1. 1. 1. 1. 0. 0. 0. 0. 1. 1. 1. 0.
  1. 1. 1. 1. 1. 0.]
 [1. 1. 1. 0. 1. 0. 0. 0. 0. 0. 1. 0. 0. 1. 1. 0. 1. 1. 1. 0. 0. 1. 1. 1.
  0. 1. 0. 1. 1. 0.]
 [1. 1. 0. 1. 1. 0. 1. 0. 0. 1. 0. 0. 1. 0. 0. 0. 0. 0. 1. 1. 1. 1. 0. 1.
  0. 0. 0. 1. 0. 1.]
 [1. 0. 1. 1. 0. 1. 1. 1. 1. 0. 0. 0. 1. 1. 1. 0. 0. 0. 0. 1. 0. 0. 1. 0.
  0. 0. 1. 1. 0. 1.]
 [0. 1. 0. 1. 0. 1. 0. 1. 1. 0. 1. 1. 0. 0. 0. 0. 1. 1. 0. 1. 0. 1. 0. 1.
  1. 0. 1. 1. 1. 0.]
 [0. 1. 0. 0. 1. 1. 1. 1. 1. 1. 0. 1. 0. 0. 0. 0. 1. 1. 0. 1. 0. 1. 0. 1.
  1. 1. 1. 1. 0. 1.]
 [1. 1. 1. 1. 0. 0. 1. 0. 1. 1. 0. 1. 0. 0. 0. 1. 0. 0. 0. 0. 0. 1. 1. 1.
  1. 0. 0. 0. 0. 1.]
 [1. 0. 0. 0. 1. 1. 0. 1. 1. 0. 0. 0. 0. 0. 1. 0. 1. 1. 0. 0. 0. 1. 1. 0.
  1. 1. 0. 1. 0. 0.]
 [0. 1. 1. 0. 0. 0. 0. 0. 0. 1. 0. 0. 1. 1. 0. 1. 0. 0. 1. 1. 0. 1. 1. 1.
  0. 1. 0. 0. 1. 0.]
 [0. 0. 1. 0. 0. 1. 0. 1. 0. 1. 0. 0. 1. 1. 0. 1. 0. 0. 0. 0. 0. 1. 0. 0.
  0. 0. 1. 1. 1. 1.]
 [1. 1. 0. 0. 1. 1. 0. 0. 0. 1. 1. 0. 0. 0. 0. 0. 1. 0. 0. 1. 0. 0. 1. 1.
  0. 1. 0. 1. 1. 0.]
 [0. 0. 1. 0. 1. 0. 1. 0. 0. 0. 1. 1. 1. 1. 0. 0. 1. 0. 1. 0. 0. 0. 1. 1.
  1. 0. 0. 0. 1. 0.]
 [1. 0. 1. 0. 0. 1. 0. 0. 1. 0. 1. 0. 0. 0. 0. 0. 0. 0. 0. 0. 0. 0. 0. 0.
  0. 0. 0. 0. 0. 0.]
 [0. 0. 1. 0. 1. 0. 1. 1. 1. 1. 1. 0. 1. 1. 1. 1. 1. 1. 0. 0. 0. 0. 0. 0.
  0. 0. 0. 0. 0. 0.]
 [1. 1. 1. 0. 1. 0. 0. 0. 1. 1. 0. 1. 0. 0. 1. 1. 1. 0. 1. 1. 0. 0. 0. 0.
  0. 0. 0. 0. 0. 0.]
 [0. 0. 1. 0. 0. 0. 0. 0. 0. 1. 1. 0. 1. 1. 1. 0. 1. 0. 1. 1. 0. 0. 0. 0.
  0. 0. 0. 0. 0. 0.]
 [0. 0. 1. 1. 1. 1. 0. 0. 1. 0. 0. 0. 1. 1. 1. 1. 0. 0. 0. 1. 0. 0. 0. 0.
  0. 0. 0. 0. 0. 0.]
 [1. 1. 0. 1. 0. 1. 1. 0. 1. 1. 0. 0. 0. 1. 0. 1. 1. 0. 1. 0. 0. 0. 0. 0.
  0. 0. 0. 0. 0. 0.]
 [0. 0. 1. 0. 1. 1. 0. 1. 1. 0. 0. 1. 1. 1. 0. 0. 0. 1. 0. 0. 0. 0. 0. 0.
  0. 0. 0. 0. 0. 0.]
 [1. 0. 1. 0. 0. 1. 1. 1. 1. 1. 1. 1. 1. 1. 0. 1. 0. 1. 1. 0. 0. 0. 0. 0.
  0. 0. 0. 0. 0. 0.]
 [0. 1. 1. 1. 1. 1. 1. 1. 1. 1. 0. 0. 1. 0. 0. 0. 1. 1. 1. 1. 0. 0. 0. 0.
  0. 0. 0. 0. 0. 0.]
 [0. 0. 1. 1. 1. 0. 0. 0. 0. 0. 1. 1. 0. 1. 1. 0. 0. 1. 0. 0. 0. 0. 0. 0.
  0. 0. 0. 0. 0. 0.]]
start_times_array: [[7.00000000e+00 5.70000000e+02 2.61500000e+03 9.61300000e+03
  1.00020000e+04 1.02010000e+04 1.02080000e+04 1.02190000e+04
  1.02940000e+04 1.03210000e+04 1.04510000e+04 1.04840000e+04
  1.05540000e+04 1.05630000e+04 1.05800000e+04 1.06130000e+04
  1.06300000e+04 1.06700000e+04 1.07450000e+04 1.07600000e+04]
 [0.00000000e+00 1.60000000e+01 4.10000000e+01 1.86000000e+02
  1.46300000e+03 2.38400000e+03 2.47200000e+03 2.62700000e+03
  3.12100000e+03 1.01100000e+04 1.01880000e+04 1.02720000e+04
  1.02790000e+04 1.02950000e+04 1.03850000e+04 1.04570000e+04
  1.04980000e+04 1.05010000e+04 1.05480000e+04 1.06470002e+04]
 [1.53800000e+03 1.62500000e+03 9.38900000e+03 9.43800000e+03
  9.52800000e+03 9.61500000e+03 9.64400000e+03 9.69100000e+03
  9.75900000e+03 9.77400000e+03 9.84200000e+03 9.90800000e+03
  9.96800017e+03 1.01060000e+04 1.01950000e+04 1.02270000e+04
  1.04530000e+04 1.05220000e+04 1.05850000e+04 1.07630000e+04]
 [7.46000000e+02 1.56600000e+03 2.04700000e+03 2.22200000e+03
  2.88300000e+03 8.44800017e+03 8.76300000e+03 8.83200000e+03
  8.89500000e+03 8.98200000e+03 9.05800000e+03 9.13600000e+03
  9.21000000e+03 9.21200000e+03 9.22800000e+03 9.26200000e+03
  9.33300000e+03 9.39900000e+03 9.47000000e+03 9.75900000e+03]
 [1.53800000e+03 2.04800000e+03 9.38900000e+03 9.47500000e+03
  9.53600000e+03 9.60300000e+03 9.60700000e+03 9.63400000e+03
  9.64200000e+03 9.65500000e+03 9.66700000e+03 9.71000000e+03
  9.77400000e+03 9.78000000e+03 9.83000000e+03 9.86600000e+03
  9.91200000e+03 9.98300000e+03 1.00640000e+04 1.01060000e+04]
 [1.56600000e+03 1.64800000e+03 1.74700000e+03 1.78100000e+03
  2.04900000e+03 2.13800000e+03 2.22200000e+03 2.77800000e+03
  2.97100000e+03 3.36900000e+03 3.44100000e+03 3.50600000e+03
  3.51000000e+03 9.35900000e+03 9.45000000e+03 9.54900000e+03
  9.60300000e+03 9.60900000e+03 9.65900000e+03 9.90500000e+03]
 [1.20000000e+01 5.22000000e+02 2.19600000e+03 8.37600017e+03
  8.53400000e+03 8.54700000e+03 8.61300000e+03 8.69500000e+03
  8.76300000e+03 8.76700000e+03 8.79100000e+03 8.82200000e+03
  8.91300000e+03 8.98400000e+03 9.07300000e+03 9.14900000e+03
  9.20500000e+03 9.21200000e+03 9.22000000e+03 9.30900000e+03]
 [3.99000000e+02 8.08100000e+03 8.20700000e+03 8.37400000e+03
  8.44000000e+03 8.45800000e+03 8.53400000e+03 8.56600000e+03
  8.59400000e+03 8.80600000e+03 8.88100000e+03 8.95800000e+03
  8.98200000e+03 9.07300000e+03 9.07700000e+03 9.14900000e+03
  9.23300000e+03 9.28300000e+03 9.32800000e+03 9.35300000e+03]
 [7.33600000e+03 8.20100000e+03 8.37400000e+03 8.44200000e+03
  8.46400000e+03 8.54600000e+03 8.62000000e+03 8.63200000e+03
  8.71200000e+03 8.79100000e+03 8.80600000e+03 8.85400000e+03
  8.94500000e+03 8.99600000e+03 9.01500000e+03 9.08900000e+03
  9.13700000e+03 9.20500000e+03 9.24800000e+03 9.32200000e+03]
 [4.88000000e+02 1.51900000e+03 7.78900000e+03 7.86900000e+03
  7.88200000e+03 7.91700000e+03 8.01500000e+03 8.08300000e+03
  8.09500000e+03 8.09600000e+03 8.19100000e+03 8.24900000e+03
  8.34300000e+03 8.39700000e+03 8.47100000e+03 8.69500000e+03
  8.74500000e+03 8.82700000e+03 8.89500000e+03 8.91800000e+03]
 [8.06000000e+02 8.85000000e+02 9.05000000e+02 1.20500000e+03
  1.64000000e+03 1.74700000e+03 1.85400000e+03 3.16900000e+03
  6.36200000e+03 7.20800000e+03 7.28900000e+03 7.38300000e+03
  7.38900000e+03 7.44900000e+03 7.54200000e+03 7.63000000e+03
  7.66900000e+03 7.70100000e+03 8.11100000e+03 8.66500000e+03]
 [8.17000000e+02 8.91000000e+02 1.78500000e+03 1.81600000e+03
  1.88200000e+03 7.31800000e+03 7.38500000e+03 7.49800000e+03
  7.57700000e+03 7.62300000e+03 7.69700000e+03 7.77900000e+03
  7.86300000e+03 7.89000000e+03 7.93600000e+03 7.94700000e+03
  7.98400000e+03 8.11300000e+03 8.29800000e+03 8.32300000e+03]
 [3.40000000e+02 6.56000000e+02 1.51100000e+03 5.76800000e+03
  5.95800000e+03 6.05000000e+03 6.05200000e+03 6.08300000e+03
  6.14400000e+03 6.23100000e+03 6.24100000e+03 6.31200000e+03
  6.34700000e+03 6.60200000e+03 6.91300000e+03 6.93300000e+03
  6.97600000e+03 7.01500000e+03 7.08800000e+03 7.12600000e+03]
 [5.46700000e+03 5.49300000e+03 5.49500000e+03 5.76800000e+03
  5.86700000e+03 5.87600000e+03 5.92300000e+03 5.95100000e+03
  6.02900000e+03 6.09300000e+03 6.35800000e+03 6.37400000e+03
  6.44300000e+03 6.60600000e+03 6.68700000e+03 6.71800000e+03
  6.80500000e+03 6.84700000e+03 6.87000000e+03 6.91600000e+03]
 [7.56000000e+02 1.12700000e+03 6.50400000e+03 6.57900000e+03
  6.65100000e+03 6.73400000e+03 6.74200000e+03 6.80500000e+03
  6.83200000e+03 6.91300000e+03 6.98900000e+03 7.04600000e+03
  7.05300000e+03 7.14100000e+03 7.20300000e+03 7.20800000e+03
  7.24000000e+03 7.26500000e+03 7.34200000e+03 7.42300000e+03]
 [4.87500000e+03 5.32000000e+03 5.46700000e+03 5.53800000e+03
  5.59200000e+03 5.68600000e+03 5.73300000e+03 5.77000000e+03
  5.84200000e+03 5.88100000e+03 5.95800000e+03 6.05200000e+03
  6.13400000e+03 6.18300000e+03 6.22500000e+03 6.31200000e+03
  6.31400000e+03 6.32400000e+03 6.38200000e+03 6.46300000e+03]
 [1.72500000e+03 4.08100000e+03 4.26500000e+03 4.36300000e+03
  4.37300000e+03 4.42400000e+03 4.47700000e+03 4.62000000e+03
  4.75900000e+03 4.97700000e+03 5.05900000e+03 5.10700000e+03
  5.11700000e+03 5.14600000e+03 5.21400000e+03 5.27400000e+03
  5.27900000e+03 5.36800000e+03 5.38300000e+03 5.64100000e+03]
 [2.93000000e+03 3.01200000e+03 3.07200000e+03 3.09200000e+03
  3.13100000e+03 3.21400000e+03 3.61700000e+03 3.71100000e+03
  3.77900000e+03 3.79800000e+03 3.82300000e+03 3.96300000e+03
  4.16300000e+03 4.23200000e+03 4.24900000e+03 4.37300000e+03
  4.46800000e+03 4.62300000e+03 4.82400000e+03 4.84000000e+03]
 [1.17000000e+02 3.33000000e+02 4.13000000e+02 6.47000000e+02
  7.46000000e+02 1.84600000e+03 3.76200000e+03 3.84100000e+03
  3.96300000e+03 3.99800000e+03 4.11700000e+03 4.15800000e+03
  4.16300000e+03 4.24900000e+03 4.39500000e+03 4.52800000e+03
  4.71500000e+03 4.82100000e+03 4.87500000e+03 4.89600000e+03]
 [2.89300000e+03 2.97500000e+03 3.07200000e+03 3.07700000e+03
  3.11300000e+03 3.24400000e+03 3.30200000e+03 3.31000000e+03
  3.36900000e+03 3.44700000e+03 3.46500000e+03 3.49700000e+03
  3.53100000e+03 3.65400000e+03 3.67900000e+03 3.80500000e+03
  3.87500000e+03 5.57600000e+03 5.68600000e+03 5.83200000e+03]
 [6.60000000e+01 1.40000000e+02 1.82000000e+02 2.68000000e+02
  2.90000000e+02 3.54000000e+02 3.99000000e+02 4.25000000e+02
  1.36200000e+03 2.82900000e+03 2.89900000e+03 2.93200000e+03
  3.07400000e+03 3.53100000e+03 3.65400000e+03 3.66200000e+03
  3.68800000e+03 3.76200000e+03 4.55100000e+03 4.87900000e+03]
 [1.10200000e+03 1.25900000e+03 1.30500000e+03 1.43200000e+03
  1.90000000e+03 1.94000000e+03 2.07200000e+03 2.19100000e+03
  2.67200000e+03 2.67400000e+03 2.73900000e+03 2.75500000e+03
  2.83200000e+03 2.84500000e+03 2.89900000e+03 2.96000000e+03
  3.00500000e+03 3.05200000e+03 3.25500000e+03 3.35000000e+03]
 [6.70000000e+01 9.44000000e+02 1.05500000e+03 1.13900000e+03
  1.19200000e+03 1.25900000e+03 1.30500000e+03 1.40000000e+03
  1.42900000e+03 1.43200000e+03 1.51100000e+03 1.63900000e+03
  1.66500000e+03 1.91200000e+03 2.31600000e+03 2.68800000e+03
  2.74500000e+03 2.80200000e+03 3.15300000e+03 3.68900000e+03]
 [2.01000000e+02 1.04700000e+03 1.13400000e+03 1.33100000e+03
  1.90000000e+03 1.95700000e+03 2.00000000e+03 2.07200000e+03
  2.17100000e+03 2.25800000e+03 2.33900000e+03 2.35400000e+03
  2.37700000e+03 2.59300000e+03 2.61300000e+03 2.69800000e+03
  2.82200000e+03 3.59700000e+03 3.64400000e+03 3.68900000e+03]
 [4.60000000e+01 6.60000000e+01 1.21000000e+02 3.30000000e+02
  1.32000000e+03 1.35600000e+03 1.41500000e+03 1.78500000e+03
  1.86700000e+03 1.92000000e+03 1.98700000e+03 2.31000000e+03
  2.34400000e+03 2.42200000e+03 2.51000000e+03 2.60800000e+03
  2.64700000e+03 2.66100000e+03 2.72600000e+03 2.82900000e+03]
 [3.04000000e+02 3.07000000e+02 4.38000000e+02 4.46000000e+02
  8.21000000e+02 9.11000000e+02 9.28000000e+02 9.84000000e+02
  1.15600000e+03 1.18500000e+03 1.27300000e+03 1.33300000e+03
  1.41900000e+03 1.81800000e+03 1.91000000e+03 1.95300000e+03
  2.31000000e+03 2.58600000e+03 3.17900000e+03 3.52800000e+03]
 [0.00000000e+00 1.16000000e+02 1.82000000e+02 4.62000000e+02
  5.40000000e+02 6.19000000e+02 7.15000000e+02 7.21000000e+02
  7.56000000e+02 9.84000000e+02 9.87000000e+02 1.26900000e+03
  1.36500000e+03 1.44200000e+03 1.81700000e+03 2.48100000e+03
  2.62000000e+03 2.71500000e+03 3.47800000e+03 3.83600000e+03]
 [2.27000000e+02 2.81000000e+02 4.33000000e+02 4.49000000e+02
  9.91000000e+02 1.04800000e+03 1.14200000e+03 1.25900000e+03
  1.32900000e+03 1.38800000e+03 1.45400000e+03 1.90100000e+03
  2.35900000e+03 2.45000000e+03 2.53300000e+03 2.68800000e+03
  2.87800000e+03 3.52800000e+03 3.90700000e+03 3.96000000e+03]
 [4.90000000e+01 2.27000000e+02 2.71000000e+02 4.33000000e+02
  5.78000000e+02 7.69000000e+02 8.17000000e+02 9.14000000e+02
  9.84000000e+02 1.04500000e+03 1.09600000e+03 1.17000000e+03
  1.19400000e+03 1.24800000e+03 1.31700000e+03 1.38600000e+03
  1.85900000e+03 1.92000000e+03 1.93800000e+03 2.54400000e+03]
 [0.00000000e+00 4.10000000e+01 6.70000000e+01 1.46000000e+02
  2.11000000e+02 2.27000000e+02 2.30000000e+02 3.01000000e+02
  3.63000000e+02 4.05000000e+02 4.49000000e+02 5.22000000e+02
  6.01000000e+02 6.10000000e+02 6.71000000e+02 7.34000000e+02
  9.79000000e+02 1.02600000e+03 1.09300000e+03 1.37600000e+03]]
