optimal_status: 0
solution: 8468.999999151361
cpu_time: 3600.3815400600433
gap: 0.8653914275458501
upper_bound: 1139.9999999999618
lower_bound: 8468.999999151361
cg_matrix: [[0. 1. 1. 0. 1. 1. 1. 0. 1. 1. 1. 1. 0. 1. 1. 0. 1. 1. 1. 0. 0. 1. 0. 0.
  0. 0. 1. 0. 0. 1.]
 [1. 0. 0. 1. 0. 1. 1. 1. 1. 1. 1. 1. 0. 0. 1. 0. 0. 0. 0. 1. 0. 0. 0. 0.
  1. 1. 0. 1. 0. 0.]
 [1. 0. 0. 1. 0. 1. 0. 0. 0. 1. 1. 1. 1. 0. 1. 0. 1. 1. 0. 0. 0. 1. 1. 1.
  0. 0. 0. 1. 0. 0.]
 [0. 1. 1. 0. 1. 0. 1. 1. 0. 1. 1. 1. 0. 0. 1. 1. 0. 1. 1. 1. 0. 1. 0. 0.
  0. 1. 1. 1. 1. 1.]
 [1. 0. 0. 1. 0. 1. 1. 1. 0. 1. 1. 0. 1. 0. 0. 0. 0. 0. 0. 1. 1. 1. 0. 0.
  1. 0. 0. 0. 1. 1.]
 [1. 1. 1. 0. 1. 0. 1. 1. 0. 0. 1. 1. 0. 1. 0. 0. 1. 1. 0. 1. 1. 1. 1. 0.
  0. 0. 1. 0. 0. 1.]
 [1. 1. 0. 1. 1. 1. 0. 1. 1. 1. 0. 0. 1. 1. 1. 1. 0. 0. 1. 1. 1. 0. 0. 0.
  0. 0. 0. 0. 1. 0.]
 [0. 1. 0. 1. 1. 1. 1. 0. 1. 1. 0. 0. 0. 1. 1. 1. 1. 0. 0. 0. 0. 1. 0. 0.
  0. 1. 1. 1. 1. 0.]
 [1. 1. 0. 0. 0. 0. 1. 1. 0. 0. 1. 1. 0. 1. 1. 0. 0. 1. 1. 1. 0. 0. 0. 0.
  0. 1. 0. 1. 0. 1.]
 [1. 1. 1. 1. 1. 0. 1. 1. 0. 0. 0. 1. 0. 1. 1. 1. 1. 1. 1. 0. 0. 1. 0. 1.
  0. 0. 0. 0. 0. 1.]
 [1. 1. 1. 1. 1. 1. 0. 0. 1. 0. 0. 1. 0. 0. 0. 1. 1. 0. 0. 0. 1. 1. 0. 1.
  0. 0. 1. 1. 0. 1.]
 [1. 1. 1. 1. 0. 1. 0. 0. 1. 1. 1. 0. 0. 1. 0. 1. 1. 1. 0. 0. 0. 0. 1. 0.
  0. 1. 1. 1. 0. 1.]
 [0. 0. 1. 0. 1. 0. 1. 0. 0. 0. 0. 0. 0. 0. 0. 0. 1. 1. 1. 0. 0. 0. 0. 0.
  1. 1. 0. 0. 0. 1.]
 [1. 0. 0. 0. 0. 1. 1. 1. 1. 1. 0. 1. 0. 0. 0. 1. 0. 1. 0. 0. 0. 1. 0. 1.
  1. 1. 0. 0. 0. 1.]
 [1. 1. 1. 1. 0. 0. 1. 1. 1. 1. 0. 0. 0. 0. 0. 1. 0. 0. 1. 0. 0. 1. 0. 1.
  0. 0. 0. 0. 1. 1.]
 [0. 0. 0. 1. 0. 0. 1. 1. 0. 1. 1. 1. 0. 1. 1. 0. 0. 0. 0. 0. 0. 0. 0. 0.
  0. 0. 0. 0. 0. 0.]
 [1. 0. 1. 0. 0. 1. 0. 1. 0. 1. 1. 1. 1. 0. 0. 0. 0. 0. 0. 0. 0. 0. 0. 0.
  0. 0. 0. 0. 0. 0.]
 [1. 0. 1. 1. 0. 1. 0. 0. 1. 1. 0. 1. 1. 1. 0. 0. 0. 0. 0. 0. 0. 0. 0. 0.
  0. 0. 0. 0. 0. 0.]
 [1. 0. 0. 1. 0. 0. 1. 0. 1. 1. 0. 0. 1. 0. 1. 0. 0. 0. 0. 0. 0. 0. 0. 0.
  0. 0. 0. 0. 0. 0.]
 [0. 1. 0. 1. 1. 1. 1. 0. 1. 0. 0. 0. 0. 0. 0. 0. 0. 0. 0. 0. 0. 0. 0. 0.
  0. 0. 0. 0. 0. 0.]
 [0. 0. 0. 0. 1. 1. 1. 0. 0. 0. 1. 0. 0. 0. 0. 0. 0. 0. 0. 0. 0. 0. 0. 0.
  0. 0. 0. 0. 0. 0.]
 [1. 0. 1. 1. 1. 1. 0. 1. 0. 1. 1. 0. 0. 1. 1. 0. 0. 0. 0. 0. 0. 0. 0. 0.
  0. 0. 0. 0. 0. 0.]
 [0. 0. 1. 0. 0. 1. 0. 0. 0. 0. 0. 1. 0. 0. 0. 0. 0. 0. 0. 0. 0. 0. 0. 0.
  0. 0. 0. 0. 0. 0.]
 [0. 0. 1. 0. 0. 0. 0. 0. 0. 1. 1. 0. 0. 1. 1. 0. 0. 0. 0. 0. 0. 0. 0. 0.
  0. 0. 0. 0. 0. 0.]
 [0. 1. 0. 0. 1. 0. 0. 0. 0. 0. 0. 0. 1. 1. 0. 0. 0. 0. 0. 0. 0. 0. 0. 0.
  0. 0. 0. 0. 0. 0.]
 [0. 1. 0. 1. 0. 0. 0. 1. 1. 0. 0. 1. 1. 1. 0. 0. 0. 0. 0. 0. 0. 0. 0. 0.
  0. 0. 0. 0. 0. 0.]
 [1. 0. 0. 1. 0. 1. 0. 1. 0. 0. 1. 1. 0. 0. 0. 0. 0. 0. 0. 0. 0. 0. 0. 0.
  0. 0. 0. 0. 0. 0.]
 [0. 1. 1. 1. 0. 0. 0. 1. 1. 0. 1. 1. 0. 0. 0. 0. 0. 0. 0. 0. 0. 0. 0. 0.
  0. 0. 0. 0. 0. 0.]
 [0. 0. 0. 1. 1. 0. 1. 1. 0. 0. 0. 0. 0. 0. 1. 0. 0. 0. 0. 0. 0. 0. 0. 0.
  0. 0. 0. 0. 0. 0.]
 [1. 0. 0. 1. 1. 1. 0. 0. 1. 1. 1. 1. 1. 1. 1. 0. 0. 0. 0. 0. 0. 0. 0. 0.
  0. 0. 0. 0. 0. 0.]]
start_times_array: [[6179.99999916 6707.99999915 6857.99999915 7115.99999915 7427.99999915
  7483.99999915 7763.99999915 7858.99999915 7922.99999915 8063.99999915
  8131.99999915 8219.99999915 8354.99999915 8408.99999915 8413.99999915]
 [6104.99999916 6161.99999916 6891.99999915 6924.99999915 7205.99999915
  7214.99999915 7516.99999915 7674.99999915 7705.99999915 7934.99999915
  7967.99999915 8085.99999915 8218.99999915 8251.99999915 8299.99999915]
 [4481.99999916 4616.99999916 7205.99999915 7383.99999915 7391.99999915
  7449.99999915 7516.99999915 7557.99999915 7588.99999915 7715.99999915
  7951.99999915 8019.99999915 8038.99999915 8093.99999915 8266.99999915]
 [6478.99999915 6694.99999915 6771.99999915 6842.99999915 7115.99999915
  7178.99999915 7285.99999915 7427.99999915 7456.99999915 7491.99999915
  7509.99999915 7619.99999915 7763.99999915 7818.99999915 8222.99999915]
 [2195.         5704.99999916 6104.99999916 6267.99999916 6409.99999916
  6565.99999915 6718.99999915 6891.99999915 6922.99999915 7017.99999915
  7048.99999915 7205.99999915 7527.99999915 7614.99999915 7705.99999915]
 [3204.         4456.99999916 5405.99999916 5632.99999916 5954.99999916
  6032.99999916 6186.99999916 6372.99999916 6453.99999915 6480.99999915
  6620.99999915 6691.99999915 6771.99999915 7291.99999915 7369.99999915]
 [4481.99999916 4907.99999916 5046.99999916 5224.99999916 5234.99999916
  5481.99999916 5485.99999916 5509.99999916 5519.99999916 5526.99999916
  5740.99999916 5783.99999916 5873.99999916 6055.99999916 6284.99999916]
 [3108.         3279.         4571.99999916 4669.99999916 4700.99999916
  4709.99999916 4774.99999916 4809.99999916 4961.99999916 5144.99999916
  5181.99999916 5309.99999916 5541.99999916 6054.99999916 6417.99999915]
 [1108.         2883.         3737.         3873.         3894.
  3981.         4101.99999916 4136.99999916 4199.99999916 4236.99999916
  4289.99999916 4387.99999916 4663.99999916 5456.99999916 6718.99999915]
 [2072.         2883.         3253.         3600.         3698.
  3721.         3786.         3874.         3945.         3980.
  4039.         4123.         4154.         4354.99999916 4367.99999916]
 [2409.         2618.         2652.         2712.         3385.
  3443.         3600.         3602.         3646.         3831.
  4048.99999916 4571.99999916 4673.99999916 4780.         5056.        ]
 [1219.         1734.         1949.         2215.         2310.
  2346.         2486.         2571.         2788.         2848.
  3032.         3114.         3279.         3309.         3506.        ]
 [1225.         1283.         1377.         1651.         1670.
  1737.         1764.         1825.         1943.         1991.
  2228.         2377.         2405.         2499.         2712.        ]
 [1432.         1525.         1565.         1660.         1696.
  1790.         1837.         2107.         2204.         2431.
  2618.         2625.         2938.         2941.         2985.        ]
 [1591.         1670.         1703.         1768.         1941.
  2206.         2346.         2377.         2437.         2516.
  2541.         2617.         2878.         2938.         2943.        ]
 [  40.          170.          199.          299.          349.
   380.          526.          564.          637.          750.
  1057.         1148.         1249.         1861.         1996.        ]
 [ 114.          299.          384.          480.          491.
   662.          811.          879.          906.          946.
  1077.         1140.         1491.         1575.         1858.        ]
 [   0.           66.          154.          295.          344.
   360.          497.          612.          662.          665.
   785.          980.         1033.         1155.         1344.        ]
 [   0.           56.          134.          218.          307.
   479.          511.         1344.         1351.         1446.
  1505.         1507.         1525.         1858.         2107.        ]
 [ 327.          419.          503.          583.          756.
   890.         1148.         1206.         1257.         1454.
  1534.         1576.         1642.         1685.         1882.        ]
 [ 136.          221.          291.          342.          451.
   531.          589.          638.          675.          775.
  1000.         1437.00000085 1504.00000085 1565.00000085 2104.        ]
 [   0.           93.          252.          415.          498.
   644.          706.          777.          814.          879.
  1032.         1094.         1162.         1257.         1333.        ]
 [  73.          208.          291.          298.          391.
   484.          560.          566.          706.         1000.
  1112.         1356.         1450.         1550.         1640.        ]
 [   0.           68.          320.          419.          531.
   553.          658.          792.          879.          890.
  1067.         1133.         1291.         1319.         1366.        ]
 [   0.           91.          115.          200.          234.
   245.          263.          430.          498.          586.
   672.          870.          946.         1130.         1140.        ]
 [  22.          178.          268.          359.          422.
   467.          563.          669.          784.          879.
   890.         1041.         1072.         1152.         1289.        ]
 [   0.           56.           74.          119.          128.
   132.          202.          298.          435.          641.
   698.          707.          756.          856.          947.        ]
 [   0.          119.          215.          269.          442.
   585.          650.          669.          707.          785.
   870.          899.          964.         1041.         1225.        ]
 [   0.           74.          239.          359.          503.
   585.          612.          717.          782.          814.
   861.          927.          966.         1036.         1114.        ]
 [   0.           22.          132.          168.          199.
   277.          369.          561.          703.          760.
   797.          945.          984.         1158.         1285.        ]]
