optimal_status: 0
solution: 9455.0
cpu_time: 3600.4646689891815
gap: 0.8863035430988895
upper_bound: 1075.0000000000002
lower_bound: 9455.0
cg_matrix: [[0. 1. 1. 1. 1. 0. 1. 1. 0. 1. 1. 1. 1. 0. 1. 1. 1. 0. 1. 1.]
 [1. 0. 1. 1. 1. 1. 1. 1. 1. 1. 0. 1. 1. 1. 0. 1. 1. 1. 1. 1.]
 [1. 1. 0. 1. 0. 1. 0. 1. 0. 1. 1. 0. 1. 1. 1. 1. 1. 1. 1. 1.]
 [1. 1. 1. 0. 1. 0. 1. 0. 1. 1. 0. 1. 1. 0. 1. 0. 0. 1. 1. 1.]
 [1. 1. 0. 1. 0. 1. 1. 1. 0. 1. 1. 0. 1. 1. 0. 0. 0. 1. 1. 1.]
 [0. 1. 1. 0. 1. 0. 1. 1. 1. 1. 1. 1. 1. 1. 1. 1. 1. 1. 0. 1.]
 [1. 1. 0. 1. 1. 1. 0. 1. 1. 0. 0. 1. 1. 1. 0. 1. 1. 1. 1. 1.]
 [1. 1. 1. 0. 1. 1. 1. 0. 0. 0. 1. 1. 1. 1. 1. 1. 1. 0. 1. 1.]
 [0. 1. 0. 1. 0. 1. 1. 0. 0. 1. 1. 1. 1. 1. 1. 1. 1. 1. 1. 1.]
 [1. 1. 1. 1. 1. 1. 0. 0. 1. 0. 1. 1. 0. 1. 1. 1. 1. 1. 1. 1.]
 [1. 0. 1. 0. 1. 1. 0. 1. 1. 1. 0. 1. 1. 1. 1. 0. 1. 1. 1. 1.]
 [1. 1. 0. 1. 0. 1. 1. 1. 1. 1. 1. 0. 0. 1. 1. 1. 1. 1. 0. 1.]
 [1. 1. 1. 1. 1. 1. 1. 1. 1. 0. 1. 0. 0. 1. 1. 0. 1. 1. 1. 1.]
 [0. 1. 1. 0. 1. 1. 1. 1. 1. 1. 1. 1. 1. 0. 0. 1. 1. 1. 1. 0.]
 [1. 0. 1. 1. 0. 1. 0. 1. 1. 1. 1. 1. 1. 0. 0. 1. 1. 0. 1. 1.]
 [1. 1. 1. 0. 0. 1. 1. 1. 1. 1. 0. 1. 0. 1. 1. 0. 0. 0. 0. 0.]
 [1. 1. 1. 0. 0. 1. 1. 1. 1. 1. 1. 1. 1. 1. 1. 0. 0. 0. 0. 0.]
 [0. 1. 1. 1. 1. 1. 1. 0. 1. 1. 1. 1. 1. 1. 0. 0. 0. 0. 0. 0.]
 [1. 1. 1. 1. 1. 0. 1. 1. 1. 1. 1. 0. 1. 1. 1. 0. 0. 0. 0. 0.]
 [1. 1. 1. 1. 1. 1. 1. 1. 1. 1. 1. 1. 1. 0. 1. 0. 0. 0. 0. 0.]]
start_times_array: [[2.279e+03 2.742e+03 4.388e+03 4.814e+03 6.379e+03 8.610e+03 8.740e+03
  8.843e+03 8.953e+03 9.040e+03 9.135e+03 9.180e+03 9.208e+03 9.337e+03
  9.410e+03]
 [1.420e+03 1.654e+03 1.721e+03 7.782e+03 8.190e+03 8.284e+03 8.299e+03
  8.303e+03 8.385e+03 8.462e+03 8.497e+03 8.576e+03 8.873e+03 8.930e+03
  9.281e+03]
 [1.833e+03 3.436e+03 7.153e+03 7.566e+03 7.592e+03 7.641e+03 7.701e+03
  7.716e+03 7.857e+03 8.062e+03 8.101e+03 8.116e+03 8.399e+03 8.646e+03
  8.752e+03]
 [1.091e+03 1.100e+03 3.542e+03 3.750e+03 3.918e+03 6.477e+03 7.242e+03
  7.329e+03 7.389e+03 7.430e+03 7.437e+03 7.494e+03 7.947e+03 7.987e+03
  8.109e+03]
 [1.002e+03 1.353e+03 1.400e+03 6.656e+03 6.670e+03 6.737e+03 6.831e+03
  7.010e+03 7.062e+03 7.132e+03 7.148e+03 7.181e+03 7.282e+03 7.576e+03
  7.641e+03]
 [5.720e+02 8.170e+02 5.781e+03 6.277e+03 6.344e+03 6.398e+03 6.470e+03
  6.487e+03 6.531e+03 6.568e+03 6.849e+03 6.926e+03 7.115e+03 7.329e+03
  7.476e+03]
 [8.100e+02 1.768e+03 5.404e+03 5.536e+03 5.626e+03 5.712e+03 5.742e+03
  5.868e+03 5.935e+03 5.977e+03 6.008e+03 6.091e+03 6.130e+03 6.197e+03
  6.313e+03]
 [1.123e+03 1.152e+03 4.106e+03 4.175e+03 4.201e+03 4.840e+03 4.886e+03
  4.939e+03 5.087e+03 5.206e+03 5.230e+03 5.299e+03 5.321e+03 5.338e+03
  6.264e+03]
 [7.440e+02 1.833e+03 4.612e+03 4.770e+03 5.087e+03 5.104e+03 5.184e+03
  5.283e+03 5.353e+03 5.451e+03 5.465e+03 5.598e+03 6.755e+03 7.010e+03
  7.068e+03]
 [7.560e+02 3.869e+03 4.106e+03 4.180e+03 4.328e+03 4.459e+03 4.648e+03
  4.651e+03 4.711e+03 4.840e+03 4.934e+03 5.404e+03 5.536e+03 5.626e+03
  5.935e+03]
 [1.654e+03 1.743e+03 3.542e+03 3.718e+03 3.750e+03 3.768e+03 3.841e+03
  3.850e+03 3.918e+03 4.270e+03 4.547e+03 5.025e+03 5.438e+03 5.630e+03
  5.934e+03]
 [1.449e+03 1.520e+03 2.909e+03 3.004e+03 3.011e+03 3.074e+03 3.142e+03
  3.166e+03 3.212e+03 3.298e+03 3.371e+03 3.390e+03 3.486e+03 3.527e+03
  3.637e+03]
 [7.650e+02 1.015e+03 1.470e+03 2.906e+03 2.968e+03 3.045e+03 3.123e+03
  3.193e+03 3.212e+03 3.298e+03 3.329e+03 3.352e+03 3.398e+03 3.430e+03
  3.472e+03]
 [4.170e+02 2.019e+03 2.065e+03 2.163e+03 2.164e+03 2.220e+03 2.279e+03
  2.365e+03 2.463e+03 2.539e+03 2.551e+03 2.642e+03 2.740e+03 2.838e+03
  2.849e+03]
 [2.014e+03 2.087e+03 2.157e+03 2.171e+03 2.203e+03 2.222e+03 2.363e+03
  2.380e+03 2.574e+03 2.630e+03 2.703e+03 2.735e+03 2.800e+03 2.879e+03
  4.015e+03]
 [0.000e+00 3.900e+01 1.740e+02 1.990e+02 2.800e+02 3.360e+02 5.390e+02
  5.630e+02 1.030e+03 1.181e+03 1.223e+03 1.584e+03 2.889e+03 3.123e+03
  3.542e+03]
 [5.500e+01 2.150e+02 9.090e+02 9.730e+02 9.870e+02 9.980e+02 1.024e+03
  1.205e+03 1.290e+03 1.371e+03 1.374e+03 1.567e+03 1.614e+03 1.906e+03
  1.987e+03]
 [0.000e+00 2.380e+02 3.090e+02 3.140e+02 3.970e+02 4.130e+02 4.910e+02
  5.570e+02 8.970e+02 1.092e+03 1.227e+03 1.320e+03 4.015e+03 4.388e+03
  4.583e+03]
 [8.200e+01 1.740e+02 2.200e+02 2.280e+02 3.140e+02 3.380e+02 5.070e+02
  5.300e+02 6.260e+02 6.500e+02 8.170e+02 9.140e+02 9.540e+02 1.024e+03
  1.906e+03]
 [0.000e+00 5.000e+00 8.200e+01 1.560e+02 2.150e+02 2.280e+02 2.850e+02
  3.470e+02 3.840e+02 4.380e+02 6.260e+02 7.090e+02 9.140e+02 1.044e+03
  2.476e+03]]
