optimal_status: 0
solution: 4896.999999508464
cpu_time: 3600.0555090904236
gap: 0.7183537383989791
upper_bound: 1379.22174292176
lower_bound: 4896.999999508464
cg_matrix: [[0. 0. 0. 0. 0. 1. 0. 1. 0. 0. 1. 1. 0. 0. 0. 0. 0. 0. 0. 1. 0. 1. 0. 0.
  0. 0. 0. 0. 0. 0.]
 [0. 0. 1. 0. 0. 0. 0. 0. 0. 0. 0. 0. 0. 0. 0. 0. 0. 0. 0. 0. 0. 0. 0. 0.
  0. 0. 0. 0. 0. 1.]
 [0. 1. 0. 0. 0. 0. 0. 0. 0. 0. 0. 0. 0. 0. 0. 0. 0. 0. 0. 0. 0. 0. 0. 0.
  0. 1. 0. 0. 0. 0.]
 [0. 0. 0. 0. 0. 0. 0. 0. 0. 0. 0. 1. 0. 0. 0. 0. 0. 1. 0. 1. 1. 0. 0. 0.
  0. 1. 0. 0. 1. 1.]
 [0. 0. 0. 0. 0. 0. 0. 1. 0. 0. 0. 0. 0. 0. 1. 0. 0. 0. 0. 0. 0. 0. 0. 0.
  0. 0. 1. 0. 0. 0.]
 [1. 0. 0. 0. 0. 0. 1. 0. 0. 0. 0. 0. 0. 0. 0. 0. 0. 0. 0. 0. 0. 1. 0. 1.
  1. 0. 1. 0. 0. 0.]
 [0. 0. 0. 0. 0. 1. 0. 0. 0. 0. 0. 0. 0. 0. 0. 0. 0. 0. 0. 0. 0. 0. 1. 0.
  1. 0. 0. 1. 0. 0.]
 [1. 0. 0. 0. 1. 0. 0. 0. 1. 1. 0. 0. 0. 0. 0. 0. 0. 1. 0. 0. 0. 0. 1. 0.
  1. 1. 0. 0. 0. 0.]
 [0. 0. 0. 0. 0. 0. 0. 1. 0. 0. 0. 0. 0. 0. 0. 0. 0. 1. 0. 0. 1. 0. 1. 0.
  1. 0. 0. 0. 0. 0.]
 [0. 0. 0. 0. 0. 0. 0. 1. 0. 0. 0. 0. 0. 0. 0. 0. 0. 0. 0. 1. 0. 1. 0. 0.
  0. 0. 1. 0. 1. 0.]
 [1. 0. 0. 0. 0. 0. 0. 0. 0. 0. 0. 1. 0. 0. 0. 0. 1. 0. 0. 0. 0. 0. 0. 1.
  0. 0. 0. 0. 0. 0.]
 [1. 0. 0. 1. 0. 0. 0. 0. 0. 0. 1. 0. 0. 0. 1. 0. 0. 0. 0. 1. 0. 0. 1. 0.
  0. 0. 0. 0. 1. 0.]
 [0. 0. 0. 0. 0. 0. 0. 0. 0. 0. 0. 0. 0. 1. 0. 0. 1. 0. 0. 0. 0. 0. 0. 0.
  1. 0. 1. 0. 0. 0.]
 [0. 0. 0. 0. 0. 0. 0. 0. 0. 0. 0. 0. 1. 0. 0. 0. 0. 0. 0. 0. 0. 0. 0. 0.
  0. 0. 0. 0. 0. 1.]
 [0. 0. 0. 0. 1. 0. 0. 0. 0. 0. 0. 1. 0. 0. 0. 0. 0. 0. 0. 0. 0. 0. 0. 1.
  1. 1. 0. 0. 0. 0.]
 [0. 0. 0. 0. 0. 0. 0. 0. 0. 0. 0. 0. 0. 0. 0. 0. 0. 1. 1. 0. 0. 0. 0. 0.
  0. 0. 0. 0. 0. 0.]
 [0. 0. 0. 0. 0. 0. 0. 0. 0. 0. 1. 0. 1. 0. 0. 0. 0. 0. 0. 0. 0. 1. 0. 0.
  0. 1. 1. 0. 0. 0.]
 [0. 0. 0. 1. 0. 0. 0. 1. 1. 0. 0. 0. 0. 0. 0. 1. 0. 0. 0. 1. 0. 0. 1. 0.
  1. 0. 0. 0. 0. 0.]
 [0. 0. 0. 0. 0. 0. 0. 0. 0. 0. 0. 0. 0. 0. 0. 1. 0. 0. 0. 1. 0. 0. 0. 0.
  0. 0. 0. 0. 1. 0.]
 [1. 0. 0. 1. 0. 0. 0. 0. 0. 1. 0. 1. 0. 0. 0. 0. 0. 1. 1. 0. 0. 0. 0. 0.
  0. 0. 0. 0. 0. 0.]
 [0. 0. 0. 1. 0. 0. 0. 0. 1. 0. 0. 0. 0. 0. 0. 0. 0. 0. 0. 0. 0. 0. 0. 0.
  0. 0. 0. 0. 0. 0.]
 [1. 0. 0. 0. 0. 1. 0. 0. 0. 1. 0. 0. 0. 0. 0. 0. 1. 0. 0. 0. 0. 0. 0. 0.
  0. 0. 0. 0. 0. 0.]
 [0. 0. 0. 0. 0. 0. 1. 1. 1. 0. 0. 1. 0. 0. 0. 0. 0. 1. 0. 0. 0. 0. 0. 0.
  0. 0. 0. 0. 0. 0.]
 [0. 0. 0. 0. 0. 1. 0. 0. 0. 0. 1. 0. 0. 0. 1. 0. 0. 0. 0. 0. 0. 0. 0. 0.
  0. 0. 0. 0. 0. 0.]
 [0. 0. 0. 0. 0. 1. 1. 1. 1. 0. 0. 0. 1. 0. 1. 0. 0. 1. 0. 0. 0. 0. 0. 0.
  0. 0. 0. 0. 0. 0.]
 [0. 0. 1. 1. 0. 0. 0. 1. 0. 0. 0. 0. 0. 0. 1. 0. 1. 0. 0. 0. 0. 0. 0. 0.
  0. 0. 0. 0. 0. 0.]
 [0. 0. 0. 0. 1. 1. 0. 0. 0. 1. 0. 0. 1. 0. 0. 0. 1. 0. 0. 0. 0. 0. 0. 0.
  0. 0. 0. 0. 0. 0.]
 [0. 0. 0. 0. 0. 0. 1. 0. 0. 0. 0. 0. 0. 0. 0. 0. 0. 0. 0. 0. 0. 0. 0. 0.
  0. 0. 0. 0. 0. 0.]
 [0. 0. 0. 1. 0. 0. 0. 0. 0. 1. 0. 1. 0. 0. 0. 0. 0. 0. 1. 0. 0. 0. 0. 0.
  0. 0. 0. 0. 0. 0.]
 [0. 1. 0. 1. 0. 0. 0. 0. 0. 0. 0. 0. 0. 1. 0. 0. 0. 0. 0. 0. 0. 0. 0. 0.
  0. 0. 0. 0. 0. 0.]]
start_times_array: [[ 440.          880.          885.          906.         1524.
  1838.         2202.         2384.         2659.         3000.
  3269.99999951 3493.99999951 3503.99999951 3678.99999951 3946.99999951
  3996.99999951 4030.99999951 4236.99999951 4593.99999951 4747.99999951]
 [  41.          132.          326.          436.          738.
   804.          913.         1224.         1419.         1585.
  1960.         2275.         2308.         2390.         3398.99999951
  3546.         3913.99999951 4288.99999951 4663.99999951 4838.99999951]
 [ 225.          284.          425.          435.          562.
   668.          703.         1938.         2812.         2851.
  2889.         3226.99999951 3234.99999951 3488.99999951 3533.99999951
  3601.         3774.99999951 4060.99999951 4244.99999951 4579.99999951]
 [  47.           67.          973.         1224.         1269.
  1469.         1689.         1898.         2317.         2644.
  2701.         2855.         3223.99999951 3546.99999951 3593.99999951
  3678.99999951 3992.99999951 4342.99999951 4563.99999951 4879.99999951]
 [   0.          184.          407.          633.          661.
  1053.         1126.         1428.         1953.         2031.
  2202.         2662.         2759.         2919.         3062.99999951
  3226.99999951 3966.99999951 4087.99999951 4115.99999951 4498.99999951]
 [  28.          184.          213.          371.          584.
   635.         1211.         1373.         1750.         2015.
  2471.         2759.         3068.         3226.99999951 3574.99999951
  4060.99999951 4306.99999951 4686.99999951 4859.99999951 4893.99999951]
 [ 141.          475.          479.          580.          975.
  1177.         1298.         1519.         1521.         1829.
  2104.         2369.         2607.         3136.99999951 3363.99999951
  3767.99999951 3890.99999951 4233.99999951 4542.99999951 4801.99999951]
 [ 555.          990.         1167.         1298.         1376.
  1498.         1694.         2109.         2369.         2505.
  2879.         3139.99999951 3568.99999951 3890.99999951 4168.99999951
  4412.99999951 4442.99999951 4677.99999951 4729.99999951 4859.99999951]
 [  18.          468.          800.          810.          815.
  1193.         1385.         1686.         1877.         2202.
  2448.         2611.         3081.99999951 3379.99999951 3774.99999951
  4335.99999951 4563.99999951 4788.99999951 4831.99999951 4890.99999951]
 [  10.          188.          400.          633.          934.
   953.         1224.         1391.         1806.         1906.
  2062.         2202.         2642.         2741.         3041.
  3678.99999951 3944.99999951 4064.99999951 4255.99999951 4731.99999951]
 [ 141.          358.          659.          738.          739.
   976.         1193.         1611.         1928.         2012.
  2102.         2568.         2934.         3174.99999951 3382.99999951
  3800.99999951 4134.99999951 4345.99999951 4509.99999951 4732.99999951]
 [   0.            6.          248.          526.          613.
  1093.         2020.         2069.         2144.         2477.
  2758.         3071.99999951 3136.99999951 3294.99999951 3743.99999951
  3913.99999951 4087.99999951 4374.99999951 4684.99999951 4831.99999951]
 [   0.          380.          578.          815.          992.
  1186.         1396.         1553.         1906.         2046.
  2098.         2257.         2505.         3001.         3430.99999951
  3441.99999951 3719.99999951 3890.99999951 4345.99999951 4363.99999951]
 [ 131.          199.          235.          326.          515.
   784.          877.          907.         1468.         1568.
  1934.         2715.         2797.         2803.         2891.
  3089.         3561.99999951 4208.99999951 4290.99999951 4329.99999951]
 [ 255.          881.         1291.         1553.         1859.
  1862.         2441.         2527.         2551.         2555.
  2846.         3027.         3037.99999951 3146.99999951 3382.99999951
  3574.99999951 3789.99999951 4060.99999951 4288.99999951 4593.99999951]
 [   0.           56.          231.          396.          436.
   759.         1671.         1744.         1905.         2272.
  2585.         2694.         3339.99999951 3633.99999951 3711.99999951
  3866.99999951 3992.99999951 4145.99999951 4428.99999951 4683.99999951]
 [  56.          218.          455.          555.          934.
  1126.         1269.         1296.         1469.         1568.
  1886.         2194.         2290.         2732.         3259.99999951
  3493.99999951 3568.99999951 4062.99999951 4233.99999951 4649.99999951]
 [ 192.          310.          375.          659.          863.
  1349.         1554.         1815.         1848.         2014.
  2271.         2384.         2773.         3021.         3472.99999951
  3723.99999951 3944.99999951 4236.99999951 4540.99999951 4731.99999951]
 [ 637.          850.          943.         1815.         1966.
  1993.         2337.         2532.         2696.         3193.99999951
  3269.99999951 3295.99999951 3472.99999951 3913.99999951 4110.99999951
  4244.99999951 4520.99999951 4586.99999951 4622.99999951 4646.99999951]
 [1000.         1168.         1635.         2145.         2272.
  2583.         2930.         2978.         2984.         3382.99999951
  3587.99999951 3629.99999951 3881.99999951 4154.99999951 4335.99999951
  4338.99999951 4461.99999951 4495.99999951 4532.99999951 4656.99999951]
 [ 975.         1043.         1554.         1653.         1725.
  2028.         2278.         2527.         2592.         2715.
  2731.         2742.         2930.         3139.99999951 3221.99999951
  3305.99999951 3901.99999951 4064.99999951 4103.99999951 4663.99999951]
 [   0.          160.          316.          710.          781.
   976.         1928.         1986.         2004.         2104.
  2257.         2554.         2918.         3396.99999951 3809.99999951
  3966.99999951 3982.99999951 3990.99999951 4367.99999951 4515.99999951]
 [  73.          253.          424.          764.         1271.
  1472.         1749.         1966.         2272.         2703.
  2918.         2998.         3226.99999951 3453.99999951 3634.99999951
  3992.99999951 4134.99999951 4453.99999951 4492.99999951 4617.99999951]
 [   0.           33.           53.          440.          521.
   811.          929.         1235.         2142.         2182.
  2667.         3000.         3029.         3259.99999951 3472.99999951
  3478.99999951 3671.99999951 3851.99999951 4228.99999951 4478.99999951]
 [ 710.         1071.         1126.         1271.         1635.
  1771.         1947.         2272.         2287.         2592.
  2597.         2696.         2918.         3324.99999951 3546.99999951
  3671.99999951 3866.99999951 3994.99999951 4122.99999951 4449.99999951]
 [   0.          180.          184.          313.          488.
   749.         1054.         1388.         1620.         2025.
  2384.         2621.         2781.         3062.99999951 3121.99999951
  3308.99999951 3428.99999951 3944.99999951 4087.99999951 4449.99999951]
 [ 131.          286.          292.          471.          812.
   856.          906.         1065.         1299.         1628.
  1682.         1898.         2147.         2384.         2812.
  3129.         3222.         3796.99999951 4137.99999951 4786.99999951]
 [   0.          381.          526.          584.          601.
   669.          745.          800.         1571.         1658.
  1739.         1928.         2012.         2592.         2898.
  3634.99999951 3716.99999951 3809.99999951 4338.99999951 4422.99999951]
 [ 106.          259.          290.          302.          734.
   817.         1054.         1313.         1554.         1587.
  1598.         2075.         2255.         2387.         2930.
  3029.         3146.99999951 3789.99999951 4145.99999951 4471.99999951]
 [ 269.          306.          323.          820.         1153.
  1719.         1801.         1810.         2012.         2441.
  2966.99999951 3711.99999951 3808.99999951 3818.99999951 4064.99999951
  4100.99999951 4132.99999951 4146.99999951 4446.99999951 4655.99999951]]
