optimal_status: 0
solution: 76462.99992163696
cpu_time: 3600.4757430553436
gap: 0.971511020772042
upper_bound: 2178.3528164748664
lower_bound: 76462.99992163696
cg_matrix: [[0. 1. 1. 1. 1. 1. 0. 1. 0. 0. 1. 1. 1. 0. 1. 1. 1. 1. 1. 1. 0. 1. 1. 1.
  1. 1. 1. 1. 1. 0. 1. 1. 0. 1. 0. 0. 1. 0. 1. 1. 1. 0. 1. 1. 1. 1. 1. 1.
  1. 1. 1. 0. 1. 1. 1. 1. 1. 1. 1. 1. 0. 1. 1. 1. 1. 1. 1. 1. 0. 1. 0. 1.
  1. 1. 1. 1. 0. 0. 1. 1. 1. 1. 1. 1. 1. 0. 1. 1. 0. 1. 1. 1. 1. 1. 1. 1.
  1. 1. 1. 0.]
 [1. 0. 1. 1. 1. 1. 1. 1. 1. 0. 1. 1. 0. 1. 1. 0. 1. 1. 1. 1. 1. 1. 1. 1.
  1. 0. 1. 0. 1. 1. 0. 1. 1. 1. 1. 1. 1. 1. 1. 1. 0. 1. 1. 1. 1. 1. 1. 0.
  1. 1. 1. 0. 1. 1. 1. 1. 1. 1. 1. 0. 1. 1. 1. 1. 1. 1. 1. 1. 1. 0. 0. 1.
  1. 1. 1. 1. 1. 1. 1. 1. 1. 1. 1. 1. 1. 1. 1. 1. 1. 1. 0. 1. 1. 1. 1. 0.
  0. 1. 1. 1.]
 [1. 1. 0. 1. 1. 1. 1. 0. 1. 0. 1. 1. 1. 1. 1. 1. 1. 1. 0. 0. 1. 1. 0. 1.
  1. 0. 1. 0. 1. 1. 1. 0. 1. 1. 1. 1. 1. 0. 1. 0. 1. 0. 1. 0. 1. 1. 1. 0.
  1. 1. 0. 1. 1. 0. 1. 1. 1. 0. 1. 1. 1. 0. 1. 1. 1. 1. 1. 1. 1. 1. 1. 0.
  1. 0. 1. 0. 1. 0. 1. 1. 1. 0. 0. 1. 1. 0. 0. 0. 1. 1. 1. 1. 1. 1. 1. 0.
  1. 1. 1. 1.]
 [1. 1. 1. 0. 1. 1. 1. 0. 0. 1. 1. 1. 0. 1. 1. 1. 1. 1. 1. 0. 0. 0. 1. 0.
  1. 1. 1. 1. 1. 1. 1. 1. 1. 0. 1. 1. 1. 1. 0. 0. 1. 0. 1. 0. 1. 1. 0. 1.
  1. 1. 1. 1. 1. 1. 1. 1. 1. 1. 1. 1. 1. 1. 1. 1. 1. 0. 1. 1. 1. 1. 0. 1.
  1. 1. 1. 1. 1. 1. 1. 0. 1. 1. 1. 1. 1. 1. 1. 1. 1. 1. 1. 1. 1. 1. 1. 1.
  1. 1. 1. 1.]
 [1. 1. 1. 1. 0. 1. 1. 1. 1. 1. 1. 1. 1. 1. 0. 1. 0. 1. 1. 1. 1. 1. 0. 1.
  1. 1. 1. 1. 1. 1. 1. 0. 1. 1. 1. 0. 1. 0. 1. 1. 0. 1. 1. 1. 1. 1. 0. 1.
  0. 1. 1. 1. 1. 1. 0. 1. 0. 1. 0. 0. 0. 1. 0. 1. 1. 1. 0. 0. 0. 1. 1. 0.
  1. 1. 1. 1. 0. 1. 1. 1. 0. 1. 1. 1. 1. 0. 1. 1. 1. 1. 1. 1. 1. 1. 1. 1.
  1. 1. 0. 1.]
 [1. 1. 1. 1. 1. 0. 1. 1. 1. 1. 1. 0. 1. 1. 1. 1. 1. 1. 1. 1. 1. 1. 1. 1.
  0. 1. 1. 1. 1. 1. 1. 1. 0. 1. 0. 1. 0. 0. 1. 1. 1. 1. 1. 1. 1. 1. 1. 1.
  0. 1. 1. 0. 0. 1. 0. 1. 1. 1. 1. 1. 1. 1. 0. 1. 1. 1. 1. 1. 1. 1. 1. 1.
  1. 1. 0. 1. 0. 0. 1. 1. 1. 1. 1. 0. 1. 1. 1. 1. 1. 1. 1. 0. 1. 0. 1. 1.
  1. 1. 1. 1.]
 [0. 1. 1. 1. 1. 1. 0. 1. 1. 1. 1. 1. 1. 1. 1. 1. 1. 1. 1. 1. 0. 1. 1. 0.
  0. 1. 1. 1. 0. 1. 1. 1. 1. 1. 0. 1. 1. 1. 0. 1. 1. 0. 1. 0. 1. 1. 1. 0.
  1. 1. 1. 1. 1. 1. 1. 1. 1. 1. 1. 1. 0. 0. 1. 1. 1. 1. 1. 1. 1. 1. 1. 0.
  0. 1. 1. 1. 1. 0. 1. 0. 1. 1. 1. 1. 1. 1. 0. 1. 1. 0. 1. 1. 1. 1. 1. 1.
  1. 1. 1. 1.]
 [1. 1. 0. 0. 1. 1. 1. 0. 1. 1. 1. 1. 1. 0. 1. 0. 0. 1. 1. 1. 1. 1. 1. 1.
  0. 1. 1. 1. 1. 1. 1. 0. 1. 1. 1. 1. 1. 1. 1. 1. 0. 1. 1. 1. 1. 1. 0. 1.
  1. 0. 1. 1. 1. 1. 1. 1. 1. 1. 1. 1. 1. 1. 1. 1. 1. 1. 1. 1. 1. 1. 1. 1.
  1. 1. 0. 1. 1. 1. 0. 1. 1. 1. 1. 1. 1. 1. 1. 1. 1. 0. 1. 1. 1. 1. 1. 1.
  1. 1. 1. 1.]
 [0. 1. 1. 0. 1. 1. 1. 1. 0. 1. 1. 1. 0. 1. 0. 1. 1. 1. 1. 0. 0. 0. 1. 1.
  1. 1. 1. 1. 1. 1. 1. 0. 1. 1. 1. 1. 1. 1. 0. 1. 1. 0. 0. 1. 1. 1. 1. 1.
  1. 0. 1. 1. 0. 1. 1. 1. 1. 1. 1. 1. 1. 1. 1. 1. 1. 1. 1. 1. 1. 0. 1. 1.
  1. 1. 1. 1. 1. 1. 1. 1. 0. 1. 0. 0. 1. 0. 1. 1. 0. 1. 1. 0. 1. 1. 1. 1.
  1. 1. 1. 1.]
 [0. 0. 0. 1. 1. 1. 1. 1. 1. 0. 1. 1. 1. 1. 0. 1. 0. 1. 1. 0. 1. 1. 1. 0.
  1. 1. 1. 0. 1. 0. 1. 0. 1. 0. 1. 1. 1. 1. 0. 1. 1. 1. 1. 0. 1. 1. 1. 1.
  0. 0. 1. 1. 1. 1. 1. 1. 1. 0. 1. 1. 0. 1. 1. 0. 1. 1. 1. 0. 0. 0. 1. 1.
  1. 1. 1. 1. 1. 1. 1. 1. 0. 1. 1. 0. 1. 0. 1. 0. 1. 1. 1. 1. 1. 1. 1. 1.
  1. 0. 1. 1.]
 [1. 1. 1. 1. 1. 1. 1. 1. 1. 1. 0. 0. 1. 0. 1. 1. 1. 1. 1. 1. 0. 1. 1. 0.
  1. 0. 1. 1. 0. 0. 1. 1. 1. 1. 0. 1. 1. 0. 1. 1. 1. 1. 1. 1. 1. 1. 1. 1.
  1. 1. 0. 1. 1. 1. 0. 1. 1. 1. 1. 1. 1. 1. 0. 0. 0. 1. 1. 1. 1. 1. 1. 1.
  1. 1. 1. 0. 1. 1. 1. 1. 1. 1. 1. 1. 0. 1. 1. 1. 1. 0. 1. 1. 0. 1. 1. 1.
  1. 1. 1. 1.]
 [1. 1. 1. 1. 1. 0. 1. 1. 1. 1. 0. 0. 0. 1. 1. 1. 1. 1. 1. 1. 1. 1. 1. 1.
  1. 1. 1. 1. 1. 1. 1. 1. 1. 1. 1. 1. 0. 0. 0. 1. 1. 1. 1. 1. 0. 1. 1. 0.
  0. 1. 1. 1. 1. 1. 1. 1. 1. 1. 1. 1. 0. 0. 0. 1. 1. 1. 0. 1. 1. 0. 1. 1.
  1. 1. 1. 0. 1. 1. 1. 1. 1. 1. 1. 1. 0. 0. 1. 1. 1. 1. 1. 1. 1. 1. 1. 1.
  1. 1. 1. 1.]
 [1. 0. 1. 0. 1. 1. 1. 1. 0. 1. 1. 0. 0. 1. 1. 1. 0. 1. 1. 1. 1. 1. 0. 0.
  1. 1. 1. 1. 1. 1. 1. 1. 0. 0. 1. 1. 1. 0. 0. 1. 0. 1. 1. 1. 1. 1. 1. 1.
  1. 1. 1. 1. 1. 1. 1. 1. 1. 1. 1. 1. 1. 1. 1. 1. 1. 1. 0. 1. 1. 0. 1. 1.
  1. 1. 1. 1. 1. 1. 1. 1. 1. 1. 1. 0. 0. 1. 1. 1. 1. 0. 1. 1. 0. 1. 1. 1.
  0. 0. 1. 1.]
 [0. 1. 1. 1. 1. 1. 1. 0. 1. 1. 0. 1. 1. 0. 1. 1. 1. 0. 1. 1. 1. 1. 1. 0.
  0. 1. 1. 1. 1. 1. 1. 1. 1. 0. 0. 1. 1. 1. 1. 0. 1. 1. 0. 1. 1. 1. 1. 1.
  1. 0. 1. 1. 1. 1. 1. 1. 0. 1. 1. 1. 1. 1. 0. 0. 1. 1. 0. 1. 0. 1. 1. 1.
  1. 0. 1. 1. 1. 1. 1. 0. 1. 1. 1. 1. 1. 1. 1. 0. 1. 1. 1. 1. 0. 1. 1. 1.
  0. 1. 1. 1.]
 [1. 1. 1. 1. 0. 1. 1. 1. 0. 0. 1. 1. 1. 1. 0. 0. 1. 1. 1. 1. 0. 0. 0. 1.
  1. 1. 0. 1. 0. 0. 1. 1. 1. 0. 1. 0. 1. 0. 0. 1. 1. 1. 1. 1. 1. 1. 1. 1.
  0. 1. 1. 1. 1. 1. 1. 1. 1. 1. 1. 0. 1. 1. 1. 1. 1. 0. 1. 1. 0. 1. 0. 1.
  1. 1. 0. 1. 0. 1. 1. 1. 1. 0. 1. 0. 1. 0. 1. 1. 1. 1. 1. 1. 1. 1. 0. 1.
  1. 1. 0. 1.]
 [1. 0. 1. 1. 1. 1. 1. 0. 1. 1. 1. 1. 1. 1. 0. 0. 1. 0. 0. 1. 1. 1. 1. 1.
  1. 1. 1. 1. 1. 0. 0. 1. 1. 1. 1. 1. 0. 0. 1. 1. 1. 0. 1. 1. 0. 1. 1. 1.
  0. 0. 1. 1. 1. 1. 1. 1. 1. 1. 1. 1. 1. 1. 1. 1. 1. 1. 1. 1. 1. 1. 1. 1.
  1. 1. 1. 1. 1. 1. 0. 1. 1. 1. 1. 1. 0. 1. 1. 1. 1. 1. 1. 1. 1. 0. 1. 1.
  1. 1. 1. 1.]
 [1. 1. 1. 1. 0. 1. 1. 0. 1. 0. 1. 1. 0. 1. 1. 1. 0. 1. 1. 1. 1. 1. 1. 1.
  1. 1. 1. 1. 1. 1. 1. 1. 1. 0. 1. 1. 1. 1. 1. 0. 1. 1. 1. 1. 0. 1. 1. 1.
  0. 1. 1. 1. 1. 1. 1. 0. 1. 0. 1. 1. 1. 1. 0. 1. 1. 0. 1. 0. 1. 0. 1. 1.
  0. 1. 1. 1. 1. 1. 0. 0. 1. 1. 1. 1. 1. 0. 1. 1. 1. 1. 1. 0. 1. 0. 1. 1.
  1. 1. 1. 1.]
 [1. 1. 1. 1. 1. 1. 1. 1. 1. 1. 1. 1. 1. 0. 1. 0. 1. 0. 1. 1. 1. 1. 1. 0.
  1. 1. 1. 1. 1. 1. 1. 0. 1. 1. 1. 1. 1. 1. 1. 1. 1. 1. 1. 1. 1. 1. 0. 1.
  1. 1. 0. 1. 0. 1. 1. 1. 1. 1. 1. 1. 1. 1. 1. 1. 1. 1. 1. 0. 1. 1. 1. 1.
  1. 0. 1. 1. 0. 1. 0. 1. 1. 1. 0. 1. 0. 1. 1. 1. 0. 1. 1. 1. 1. 1. 1. 0.
  1. 1. 1. 1.]
 [1. 1. 0. 1. 1. 1. 1. 1. 1. 1. 1. 1. 1. 1. 1. 0. 1. 1. 0. 1. 0. 1. 1. 1.
  1. 1. 1. 1. 1. 1. 1. 0. 1. 0. 1. 1. 1. 1. 1. 1. 1. 1. 1. 0. 0. 1. 1. 1.
  1. 1. 1. 1. 0. 1. 1. 1. 0. 0. 1. 1. 1. 1. 0. 1. 1. 1. 0. 1. 1. 1. 1. 1.
  1. 1. 1. 1. 1. 1. 0. 0. 0. 0. 1. 1. 1. 0. 1. 1. 1. 1. 1. 1. 1. 1. 1. 0.
  0. 1. 0. 1.]
 [1. 1. 0. 0. 1. 1. 1. 1. 0. 0. 1. 1. 1. 1. 1. 1. 1. 1. 1. 0. 1. 1. 1. 1.
  0. 1. 1. 1. 1. 1. 0. 1. 1. 1. 0. 1. 0. 1. 1. 1. 0. 0. 1. 1. 0. 1. 1. 1.
  0. 0. 1. 0. 1. 1. 1. 1. 1. 1. 1. 1. 1. 0. 1. 0. 1. 1. 1. 1. 1. 1. 1. 1.
  1. 1. 1. 1. 1. 1. 1. 0. 1. 0. 1. 0. 1. 1. 1. 1. 1. 1. 0. 1. 1. 1. 1. 1.
  1. 1. 1. 1.]
 [0. 1. 1. 0. 1. 1. 0. 1. 0. 1. 0. 1. 1. 1. 0. 1. 1. 1. 0. 1. 0. 0. 0. 0.
  0. 0. 0. 0. 0. 0. 0. 0. 0. 0. 0. 0. 0. 0. 0. 0. 0. 0. 0. 0. 0. 0. 0. 0.
  0. 0. 0. 0. 0. 0. 0. 0. 0. 0. 0. 0. 0. 0. 0. 0. 0. 0. 0. 0. 0. 0. 0. 0.
  0. 0. 0. 0. 0. 0. 0. 0. 0. 0. 0. 0. 0. 0. 0. 0. 0. 0. 0. 0. 0. 0. 0. 0.
  0. 0. 0. 0.]
 [1. 1. 1. 0. 1. 1. 1. 1. 0. 1. 1. 1. 1. 1. 0. 1. 1. 1. 1. 1. 0. 0. 0. 0.
  0. 0. 0. 0. 0. 0. 0. 0. 0. 0. 0. 0. 0. 0. 0. 0. 0. 0. 0. 0. 0. 0. 0. 0.
  0. 0. 0. 0. 0. 0. 0. 0. 0. 0. 0. 0. 0. 0. 0. 0. 0. 0. 0. 0. 0. 0. 0. 0.
  0. 0. 0. 0. 0. 0. 0. 0. 0. 0. 0. 0. 0. 0. 0. 0. 0. 0. 0. 0. 0. 0. 0. 0.
  0. 0. 0. 0.]
 [1. 1. 0. 1. 0. 1. 1. 1. 1. 1. 1. 1. 0. 1. 0. 1. 1. 1. 1. 1. 0. 0. 0. 0.
  0. 0. 0. 0. 0. 0. 0. 0. 0. 0. 0. 0. 0. 0. 0. 0. 0. 0. 0. 0. 0. 0. 0. 0.
  0. 0. 0. 0. 0. 0. 0. 0. 0. 0. 0. 0. 0. 0. 0. 0. 0. 0. 0. 0. 0. 0. 0. 0.
  0. 0. 0. 0. 0. 0. 0. 0. 0. 0. 0. 0. 0. 0. 0. 0. 0. 0. 0. 0. 0. 0. 0. 0.
  0. 0. 0. 0.]
 [1. 1. 1. 0. 1. 1. 0. 1. 1. 0. 0. 1. 0. 0. 1. 1. 1. 0. 1. 1. 0. 0. 0. 0.
  0. 0. 0. 0. 0. 0. 0. 0. 0. 0. 0. 0. 0. 0. 0. 0. 0. 0. 0. 0. 0. 0. 0. 0.
  0. 0. 0. 0. 0. 0. 0. 0. 0. 0. 0. 0. 0. 0. 0. 0. 0. 0. 0. 0. 0. 0. 0. 0.
  0. 0. 0. 0. 0. 0. 0. 0. 0. 0. 0. 0. 0. 0. 0. 0. 0. 0. 0. 0. 0. 0. 0. 0.
  0. 0. 0. 0.]
 [1. 1. 1. 1. 1. 0. 0. 0. 1. 1. 1. 1. 1. 0. 1. 1. 1. 1. 1. 0. 0. 0. 0. 0.
  0. 0. 0. 0. 0. 0. 0. 0. 0. 0. 0. 0. 0. 0. 0. 0. 0. 0. 0. 0. 0. 0. 0. 0.
  0. 0. 0. 0. 0. 0. 0. 0. 0. 0. 0. 0. 0. 0. 0. 0. 0. 0. 0. 0. 0. 0. 0. 0.
  0. 0. 0. 0. 0. 0. 0. 0. 0. 0. 0. 0. 0. 0. 0. 0. 0. 0. 0. 0. 0. 0. 0. 0.
  0. 0. 0. 0.]
 [1. 0. 0. 1. 1. 1. 1. 1. 1. 1. 0. 1. 1. 1. 1. 1. 1. 1. 1. 1. 0. 0. 0. 0.
  0. 0. 0. 0. 0. 0. 0. 0. 0. 0. 0. 0. 0. 0. 0. 0. 0. 0. 0. 0. 0. 0. 0. 0.
  0. 0. 0. 0. 0. 0. 0. 0. 0. 0. 0. 0. 0. 0. 0. 0. 0. 0. 0. 0. 0. 0. 0. 0.
  0. 0. 0. 0. 0. 0. 0. 0. 0. 0. 0. 0. 0. 0. 0. 0. 0. 0. 0. 0. 0. 0. 0. 0.
  0. 0. 0. 0.]
 [1. 1. 1. 1. 1. 1. 1. 1. 1. 1. 1. 1. 1. 1. 0. 1. 1. 1. 1. 1. 0. 0. 0. 0.
  0. 0. 0. 0. 0. 0. 0. 0. 0. 0. 0. 0. 0. 0. 0. 0. 0. 0. 0. 0. 0. 0. 0. 0.
  0. 0. 0. 0. 0. 0. 0. 0. 0. 0. 0. 0. 0. 0. 0. 0. 0. 0. 0. 0. 0. 0. 0. 0.
  0. 0. 0. 0. 0. 0. 0. 0. 0. 0. 0. 0. 0. 0. 0. 0. 0. 0. 0. 0. 0. 0. 0. 0.
  0. 0. 0. 0.]
 [1. 0. 0. 1. 1. 1. 1. 1. 1. 0. 1. 1. 1. 1. 1. 1. 1. 1. 1. 1. 0. 0. 0. 0.
  0. 0. 0. 0. 0. 0. 0. 0. 0. 0. 0. 0. 0. 0. 0. 0. 0. 0. 0. 0. 0. 0. 0. 0.
  0. 0. 0. 0. 0. 0. 0. 0. 0. 0. 0. 0. 0. 0. 0. 0. 0. 0. 0. 0. 0. 0. 0. 0.
  0. 0. 0. 0. 0. 0. 0. 0. 0. 0. 0. 0. 0. 0. 0. 0. 0. 0. 0. 0. 0. 0. 0. 0.
  0. 0. 0. 0.]
 [1. 1. 1. 1. 1. 1. 0. 1. 1. 1. 0. 1. 1. 1. 0. 1. 1. 1. 1. 1. 0. 0. 0. 0.
  0. 0. 0. 0. 0. 0. 0. 0. 0. 0. 0. 0. 0. 0. 0. 0. 0. 0. 0. 0. 0. 0. 0. 0.
  0. 0. 0. 0. 0. 0. 0. 0. 0. 0. 0. 0. 0. 0. 0. 0. 0. 0. 0. 0. 0. 0. 0. 0.
  0. 0. 0. 0. 0. 0. 0. 0. 0. 0. 0. 0. 0. 0. 0. 0. 0. 0. 0. 0. 0. 0. 0. 0.
  0. 0. 0. 0.]
 [0. 1. 1. 1. 1. 1. 1. 1. 1. 0. 0. 1. 1. 1. 0. 0. 1. 1. 1. 1. 0. 0. 0. 0.
  0. 0. 0. 0. 0. 0. 0. 0. 0. 0. 0. 0. 0. 0. 0. 0. 0. 0. 0. 0. 0. 0. 0. 0.
  0. 0. 0. 0. 0. 0. 0. 0. 0. 0. 0. 0. 0. 0. 0. 0. 0. 0. 0. 0. 0. 0. 0. 0.
  0. 0. 0. 0. 0. 0. 0. 0. 0. 0. 0. 0. 0. 0. 0. 0. 0. 0. 0. 0. 0. 0. 0. 0.
  0. 0. 0. 0.]
 [1. 0. 1. 1. 1. 1. 1. 1. 1. 1. 1. 1. 1. 1. 1. 0. 1. 1. 1. 0. 0. 0. 0. 0.
  0. 0. 0. 0. 0. 0. 0. 0. 0. 0. 0. 0. 0. 0. 0. 0. 0. 0. 0. 0. 0. 0. 0. 0.
  0. 0. 0. 0. 0. 0. 0. 0. 0. 0. 0. 0. 0. 0. 0. 0. 0. 0. 0. 0. 0. 0. 0. 0.
  0. 0. 0. 0. 0. 0. 0. 0. 0. 0. 0. 0. 0. 0. 0. 0. 0. 0. 0. 0. 0. 0. 0. 0.
  0. 0. 0. 0.]
 [1. 1. 0. 1. 0. 1. 1. 0. 0. 0. 1. 1. 1. 1. 1. 1. 1. 0. 0. 1. 0. 0. 0. 0.
  0. 0. 0. 0. 0. 0. 0. 0. 0. 0. 0. 0. 0. 0. 0. 0. 0. 0. 0. 0. 0. 0. 0. 0.
  0. 0. 0. 0. 0. 0. 0. 0. 0. 0. 0. 0. 0. 0. 0. 0. 0. 0. 0. 0. 0. 0. 0. 0.
  0. 0. 0. 0. 0. 0. 0. 0. 0. 0. 0. 0. 0. 0. 0. 0. 0. 0. 0. 0. 0. 0. 0. 0.
  0. 0. 0. 0.]
 [0. 1. 1. 1. 1. 0. 1. 1. 1. 1. 1. 1. 0. 1. 1. 1. 1. 1. 1. 1. 0. 0. 0. 0.
  0. 0. 0. 0. 0. 0. 0. 0. 0. 0. 0. 0. 0. 0. 0. 0. 0. 0. 0. 0. 0. 0. 0. 0.
  0. 0. 0. 0. 0. 0. 0. 0. 0. 0. 0. 0. 0. 0. 0. 0. 0. 0. 0. 0. 0. 0. 0. 0.
  0. 0. 0. 0. 0. 0. 0. 0. 0. 0. 0. 0. 0. 0. 0. 0. 0. 0. 0. 0. 0. 0. 0. 0.
  0. 0. 0. 0.]
 [1. 1. 1. 0. 1. 1. 1. 1. 1. 0. 1. 1. 0. 0. 0. 1. 0. 1. 0. 1. 0. 0. 0. 0.
  0. 0. 0. 0. 0. 0. 0. 0. 0. 0. 0. 0. 0. 0. 0. 0. 0. 0. 0. 0. 0. 0. 0. 0.
  0. 0. 0. 0. 0. 0. 0. 0. 0. 0. 0. 0. 0. 0. 0. 0. 0. 0. 0. 0. 0. 0. 0. 0.
  0. 0. 0. 0. 0. 0. 0. 0. 0. 0. 0. 0. 0. 0. 0. 0. 0. 0. 0. 0. 0. 0. 0. 0.
  0. 0. 0. 0.]
 [0. 1. 1. 1. 1. 0. 0. 1. 1. 1. 0. 1. 1. 0. 1. 1. 1. 1. 1. 0. 0. 0. 0. 0.
  0. 0. 0. 0. 0. 0. 0. 0. 0. 0. 0. 0. 0. 0. 0. 0. 0. 0. 0. 0. 0. 0. 0. 0.
  0. 0. 0. 0. 0. 0. 0. 0. 0. 0. 0. 0. 0. 0. 0. 0. 0. 0. 0. 0. 0. 0. 0. 0.
  0. 0. 0. 0. 0. 0. 0. 0. 0. 0. 0. 0. 0. 0. 0. 0. 0. 0. 0. 0. 0. 0. 0. 0.
  0. 0. 0. 0.]
 [0. 1. 1. 1. 0. 1. 1. 1. 1. 1. 1. 1. 1. 1. 0. 1. 1. 1. 1. 1. 0. 0. 0. 0.
  0. 0. 0. 0. 0. 0. 0. 0. 0. 0. 0. 0. 0. 0. 0. 0. 0. 0. 0. 0. 0. 0. 0. 0.
  0. 0. 0. 0. 0. 0. 0. 0. 0. 0. 0. 0. 0. 0. 0. 0. 0. 0. 0. 0. 0. 0. 0. 0.
  0. 0. 0. 0. 0. 0. 0. 0. 0. 0. 0. 0. 0. 0. 0. 0. 0. 0. 0. 0. 0. 0. 0. 0.
  0. 0. 0. 0.]
 [1. 1. 1. 1. 1. 0. 1. 1. 1. 1. 1. 0. 1. 1. 1. 0. 1. 1. 1. 0. 0. 0. 0. 0.
  0. 0. 0. 0. 0. 0. 0. 0. 0. 0. 0. 0. 0. 0. 0. 0. 0. 0. 0. 0. 0. 0. 0. 0.
  0. 0. 0. 0. 0. 0. 0. 0. 0. 0. 0. 0. 0. 0. 0. 0. 0. 0. 0. 0. 0. 0. 0. 0.
  0. 0. 0. 0. 0. 0. 0. 0. 0. 0. 0. 0. 0. 0. 0. 0. 0. 0. 0. 0. 0. 0. 0. 0.
  0. 0. 0. 0.]
 [0. 1. 0. 1. 0. 0. 1. 1. 1. 1. 0. 0. 0. 1. 0. 0. 1. 1. 1. 1. 0. 0. 0. 0.
  0. 0. 0. 0. 0. 0. 0. 0. 0. 0. 0. 0. 0. 0. 0. 0. 0. 0. 0. 0. 0. 0. 0. 0.
  0. 0. 0. 0. 0. 0. 0. 0. 0. 0. 0. 0. 0. 0. 0. 0. 0. 0. 0. 0. 0. 0. 0. 0.
  0. 0. 0. 0. 0. 0. 0. 0. 0. 0. 0. 0. 0. 0. 0. 0. 0. 0. 0. 0. 0. 0. 0. 0.
  0. 0. 0. 0.]
 [1. 1. 1. 0. 1. 1. 0. 1. 0. 0. 1. 0. 0. 1. 0. 1. 1. 1. 1. 1. 0. 0. 0. 0.
  0. 0. 0. 0. 0. 0. 0. 0. 0. 0. 0. 0. 0. 0. 0. 0. 0. 0. 0. 0. 0. 0. 0. 0.
  0. 0. 0. 0. 0. 0. 0. 0. 0. 0. 0. 0. 0. 0. 0. 0. 0. 0. 0. 0. 0. 0. 0. 0.
  0. 0. 0. 0. 0. 0. 0. 0. 0. 0. 0. 0. 0. 0. 0. 0. 0. 0. 0. 0. 0. 0. 0. 0.
  0. 0. 0. 0.]
 [1. 1. 0. 0. 1. 1. 1. 1. 1. 1. 1. 1. 1. 0. 1. 1. 0. 1. 1. 1. 0. 0. 0. 0.
  0. 0. 0. 0. 0. 0. 0. 0. 0. 0. 0. 0. 0. 0. 0. 0. 0. 0. 0. 0. 0. 0. 0. 0.
  0. 0. 0. 0. 0. 0. 0. 0. 0. 0. 0. 0. 0. 0. 0. 0. 0. 0. 0. 0. 0. 0. 0. 0.
  0. 0. 0. 0. 0. 0. 0. 0. 0. 0. 0. 0. 0. 0. 0. 0. 0. 0. 0. 0. 0. 0. 0. 0.
  0. 0. 0. 0.]
 [1. 0. 1. 1. 0. 1. 1. 0. 1. 1. 1. 1. 0. 1. 1. 1. 1. 1. 1. 0. 0. 0. 0. 0.
  0. 0. 0. 0. 0. 0. 0. 0. 0. 0. 0. 0. 0. 0. 0. 0. 0. 0. 0. 0. 0. 0. 0. 0.
  0. 0. 0. 0. 0. 0. 0. 0. 0. 0. 0. 0. 0. 0. 0. 0. 0. 0. 0. 0. 0. 0. 0. 0.
  0. 0. 0. 0. 0. 0. 0. 0. 0. 0. 0. 0. 0. 0. 0. 0. 0. 0. 0. 0. 0. 0. 0. 0.
  0. 0. 0. 0.]
 [0. 1. 0. 0. 1. 1. 0. 1. 0. 1. 1. 1. 1. 1. 1. 0. 1. 1. 1. 0. 0. 0. 0. 0.
  0. 0. 0. 0. 0. 0. 0. 0. 0. 0. 0. 0. 0. 0. 0. 0. 0. 0. 0. 0. 0. 0. 0. 0.
  0. 0. 0. 0. 0. 0. 0. 0. 0. 0. 0. 0. 0. 0. 0. 0. 0. 0. 0. 0. 0. 0. 0. 0.
  0. 0. 0. 0. 0. 0. 0. 0. 0. 0. 0. 0. 0. 0. 0. 0. 0. 0. 0. 0. 0. 0. 0. 0.
  0. 0. 0. 0.]
 [1. 1. 1. 1. 1. 1. 1. 1. 0. 1. 1. 1. 1. 0. 1. 1. 1. 1. 1. 1. 0. 0. 0. 0.
  0. 0. 0. 0. 0. 0. 0. 0. 0. 0. 0. 0. 0. 0. 0. 0. 0. 0. 0. 0. 0. 0. 0. 0.
  0. 0. 0. 0. 0. 0. 0. 0. 0. 0. 0. 0. 0. 0. 0. 0. 0. 0. 0. 0. 0. 0. 0. 0.
  0. 0. 0. 0. 0. 0. 0. 0. 0. 0. 0. 0. 0. 0. 0. 0. 0. 0. 0. 0. 0. 0. 0. 0.
  0. 0. 0. 0.]
 [1. 1. 0. 0. 1. 1. 0. 1. 1. 0. 1. 1. 1. 1. 1. 1. 1. 1. 0. 1. 0. 0. 0. 0.
  0. 0. 0. 0. 0. 0. 0. 0. 0. 0. 0. 0. 0. 0. 0. 0. 0. 0. 0. 0. 0. 0. 0. 0.
  0. 0. 0. 0. 0. 0. 0. 0. 0. 0. 0. 0. 0. 0. 0. 0. 0. 0. 0. 0. 0. 0. 0. 0.
  0. 0. 0. 0. 0. 0. 0. 0. 0. 0. 0. 0. 0. 0. 0. 0. 0. 0. 0. 0. 0. 0. 0. 0.
  0. 0. 0. 0.]
 [1. 1. 1. 1. 1. 1. 1. 1. 1. 1. 1. 0. 1. 1. 1. 0. 0. 1. 0. 0. 0. 0. 0. 0.
  0. 0. 0. 0. 0. 0. 0. 0. 0. 0. 0. 0. 0. 0. 0. 0. 0. 0. 0. 0. 0. 0. 0. 0.
  0. 0. 0. 0. 0. 0. 0. 0. 0. 0. 0. 0. 0. 0. 0. 0. 0. 0. 0. 0. 0. 0. 0. 0.
  0. 0. 0. 0. 0. 0. 0. 0. 0. 0. 0. 0. 0. 0. 0. 0. 0. 0. 0. 0. 0. 0. 0. 0.
  0. 0. 0. 0.]
 [1. 1. 1. 1. 1. 1. 1. 1. 1. 1. 1. 1. 1. 1. 1. 1. 1. 1. 1. 1. 0. 0. 0. 0.
  0. 0. 0. 0. 0. 0. 0. 0. 0. 0. 0. 0. 0. 0. 0. 0. 0. 0. 0. 0. 0. 0. 0. 0.
  0. 0. 0. 0. 0. 0. 0. 0. 0. 0. 0. 0. 0. 0. 0. 0. 0. 0. 0. 0. 0. 0. 0. 0.
  0. 0. 0. 0. 0. 0. 0. 0. 0. 0. 0. 0. 0. 0. 0. 0. 0. 0. 0. 0. 0. 0. 0. 0.
  0. 0. 0. 0.]
 [1. 1. 1. 0. 0. 1. 1. 0. 1. 1. 1. 1. 1. 1. 1. 1. 1. 0. 1. 1. 0. 0. 0. 0.
  0. 0. 0. 0. 0. 0. 0. 0. 0. 0. 0. 0. 0. 0. 0. 0. 0. 0. 0. 0. 0. 0. 0. 0.
  0. 0. 0. 0. 0. 0. 0. 0. 0. 0. 0. 0. 0. 0. 0. 0. 0. 0. 0. 0. 0. 0. 0. 0.
  0. 0. 0. 0. 0. 0. 0. 0. 0. 0. 0. 0. 0. 0. 0. 0. 0. 0. 0. 0. 0. 0. 0. 0.
  0. 0. 0. 0.]
 [1. 0. 0. 1. 1. 1. 0. 1. 1. 1. 1. 0. 1. 1. 1. 1. 1. 1. 1. 1. 0. 0. 0. 0.
  0. 0. 0. 0. 0. 0. 0. 0. 0. 0. 0. 0. 0. 0. 0. 0. 0. 0. 0. 0. 0. 0. 0. 0.
  0. 0. 0. 0. 0. 0. 0. 0. 0. 0. 0. 0. 0. 0. 0. 0. 0. 0. 0. 0. 0. 0. 0. 0.
  0. 0. 0. 0. 0. 0. 0. 0. 0. 0. 0. 0. 0. 0. 0. 0. 0. 0. 0. 0. 0. 0. 0. 0.
  0. 0. 0. 0.]
 [1. 1. 1. 1. 0. 0. 1. 1. 1. 0. 1. 0. 1. 1. 0. 0. 0. 1. 1. 0. 0. 0. 0. 0.
  0. 0. 0. 0. 0. 0. 0. 0. 0. 0. 0. 0. 0. 0. 0. 0. 0. 0. 0. 0. 0. 0. 0. 0.
  0. 0. 0. 0. 0. 0. 0. 0. 0. 0. 0. 0. 0. 0. 0. 0. 0. 0. 0. 0. 0. 0. 0. 0.
  0. 0. 0. 0. 0. 0. 0. 0. 0. 0. 0. 0. 0. 0. 0. 0. 0. 0. 0. 0. 0. 0. 0. 0.
  0. 0. 0. 0.]
 [1. 1. 1. 1. 1. 1. 1. 0. 0. 0. 1. 1. 1. 0. 1. 0. 1. 1. 1. 0. 0. 0. 0. 0.
  0. 0. 0. 0. 0. 0. 0. 0. 0. 0. 0. 0. 0. 0. 0. 0. 0. 0. 0. 0. 0. 0. 0. 0.
  0. 0. 0. 0. 0. 0. 0. 0. 0. 0. 0. 0. 0. 0. 0. 0. 0. 0. 0. 0. 0. 0. 0. 0.
  0. 0. 0. 0. 0. 0. 0. 0. 0. 0. 0. 0. 0. 0. 0. 0. 0. 0. 0. 0. 0. 0. 0. 0.
  0. 0. 0. 0.]
 [1. 1. 0. 1. 1. 1. 1. 1. 1. 1. 0. 1. 1. 1. 1. 1. 1. 0. 1. 1. 0. 0. 0. 0.
  0. 0. 0. 0. 0. 0. 0. 0. 0. 0. 0. 0. 0. 0. 0. 0. 0. 0. 0. 0. 0. 0. 0. 0.
  0. 0. 0. 0. 0. 0. 0. 0. 0. 0. 0. 0. 0. 0. 0. 0. 0. 0. 0. 0. 0. 0. 0. 0.
  0. 0. 0. 0. 0. 0. 0. 0. 0. 0. 0. 0. 0. 0. 0. 0. 0. 0. 0. 0. 0. 0. 0. 0.
  0. 0. 0. 0.]
 [0. 0. 1. 1. 1. 0. 1. 1. 1. 1. 1. 1. 1. 1. 1. 1. 1. 1. 1. 0. 0. 0. 0. 0.
  0. 0. 0. 0. 0. 0. 0. 0. 0. 0. 0. 0. 0. 0. 0. 0. 0. 0. 0. 0. 0. 0. 0. 0.
  0. 0. 0. 0. 0. 0. 0. 0. 0. 0. 0. 0. 0. 0. 0. 0. 0. 0. 0. 0. 0. 0. 0. 0.
  0. 0. 0. 0. 0. 0. 0. 0. 0. 0. 0. 0. 0. 0. 0. 0. 0. 0. 0. 0. 0. 0. 0. 0.
  0. 0. 0. 0.]
 [1. 1. 1. 1. 1. 0. 1. 1. 0. 1. 1. 1. 1. 1. 1. 1. 1. 0. 0. 1. 0. 0. 0. 0.
  0. 0. 0. 0. 0. 0. 0. 0. 0. 0. 0. 0. 0. 0. 0. 0. 0. 0. 0. 0. 0. 0. 0. 0.
  0. 0. 0. 0. 0. 0. 0. 0. 0. 0. 0. 0. 0. 0. 0. 0. 0. 0. 0. 0. 0. 0. 0. 0.
  0. 0. 0. 0. 0. 0. 0. 0. 0. 0. 0. 0. 0. 0. 0. 0. 0. 0. 0. 0. 0. 0. 0. 0.
  0. 0. 0. 0.]
 [1. 1. 0. 1. 1. 1. 1. 1. 1. 1. 1. 1. 1. 1. 1. 1. 1. 1. 1. 1. 0. 0. 0. 0.
  0. 0. 0. 0. 0. 0. 0. 0. 0. 0. 0. 0. 0. 0. 0. 0. 0. 0. 0. 0. 0. 0. 0. 0.
  0. 0. 0. 0. 0. 0. 0. 0. 0. 0. 0. 0. 0. 0. 0. 0. 0. 0. 0. 0. 0. 0. 0. 0.
  0. 0. 0. 0. 0. 0. 0. 0. 0. 0. 0. 0. 0. 0. 0. 0. 0. 0. 0. 0. 0. 0. 0. 0.
  0. 0. 0. 0.]
 [1. 1. 1. 1. 0. 0. 1. 1. 1. 1. 0. 1. 1. 1. 1. 1. 1. 1. 1. 1. 0. 0. 0. 0.
  0. 0. 0. 0. 0. 0. 0. 0. 0. 0. 0. 0. 0. 0. 0. 0. 0. 0. 0. 0. 0. 0. 0. 0.
  0. 0. 0. 0. 0. 0. 0. 0. 0. 0. 0. 0. 0. 0. 0. 0. 0. 0. 0. 0. 0. 0. 0. 0.
  0. 0. 0. 0. 0. 0. 0. 0. 0. 0. 0. 0. 0. 0. 0. 0. 0. 0. 0. 0. 0. 0. 0. 0.
  0. 0. 0. 0.]
 [1. 1. 1. 1. 1. 1. 1. 1. 1. 1. 1. 1. 1. 1. 1. 1. 0. 1. 1. 1. 0. 0. 0. 0.
  0. 0. 0. 0. 0. 0. 0. 0. 0. 0. 0. 0. 0. 0. 0. 0. 0. 0. 0. 0. 0. 0. 0. 0.
  0. 0. 0. 0. 0. 0. 0. 0. 0. 0. 0. 0. 0. 0. 0. 0. 0. 0. 0. 0. 0. 0. 0. 0.
  0. 0. 0. 0. 0. 0. 0. 0. 0. 0. 0. 0. 0. 0. 0. 0. 0. 0. 0. 0. 0. 0. 0. 0.
  0. 0. 0. 0.]
 [1. 1. 1. 1. 0. 1. 1. 1. 1. 1. 1. 1. 1. 0. 1. 1. 1. 1. 0. 1. 0. 0. 0. 0.
  0. 0. 0. 0. 0. 0. 0. 0. 0. 0. 0. 0. 0. 0. 0. 0. 0. 0. 0. 0. 0. 0. 0. 0.
  0. 0. 0. 0. 0. 0. 0. 0. 0. 0. 0. 0. 0. 0. 0. 0. 0. 0. 0. 0. 0. 0. 0. 0.
  0. 0. 0. 0. 0. 0. 0. 0. 0. 0. 0. 0. 0. 0. 0. 0. 0. 0. 0. 0. 0. 0. 0. 0.
  0. 0. 0. 0.]
 [1. 1. 0. 1. 1. 1. 1. 1. 1. 0. 1. 1. 1. 1. 1. 1. 0. 1. 0. 1. 0. 0. 0. 0.
  0. 0. 0. 0. 0. 0. 0. 0. 0. 0. 0. 0. 0. 0. 0. 0. 0. 0. 0. 0. 0. 0. 0. 0.
  0. 0. 0. 0. 0. 0. 0. 0. 0. 0. 0. 0. 0. 0. 0. 0. 0. 0. 0. 0. 0. 0. 0. 0.
  0. 0. 0. 0. 0. 0. 0. 0. 0. 0. 0. 0. 0. 0. 0. 0. 0. 0. 0. 0. 0. 0. 0. 0.
  0. 0. 0. 0.]
 [1. 1. 1. 1. 0. 1. 1. 1. 1. 1. 1. 1. 1. 1. 1. 1. 1. 1. 1. 1. 0. 0. 0. 0.
  0. 0. 0. 0. 0. 0. 0. 0. 0. 0. 0. 0. 0. 0. 0. 0. 0. 0. 0. 0. 0. 0. 0. 0.
  0. 0. 0. 0. 0. 0. 0. 0. 0. 0. 0. 0. 0. 0. 0. 0. 0. 0. 0. 0. 0. 0. 0. 0.
  0. 0. 0. 0. 0. 0. 0. 0. 0. 0. 0. 0. 0. 0. 0. 0. 0. 0. 0. 0. 0. 0. 0. 0.
  0. 0. 0. 0.]
 [1. 0. 1. 1. 0. 1. 1. 1. 1. 1. 1. 1. 1. 1. 0. 1. 1. 1. 1. 1. 0. 0. 0. 0.
  0. 0. 0. 0. 0. 0. 0. 0. 0. 0. 0. 0. 0. 0. 0. 0. 0. 0. 0. 0. 0. 0. 0. 0.
  0. 0. 0. 0. 0. 0. 0. 0. 0. 0. 0. 0. 0. 0. 0. 0. 0. 0. 0. 0. 0. 0. 0. 0.
  0. 0. 0. 0. 0. 0. 0. 0. 0. 0. 0. 0. 0. 0. 0. 0. 0. 0. 0. 0. 0. 0. 0. 0.
  0. 0. 0. 0.]
 [0. 1. 1. 1. 0. 1. 0. 1. 1. 0. 1. 0. 1. 1. 1. 1. 1. 1. 1. 1. 0. 0. 0. 0.
  0. 0. 0. 0. 0. 0. 0. 0. 0. 0. 0. 0. 0. 0. 0. 0. 0. 0. 0. 0. 0. 0. 0. 0.
  0. 0. 0. 0. 0. 0. 0. 0. 0. 0. 0. 0. 0. 0. 0. 0. 0. 0. 0. 0. 0. 0. 0. 0.
  0. 0. 0. 0. 0. 0. 0. 0. 0. 0. 0. 0. 0. 0. 0. 0. 0. 0. 0. 0. 0. 0. 0. 0.
  0. 0. 0. 0.]
 [1. 1. 0. 1. 1. 1. 0. 1. 1. 1. 1. 0. 1. 1. 1. 1. 1. 1. 1. 0. 0. 0. 0. 0.
  0. 0. 0. 0. 0. 0. 0. 0. 0. 0. 0. 0. 0. 0. 0. 0. 0. 0. 0. 0. 0. 0. 0. 0.
  0. 0. 0. 0. 0. 0. 0. 0. 0. 0. 0. 0. 0. 0. 0. 0. 0. 0. 0. 0. 0. 0. 0. 0.
  0. 0. 0. 0. 0. 0. 0. 0. 0. 0. 0. 0. 0. 0. 0. 0. 0. 0. 0. 0. 0. 0. 0. 0.
  0. 0. 0. 0.]
 [1. 1. 1. 1. 0. 0. 1. 1. 1. 1. 0. 0. 1. 0. 1. 1. 0. 1. 0. 1. 0. 0. 0. 0.
  0. 0. 0. 0. 0. 0. 0. 0. 0. 0. 0. 0. 0. 0. 0. 0. 0. 0. 0. 0. 0. 0. 0. 0.
  0. 0. 0. 0. 0. 0. 0. 0. 0. 0. 0. 0. 0. 0. 0. 0. 0. 0. 0. 0. 0. 0. 0. 0.
  0. 0. 0. 0. 0. 0. 0. 0. 0. 0. 0. 0. 0. 0. 0. 0. 0. 0. 0. 0. 0. 0. 0. 0.
  0. 0. 0. 0.]
 [1. 1. 1. 1. 1. 1. 1. 1. 1. 0. 0. 1. 1. 0. 1. 1. 1. 1. 1. 0. 0. 0. 0. 0.
  0. 0. 0. 0. 0. 0. 0. 0. 0. 0. 0. 0. 0. 0. 0. 0. 0. 0. 0. 0. 0. 0. 0. 0.
  0. 0. 0. 0. 0. 0. 0. 0. 0. 0. 0. 0. 0. 0. 0. 0. 0. 0. 0. 0. 0. 0. 0. 0.
  0. 0. 0. 0. 0. 0. 0. 0. 0. 0. 0. 0. 0. 0. 0. 0. 0. 0. 0. 0. 0. 0. 0. 0.
  0. 0. 0. 0.]
 [1. 1. 1. 1. 1. 1. 1. 1. 1. 1. 0. 1. 1. 1. 1. 1. 1. 1. 1. 1. 0. 0. 0. 0.
  0. 0. 0. 0. 0. 0. 0. 0. 0. 0. 0. 0. 0. 0. 0. 0. 0. 0. 0. 0. 0. 0. 0. 0.
  0. 0. 0. 0. 0. 0. 0. 0. 0. 0. 0. 0. 0. 0. 0. 0. 0. 0. 0. 0. 0. 0. 0. 0.
  0. 0. 0. 0. 0. 0. 0. 0. 0. 0. 0. 0. 0. 0. 0. 0. 0. 0. 0. 0. 0. 0. 0. 0.
  0. 0. 0. 0.]
 [1. 1. 1. 0. 1. 1. 1. 1. 1. 1. 1. 1. 1. 1. 0. 1. 0. 1. 1. 1. 0. 0. 0. 0.
  0. 0. 0. 0. 0. 0. 0. 0. 0. 0. 0. 0. 0. 0. 0. 0. 0. 0. 0. 0. 0. 0. 0. 0.
  0. 0. 0. 0. 0. 0. 0. 0. 0. 0. 0. 0. 0. 0. 0. 0. 0. 0. 0. 0. 0. 0. 0. 0.
  0. 0. 0. 0. 0. 0. 0. 0. 0. 0. 0. 0. 0. 0. 0. 0. 0. 0. 0. 0. 0. 0. 0. 0.
  0. 0. 0. 0.]
 [1. 1. 1. 1. 0. 1. 1. 1. 1. 1. 1. 0. 0. 0. 1. 1. 1. 1. 0. 1. 0. 0. 0. 0.
  0. 0. 0. 0. 0. 0. 0. 0. 0. 0. 0. 0. 0. 0. 0. 0. 0. 0. 0. 0. 0. 0. 0. 0.
  0. 0. 0. 0. 0. 0. 0. 0. 0. 0. 0. 0. 0. 0. 0. 0. 0. 0. 0. 0. 0. 0. 0. 0.
  0. 0. 0. 0. 0. 0. 0. 0. 0. 0. 0. 0. 0. 0. 0. 0. 0. 0. 0. 0. 0. 0. 0. 0.
  0. 0. 0. 0.]
 [1. 1. 1. 1. 0. 1. 1. 1. 1. 0. 1. 1. 1. 1. 1. 1. 0. 0. 1. 1. 0. 0. 0. 0.
  0. 0. 0. 0. 0. 0. 0. 0. 0. 0. 0. 0. 0. 0. 0. 0. 0. 0. 0. 0. 0. 0. 0. 0.
  0. 0. 0. 0. 0. 0. 0. 0. 0. 0. 0. 0. 0. 0. 0. 0. 0. 0. 0. 0. 0. 0. 0. 0.
  0. 0. 0. 0. 0. 0. 0. 0. 0. 0. 0. 0. 0. 0. 0. 0. 0. 0. 0. 0. 0. 0. 0. 0.
  0. 0. 0. 0.]
 [0. 1. 1. 1. 0. 1. 1. 1. 1. 0. 1. 1. 1. 0. 0. 1. 1. 1. 1. 1. 0. 0. 0. 0.
  0. 0. 0. 0. 0. 0. 0. 0. 0. 0. 0. 0. 0. 0. 0. 0. 0. 0. 0. 0. 0. 0. 0. 0.
  0. 0. 0. 0. 0. 0. 0. 0. 0. 0. 0. 0. 0. 0. 0. 0. 0. 0. 0. 0. 0. 0. 0. 0.
  0. 0. 0. 0. 0. 0. 0. 0. 0. 0. 0. 0. 0. 0. 0. 0. 0. 0. 0. 0. 0. 0. 0. 0.
  0. 0. 0. 0.]
 [1. 0. 1. 1. 1. 1. 1. 1. 0. 0. 1. 0. 0. 1. 1. 1. 0. 1. 1. 1. 0. 0. 0. 0.
  0. 0. 0. 0. 0. 0. 0. 0. 0. 0. 0. 0. 0. 0. 0. 0. 0. 0. 0. 0. 0. 0. 0. 0.
  0. 0. 0. 0. 0. 0. 0. 0. 0. 0. 0. 0. 0. 0. 0. 0. 0. 0. 0. 0. 0. 0. 0. 0.
  0. 0. 0. 0. 0. 0. 0. 0. 0. 0. 0. 0. 0. 0. 0. 0. 0. 0. 0. 0. 0. 0. 0. 0.
  0. 0. 0. 0.]
 [0. 0. 1. 0. 1. 1. 1. 1. 1. 1. 1. 1. 1. 1. 0. 1. 1. 1. 1. 1. 0. 0. 0. 0.
  0. 0. 0. 0. 0. 0. 0. 0. 0. 0. 0. 0. 0. 0. 0. 0. 0. 0. 0. 0. 0. 0. 0. 0.
  0. 0. 0. 0. 0. 0. 0. 0. 0. 0. 0. 0. 0. 0. 0. 0. 0. 0. 0. 0. 0. 0. 0. 0.
  0. 0. 0. 0. 0. 0. 0. 0. 0. 0. 0. 0. 0. 0. 0. 0. 0. 0. 0. 0. 0. 0. 0. 0.
  0. 0. 0. 0.]
 [1. 1. 0. 1. 0. 1. 0. 1. 1. 1. 1. 1. 1. 1. 1. 1. 1. 1. 1. 1. 0. 0. 0. 0.
  0. 0. 0. 0. 0. 0. 0. 0. 0. 0. 0. 0. 0. 0. 0. 0. 0. 0. 0. 0. 0. 0. 0. 0.
  0. 0. 0. 0. 0. 0. 0. 0. 0. 0. 0. 0. 0. 0. 0. 0. 0. 0. 0. 0. 0. 0. 0. 0.
  0. 0. 0. 0. 0. 0. 0. 0. 0. 0. 0. 0. 0. 0. 0. 0. 0. 0. 0. 0. 0. 0. 0. 0.
  0. 0. 0. 0.]
 [1. 1. 1. 1. 1. 1. 0. 1. 1. 1. 1. 1. 1. 1. 1. 1. 0. 1. 1. 1. 0. 0. 0. 0.
  0. 0. 0. 0. 0. 0. 0. 0. 0. 0. 0. 0. 0. 0. 0. 0. 0. 0. 0. 0. 0. 0. 0. 0.
  0. 0. 0. 0. 0. 0. 0. 0. 0. 0. 0. 0. 0. 0. 0. 0. 0. 0. 0. 0. 0. 0. 0. 0.
  0. 0. 0. 0. 0. 0. 0. 0. 0. 0. 0. 0. 0. 0. 0. 0. 0. 0. 0. 0. 0. 0. 0. 0.
  0. 0. 0. 0.]
 [1. 1. 0. 1. 1. 1. 1. 1. 1. 1. 1. 1. 1. 0. 1. 1. 1. 0. 1. 1. 0. 0. 0. 0.
  0. 0. 0. 0. 0. 0. 0. 0. 0. 0. 0. 0. 0. 0. 0. 0. 0. 0. 0. 0. 0. 0. 0. 0.
  0. 0. 0. 0. 0. 0. 0. 0. 0. 0. 0. 0. 0. 0. 0. 0. 0. 0. 0. 0. 0. 0. 0. 0.
  0. 0. 0. 0. 0. 0. 0. 0. 0. 0. 0. 0. 0. 0. 0. 0. 0. 0. 0. 0. 0. 0. 0. 0.
  0. 0. 0. 0.]
 [1. 1. 1. 1. 1. 0. 1. 0. 1. 1. 1. 1. 1. 1. 0. 1. 1. 1. 1. 1. 0. 0. 0. 0.
  0. 0. 0. 0. 0. 0. 0. 0. 0. 0. 0. 0. 0. 0. 0. 0. 0. 0. 0. 0. 0. 0. 0. 0.
  0. 0. 0. 0. 0. 0. 0. 0. 0. 0. 0. 0. 0. 0. 0. 0. 0. 0. 0. 0. 0. 0. 0. 0.
  0. 0. 0. 0. 0. 0. 0. 0. 0. 0. 0. 0. 0. 0. 0. 0. 0. 0. 0. 0. 0. 0. 0. 0.
  0. 0. 0. 0.]
 [1. 1. 0. 1. 1. 1. 1. 1. 1. 1. 0. 0. 1. 1. 1. 1. 1. 1. 1. 1. 0. 0. 0. 0.
  0. 0. 0. 0. 0. 0. 0. 0. 0. 0. 0. 0. 0. 0. 0. 0. 0. 0. 0. 0. 0. 0. 0. 0.
  0. 0. 0. 0. 0. 0. 0. 0. 0. 0. 0. 0. 0. 0. 0. 0. 0. 0. 0. 0. 0. 0. 0. 0.
  0. 0. 0. 0. 0. 0. 0. 0. 0. 0. 0. 0. 0. 0. 0. 0. 0. 0. 0. 0. 0. 0. 0. 0.
  0. 0. 0. 0.]
 [0. 1. 1. 1. 0. 0. 1. 1. 1. 1. 1. 1. 1. 1. 0. 1. 1. 0. 1. 1. 0. 0. 0. 0.
  0. 0. 0. 0. 0. 0. 0. 0. 0. 0. 0. 0. 0. 0. 0. 0. 0. 0. 0. 0. 0. 0. 0. 0.
  0. 0. 0. 0. 0. 0. 0. 0. 0. 0. 0. 0. 0. 0. 0. 0. 0. 0. 0. 0. 0. 0. 0. 0.
  0. 0. 0. 0. 0. 0. 0. 0. 0. 0. 0. 0. 0. 0. 0. 0. 0. 0. 0. 0. 0. 0. 0. 0.
  0. 0. 0. 0.]
 [0. 1. 0. 1. 1. 0. 0. 1. 1. 1. 1. 1. 1. 1. 1. 1. 1. 1. 1. 1. 0. 0. 0. 0.
  0. 0. 0. 0. 0. 0. 0. 0. 0. 0. 0. 0. 0. 0. 0. 0. 0. 0. 0. 0. 0. 0. 0. 0.
  0. 0. 0. 0. 0. 0. 0. 0. 0. 0. 0. 0. 0. 0. 0. 0. 0. 0. 0. 0. 0. 0. 0. 0.
  0. 0. 0. 0. 0. 0. 0. 0. 0. 0. 0. 0. 0. 0. 0. 0. 0. 0. 0. 0. 0. 0. 0. 0.
  0. 0. 0. 0.]
 [1. 1. 1. 1. 1. 1. 1. 0. 1. 1. 1. 1. 1. 1. 1. 0. 0. 0. 0. 1. 0. 0. 0. 0.
  0. 0. 0. 0. 0. 0. 0. 0. 0. 0. 0. 0. 0. 0. 0. 0. 0. 0. 0. 0. 0. 0. 0. 0.
  0. 0. 0. 0. 0. 0. 0. 0. 0. 0. 0. 0. 0. 0. 0. 0. 0. 0. 0. 0. 0. 0. 0. 0.
  0. 0. 0. 0. 0. 0. 0. 0. 0. 0. 0. 0. 0. 0. 0. 0. 0. 0. 0. 0. 0. 0. 0. 0.
  0. 0. 0. 0.]
 [1. 1. 1. 0. 1. 1. 0. 1. 1. 1. 1. 1. 1. 0. 1. 1. 0. 1. 0. 0. 0. 0. 0. 0.
  0. 0. 0. 0. 0. 0. 0. 0. 0. 0. 0. 0. 0. 0. 0. 0. 0. 0. 0. 0. 0. 0. 0. 0.
  0. 0. 0. 0. 0. 0. 0. 0. 0. 0. 0. 0. 0. 0. 0. 0. 0. 0. 0. 0. 0. 0. 0. 0.
  0. 0. 0. 0. 0. 0. 0. 0. 0. 0. 0. 0. 0. 0. 0. 0. 0. 0. 0. 0. 0. 0. 0. 0.
  0. 0. 0. 0.]
 [1. 1. 1. 1. 0. 1. 1. 1. 0. 0. 1. 1. 1. 1. 1. 1. 1. 1. 0. 1. 0. 0. 0. 0.
  0. 0. 0. 0. 0. 0. 0. 0. 0. 0. 0. 0. 0. 0. 0. 0. 0. 0. 0. 0. 0. 0. 0. 0.
  0. 0. 0. 0. 0. 0. 0. 0. 0. 0. 0. 0. 0. 0. 0. 0. 0. 0. 0. 0. 0. 0. 0. 0.
  0. 0. 0. 0. 0. 0. 0. 0. 0. 0. 0. 0. 0. 0. 0. 0. 0. 0. 0. 0. 0. 0. 0. 0.
  0. 0. 0. 0.]
 [1. 1. 0. 1. 1. 1. 1. 1. 1. 1. 1. 1. 1. 1. 0. 1. 1. 1. 0. 0. 0. 0. 0. 0.
  0. 0. 0. 0. 0. 0. 0. 0. 0. 0. 0. 0. 0. 0. 0. 0. 0. 0. 0. 0. 0. 0. 0. 0.
  0. 0. 0. 0. 0. 0. 0. 0. 0. 0. 0. 0. 0. 0. 0. 0. 0. 0. 0. 0. 0. 0. 0. 0.
  0. 0. 0. 0. 0. 0. 0. 0. 0. 0. 0. 0. 0. 0. 0. 0. 0. 0. 0. 0. 0. 0. 0. 0.
  0. 0. 0. 0.]
 [1. 1. 0. 1. 1. 1. 1. 1. 0. 1. 1. 1. 1. 1. 1. 1. 1. 0. 1. 1. 0. 0. 0. 0.
  0. 0. 0. 0. 0. 0. 0. 0. 0. 0. 0. 0. 0. 0. 0. 0. 0. 0. 0. 0. 0. 0. 0. 0.
  0. 0. 0. 0. 0. 0. 0. 0. 0. 0. 0. 0. 0. 0. 0. 0. 0. 0. 0. 0. 0. 0. 0. 0.
  0. 0. 0. 0. 0. 0. 0. 0. 0. 0. 0. 0. 0. 0. 0. 0. 0. 0. 0. 0. 0. 0. 0. 0.
  0. 0. 0. 0.]
 [1. 1. 1. 1. 1. 0. 1. 1. 0. 0. 1. 1. 0. 1. 0. 1. 1. 1. 1. 0. 0. 0. 0. 0.
  0. 0. 0. 0. 0. 0. 0. 0. 0. 0. 0. 0. 0. 0. 0. 0. 0. 0. 0. 0. 0. 0. 0. 0.
  0. 0. 0. 0. 0. 0. 0. 0. 0. 0. 0. 0. 0. 0. 0. 0. 0. 0. 0. 0. 0. 0. 0. 0.
  0. 0. 0. 0. 0. 0. 0. 0. 0. 0. 0. 0. 0. 0. 0. 0. 0. 0. 0. 0. 0. 0. 0. 0.
  0. 0. 0. 0.]
 [1. 1. 1. 1. 1. 1. 1. 1. 1. 1. 0. 0. 0. 1. 1. 0. 1. 0. 1. 1. 0. 0. 0. 0.
  0. 0. 0. 0. 0. 0. 0. 0. 0. 0. 0. 0. 0. 0. 0. 0. 0. 0. 0. 0. 0. 0. 0. 0.
  0. 0. 0. 0. 0. 0. 0. 0. 0. 0. 0. 0. 0. 0. 0. 0. 0. 0. 0. 0. 0. 0. 0. 0.
  0. 0. 0. 0. 0. 0. 0. 0. 0. 0. 0. 0. 0. 0. 0. 0. 0. 0. 0. 0. 0. 0. 0. 0.
  0. 0. 0. 0.]
 [0. 1. 0. 1. 0. 1. 1. 1. 0. 0. 1. 0. 1. 1. 0. 1. 0. 1. 0. 1. 0. 0. 0. 0.
  0. 0. 0. 0. 0. 0. 0. 0. 0. 0. 0. 0. 0. 0. 0. 0. 0. 0. 0. 0. 0. 0. 0. 0.
  0. 0. 0. 0. 0. 0. 0. 0. 0. 0. 0. 0. 0. 0. 0. 0. 0. 0. 0. 0. 0. 0. 0. 0.
  0. 0. 0. 0. 0. 0. 0. 0. 0. 0. 0. 0. 0. 0. 0. 0. 0. 0. 0. 0. 0. 0. 0. 0.
  0. 0. 0. 0.]
 [1. 1. 0. 1. 1. 1. 0. 1. 1. 1. 1. 1. 1. 1. 1. 1. 1. 1. 1. 1. 0. 0. 0. 0.
  0. 0. 0. 0. 0. 0. 0. 0. 0. 0. 0. 0. 0. 0. 0. 0. 0. 0. 0. 0. 0. 0. 0. 0.
  0. 0. 0. 0. 0. 0. 0. 0. 0. 0. 0. 0. 0. 0. 0. 0. 0. 0. 0. 0. 0. 0. 0. 0.
  0. 0. 0. 0. 0. 0. 0. 0. 0. 0. 0. 0. 0. 0. 0. 0. 0. 0. 0. 0. 0. 0. 0. 0.
  0. 0. 0. 0.]
 [1. 1. 0. 1. 1. 1. 1. 1. 1. 0. 1. 1. 1. 0. 1. 1. 1. 1. 1. 1. 0. 0. 0. 0.
  0. 0. 0. 0. 0. 0. 0. 0. 0. 0. 0. 0. 0. 0. 0. 0. 0. 0. 0. 0. 0. 0. 0. 0.
  0. 0. 0. 0. 0. 0. 0. 0. 0. 0. 0. 0. 0. 0. 0. 0. 0. 0. 0. 0. 0. 0. 0. 0.
  0. 0. 0. 0. 0. 0. 0. 0. 0. 0. 0. 0. 0. 0. 0. 0. 0. 0. 0. 0. 0. 0. 0. 0.
  0. 0. 0. 0.]
 [0. 1. 1. 1. 1. 1. 1. 1. 0. 1. 1. 1. 1. 1. 1. 1. 1. 0. 1. 1. 0. 0. 0. 0.
  0. 0. 0. 0. 0. 0. 0. 0. 0. 0. 0. 0. 0. 0. 0. 0. 0. 0. 0. 0. 0. 0. 0. 0.
  0. 0. 0. 0. 0. 0. 0. 0. 0. 0. 0. 0. 0. 0. 0. 0. 0. 0. 0. 0. 0. 0. 0. 0.
  0. 0. 0. 0. 0. 0. 0. 0. 0. 0. 0. 0. 0. 0. 0. 0. 0. 0. 0. 0. 0. 0. 0. 0.
  0. 0. 0. 0.]
 [1. 1. 1. 1. 1. 1. 0. 0. 1. 1. 0. 1. 0. 1. 1. 1. 1. 1. 1. 1. 0. 0. 0. 0.
  0. 0. 0. 0. 0. 0. 0. 0. 0. 0. 0. 0. 0. 0. 0. 0. 0. 0. 0. 0. 0. 0. 0. 0.
  0. 0. 0. 0. 0. 0. 0. 0. 0. 0. 0. 0. 0. 0. 0. 0. 0. 0. 0. 0. 0. 0. 0. 0.
  0. 0. 0. 0. 0. 0. 0. 0. 0. 0. 0. 0. 0. 0. 0. 0. 0. 0. 0. 0. 0. 0. 0. 0.
  0. 0. 0. 0.]
 [1. 0. 1. 1. 1. 1. 1. 1. 1. 1. 1. 1. 1. 1. 1. 1. 1. 1. 1. 0. 0. 0. 0. 0.
  0. 0. 0. 0. 0. 0. 0. 0. 0. 0. 0. 0. 0. 0. 0. 0. 0. 0. 0. 0. 0. 0. 0. 0.
  0. 0. 0. 0. 0. 0. 0. 0. 0. 0. 0. 0. 0. 0. 0. 0. 0. 0. 0. 0. 0. 0. 0. 0.
  0. 0. 0. 0. 0. 0. 0. 0. 0. 0. 0. 0. 0. 0. 0. 0. 0. 0. 0. 0. 0. 0. 0. 0.
  0. 0. 0. 0.]
 [1. 1. 1. 1. 1. 0. 1. 1. 0. 1. 1. 1. 1. 1. 1. 1. 0. 1. 1. 1. 0. 0. 0. 0.
  0. 0. 0. 0. 0. 0. 0. 0. 0. 0. 0. 0. 0. 0. 0. 0. 0. 0. 0. 0. 0. 0. 0. 0.
  0. 0. 0. 0. 0. 0. 0. 0. 0. 0. 0. 0. 0. 0. 0. 0. 0. 0. 0. 0. 0. 0. 0. 0.
  0. 0. 0. 0. 0. 0. 0. 0. 0. 0. 0. 0. 0. 0. 0. 0. 0. 0. 0. 0. 0. 0. 0. 0.
  0. 0. 0. 0.]
 [1. 1. 1. 1. 1. 1. 1. 1. 1. 1. 0. 1. 0. 0. 1. 1. 1. 1. 1. 1. 0. 0. 0. 0.
  0. 0. 0. 0. 0. 0. 0. 0. 0. 0. 0. 0. 0. 0. 0. 0. 0. 0. 0. 0. 0. 0. 0. 0.
  0. 0. 0. 0. 0. 0. 0. 0. 0. 0. 0. 0. 0. 0. 0. 0. 0. 0. 0. 0. 0. 0. 0. 0.
  0. 0. 0. 0. 0. 0. 0. 0. 0. 0. 0. 0. 0. 0. 0. 0. 0. 0. 0. 0. 0. 0. 0. 0.
  0. 0. 0. 0.]
 [1. 1. 1. 1. 1. 0. 1. 1. 1. 1. 1. 1. 1. 1. 1. 0. 0. 1. 1. 1. 0. 0. 0. 0.
  0. 0. 0. 0. 0. 0. 0. 0. 0. 0. 0. 0. 0. 0. 0. 0. 0. 0. 0. 0. 0. 0. 0. 0.
  0. 0. 0. 0. 0. 0. 0. 0. 0. 0. 0. 0. 0. 0. 0. 0. 0. 0. 0. 0. 0. 0. 0. 0.
  0. 0. 0. 0. 0. 0. 0. 0. 0. 0. 0. 0. 0. 0. 0. 0. 0. 0. 0. 0. 0. 0. 0. 0.
  0. 0. 0. 0.]
 [1. 1. 1. 1. 1. 1. 1. 1. 1. 1. 1. 1. 1. 1. 0. 1. 1. 1. 1. 1. 0. 0. 0. 0.
  0. 0. 0. 0. 0. 0. 0. 0. 0. 0. 0. 0. 0. 0. 0. 0. 0. 0. 0. 0. 0. 0. 0. 0.
  0. 0. 0. 0. 0. 0. 0. 0. 0. 0. 0. 0. 0. 0. 0. 0. 0. 0. 0. 0. 0. 0. 0. 0.
  0. 0. 0. 0. 0. 0. 0. 0. 0. 0. 0. 0. 0. 0. 0. 0. 0. 0. 0. 0. 0. 0. 0. 0.
  0. 0. 0. 0.]
 [1. 0. 0. 1. 1. 1. 1. 1. 1. 1. 1. 1. 1. 1. 1. 1. 1. 0. 0. 1. 0. 0. 0. 0.
  0. 0. 0. 0. 0. 0. 0. 0. 0. 0. 0. 0. 0. 0. 0. 0. 0. 0. 0. 0. 0. 0. 0. 0.
  0. 0. 0. 0. 0. 0. 0. 0. 0. 0. 0. 0. 0. 0. 0. 0. 0. 0. 0. 0. 0. 0. 0. 0.
  0. 0. 0. 0. 0. 0. 0. 0. 0. 0. 0. 0. 0. 0. 0. 0. 0. 0. 0. 0. 0. 0. 0. 0.
  0. 0. 0. 0.]
 [1. 0. 1. 1. 1. 1. 1. 1. 1. 1. 1. 1. 0. 0. 1. 1. 1. 1. 0. 1. 0. 0. 0. 0.
  0. 0. 0. 0. 0. 0. 0. 0. 0. 0. 0. 0. 0. 0. 0. 0. 0. 0. 0. 0. 0. 0. 0. 0.
  0. 0. 0. 0. 0. 0. 0. 0. 0. 0. 0. 0. 0. 0. 0. 0. 0. 0. 0. 0. 0. 0. 0. 0.
  0. 0. 0. 0. 0. 0. 0. 0. 0. 0. 0. 0. 0. 0. 0. 0. 0. 0. 0. 0. 0. 0. 0. 0.
  0. 0. 0. 0.]
 [1. 1. 1. 1. 1. 1. 1. 1. 1. 0. 1. 1. 0. 1. 1. 1. 1. 1. 1. 1. 0. 0. 0. 0.
  0. 0. 0. 0. 0. 0. 0. 0. 0. 0. 0. 0. 0. 0. 0. 0. 0. 0. 0. 0. 0. 0. 0. 0.
  0. 0. 0. 0. 0. 0. 0. 0. 0. 0. 0. 0. 0. 0. 0. 0. 0. 0. 0. 0. 0. 0. 0. 0.
  0. 0. 0. 0. 0. 0. 0. 0. 0. 0. 0. 0. 0. 0. 0. 0. 0. 0. 0. 0. 0. 0. 0. 0.
  0. 0. 0. 0.]
 [1. 1. 1. 1. 0. 1. 1. 1. 1. 1. 1. 1. 1. 1. 0. 1. 1. 1. 0. 1. 0. 0. 0. 0.
  0. 0. 0. 0. 0. 0. 0. 0. 0. 0. 0. 0. 0. 0. 0. 0. 0. 0. 0. 0. 0. 0. 0. 0.
  0. 0. 0. 0. 0. 0. 0. 0. 0. 0. 0. 0. 0. 0. 0. 0. 0. 0. 0. 0. 0. 0. 0. 0.
  0. 0. 0. 0. 0. 0. 0. 0. 0. 0. 0. 0. 0. 0. 0. 0. 0. 0. 0. 0. 0. 0. 0. 0.
  0. 0. 0. 0.]
 [0. 1. 1. 1. 1. 1. 1. 1. 1. 1. 1. 1. 1. 1. 1. 1. 1. 1. 1. 1. 0. 0. 0. 0.
  0. 0. 0. 0. 0. 0. 0. 0. 0. 0. 0. 0. 0. 0. 0. 0. 0. 0. 0. 0. 0. 0. 0. 0.
  0. 0. 0. 0. 0. 0. 0. 0. 0. 0. 0. 0. 0. 0. 0. 0. 0. 0. 0. 0. 0. 0. 0. 0.
  0. 0. 0. 0. 0. 0. 0. 0. 0. 0. 0. 0. 0. 0. 0. 0. 0. 0. 0. 0. 0. 0. 0. 0.
  0. 0. 0. 0.]]
start_times_array: [[75463.99992164 75517.99992164 75542.99992164 75607.99992164
  75638.99992164 75718.99992164 75782.99992164 75812.99992164
  75848.99992164 75947.99992164 75963.99992164 75995.99992164
  75998.99992164 76026.99992164 76105.99992164 76106.99992164
  76156.99992164 76250.99992164 76281.99992164 76368.99992164]
 [74439.99992164 74510.99992164 74596.99992164 74612.99992164
  74691.99992164 74783.99992164 74862.99992164 74925.99992164
  74935.99992164 74982.99992164 75046.99992164 75102.99992164
  75106.99992164 75193.99992164 75209.99992164 75252.99992164
  75322.99992164 75337.99992164 75364.99992164 75480.99992164]
 [73539.99992164 73620.99992164 73652.99992164 73728.99992164
  73808.99992164 73827.99992164 73833.99992164 73870.99992164
  73929.99992164 73937.99992164 73940.99992164 73981.99992164
  74060.99992164 74068.99992164 74151.99992164 74219.99992164
  74272.99992164 74301.99992164 74362.99992164 74386.99992164]
 [72447.99992164 72525.99992164 72624.99992164 72721.99992164
  72741.99992164 72744.99992164 72745.99992164 72842.99992164
  72934.99992164 72977.99992164 72988.99992164 73013.99992164
  73044.99992164 73142.99992164 73215.99992164 73253.99992164
  73324.99992164 73393.99992164 73464.99992164 73537.99992164]
 [71469.99992164 71560.99992164 71650.99992164 71747.99992164
  71771.99992164 71779.99992164 71851.99992164 71905.99992164
  71972.99992164 72035.99992164 72074.99992164 72150.99992164
  72162.99992164 72163.99992164 72170.99992164 72216.99992164
  72230.99992164 72284.99992164 72350.99992164 72405.99992164]
 [70489.99992164 70556.99992164 70569.99992164 70643.99992164
  70681.99992164 70691.99992164 70758.99992164 70764.99992164
  70814.99992164 70886.99992164 70979.99992164 71004.99992164
  71076.99992164 71142.99992164 71213.99992164 71231.99992164
  71308.99992164 71335.99992164 71355.99992164 71452.99992164]
 [69331.99992164 69415.99992164 69434.99992164 69441.99992164
  69481.99992164 69554.99992164 69643.99992164 69728.99992164
  69806.99992164 69835.99992164 69924.99992164 69933.99992164
  70021.99992164 70064.99992164 70116.99992164 70152.99992164
  70196.99992164 70273.99992164 70317.99992164 70399.99992164]
 [68246.99992174 68365.99992164 68453.99992164 68512.99992164
  68591.99992164 68689.99992164 68755.99992164 68764.99992164
  68765.99992164 68800.99992164 68869.99992164 68898.99992164
  68965.99992164 69025.99992164 69068.99992164 69089.99992164
  69108.99992164 69184.99992164 69239.99992164 69316.99992164]
 [67359.99992174 67443.99992174 67486.99992174 67553.99992174
  67594.99992174 67684.99992174 67755.99992174 67793.99992174
  67832.99992174 67909.99992174 67927.99992174 67939.99992174
  67956.99992174 67966.99992174 68043.99992174 68092.99992174
  68117.99992174 68202.99992174 68232.99992174 68273.99992174]
 [66352.99992181 66409.99992181 66450.99992181 66501.99992181
  66542.99992181 66559.99992181 66650.99992181 66732.99992181
  66800.99992181 66876.99992181 66889.99992181 66982.99992181
  66994.99992181 67084.99992181 67142.99992181 67194.99992181
  67277.99992181 67345.99992181 67348.99992181 67403.99992174]
 [65290.99992181 65353.99992181 65412.99992181 65430.99992181
  65529.99992181 65607.99992181 65612.99992181 65627.99992181
  65698.99992181 65757.99992181 65778.99992181 65836.99992181
  65865.99992181 65924.99992181 66022.99992181 66024.99992181
  66042.99992181 66129.99992181 66184.99992181 66267.99992181]
 [64077.99992182 64161.99992181 64296.99992181 64347.99992182
  64372.99992182 64429.99992182 64475.99992181 64839.99992181
  64897.99992181 64917.99992181 64921.99992181 64940.99992181
  65031.99992181 65056.99992181 65144.99992181 65238.99992181
  65290.99992181 65313.99992181 65317.99992181 65344.99992181]
 [63983.99992181 64077.99992181 64161.99992181 64246.99992181
  64296.99992181 64357.99992181 64397.99992181 64490.99992181
  64507.99992181 64593.99992181 64612.99992181 64661.99992181
  64759.99992181 64833.99992181 64839.99992181 64866.99992181
  64957.99992181 65015.99992181 65074.99992181 65096.99992181]
 [63111.99992181 63122.99992181 63178.99992181 63217.99992181
  63237.99992181 63316.99992181 63371.99992181 63389.99992181
  63429.99992181 63503.99992181 63594.99992181 63689.99992181
  63754.99992181 63767.99992181 63793.99992181 63833.99992181
  63922.99992181 63947.99992181 63980.99992181 64056.99992181]
 [62041.99992187 62092.99992187 62129.99992187 62178.99992187
  62198.99992187 62436.99992181 62493.99992181 62510.99992181
  62552.99992181 62602.99992181 62676.99992181 62709.99992181
  62747.99992181 62763.99992181 62784.99992181 62819.99992181
  62904.99992181 62911.99992181 62977.99992181 63045.99992181]
 [61725.99992186 61772.99992186 61799.99992186 61885.99992186
  61904.99992186 61913.99992186 61936.99992186 62000.99992186
  62032.99992186 62056.99992186 62070.99992186 62117.99992186
  62198.99992186 62243.99992186 62327.99992186 62337.99992186
  62362.99992186 62510.99992181 62620.99992187 62780.99992187]
 [60202.99992187 60525.99992186 60616.99992186 60679.99992186
  60743.99992186 60815.99992186 60885.99992186 60971.99992186
  60981.99992186 60992.99992186 61091.99992186 61184.99992186
  61274.99992186 61278.99992186 61353.99992186 61440.99992186
  61475.99992186 61521.99992186 61548.99992186 61642.99992186]
 [59423.99992187 59501.99992187 59534.99992187 59590.99992187
  59609.99992187 59659.99992187 59741.99992187 59761.99992187
  59810.99992187 59883.99992187 59904.99992187 59932.99992187
  59972.99992187 60021.99992187 60104.99992187 60186.99992187
  60296.99992187 60393.99992187 60479.99992187 60571.99992186]
 [58603.99992187 58629.99992187 58658.99992187 58693.99992187
  58724.99992187 58795.99992187 58873.99992187 58911.99992187
  58922.99992187 58948.99992187 58960.99992187 59029.99992187
  59093.99992187 59094.99992187 59190.99992187 59226.99992187
  59319.99992187 59371.99992187 59401.99992187 59476.99992187]
 [57534.99992187 57546.99992187 57644.99992187 57658.99992187
  57696.99992187 57790.99992187 57867.99992187 57919.99992187
  58014.99992187 58034.99992187 58111.99992187 58153.99992187
  58181.99992187 58250.99992187 58338.99992187 58367.99992187
  58385.99992187 58480.99992187 58553.99992187 58569.99992187]
 [56774.99992187 56796.99992187 56801.99992187 56832.99992187
  56857.99992187 56865.99992187 56903.99992187 56920.99992187
  56937.99992187 56950.99992187 57009.99992187 57045.99992187
  57133.99992187 57190.99992187 57209.99992187 57266.99992187
  57331.99992187 57419.99992187 57442.99992187 57494.99992187]
 [55435.99992217 55943.99992187 55977.99992187 56026.99992187
  56072.99992187 56074.99992187 56119.99992187 56201.99992187
  56208.99992187 56215.99992187 56265.99992187 56346.99992187
  56347.99992187 56446.99992187 56537.99992187 56591.99992187
  56595.99992187 56682.99992187 56711.99992187 57088.99992187]
 [54912.99992251 55186.99992226 55224.99992225 55317.99992225
  55344.99992219 55372.99992217 55453.99992211 55455.99992211
  55521.99992211 55549.99992203 55595.99992202 55691.99992195
  55746.99992195 55845.99992194 55935.99992194 55940.99992187
  56001.99992187 56019.99992187 56111.99999982 56189.99999982]
 [53966.99992319 54779.99992256 54872.99992251 54912.99992247
  54988.99992243 55017.99992239 55078.99992235 55091.99992231
  55186.99992227 55214.99992224 55217.9999222  55306.99992216
  55334.99992213 55372.99992217 55435.99992217 55467.99992213
  55517.99992211 55603.00000018 55666.00000018 55742.00000018]
 [53874.99992327 53918.99992323 53966.99992318 53998.99992314
  54059.99992309 54144.99992305 54178.999923   54199.99992296
  54251.99992291 54317.99992287 54364.99992282 54394.99992278
  54443.99992273 54531.99992269 54626.99992264 54720.9999226
  54991.99999982 55227.99999982 55232.99999982 55403.99999982]
 [49891.99992887 51840.99992552 53097.99992403 53124.99992398
  53154.99992393 53181.99992388 53238.99992383 53334.99992377
  53370.99992372 53378.99992367 53455.99992362 53514.99992357
  53550.99992352 53563.99992347 53659.99992342 53747.99992337
  53794.99992332 53874.99992327 53906.99992323 53949.99992321]
 [49916.99992883 50638.99992708 52310.99992495 52347.99992489
  52417.99992484 52507.99992478 52541.99992473 52628.99992467
  52634.99992462 52693.99992456 52772.99992451 52783.99992445
  52833.9999244  52879.99992435 52891.99992429 52929.99992424
  52984.99992419 52999.99992413 53017.99992408 53442.99999982]
 [51510.99992576 51580.9999257  51670.99992564 51759.99992558
  51763.99992552 51840.99992546 51871.9999254  51914.99992534
  52001.99992528 52053.99992522 52116.99992517 52191.99992511
  52212.99992506 52242.999925   52310.99992495 52391.9999249
  52480.99992485 52548.99992481 52634.99992465 53319.99992378]
 [49315.99992999 50629.99992714 50638.99992706 50765.99992674
  50820.99992666 50976.99992663 51140.99992629 51179.99992621
  51192.99992613 51286.99992605 51358.99992597 51438.99992589
  51483.99992581 51511.99992573 51580.99992565 51628.99992556
  51657.9999255  51699.99992544 51754.99992538 52523.99999982]
 [49036.99993062 49863.99992891 49925.99992863 50400.99992743
  50449.99992732 50543.99992722 50629.99992711 50672.99992701
  50715.9999269  50790.99992679 50888.99992669 50976.99992658
  51043.99992648 51106.99992637 51140.99992627 51201.99992613
  51286.99992605 51318.99992597 51414.99992588 51459.99992582]
 [49676.99992913 49766.999929   49863.99992887 49916.99992874
  49925.99992861 49988.99992848 50080.99992835 50098.99992821
  50166.99992808 50221.99992795 50231.99992782 50309.99992769
  50343.99992753 50400.99992742 50413.99992731 50477.9999272
  50536.99992707 50592.99992699 50668.9999269  50709.99992682]
 [47430.99993275 48136.99993186 48180.99993179 48254.99993171
  48867.99993088 48873.99993081 48939.99993074 48995.99993067
  49036.99993061 49133.99993054 49174.99993047 49175.99993034
  49196.9999302  49239.99993007 49315.99992993 49335.9999298
  49408.99992967 49496.99992953 49594.9999294  49650.99992927]
 [47986.99993198 48076.99993192 48136.99993185 48176.99993178
  48254.99993171 48306.99993164 48316.99993157 48366.9999315
  48427.99993143 48522.99993136 48550.99993129 48588.99993122
  48612.99993115 48663.99993108 48759.99993101 48849.99993095
  48867.99993088 48944.99993083 48955.99993078 49133.9999305 ]
 [46742.99993367 47189.99993312 47219.99993304 47232.99993296
  47295.99993289 47388.99993281 47430.99993274 47462.99993266
  47474.99993258 47540.99993251 47634.99993243 47723.99993236
  47748.99993228 47764.9999322  47860.99993213 47947.99993205
  47986.99993198 48044.99993191 48155.99999982 48482.99999982]
 [46247.99993437 46297.9999343  46579.9999339  46670.99993382
  46695.99993374 46778.99993358 46851.9999335  46949.99993342
  47013.9999332  47108.99993312 47165.99993303 47232.99993295
  47253.99993297 47329.9999329  47408.99993283 47498.99993275
  47573.99993268 47865.99999982 47931.99999982 48441.99999982]
 [46229.99993445 46247.99993437 46346.99993429 46435.99993421
  46478.99993414 46527.99993406 46535.99993398 46579.9999339
  46612.99993382 46703.99993374 46742.99993366 46778.99993358
  46850.99993351 46877.99993343 46947.99993335 47013.99993327
  47095.99993319 47189.99993312 47235.99993305 47253.99993298]
 [42862.99993952 43667.99993825 43895.99993776 45446.99993555
  45460.99993547 45489.99993539 45579.99993531 45639.99993523
  45723.99993516 45806.99993508 45847.999935   45854.99993492
  45878.99993484 45951.99993476 46009.99993469 46100.99993461
  46147.99993453 46229.9999344  46346.99993426 46541.99999982]
 [42242.99994056 44585.99993697 44664.99993689 44682.99993681
  44685.99993673 44714.99993665 44802.99993658 44899.9999365
  44954.99993642 45009.99993634 45024.99993626 45111.99993618
  45128.9999361  45171.99993602 45229.99993594 45298.99993586
  45364.99993579 45395.99993571 45438.99993563 45781.99999982]
 [42918.99993935 43005.99993928 43056.9999392  43662.99993831
  43667.99993823 43701.99993816 43759.99993808 43768.999938
  43778.99993792 43808.99993784 43895.99993776 43957.99993768
  44046.9999376  44124.99993752 44161.99993744 44255.99993737
  44295.99993729 44345.99993721 44428.99993713 44502.99993705]
 [39861.9999453  42073.99994088 42449.99994007 42760.99993966
  42825.99993958 42862.9999395  42867.99993942 42918.99993934
  42944.99993926 43009.99993918 43025.9999391  43115.99993902
  43155.99993895 43231.99993887 43285.99993879 43357.99993871
  43384.99993863 43421.99993855 43496.99993847 43573.99993839]
 [42007.9999412  42022.99994112 42023.99994104 42066.99994096
  42073.99994088 42137.9999408  42187.99994072 42213.99994063
  42242.99994055 42255.99994047 42331.99994039 42340.99994031
  42345.99994023 42430.99994015 42449.99994007 42472.99993998
  42567.9999399  42643.99993982 42712.99993974 42760.99993966]
 [40002.99994506 41159.99994259 41201.9999425  41300.99994242
  41325.99994234 41400.99994226 41493.99994218 41569.9999421
  41625.99994201 41648.99994193 41735.99994185 41743.99994177
  41745.99994169 41805.99994161 41884.99994153 41914.99994145
  41930.99994136 41991.99994128 42189.99999982 42286.99999982]
 [37814.99994972 39595.9999458  39636.99994571 40525.99994369
  40575.99994359 40613.99994349 40689.9999434  40757.9999433
  40823.9999432  40907.99994311 40984.99994301 41014.99994291
  41069.99994281 41119.99994267 41159.99994259 41258.9999425
  41263.99994242 41290.99994234 41300.99994224 41758.99999982]
 [36516.99995266 38972.99994706 39307.99994631 39526.99994589
  39595.9999458  39648.9999457  39752.99994547 39833.99994537
  39861.99994527 40183.99994469 40238.99994459 40288.99994449
  40317.99994439 40344.99994429 40353.99994418 40414.99994407
  40441.99994398 40477.99994388 40520.99994378 40678.99999982]
 [38246.99994863 39228.99994662 39264.99994652 39291.99994641
  39307.9999463  39357.9999462  39439.99994609 39447.99994599
  39526.99994588 39606.99994578 39628.99994567 39691.99994556
  39752.99994546 39777.99994535 39838.99994525 39909.99994514
  40002.99994503 40046.99994493 40111.99994479 40183.99994469]
 [37807.9999498  37814.99994969 38337.99994852 38396.99994842
  38440.99994831 38504.99994821 38598.9999481  38653.99994799
  38673.99994789 38684.99994778 38761.99994768 38764.99994757
  38790.99994747 38798.99994736 38819.99994725 38892.99994715
  38972.99994704 39061.99994694 39114.99994683 39133.99994673]
 [37282.99995088 37317.99995078 37627.99995011 37725.99995
  37791.9999499  37807.99994979 37896.99994969 37902.99994958
  37926.99994947 37944.99994937 37983.99994926 38035.99994916
  38084.99994905 38136.99994895 38162.99994884 38173.99994873
  38246.99994863 38337.99994852 38406.99994844 38505.99994834]
 [36469.99995275 37020.99995138 37044.99995127 37131.99995117
  37216.99995106 37282.99995095 37381.99995085 37386.99995074
  37415.99995064 37513.99995053 37530.99995043 37534.99995032
  37582.99995021 37627.99995012 37653.99995002 37733.99994992
  37791.99994985 37847.99994974 38023.         38098.99999982]
 [36063.99995392 36435.99995286 36469.99995275 36516.99995265
  36576.99995254 36597.99995244 36608.99995233 36654.99995222
  36668.99995212 36727.99995201 36778.99995191 36785.9999518
  36843.9999517  36892.99995159 36949.99995148 37020.99995138
  37077.99995128 37124.99995119 37125.99995109 37210.99995099]
 [35551.99995499 35644.99995488 35732.99995477 35756.99995467
  35788.99995456 35806.99995445 35850.99995435 35898.99995424
  35916.99995413 35996.99995403 36063.99995392 36073.99995382
  36082.99995371 36098.9999536  36133.9999535  36149.99995339
  36159.99995328 36188.99995318 36259.99995307 36348.99995296]
 [33401.9999602  33437.9999601  34650.9999579  34685.9999578
  35011.99995669 35028.99995658 35035.99995648 35073.99995637
  35123.99995626 35129.99995616 35144.99995605 35158.99995594
  35188.99995584 35224.99995573 35242.99995562 35301.99995552
  35364.99995541 35456.9999553  35482.9999552  35528.99995509]
 [32773.99996174 33988.99995931 34428.99995833 34515.99995822
  34630.999958   34650.99995789 34651.99995778 34708.99995767
  34738.99995757 34757.99995746 34782.99995735 34804.99995724
  34836.99995713 34922.99995701 34953.9999569  34957.99995679
  35011.99995669 35043.99995659 35060.99995649 35084.99995638]
 [32440.99996254 32531.99996245 32592.99996237 33078.99996075
  33079.99996066 33146.99996055 33902.99995942 33988.99995931
  33996.9999592  34008.99995909 34059.99995898 34149.99995888
  34222.99995877 34266.99995866 34278.99995855 34370.99995844
  34428.99995833 34485.99995822 34548.99995811 34630.99995795]
 [32555.99996199 32632.99996189 32701.99996185 32991.99996106
  33080.99996095 33116.99996084 33139.99996073 33178.99996062
  33223.99996051 33262.9999604  33347.99996029 33401.99996018
  33470.99996008 33514.99995997 33606.99995986 33692.99995975
  33734.99995964 33817.99995953 34176.99999982 34549.99999982]
 [32093.99996328 32108.99996317 32373.99996262 32440.99996251
  32449.9999624  32456.99996229 32537.99996218 32541.99996207
  32627.99996196 32701.99996185 32750.99996174 32776.99996163
  32785.99996152 32812.99996141 32845.9999613  32896.99996117
  32991.99996106 33023.99996095 33047.99996084 33078.99996074]
 [29892.99996781 31744.99996405 31834.99996394 31861.99996383
  31878.99996372 31963.99996361 31990.9999635  32082.99996339
  32093.99996328 32108.99996317 32169.99996306 32187.99996295
  32221.99996284 32317.99996273 32373.99996262 32407.99996251
  32451.99996241 32483.9999623  32484.9999622  32500.9999621 ]
 [29170.9999696  29191.99996953 29286.99996942 31010.9999656
  31022.99996548 31087.99996537 31156.99996526 31180.99996515
  31227.99996504 31319.99996493 31344.99996482 31366.99996471
  31426.9999646  31488.99996449 31585.99996438 31663.99996427
  31726.99996416 32129.99999982 32325.99999982 32405.99999982]
 [26996.9999744  29865.99996792 30335.99996704 30401.99996693
  30453.99996682 30469.99996671 30489.9999666  30513.99996649
  30572.99996638 30647.99996627 30711.99996616 30737.99996605
  30825.99996594 30882.99996583 30950.99996571 31010.99996559
  31022.99996548 31122.99999982 31221.99999982 31272.99999982]
 [29182.99996944 29335.99996901 29341.9999689  29382.99996879
  29400.9999688  29493.99996869 29539.99996858 29608.99996847
  29689.99996836 29750.99996825 29794.99996814 29796.99996803
  29865.99996792 29937.99996781 29958.9999677  30013.99996759
  30082.99996748 30095.99996737 30164.99996726 30244.99996715]
 [28430.99997112 28512.999971   28611.99997088 28703.99997076
  28756.99997064 28761.99997052 28794.9999704  28853.99997027
  28885.99997015 28978.99997003 28991.99996991 29055.99996979
  29074.99996967 29170.99996955 29182.99996943 29248.99996931
  29252.99996912 29335.99996891 29400.9999688  29403.99996869]
 [27171.99997389 27848.99997281 27910.99997269 27911.99997257
  27952.99997245 28036.99997233 28097.99997221 28128.99997209
  28191.99997197 28201.99997185 28211.99997173 28225.9999716
  28300.99997148 28314.99997136 28377.99997124 28430.99997114
  28491.99997104 28532.99997094 28539.99997082 28596.99997073]
 [26695.99997595 26700.99997583 26783.99997572 26808.9999756
  26980.99997463 27061.99997451 27103.99997439 27123.99997427
  27145.99997414 27195.99997402 27235.9999739  27312.99997378
  27388.99997366 27446.99997354 27534.99997342 27611.9999733
  27680.99997318 27743.99997306 27799.99997294 27848.9999728 ]
 [25870.99997759 26618.99997579 26634.99997567 26635.99997554
  26691.99997542 26729.9999753  26770.99997517 26848.99997504
  26929.99997491 26934.99997475 26980.99997463 26990.99997451
  26996.99997438 27027.99997426 27071.99997414 27093.99997401
  27171.99997389 27264.99997374 27306.99997362 27327.99997349]
 [25227.99997935 25844.99997771 25870.99997759 25902.99997748
  25922.99997736 25942.99997724 25947.99997713 25990.999977
  26229.99997691 26252.99997679 26281.99997666 26326.99997654
  26405.99997641 26473.99997629 26546.99997617 26547.99997604
  26557.99997592 26618.99997581 26674.99997569 26769.99997557]
 [23771.99998172 25432.99997872 25453.9999786  25539.99997847
  25830.99997782 25919.99997769 25949.99997757 25993.99997744
  26018.99997732 26117.99997718 26208.99997704 26229.99997691
  26274.99997679 26356.99997665 26397.99997653 26473.99997642
  26506.9999763  26583.99997618 26632.99997607 26783.9999756 ]
 [23230.99998254 24830.9999801  24884.99997997 24963.99997984
  25019.99997972 25073.99997959 25148.99997947 25227.99997934
  25326.99997921 25364.99997909 25377.99997896 25379.99997883
  25432.99997871 25521.99997858 25603.99997846 25656.99997833
  25689.9999782  25732.99997807 25805.99997795 25830.99997783]
 [22529.99998376 22708.9999833  23585.99998212 23655.99998205
  23677.99998197 24087.99998119 24168.99998111 24212.99998104
  24306.99998097 24401.9999809  24430.99998082 24444.99998075
  24494.99998068 24592.9999806  24610.99998048 24660.99998035
  24756.99998022 25199.99999982 25265.99999982 25360.99999982]
 [23427.99998232 23506.99998225 23546.99998217 23617.9999821
  23656.99998202 23669.99998195 23688.99998187 23689.9999818
  23771.99998172 23829.99998165 23855.99998157 23899.9999815
  23917.99998142 24011.99998135 24019.99998126 24087.99998119
  24177.99998112 24216.99998105 24306.99998092 24391.99999982]
 [21701.9999848  22151.9999842  22610.99998345 22686.99998337
  22708.9999833  22725.99998322 22740.99998315 22804.99998307
  22875.999983   22897.99998292 22976.99998285 23065.99998277
  23145.9999827  23152.99998262 23230.99998255 23317.99998247
  23405.9999824  23427.99998233 23486.99998225 23561.99998218]
 [21645.99998487 21701.9999848  21794.99998472 21857.99998465
  21880.99998457 21911.9999845  22001.99998442 22047.99998435
  22130.99998427 22151.9999842  22155.99998412 22208.99998405
  22307.99998397 22372.9999839  22471.99998382 22529.99998375
  22534.99998367 22567.9999836  22584.99998352 23035.99999982]
 [21092.99998596 21127.99998588 21175.99998588 21185.99998581
  21190.99998574 21230.99998566 21296.99998559 21309.99998551
  21329.99998544 21354.99998536 21449.99998529 21537.99998522
  21569.99998514 21614.99998505 21625.99998495 21645.99998487
  21706.9999848  21742.99998473 21787.99998465 21792.99998456]
 [20065.99998755 20106.99998748 20243.99998723 20320.99998716
  20389.99998709 20606.99998672 20623.99998665 20645.99998657
  20677.99998649 20735.99998642 20798.99998634 20857.99998627
  20888.99998619 20982.99998611 21072.99998603 21092.99998596
  21175.99998589 21189.99998583 21256.99998575 21449.99998526]
 [19332.99998861 19531.99998828 19758.999988   19828.99998792
  19848.99998785 19996.9999877  20018.99998762 20026.99998755
  20057.99998747 20110.9999874  20177.99998732 20243.99998725
  20318.99998717 20340.9999871  20370.99998702 20417.99998695
  20486.99998687 20554.99998679 20631.99998672 20641.99998664]
 [18607.99998992 18628.99998985 19163.9999889  19234.99998883
  19247.99998875 19332.99998867 19427.9999886  19454.99998852
  19464.99998845 19488.99998837 19531.9999883  19612.99998822
  19700.99998815 19772.99998807 19777.999988   19828.99998792
  19903.99998785 19947.99998777 19996.9999877  20039.99998762]
 [18394.99999029 18463.99999022 18556.99999015 18622.99999007
  18634.99999    18809.99998939 18903.99998932 18964.99998924
  19020.99998917 19076.99998909 19138.99998898 19163.9999889
  19165.99998883 19170.99998875 19257.99998868 19332.9999886
  19346.99998853 19360.99998845 19405.99998837 19797.99999982]
 [14887.99999462 17893.99999087 17968.99999074 18062.99999066
  18148.99999059 18202.99999051 18272.99999044 18355.99999036
  18394.99999029 18448.99999022 18524.99999014 18574.99999007
  18592.99998999 18607.99998992 18611.99998984 18645.99998977
  18657.99998969 18666.99998962 18713.99998954 18744.99998947]
 [17116.99999172 17193.99999165 17280.99999158 17377.99999151
  17467.99999145 17492.99999138 17569.99999131 17657.99999124
  17733.99999117 17802.9999911  17817.99999103 17866.99999094
  17893.99999081 17968.99999074 18058.99999066 18090.99999059
  18116.99999051 18430.99999982 18512.99999982 18571.99999982]
 [15679.99999359 15764.99999353 16066.99999287 16114.99999281
  16178.99999274 16186.99999268 16265.99999261 16361.99999255
  16431.99999248 16456.99999241 16486.99999234 16561.99999227
  16647.9999922  16719.99999213 16768.99999206 16842.999992
  16897.99999193 16984.99999186 17018.99999179 17116.99999172]
 [12437.99999767 14967.99999457 15042.99999451 15486.99999398
  15520.99999385 15582.99999378 15613.99999372 15666.99999365
  15679.99999365 15742.99999359 15756.99999352 15776.99999346
  15788.99999339 15802.99999333 15850.99999326 15854.9999932
  15918.99999313 15935.99999307 15940.999993   16025.99999294]
 [14704.99999489 14759.99999482 14833.99999476 14848.99999469
  14887.99999463 14951.99999456 15022.9999945  15040.99999443
  15100.99999437 15128.9999943  15210.99999424 15303.99999417
  15371.99999411 15446.99999404 15502.99999398 15511.99999391
  15520.99999385 15540.99999378 15601.99999372 15826.99999982]
 [13343.99999673 13914.999996   13980.99999594 14005.99999587
  14007.99999581 14037.9999958  14109.99999573 14160.99999567
  14241.9999956  14288.99999554 14294.99999547 14336.99999541
  14380.99999534 14468.99999528 14504.99999521 14597.99999515
  14618.99999508 14624.99999502 14686.99999495 14704.99999489]
 [12210.99999794 12294.9999979  13140.99999693 13210.99999686
  13273.9999968  13343.99999673 13365.99999667 13463.9999966
  13467.99999653 13552.99999647 13581.9999964  13662.99999633
  13688.99999627 13737.9999962  13799.99999613 13848.99999607
  13914.999996   13955.99999593 13986.99999586 14037.99999579]
 [10769.99999902 11925.99999815 12150.99999799 12210.99999794
  12232.9999979  12261.99999786 12350.9999978  12386.99999773
  12437.99999766 12534.9999976  12573.99999753 12631.99999746
  12681.9999974  12729.99999733 12823.99999726 12858.9999972
  12953.99999713 12990.99999706 13069.999997   13140.99999693]
 [10180.99999955 10258.99999952 10548.99999921 10590.99999917
  11224.99999864 11286.9999986  11385.99999856 11416.99999851
  11510.99999847 11588.99999843 11615.99999839 11638.99999835
  11698.99999831 11708.99999827 11788.99999823 11871.99999819
  11925.99999815 12021.99999811 12036.99999807 12086.99999803]
 [10364.99999934 10396.99999929 10455.99999924 10548.9999992
  10643.99999915 10704.99999911 10723.99999906 10769.99999902
  10844.99999897 10913.99999892 10989.99999888 11085.99999883
  11135.99999879 11145.99999874 11214.99999868 11224.99999864
  11322.99999857 11382.99999853 11383.99999848 11464.99999843]
 [ 9817.99999982  9900.99999982  9964.99999977 10034.99999973
  10069.99999968 10075.99999963 10083.99999958 10180.99999954
  10187.99999949 10243.99999944 10335.99999939 10346.99999934
  10396.99999929 10435.99999924 10507.9999992  10532.99999916
  10617.99999911 10621.99999907 10680.99999904 10682.99999898]
 [ 6977.99999982  8135.99999982  8420.99999982  8509.99999982
   8575.99999982  9052.99999982  9087.99999982  9170.99999982
   9260.99999982  9353.99999982  9407.99999982  9417.99999982
   9439.99999982  9457.99999982  9554.99999982  9573.99999982
   9667.99999982  9727.99999982  9817.99999982  9900.99999982]
 [ 6836.99999982  7150.99999982  7835.99999982  8293.99999982
   8347.99999982  8420.99999982  8438.99999982  8464.99999982
   8522.99999982  8566.99999982  8567.99999982  8616.99999982
   8711.99999982  8802.99999982  8840.99999982  8933.99999982
   8962.99999982  9032.99999982  9046.99999982  9052.99999982]
 [ 5450.99999982  7603.99999982  7607.99999982  7628.99999982
   7633.99999982  7697.99999982  7768.99999982  7835.99999982
   7859.99999982  7898.99999982  7971.99999982  8069.99999982
   8081.99999982  8115.99999982  8135.99999982  8166.99999982
   8178.99999982  8218.99999982  8293.99999982  8315.99999982]
 [ 7004.99999982  7067.99999982  7150.99999982  7179.99999982
   7263.99999982  7288.99999982  7300.99999982  7381.99999982
   7470.99999982  7514.99999982  7537.99999982  7603.99999982
   7634.99999982  7663.99999982  7727.99999982  7794.99999982
   7850.99999982  7884.99999982  7981.99999982  8008.99999982]
 [ 5516.99999982  5615.99999982  5973.99999972  6460.99999982
   6470.99999982  6555.99999982  6611.99999982  6667.99999982
   6677.99999982  6707.99999982  6789.99999982  6791.99999982
   6836.99999982  6852.99999982  6888.99999982  6977.99999982
   7004.99999982  7038.99999982  7123.99999982  7263.99999982]
 [ 5007.99999982  5266.99999982  5299.99999982  5315.99999982
   5396.99999982  5450.99999982  5805.99999982  5872.99999982
   5918.99999982  6016.99999982  6088.99999982  6153.99999982
   6195.99999982  6208.99999982  6248.99999982  6304.99999982
   6347.99999982  6404.99999982  6681.99999982  6758.99999982]
 [ 3330.99999987  4924.99999982  5007.99999982  5062.99999982
   5142.99999982  5189.99999982  5217.99999982  5299.99999982
   5381.99999982  5427.99999982  5516.99999982  5538.99999982
   5607.99999982  5651.99999982  5735.99999982  5805.99999982
   5837.99999982  5918.99999982  5973.99999979  6964.99999982]
 [ 3290.99999988  3442.99999985  3497.99999985  3551.99999985
   3872.99999982  4140.99999982  4220.99999982  4463.99999982
   4537.99999982  4629.99999982  4652.99999982  4670.99999982
   4711.99999982  4757.99999982  4851.99999982  4924.99999982
   4955.99999982  4988.99999982  5380.99999982  5412.99999982]
 [ 3227.99999988  3697.99999984  3717.99999983  3755.99999983
   3827.99999983  3872.99999982  3947.99999982  3975.99999982
   4005.99999982  4057.99999982  4114.99999982  4140.99999982
   4217.99999982  4289.99999982  4332.99999982  4394.99999982
   4401.99999982  4442.99999982  4653.99999982  4903.99999982]
 [ 2887.9999999   2905.99999989  2961.99999989  3034.99999989
   3051.99999989  3082.99999988  3131.99999988  3178.99999988
   3244.99999988  3261.99999987  3336.99999987  3361.99999987
   3399.99999986  3442.99999986  3537.99999986  3541.99999986
   3612.99999985  3638.99999985  3643.99999985  3669.99999984]
 [ 2067.          2100.          2471.          2519.
   2540.          2619.          2667.          2760.
   2789.          2888.          2986.          3078.9999999
   3114.9999999   3163.99999989  3205.99999989  3227.99999989
   3290.99999988  3333.99999988  3360.99999988  3396.99999986]
 [ 1603.          1688.          1692.          1733.
   1741.          1819.          1907.          1989.
   2042.          2067.          2147.          2179.
   2207.          2282.          2313.          2332.
   2343.          2347.          2439.          2470.        ]
 [  279.           639.           663.           710.
    745.           781.           864.           963.
    985.          1076.          1077.          1120.
   1153.          1250.          1300.          1341.
   1419.          1511.          1779.          2102.        ]
 [    0.            97.           159.           194.
    236.           287.           301.           365.
    375.           470.           477.           515.
    526.           561.           586.           663.
    745.           946.          1027.          1044.        ]]
