optimal_status: 0
solution: 4102.0
cpu_time: 3600.0432679653168
gap: 0.7251100036804388
upper_bound: 1127.59876490284
lower_bound: 4102.0
cg_matrix: [[0. 1. 1. 0. 1. 0. 0. 0. 1. 1. 0. 1. 0. 1. 0.]
 [1. 0. 1. 1. 0. 1. 1. 0. 1. 0. 1. 1. 0. 1. 0.]
 [1. 1. 0. 1. 0. 0. 1. 1. 0. 1. 0. 1. 1. 1. 1.]
 [0. 1. 1. 0. 1. 0. 1. 0. 0. 0. 0. 0. 1. 0. 0.]
 [1. 0. 0. 1. 0. 1. 0. 1. 0. 0. 0. 0. 0. 1. 1.]
 [0. 1. 0. 0. 1. 0. 1. 0. 1. 0. 0. 1. 0. 0. 0.]
 [0. 1. 1. 1. 0. 1. 0. 1. 0. 1. 0. 1. 0. 0. 1.]
 [0. 0. 1. 0. 1. 0. 1. 0. 1. 1. 0. 1. 1. 0. 0.]
 [1. 1. 0. 0. 0. 1. 0. 1. 0. 0. 1. 0. 1. 1. 0.]
 [1. 0. 1. 0. 0. 0. 1. 1. 0. 0. 0. 0. 0. 0. 1.]
 [0. 1. 0. 0. 0. 0. 0. 0. 1. 0. 0. 0. 0. 1. 0.]
 [1. 1. 1. 0. 0. 1. 1. 1. 0. 0. 0. 0. 0. 1. 1.]
 [0. 0. 1. 1. 0. 0. 0. 1. 1. 0. 0. 0. 0. 0. 1.]
 [1. 1. 1. 0. 1. 0. 0. 0. 1. 0. 1. 1. 0. 0. 0.]
 [0. 0. 1. 0. 1. 0. 1. 0. 0. 1. 0. 1. 1. 0. 0.]]
start_times_array: [[  80.  574.  886.  958. 1784. 1849. 1943. 2654. 2919. 3169. 3218. 3456.
  3464. 3582. 3682.]
 [ 389.  457.  520.  803. 1226. 1650. 1685. 2204. 2232. 2768. 2854. 3125.
  3345. 3755. 4079.]
 [  23.  201.  634. 1085. 1397. 2070. 2586. 3017. 3105. 3261. 3323. 3603.
  3912. 3950. 3990.]
 [   0.  106.  730.  958. 1046. 1210. 1319. 1557. 1757. 1859. 1927. 3171.
  3398. 3698. 3705.]
 [ 168.  453. 1070. 1133. 1248. 1267. 1627. 1698. 2014. 2118. 2178. 2263.
  3039. 3912. 4007.]
 [ 106.  261.  558.  744.  793. 1397. 1843. 1931. 2501. 2559. 2600. 3169.
  3232. 3603. 3686.]
 [  56.  321.  868. 1176. 1480. 1524. 1810. 1818. 2000. 2151. 2685. 2925.
  3456. 3518. 3842.]
 [ 106.  389.  542.  973. 1529. 1859. 1950. 2426. 2427. 2658. 2854. 2913.
  3174. 3686. 3697.]
 [ 651.  839. 1034. 1353. 2014. 2114. 2298. 3017. 3057. 3308. 3321. 3373.
  3909. 3968. 4056.]
 [   0.  166.  268.  307.  454.  751.  754.  770. 1022. 1333. 1593. 2204.
  2362. 2523. 3125.]
 [   0.  124.  207.  583.  961. 1097. 1124. 1441. 1557. 1767. 2105. 2586.
  2919. 2969. 3491.]
 [   0.  169.  485.  734.  839. 1017. 1333. 1353. 1592. 1722. 2294. 2333.
  2646. 3136. 3365.]
 [  78.  166.  198.  333.  454. 1248. 1733. 1814. 2209. 2290. 2677. 2721.
  3345. 3456. 3504.]
 [  69.  269.  362.  744.  896. 1176. 1199. 1324. 1480. 2365. 2429. 2489.
  2679. 2715. 3837.]
 [ 130.  536. 1210. 1309. 1859. 2379. 2429. 2585. 2763. 3169. 3682. 3750.
  3792. 3812. 4072.]]
