optimal_status: 0
solution: 21390.0
cpu_time: 3601.486963033676
gap: 0.9386629266012155
upper_bound: 1312.0
lower_bound: 21390.0
cg_matrix: [[0. 1. 0. 1. 1. 0. 1. 1. 1. 1. 1. 1. 1. 0. 0. 1. 0. 0. 0. 1. 0. 1. 1. 1.
  0. 1. 1. 1. 0. 1.]
 [1. 0. 1. 1. 1. 0. 1. 0. 0. 1. 1. 1. 1. 1. 1. 1. 1. 1. 1. 1. 1. 1. 0. 1.
  1. 1. 1. 1. 1. 1.]
 [0. 1. 0. 1. 1. 1. 1. 0. 0. 1. 1. 1. 1. 0. 1. 1. 1. 1. 0. 1. 1. 1. 1. 1.
  1. 1. 1. 1. 1. 1.]
 [1. 1. 1. 0. 1. 1. 1. 0. 1. 1. 1. 1. 1. 0. 1. 1. 0. 1. 1. 0. 1. 1. 1. 1.
  0. 1. 1. 1. 1. 1.]
 [1. 1. 1. 1. 0. 1. 1. 1. 1. 1. 1. 1. 1. 1. 1. 1. 1. 1. 1. 1. 1. 1. 0. 1.
  1. 1. 1. 1. 1. 0.]
 [0. 0. 1. 1. 1. 0. 1. 1. 1. 0. 1. 1. 1. 1. 0. 1. 1. 1. 1. 1. 0. 1. 1. 1.
  1. 1. 1. 1. 0. 1.]
 [1. 1. 1. 1. 1. 1. 0. 1. 1. 1. 0. 1. 0. 1. 1. 1. 1. 1. 1. 1. 1. 0. 1. 1.
  1. 1. 1. 1. 0. 1.]
 [1. 0. 0. 0. 1. 1. 1. 0. 1. 1. 1. 0. 0. 1. 1. 1. 1. 1. 1. 1. 1. 1. 1. 1.
  1. 1. 1. 1. 0. 1.]
 [1. 0. 0. 1. 1. 1. 1. 1. 0. 1. 0. 0. 0. 1. 1. 0. 1. 1. 1. 1. 1. 1. 1. 1.
  0. 1. 0. 1. 1. 1.]
 [1. 1. 1. 1. 1. 0. 1. 1. 1. 0. 1. 1. 1. 1. 0. 1. 0. 1. 1. 1. 1. 1. 0. 1.
  1. 1. 1. 1. 1. 1.]
 [1. 1. 1. 1. 1. 1. 0. 1. 0. 1. 0. 1. 1. 1. 0. 0. 1. 1. 0. 1. 0. 1. 1. 0.
  1. 1. 1. 1. 1. 1.]
 [1. 1. 1. 1. 1. 1. 1. 0. 0. 1. 1. 0. 0. 1. 1. 1. 1. 1. 1. 1. 1. 1. 1. 1.
  1. 1. 0. 1. 1. 0.]
 [1. 1. 1. 1. 1. 1. 0. 0. 0. 1. 1. 0. 0. 0. 0. 1. 1. 1. 1. 1. 0. 1. 1. 0.
  1. 0. 1. 0. 1. 1.]
 [0. 1. 0. 0. 1. 1. 1. 1. 1. 1. 1. 1. 0. 0. 1. 1. 1. 1. 0. 0. 1. 1. 1. 1.
  1. 1. 1. 1. 1. 0.]
 [0. 1. 1. 1. 1. 0. 1. 1. 1. 0. 0. 1. 0. 1. 0. 1. 1. 1. 1. 1. 1. 1. 1. 1.
  1. 1. 1. 0. 1. 1.]
 [1. 1. 1. 1. 1. 1. 1. 1. 0. 1. 0. 1. 1. 1. 1. 0. 1. 1. 0. 1. 1. 0. 1. 1.
  1. 0. 0. 1. 1. 1.]
 [0. 1. 1. 0. 1. 1. 1. 1. 1. 0. 1. 1. 1. 1. 1. 1. 0. 0. 1. 1. 1. 1. 0. 1.
  1. 1. 1. 1. 1. 1.]
 [0. 1. 1. 1. 1. 1. 1. 1. 1. 1. 1. 1. 1. 1. 1. 1. 0. 0. 0. 0. 1. 1. 1. 1.
  1. 1. 0. 0. 1. 1.]
 [0. 1. 0. 1. 1. 1. 1. 1. 1. 1. 0. 1. 1. 0. 1. 0. 1. 0. 0. 1. 0. 1. 1. 1.
  1. 1. 1. 1. 1. 1.]
 [1. 1. 1. 0. 1. 1. 1. 1. 1. 1. 1. 1. 1. 0. 1. 1. 1. 0. 1. 0. 0. 1. 1. 1.
  1. 1. 0. 1. 1. 1.]
 [0. 1. 1. 1. 1. 0. 1. 1. 1. 1. 0. 1. 0. 1. 1. 1. 1. 1. 0. 0. 0. 0. 0. 0.
  0. 0. 0. 0. 0. 0.]
 [1. 1. 1. 1. 1. 1. 0. 1. 1. 1. 1. 1. 1. 1. 1. 0. 1. 1. 1. 1. 0. 0. 0. 0.
  0. 0. 0. 0. 0. 0.]
 [1. 0. 1. 1. 0. 1. 1. 1. 1. 0. 1. 1. 1. 1. 1. 1. 0. 1. 1. 1. 0. 0. 0. 0.
  0. 0. 0. 0. 0. 0.]
 [1. 1. 1. 1. 1. 1. 1. 1. 1. 1. 0. 1. 0. 1. 1. 1. 1. 1. 1. 1. 0. 0. 0. 0.
  0. 0. 0. 0. 0. 0.]
 [0. 1. 1. 0. 1. 1. 1. 1. 0. 1. 1. 1. 1. 1. 1. 1. 1. 1. 1. 1. 0. 0. 0. 0.
  0. 0. 0. 0. 0. 0.]
 [1. 1. 1. 1. 1. 1. 1. 1. 1. 1. 1. 1. 0. 1. 1. 0. 1. 1. 1. 1. 0. 0. 0. 0.
  0. 0. 0. 0. 0. 0.]
 [1. 1. 1. 1. 1. 1. 1. 1. 0. 1. 1. 0. 1. 1. 1. 0. 1. 0. 1. 0. 0. 0. 0. 0.
  0. 0. 0. 0. 0. 0.]
 [1. 1. 1. 1. 1. 1. 1. 1. 1. 1. 1. 1. 0. 1. 0. 1. 1. 0. 1. 1. 0. 0. 0. 0.
  0. 0. 0. 0. 0. 0.]
 [0. 1. 1. 1. 1. 0. 0. 0. 1. 1. 1. 1. 1. 1. 1. 1. 1. 1. 1. 1. 0. 0. 0. 0.
  0. 0. 0. 0. 0. 0.]
 [1. 1. 1. 1. 0. 1. 1. 1. 1. 1. 1. 0. 1. 0. 1. 1. 1. 1. 1. 1. 0. 0. 0. 0.
  0. 0. 0. 0. 0. 0.]]
start_times_array: [[20168. 20247. 20292. 20326. 20387. 20395. 20492. 20551. 20623. 20705.
  20762. 20849. 20910. 21000. 21004. 21021. 21090. 21185. 21200. 21297.]
 [19215. 19272. 19356. 19371. 19390. 19404. 19458. 19529. 19558. 19575.
  19618. 19699. 19786. 19851. 19913. 19993. 20068. 20087. 20135. 20179.]
 [17755. 17961. 17962. 18058. 18510. 18594. 18613. 18688. 18771. 18796.
  18865. 18866. 18946. 18981. 19057. 19094. 19117. 19130. 19134. 19336.]
 [17202. 17218. 17341. 17363. 17391. 17480. 17579. 17648. 17670. 17826.
  17851. 17911. 17944. 18052. 18139. 18233. 18289. 18297. 18374. 18428.]
 [16136. 16139. 16190. 16260. 16316. 16404. 16475. 16492. 16590. 16663.
  16739. 16832. 16920. 16981. 17060. 17069. 17087. 17118. 17198. 17309.]
 [15247. 15382. 15479. 15486. 15540. 15552. 15620. 15646. 15688. 15707.
  15799. 15856. 15927. 15994. 15996. 16045. 16085. 16233. 16281. 16382.]
 [14187. 14419. 14525. 14527. 14533. 14598. 14640. 14659. 14723. 14774.
  14778. 14791. 14837. 14889. 14927. 14942. 15029. 15103. 15167. 15291.]
 [13266. 13544. 13670. 13694. 13765. 13777. 13814. 13878. 13895. 13990.
  14042. 14051. 14054. 14141. 14192. 14263. 14292. 14314. 14376. 14474.]
 [12274. 12427. 12618. 12644. 12725. 12768. 12811. 12904. 12939. 12975.
  13049. 13067. 13097. 13112. 13176. 13358. 13433. 13470. 13505. 13583.]
 [11366. 11472. 11493. 11611. 11641. 11703. 11773. 11860. 11889. 11975.
  12063. 12087. 12141. 12152. 12167. 12188. 12217. 12352. 12518. 12575.]
 [10363. 10481. 10607. 10653. 10750. 10817. 10876. 10941. 10988. 11008.
  11030. 11045. 11111. 11131. 11171. 11243. 11316. 11380. 11384. 11567.]
 [ 9451.  9484.  9493.  9577.  9647.  9703.  9763.  9779.  9863.  9876.
   9923.  9988. 10064. 10115. 10149. 10202. 10265. 10279. 10403. 10515.]
 [ 7510.  7577.  7595.  7661.  8811.  8876.  8968.  8998.  9235.  9236.
   9252.  9341.  9377.  9407.  9456.  9577.  9650.  9670.  9696.  9779.]
 [ 8297.  8396.  8468.  8490.  8569.  8629.  8657.  8716.  8811.  8895.
   8944.  9030.  9067.  9077.  9145.  9215.  9235.  9306.  9329.  9400.]
 [ 7106.  7298.  7386.  7510.  7551.  7650.  7695.  7706.  7754.  7756.
   7764.  7852.  7947.  8011.  8018.  8080.  8099.  8160.  8220.  8265.]
 [ 6272.  6509.  6527.  6604.  6637.  6654.  6663.  6668.  6744.  6819.
   6884.  6895.  6964.  6981.  7047.  7083.  7145.  7220.  7284.  7468.]
 [ 5069.  5246.  5378.  5438.  5532.  5547.  5560.  5568.  5584.  5645.
   5717.  5786.  5803.  5847.  5931.  6028.  6121.  6212.  6353.  6452.]
 [ 3394.  3510.  3580.  3622.  3718.  3732.  3813.  3870.  3886.  3931.
   4020.  4060.  4071.  4141.  4238.  4258.  4338.  4362.  5116.  5171.]
 [ 3837.  4020.  4024.  4165.  4277.  4368.  4434.  4493.  4590.  4605.
   4632.  4647.  4709.  4791.  4885.  4940.  4992.  5116.  5155.  5193.]
 [ 3126.  3143.  3242.  3289.  3371.  3385.  3387.  3469.  3538.  3544.
   3633.  3699.  3738.  3747.  3929.  4055.  4118.  4131.  4241.  5297.]
 [ 1921.  2020.  2088.  2144.  2237.  2336.  2413.  2464.  2528.  2594.
   2668.  2742.  2751.  2823.  2917.  2980.  3289.  3371.  3422.  3502.]
 [  142.   652.  1298.  1829.  1866.  1954.  2111.  2174.  2224.  2584.
   2614.  2621.  2699.  2771.  2807.  2830.  2924.  2949.  3023.  3029.]
 [ 1709.  1751.  1841.  1897.  1947.  1954.  2051.  2133.  2174.  2457.
   2504.  2580.  2668.  2679.  2747.  2823.  2854.  2862.  2943.  3023.]
 [  176.   238.  1592.  1690.  1916.  1928.  1994.  2051.  2111.  2123.
   2208.  2281.  2336.  2433.  2457.  2466.  2492.  2584.  2587.  2628.]
 [  111.   123.   980.  1054.  1163.  1196.  1599.  1640.  1736.  1740.
   1839.  1886.  1909.  1921.  2012.  2037.  2120.  2154.  2237.  2307.]
 [  376.   475.   525.   699.   942.  1027.  1118.  1194.  1233.  1399.
   1430.  1502.  1599.  1639.  1682.  1778.  1829.  1858.  1879.  1897.]
 [    0.    55.    96.   100.   465.   551.   610.   654.   727.   793.
    863.   942.  1120.  1171.  1237.  1382.  1399.  1429.  1464.  1519.]
 [   45.   143.   175.   216.   249.   272.   311.   496.   719.  1094.
   1122.  1177.  1237.  1298.  1382.  1384.  1502.  1519.  1592.  1618.]
 [   67.    88.   198.   297.   376.   397.   445.   489.   556.   604.
    700.   719.   781.   837.  1038.  1054.  1094.  1163.  1256.  1271.]
 [    0.    45.    67.   156.   198.   241.   340.   431.   465.   508.
    576.   652.   707.   708.   781.   837.   926.   939.  1038.  1122.]]
