optimal_status: 0
solution: 11457.0
cpu_time: 3600.271582841873
gap: 0.8564326066146233
upper_bound: 1644.851626016261
lower_bound: 11457.0
cg_matrix: [[0. 0. 1. 1. 1. 1. 0. 0. 0. 0. 0. 0. 0. 0. 1. 0. 0. 0. 1. 0. 0. 0. 1. 0.
  0. 1. 0. 1. 1. 1. 0. 0. 0. 1. 1. 0. 0. 1. 1. 0. 0. 1. 1. 1. 0. 0. 0. 0.
  1. 1.]
 [0. 0. 0. 0. 0. 1. 1. 0. 1. 0. 1. 0. 1. 1. 1. 0. 1. 0. 0. 1. 1. 0. 1. 1.
  0. 1. 1. 0. 0. 1. 1. 1. 0. 0. 1. 0. 1. 0. 0. 0. 1. 1. 1. 0. 0. 0. 1. 0.
  1. 0.]
 [1. 0. 0. 0. 0. 0. 1. 1. 0. 0. 1. 1. 1. 0. 1. 1. 1. 0. 0. 1. 1. 1. 0. 0.
  0. 1. 0. 1. 1. 1. 0. 1. 1. 1. 0. 0. 0. 1. 0. 0. 0. 1. 0. 1. 0. 0. 0. 0.
  0. 1.]
 [1. 0. 0. 0. 0. 0. 1. 0. 0. 1. 1. 0. 1. 1. 1. 1. 1. 0. 0. 0. 1. 1. 0. 0.
  1. 1. 1. 0. 0. 0. 0. 0. 0. 1. 0. 1. 0. 0. 0. 1. 0. 1. 1. 1. 0. 1. 1. 1.
  1. 1.]
 [1. 0. 0. 0. 0. 1. 1. 0. 1. 0. 0. 0. 1. 1. 0. 0. 1. 1. 1. 1. 0. 0. 0. 1.
  1. 1. 1. 0. 0. 0. 0. 1. 1. 0. 1. 1. 1. 0. 0. 0. 1. 0. 1. 1. 0. 0. 0. 1.
  1. 1.]
 [1. 1. 0. 0. 1. 0. 1. 0. 0. 1. 0. 1. 1. 0. 0. 0. 1. 1. 1. 0. 1. 1. 0. 0.
  1. 0. 1. 0. 1. 0. 0. 0. 0. 0. 1. 0. 0. 1. 1. 1. 0. 0. 0. 1. 1. 0. 0. 0.
  1. 1.]
 [0. 1. 1. 1. 1. 1. 0. 1. 0. 1. 1. 0. 1. 0. 0. 1. 1. 1. 0. 0. 1. 1. 0. 0.
  0. 1. 0. 1. 1. 1. 1. 0. 0. 0. 1. 0. 1. 1. 0. 0. 1. 1. 1. 1. 1. 0. 0. 0.
  1. 1.]
 [0. 0. 1. 0. 0. 0. 1. 0. 0. 0. 1. 1. 0. 1. 0. 1. 0. 0. 0. 1. 1. 1. 0. 1.
  1. 0. 0. 0. 0. 0. 0. 1. 1. 0. 0. 0. 0. 0. 0. 1. 1. 1. 1. 1. 1. 0. 1. 1.
  0. 0.]
 [0. 1. 0. 0. 1. 0. 0. 0. 0. 0. 1. 0. 0. 0. 1. 1. 1. 0. 0. 0. 0. 0. 1. 0.
  0. 0. 0. 1. 0. 0. 1. 1. 1. 1. 0. 1. 0. 0. 0. 0. 0. 1. 0. 1. 0. 0. 0. 0.
  1. 1.]
 [0. 0. 0. 1. 0. 1. 1. 0. 0. 0. 1. 1. 1. 0. 1. 0. 0. 1. 0. 1. 0. 0. 1. 0.
  1. 0. 1. 0. 0. 0. 0. 0. 1. 1. 1. 1. 1. 0. 0. 0. 0. 1. 0. 1. 1. 1. 0. 0.
  1. 0.]
 [0. 1. 1. 1. 0. 0. 1. 1. 1. 1. 0. 1. 1. 1. 1. 1. 1. 1. 0. 0. 0. 0. 0. 0.
  1. 0. 1. 0. 1. 1. 0. 0. 0. 1. 1. 0. 1. 0. 1. 0. 0. 0. 1. 1. 1. 1. 1. 1.
  1. 0.]
 [0. 0. 1. 0. 0. 1. 0. 1. 0. 1. 1. 0. 0. 1. 0. 1. 0. 1. 1. 0. 0. 0. 1. 1.
  0. 0. 0. 1. 0. 1. 0. 0. 1. 1. 0. 0. 1. 0. 1. 0. 1. 1. 1. 1. 1. 1. 0. 1.
  1. 0.]
 [0. 1. 1. 1. 1. 1. 1. 0. 0. 1. 1. 0. 0. 0. 0. 0. 0. 0. 1. 0. 1. 0. 1. 0.
  0. 0. 1. 0. 0. 0. 1. 1. 1. 0. 0. 0. 1. 0. 0. 0. 1. 0. 1. 1. 0. 0. 1. 0.
  1. 0.]
 [0. 1. 0. 1. 1. 0. 0. 1. 0. 0. 1. 1. 0. 0. 1. 0. 1. 0. 1. 1. 1. 1. 1. 1.
  0. 0. 1. 0. 0. 0. 1. 1. 1. 1. 0. 1. 1. 1. 0. 1. 1. 1. 1. 0. 0. 1. 0. 1.
  0. 0.]
 [1. 1. 1. 1. 0. 0. 0. 0. 1. 1. 1. 0. 0. 1. 0. 0. 0. 1. 0. 0. 1. 1. 0. 1.
  1. 1. 1. 1. 0. 0. 0. 0. 1. 1. 1. 0. 1. 0. 1. 1. 0. 0. 1. 0. 0. 1. 1. 0.
  1. 1.]
 [0. 0. 1. 1. 0. 0. 1. 1. 1. 0. 1. 1. 0. 0. 0. 0. 0. 0. 0. 0. 0. 0. 0. 0.
  0. 0. 0. 0. 0. 0. 0. 0. 0. 0. 0. 0. 0. 0. 0. 0. 0. 0. 0. 0. 0. 0. 0. 0.
  0. 0.]
 [0. 1. 1. 1. 1. 1. 1. 0. 1. 0. 1. 0. 0. 1. 0. 0. 0. 0. 0. 0. 0. 0. 0. 0.
  0. 0. 0. 0. 0. 0. 0. 0. 0. 0. 0. 0. 0. 0. 0. 0. 0. 0. 0. 0. 0. 0. 0. 0.
  0. 0.]
 [0. 0. 0. 0. 1. 1. 1. 0. 0. 1. 1. 1. 0. 0. 1. 0. 0. 0. 0. 0. 0. 0. 0. 0.
  0. 0. 0. 0. 0. 0. 0. 0. 0. 0. 0. 0. 0. 0. 0. 0. 0. 0. 0. 0. 0. 0. 0. 0.
  0. 0.]
 [1. 0. 0. 0. 1. 1. 0. 0. 0. 0. 0. 1. 1. 1. 0. 0. 0. 0. 0. 0. 0. 0. 0. 0.
  0. 0. 0. 0. 0. 0. 0. 0. 0. 0. 0. 0. 0. 0. 0. 0. 0. 0. 0. 0. 0. 0. 0. 0.
  0. 0.]
 [0. 1. 1. 0. 1. 0. 0. 1. 0. 1. 0. 0. 0. 1. 0. 0. 0. 0. 0. 0. 0. 0. 0. 0.
  0. 0. 0. 0. 0. 0. 0. 0. 0. 0. 0. 0. 0. 0. 0. 0. 0. 0. 0. 0. 0. 0. 0. 0.
  0. 0.]
 [0. 1. 1. 1. 0. 1. 1. 1. 0. 0. 0. 0. 1. 1. 1. 0. 0. 0. 0. 0. 0. 0. 0. 0.
  0. 0. 0. 0. 0. 0. 0. 0. 0. 0. 0. 0. 0. 0. 0. 0. 0. 0. 0. 0. 0. 0. 0. 0.
  0. 0.]
 [0. 0. 1. 1. 0. 1. 1. 1. 0. 0. 0. 0. 0. 1. 1. 0. 0. 0. 0. 0. 0. 0. 0. 0.
  0. 0. 0. 0. 0. 0. 0. 0. 0. 0. 0. 0. 0. 0. 0. 0. 0. 0. 0. 0. 0. 0. 0. 0.
  0. 0.]
 [1. 1. 0. 0. 0. 0. 0. 0. 1. 1. 0. 1. 1. 1. 0. 0. 0. 0. 0. 0. 0. 0. 0. 0.
  0. 0. 0. 0. 0. 0. 0. 0. 0. 0. 0. 0. 0. 0. 0. 0. 0. 0. 0. 0. 0. 0. 0. 0.
  0. 0.]
 [0. 1. 0. 0. 1. 0. 0. 1. 0. 0. 0. 1. 0. 1. 1. 0. 0. 0. 0. 0. 0. 0. 0. 0.
  0. 0. 0. 0. 0. 0. 0. 0. 0. 0. 0. 0. 0. 0. 0. 0. 0. 0. 0. 0. 0. 0. 0. 0.
  0. 0.]
 [0. 0. 0. 1. 1. 1. 0. 1. 0. 1. 1. 0. 0. 0. 1. 0. 0. 0. 0. 0. 0. 0. 0. 0.
  0. 0. 0. 0. 0. 0. 0. 0. 0. 0. 0. 0. 0. 0. 0. 0. 0. 0. 0. 0. 0. 0. 0. 0.
  0. 0.]
 [1. 1. 1. 1. 1. 0. 1. 0. 0. 0. 0. 0. 0. 0. 1. 0. 0. 0. 0. 0. 0. 0. 0. 0.
  0. 0. 0. 0. 0. 0. 0. 0. 0. 0. 0. 0. 0. 0. 0. 0. 0. 0. 0. 0. 0. 0. 0. 0.
  0. 0.]
 [0. 1. 0. 1. 1. 1. 0. 0. 0. 1. 1. 0. 1. 1. 1. 0. 0. 0. 0. 0. 0. 0. 0. 0.
  0. 0. 0. 0. 0. 0. 0. 0. 0. 0. 0. 0. 0. 0. 0. 0. 0. 0. 0. 0. 0. 0. 0. 0.
  0. 0.]
 [1. 0. 1. 0. 0. 0. 1. 0. 1. 0. 0. 1. 0. 0. 1. 0. 0. 0. 0. 0. 0. 0. 0. 0.
  0. 0. 0. 0. 0. 0. 0. 0. 0. 0. 0. 0. 0. 0. 0. 0. 0. 0. 0. 0. 0. 0. 0. 0.
  0. 0.]
 [1. 0. 1. 0. 0. 1. 1. 0. 0. 0. 1. 0. 0. 0. 0. 0. 0. 0. 0. 0. 0. 0. 0. 0.
  0. 0. 0. 0. 0. 0. 0. 0. 0. 0. 0. 0. 0. 0. 0. 0. 0. 0. 0. 0. 0. 0. 0. 0.
  0. 0.]
 [1. 1. 1. 0. 0. 0. 1. 0. 0. 0. 1. 1. 0. 0. 0. 0. 0. 0. 0. 0. 0. 0. 0. 0.
  0. 0. 0. 0. 0. 0. 0. 0. 0. 0. 0. 0. 0. 0. 0. 0. 0. 0. 0. 0. 0. 0. 0. 0.
  0. 0.]
 [0. 1. 0. 0. 0. 0. 1. 0. 1. 0. 0. 0. 1. 1. 0. 0. 0. 0. 0. 0. 0. 0. 0. 0.
  0. 0. 0. 0. 0. 0. 0. 0. 0. 0. 0. 0. 0. 0. 0. 0. 0. 0. 0. 0. 0. 0. 0. 0.
  0. 0.]
 [0. 1. 1. 0. 1. 0. 0. 1. 1. 0. 0. 0. 1. 1. 0. 0. 0. 0. 0. 0. 0. 0. 0. 0.
  0. 0. 0. 0. 0. 0. 0. 0. 0. 0. 0. 0. 0. 0. 0. 0. 0. 0. 0. 0. 0. 0. 0. 0.
  0. 0.]
 [0. 0. 1. 0. 1. 0. 0. 1. 1. 1. 0. 1. 1. 1. 1. 0. 0. 0. 0. 0. 0. 0. 0. 0.
  0. 0. 0. 0. 0. 0. 0. 0. 0. 0. 0. 0. 0. 0. 0. 0. 0. 0. 0. 0. 0. 0. 0. 0.
  0. 0.]
 [1. 0. 1. 1. 0. 0. 0. 0. 1. 1. 1. 1. 0. 1. 1. 0. 0. 0. 0. 0. 0. 0. 0. 0.
  0. 0. 0. 0. 0. 0. 0. 0. 0. 0. 0. 0. 0. 0. 0. 0. 0. 0. 0. 0. 0. 0. 0. 0.
  0. 0.]
 [1. 1. 0. 0. 1. 1. 1. 0. 0. 1. 1. 0. 0. 0. 1. 0. 0. 0. 0. 0. 0. 0. 0. 0.
  0. 0. 0. 0. 0. 0. 0. 0. 0. 0. 0. 0. 0. 0. 0. 0. 0. 0. 0. 0. 0. 0. 0. 0.
  0. 0.]
 [0. 0. 0. 1. 1. 0. 0. 0. 1. 1. 0. 0. 0. 1. 0. 0. 0. 0. 0. 0. 0. 0. 0. 0.
  0. 0. 0. 0. 0. 0. 0. 0. 0. 0. 0. 0. 0. 0. 0. 0. 0. 0. 0. 0. 0. 0. 0. 0.
  0. 0.]
 [0. 1. 0. 0. 1. 0. 1. 0. 0. 1. 1. 1. 1. 1. 1. 0. 0. 0. 0. 0. 0. 0. 0. 0.
  0. 0. 0. 0. 0. 0. 0. 0. 0. 0. 0. 0. 0. 0. 0. 0. 0. 0. 0. 0. 0. 0. 0. 0.
  0. 0.]
 [1. 0. 1. 0. 0. 1. 1. 0. 0. 0. 0. 0. 0. 1. 0. 0. 0. 0. 0. 0. 0. 0. 0. 0.
  0. 0. 0. 0. 0. 0. 0. 0. 0. 0. 0. 0. 0. 0. 0. 0. 0. 0. 0. 0. 0. 0. 0. 0.
  0. 0.]
 [1. 0. 0. 0. 0. 1. 0. 0. 0. 0. 1. 1. 0. 0. 1. 0. 0. 0. 0. 0. 0. 0. 0. 0.
  0. 0. 0. 0. 0. 0. 0. 0. 0. 0. 0. 0. 0. 0. 0. 0. 0. 0. 0. 0. 0. 0. 0. 0.
  0. 0.]
 [0. 0. 0. 1. 0. 1. 0. 1. 0. 0. 0. 0. 0. 1. 1. 0. 0. 0. 0. 0. 0. 0. 0. 0.
  0. 0. 0. 0. 0. 0. 0. 0. 0. 0. 0. 0. 0. 0. 0. 0. 0. 0. 0. 0. 0. 0. 0. 0.
  0. 0.]
 [0. 1. 0. 0. 1. 0. 1. 1. 0. 0. 0. 1. 1. 1. 0. 0. 0. 0. 0. 0. 0. 0. 0. 0.
  0. 0. 0. 0. 0. 0. 0. 0. 0. 0. 0. 0. 0. 0. 0. 0. 0. 0. 0. 0. 0. 0. 0. 0.
  0. 0.]
 [1. 1. 1. 1. 0. 0. 1. 1. 1. 1. 0. 1. 0. 1. 0. 0. 0. 0. 0. 0. 0. 0. 0. 0.
  0. 0. 0. 0. 0. 0. 0. 0. 0. 0. 0. 0. 0. 0. 0. 0. 0. 0. 0. 0. 0. 0. 0. 0.
  0. 0.]
 [1. 1. 0. 1. 1. 0. 1. 1. 0. 0. 1. 1. 1. 1. 1. 0. 0. 0. 0. 0. 0. 0. 0. 0.
  0. 0. 0. 0. 0. 0. 0. 0. 0. 0. 0. 0. 0. 0. 0. 0. 0. 0. 0. 0. 0. 0. 0. 0.
  0. 0.]
 [1. 0. 1. 1. 1. 1. 1. 1. 1. 1. 1. 1. 1. 0. 0. 0. 0. 0. 0. 0. 0. 0. 0. 0.
  0. 0. 0. 0. 0. 0. 0. 0. 0. 0. 0. 0. 0. 0. 0. 0. 0. 0. 0. 0. 0. 0. 0. 0.
  0. 0.]
 [0. 0. 0. 0. 0. 1. 1. 1. 0. 1. 1. 1. 0. 0. 0. 0. 0. 0. 0. 0. 0. 0. 0. 0.
  0. 0. 0. 0. 0. 0. 0. 0. 0. 0. 0. 0. 0. 0. 0. 0. 0. 0. 0. 0. 0. 0. 0. 0.
  0. 0.]
 [0. 0. 0. 1. 0. 0. 0. 0. 0. 1. 1. 1. 0. 1. 1. 0. 0. 0. 0. 0. 0. 0. 0. 0.
  0. 0. 0. 0. 0. 0. 0. 0. 0. 0. 0. 0. 0. 0. 0. 0. 0. 0. 0. 0. 0. 0. 0. 0.
  0. 0.]
 [0. 1. 0. 1. 0. 0. 0. 1. 0. 0. 1. 0. 1. 0. 1. 0. 0. 0. 0. 0. 0. 0. 0. 0.
  0. 0. 0. 0. 0. 0. 0. 0. 0. 0. 0. 0. 0. 0. 0. 0. 0. 0. 0. 0. 0. 0. 0. 0.
  0. 0.]
 [0. 0. 0. 1. 1. 0. 0. 1. 0. 0. 1. 1. 0. 1. 0. 0. 0. 0. 0. 0. 0. 0. 0. 0.
  0. 0. 0. 0. 0. 0. 0. 0. 0. 0. 0. 0. 0. 0. 0. 0. 0. 0. 0. 0. 0. 0. 0. 0.
  0. 0.]
 [1. 1. 0. 1. 1. 1. 1. 0. 1. 1. 1. 1. 1. 0. 1. 0. 0. 0. 0. 0. 0. 0. 0. 0.
  0. 0. 0. 0. 0. 0. 0. 0. 0. 0. 0. 0. 0. 0. 0. 0. 0. 0. 0. 0. 0. 0. 0. 0.
  0. 0.]
 [1. 0. 1. 1. 1. 1. 1. 0. 1. 0. 0. 0. 0. 0. 1. 0. 0. 0. 0. 0. 0. 0. 0. 0.
  0. 0. 0. 0. 0. 0. 0. 0. 0. 0. 0. 0. 0. 0. 0. 0. 0. 0. 0. 0. 0. 0. 0. 0.
  0. 0.]]
start_times_array: [[3.6440e+03 4.0070e+03 9.8650e+03 1.0020e+04 1.0028e+04 1.0171e+04
  1.0975e+04 1.1067e+04 1.1097e+04 1.1107e+04 1.1189e+04 1.1234e+04
  1.1308e+04 1.1332e+04 1.1419e+04]
 [1.0020e+04 1.0203e+04 1.0258e+04 1.0274e+04 1.0351e+04 1.0437e+04
  1.0520e+04 1.0546e+04 1.0638e+04 1.0661e+04 1.0711e+04 1.1067e+04
  1.1148e+04 1.1163e+04 1.1189e+04]
 [9.1990e+03 9.2340e+03 9.2900e+03 9.3220e+03 1.0245e+04 1.0315e+04
  1.0514e+04 1.0537e+04 1.0583e+04 1.0591e+04 1.0666e+04 1.0711e+04
  1.0819e+04 1.0826e+04 1.0888e+04]
 [6.1920e+03 9.9290e+03 9.9420e+03 1.0038e+04 1.0351e+04 1.0383e+04
  1.0409e+04 1.0417e+04 1.0419e+04 1.0520e+04 1.0716e+04 1.0778e+04
  1.0826e+04 1.0851e+04 1.0929e+04]
 [9.4820e+03 1.0038e+04 1.0106e+04 1.0245e+04 1.0338e+04 1.0406e+04
  1.0481e+04 1.0535e+04 1.0537e+04 1.0597e+04 1.0696e+04 1.0709e+04
  1.0712e+04 1.0778e+04 1.0915e+04]
 [9.0350e+03 9.1990e+03 9.2830e+03 9.2900e+03 9.3600e+03 9.4030e+03
  9.4400e+03 9.5770e+03 9.6690e+03 9.7390e+03 9.8300e+03 9.8600e+03
  9.8930e+03 9.9500e+03 1.0835e+04]
 [1.0370e+03 8.3530e+03 8.4980e+03 8.5950e+03 8.6520e+03 8.7020e+03
  8.7740e+03 8.8150e+03 8.8810e+03 8.9050e+03 9.0030e+03 9.0140e+03
  9.0780e+03 9.1070e+03 9.1130e+03]
 [7.5480e+03 7.6340e+03 7.6980e+03 7.7920e+03 7.8440e+03 7.9320e+03
  8.0310e+03 8.1120e+03 8.1660e+03 8.2580e+03 8.4500e+03 8.4650e+03
  8.5100e+03 8.6140e+03 8.7200e+03]
 [8.8900e+02 5.5180e+03 7.4970e+03 7.5510e+03 7.6980e+03 7.7200e+03
  7.8130e+03 7.8490e+03 7.9320e+03 8.0310e+03 8.0580e+03 8.0730e+03
  8.1360e+03 8.2300e+03 8.3530e+03]
 [3.8500e+02 7.5890e+03 7.6980e+03 7.7110e+03 7.7920e+03 7.8860e+03
  7.9770e+03 8.0560e+03 8.1360e+03 8.1490e+03 8.2300e+03 8.2640e+03
  8.2830e+03 8.3500e+03 8.5100e+03]
 [2.6800e+02 6.8070e+03 6.8630e+03 6.9400e+03 6.9570e+03 6.9740e+03
  7.0250e+03 7.0280e+03 7.0370e+03 7.0440e+03 7.1070e+03 7.1940e+03
  7.2600e+03 7.4230e+03 7.6380e+03]
 [5.6590e+03 5.7300e+03 6.1550e+03 6.1920e+03 6.2610e+03 6.2930e+03
  6.3790e+03 6.4050e+03 6.5030e+03 6.5980e+03 6.6290e+03 6.6400e+03
  6.7220e+03 7.3520e+03 7.4870e+03]
 [4.4110e+03 4.6350e+03 4.7210e+03 4.7220e+03 4.7400e+03 4.7870e+03
  5.1790e+03 5.2630e+03 5.2740e+03 5.2920e+03 5.3330e+03 5.4050e+03
  6.4050e+03 6.4550e+03 6.5340e+03]
 [4.9760e+03 5.0430e+03 5.2340e+03 5.3330e+03 5.3620e+03 5.5180e+03
  5.5980e+03 5.6370e+03 5.6380e+03 5.6920e+03 5.8160e+03 5.8840e+03
  5.9720e+03 6.0600e+03 6.1900e+03]
 [7.8100e+02 4.1240e+03 4.3810e+03 4.4230e+03 4.4880e+03 4.4920e+03
  4.5970e+03 4.6470e+03 4.7400e+03 4.8140e+03 4.8900e+03 4.9000e+03
  5.0840e+03 5.1390e+03 5.4240e+03]
 [5.1200e+02 6.5700e+02 1.1200e+03 1.5260e+03 3.9600e+03 3.9820e+03
  3.9830e+03 4.1550e+03 4.2040e+03 4.2160e+03 4.3410e+03 4.3580e+03
  4.4250e+03 4.7220e+03 4.8810e+03]
 [4.6100e+02 3.6480e+03 3.6980e+03 3.7490e+03 3.8020e+03 4.0590e+03
  4.0940e+03 4.1050e+03 4.3810e+03 4.4330e+03 4.4910e+03 4.5670e+03
  4.5990e+03 4.6610e+03 4.7210e+03]
 [4.8000e+01 4.2800e+02 2.1200e+03 3.3280e+03 3.4570e+03 3.8240e+03
  3.8470e+03 3.9230e+03 4.0050e+03 4.0560e+03 4.2040e+03 4.2620e+03
  4.3280e+03 4.3410e+03 4.5540e+03]
 [2.1900e+02 2.5100e+02 9.8300e+02 3.2600e+03 3.3780e+03 3.4570e+03
  3.4940e+03 3.9210e+03 4.0410e+03 4.1260e+03 4.1790e+03 4.2040e+03
  4.3790e+03 4.7560e+03 4.8900e+03]
 [5.7500e+02 5.9300e+02 6.2400e+02 7.2100e+02 8.1500e+02 1.0540e+03
  1.1270e+03 3.2550e+03 3.6100e+03 3.8230e+03 3.8750e+03 3.9230e+03
  3.9950e+03 4.4910e+03 4.5110e+03]
 [0.0000e+00 4.2200e+02 3.1820e+03 3.4270e+03 3.4840e+03 3.5710e+03
  3.5820e+03 3.6780e+03 3.7470e+03 3.8750e+03 3.9700e+03 4.0300e+03
  4.2040e+03 4.2980e+03 4.5540e+03]
 [2.7000e+01 1.0300e+02 3.5900e+02 4.0500e+02 4.3800e+02 5.2300e+02
  2.8520e+03 2.9210e+03 3.3860e+03 3.4710e+03 3.5480e+03 3.5780e+03
  3.5830e+03 3.6780e+03 4.0950e+03]
 [4.3000e+01 6.0000e+02 3.1040e+03 3.1750e+03 3.2020e+03 3.2690e+03
  3.2800e+03 3.3030e+03 3.4000e+03 3.4710e+03 3.4940e+03 3.5480e+03
  3.7200e+03 3.7750e+03 4.0410e+03]
 [1.2500e+02 6.2400e+02 2.1350e+03 2.9210e+03 2.9660e+03 3.0600e+03
  3.0640e+03 3.1100e+03 3.1620e+03 3.4210e+03 3.4350e+03 3.7310e+03
  3.8010e+03 3.8020e+03 4.0180e+03]
 [1.8500e+02 2.5200e+02 5.9300e+02 7.6800e+02 1.4400e+03 2.9040e+03
  2.9830e+03 3.0650e+03 3.1410e+03 3.1550e+03 3.1610e+03 3.1880e+03
  3.4350e+03 3.5590e+03 3.6100e+03]
 [9.8800e+02 9.9600e+02 1.1200e+03 1.4590e+03 3.1390e+03 3.3020e+03
  3.4000e+03 3.4650e+03 3.6200e+03 3.7200e+03 3.8030e+03 3.8240e+03
  4.0410e+03 4.0940e+03 4.2040e+03]
 [6.2700e+02 9.1800e+02 1.3000e+03 1.3600e+03 1.8250e+03 1.9030e+03
  2.6660e+03 2.6710e+03 2.6970e+03 2.7450e+03 2.8370e+03 3.1210e+03
  3.1410e+03 3.2890e+03 3.3800e+03]
 [2.8000e+01 1.6600e+02 1.9000e+02 1.1200e+03 1.1340e+03 1.3580e+03
  2.4390e+03 2.8790e+03 2.8920e+03 3.1080e+03 3.2690e+03 3.3220e+03
  3.3880e+03 3.5690e+03 3.8250e+03]
 [1.4300e+02 3.4400e+02 4.0700e+02 5.5300e+02 1.9910e+03 2.8260e+03
  3.0120e+03 3.0600e+03 3.1690e+03 3.2550e+03 3.2870e+03 3.3640e+03
  3.4650e+03 3.4960e+03 3.5830e+03]
 [0.0000e+00 2.3000e+01 1.0400e+02 1.2600e+02 1.7400e+02 1.7900e+02
  1.8800e+02 2.1700e+02 3.8500e+02 4.7600e+02 7.2100e+02 2.7220e+03
  3.0340e+03 3.1210e+03 3.2390e+03]
 [8.5000e+01 4.4200e+02 6.6900e+02 6.8700e+02 8.3100e+02 8.5700e+02
  1.1200e+03 2.1850e+03 2.6420e+03 2.7340e+03 2.8840e+03 3.0680e+03
  3.2370e+03 3.3890e+03 3.4360e+03]
 [1.1000e+01 2.0870e+03 2.1420e+03 2.6770e+03 2.7340e+03 2.7450e+03
  2.8240e+03 2.9250e+03 3.0240e+03 3.0680e+03 3.1970e+03 3.2560e+03
  3.2690e+03 3.2790e+03 3.3270e+03]
 [3.0000e+02 3.4200e+02 4.4600e+02 1.2140e+03 1.2770e+03 1.5430e+03
  1.6100e+03 2.1730e+03 2.2070e+03 2.2730e+03 2.6150e+03 2.6540e+03
  2.7940e+03 2.8530e+03 2.9250e+03]
 [1.0410e+03 1.7140e+03 1.7250e+03 1.9030e+03 2.4560e+03 2.4650e+03
  2.7720e+03 2.8520e+03 2.9440e+03 3.0030e+03 3.0240e+03 3.0890e+03
  3.1410e+03 3.3100e+03 3.3270e+03]
 [0.0000e+00 7.6000e+01 5.9100e+02 6.9400e+02 1.9970e+03 2.0050e+03
  2.1760e+03 2.1800e+03 2.1880e+03 2.2070e+03 2.2850e+03 2.3870e+03
  2.4140e+03 2.4230e+03 2.4390e+03]
 [5.9000e+02 7.7100e+02 2.1410e+03 2.1790e+03 2.3080e+03 2.4650e+03
  2.5390e+03 2.6460e+03 2.6520e+03 2.6690e+03 2.7180e+03 2.7940e+03
  2.8600e+03 2.8790e+03 2.9060e+03]
 [1.9480e+03 2.0670e+03 2.1410e+03 2.1760e+03 2.1870e+03 2.2680e+03
  2.3400e+03 2.4160e+03 2.4650e+03 2.5320e+03 2.5610e+03 2.6130e+03
  2.6460e+03 2.7180e+03 2.7720e+03]
 [2.9200e+02 3.8800e+02 5.8500e+02 1.8790e+03 1.9480e+03 1.9900e+03
  2.0670e+03 2.1800e+03 2.1880e+03 2.2250e+03 2.2850e+03 2.3060e+03
  2.3710e+03 2.3760e+03 2.4160e+03]
 [0.0000e+00 2.5000e+01 6.9000e+01 1.0100e+02 1.7500e+02 1.8500e+02
  1.9000e+02 2.5200e+02 1.1490e+03 1.4940e+03 1.6160e+03 1.6460e+03
  1.9500e+03 1.9710e+03 2.0290e+03]
 [0.0000e+00 2.2000e+01 5.0700e+02 5.6200e+02 1.0650e+03 1.1070e+03
  1.4680e+03 1.8010e+03 1.8130e+03 1.8950e+03 1.9470e+03 1.9880e+03
  2.0280e+03 2.1140e+03 2.1420e+03]
 [0.0000e+00 4.2800e+02 6.9100e+02 1.1670e+03 1.2370e+03 1.4120e+03
  1.5090e+03 1.5910e+03 1.6740e+03 1.6910e+03 1.7420e+03 1.8380e+03
  1.8650e+03 1.9610e+03 2.0240e+03]
 [1.9000e+02 4.2800e+02 5.9600e+02 6.9700e+02 8.1400e+02 1.1200e+03
  1.2560e+03 1.2960e+03 1.3580e+03 1.4560e+03 1.5110e+03 1.5810e+03
  2.0290e+03 2.0520e+03 2.2620e+03]
 [1.0600e+02 1.6700e+02 1.3790e+03 1.4590e+03 1.4610e+03 1.5270e+03
  1.5720e+03 1.5940e+03 1.6150e+03 1.6850e+03 1.6990e+03 1.7310e+03
  1.8010e+03 1.9450e+03 1.9910e+03]
 [4.5900e+02 5.2400e+02 7.7200e+02 8.2900e+02 9.6900e+02 1.1240e+03
  1.2530e+03 1.2840e+03 1.3000e+03 1.3750e+03 1.4400e+03 1.5600e+03
  1.6160e+03 1.8130e+03 1.9440e+03]
 [3.9000e+01 1.4400e+02 5.8800e+02 5.9600e+02 1.2170e+03 1.2840e+03
  1.3720e+03 1.4120e+03 1.5020e+03 1.5110e+03 1.6100e+03 1.7030e+03
  1.7420e+03 1.8380e+03 1.9280e+03]
 [2.2000e+01 1.0500e+02 1.6600e+02 3.3100e+02 4.3600e+02 5.3100e+02
  5.5300e+02 6.0000e+02 7.0500e+02 8.5700e+02 8.8900e+02 9.8300e+02
  9.9700e+02 1.0670e+03 1.1070e+03]
 [0.0000e+00 3.6000e+01 1.2600e+02 1.3100e+02 3.3100e+02 4.3200e+02
  4.3800e+02 5.3100e+02 5.3700e+02 6.4800e+02 9.5200e+02 1.0450e+03
  1.1440e+03 1.2140e+03 1.3000e+03]
 [7.8000e+01 1.0300e+02 5.4600e+02 6.4300e+02 7.3700e+02 8.8900e+02
  9.5100e+02 1.0140e+03 1.0650e+03 1.1240e+03 1.1920e+03 1.4450e+03
  1.6100e+03 1.6740e+03 1.7310e+03]
 [0.0000e+00 6.8000e+01 1.1000e+02 1.6600e+02 3.7600e+02 4.2800e+02
  4.5900e+02 5.3900e+02 6.3800e+02 6.9100e+02 7.7300e+02 8.5700e+02
  1.1200e+03 1.3180e+03 1.6910e+03]
 [0.0000e+00 5.6000e+01 6.8000e+01 1.1400e+02 1.3800e+02 1.8300e+02
  2.6800e+02 3.4200e+02 3.8800e+02 4.1800e+02 5.0700e+02 5.0900e+02
  5.9600e+02 6.5300e+02 1.1940e+03]]
