optimal_status: 0
solution: 16225.0
cpu_time: 3600.2763850688934
gap: 0.9183359013867488
upper_bound: 1325.0
lower_bound: 16225.0
cg_matrix: [[0. 1. 1. 0. 1. 0. 0. 1. 1. 1. 0. 1. 1. 0. 1. 1. 0. 0. 0. 1.]
 [1. 0. 1. 1. 1. 1. 1. 1. 1. 1. 1. 0. 1. 1. 1. 1. 1. 1. 1. 1.]
 [1. 1. 0. 1. 1. 1. 1. 1. 0. 1. 1. 1. 1. 1. 1. 1. 1. 1. 1. 1.]
 [0. 1. 1. 0. 1. 1. 1. 0. 0. 1. 1. 1. 1. 1. 1. 0. 1. 1. 0. 1.]
 [1. 1. 1. 1. 0. 1. 1. 1. 1. 1. 1. 1. 1. 1. 1. 1. 1. 1. 1. 1.]
 [0. 1. 1. 1. 1. 0. 1. 1. 1. 1. 1. 0. 1. 1. 1. 0. 1. 1. 1. 1.]
 [0. 1. 1. 1. 1. 1. 0. 1. 1. 1. 1. 1. 1. 0. 1. 0. 1. 1. 0. 1.]
 [1. 1. 1. 0. 1. 1. 1. 0. 1. 1. 0. 1. 1. 1. 1. 0. 1. 1. 0. 1.]
 [1. 1. 0. 0. 1. 1. 1. 1. 0. 1. 1. 1. 1. 1. 1. 1. 1. 1. 1. 1.]
 [1. 1. 1. 1. 1. 1. 1. 1. 1. 0. 1. 0. 1. 0. 1. 1. 1. 1. 1. 1.]
 [0. 1. 1. 1. 1. 1. 1. 0. 1. 1. 0. 0. 1. 1. 0. 1. 1. 1. 1. 1.]
 [1. 0. 1. 1. 1. 0. 1. 1. 1. 0. 0. 0. 0. 1. 1. 1. 0. 1. 1. 0.]
 [1. 1. 1. 1. 1. 1. 1. 1. 1. 1. 1. 0. 0. 1. 0. 1. 1. 1. 1. 0.]
 [0. 1. 1. 1. 1. 1. 0. 1. 1. 0. 1. 1. 1. 0. 1. 0. 1. 1. 1. 1.]
 [1. 1. 1. 1. 1. 1. 1. 1. 1. 1. 0. 1. 0. 1. 0. 1. 1. 1. 1. 1.]
 [1. 1. 1. 0. 1. 0. 0. 0. 1. 1. 1. 1. 1. 0. 1. 0. 0. 1. 1. 1.]
 [0. 1. 1. 1. 1. 1. 1. 1. 1. 1. 1. 0. 1. 1. 1. 0. 0. 1. 0. 1.]
 [0. 1. 1. 1. 1. 1. 1. 1. 1. 1. 1. 1. 1. 1. 1. 1. 1. 0. 1. 1.]
 [0. 1. 1. 0. 1. 1. 0. 0. 1. 1. 1. 1. 1. 1. 1. 1. 0. 1. 0. 1.]
 [1. 1. 1. 1. 1. 1. 1. 1. 1. 1. 1. 0. 0. 1. 1. 1. 1. 1. 1. 0.]]
start_times_array: [[  960.          1574.          1635.          1766.
   2255.          2307.          2630.          2871.
  15393.         15576.         15625.         15699.
  15792.         15851.         15897.         15904.
  15988.         16118.         16176.         16221.        ]
 [ 7195.         13917.         14493.         14511.
  14770.         14901.         14995.         15015.
  15084.         15150.         15178.         15226.
  15297.         15450.         15455.         15497.
  15512.         15583.         15619.         16044.        ]
 [ 5393.          7686.         11421.         13668.
  13758.         13932.         13985.         14052.
  14199.         14213.         14305.         14399.
  14425.         14584.         14620.         14699.
  14807.         15097.         15125.         15176.        ]
 [ 1455.          1643.         12747.         12900.
  13009.         13045.         13100.         13120.
  13187.         13256.         13363.         13373.
  13518.         13565.         13569.         13635.
  13749.         13805.         13858.         13888.        ]
 [ 5923.          6835.          7020.          7292.
  11595.         12025.         12085.         12099.
  12194.         12314.         12409.         12514.
  12599.         12673.         12756.         12832.
  13272.         13349.         13427.         14130.        ]
 [ 3073.          3694.          5480.          6000.
   6687.          7048.          7173.          7559.
   7850.         11350.         11637.         11659.
  11726.         11779.         11914.         11967.
  11968.         12446.         12647.         13019.        ]
 [  960.          1560.          1894.          2214.
   2400.          9961.         10339.         10443.
  10504.         10638.         10916.         11014.
  11017.         11252.         11263.         11332.
  11449.         11516.         11578.         11695.        ]
 [ 7832.          8139.          9499.          9733.
   9773.          9863.          9890.         10049.
  10144.         10236.         10282.         10545.
  10631.         10692.         10708.         10778.
  10804.         10875.         11101.         11318.        ]
 [ 3570.          3670.          4839.          5061.
   5427.          8992.          9076.          9211.
   9327.          9369.          9444.          9545.
   9602.          9682.          9705.          9827.
  10153.         10355.         10793.         11184.        ]
 [ 4546.          5531.          5594.          5615.
   5832.          6097.          6172.          6570.
   8240.          8443.          8540.          8762.
   8854.          8943.          9131.          9178.
   9265.          9269.          9664.          9830.        ]
 [ 3425.          3840.          4257.          4312.
   4416.          4472.          4644.          4667.
   4682.          4770.          4798.          5304.
   7775.          7908.          8139.          8188.
   8317.          8515.          8608.         11859.        ]
 [  413.           453.           482.           509.
    579.           655.           674.          6480.
   6489.          6499.          6648.          6971.
   7158.          7228.          7614.          7886.99999839
   7924.99999839  7992.99999839  8062.          9830.        ]
 [  587.           659.           814.          6083.
   6225.          6323.          6461.          6608.
   6932.          7037.          7137.          7373.
   7440.          7537.          7633.          7985.
   8006.          8122.          8472.          8702.        ]
 [ 3710.          4515.          4592.          5514.
   5565.          5596.          5661.          5679.
   5745.          5776.          5834.          5869.
   5956.          6095.          6105.          6148.
   6421.          6507.          6766.          6899.        ]
 [ 4244.          4316.          4358.          4378.
   4398.          4448.          4624.          4705.
   4800.          4934.          4979.          5102.
   5227.          5316.          5682.          5788.
   6379.          6608.          7471.         12230.        ]
 [ 2340.          2585.          2713.          2931.
   2971.          3046.          3135.          3146.
   3245.          3475.          3601.          3694.
   3780.          3926.          4020.          4076.
   4164.          4380.          5152.          6769.        ]
 [ 1404.          2177.          2340.          2511.
   2716.          2923.          3017.          3020.
   3254.          3450.          3600.          3770.
   3926.          4009.          4091.          4174.
   5205.          8028.          8397.         12952.        ]
 [ 1370.          1376.          1708.          1885.
   1967.          1994.          2082.          2268.
   2416.          2459.          2475.          2591.
   2635.          2676.          2759.          2839.
   3159.          3334.          3546.          6605.        ]
 [  157.           741.           768.           960.
   1175.          1264.          1274.          1337.
   1404.          1418.          1513.          1574.
   1640.          1894.          1940.          2172.
   2177.          2194.          2258.          2511.        ]
 [    0.            83.           118.           200.
    297.           396.           473.           571.
    659.           710.           814.           902.
    926.          1027.          1071.          1100.
   1137.          1160.          1779.          1829.        ]]
