optimal_status: 0
solution: 6152.0
cpu_time: 3600.1839480400085
gap: 0.7370134969651747
upper_bound: 1617.8929666702454
lower_bound: 6152.0
cg_matrix: [[0. 1. 1. 0. 0. 0. 1. 0. 0. 0. 1. 1. 0. 0. 1. 0. 0. 0. 0. 1. 0. 1. 1. 1.
  0. 0. 0. 0. 1. 0. 0. 0. 1. 0. 1. 0. 1. 0. 0. 0. 0. 1. 0. 0. 0. 0. 0. 0.
  0. 1.]
 [1. 0. 0. 0. 0. 1. 0. 0. 1. 0. 0. 1. 0. 1. 0. 0. 0. 0. 0. 0. 0. 0. 0. 1.
  1. 0. 0. 0. 0. 1. 1. 1. 0. 1. 0. 1. 0. 0. 1. 0. 0. 0. 0. 0. 1. 1. 0. 0.
  0. 0.]
 [1. 0. 0. 0. 0. 0. 0. 1. 1. 1. 0. 0. 0. 0. 0. 0. 0. 0. 0. 0. 0. 0. 0. 0.
  0. 0. 0. 0. 0. 1. 0. 1. 0. 0. 0. 0. 0. 1. 1. 0. 0. 0. 0. 0. 0. 0. 0. 0.
  0. 0.]
 [0. 0. 0. 0. 0. 0. 1. 1. 0. 0. 1. 0. 0. 0. 0. 1. 0. 0. 0. 0. 0. 0. 0. 0.
  0. 1. 1. 0. 0. 0. 0. 0. 0. 0. 0. 1. 0. 0. 0. 1. 0. 0. 0. 0. 1. 0. 0. 0.
  0. 0.]
 [0. 0. 0. 0. 0. 0. 0. 0. 0. 0. 1. 0. 0. 0. 0. 0. 0. 0. 0. 0. 0. 0. 1. 0.
  0. 0. 0. 0. 0. 0. 0. 0. 0. 0. 0. 0. 0. 0. 0. 1. 0. 0. 0. 1. 0. 0. 0. 0.
  1. 0.]
 [0. 1. 0. 0. 0. 0. 0. 0. 0. 0. 1. 0. 1. 1. 0. 1. 0. 0. 1. 1. 0. 0. 0. 1.
  0. 0. 0. 0. 1. 0. 0. 0. 0. 0. 0. 0. 0. 0. 0. 0. 0. 0. 0. 0. 0. 0. 0. 0.
  0. 0.]
 [1. 0. 0. 1. 0. 0. 0. 0. 0. 0. 0. 0. 1. 0. 0. 0. 1. 0. 0. 0. 1. 0. 1. 0.
  0. 0. 1. 0. 0. 0. 0. 0. 0. 1. 0. 0. 0. 0. 1. 0. 0. 0. 1. 1. 0. 0. 0. 0.
  0. 0.]
 [0. 0. 1. 1. 0. 0. 0. 0. 0. 0. 0. 0. 0. 0. 0. 0. 0. 0. 0. 1. 0. 0. 0. 0.
  0. 0. 0. 0. 0. 0. 0. 0. 0. 0. 0. 0. 0. 0. 0. 1. 1. 0. 0. 0. 0. 0. 1. 1.
  1. 0.]
 [0. 1. 1. 0. 0. 0. 0. 0. 0. 0. 0. 0. 0. 0. 1. 0. 0. 0. 0. 0. 0. 0. 0. 0.
  0. 0. 1. 0. 1. 0. 1. 0. 0. 0. 0. 0. 1. 0. 0. 0. 0. 0. 0. 0. 0. 0. 0. 0.
  0. 0.]
 [0. 0. 1. 0. 0. 0. 0. 0. 0. 0. 0. 0. 0. 1. 0. 0. 0. 0. 0. 0. 0. 0. 0. 0.
  0. 0. 0. 0. 0. 0. 0. 0. 0. 1. 0. 0. 0. 0. 0. 0. 0. 0. 0. 0. 0. 0. 0. 0.
  0. 0.]
 [1. 0. 0. 1. 1. 1. 0. 0. 0. 0. 0. 0. 0. 1. 0. 0. 0. 0. 1. 0. 0. 0. 0. 0.
  0. 1. 0. 0. 0. 0. 0. 1. 0. 0. 0. 0. 0. 1. 1. 0. 0. 0. 0. 0. 0. 0. 0. 0.
  0. 1.]
 [1. 1. 0. 0. 0. 0. 0. 0. 0. 0. 0. 0. 0. 0. 1. 0. 0. 0. 0. 0. 0. 0. 0. 1.
  1. 1. 0. 0. 0. 0. 0. 0. 0. 0. 0. 0. 0. 0. 0. 0. 0. 0. 0. 0. 0. 0. 1. 0.
  1. 0.]
 [0. 0. 0. 0. 0. 1. 1. 0. 0. 0. 0. 0. 0. 0. 0. 0. 1. 1. 0. 0. 0. 0. 0. 0.
  0. 0. 0. 0. 0. 1. 0. 0. 0. 0. 1. 0. 0. 0. 0. 0. 0. 0. 0. 0. 1. 1. 0. 0.
  0. 0.]
 [0. 1. 0. 0. 0. 1. 0. 0. 0. 1. 1. 0. 0. 0. 0. 0. 0. 0. 0. 0. 0. 0. 0. 0.
  0. 1. 0. 0. 0. 0. 1. 1. 0. 0. 0. 1. 0. 0. 0. 0. 0. 0. 1. 0. 0. 0. 0. 0.
  0. 0.]
 [1. 0. 0. 0. 0. 0. 0. 0. 1. 0. 0. 1. 0. 0. 0. 0. 1. 0. 0. 0. 0. 0. 0. 0.
  0. 0. 0. 0. 0. 0. 1. 0. 0. 0. 0. 1. 0. 0. 0. 0. 0. 0. 1. 1. 0. 0. 0. 0.
  0. 0.]
 [0. 0. 0. 1. 0. 1. 0. 0. 0. 0. 0. 0. 0. 0. 0. 0. 0. 0. 0. 0. 0. 0. 0. 0.
  0. 0. 0. 0. 0. 0. 0. 0. 0. 0. 0. 0. 0. 0. 0. 0. 0. 0. 0. 0. 0. 0. 0. 0.
  0. 0.]
 [0. 0. 0. 0. 0. 0. 1. 0. 0. 0. 0. 0. 1. 0. 1. 0. 0. 0. 0. 0. 0. 0. 0. 0.
  0. 0. 0. 0. 0. 0. 0. 0. 0. 0. 0. 0. 0. 0. 0. 0. 0. 0. 0. 0. 0. 0. 0. 0.
  0. 0.]
 [0. 0. 0. 0. 0. 0. 0. 0. 0. 0. 0. 0. 1. 0. 0. 0. 0. 0. 0. 0. 0. 0. 0. 0.
  0. 0. 0. 0. 0. 0. 0. 0. 0. 0. 0. 0. 0. 0. 0. 0. 0. 0. 0. 0. 0. 0. 0. 0.
  0. 0.]
 [0. 0. 0. 0. 0. 1. 0. 0. 0. 0. 1. 0. 0. 0. 0. 0. 0. 0. 0. 0. 0. 0. 0. 0.
  0. 0. 0. 0. 0. 0. 0. 0. 0. 0. 0. 0. 0. 0. 0. 0. 0. 0. 0. 0. 0. 0. 0. 0.
  0. 0.]
 [1. 0. 0. 0. 0. 1. 0. 1. 0. 0. 0. 0. 0. 0. 0. 0. 0. 0. 0. 0. 0. 0. 0. 0.
  0. 0. 0. 0. 0. 0. 0. 0. 0. 0. 0. 0. 0. 0. 0. 0. 0. 0. 0. 0. 0. 0. 0. 0.
  0. 0.]
 [0. 0. 0. 0. 0. 0. 1. 0. 0. 0. 0. 0. 0. 0. 0. 0. 0. 0. 0. 0. 0. 0. 0. 0.
  0. 0. 0. 0. 0. 0. 0. 0. 0. 0. 0. 0. 0. 0. 0. 0. 0. 0. 0. 0. 0. 0. 0. 0.
  0. 0.]
 [1. 0. 0. 0. 0. 0. 0. 0. 0. 0. 0. 0. 0. 0. 0. 0. 0. 0. 0. 0. 0. 0. 0. 0.
  0. 0. 0. 0. 0. 0. 0. 0. 0. 0. 0. 0. 0. 0. 0. 0. 0. 0. 0. 0. 0. 0. 0. 0.
  0. 0.]
 [1. 0. 0. 0. 1. 0. 1. 0. 0. 0. 0. 0. 0. 0. 0. 0. 0. 0. 0. 0. 0. 0. 0. 0.
  0. 0. 0. 0. 0. 0. 0. 0. 0. 0. 0. 0. 0. 0. 0. 0. 0. 0. 0. 0. 0. 0. 0. 0.
  0. 0.]
 [1. 1. 0. 0. 0. 1. 0. 0. 0. 0. 0. 1. 0. 0. 0. 0. 0. 0. 0. 0. 0. 0. 0. 0.
  0. 0. 0. 0. 0. 0. 0. 0. 0. 0. 0. 0. 0. 0. 0. 0. 0. 0. 0. 0. 0. 0. 0. 0.
  0. 0.]
 [0. 1. 0. 0. 0. 0. 0. 0. 0. 0. 0. 1. 0. 0. 0. 0. 0. 0. 0. 0. 0. 0. 0. 0.
  0. 0. 0. 0. 0. 0. 0. 0. 0. 0. 0. 0. 0. 0. 0. 0. 0. 0. 0. 0. 0. 0. 0. 0.
  0. 0.]
 [0. 0. 0. 1. 0. 0. 0. 0. 0. 0. 1. 1. 0. 1. 0. 0. 0. 0. 0. 0. 0. 0. 0. 0.
  0. 0. 0. 0. 0. 0. 0. 0. 0. 0. 0. 0. 0. 0. 0. 0. 0. 0. 0. 0. 0. 0. 0. 0.
  0. 0.]
 [0. 0. 0. 1. 0. 0. 1. 0. 1. 0. 0. 0. 0. 0. 0. 0. 0. 0. 0. 0. 0. 0. 0. 0.
  0. 0. 0. 0. 0. 0. 0. 0. 0. 0. 0. 0. 0. 0. 0. 0. 0. 0. 0. 0. 0. 0. 0. 0.
  0. 0.]
 [0. 0. 0. 0. 0. 0. 0. 0. 0. 0. 0. 0. 0. 0. 0. 0. 0. 0. 0. 0. 0. 0. 0. 0.
  0. 0. 0. 0. 0. 0. 0. 0. 0. 0. 0. 0. 0. 0. 0. 0. 0. 0. 0. 0. 0. 0. 0. 0.
  0. 0.]
 [1. 0. 0. 0. 0. 1. 0. 0. 1. 0. 0. 0. 0. 0. 0. 0. 0. 0. 0. 0. 0. 0. 0. 0.
  0. 0. 0. 0. 0. 0. 0. 0. 0. 0. 0. 0. 0. 0. 0. 0. 0. 0. 0. 0. 0. 0. 0. 0.
  0. 0.]
 [0. 1. 1. 0. 0. 0. 0. 0. 0. 0. 0. 0. 1. 0. 0. 0. 0. 0. 0. 0. 0. 0. 0. 0.
  0. 0. 0. 0. 0. 0. 0. 0. 0. 0. 0. 0. 0. 0. 0. 0. 0. 0. 0. 0. 0. 0. 0. 0.
  0. 0.]
 [0. 1. 0. 0. 0. 0. 0. 0. 1. 0. 0. 0. 0. 1. 1. 0. 0. 0. 0. 0. 0. 0. 0. 0.
  0. 0. 0. 0. 0. 0. 0. 0. 0. 0. 0. 0. 0. 0. 0. 0. 0. 0. 0. 0. 0. 0. 0. 0.
  0. 0.]
 [0. 1. 1. 0. 0. 0. 0. 0. 0. 0. 1. 0. 0. 1. 0. 0. 0. 0. 0. 0. 0. 0. 0. 0.
  0. 0. 0. 0. 0. 0. 0. 0. 0. 0. 0. 0. 0. 0. 0. 0. 0. 0. 0. 0. 0. 0. 0. 0.
  0. 0.]
 [1. 0. 0. 0. 0. 0. 0. 0. 0. 0. 0. 0. 0. 0. 0. 0. 0. 0. 0. 0. 0. 0. 0. 0.
  0. 0. 0. 0. 0. 0. 0. 0. 0. 0. 0. 0. 0. 0. 0. 0. 0. 0. 0. 0. 0. 0. 0. 0.
  0. 0.]
 [0. 1. 0. 0. 0. 0. 1. 0. 0. 1. 0. 0. 0. 0. 0. 0. 0. 0. 0. 0. 0. 0. 0. 0.
  0. 0. 0. 0. 0. 0. 0. 0. 0. 0. 0. 0. 0. 0. 0. 0. 0. 0. 0. 0. 0. 0. 0. 0.
  0. 0.]
 [1. 0. 0. 0. 0. 0. 0. 0. 0. 0. 0. 0. 1. 0. 0. 0. 0. 0. 0. 0. 0. 0. 0. 0.
  0. 0. 0. 0. 0. 0. 0. 0. 0. 0. 0. 0. 0. 0. 0. 0. 0. 0. 0. 0. 0. 0. 0. 0.
  0. 0.]
 [0. 1. 0. 1. 0. 0. 0. 0. 0. 0. 0. 0. 0. 1. 1. 0. 0. 0. 0. 0. 0. 0. 0. 0.
  0. 0. 0. 0. 0. 0. 0. 0. 0. 0. 0. 0. 0. 0. 0. 0. 0. 0. 0. 0. 0. 0. 0. 0.
  0. 0.]
 [1. 0. 0. 0. 0. 0. 0. 0. 1. 0. 0. 0. 0. 0. 0. 0. 0. 0. 0. 0. 0. 0. 0. 0.
  0. 0. 0. 0. 0. 0. 0. 0. 0. 0. 0. 0. 0. 0. 0. 0. 0. 0. 0. 0. 0. 0. 0. 0.
  0. 0.]
 [0. 0. 1. 0. 0. 0. 0. 0. 0. 0. 1. 0. 0. 0. 0. 0. 0. 0. 0. 0. 0. 0. 0. 0.
  0. 0. 0. 0. 0. 0. 0. 0. 0. 0. 0. 0. 0. 0. 0. 0. 0. 0. 0. 0. 0. 0. 0. 0.
  0. 0.]
 [0. 1. 1. 0. 0. 0. 1. 0. 0. 0. 1. 0. 0. 0. 0. 0. 0. 0. 0. 0. 0. 0. 0. 0.
  0. 0. 0. 0. 0. 0. 0. 0. 0. 0. 0. 0. 0. 0. 0. 0. 0. 0. 0. 0. 0. 0. 0. 0.
  0. 0.]
 [0. 0. 0. 1. 1. 0. 0. 1. 0. 0. 0. 0. 0. 0. 0. 0. 0. 0. 0. 0. 0. 0. 0. 0.
  0. 0. 0. 0. 0. 0. 0. 0. 0. 0. 0. 0. 0. 0. 0. 0. 0. 0. 0. 0. 0. 0. 0. 0.
  0. 0.]
 [0. 0. 0. 0. 0. 0. 0. 1. 0. 0. 0. 0. 0. 0. 0. 0. 0. 0. 0. 0. 0. 0. 0. 0.
  0. 0. 0. 0. 0. 0. 0. 0. 0. 0. 0. 0. 0. 0. 0. 0. 0. 0. 0. 0. 0. 0. 0. 0.
  0. 0.]
 [1. 0. 0. 0. 0. 0. 0. 0. 0. 0. 0. 0. 0. 0. 0. 0. 0. 0. 0. 0. 0. 0. 0. 0.
  0. 0. 0. 0. 0. 0. 0. 0. 0. 0. 0. 0. 0. 0. 0. 0. 0. 0. 0. 0. 0. 0. 0. 0.
  0. 0.]
 [0. 0. 0. 0. 0. 0. 1. 0. 0. 0. 0. 0. 0. 1. 1. 0. 0. 0. 0. 0. 0. 0. 0. 0.
  0. 0. 0. 0. 0. 0. 0. 0. 0. 0. 0. 0. 0. 0. 0. 0. 0. 0. 0. 0. 0. 0. 0. 0.
  0. 0.]
 [0. 0. 0. 0. 1. 0. 1. 0. 0. 0. 0. 0. 0. 0. 1. 0. 0. 0. 0. 0. 0. 0. 0. 0.
  0. 0. 0. 0. 0. 0. 0. 0. 0. 0. 0. 0. 0. 0. 0. 0. 0. 0. 0. 0. 0. 0. 0. 0.
  0. 0.]
 [0. 1. 0. 1. 0. 0. 0. 0. 0. 0. 0. 0. 1. 0. 0. 0. 0. 0. 0. 0. 0. 0. 0. 0.
  0. 0. 0. 0. 0. 0. 0. 0. 0. 0. 0. 0. 0. 0. 0. 0. 0. 0. 0. 0. 0. 0. 0. 0.
  0. 0.]
 [0. 1. 0. 0. 0. 0. 0. 0. 0. 0. 0. 0. 1. 0. 0. 0. 0. 0. 0. 0. 0. 0. 0. 0.
  0. 0. 0. 0. 0. 0. 0. 0. 0. 0. 0. 0. 0. 0. 0. 0. 0. 0. 0. 0. 0. 0. 0. 0.
  0. 0.]
 [0. 0. 0. 0. 0. 0. 0. 1. 0. 0. 0. 1. 0. 0. 0. 0. 0. 0. 0. 0. 0. 0. 0. 0.
  0. 0. 0. 0. 0. 0. 0. 0. 0. 0. 0. 0. 0. 0. 0. 0. 0. 0. 0. 0. 0. 0. 0. 0.
  0. 0.]
 [0. 0. 0. 0. 0. 0. 0. 1. 0. 0. 0. 0. 0. 0. 0. 0. 0. 0. 0. 0. 0. 0. 0. 0.
  0. 0. 0. 0. 0. 0. 0. 0. 0. 0. 0. 0. 0. 0. 0. 0. 0. 0. 0. 0. 0. 0. 0. 0.
  0. 0.]
 [0. 0. 0. 0. 1. 0. 0. 1. 0. 0. 0. 1. 0. 0. 0. 0. 0. 0. 0. 0. 0. 0. 0. 0.
  0. 0. 0. 0. 0. 0. 0. 0. 0. 0. 0. 0. 0. 0. 0. 0. 0. 0. 0. 0. 0. 0. 0. 0.
  0. 0.]
 [1. 0. 0. 0. 0. 0. 0. 0. 0. 0. 1. 0. 0. 0. 0. 0. 0. 0. 0. 0. 0. 0. 0. 0.
  0. 0. 0. 0. 0. 0. 0. 0. 0. 0. 0. 0. 0. 0. 0. 0. 0. 0. 0. 0. 0. 0. 0. 0.
  0. 0.]]
start_times_array: [[1.570e+03 5.110e+03 5.144e+03 5.437e+03 5.526e+03 5.536e+03 5.625e+03
  5.762e+03 5.792e+03 5.802e+03 5.884e+03 5.929e+03 6.003e+03 6.027e+03
  6.114e+03]
 [7.270e+02 4.723e+03 4.840e+03 4.856e+03 4.933e+03 5.019e+03 5.172e+03
  5.198e+03 5.290e+03 5.313e+03 5.363e+03 5.445e+03 5.610e+03 5.717e+03
  5.731e+03]
 [5.250e+02 3.915e+03 4.138e+03 4.351e+03 4.760e+03 4.830e+03 4.908e+03
  4.931e+03 4.977e+03 4.985e+03 5.060e+03 5.105e+03 5.211e+03 5.237e+03
  5.324e+03]
 [4.460e+03 4.632e+03 4.645e+03 4.736e+03 4.824e+03 4.890e+03 4.916e+03
  4.924e+03 4.926e+03 4.953e+03 4.982e+03 5.044e+03 5.133e+03 5.458e+03
  5.621e+03]
 [4.500e+02 8.750e+02 1.196e+03 1.261e+03 1.532e+03 3.785e+03 3.970e+03
  4.093e+03 4.474e+03 4.594e+03 4.693e+03 4.753e+03 4.756e+03 4.822e+03
  4.925e+03]
 [8.500e+02 3.776e+03 3.947e+03 3.954e+03 4.090e+03 4.133e+03 4.170e+03
  4.212e+03 4.460e+03 4.594e+03 4.693e+03 4.778e+03 4.783e+03 5.102e+03
  5.947e+03]
 [3.021e+03 3.458e+03 3.555e+03 3.571e+03 3.719e+03 3.852e+03 4.071e+03
  4.172e+03 4.238e+03 4.262e+03 4.360e+03 4.371e+03 4.393e+03 4.422e+03
  4.534e+03]
 [3.860e+02 6.420e+02 1.196e+03 2.534e+03 2.586e+03 2.721e+03 2.842e+03
  2.954e+03 3.064e+03 3.476e+03 3.788e+03 3.976e+03 4.010e+03 4.095e+03
  4.534e+03]
 [2.240e+02 3.040e+02 8.760e+02 9.310e+02 1.018e+03 1.040e+03 1.133e+03
  1.174e+03 1.528e+03 3.258e+03 3.285e+03 3.434e+03 3.769e+03 3.838e+03
  4.301e+03]
 [8.600e+01 2.290e+02 3.670e+02 4.470e+02 5.880e+02 8.930e+02 1.304e+03
  2.797e+03 3.071e+03 3.172e+03 3.438e+03 3.567e+03 3.699e+03 4.057e+03
  4.530e+03]
 [9.430e+02 3.172e+03 3.395e+03 3.569e+03 3.588e+03 3.643e+03 3.694e+03
  3.697e+03 3.706e+03 3.713e+03 3.860e+03 4.024e+03 4.304e+03 4.396e+03
  4.534e+03]
 [9.280e+02 3.355e+03 3.536e+03 3.571e+03 3.734e+03 3.766e+03 3.852e+03
  3.878e+03 3.998e+03 4.093e+03 4.124e+03 4.228e+03 4.377e+03 4.462e+03
  4.533e+03]
 [1.056e+03 2.487e+03 2.577e+03 2.591e+03 2.737e+03 2.776e+03 2.870e+03
  2.954e+03 2.965e+03 3.104e+03 3.185e+03 3.257e+03 3.590e+03 3.640e+03
  3.870e+03]
 [3.800e+02 5.470e+02 1.010e+03 1.145e+03 2.163e+03 2.296e+03 2.718e+03
  2.757e+03 2.886e+03 2.965e+03 3.003e+03 3.084e+03 3.307e+03 3.472e+03
  3.586e+03]
 [3.710e+02 1.257e+03 2.502e+03 2.544e+03 2.784e+03 2.788e+03 2.855e+03
  2.905e+03 2.998e+03 3.072e+03 3.172e+03 3.182e+03 3.300e+03 3.441e+03
  3.640e+03]
 [1.030e+02 2.280e+02 4.450e+02 6.100e+02 7.990e+02 8.930e+02 8.950e+02
  9.170e+02 1.955e+03 2.463e+03 2.561e+03 2.682e+03 2.891e+03 3.001e+03
  3.039e+03]
 [2.900e+01 3.040e+02 5.240e+02 5.570e+02 6.360e+02 1.416e+03 1.758e+03
  1.789e+03 2.263e+03 2.307e+03 2.379e+03 2.455e+03 2.609e+03 2.671e+03
  2.753e+03]
 [7.300e+01 2.490e+02 2.630e+02 3.720e+02 6.130e+02 7.130e+02 9.220e+02
  1.137e+03 1.264e+03 2.003e+03 2.134e+03 2.237e+03 2.578e+03 3.145e+03
  3.326e+03]
 [9.110e+02 1.425e+03 1.609e+03 1.795e+03 1.842e+03 2.161e+03 2.198e+03
  2.350e+03 2.445e+03 2.731e+03 3.000e+03 3.072e+03 3.253e+03 3.338e+03
  3.369e+03]
 [1.100e+01 5.140e+02 5.450e+02 6.820e+02 7.760e+02 8.930e+02 9.660e+02
  1.006e+03 1.056e+03 1.144e+03 1.290e+03 1.380e+03 1.520e+03 1.667e+03
  2.608e+03]
 [1.530e+02 4.340e+02 7.760e+02 1.137e+03 1.329e+03 2.215e+03 2.451e+03
  2.652e+03 2.769e+03 2.846e+03 2.941e+03 3.148e+03 3.185e+03 3.272e+03
  3.355e+03]
 [2.100e+01 1.910e+02 3.340e+02 3.800e+02 4.300e+02 8.170e+02 1.100e+03
  2.141e+03 2.237e+03 2.353e+03 2.425e+03 2.784e+03 2.967e+03 3.112e+03
  3.156e+03]
 [1.392e+03 1.484e+03 1.847e+03 1.921e+03 2.089e+03 2.262e+03 2.273e+03
  2.296e+03 2.393e+03 2.464e+03 2.507e+03 2.570e+03 2.688e+03 2.743e+03
  3.324e+03]
 [7.100e+01 1.360e+02 2.220e+02 3.540e+02 9.840e+02 1.091e+03 1.261e+03
  1.315e+03 2.139e+03 2.232e+03 2.384e+03 2.598e+03 2.870e+03 2.871e+03
  3.162e+03]
 [2.200e+01 1.930e+02 4.110e+02 8.550e+02 1.822e+03 1.883e+03 1.962e+03
  2.104e+03 2.192e+03 2.206e+03 2.216e+03 2.547e+03 2.781e+03 3.140e+03
  3.214e+03]
 [1.500e+01 2.220e+02 4.730e+02 1.532e+03 1.746e+03 2.018e+03 2.225e+03
  2.376e+03 2.470e+03 2.494e+03 2.588e+03 2.609e+03 2.692e+03 2.758e+03
  2.788e+03]
 [1.360e+02 3.600e+02 4.560e+02 6.260e+02 6.590e+02 7.370e+02 1.169e+03
  1.999e+03 2.025e+03 2.311e+03 2.597e+03 2.668e+03 2.732e+03 2.907e+03
  3.009e+03]
 [2.800e+01 1.690e+02 2.220e+02 3.520e+02 3.660e+02 3.990e+02 8.740e+02
  1.187e+03 1.380e+03 1.395e+03 2.375e+03 2.503e+03 2.684e+03 2.819e+03
  2.871e+03]
 [0.000e+00 1.464e+03 1.646e+03 1.708e+03 2.017e+03 2.121e+03 2.215e+03
  2.263e+03 2.339e+03 2.472e+03 2.515e+03 2.592e+03 2.614e+03 2.645e+03
  2.899e+03]
 [0.000e+00 2.300e+01 8.900e+01 3.000e+02 3.610e+02 4.320e+02 4.820e+02
  6.620e+02 1.338e+03 1.516e+03 1.708e+03 1.888e+03 1.974e+03 2.312e+03
  2.348e+03]
 [4.570e+02 1.421e+03 1.510e+03 1.711e+03 1.788e+03 1.814e+03 1.949e+03
  2.003e+03 2.047e+03 2.155e+03 2.290e+03 2.383e+03 2.494e+03 2.622e+03
  2.671e+03]
 [3.230e+02 6.480e+02 6.960e+02 8.170e+02 1.134e+03 1.316e+03 1.710e+03
  1.875e+03 1.974e+03 2.018e+03 2.104e+03 2.249e+03 2.376e+03 2.446e+03
  2.614e+03]
 [4.720e+02 6.570e+02 1.245e+03 1.338e+03 1.401e+03 1.414e+03 1.686e+03
  1.784e+03 1.916e+03 2.047e+03 2.109e+03 2.148e+03 2.490e+03 2.533e+03
  2.717e+03]
 [0.000e+00 1.687e+03 1.698e+03 1.748e+03 1.833e+03 1.842e+03 1.875e+03
  1.955e+03 2.156e+03 2.290e+03 2.311e+03 2.444e+03 2.496e+03 2.605e+03
  2.638e+03]
 [4.000e+00 2.550e+02 5.120e+02 7.210e+02 8.520e+02 1.020e+03 1.376e+03
  1.562e+03 1.688e+03 1.745e+03 1.967e+03 2.058e+03 2.100e+03 2.421e+03
  2.437e+03]
 [1.030e+02 1.900e+02 2.540e+02 9.270e+02 1.404e+03 1.436e+03 1.527e+03
  1.603e+03 1.669e+03 1.779e+03 1.807e+03 1.883e+03 1.956e+03 2.017e+03
  2.044e+03]
 [0.000e+00 7.900e+01 1.530e+02 1.920e+02 3.690e+02 5.600e+02 6.320e+02
  7.080e+02 7.570e+02 1.257e+03 1.414e+03 1.466e+03 2.311e+03 2.410e+03
  2.514e+03]
 [1.380e+02 2.570e+02 3.300e+02 4.560e+02 6.200e+02 7.040e+02 7.810e+02
  9.230e+02 1.109e+03 1.198e+03 1.507e+03 1.586e+03 1.681e+03 1.891e+03
  2.303e+03]
 [0.000e+00 4.300e+01 1.219e+03 1.337e+03 1.380e+03 1.390e+03 1.395e+03
  1.642e+03 1.788e+03 2.025e+03 2.104e+03 2.134e+03 2.173e+03 2.232e+03
  2.392e+03]
 [0.000e+00 8.600e+01 1.690e+02 2.680e+02 7.570e+02 1.095e+03 1.605e+03
  1.698e+03 1.710e+03 1.823e+03 1.875e+03 1.916e+03 1.956e+03 2.113e+03
  2.263e+03]
 [3.100e+01 1.700e+02 2.380e+02 5.310e+02 6.460e+02 7.450e+02 8.940e+02
  1.006e+03 1.061e+03 1.078e+03 1.313e+03 1.409e+03 1.566e+03 1.645e+03
  1.731e+03]
 [2.030e+02 2.920e+02 5.360e+02 8.570e+02 1.254e+03 1.473e+03 1.646e+03
  1.686e+03 1.749e+03 1.893e+03 1.931e+03 2.047e+03 2.116e+03 2.139e+03
  2.329e+03]
 [0.000e+00 8.100e+01 1.110e+02 2.870e+02 4.470e+02 7.130e+02 1.354e+03
  1.466e+03 1.595e+03 1.665e+03 1.679e+03 1.818e+03 1.888e+03 1.971e+03
  2.225e+03]
 [2.600e+01 6.400e+01 1.960e+02 2.530e+02 5.450e+02 6.200e+02 7.060e+02
  8.010e+02 9.600e+02 1.035e+03 1.150e+03 1.451e+03 1.768e+03 2.010e+03
  2.164e+03]
 [0.000e+00 4.000e+00 9.500e+01 1.030e+02 1.850e+02 5.360e+02 8.170e+02
  9.660e+02 1.137e+03 1.146e+03 1.290e+03 1.527e+03 1.600e+03 1.659e+03
  1.866e+03]
 [1.560e+02 3.690e+02 5.600e+02 8.680e+02 1.137e+03 1.232e+03 1.254e+03
  1.301e+03 1.449e+03 1.502e+03 1.509e+03 1.604e+03 1.618e+03 1.748e+03
  1.966e+03]
 [0.000e+00 2.800e+01 1.290e+02 3.010e+02 5.050e+02 6.010e+02 7.090e+02
  7.780e+02 7.840e+02 8.410e+02 9.980e+02 1.367e+03 1.442e+03 1.703e+03
  1.931e+03]
 [1.600e+02 1.850e+02 2.980e+02 5.130e+02 6.070e+02 6.460e+02 7.360e+02
  7.990e+02 1.110e+03 1.312e+03 1.383e+03 1.493e+03 1.541e+03 1.778e+03
  1.818e+03]
 [0.000e+00 2.900e+01 9.900e+01 1.550e+02 2.490e+02 2.580e+02 2.890e+02
  5.900e+02 6.460e+02 6.990e+02 8.470e+02 9.760e+02 1.008e+03 1.102e+03
  2.319e+03]
 [4.000e+00 4.300e+01 5.500e+01 8.900e+01 1.190e+02 1.640e+02 2.490e+02
  3.400e+02 3.860e+02 4.160e+02 5.840e+02 6.340e+02 7.760e+02 8.330e+02
  1.132e+03]]
