optimal_status: 0
solution: 14495.0
cpu_time: 3600.180154800415
gap: 0.8679233242183272
upper_bound: 1914.4514154553476
lower_bound: 14495.0
cg_matrix: [[0. 1. 0. 0. 0. 0. 0. 0. 0. 0. 0. 0. 0. 0. 1. 0. 1. 0. 0. 0. 0. 0. 0. 0.
  0. 0. 1. 1. 0. 0. 1. 1. 1. 0. 0. 0. 0. 0. 0. 0. 0. 0. 1. 0. 0. 1. 0. 1.
  0. 0.]
 [1. 0. 0. 0. 0. 1. 0. 0. 0. 0. 0. 0. 0. 0. 0. 0. 0. 0. 0. 0. 0. 0. 0. 0.
  0. 0. 1. 0. 0. 1. 1. 1. 0. 0. 0. 1. 0. 1. 1. 0. 0. 0. 0. 0. 0. 0. 1. 0.
  0. 0.]
 [0. 0. 0. 0. 0. 0. 0. 0. 0. 1. 0. 0. 1. 1. 0. 0. 0. 1. 0. 0. 0. 0. 0. 0.
  0. 0. 1. 1. 1. 0. 0. 0. 0. 0. 0. 0. 0. 1. 0. 1. 1. 0. 1. 0. 0. 0. 0. 1.
  1. 0.]
 [0. 0. 0. 0. 0. 0. 1. 0. 0. 0. 0. 1. 0. 0. 1. 0. 0. 0. 0. 0. 0. 0. 0. 0.
  1. 0. 0. 1. 0. 0. 0. 0. 0. 0. 0. 0. 0. 0. 0. 1. 0. 0. 0. 0. 0. 0. 0. 0.
  0. 0.]
 [0. 0. 0. 0. 0. 0. 1. 1. 0. 0. 0. 1. 0. 0. 0. 0. 0. 0. 0. 0. 0. 0. 0. 0.
  0. 0. 0. 0. 0. 0. 0. 0. 0. 0. 1. 0. 0. 0. 0. 0. 0. 0. 0. 0. 0. 0. 1. 0.
  1. 0.]
 [0. 1. 0. 0. 0. 0. 0. 1. 0. 1. 0. 0. 0. 0. 0. 1. 0. 0. 0. 0. 0. 0. 1. 1.
  0. 0. 0. 1. 0. 0. 0. 1. 1. 1. 0. 0. 0. 0. 0. 0. 0. 1. 0. 0. 1. 0. 0. 0.
  1. 0.]
 [0. 0. 0. 1. 1. 0. 0. 0. 0. 0. 0. 1. 0. 1. 0. 0. 0. 0. 1. 0. 1. 0. 0. 0.
  0. 0. 0. 1. 0. 0. 0. 0. 1. 1. 0. 0. 1. 0. 0. 1. 0. 0. 1. 1. 0. 0. 0. 0.
  0. 0.]
 [0. 0. 0. 0. 1. 1. 0. 0. 0. 0. 0. 1. 0. 0. 0. 0. 0. 0. 1. 1. 0. 0. 0. 0.
  0. 1. 1. 0. 0. 0. 0. 0. 0. 1. 0. 1. 0. 0. 0. 0. 0. 0. 0. 1. 1. 1. 0. 0.
  1. 0.]
 [0. 0. 0. 0. 0. 0. 0. 0. 0. 0. 1. 0. 1. 0. 0. 0. 0. 0. 0. 0. 0. 0. 0. 0.
  0. 0. 0. 0. 0. 0. 0. 0. 0. 0. 0. 0. 0. 1. 0. 0. 1. 0. 0. 1. 0. 0. 0. 1.
  0. 0.]
 [0. 0. 1. 0. 0. 1. 0. 0. 0. 0. 0. 0. 1. 0. 0. 0. 0. 1. 0. 0. 0. 0. 0. 0.
  1. 0. 0. 1. 0. 0. 0. 0. 0. 0. 0. 1. 0. 1. 0. 0. 0. 0. 0. 0. 0. 0. 1. 0.
  0. 0.]
 [0. 0. 0. 0. 0. 0. 0. 0. 1. 0. 0. 0. 0. 0. 0. 0. 1. 0. 0. 0. 0. 1. 0. 0.
  0. 0. 0. 1. 0. 0. 0. 0. 0. 0. 0. 0. 0. 0. 0. 0. 1. 0. 0. 0. 0. 0. 0. 0.
  0. 0.]
 [0. 0. 0. 1. 1. 0. 1. 1. 0. 0. 0. 0. 0. 1. 1. 0. 1. 0. 0. 0. 0. 0. 0. 0.
  1. 0. 0. 0. 0. 0. 1. 0. 0. 0. 1. 0. 0. 0. 0. 1. 0. 0. 0. 0. 0. 1. 0. 0.
  0. 1.]
 [0. 0. 1. 0. 0. 0. 0. 0. 1. 1. 0. 0. 0. 0. 0. 0. 0. 1. 1. 0. 0. 0. 0. 0.
  0. 0. 0. 0. 0. 0. 0. 0. 0. 1. 0. 1. 0. 0. 0. 0. 0. 0. 0. 0. 0. 0. 0. 0.
  0. 1.]
 [0. 0. 1. 0. 0. 0. 1. 0. 0. 0. 0. 1. 0. 0. 0. 0. 0. 0. 0. 0. 1. 0. 0. 1.
  0. 1. 0. 0. 0. 1. 0. 0. 1. 0. 0. 0. 0. 1. 0. 0. 1. 0. 1. 0. 0. 0. 0. 0.
  0. 0.]
 [1. 0. 0. 1. 0. 0. 0. 0. 0. 0. 0. 1. 0. 0. 0. 0. 1. 0. 0. 1. 0. 0. 0. 0.
  0. 1. 0. 0. 0. 0. 0. 0. 0. 0. 0. 0. 1. 0. 0. 0. 0. 0. 1. 0. 0. 0. 1. 0.
  0. 0.]
 [0. 0. 0. 0. 0. 1. 0. 0. 0. 0. 0. 0. 0. 0. 0. 0. 1. 1. 0. 0. 1. 0. 0. 0.
  0. 0. 1. 0. 0. 0. 1. 0. 0. 0. 0. 1. 0. 0. 0. 0. 0. 1. 0. 0. 0. 0. 0. 1.
  0. 0.]
 [1. 0. 0. 0. 0. 0. 0. 0. 0. 0. 1. 1. 0. 0. 1. 1. 0. 0. 0. 0. 0. 0. 1. 0.
  0. 0. 1. 0. 0. 0. 0. 1. 0. 0. 1. 1. 0. 1. 0. 0. 0. 0. 0. 0. 1. 1. 0. 0.
  0. 0.]
 [0. 0. 1. 0. 0. 0. 0. 0. 0. 1. 0. 0. 1. 0. 0. 1. 0. 0. 0. 1. 0. 0. 1. 0.
  1. 1. 0. 0. 0. 0. 0. 0. 0. 0. 0. 0. 0. 0. 1. 0. 0. 0. 0. 0. 1. 0. 0. 0.
  0. 0.]
 [0. 0. 0. 0. 0. 0. 1. 1. 0. 0. 0. 0. 1. 0. 0. 0. 0. 0. 0. 0. 0. 0. 0. 1.
  0. 0. 1. 1. 0. 0. 0. 1. 0. 0. 0. 0. 0. 0. 0. 0. 0. 0. 0. 0. 1. 0. 0. 0.
  0. 0.]
 [0. 0. 0. 0. 0. 0. 0. 1. 0. 0. 0. 0. 0. 0. 1. 0. 0. 1. 0. 0. 1. 0. 0. 0.
  0. 0. 0. 0. 0. 0. 0. 0. 0. 0. 0. 0. 0. 1. 0. 0. 0. 0. 0. 0. 0. 0. 0. 0.
  0. 0.]
 [0. 0. 0. 0. 0. 0. 1. 0. 0. 0. 0. 0. 0. 1. 0. 1. 0. 0. 0. 1. 0. 0. 0. 0.
  0. 0. 0. 0. 0. 0. 0. 0. 0. 0. 0. 0. 0. 0. 0. 0. 0. 0. 0. 0. 0. 0. 0. 0.
  0. 0.]
 [0. 0. 0. 0. 0. 0. 0. 0. 0. 0. 1. 0. 0. 0. 0. 0. 0. 0. 0. 0. 0. 0. 0. 0.
  0. 0. 0. 0. 0. 0. 0. 0. 0. 0. 0. 0. 0. 0. 0. 0. 0. 0. 0. 0. 0. 0. 0. 0.
  0. 0.]
 [0. 0. 0. 0. 0. 1. 0. 0. 0. 0. 0. 0. 0. 0. 0. 0. 1. 1. 0. 0. 0. 0. 0. 0.
  0. 0. 0. 0. 0. 0. 0. 0. 0. 0. 0. 0. 0. 0. 0. 0. 0. 0. 0. 0. 0. 0. 0. 0.
  0. 0.]
 [0. 0. 0. 0. 0. 1. 0. 0. 0. 0. 0. 0. 0. 1. 0. 0. 0. 0. 1. 0. 0. 0. 0. 0.
  0. 0. 0. 0. 0. 0. 0. 0. 0. 0. 0. 0. 0. 0. 0. 0. 0. 0. 0. 0. 0. 0. 0. 0.
  0. 0.]
 [0. 0. 0. 1. 0. 0. 0. 0. 0. 1. 0. 1. 0. 0. 0. 0. 0. 1. 0. 0. 0. 0. 0. 0.
  0. 0. 0. 0. 0. 0. 0. 0. 0. 0. 0. 0. 0. 0. 0. 0. 0. 0. 0. 0. 0. 0. 0. 0.
  0. 0.]
 [0. 0. 0. 0. 0. 0. 0. 1. 0. 0. 0. 0. 0. 1. 1. 0. 0. 1. 0. 0. 0. 0. 0. 0.
  0. 0. 0. 0. 0. 0. 0. 0. 0. 0. 0. 0. 0. 0. 0. 0. 0. 0. 0. 0. 0. 0. 0. 0.
  0. 0.]
 [1. 1. 1. 0. 0. 0. 0. 1. 0. 0. 0. 0. 0. 0. 0. 1. 1. 0. 1. 0. 0. 0. 0. 0.
  0. 0. 0. 0. 0. 0. 0. 0. 0. 0. 0. 0. 0. 0. 0. 0. 0. 0. 0. 0. 0. 0. 0. 0.
  0. 0.]
 [1. 0. 1. 1. 0. 1. 1. 0. 0. 1. 1. 0. 0. 0. 0. 0. 0. 0. 1. 0. 0. 0. 0. 0.
  0. 0. 0. 0. 0. 0. 0. 0. 0. 0. 0. 0. 0. 0. 0. 0. 0. 0. 0. 0. 0. 0. 0. 0.
  0. 0.]
 [0. 0. 1. 0. 0. 0. 0. 0. 0. 0. 0. 0. 0. 0. 0. 0. 0. 0. 0. 0. 0. 0. 0. 0.
  0. 0. 0. 0. 0. 0. 0. 0. 0. 0. 0. 0. 0. 0. 0. 0. 0. 0. 0. 0. 0. 0. 0. 0.
  0. 0.]
 [0. 1. 0. 0. 0. 0. 0. 0. 0. 0. 0. 0. 0. 1. 0. 0. 0. 0. 0. 0. 0. 0. 0. 0.
  0. 0. 0. 0. 0. 0. 0. 0. 0. 0. 0. 0. 0. 0. 0. 0. 0. 0. 0. 0. 0. 0. 0. 0.
  0. 0.]
 [1. 1. 0. 0. 0. 0. 0. 0. 0. 0. 0. 1. 0. 0. 0. 1. 0. 0. 0. 0. 0. 0. 0. 0.
  0. 0. 0. 0. 0. 0. 0. 0. 0. 0. 0. 0. 0. 0. 0. 0. 0. 0. 0. 0. 0. 0. 0. 0.
  0. 0.]
 [1. 1. 0. 0. 0. 1. 0. 0. 0. 0. 0. 0. 0. 0. 0. 0. 1. 0. 1. 0. 0. 0. 0. 0.
  0. 0. 0. 0. 0. 0. 0. 0. 0. 0. 0. 0. 0. 0. 0. 0. 0. 0. 0. 0. 0. 0. 0. 0.
  0. 0.]
 [1. 0. 0. 0. 0. 1. 1. 0. 0. 0. 0. 0. 0. 1. 0. 0. 0. 0. 0. 0. 0. 0. 0. 0.
  0. 0. 0. 0. 0. 0. 0. 0. 0. 0. 0. 0. 0. 0. 0. 0. 0. 0. 0. 0. 0. 0. 0. 0.
  0. 0.]
 [0. 0. 0. 0. 0. 1. 1. 1. 0. 0. 0. 0. 1. 0. 0. 0. 0. 0. 0. 0. 0. 0. 0. 0.
  0. 0. 0. 0. 0. 0. 0. 0. 0. 0. 0. 0. 0. 0. 0. 0. 0. 0. 0. 0. 0. 0. 0. 0.
  0. 0.]
 [0. 0. 0. 0. 1. 0. 0. 0. 0. 0. 0. 1. 0. 0. 0. 0. 1. 0. 0. 0. 0. 0. 0. 0.
  0. 0. 0. 0. 0. 0. 0. 0. 0. 0. 0. 0. 0. 0. 0. 0. 0. 0. 0. 0. 0. 0. 0. 0.
  0. 0.]
 [0. 1. 0. 0. 0. 0. 0. 1. 0. 1. 0. 0. 1. 0. 0. 1. 1. 0. 0. 0. 0. 0. 0. 0.
  0. 0. 0. 0. 0. 0. 0. 0. 0. 0. 0. 0. 0. 0. 0. 0. 0. 0. 0. 0. 0. 0. 0. 0.
  0. 0.]
 [0. 0. 0. 0. 0. 0. 1. 0. 0. 0. 0. 0. 0. 0. 1. 0. 0. 0. 0. 0. 0. 0. 0. 0.
  0. 0. 0. 0. 0. 0. 0. 0. 0. 0. 0. 0. 0. 0. 0. 0. 0. 0. 0. 0. 0. 0. 0. 0.
  0. 0.]
 [0. 1. 1. 0. 0. 0. 0. 0. 1. 1. 0. 0. 0. 1. 0. 0. 1. 0. 0. 1. 0. 0. 0. 0.
  0. 0. 0. 0. 0. 0. 0. 0. 0. 0. 0. 0. 0. 0. 0. 0. 0. 0. 0. 0. 0. 0. 0. 0.
  0. 0.]
 [0. 1. 0. 0. 0. 0. 0. 0. 0. 0. 0. 0. 0. 0. 0. 0. 0. 1. 0. 0. 0. 0. 0. 0.
  0. 0. 0. 0. 0. 0. 0. 0. 0. 0. 0. 0. 0. 0. 0. 0. 0. 0. 0. 0. 0. 0. 0. 0.
  0. 0.]
 [0. 0. 1. 1. 0. 0. 1. 0. 0. 0. 0. 1. 0. 0. 0. 0. 0. 0. 0. 0. 0. 0. 0. 0.
  0. 0. 0. 0. 0. 0. 0. 0. 0. 0. 0. 0. 0. 0. 0. 0. 0. 0. 0. 0. 0. 0. 0. 0.
  0. 0.]
 [0. 0. 1. 0. 0. 0. 0. 0. 1. 0. 1. 0. 0. 1. 0. 0. 0. 0. 0. 0. 0. 0. 0. 0.
  0. 0. 0. 0. 0. 0. 0. 0. 0. 0. 0. 0. 0. 0. 0. 0. 0. 0. 0. 0. 0. 0. 0. 0.
  0. 0.]
 [0. 0. 0. 0. 0. 1. 0. 0. 0. 0. 0. 0. 0. 0. 0. 1. 0. 0. 0. 0. 0. 0. 0. 0.
  0. 0. 0. 0. 0. 0. 0. 0. 0. 0. 0. 0. 0. 0. 0. 0. 0. 0. 0. 0. 0. 0. 0. 0.
  0. 0.]
 [1. 0. 1. 0. 0. 0. 1. 0. 0. 0. 0. 0. 0. 1. 1. 0. 0. 0. 0. 0. 0. 0. 0. 0.
  0. 0. 0. 0. 0. 0. 0. 0. 0. 0. 0. 0. 0. 0. 0. 0. 0. 0. 0. 0. 0. 0. 0. 0.
  0. 0.]
 [0. 0. 0. 0. 0. 0. 1. 1. 1. 0. 0. 0. 0. 0. 0. 0. 0. 0. 0. 0. 0. 0. 0. 0.
  0. 0. 0. 0. 0. 0. 0. 0. 0. 0. 0. 0. 0. 0. 0. 0. 0. 0. 0. 0. 0. 0. 0. 0.
  0. 0.]
 [0. 0. 0. 0. 0. 1. 0. 1. 0. 0. 0. 0. 0. 0. 0. 0. 1. 1. 1. 0. 0. 0. 0. 0.
  0. 0. 0. 0. 0. 0. 0. 0. 0. 0. 0. 0. 0. 0. 0. 0. 0. 0. 0. 0. 0. 0. 0. 0.
  0. 0.]
 [1. 0. 0. 0. 0. 0. 0. 1. 0. 0. 0. 1. 0. 0. 0. 0. 1. 0. 0. 0. 0. 0. 0. 0.
  0. 0. 0. 0. 0. 0. 0. 0. 0. 0. 0. 0. 0. 0. 0. 0. 0. 0. 0. 0. 0. 0. 0. 0.
  0. 0.]
 [0. 1. 0. 0. 1. 0. 0. 0. 0. 1. 0. 0. 0. 0. 1. 0. 0. 0. 0. 0. 0. 0. 0. 0.
  0. 0. 0. 0. 0. 0. 0. 0. 0. 0. 0. 0. 0. 0. 0. 0. 0. 0. 0. 0. 0. 0. 0. 0.
  0. 0.]
 [1. 0. 1. 0. 0. 0. 0. 0. 1. 0. 0. 0. 0. 0. 0. 1. 0. 0. 0. 0. 0. 0. 0. 0.
  0. 0. 0. 0. 0. 0. 0. 0. 0. 0. 0. 0. 0. 0. 0. 0. 0. 0. 0. 0. 0. 0. 0. 0.
  0. 0.]
 [0. 0. 1. 0. 1. 1. 0. 1. 0. 0. 0. 0. 0. 0. 0. 0. 0. 0. 0. 0. 0. 0. 0. 0.
  0. 0. 0. 0. 0. 0. 0. 0. 0. 0. 0. 0. 0. 0. 0. 0. 0. 0. 0. 0. 0. 0. 0. 0.
  0. 0.]
 [0. 0. 0. 0. 0. 0. 0. 0. 0. 0. 0. 1. 1. 0. 0. 0. 0. 0. 0. 0. 0. 0. 0. 0.
  0. 0. 0. 0. 0. 0. 0. 0. 0. 0. 0. 0. 0. 0. 0. 0. 0. 0. 0. 0. 0. 0. 0. 0.
  0. 0.]]
start_times_array: [[1.59600000e+03 1.32350000e+04 1.33310000e+04 1.34270000e+04
  1.34890000e+04 1.35600000e+04 1.36020000e+04 1.36640000e+04
  1.37570000e+04 1.38550000e+04 1.38650000e+04 1.39190000e+04
  1.39320000e+04 1.39690000e+04 1.40300000e+04 1.41220000e+04
  1.42120000e+04 1.42710000e+04 1.43350000e+04 1.44310000e+04]
 [1.19230000e+04 1.21350000e+04 1.22850000e+04 1.23070000e+04
  1.24050000e+04 1.24880000e+04 1.25440000e+04 1.26380000e+04
  1.26900000e+04 1.26960000e+04 1.27810000e+04 1.28190000e+04
  1.29010000e+04 1.29040000e+04 1.29980000e+04 1.30300000e+04
  1.30470000e+04 1.31130000e+04 1.31920000e+04 1.32010000e+04]
 [1.02370000e+04 1.03040000e+04 1.11460000e+04 1.11510000e+04
  1.11650000e+04 1.14120000e+04 1.23490000e+04 1.24960000e+04
  1.29210000e+04 1.29490000e+04 1.30060000e+04 1.30150000e+04
  1.30930000e+04 1.31120000e+04 1.31740000e+04 1.32240000e+04
  1.33090000e+04 1.33120000e+04 1.35180002e+04 1.40360000e+04]
 [7.39000000e+02 1.03560000e+04 1.19000000e+04 1.19840000e+04
  1.20350000e+04 1.22120000e+04 1.22300000e+04 1.22510000e+04
  1.23050000e+04 1.23130000e+04 1.23510000e+04 1.24310000e+04
  1.24350000e+04 1.25160000e+04 1.25420000e+04 1.25900000e+04
  1.26410000e+04 1.27340000e+04 1.28100000e+04 1.30360000e+04]
 [1.19720000e+04 1.19810000e+04 1.19860000e+04 1.19880000e+04
  1.20590000e+04 1.23050000e+04 1.24030000e+04 1.24060000e+04
  1.24350000e+04 1.24950000e+04 1.25900000e+04 1.26450000e+04
  1.26920000e+04 1.27370000e+04 1.28420000e+04 1.29210000e+04
  1.29790000e+04 1.30780000e+04 1.31680000e+04 1.35780000e+04]
 [8.48000000e+02 1.77700000e+03 1.11820000e+04 1.12780000e+04
  1.13220000e+04 1.14450000e+04 1.15240000e+04 1.16020000e+04
  1.16050000e+04 1.16220000e+04 1.16330000e+04 1.16670000e+04
  1.16820000e+04 1.17280000e+04 1.17750000e+04 1.18650000e+04
  1.20070000e+04 1.21020000e+04 1.22280000e+04 1.23140000e+04]
 [1.52800000e+03 1.03720000e+04 1.04710000e+04 1.06520000e+04
  1.08790000e+04 1.12810000e+04 1.13430000e+04 1.13890000e+04
  1.14100000e+04 1.15080000e+04 1.15580000e+04 1.16140000e+04
  1.16710000e+04 1.17280000e+04 1.17940000e+04 1.18490000e+04
  1.18520000e+04 1.18660000e+04 1.18760000e+04 1.21190000e+04]
 [5.30000000e+02 9.78000000e+02 1.22200000e+03 1.68500000e+03
  1.03390000e+04 1.03730000e+04 1.04020000e+04 1.04670000e+04
  1.04860000e+04 1.05710000e+04 1.06520000e+04 1.06960000e+04
  1.07830000e+04 1.08420000e+04 1.08760000e+04 1.09620000e+04
  1.10340000e+04 1.10620000e+04 1.11240000e+04 1.14100000e+04]
 [6.22000000e+02 7.10000000e+02 8.86000000e+02 1.02600000e+04
  1.03560000e+04 1.04020000e+04 1.04500000e+04 1.05240000e+04
  1.06060000e+04 1.06970000e+04 1.07420000e+04 1.08270000e+04
  1.08800000e+04 1.09560000e+04 1.09890000e+04 1.10560000e+04
  1.11190000e+04 1.11630000e+04 1.12450000e+04 1.12960000e+04]
 [3.72000000e+02 7.02000000e+02 1.13000000e+03 9.38500000e+03
  9.40100000e+03 9.55600000e+03 9.75400000e+03 9.81200000e+03
  9.85100000e+03 9.90100000e+03 9.92900000e+03 9.97900000e+03
  1.00470000e+04 1.00860000e+04 1.00920000e+04 1.01270000e+04
  1.01330000e+04 1.01460000e+04 1.04710000e+04 1.04860000e+04]
 [0.00000000e+00 1.33000000e+02 3.74000000e+02 7.83800000e+03
  8.66100000e+03 9.38500000e+03 9.46300000e+03 9.48700000e+03
  9.53800000e+03 9.55200000e+03 9.60000000e+03 9.65700000e+03
  9.70900000e+03 9.80100000e+03 9.85000000e+03 9.92400000e+03
  1.00060000e+04 1.00380000e+04 1.01010000e+04 1.01920000e+04]
 [9.00200000e+03 9.10100000e+03 9.17800000e+03 9.28300000e+03
  9.38100000e+03 9.46300000e+03 9.51900000e+03 9.58500000e+03
  9.64200000e+03 9.69600000e+03 9.75400000e+03 9.77400000e+03
  9.80400000e+03 9.88100000e+03 1.00820000e+04 1.01450000e+04
  1.01510000e+04 1.02140000e+04 1.02810000e+04 1.06260000e+04]
 [8.28800000e+03 8.36400000e+03 8.44500000e+03 8.75800000e+03
  8.79300000e+03 8.87800000e+03 8.90700000e+03 8.91700000e+03
  8.96900000e+03 8.98000000e+03 9.00100000e+03 9.00200000e+03
  9.09800000e+03 9.14300000e+03 9.17400000e+03 9.21700000e+03
  9.22800000e+03 9.27500000e+03 9.31600000e+03 9.48700000e+03]
 [2.66000000e+02 1.19500000e+03 1.24700000e+03 1.44300000e+03
  1.63400000e+03 1.66800000e+03 6.85400011e+03 6.92900011e+03
  7.89200000e+03 7.97500000e+03 7.98300000e+03 8.08846862e+03
  8.15746862e+03 8.31800000e+03 8.78600000e+03 8.78700000e+03
  8.86600000e+03 8.93000000e+03 9.00900000e+03 9.06600000e+03]
 [7.48300000e+03 7.85446862e+03 8.08800000e+03 8.11900000e+03
  8.16300000e+03 8.16500000e+03 8.18200000e+03 8.26400000e+03
  8.27800000e+03 8.36000000e+03 8.45500000e+03 8.48000000e+03
  8.54700000e+03 8.62200000e+03 8.66300000e+03 8.75500000e+03
  8.75800000e+03 8.76400000e+03 8.78600000e+03 8.82000000e+03]
 [9.93000000e+02 1.95000000e+03 2.30000000e+03 8.16146862e+03
  8.17046862e+03 8.28446862e+03 8.33700000e+03 8.36000000e+03
  8.40300000e+03 8.43800000e+03 8.48000000e+03 8.57500000e+03
  8.59400000e+03 8.59700000e+03 8.60500000e+03 8.70100000e+03
  8.72800000e+03 8.86600000e+03 8.98200000e+03 9.10500000e+03]
 [6.74800000e+03 6.95100000e+03 7.01500000e+03 7.09000000e+03
  7.11000000e+03 7.20900000e+03 7.29400000e+03 7.35000000e+03
  7.44800000e+03 7.51300000e+03 7.58300000e+03 7.62700000e+03
  7.64300000e+03 7.66800000e+03 7.67400000e+03 7.68400000e+03
  7.70700000e+03 7.71500000e+03 7.81300000e+03 7.89800000e+03]
 [7.22500000e+03 7.45400000e+03 7.47800000e+03 7.52100000e+03
  7.57000000e+03 7.60100000e+03 7.65500000e+03 7.65600000e+03
  7.70300000e+03 7.77000000e+03 7.83200000e+03 7.85600000e+03
  7.89800000e+03 7.99200000e+03 8.00800000e+03 8.01600000e+03
  8.07200000e+03 8.08800000e+03 8.10600000e+03 8.21546862e+03]
 [6.65100000e+03 6.85400011e+03 7.09600000e+03 7.16700000e+03
  7.25400000e+03 7.33200000e+03 7.41700000e+03 7.43500000e+03
  7.45400000e+03 7.47400000e+03 7.65500000e+03 7.70500000e+03
  7.77100000e+03 7.84600011e+03 7.91600011e+03 7.99200000e+03
  8.01200000e+03 8.05300000e+03 8.14600000e+03 8.23700000e+03]
 [1.30400000e+03 4.08800000e+03 6.69600000e+03 6.72100000e+03
  6.78900000e+03 6.80700000e+03 6.85400000e+03 6.93600000e+03
  6.97100000e+03 6.99900000e+03 7.00800000e+03 7.05300000e+03
  7.11300000e+03 7.17700000e+03 7.20900000e+03 7.22600000e+03
  7.25200000e+03 7.29900000e+03 7.36500000e+03 7.52600000e+03]
 [0.00000000e+00 9.90000000e+01 1.61000000e+02 1.86000000e+02
  4.19000000e+02 4.23000000e+02 4.46000000e+02 4.87000000e+02
  4.95000000e+02 5.86000000e+02 6.56000000e+02 6.83000000e+02
  7.73000000e+02 8.46000000e+02 9.05000000e+02 9.26000000e+02
  1.00900000e+03 1.08600000e+03 1.14100000e+03 1.59300000e+03]
 [2.40000000e+01 3.10000000e+02 8.48000000e+02 1.30600000e+03
  1.77700000e+03 2.86200000e+03 5.70200000e+03 6.76700000e+03
  6.81100000e+03 6.83800000e+03 6.89500000e+03 6.95100000e+03
  6.98400000e+03 7.00000000e+03 7.03800000e+03 7.03900000e+03
  7.10000000e+03 7.11100000e+03 7.38300000e+03 7.44800000e+03]
 [6.00000000e+00 5.40000000e+01 1.60000000e+02 1.67000000e+02
  2.08000000e+02 9.38000000e+02 4.72900000e+03 5.74200000e+03
  5.80700000e+03 5.81500000e+03 5.83400000e+03 5.86500000e+03
  5.92200000e+03 6.37200017e+03 6.42900017e+03 6.61500000e+03
  6.64700000e+03 6.71700000e+03 6.81100000e+03 6.88300000e+03]
 [9.50000000e+01 2.55000000e+02 5.40000000e+02 5.92200000e+03
  5.99500000e+03 6.03400000e+03 6.09000000e+03 6.14800000e+03
  6.20700000e+03 6.21200000e+03 6.24500000e+03 6.32600000e+03
  6.41900000e+03 6.46500000e+03 6.48800000e+03 6.56800000e+03
  6.59200000e+03 6.60500000e+03 6.61500000e+03 6.74800000e+03]
 [0.00000000e+00 6.30000000e+01 4.17000000e+02 4.20300000e+03
  4.21600000e+03 4.36000000e+03 4.36600000e+03 4.44000000e+03
  4.60100000e+03 4.65100000e+03 4.71100000e+03 4.72300000e+03
  4.81300000e+03 4.87200000e+03 5.97200000e+03 6.04400000e+03
  6.12000000e+03 6.20700000e+03 6.29500011e+03 6.31800011e+03]
 [0.00000000e+00 2.40000000e+01 1.16000000e+02 1.74000000e+02
  1.79000000e+02 3.63000000e+02 4.23000000e+02 4.76000000e+02
  7.31000000e+02 8.22000000e+02 8.89000000e+02 9.96000000e+02
  1.07700000e+03 1.08500000e+03 1.10100000e+03 1.85200000e+03
  2.89200000e+03 4.58300000e+03 4.60900000e+03 4.74000000e+03]
 [0.00000000e+00 4.30000000e+01 1.29200000e+03 4.68200000e+03
  5.00400000e+03 5.08600000e+03 5.17300000e+03 5.21300000e+03
  5.21900000e+03 5.28900000e+03 5.37200000e+03 5.45800000e+03
  5.54800000e+03 5.62500000e+03 5.63800000e+03 5.70300000e+03
  5.72400000e+03 5.80700000e+03 5.86500000e+03 6.28300000e+03]
 [2.84900000e+03 3.74800000e+03 3.87400000e+03 3.94900000e+03
  4.03100000e+03 4.06500000e+03 4.09300000e+03 4.11700000e+03
  4.22100000e+03 4.29800000e+03 4.30300000e+03 4.33000000e+03
  4.50300000e+03 4.53500000e+03 4.59100000e+03 4.80900000e+03
  4.87200000e+03 4.88300000e+03 4.97900000e+03 5.00400000e+03]
 [1.01600000e+03 1.46500000e+03 3.78800000e+03 3.82100000e+03
  3.89400000e+03 3.91300000e+03 3.96100000e+03 4.51700000e+03
  4.72200011e+03 4.79900011e+03 4.97400000e+03 5.03300000e+03
  5.08000000e+03 5.11800000e+03 5.19100000e+03 5.27400000e+03
  5.29800000e+03 5.37800000e+03 5.45800000e+03 6.84500000e+03]
 [0.00000000e+00 2.32000000e+02 3.00000000e+02 5.51000000e+02
  4.13300000e+03 4.16400000e+03 4.41000000e+03 4.46900000e+03
  4.52200000e+03 4.54600000e+03 4.56400000e+03 4.60500000e+03
  4.67700000e+03 4.74900000e+03 4.82200000e+03 4.82800000e+03
  4.91400000e+03 4.93100000e+03 4.94400000e+03 5.03300000e+03]
 [6.23000000e+02 7.18000000e+02 8.17000000e+02 9.38000000e+02
  1.00900000e+03 2.01200000e+03 4.01900011e+03 4.04400000e+03
  4.11600000e+03 4.11800000e+03 4.17800000e+03 4.21300000e+03
  4.22700000e+03 4.24100000e+03 4.27800000e+03 4.44600000e+03
  4.54600000e+03 4.59300000e+03 4.62100000e+03 4.65800000e+03]
 [0.00000000e+00 2.40000000e+01 3.77300000e+03 3.84100000e+03
  3.85400000e+03 3.95200000e+03 4.01900000e+03 4.07700000e+03
  4.15800000e+03 4.22000000e+03 4.23100000e+03 4.33000000e+03
  4.40500000e+03 4.44600000e+03 4.46900000e+03 4.48200000e+03
  4.60400000e+03 4.67700000e+03 4.71200000e+03 4.78300000e+03]
 [0.00000000e+00 1.35000000e+02 1.74000000e+02 5.48000000e+02
  6.15000000e+02 7.06000000e+02 9.38000000e+02 9.86000000e+02
  1.43100000e+03 2.00400000e+03 3.86600000e+03 3.97300000e+03
  4.04800000e+03 4.06700000e+03 4.15800000e+03 4.30000000e+03
  4.36600000e+03 4.43500000e+03 4.50800000e+03 4.59500000e+03]
 [3.30000000e+01 1.02000000e+02 1.05000000e+02 1.67000000e+02
  2.43000000e+02 3.00000000e+02 3.55000000e+02 4.35000000e+02
  6.32000000e+02 6.95000000e+02 1.01300000e+03 3.10700000e+03
  3.13500000e+03 3.33300000e+03 3.94900000e+03 4.03500000e+03
  4.08000000e+03 4.13300000e+03 4.14700000e+03 4.15100000e+03]
 [2.80000000e+01 3.15000000e+02 7.10000000e+02 1.07700000e+03
  2.17700000e+03 2.37600000e+03 2.46900000e+03 2.93900000e+03
  2.99500000e+03 3.02500000e+03 3.12300000e+03 3.17600000e+03
  3.25000000e+03 3.31000000e+03 3.51700000e+03 3.65100000e+03
  3.67400000e+03 3.70100000e+03 3.75000000e+03 3.80400000e+03]
 [0.00000000e+00 2.90000000e+02 5.27000000e+02 7.20000000e+02
  2.89100000e+03 3.12300000e+03 3.19000000e+03 3.25600000e+03
  3.33700000e+03 3.39900000e+03 3.44000000e+03 3.51700000e+03
  3.69400000e+03 3.75000000e+03 3.83000000e+03 3.92000000e+03
  3.98800000e+03 4.06900000e+03 4.12700000e+03 4.37000000e+03]
 [8.30000000e+01 1.61000000e+02 2.38000000e+02 2.61000000e+02
  2.90000000e+02 3.15000000e+02 3.59000000e+02 3.74000000e+02
  3.91000000e+02 4.87000000e+02 5.51000000e+02 6.22000000e+02
  6.44000000e+02 7.59000000e+02 9.06000000e+02 1.00800000e+03
  1.01600000e+03 1.08300000e+03 1.31400000e+03 1.37500000e+03]
 [1.05000000e+02 2.83500000e+03 2.88200000e+03 3.00400000e+03
  3.05900000e+03 3.13700000e+03 3.19500000e+03 3.23100000e+03
  3.36700000e+03 3.39000000e+03 3.54900000e+03 3.59600000e+03
  3.67200000e+03 3.70600000e+03 3.80100000e+03 3.82600000e+03
  3.85100000e+03 3.94200000e+03 3.96400000e+03 4.03500000e+03]
 [5.00000000e+01 1.38200000e+03 1.95000000e+03 1.98900000e+03
  2.01100000e+03 2.21700000e+03 2.91600000e+03 2.98300000e+03
  2.98500000e+03 3.06800000e+03 3.14100000e+03 3.17700000e+03
  3.24500000e+03 3.34400000e+03 3.41200000e+03 3.47300000e+03
  3.54900000e+03 3.63700000e+03 3.65200000e+03 3.80100000e+03]
 [0.00000000e+00 2.40000000e+01 2.16000000e+02 3.15000000e+02
  3.59000000e+02 6.83000000e+02 1.98900000e+03 2.91500000e+03
  2.92400000e+03 3.00400000e+03 3.09100000e+03 3.16500000e+03
  3.17100000e+03 3.22600000e+03 3.26500000e+03 3.30400000e+03
  3.34600000e+03 3.42400000e+03 3.46100000e+03 3.52700000e+03]
 [1.22000000e+02 1.69400000e+03 1.86500000e+03 2.15700000e+03
  2.40300000e+03 2.43700000e+03 2.48200000e+03 2.56000000e+03
  2.72400000e+03 2.78300000e+03 2.87600000e+03 2.89200000e+03
  2.97700000e+03 3.05300000e+03 3.14900000e+03 3.24000000e+03
  3.33300000e+03 3.34600000e+03 3.40200000e+03 3.41200000e+03]
 [1.39400000e+03 1.42000000e+03 1.54700000e+03 1.86900000e+03
  1.91300000e+03 1.92200000e+03 2.01200000e+03 2.08200000e+03
  2.17700000e+03 2.21700000e+03 2.23700000e+03 2.36200000e+03
  2.40600000e+03 2.46900000e+03 2.54200000e+03 2.60100000e+03
  2.68300000e+03 2.88300000e+03 2.97000000e+03 3.05900000e+03]
 [0.00000000e+00 5.35000000e+02 6.40000000e+02 8.05000000e+02
  8.35000000e+02 1.25000000e+03 1.40100000e+03 1.69400000e+03
  1.86100000e+03 2.08800000e+03 2.25900000e+03 2.48200000e+03
  2.54400000e+03 2.64300000e+03 2.69800000e+03 2.73800000e+03
  2.83200000e+03 2.85700000e+03 2.89100000e+03 3.22600000e+03]
 [2.06000000e+02 2.64000000e+02 1.33600000e+03 1.38500000e+03
  1.61300000e+03 1.77700000e+03 1.81700000e+03 1.86500000e+03
  1.88000000e+03 2.10300000e+03 2.11800000e+03 2.15700000e+03
  2.31600000e+03 2.36800000e+03 2.56500000e+03 2.57400000e+03
  2.74000000e+03 2.74600000e+03 2.81100000e+03 2.86900000e+03]
 [3.40000000e+02 3.59000000e+02 7.68000000e+02 1.92800000e+03
  2.00300000e+03 2.11800000e+03 2.18900000e+03 2.31600000e+03
  2.33000000e+03 2.34900000e+03 2.37600000e+03 2.46800000e+03
  2.56500000e+03 2.66400000e+03 2.81400000e+03 2.93500000e+03
  2.95500000e+03 2.99500000e+03 3.14500000e+03 3.49700000e+03]
 [7.54000000e+02 8.17000000e+02 1.00900000e+03 1.08300000e+03
  1.29200000e+03 1.46000000e+03 1.77700000e+03 1.94900000e+03
  2.30700000e+03 2.31600000e+03 2.40800000e+03 2.47500000e+03
  2.57400000e+03 2.62200000e+03 2.64200000e+03 2.72900000e+03
  2.78400000e+03 2.84900000e+03 3.24000000e+03 3.61400000e+03]
 [2.41000000e+02 2.43000000e+02 4.23000000e+02 5.43000000e+02
  9.43000000e+02 1.25000000e+03 1.42000000e+03 1.50100000e+03
  1.55800000e+03 1.72000000e+03 1.73700000e+03 1.80100000e+03
  1.88100000e+03 1.92800000e+03 2.00400000e+03 2.10300000e+03
  2.17500000e+03 2.20600000e+03 2.25800000e+03 2.33000000e+03]
 [0.00000000e+00 1.75000000e+02 1.97000000e+02 1.03100000e+03
  1.13000000e+03 1.19500000e+03 1.29100000e+03 1.38600000e+03
  1.43300000e+03 1.44100000e+03 1.49800000e+03 1.55800000e+03
  1.65000000e+03 1.72100000e+03 1.79100000e+03 1.88900000e+03
  1.94600000e+03 2.01200000e+03 2.04300000e+03 2.57400000e+03]
 [0.00000000e+00 7.90000000e+01 1.59000000e+02 2.57000000e+02
  3.34000000e+02 4.37000000e+02 6.24000000e+02 7.18000000e+02
  7.59000000e+02 1.00900000e+03 1.08300000e+03 1.17800000e+03
  1.29200000e+03 1.35200000e+03 1.44000000e+03 1.50100000e+03
  1.60000000e+03 1.63600000e+03 1.92200000e+03 1.96300000e+03]
 [0.00000000e+00 6.40000000e+01 1.35000000e+02 1.84000000e+02
  2.09000000e+02 2.71000000e+02 3.69000000e+02 4.32000000e+02
  5.11000000e+02 5.40000000e+02 6.22000000e+02 7.06000000e+02
  8.32000000e+02 9.17000000e+02 9.35000000e+02 1.01300000e+03
  1.46000000e+03 1.54700000e+03 1.61200000e+03 1.95000000e+03]]
