optimal_status: 0
solution: 6568.99999934269
cpu_time: 3600.1599531173706
gap: 0.8350761244577221
upper_bound: 1083.3849383288182
lower_bound: 6568.99999934269
cg_matrix: [[0. 1. 0. 1. 0. 1. 1. 1. 1. 1. 0. 1. 1. 1. 1.]
 [1. 0. 1. 1. 1. 1. 1. 1. 0. 1. 1. 1. 0. 1. 1.]
 [0. 1. 0. 1. 1. 0. 0. 1. 1. 1. 1. 1. 1. 1. 1.]
 [1. 1. 1. 0. 1. 1. 1. 1. 1. 1. 1. 0. 0. 1. 1.]
 [0. 1. 1. 1. 0. 1. 1. 1. 0. 0. 1. 1. 1. 1. 1.]
 [1. 1. 0. 1. 1. 0. 0. 0. 0. 1. 0. 1. 1. 1. 0.]
 [1. 1. 0. 1. 1. 0. 0. 1. 1. 1. 0. 0. 1. 1. 1.]
 [1. 1. 1. 1. 1. 0. 1. 0. 1. 1. 1. 1. 0. 1. 1.]
 [1. 0. 1. 1. 0. 0. 1. 1. 0. 0. 1. 0. 1. 1. 1.]
 [1. 1. 1. 1. 0. 1. 1. 1. 0. 0. 1. 1. 1. 1. 1.]
 [0. 1. 1. 1. 1. 0. 0. 1. 1. 1. 0. 1. 1. 0. 1.]
 [1. 1. 1. 0. 1. 1. 0. 1. 0. 1. 1. 0. 1. 1. 0.]
 [1. 0. 1. 0. 1. 1. 1. 0. 1. 1. 1. 1. 0. 0. 1.]
 [1. 1. 1. 1. 1. 1. 1. 1. 1. 1. 0. 1. 0. 0. 1.]
 [1. 1. 1. 1. 1. 0. 1. 1. 1. 1. 1. 0. 1. 1. 0.]]
start_times_array: [[1241.         1558.         1859.         2474.         3052.
  3654.99999934 4075.99999934 4146.99999934 4632.99999934 5106.99999934
  5412.99999934 5455.99999934 5789.99999934 6149.99999934 6356.99999934]
 [ 214.         1457.         1917.         2145.         3765.99999934
  3957.99999934 3992.99999934 4292.99999934 4320.99999934 5285.99999934
  5485.99999934 5550.99999934 5602.99999934 6066.99999934 6333.99999934]
 [  51.          497.         1241.         1769.         2486.
  3053.99999934 3858.99999934 4029.99999934 4202.99999934 4498.99999934
  5106.99999934 5128.99999934 5951.99999934 5989.99999934 6375.99999934]
 [  84.           97.         1485.         1681.         2181.
  2735.         2751.         4222.99999934 5053.99999934 5217.99999934
  5716.99999934 6243.99999934 6499.99999934 6557.99999934 6564.99999934]
 [1051.         1558.         1610.         1860.         1955.
  2081.         2577.         3365.         3424.         3694.99999934
  4117.99999934 4954.99999934 5412.99999934 6148.99999934 6356.99999934]
 [ 152.          444.          942.         1035.         1149.
  1769.         2829.         3192.99999934 3549.99999934 3858.99999934
  4029.99999934 4479.99999934 4878.99999934 5622.99999934 5951.99999934]
 [  28.          496.         1769.         2047.         2533.
  2730.         2829.         3117.         3295.         3601.99999934
  3858.99999934 4498.99999934 5155.99999934 5951.99999934 6429.99999934]
 [ 436.          826.         1149.         1873.         2205.
  2837.         3458.99999934 3479.99999934 3505.99999934 4479.99999934
  4730.99999934 4938.99999934 5371.99999934 5561.99999934 5622.99999934]
 [ 245.         1618.         1917.         2577.         3364.99999934
  3748.99999934 3936.99999934 4898.99999934 4950.99999934 5285.99999934
  5298.99999934 6066.99999934 6170.99999934 6219.99999934 6333.99999934]
 [ 115.          282.          317.          602.          736.
   890.          893.         1051.         1618.         2081.
  2577.         3364.99999934 3748.99999934 4954.99999934 5016.99999934]
 [ 179.          616.          658.          899.         1384.
  2047.         2278.         2653.         3323.99999934 3480.99999934
  3601.99999934 3610.99999934 3644.99999934 4382.99999934 4632.99999934]
 [  28.          120.          564.         1337.         1740.
  1974.         2330.         2569.         3134.99999934 3261.99999934
  3918.99999934 4222.99999934 4560.99999934 5053.99999934 6477.99999934]
 [   0.           84.          214.          217.         1159.
  1681.         2162.         2735.         2971.         3458.99999934
  3505.99999934 4254.99999934 4730.99999934 4732.99999934 4755.99999934]
 [  17.          616.          709.         1398.         2268.
  2421.         2444.         2467.         2653.         2928.
  2992.         4382.99999934 4789.99999934 4825.99999934 5879.99999934]
 [ 120.          338.          564.          802.          967.
  1337.         1974.         2046.         2330.         3142.
  3227.         4590.99999934 4878.99999934 5572.99999934 6036.99999934]]
