optimal_status: 0
solution: 5267.999998944508
cpu_time: 3600.161041021347
gap: 0.7952496021313175
upper_bound: 1078.6250957561067
lower_bound: 5267.999998944508
cg_matrix: [[0. 0. 1. 0. 1. 0. 0. 1. 1. 1. 1. 1. 1. 0. 1. 1. 0. 0. 1. 1.]
 [0. 0. 0. 0. 0. 0. 1. 1. 1. 1. 1. 1. 1. 1. 0. 0. 1. 0. 0. 0.]
 [1. 0. 0. 1. 1. 0. 0. 1. 0. 1. 0. 0. 0. 0. 0. 1. 0. 1. 1. 0.]
 [0. 0. 1. 0. 0. 0. 0. 0. 1. 1. 1. 1. 1. 1. 0. 0. 1. 1. 0. 0.]
 [1. 0. 1. 0. 0. 0. 1. 1. 0. 0. 1. 0. 1. 0. 0. 0. 1. 0. 1. 1.]
 [0. 0. 0. 0. 0. 0. 0. 1. 1. 1. 1. 0. 1. 1. 0. 0. 1. 0. 0. 1.]
 [0. 1. 0. 0. 1. 0. 0. 0. 0. 1. 1. 1. 0. 1. 1. 0. 0. 1. 0. 1.]
 [1. 1. 1. 0. 1. 1. 0. 0. 1. 1. 1. 0. 1. 1. 1. 0. 1. 1. 0. 0.]
 [1. 1. 0. 1. 0. 1. 0. 1. 0. 1. 1. 1. 0. 0. 0. 0. 0. 1. 0. 0.]
 [1. 1. 1. 1. 0. 1. 1. 1. 1. 0. 0. 0. 0. 1. 0. 0. 1. 1. 1. 0.]
 [1. 1. 0. 1. 1. 1. 1. 1. 1. 0. 0. 0. 0. 0. 1. 1. 1. 0. 1. 1.]
 [1. 1. 0. 1. 0. 0. 1. 0. 1. 0. 0. 0. 1. 1. 0. 0. 1. 0. 0. 1.]
 [1. 1. 0. 1. 1. 1. 0. 1. 0. 0. 0. 1. 0. 1. 0. 0. 1. 1. 0. 1.]
 [0. 1. 0. 1. 0. 1. 1. 1. 0. 1. 0. 1. 1. 0. 1. 0. 1. 1. 0. 1.]
 [1. 0. 0. 0. 0. 0. 1. 1. 0. 0. 1. 0. 0. 1. 0. 1. 0. 1. 0. 0.]
 [1. 0. 1. 0. 0. 0. 0. 0. 0. 0. 1. 0. 0. 0. 1. 0. 0. 0. 0. 0.]
 [0. 1. 0. 1. 1. 1. 0. 1. 0. 1. 1. 1. 1. 1. 0. 0. 0. 0. 0. 0.]
 [0. 0. 1. 1. 0. 0. 1. 1. 1. 1. 0. 0. 1. 1. 1. 0. 0. 0. 0. 0.]
 [1. 0. 1. 0. 1. 0. 0. 0. 0. 1. 1. 0. 0. 0. 0. 0. 0. 0. 0. 0.]
 [1. 0. 0. 0. 1. 1. 1. 0. 0. 0. 1. 1. 1. 1. 0. 0. 0. 0. 0. 0.]]
start_times_array: [[   0.          331.         1020.         1118.         1479.
  1931.         2373.         3327.         3506.         3593.
  4083.         4539.         4847.99999947 4890.99999947 5192.99999894]
 [   0.           49.           95.          331.          363.
  1947.         2061.         2125.         2368.         2412.
  2557.         3524.         3588.         4097.         4847.99999947]
 [  15.           93.          201.          514.         1301.
  1648.         2010.         2270.         2600.         2649.
  2740.         2852.         3037.         3386.         4274.        ]
 [ 567.          625.          747.         1020.         1039.
  1464.         1751.         1838.         2422.         3426.
  4021.         4087.         4151.         4161.         4810.99999947]
 [ 420.          498.          673.         1573.         1892.
  2141.         2350.         2360.         2522.         2903.
  2976.         3135.         3316.         3698.         4954.        ]
 [ 359.         1118.         1230.         3135.         3316.
  3531.         3593.         3635.         3638.         3751.
  3993.         4486.99999947 4847.99999947 5193.99999894 5252.99999894]
 [ 114.          197.          505.          622.         1283.
  1464.         1496.         1666.         1747.         1991.
  3863.         4021.         4376.         4481.         4651.99999947]
 [ 567.          791.          804.          813.         1069.
  1464.         1751.         1808.         2165.         3426.
  4042.         4610.99999947 4778.99999947 5000.99999947 5142.99999894]
 [ 199.          503.          659.         1359.         1648.
  2242.         2341.         2491.         2539.         2724.
  2773.         2929.         2955.         3861.         4923.99999947]
 [ 262.          933.         1243.         1533.         1580.
  3241.         3720.         3787.         3812.         4189.
  4383.         4469.         4584.99999947 4692.99999947 5064.99999894]
 [ 238.          824.         2564.         2638.         2664.
  2827.         2905.         3037.         3244.         3941.
  4214.         4383.         4692.99999947 4846.99999947 5091.99999894]
 [ 420.          895.          908.          978.         1213.
  1270.         1590.         2165.         2197.         2558.
  2859.         3114.         3820.         4383.         4777.99999947]
 [ 160.          243.          310.          505.          549.
  1275.         1533.         1555.         2703.         3227.
  3787.         3812.         4214.         4692.99999947 5096.99999894]
 [1359.         1648.         1892.         1904.         2625.
  2794.         3009.         3029.         3082.         3352.
  3401.         3514.         3644.         3687.         3717.        ]
 [  15.          209.          642.          692.          967.
  1218.         1576.         1599.         2422.         2793.
  3135.         3232.         3724.         3792.         4287.        ]
 [ 138.          151.          170.          420.          563.
   924.         2724.         2981.         3429.         3505.
  3689.         3700.         3863.         3879.         4159.        ]
 [   6.          335.         1666.         1991.         2011.
  2017.         2076.         2242.         2283.         2929.
  3327.         4287.         4377.         4481.         4924.        ]
 [ 328.          396.          488.          824.          904.
  1124.         1196.         1423.         2373.         2564.
  3524.         3941.         4128.         4846.99999947 5263.99999894]
 [ 622.          756.          814.         1327.         1738.
  1812.         2165.         2433.         2508.         2744.
  2908.         3161.         3993.         4131.         4481.        ]
 [ 553.          922.         1005.         1803.         2061.
  2083.         2417.         2506.         3426.         4131.
  4287.         4307.         4365.         4584.99999947 5001.99999894]]
