optimal_status: 0
solution: 4043.999999593305
cpu_time: 3600.145061969757
gap: 0.70796241342266
upper_bound: 1180.9999999999927
lower_bound: 4043.999999593305
cg_matrix: [[0. 1. 0. 0. 0. 0. 0. 1. 0. 1. 0. 0. 0. 1. 0.]
 [1. 0. 0. 0. 0. 1. 1. 1. 1. 0. 0. 1. 1. 0. 1.]
 [0. 0. 0. 1. 0. 1. 0. 0. 1. 1. 1. 1. 0. 0. 1.]
 [0. 0. 1. 0. 0. 0. 1. 1. 1. 1. 1. 1. 1. 1. 1.]
 [0. 0. 0. 0. 0. 1. 1. 1. 1. 0. 1. 0. 0. 0. 0.]
 [0. 1. 1. 0. 1. 0. 0. 1. 1. 0. 0. 1. 0. 0. 0.]
 [0. 1. 0. 1. 1. 0. 0. 0. 0. 1. 0. 0. 0. 1. 0.]
 [1. 1. 0. 1. 1. 1. 0. 0. 1. 0. 1. 0. 0. 1. 0.]
 [0. 1. 1. 1. 1. 1. 0. 1. 0. 1. 0. 0. 0. 1. 0.]
 [1. 0. 1. 1. 0. 0. 1. 0. 1. 0. 1. 0. 0. 1. 0.]
 [0. 0. 1. 1. 1. 0. 0. 1. 0. 1. 0. 1. 0. 1. 0.]
 [0. 1. 1. 1. 0. 1. 0. 0. 0. 0. 1. 0. 0. 1. 0.]
 [0. 1. 0. 1. 0. 0. 0. 0. 0. 0. 0. 0. 0. 1. 0.]
 [1. 0. 0. 1. 0. 0. 1. 1. 1. 1. 1. 1. 1. 0. 0.]
 [0. 1. 1. 1. 0. 0. 0. 0. 0. 0. 0. 0. 0. 0. 0.]]
start_times_array: [[ 315.          469.          557.          985.         1263.
  2194.         2247.         2440.         2711.         2916.
  2924.         3132.         3314.         3467.         3574.        ]
 [  42.           76.           77.          198.          272.
   484.          633.          729.          809.         1093.
  1171.         3214.         3734.         3783.         3930.        ]
 [ 660.         1082.         1180.         1734.         1989.
  2068.         2588.         3304.         3345.         3490.
  3502.         3503.         3734.         3761.         3944.99999959]
 [ 484.          564.          637.          748.          856.
  1263.         1283.         2194.         2692.         2958.
  3014.         3467.         3574.         3838.         3888.99999959]
 [  42.           57.           76.          198.          484.
   492.          679.          765.          819.         1093.
  1155.         2041.         3434.         3478.         3558.        ]
 [ 898.         1004.         1262.         1356.         1453.
  1781.         2194.         2206.         2683.         2958.
  3028.         3063.         3129.         3576.         3868.        ]
 [   0.          117.          156.          315.          344.
   381.          406.          933.         1009.         1025.
  1063.         1356.         1436.         1493.         2559.        ]
 [1611.         1707.         1732.         1901.         1968.
  2021.         2142.         2325.         2354.         2405.
  2532.         2570.         2805.         3383.         3945.99999959]
 [ 117.          315.          383.          386.          565.
   977.         1067.         1365.         1539.         2272.
  2440.         2899.         3132.         3630.         3693.        ]
 [ 285.         1611.         1654.         1905.         1969.
  1983.         2158.         2352.         2805.         3081.
  3200.         3263.         3388.         3404.         3882.        ]
 [   0.          100.          383.          459.          565.
   902.          994.         1345.         1414.         1510.
  2227.         2285.         2440.         2899.         3630.        ]
 [1593.         1643.         1901.         2137.         2320.
  2345.         2418.         2436.         2519.         2771.
  2811.         2839.         3081.         3132.         3384.        ]
 [   0.          143.          185.          409.          902.
   944.         1010.         1368.         1611.         2241.
  2286.         2315.         3314.         3417.         4005.99999959]
 [ 198.          658.          820.         1093.         1143.
  1248.         1781.         1812.         2041.         2588.
  2643.         2876.         3295.         3536.         3734.        ]
 [ 123.          439.          902.         1009.         1345.
  1497.         1503.         2137.         2170.         2227.
  2331.07936508 2839.         3081.         3195.99999959 3630.        ]]
