optimal_status: 0
solution: 9554.999999043515
cpu_time: 3600.4141108989716
gap: 0.8900915557464252
upper_bound: 1050.1751847377818
lower_bound: 9554.999999043515
cg_matrix: [[0. 1. 1. 1. 0. 1. 1. 1. 1. 1. 0. 0. 1. 1. 1. 1. 0. 1. 1. 1.]
 [1. 0. 1. 1. 1. 0. 0. 1. 1. 1. 0. 1. 1. 1. 1. 1. 1. 0. 1. 1.]
 [1. 1. 0. 1. 1. 1. 1. 1. 1. 1. 1. 1. 0. 1. 1. 1. 1. 1. 1. 1.]
 [1. 1. 1. 0. 1. 1. 0. 1. 1. 1. 0. 1. 1. 0. 1. 1. 1. 0. 1. 1.]
 [0. 1. 1. 1. 0. 0. 1. 0. 0. 1. 1. 1. 0. 1. 1. 1. 1. 1. 1. 1.]
 [1. 0. 1. 1. 0. 0. 1. 1. 1. 1. 1. 0. 1. 1. 1. 1. 1. 1. 0. 1.]
 [1. 0. 1. 0. 1. 1. 0. 1. 1. 1. 1. 1. 1. 1. 1. 1. 1. 1. 1. 0.]
 [1. 1. 1. 1. 0. 1. 1. 0. 1. 1. 1. 1. 1. 0. 1. 1. 1. 1. 1. 1.]
 [1. 1. 1. 1. 0. 1. 1. 1. 0. 1. 1. 1. 1. 1. 1. 1. 1. 1. 1. 1.]
 [1. 1. 1. 1. 1. 1. 1. 1. 1. 0. 1. 1. 1. 1. 1. 1. 1. 1. 1. 1.]
 [0. 0. 1. 0. 1. 1. 1. 1. 1. 1. 0. 1. 1. 1. 1. 1. 1. 1. 1. 1.]
 [0. 1. 1. 1. 1. 0. 1. 1. 1. 1. 1. 0. 1. 1. 1. 0. 1. 0. 0. 1.]
 [1. 1. 0. 1. 0. 1. 1. 1. 1. 1. 1. 1. 0. 1. 1. 1. 1. 1. 0. 1.]
 [1. 1. 1. 0. 1. 1. 1. 0. 1. 1. 1. 1. 1. 0. 1. 0. 1. 0. 1. 1.]
 [1. 1. 1. 1. 1. 1. 1. 1. 1. 1. 1. 1. 1. 1. 0. 1. 1. 1. 1. 0.]
 [1. 1. 1. 1. 1. 1. 1. 1. 1. 1. 1. 0. 1. 0. 1. 0. 0. 0. 0. 0.]
 [0. 1. 1. 1. 1. 1. 1. 1. 1. 1. 1. 1. 1. 1. 1. 0. 0. 0. 0. 0.]
 [1. 0. 1. 0. 1. 1. 1. 1. 1. 1. 1. 0. 1. 0. 1. 0. 0. 0. 0. 0.]
 [1. 1. 1. 1. 1. 0. 1. 1. 1. 1. 1. 0. 0. 1. 1. 0. 0. 0. 0. 0.]
 [1. 1. 1. 1. 1. 1. 0. 1. 1. 1. 1. 1. 1. 1. 0. 0. 0. 0. 0. 0.]]
start_times_array: [[8.468e+03 8.659e+03 8.676e+03 8.768e+03 8.831e+03 9.077e+03 9.107e+03
  9.194e+03 9.274e+03 9.375e+03 9.389e+03 9.406e+03 9.428e+03 9.429e+03
  9.514e+03]
 [3.678e+03 3.925e+03 4.002e+03 4.011e+03 4.188e+03 4.212e+03 4.938e+03
  6.342e+03 6.716e+03 7.118e+03 8.582e+03 8.898e+03 8.974e+03 9.069e+03
  9.369e+03]
 [8.540e+02 1.170e+03 1.173e+03 7.824e+03 7.851e+03 8.005e+03 8.071e+03
  8.170e+03 8.203e+03 8.210e+03 8.288e+03 8.384e+03 8.414e+03 8.559e+03
  8.680e+03]
 [1.981e+03 2.000e+03 6.253e+03 6.318e+03 6.686e+03 6.728e+03 6.758e+03
  6.974e+03 7.006e+03 7.084e+03 7.115e+03 7.131e+03 7.156e+03 7.165e+03
  7.411e+03]
 [2.218e+03 2.584e+03 2.680e+03 2.873e+03 7.188e+03 7.341e+03 7.433e+03
  7.530e+03 7.615e+03 7.666e+03 7.692e+03 7.705e+03 7.781e+03 7.822e+03
  7.909e+03]
 [7.690e+02 1.002e+03 1.490e+03 2.771e+03 3.238e+03 3.290e+03 3.518e+03
  7.341e+03 7.497e+03 7.615e+03 7.674e+03 7.769e+03 7.920e+03 8.582e+03
  8.646e+03]
 [1.416e+03 6.254e+03 6.686e+03 6.690e+03 6.703e+03 6.801e+03 6.974e+03
  7.006e+03 7.026e+03 7.225e+03 7.253e+03 7.316e+03 7.318e+03 7.357e+03
  7.371e+03]
 [1.492e+03 5.258e+03 5.804e+03 5.860e+03 5.888e+03 5.889e+03 6.013e+03
  6.207e+03 6.348e+03 6.389e+03 6.483e+03 6.560e+03 6.623e+03 6.893e+03
  7.433e+03]
 [3.862e+03 4.344e+03 4.848e+03 5.149e+03 5.356e+03 5.445e+03 5.631e+03
  5.719e+03 5.732e+03 5.985e+03 6.040e+03 6.097e+03 6.196e+03 6.245e+03
  7.519e+03]
 [4.610e+02 1.829e+03 4.108e+03 4.311e+03 4.442e+03 4.529e+03 4.611e+03
  4.666e+03 5.002e+03 5.087e+03 5.089e+03 5.186e+03 5.541e+03 5.568e+03
  6.827e+03]
 [1.282e+03 3.678e+03 3.720e+03 3.925e+03 3.942e+03 4.007e+03 4.012e+03
  4.188e+03 4.272e+03 4.281e+03 4.301e+03 4.655e+03 4.762e+03 4.912e+03
  7.123e+03]
 [7.690e+02 2.745e+03 3.072e+03 3.145e+03 3.182e+03 3.281e+03 3.371e+03
  3.387e+03 3.476e+03 3.493e+03 3.591e+03 3.781e+03 3.789e+03 3.829e+03
  4.235e+03]
 [2.218e+03 2.362e+03 2.492e+03 2.584e+03 2.596e+03 2.609e+03 2.671e+03
  2.701e+03 2.873e+03 2.898e+03 2.954e+03 2.964e+03 3.008e+03 3.033e+03
  3.080e+03]
 [1.185e+03 1.220e+03 1.492e+03 1.544e+03 1.677e+03 1.900e+03 1.981e+03
  2.031e+03 2.100e+03 2.164e+03 2.317e+03 2.364e+03 2.402e+03 2.514e+03
  2.836e+03]
 [1.057e+03 1.130e+03 1.329e+03 1.345e+03 1.366e+03 1.480e+03 1.629e+03
  1.675e+03 1.707e+03 1.755e+03 1.771e+03 1.902e+03 1.939e+03 1.951e+03
  4.680e+03]
 [0.000e+00 1.200e+02 1.600e+02 2.250e+02 3.160e+02 3.640e+02 3.700e+02
  5.850e+02 6.760e+02 9.460e+02 1.185e+03 1.548e+03 2.045e+03 2.402e+03
  2.854e+03]
 [7.000e+00 5.600e+01 6.100e+01 1.410e+02 1.810e+02 2.600e+02 3.300e+02
  4.140e+02 4.780e+02 5.030e+02 5.890e+02 6.640e+02 6.900e+02 9.460e+02
  9.780e+02]
 [6.500e+01 7.600e+01 9.400e+01 1.000e+02 2.290e+02 3.120e+02 3.760e+02
  4.780e+02 5.510e+02 6.030e+02 6.520e+02 6.820e+02 7.380e+02 9.460e+02
  9.710e+02]
 [9.300e+01 1.760e+02 2.180e+02 2.550e+02 3.190e+02 3.630e+02 4.530e+02
  4.780e+02 5.130e+02 5.850e+02 6.520e+02 7.560e+02 8.110e+02 9.460e+02
  2.645e+03]
 [0.000e+00 1.900e+01 9.200e+01 1.720e+02 2.610e+02 2.820e+02 3.160e+02
  3.720e+02 4.780e+02 5.280e+02 5.560e+02 5.760e+02 6.030e+02 6.860e+02
  1.057e+03]]
