optimal_status: 0
solution: 10116.0
cpu_time: 3600.179934024811
gap: 0.8357713357024482
upper_bound: 1661.337168034034
lower_bound: 10116.0
cg_matrix: [[0. 0. 1. 0. 1. 0. 1. 0. 0. 1. 0. 1. 0. 1. 0. 0. 0. 0. 1. 1. 1. 0. 0. 1.
  0. 1. 1. 0. 1. 0. 0. 1. 0. 0. 1. 1. 0. 1. 1. 1. 0. 0. 1. 1. 1. 1. 0. 0.
  0. 0.]
 [0. 0. 0. 0. 1. 0. 0. 1. 1. 0. 0. 0. 0. 0. 1. 0. 1. 1. 0. 1. 0. 0. 1. 0.
  0. 1. 0. 1. 0. 1. 0. 1. 1. 0. 0. 1. 1. 0. 0. 1. 1. 1. 0. 1. 1. 1. 0. 0.
  0. 1.]
 [1. 0. 0. 0. 1. 1. 0. 1. 1. 1. 0. 1. 1. 1. 0. 1. 0. 1. 0. 0. 0. 1. 0. 0.
  0. 1. 1. 0. 1. 1. 1. 1. 1. 0. 0. 1. 0. 0. 1. 1. 0. 0. 0. 1. 0. 0. 0. 1.
  0. 1.]
 [0. 0. 0. 0. 0. 1. 0. 1. 1. 0. 1. 1. 0. 0. 1. 0. 1. 1. 0. 0. 1. 1. 1. 1.
  1. 0. 1. 0. 1. 0. 1. 1. 0. 0. 1. 1. 0. 1. 1. 0. 1. 0. 0. 1. 1. 1. 0. 0.
  1. 1.]
 [1. 1. 1. 0. 0. 0. 1. 0. 0. 0. 0. 1. 1. 0. 0. 0. 1. 0. 1. 1. 0. 1. 1. 0.
  1. 1. 1. 1. 0. 0. 0. 1. 1. 1. 1. 1. 1. 0. 0. 0. 0. 1. 1. 0. 0. 1. 0. 1.
  1. 0.]
 [0. 0. 1. 1. 0. 0. 1. 0. 1. 0. 1. 1. 1. 1. 1. 1. 1. 0. 1. 0. 1. 1. 0. 0.
  0. 0. 1. 1. 0. 1. 1. 0. 0. 0. 1. 0. 0. 1. 1. 0. 0. 1. 1. 1. 0. 1. 1. 0.
  1. 0.]
 [1. 0. 0. 0. 1. 1. 0. 0. 1. 0. 0. 0. 0. 1. 0. 0. 0. 0. 0. 1. 1. 1. 0. 0.
  0. 0. 0. 1. 0. 0. 0. 0. 0. 0. 0. 0. 1. 0. 1. 1. 1. 0. 1. 0. 0. 1. 1. 1.
  1. 0.]
 [0. 1. 1. 1. 0. 0. 0. 0. 1. 1. 1. 0. 1. 0. 1. 1. 1. 1. 0. 0. 0. 1. 0. 0.
  0. 0. 0. 0. 0. 0. 0. 0. 0. 0. 1. 1. 0. 1. 0. 1. 1. 0. 0. 0. 0. 1. 0. 0.
  0. 1.]
 [0. 1. 1. 1. 0. 1. 1. 1. 0. 0. 0. 1. 1. 0. 0. 1. 0. 1. 1. 0. 1. 1. 1. 1.
  0. 0. 1. 0. 1. 1. 0. 0. 1. 1. 1. 0. 0. 0. 0. 0. 0. 0. 1. 0. 1. 0. 1. 1.
  1. 1.]
 [1. 0. 1. 0. 0. 0. 0. 1. 0. 0. 0. 1. 1. 0. 0. 1. 1. 1. 1. 1. 1. 0. 0. 1.
  0. 0. 1. 0. 1. 1. 0. 0. 0. 1. 1. 0. 0. 0. 1. 1. 1. 1. 0. 0. 1. 0. 0. 1.
  1. 1.]
 [0. 0. 0. 1. 0. 1. 0. 1. 0. 0. 0. 1. 1. 1. 1. 0. 1. 0. 0. 1. 0. 0. 0. 0.
  0. 0. 1. 0. 1. 1. 1. 0. 1. 1. 1. 0. 0. 0. 1. 0. 0. 0. 1. 0. 0. 1. 1. 1.
  1. 1.]
 [1. 0. 1. 1. 1. 1. 0. 0. 1. 1. 1. 0. 1. 1. 0. 1. 1. 0. 1. 1. 0. 1. 1. 1.
  0. 0. 0. 0. 1. 0. 1. 0. 1. 0. 1. 0. 0. 1. 1. 1. 0. 1. 0. 0. 1. 0. 1. 1.
  1. 0.]
 [0. 0. 1. 0. 1. 1. 0. 1. 1. 1. 1. 1. 0. 1. 1. 1. 1. 0. 1. 1. 0. 1. 1. 1.
  1. 1. 0. 1. 0. 0. 1. 0. 1. 1. 1. 0. 1. 1. 0. 0. 0. 0. 0. 0. 0. 1. 1. 0.
  0. 0.]
 [1. 0. 1. 0. 0. 1. 1. 0. 0. 0. 1. 1. 1. 0. 0. 1. 1. 0. 0. 1. 0. 0. 0. 1.
  0. 0. 0. 1. 1. 0. 1. 1. 1. 0. 0. 1. 1. 1. 0. 0. 1. 0. 1. 1. 1. 1. 1. 0.
  1. 1.]
 [0. 1. 0. 1. 0. 1. 0. 1. 0. 0. 1. 0. 1. 0. 0. 0. 0. 0. 0. 1. 1. 1. 1. 0.
  1. 1. 0. 1. 0. 1. 1. 1. 0. 0. 1. 0. 0. 0. 0. 0. 0. 0. 0. 0. 1. 0. 0. 1.
  1. 1.]
 [0. 0. 1. 0. 0. 1. 0. 1. 1. 1. 0. 1. 1. 1. 0. 0. 0. 0. 0. 0. 0. 0. 0. 0.
  0. 0. 0. 0. 0. 0. 0. 0. 0. 0. 0. 0. 0. 0. 0. 0. 0. 0. 0. 0. 0. 0. 0. 0.
  0. 0.]
 [0. 1. 0. 1. 1. 1. 0. 1. 0. 1. 1. 1. 1. 1. 0. 0. 0. 0. 0. 0. 0. 0. 0. 0.
  0. 0. 0. 0. 0. 0. 0. 0. 0. 0. 0. 0. 0. 0. 0. 0. 0. 0. 0. 0. 0. 0. 0. 0.
  0. 0.]
 [0. 1. 1. 1. 0. 0. 0. 1. 1. 1. 0. 0. 0. 0. 0. 0. 0. 0. 0. 0. 0. 0. 0. 0.
  0. 0. 0. 0. 0. 0. 0. 0. 0. 0. 0. 0. 0. 0. 0. 0. 0. 0. 0. 0. 0. 0. 0. 0.
  0. 0.]
 [1. 0. 0. 0. 1. 1. 0. 0. 1. 1. 0. 1. 1. 0. 0. 0. 0. 0. 0. 0. 0. 0. 0. 0.
  0. 0. 0. 0. 0. 0. 0. 0. 0. 0. 0. 0. 0. 0. 0. 0. 0. 0. 0. 0. 0. 0. 0. 0.
  0. 0.]
 [1. 1. 0. 0. 1. 0. 1. 0. 0. 1. 1. 1. 1. 1. 1. 0. 0. 0. 0. 0. 0. 0. 0. 0.
  0. 0. 0. 0. 0. 0. 0. 0. 0. 0. 0. 0. 0. 0. 0. 0. 0. 0. 0. 0. 0. 0. 0. 0.
  0. 0.]
 [1. 0. 0. 1. 0. 1. 1. 0. 1. 1. 0. 0. 0. 0. 1. 0. 0. 0. 0. 0. 0. 0. 0. 0.
  0. 0. 0. 0. 0. 0. 0. 0. 0. 0. 0. 0. 0. 0. 0. 0. 0. 0. 0. 0. 0. 0. 0. 0.
  0. 0.]
 [0. 0. 1. 1. 1. 1. 1. 1. 1. 0. 0. 1. 1. 0. 1. 0. 0. 0. 0. 0. 0. 0. 0. 0.
  0. 0. 0. 0. 0. 0. 0. 0. 0. 0. 0. 0. 0. 0. 0. 0. 0. 0. 0. 0. 0. 0. 0. 0.
  0. 0.]
 [0. 1. 0. 1. 1. 0. 0. 0. 1. 0. 0. 1. 1. 0. 1. 0. 0. 0. 0. 0. 0. 0. 0. 0.
  0. 0. 0. 0. 0. 0. 0. 0. 0. 0. 0. 0. 0. 0. 0. 0. 0. 0. 0. 0. 0. 0. 0. 0.
  0. 0.]
 [1. 0. 0. 1. 0. 0. 0. 0. 1. 1. 0. 1. 1. 1. 0. 0. 0. 0. 0. 0. 0. 0. 0. 0.
  0. 0. 0. 0. 0. 0. 0. 0. 0. 0. 0. 0. 0. 0. 0. 0. 0. 0. 0. 0. 0. 0. 0. 0.
  0. 0.]
 [0. 0. 0. 1. 1. 0. 0. 0. 0. 0. 0. 0. 1. 0. 1. 0. 0. 0. 0. 0. 0. 0. 0. 0.
  0. 0. 0. 0. 0. 0. 0. 0. 0. 0. 0. 0. 0. 0. 0. 0. 0. 0. 0. 0. 0. 0. 0. 0.
  0. 0.]
 [1. 1. 1. 0. 1. 0. 0. 0. 0. 0. 0. 0. 1. 0. 1. 0. 0. 0. 0. 0. 0. 0. 0. 0.
  0. 0. 0. 0. 0. 0. 0. 0. 0. 0. 0. 0. 0. 0. 0. 0. 0. 0. 0. 0. 0. 0. 0. 0.
  0. 0.]
 [1. 0. 1. 1. 1. 1. 0. 0. 1. 1. 1. 0. 0. 0. 0. 0. 0. 0. 0. 0. 0. 0. 0. 0.
  0. 0. 0. 0. 0. 0. 0. 0. 0. 0. 0. 0. 0. 0. 0. 0. 0. 0. 0. 0. 0. 0. 0. 0.
  0. 0.]
 [0. 1. 0. 0. 1. 1. 1. 0. 0. 0. 0. 0. 1. 1. 1. 0. 0. 0. 0. 0. 0. 0. 0. 0.
  0. 0. 0. 0. 0. 0. 0. 0. 0. 0. 0. 0. 0. 0. 0. 0. 0. 0. 0. 0. 0. 0. 0. 0.
  0. 0.]
 [1. 0. 1. 1. 0. 0. 0. 0. 1. 1. 1. 1. 0. 1. 0. 0. 0. 0. 0. 0. 0. 0. 0. 0.
  0. 0. 0. 0. 0. 0. 0. 0. 0. 0. 0. 0. 0. 0. 0. 0. 0. 0. 0. 0. 0. 0. 0. 0.
  0. 0.]
 [0. 1. 1. 0. 0. 1. 0. 0. 1. 1. 1. 0. 0. 0. 1. 0. 0. 0. 0. 0. 0. 0. 0. 0.
  0. 0. 0. 0. 0. 0. 0. 0. 0. 0. 0. 0. 0. 0. 0. 0. 0. 0. 0. 0. 0. 0. 0. 0.
  0. 0.]
 [0. 0. 1. 1. 0. 1. 0. 0. 0. 0. 1. 1. 1. 1. 1. 0. 0. 0. 0. 0. 0. 0. 0. 0.
  0. 0. 0. 0. 0. 0. 0. 0. 0. 0. 0. 0. 0. 0. 0. 0. 0. 0. 0. 0. 0. 0. 0. 0.
  0. 0.]
 [1. 1. 1. 1. 1. 0. 0. 0. 0. 0. 0. 0. 0. 1. 1. 0. 0. 0. 0. 0. 0. 0. 0. 0.
  0. 0. 0. 0. 0. 0. 0. 0. 0. 0. 0. 0. 0. 0. 0. 0. 0. 0. 0. 0. 0. 0. 0. 0.
  0. 0.]
 [0. 1. 1. 0. 1. 0. 0. 0. 1. 0. 1. 1. 1. 1. 0. 0. 0. 0. 0. 0. 0. 0. 0. 0.
  0. 0. 0. 0. 0. 0. 0. 0. 0. 0. 0. 0. 0. 0. 0. 0. 0. 0. 0. 0. 0. 0. 0. 0.
  0. 0.]
 [0. 0. 0. 0. 1. 0. 0. 0. 1. 1. 1. 0. 1. 0. 0. 0. 0. 0. 0. 0. 0. 0. 0. 0.
  0. 0. 0. 0. 0. 0. 0. 0. 0. 0. 0. 0. 0. 0. 0. 0. 0. 0. 0. 0. 0. 0. 0. 0.
  0. 0.]
 [1. 0. 0. 1. 1. 1. 0. 1. 1. 1. 1. 1. 1. 0. 1. 0. 0. 0. 0. 0. 0. 0. 0. 0.
  0. 0. 0. 0. 0. 0. 0. 0. 0. 0. 0. 0. 0. 0. 0. 0. 0. 0. 0. 0. 0. 0. 0. 0.
  0. 0.]
 [1. 1. 1. 1. 1. 0. 0. 1. 0. 0. 0. 0. 0. 1. 0. 0. 0. 0. 0. 0. 0. 0. 0. 0.
  0. 0. 0. 0. 0. 0. 0. 0. 0. 0. 0. 0. 0. 0. 0. 0. 0. 0. 0. 0. 0. 0. 0. 0.
  0. 0.]
 [0. 1. 0. 0. 1. 0. 1. 0. 0. 0. 0. 0. 1. 1. 0. 0. 0. 0. 0. 0. 0. 0. 0. 0.
  0. 0. 0. 0. 0. 0. 0. 0. 0. 0. 0. 0. 0. 0. 0. 0. 0. 0. 0. 0. 0. 0. 0. 0.
  0. 0.]
 [1. 0. 0. 1. 0. 1. 0. 1. 0. 0. 0. 1. 1. 1. 0. 0. 0. 0. 0. 0. 0. 0. 0. 0.
  0. 0. 0. 0. 0. 0. 0. 0. 0. 0. 0. 0. 0. 0. 0. 0. 0. 0. 0. 0. 0. 0. 0. 0.
  0. 0.]
 [1. 0. 1. 1. 0. 1. 1. 0. 0. 1. 1. 1. 0. 0. 0. 0. 0. 0. 0. 0. 0. 0. 0. 0.
  0. 0. 0. 0. 0. 0. 0. 0. 0. 0. 0. 0. 0. 0. 0. 0. 0. 0. 0. 0. 0. 0. 0. 0.
  0. 0.]
 [1. 1. 1. 0. 0. 0. 1. 1. 0. 1. 0. 1. 0. 0. 0. 0. 0. 0. 0. 0. 0. 0. 0. 0.
  0. 0. 0. 0. 0. 0. 0. 0. 0. 0. 0. 0. 0. 0. 0. 0. 0. 0. 0. 0. 0. 0. 0. 0.
  0. 0.]
 [0. 1. 0. 1. 0. 0. 1. 1. 0. 1. 0. 0. 0. 1. 0. 0. 0. 0. 0. 0. 0. 0. 0. 0.
  0. 0. 0. 0. 0. 0. 0. 0. 0. 0. 0. 0. 0. 0. 0. 0. 0. 0. 0. 0. 0. 0. 0. 0.
  0. 0.]
 [0. 1. 0. 0. 1. 1. 0. 0. 0. 1. 0. 1. 0. 0. 0. 0. 0. 0. 0. 0. 0. 0. 0. 0.
  0. 0. 0. 0. 0. 0. 0. 0. 0. 0. 0. 0. 0. 0. 0. 0. 0. 0. 0. 0. 0. 0. 0. 0.
  0. 0.]
 [1. 0. 0. 0. 1. 1. 1. 0. 1. 0. 1. 0. 0. 1. 0. 0. 0. 0. 0. 0. 0. 0. 0. 0.
  0. 0. 0. 0. 0. 0. 0. 0. 0. 0. 0. 0. 0. 0. 0. 0. 0. 0. 0. 0. 0. 0. 0. 0.
  0. 0.]
 [1. 1. 1. 1. 0. 1. 0. 0. 0. 0. 0. 0. 0. 1. 0. 0. 0. 0. 0. 0. 0. 0. 0. 0.
  0. 0. 0. 0. 0. 0. 0. 0. 0. 0. 0. 0. 0. 0. 0. 0. 0. 0. 0. 0. 0. 0. 0. 0.
  0. 0.]
 [1. 1. 0. 1. 0. 0. 0. 0. 1. 1. 0. 1. 0. 1. 1. 0. 0. 0. 0. 0. 0. 0. 0. 0.
  0. 0. 0. 0. 0. 0. 0. 0. 0. 0. 0. 0. 0. 0. 0. 0. 0. 0. 0. 0. 0. 0. 0. 0.
  0. 0.]
 [1. 1. 0. 1. 1. 1. 1. 1. 0. 0. 1. 0. 1. 1. 0. 0. 0. 0. 0. 0. 0. 0. 0. 0.
  0. 0. 0. 0. 0. 0. 0. 0. 0. 0. 0. 0. 0. 0. 0. 0. 0. 0. 0. 0. 0. 0. 0. 0.
  0. 0.]
 [0. 0. 0. 0. 0. 1. 1. 0. 1. 0. 1. 1. 1. 1. 0. 0. 0. 0. 0. 0. 0. 0. 0. 0.
  0. 0. 0. 0. 0. 0. 0. 0. 0. 0. 0. 0. 0. 0. 0. 0. 0. 0. 0. 0. 0. 0. 0. 0.
  0. 0.]
 [0. 0. 1. 0. 1. 0. 1. 0. 1. 1. 1. 1. 0. 0. 1. 0. 0. 0. 0. 0. 0. 0. 0. 0.
  0. 0. 0. 0. 0. 0. 0. 0. 0. 0. 0. 0. 0. 0. 0. 0. 0. 0. 0. 0. 0. 0. 0. 0.
  0. 0.]
 [0. 0. 0. 1. 1. 1. 1. 0. 1. 1. 1. 1. 0. 1. 1. 0. 0. 0. 0. 0. 0. 0. 0. 0.
  0. 0. 0. 0. 0. 0. 0. 0. 0. 0. 0. 0. 0. 0. 0. 0. 0. 0. 0. 0. 0. 0. 0. 0.
  0. 0.]
 [0. 1. 1. 1. 0. 0. 0. 1. 1. 1. 1. 0. 0. 1. 1. 0. 0. 0. 0. 0. 0. 0. 0. 0.
  0. 0. 0. 0. 0. 0. 0. 0. 0. 0. 0. 0. 0. 0. 0. 0. 0. 0. 0. 0. 0. 0. 0. 0.
  0. 0.]]
start_times_array: [[8.58300000e+03 9.11300000e+03 9.31300000e+03 9.33400000e+03
  9.45600000e+03 9.53900000e+03 9.61300000e+03 9.62500000e+03
  9.70800000e+03 9.74700000e+03 9.87600000e+03 9.93900000e+03
  1.00060000e+04 1.00640000e+04 1.01010000e+04]
 [7.63300000e+03 8.20100000e+03 8.45900000e+03 8.58300000e+03
  8.91000000e+03 8.97100000e+03 9.03800000e+03 9.04700000e+03
  9.09700000e+03 9.25000000e+03 9.34900000e+03 9.40600000e+03
  9.49200000e+03 9.53400000e+03 9.61900000e+03]
 [7.64500000e+03 8.99400000e+03 9.03400000e+03 9.06200000e+03
  9.13400000e+03 9.15700000e+03 9.19100000e+03 9.20100000e+03
  9.27200000e+03 9.32000000e+03 9.35300000e+03 9.41500000e+03
  9.69400000e+03 9.75600000e+03 9.82800000e+03]
 [8.00500000e+03 8.23600000e+03 8.44800000e+03 8.71900000e+03
  8.99400000e+03 9.07900000e+03 9.12900000e+03 9.16100000e+03
  9.25000000e+03 9.32500000e+03 9.34900000e+03 9.35700000e+03
  9.40600000e+03 9.50700000e+03 9.77100000e+03]
 [6.98600000e+03 7.50200000e+03 7.77800000e+03 7.78100000e+03
  8.07200000e+03 8.11000000e+03 8.17700000e+03 8.30100000e+03
  8.37900000e+03 8.38300000e+03 8.42600000e+03 8.49100000e+03
  8.54300000e+03 8.66000000e+03 8.74400000e+03]
 [7.05400000e+03 7.23900000e+03 7.91700000e+03 8.11000000e+03
  8.17100000e+03 8.22200000e+03 8.30100000e+03 8.37900000e+03
  8.54700000e+03 8.64200000e+03 8.66000000e+03 8.77000000e+03
  8.83600000e+03 8.91000000e+03 9.12800000e+03]
 [4.68700000e+03 6.65200000e+03 7.20600000e+03 7.24000000e+03
  7.29200000e+03 7.31800000e+03 7.40500000e+03 7.56700000e+03
  7.64500000e+03 7.69600000e+03 7.87000000e+03 7.99800000e+03
  8.09800000e+03 8.23600000e+03 8.26100000e+03]
 [5.57400000e+03 7.06500000e+03 7.20600000e+03 7.31000000e+03
  7.40500000e+03 7.42400000e+03 7.52100000e+03 7.57900000e+03
  7.69500000e+03 7.91700000e+03 7.92200000e+03 8.05200000e+03
  8.28400000e+03 8.29200000e+03 8.63900000e+03]
 [5.74800000e+03 6.21200000e+03 6.35700000e+03 6.47700000e+03
  6.55400000e+03 6.61300000e+03 6.71000000e+03 6.74600000e+03
  6.78500000e+03 6.83000000e+03 6.86400000e+03 6.91200000e+03
  6.98400000e+03 7.13100000e+03 7.87500000e+03]
 [6.01900000e+03 6.21200000e+03 6.35700000e+03 6.36600000e+03
  6.39500000e+03 6.56100000e+03 6.56500000e+03 6.60700000e+03
  6.67800000e+03 6.77000000e+03 6.79700000e+03 6.84100000e+03
  6.91800000e+03 6.97300000e+03 7.22000000e+03]
 [5.16300000e+03 5.31600000e+03 6.01900000e+03 6.03900000e+03
  6.22700000e+03 6.35700000e+03 6.36700000e+03 6.46000000e+03
  6.49400000e+03 6.60100000e+03 6.66300000e+03 6.69200000e+03
  6.91200000e+03 6.98400000e+03 7.63300000e+03]
 [4.92100000e+03 4.98600000e+03 5.17000000e+03 5.39700000e+03
  5.52600000e+03 5.53600000e+03 5.59700000e+03 5.66100000e+03
  5.66300000e+03 5.90800000e+03 5.99200000e+03 6.07800000e+03
  6.14800000e+03 6.15300000e+03 6.28800000e+03]
 [3.68500000e+03 4.03600000e+03 4.24500000e+03 4.62100000e+03
  4.68700000e+03 4.84500000e+03 5.04300000e+03 5.13500000e+03
  5.14000000e+03 5.24600000e+03 5.37300000e+03 5.48600000e+03
  5.48700000e+03 5.53500000e+03 5.83700000e+03]
 [2.66700000e+03 2.93200000e+03 3.44200000e+03 3.98000000e+03
  4.06900000e+03 4.14600000e+03 4.15800000e+03 4.36200000e+03
  4.40300000e+03 4.49200000e+03 4.51600000e+03 4.62900000e+03
  4.77200000e+03 4.82800000e+03 5.74800000e+03]
 [2.88600000e+03 2.93800000e+03 3.24600000e+03 3.72100000e+03
  3.81700000e+03 3.82900000e+03 3.86900000e+03 3.96600000e+03
  3.97300000e+03 4.06900000e+03 4.16000000e+03 4.18100000e+03
  4.32400000e+03 4.51000000e+03 4.62900000e+03]
 [4.00000000e+00 6.01000000e+02 1.32800000e+03 1.56900000e+03
  2.32500000e+03 2.61000000e+03 2.71100000e+03 2.84200000e+03
  3.19500000e+03 3.27200000e+03 3.50100000e+03 3.58700000e+03
  3.79500000e+03 3.92900000e+03 4.54000000e+03]
 [1.77900000e+03 1.93200000e+03 2.06500000e+03 2.46782065e+03
  2.82200000e+03 2.98000000e+03 3.10700000e+03 3.24600000e+03
  3.32000000e+03 3.33100000e+03 3.37500000e+03 3.50100000e+03
  3.59500000e+03 3.77500000e+03 3.83700000e+03]
 [2.48200000e+03 2.60400000e+03 2.71100000e+03 2.93200000e+03
  3.01300000e+03 3.08500000e+03 3.10500000e+03 3.12300000e+03
  3.20100000e+03 3.20400000e+03 3.30200000e+03 3.73800000e+03
  4.18580108e+03 4.18980108e+03 4.73500000e+03]
 [3.23000000e+02 6.83000000e+02 7.27000000e+02 1.60000000e+03
  1.77600000e+03 2.25300000e+03 2.51300000e+03 2.59400000e+03
  2.71600000e+03 2.74900000e+03 2.77300000e+03 2.90800000e+03
  3.01300000e+03 3.06100000e+03 3.34700000e+03]
 [9.39000000e+02 1.08100000e+03 1.78600000e+03 2.38700000e+03
  2.47200000e+03 2.63100000e+03 2.76300000e+03 2.79900000e+03
  2.85400000e+03 3.02900000e+03 3.11500000e+03 3.18900000e+03
  3.33100000e+03 3.39000000e+03 3.92900000e+03]
 [0.00000000e+00 6.00000000e+00 1.63100000e+03 2.05800000e+03
  2.23400000e+03 2.27100000e+03 2.29700000e+03 2.39500000e+03
  2.61800000e+03 2.66000000e+03 2.67100000e+03 2.68900000e+03
  2.71700000e+03 3.08500000e+03 3.57000000e+03]
 [5.65000000e+02 9.57000000e+02 1.34700000e+03 1.44100000e+03
  1.84200000e+03 2.15200000e+03 2.30400000e+03 2.47000000e+03
  2.66700000e+03 2.71200000e+03 2.80200000e+03 2.95800000e+03
  3.16100000e+03 3.17500000e+03 3.18800000e+03]
 [1.85800000e+03 1.99200000e+03 2.04900000e+03 2.22300000e+03
  2.39200000e+03 2.48500000e+03 2.55700000e+03 2.64200000e+03
  2.70100000e+03 2.74700000e+03 2.79900000e+03 2.95800000e+03
  3.04500000e+03 3.11900000e+03 3.49500000e+03]
 [0.00000000e+00 5.84000000e+02 1.63100000e+03 2.04100000e+03
  2.13700000e+03 2.25000000e+03 2.38500000e+03 2.51300000e+03
  2.71200000e+03 2.76800000e+03 2.77100000e+03 2.80200000e+03
  2.81700000e+03 3.03100000e+03 3.07800000e+03]
 [1.37900000e+03 1.47200000e+03 1.93400000e+03 2.13300000e+03
  2.24600000e+03 2.35500000e+03 2.43900000e+03 2.52000000e+03
  2.63500000e+03 2.74700000e+03 3.02500000e+03 3.09700000e+03
  3.11000000e+03 3.51400000e+03 3.56600000e+03]
 [9.95000000e+02 1.62100000e+03 1.73900000e+03 1.78600000e+03
  1.79700000e+03 1.83800000e+03 1.98800000e+03 2.01900000e+03
  2.07000000e+03 2.16500000e+03 2.29300000e+03 2.49300000e+03
  2.55500000e+03 2.74100000e+03 3.50500000e+03]
 [4.60000000e+01 4.35000000e+02 1.62500000e+03 1.75100000e+03
  1.75900000e+03 1.83600000e+03 1.93300000e+03 2.00800000e+03
  2.09200000e+03 2.14600000e+03 2.23100000e+03 2.35800000e+03
  2.37900000e+03 2.63000000e+03 2.71800000e+03]
 [0.00000000e+00 1.00600000e+03 1.52700000e+03 1.60600000e+03
  1.75600000e+03 1.91400000e+03 1.96300000e+03 2.00500000e+03
  2.07400000e+03 2.16000000e+03 2.39400000e+03 2.43900000e+03
  2.53400000e+03 2.71100000e+03 2.85400000e+03]
 [8.30000000e+01 2.11000000e+02 2.53000000e+02 4.10000000e+02
  1.63500000e+03 1.92400000e+03 2.02000000e+03 2.11400000e+03
  2.22400000e+03 2.44800000e+03 2.47700000e+03 2.54500000e+03
  2.61600000e+03 2.64300000e+03 2.88600000e+03]
 [4.75000000e+02 6.76000000e+02 6.92000000e+02 1.08700000e+03
  1.11900000e+03 1.24300000e+03 1.34300000e+03 1.68200000e+03
  1.77600000e+03 1.78200000e+03 1.87200000e+03 1.89600000e+03
  2.00000000e+03 2.41382065e+03 2.73400000e+03]
 [1.60000000e+01 9.56000000e+02 1.12200000e+03 1.67700000e+03
  1.75600000e+03 1.76100000e+03 1.80800000e+03 1.86300000e+03
  1.86700000e+03 1.97200000e+03 2.14500000e+03 2.31500000e+03
  2.43100000e+03 2.49700000e+03 2.56100000e+03]
 [5.07000000e+02 1.13500000e+03 1.24700000e+03 1.30900000e+03
  1.48300000e+03 1.57600000e+03 1.68700000e+03 1.70400000e+03
  1.77100000e+03 1.91500000e+03 1.97500000e+03 2.07200000e+03
  2.14600000e+03 2.22400000e+03 2.53700000e+03]
 [9.39000000e+02 1.20300000e+03 1.47800000e+03 1.65000000e+03
  1.66000000e+03 1.76000000e+03 1.84800000e+03 2.00000000e+03
  2.07000000e+03 2.09200000e+03 2.16700000e+03 2.30600000e+03
  2.35500000e+03 2.40800000e+03 2.54800000e+03]
 [3.47000000e+02 1.44900000e+03 1.52800000e+03 1.53700000e+03
  1.55500000e+03 1.66000000e+03 1.70100000e+03 1.76100000e+03
  1.85000000e+03 1.90200000e+03 1.97200000e+03 1.98800000e+03
  2.07000000e+03 2.15200000e+03 2.38500000e+03]
 [1.41000000e+02 3.47000000e+02 1.32800000e+03 1.42900000e+03
  1.60300000e+03 1.61600000e+03 1.61900000e+03 1.67700000e+03
  1.73900000e+03 1.88900000e+03 1.97200000e+03 2.10100000e+03
  2.17600000e+03 2.19200000e+03 2.40200000e+03]
 [4.38000000e+02 5.10000000e+02 9.61000000e+02 1.11000000e+03
  1.20600000e+03 1.21600000e+03 1.31500000e+03 1.42900000e+03
  1.43400000e+03 1.62800000e+03 1.67800000e+03 1.78100000e+03
  1.87600000e+03 1.91800000e+03 2.23300000e+03]
 [2.90000000e+01 5.10000000e+02 9.42000000e+02 1.03700000e+03
  1.04100000e+03 1.27300000e+03 1.31500000e+03 1.38800000e+03
  1.46100000e+03 1.55300000e+03 1.56900000e+03 1.71700000e+03
  1.79200000e+03 2.10100000e+03 2.33800000e+03]
 [9.10000000e+01 3.97000000e+02 5.04000000e+02 8.34000000e+02
  9.54000000e+02 1.40600000e+03 1.42300000e+03 1.53700000e+03
  1.60600000e+03 1.69500000e+03 1.80900000e+03 1.87600000e+03
  2.11500000e+03 2.21900000e+03 2.38800000e+03]
 [2.60000000e+01 2.69000000e+02 7.32000000e+02 8.39000000e+02
  8.53000000e+02 9.44000000e+02 9.70000000e+02 1.00200000e+03
  1.04900000e+03 1.11000000e+03 1.38000000e+03 1.61300000e+03
  2.00300000e+03 2.05900000e+03 2.45200000e+03]
 [1.10000000e+01 1.78000000e+02 4.76000000e+02 8.35000000e+02
  8.85000000e+02 1.18500000e+03 1.31500000e+03 1.38900000e+03
  1.44300000e+03 1.52700000e+03 1.55300000e+03 1.60900000e+03
  1.68000000e+03 2.10900000e+03 2.28400000e+03]
 [1.91000000e+02 2.79000000e+02 9.16000000e+02 1.22500000e+03
  1.27300000e+03 1.31900000e+03 1.38900000e+03 1.39700000e+03
  1.43300000e+03 1.53400000e+03 1.61900000e+03 1.70100000e+03
  1.77400000e+03 1.84800000e+03 1.87600000e+03]
 [0.00000000e+00 5.50000000e+01 2.55000000e+02 4.86000000e+02
  6.50000000e+02 7.70000000e+02 7.94000000e+02 8.90000000e+02
  9.28000000e+02 1.05400000e+03 1.15300000e+03 1.17300000e+03
  1.24900000e+03 1.34300000e+03 1.71800000e+03]
 [0.00000000e+00 5.60000000e+01 9.20000000e+01 1.53000000e+02
  1.87000000e+02 2.12000000e+02 5.75000000e+02 6.25000000e+02
  6.40000000e+02 9.34000000e+02 1.01100000e+03 1.07300000e+03
  1.26500000e+03 1.42100000e+03 1.49500000e+03]
 [0.00000000e+00 1.53000000e+02 3.79000000e+02 4.44000000e+02
  5.95000000e+02 6.90000000e+02 8.02000000e+02 8.32000000e+02
  9.16000000e+02 1.00200000e+03 1.06400000e+03 1.19400000e+03
  1.46100000e+03 1.60300000e+03 1.75600000e+03]
 [0.00000000e+00 4.40000000e+01 1.36000000e+02 1.46000000e+02
  3.02000000e+02 3.05000000e+02 3.68000000e+02 4.01000000e+02
  4.79000000e+02 5.01000000e+02 5.99000000e+02 6.08000000e+02
  8.29000000e+02 9.13000000e+02 1.43000000e+03]
 [0.00000000e+00 4.71000000e+02 4.85000000e+02 5.73000000e+02
  6.56000000e+02 6.85000000e+02 7.51000000e+02 8.32000000e+02
  8.90000000e+02 1.08400000e+03 1.21400000e+03 1.22200000e+03
  1.22900000e+03 1.51600000e+03 1.53900000e+03]
 [0.00000000e+00 7.00000000e+01 1.79000000e+02 2.11000000e+02
  3.08000000e+02 4.44000000e+02 4.91000000e+02 5.58000000e+02
  7.27000000e+02 7.70000000e+02 8.32000000e+02 9.67000000e+02
  1.01100000e+03 1.01300000e+03 1.15700000e+03]
 [9.50000000e+01 2.75000000e+02 3.76000000e+02 4.47000000e+02
  4.54000000e+02 5.72000000e+02 5.80000000e+02 6.10000000e+02
  6.47000000e+02 6.56000000e+02 6.69000000e+02 7.41000000e+02
  8.40000000e+02 8.56000000e+02 1.02400000e+03]
 [0.00000000e+00 1.47000000e+02 2.44000000e+02 3.05000000e+02
  5.30000000e+02 5.84000000e+02 6.39000000e+02 7.02000000e+02
  7.94000000e+02 1.10500000e+03 1.19900000e+03 1.34600000e+03
  1.42200000e+03 1.47200000e+03 1.52800000e+03]
 [7.70000000e+01 1.41000000e+02 2.24000000e+02 3.54000000e+02
  4.57000000e+02 6.10000000e+02 6.72000000e+02 6.83000000e+02
  7.98000000e+02 8.68000000e+02 9.70000000e+02 1.05400000e+03
  1.12000000e+03 1.20300000e+03 1.21000000e+03]]
