optimal_status: 0
solution: 9550.0
cpu_time: 3601.082078933716
gap: 0.8290950673846441
upper_bound: 1632.1421064766482
lower_bound: 9550.0
cg_matrix: [[0. 0. 0. 1. 0. 1. 0. 1. 0. 0. 0. 1. 0. 0. 0. 1. 1. 1. 1. 0. 0. 0. 1. 1.
  0. 1. 1. 0. 1. 1. 0. 0. 1. 1. 1. 1. 0. 0. 1. 1. 0. 1. 1. 1. 0. 1. 1. 1.
  0. 1.]
 [0. 0. 0. 0. 0. 1. 1. 1. 1. 0. 1. 1. 0. 1. 0. 0. 0. 0. 0. 0. 1. 0. 0. 0.
  1. 0. 1. 0. 0. 0. 1. 1. 0. 1. 0. 0. 0. 0. 0. 1. 0. 0. 0. 0. 1. 0. 1. 0.
  0. 0.]
 [0. 0. 0. 0. 0. 0. 0. 0. 1. 0. 0. 0. 0. 0. 0. 1. 1. 1. 1. 0. 0. 0. 0. 0.
  0. 1. 0. 0. 1. 1. 0. 1. 1. 1. 1. 0. 1. 1. 1. 1. 1. 1. 0. 1. 1. 1. 1. 1.
  1. 0.]
 [1. 0. 0. 0. 0. 1. 0. 0. 0. 0. 1. 0. 1. 1. 0. 0. 0. 0. 0. 0. 1. 0. 1. 1.
  0. 0. 1. 1. 1. 1. 1. 0. 0. 0. 0. 1. 1. 0. 0. 0. 0. 0. 0. 0. 1. 0. 0. 1.
  0. 1.]
 [0. 0. 0. 0. 0. 0. 0. 1. 1. 0. 0. 0. 0. 0. 1. 0. 1. 1. 1. 0. 1. 1. 0. 1.
  0. 1. 1. 0. 1. 0. 0. 1. 1. 0. 0. 1. 1. 1. 0. 0. 0. 1. 1. 0. 0. 0. 0. 1.
  0. 0.]
 [1. 1. 0. 1. 0. 0. 1. 0. 0. 0. 0. 1. 1. 1. 0. 1. 1. 1. 0. 0. 1. 0. 1. 1.
  0. 1. 0. 0. 0. 1. 1. 0. 0. 0. 1. 0. 1. 0. 0. 0. 0. 0. 0. 0. 1. 0. 0. 1.
  0. 0.]
 [0. 1. 0. 0. 0. 1. 0. 0. 1. 1. 0. 1. 0. 1. 0. 1. 0. 0. 1. 0. 0. 1. 1. 1.
  1. 1. 0. 0. 0. 0. 1. 1. 1. 1. 1. 1. 0. 1. 0. 1. 1. 1. 0. 0. 0. 0. 1. 0.
  1. 1.]
 [1. 1. 0. 0. 1. 0. 0. 0. 0. 1. 0. 0. 1. 1. 1. 0. 1. 0. 0. 1. 1. 0. 0. 1.
  1. 0. 1. 1. 1. 0. 0. 0. 0. 1. 1. 1. 1. 1. 0. 0. 1. 1. 1. 0. 1. 0. 1. 1.
  1. 0.]
 [0. 1. 1. 0. 1. 0. 1. 0. 0. 0. 0. 1. 0. 0. 0. 0. 0. 1. 0. 1. 0. 0. 0. 0.
  1. 0. 0. 0. 1. 1. 1. 1. 1. 0. 0. 1. 1. 0. 0. 0. 0. 0. 0. 1. 1. 0. 0. 1.
  1. 0.]
 [0. 0. 0. 0. 0. 0. 1. 1. 0. 0. 1. 0. 0. 0. 1. 0. 1. 1. 1. 1. 1. 1. 0. 0.
  0. 1. 1. 1. 0. 1. 0. 0. 0. 1. 1. 0. 0. 0. 0. 0. 1. 1. 0. 1. 0. 0. 0. 1.
  0. 1.]
 [0. 1. 0. 1. 0. 0. 0. 0. 0. 1. 0. 1. 0. 1. 0. 1. 0. 1. 0. 1. 0. 1. 1. 0.
  1. 1. 1. 1. 0. 0. 0. 0. 1. 1. 1. 0. 0. 0. 0. 1. 0. 0. 1. 0. 1. 0. 0. 1.
  0. 1.]
 [1. 1. 0. 0. 0. 1. 1. 0. 1. 0. 1. 0. 0. 1. 0. 1. 1. 0. 1. 1. 0. 1. 1. 1.
  0. 1. 1. 0. 0. 0. 0. 1. 1. 0. 1. 1. 0. 1. 0. 1. 1. 0. 1. 0. 0. 0. 1. 1.
  1. 1.]
 [0. 0. 0. 1. 0. 1. 0. 1. 0. 0. 0. 0. 0. 0. 1. 0. 0. 1. 0. 1. 0. 0. 0. 0.
  0. 1. 1. 0. 1. 0. 0. 1. 0. 1. 1. 0. 1. 0. 1. 0. 1. 1. 0. 0. 0. 1. 1. 1.
  1. 0.]
 [0. 1. 0. 1. 0. 1. 1. 1. 0. 0. 1. 1. 0. 0. 0. 0. 1. 0. 0. 0. 0. 1. 1. 0.
  0. 0. 0. 1. 0. 0. 1. 0. 1. 1. 0. 1. 1. 1. 0. 0. 0. 1. 0. 0. 0. 0. 0. 0.
  0. 1.]
 [0. 0. 0. 0. 1. 0. 0. 1. 0. 1. 0. 0. 1. 0. 0. 0. 1. 1. 1. 1. 0. 1. 0. 1.
  1. 0. 0. 1. 0. 0. 0. 1. 0. 1. 0. 1. 1. 0. 1. 0. 1. 1. 1. 0. 0. 0. 1. 1.
  0. 0.]
 [1. 0. 1. 0. 0. 1. 1. 0. 0. 0. 1. 1. 0. 0. 0. 0. 0. 0. 0. 0. 0. 0. 0. 0.
  0. 0. 0. 0. 0. 0. 0. 0. 0. 0. 0. 0. 0. 0. 0. 0. 0. 0. 0. 0. 0. 0. 0. 0.
  0. 0.]
 [1. 0. 1. 0. 1. 1. 0. 1. 0. 1. 0. 1. 0. 1. 1. 0. 0. 0. 0. 0. 0. 0. 0. 0.
  0. 0. 0. 0. 0. 0. 0. 0. 0. 0. 0. 0. 0. 0. 0. 0. 0. 0. 0. 0. 0. 0. 0. 0.
  0. 0.]
 [1. 0. 1. 0. 1. 1. 0. 0. 1. 1. 1. 0. 1. 0. 1. 0. 0. 0. 0. 0. 0. 0. 0. 0.
  0. 0. 0. 0. 0. 0. 0. 0. 0. 0. 0. 0. 0. 0. 0. 0. 0. 0. 0. 0. 0. 0. 0. 0.
  0. 0.]
 [1. 0. 1. 0. 1. 0. 1. 0. 0. 1. 0. 1. 0. 0. 1. 0. 0. 0. 0. 0. 0. 0. 0. 0.
  0. 0. 0. 0. 0. 0. 0. 0. 0. 0. 0. 0. 0. 0. 0. 0. 0. 0. 0. 0. 0. 0. 0. 0.
  0. 0.]
 [0. 0. 0. 0. 0. 0. 0. 1. 1. 1. 1. 1. 1. 0. 1. 0. 0. 0. 0. 0. 0. 0. 0. 0.
  0. 0. 0. 0. 0. 0. 0. 0. 0. 0. 0. 0. 0. 0. 0. 0. 0. 0. 0. 0. 0. 0. 0. 0.
  0. 0.]
 [0. 1. 0. 1. 1. 1. 0. 1. 0. 1. 0. 0. 0. 0. 0. 0. 0. 0. 0. 0. 0. 0. 0. 0.
  0. 0. 0. 0. 0. 0. 0. 0. 0. 0. 0. 0. 0. 0. 0. 0. 0. 0. 0. 0. 0. 0. 0. 0.
  0. 0.]
 [0. 0. 0. 0. 1. 0. 1. 0. 0. 1. 1. 1. 0. 1. 1. 0. 0. 0. 0. 0. 0. 0. 0. 0.
  0. 0. 0. 0. 0. 0. 0. 0. 0. 0. 0. 0. 0. 0. 0. 0. 0. 0. 0. 0. 0. 0. 0. 0.
  0. 0.]
 [1. 0. 0. 1. 0. 1. 1. 0. 0. 0. 1. 1. 0. 1. 0. 0. 0. 0. 0. 0. 0. 0. 0. 0.
  0. 0. 0. 0. 0. 0. 0. 0. 0. 0. 0. 0. 0. 0. 0. 0. 0. 0. 0. 0. 0. 0. 0. 0.
  0. 0.]
 [1. 0. 0. 1. 1. 1. 1. 1. 0. 0. 0. 1. 0. 0. 1. 0. 0. 0. 0. 0. 0. 0. 0. 0.
  0. 0. 0. 0. 0. 0. 0. 0. 0. 0. 0. 0. 0. 0. 0. 0. 0. 0. 0. 0. 0. 0. 0. 0.
  0. 0.]
 [0. 1. 0. 0. 0. 0. 1. 1. 1. 0. 1. 0. 0. 0. 1. 0. 0. 0. 0. 0. 0. 0. 0. 0.
  0. 0. 0. 0. 0. 0. 0. 0. 0. 0. 0. 0. 0. 0. 0. 0. 0. 0. 0. 0. 0. 0. 0. 0.
  0. 0.]
 [1. 0. 1. 0. 1. 1. 1. 0. 0. 1. 1. 1. 1. 0. 0. 0. 0. 0. 0. 0. 0. 0. 0. 0.
  0. 0. 0. 0. 0. 0. 0. 0. 0. 0. 0. 0. 0. 0. 0. 0. 0. 0. 0. 0. 0. 0. 0. 0.
  0. 0.]
 [1. 1. 0. 1. 1. 0. 0. 1. 0. 1. 1. 1. 1. 0. 0. 0. 0. 0. 0. 0. 0. 0. 0. 0.
  0. 0. 0. 0. 0. 0. 0. 0. 0. 0. 0. 0. 0. 0. 0. 0. 0. 0. 0. 0. 0. 0. 0. 0.
  0. 0.]
 [0. 0. 0. 1. 0. 0. 0. 1. 0. 1. 1. 0. 0. 1. 1. 0. 0. 0. 0. 0. 0. 0. 0. 0.
  0. 0. 0. 0. 0. 0. 0. 0. 0. 0. 0. 0. 0. 0. 0. 0. 0. 0. 0. 0. 0. 0. 0. 0.
  0. 0.]
 [1. 0. 1. 1. 1. 0. 0. 1. 1. 0. 0. 0. 1. 0. 0. 0. 0. 0. 0. 0. 0. 0. 0. 0.
  0. 0. 0. 0. 0. 0. 0. 0. 0. 0. 0. 0. 0. 0. 0. 0. 0. 0. 0. 0. 0. 0. 0. 0.
  0. 0.]
 [1. 0. 1. 1. 0. 1. 0. 0. 1. 1. 0. 0. 0. 0. 0. 0. 0. 0. 0. 0. 0. 0. 0. 0.
  0. 0. 0. 0. 0. 0. 0. 0. 0. 0. 0. 0. 0. 0. 0. 0. 0. 0. 0. 0. 0. 0. 0. 0.
  0. 0.]
 [0. 1. 0. 1. 0. 1. 1. 0. 1. 0. 0. 0. 0. 1. 0. 0. 0. 0. 0. 0. 0. 0. 0. 0.
  0. 0. 0. 0. 0. 0. 0. 0. 0. 0. 0. 0. 0. 0. 0. 0. 0. 0. 0. 0. 0. 0. 0. 0.
  0. 0.]
 [0. 1. 1. 0. 1. 0. 1. 0. 1. 0. 0. 1. 1. 0. 1. 0. 0. 0. 0. 0. 0. 0. 0. 0.
  0. 0. 0. 0. 0. 0. 0. 0. 0. 0. 0. 0. 0. 0. 0. 0. 0. 0. 0. 0. 0. 0. 0. 0.
  0. 0.]
 [1. 0. 1. 0. 1. 0. 1. 0. 1. 0. 1. 1. 0. 1. 0. 0. 0. 0. 0. 0. 0. 0. 0. 0.
  0. 0. 0. 0. 0. 0. 0. 0. 0. 0. 0. 0. 0. 0. 0. 0. 0. 0. 0. 0. 0. 0. 0. 0.
  0. 0.]
 [1. 1. 1. 0. 0. 0. 1. 1. 0. 1. 1. 0. 1. 1. 1. 0. 0. 0. 0. 0. 0. 0. 0. 0.
  0. 0. 0. 0. 0. 0. 0. 0. 0. 0. 0. 0. 0. 0. 0. 0. 0. 0. 0. 0. 0. 0. 0. 0.
  0. 0.]
 [1. 0. 1. 0. 0. 1. 1. 1. 0. 1. 1. 1. 1. 0. 0. 0. 0. 0. 0. 0. 0. 0. 0. 0.
  0. 0. 0. 0. 0. 0. 0. 0. 0. 0. 0. 0. 0. 0. 0. 0. 0. 0. 0. 0. 0. 0. 0. 0.
  0. 0.]
 [1. 0. 0. 1. 1. 0. 1. 1. 1. 0. 0. 1. 0. 1. 1. 0. 0. 0. 0. 0. 0. 0. 0. 0.
  0. 0. 0. 0. 0. 0. 0. 0. 0. 0. 0. 0. 0. 0. 0. 0. 0. 0. 0. 0. 0. 0. 0. 0.
  0. 0.]
 [0. 0. 1. 1. 1. 1. 0. 1. 1. 0. 0. 0. 1. 1. 1. 0. 0. 0. 0. 0. 0. 0. 0. 0.
  0. 0. 0. 0. 0. 0. 0. 0. 0. 0. 0. 0. 0. 0. 0. 0. 0. 0. 0. 0. 0. 0. 0. 0.
  0. 0.]
 [0. 0. 1. 0. 1. 0. 1. 1. 0. 0. 0. 1. 0. 1. 0. 0. 0. 0. 0. 0. 0. 0. 0. 0.
  0. 0. 0. 0. 0. 0. 0. 0. 0. 0. 0. 0. 0. 0. 0. 0. 0. 0. 0. 0. 0. 0. 0. 0.
  0. 0.]
 [1. 0. 1. 0. 0. 0. 0. 0. 0. 0. 0. 0. 1. 0. 1. 0. 0. 0. 0. 0. 0. 0. 0. 0.
  0. 0. 0. 0. 0. 0. 0. 0. 0. 0. 0. 0. 0. 0. 0. 0. 0. 0. 0. 0. 0. 0. 0. 0.
  0. 0.]
 [1. 1. 1. 0. 0. 0. 1. 0. 0. 0. 1. 1. 0. 0. 0. 0. 0. 0. 0. 0. 0. 0. 0. 0.
  0. 0. 0. 0. 0. 0. 0. 0. 0. 0. 0. 0. 0. 0. 0. 0. 0. 0. 0. 0. 0. 0. 0. 0.
  0. 0.]
 [0. 0. 1. 0. 0. 0. 1. 1. 0. 1. 0. 1. 1. 0. 1. 0. 0. 0. 0. 0. 0. 0. 0. 0.
  0. 0. 0. 0. 0. 0. 0. 0. 0. 0. 0. 0. 0. 0. 0. 0. 0. 0. 0. 0. 0. 0. 0. 0.
  0. 0.]
 [1. 0. 1. 0. 1. 0. 1. 1. 0. 1. 0. 0. 1. 1. 1. 0. 0. 0. 0. 0. 0. 0. 0. 0.
  0. 0. 0. 0. 0. 0. 0. 0. 0. 0. 0. 0. 0. 0. 0. 0. 0. 0. 0. 0. 0. 0. 0. 0.
  0. 0.]
 [1. 0. 0. 0. 1. 0. 0. 1. 0. 0. 1. 1. 0. 0. 1. 0. 0. 0. 0. 0. 0. 0. 0. 0.
  0. 0. 0. 0. 0. 0. 0. 0. 0. 0. 0. 0. 0. 0. 0. 0. 0. 0. 0. 0. 0. 0. 0. 0.
  0. 0.]
 [1. 0. 1. 0. 0. 0. 0. 0. 1. 1. 0. 0. 0. 0. 0. 0. 0. 0. 0. 0. 0. 0. 0. 0.
  0. 0. 0. 0. 0. 0. 0. 0. 0. 0. 0. 0. 0. 0. 0. 0. 0. 0. 0. 0. 0. 0. 0. 0.
  0. 0.]
 [0. 1. 1. 1. 0. 1. 0. 1. 1. 0. 1. 0. 0. 0. 0. 0. 0. 0. 0. 0. 0. 0. 0. 0.
  0. 0. 0. 0. 0. 0. 0. 0. 0. 0. 0. 0. 0. 0. 0. 0. 0. 0. 0. 0. 0. 0. 0. 0.
  0. 0.]
 [1. 0. 1. 0. 0. 0. 0. 0. 0. 0. 0. 0. 1. 0. 0. 0. 0. 0. 0. 0. 0. 0. 0. 0.
  0. 0. 0. 0. 0. 0. 0. 0. 0. 0. 0. 0. 0. 0. 0. 0. 0. 0. 0. 0. 0. 0. 0. 0.
  0. 0.]
 [1. 1. 1. 0. 0. 0. 1. 1. 0. 0. 0. 1. 1. 0. 1. 0. 0. 0. 0. 0. 0. 0. 0. 0.
  0. 0. 0. 0. 0. 0. 0. 0. 0. 0. 0. 0. 0. 0. 0. 0. 0. 0. 0. 0. 0. 0. 0. 0.
  0. 0.]
 [1. 0. 1. 1. 1. 1. 0. 1. 1. 1. 1. 1. 1. 0. 1. 0. 0. 0. 0. 0. 0. 0. 0. 0.
  0. 0. 0. 0. 0. 0. 0. 0. 0. 0. 0. 0. 0. 0. 0. 0. 0. 0. 0. 0. 0. 0. 0. 0.
  0. 0.]
 [0. 0. 1. 0. 0. 0. 1. 1. 1. 0. 0. 1. 1. 0. 0. 0. 0. 0. 0. 0. 0. 0. 0. 0.
  0. 0. 0. 0. 0. 0. 0. 0. 0. 0. 0. 0. 0. 0. 0. 0. 0. 0. 0. 0. 0. 0. 0. 0.
  0. 0.]
 [1. 0. 0. 1. 0. 0. 1. 0. 0. 1. 1. 1. 0. 1. 0. 0. 0. 0. 0. 0. 0. 0. 0. 0.
  0. 0. 0. 0. 0. 0. 0. 0. 0. 0. 0. 0. 0. 0. 0. 0. 0. 0. 0. 0. 0. 0. 0. 0.
  0. 0.]]
start_times_array: [[8.662e+03 8.856e+03 8.935e+03 8.941e+03 9.069e+03 9.111e+03 9.175e+03
  9.226e+03 9.293e+03 9.306e+03 9.315e+03 9.361e+03 9.445e+03 9.506e+03
  9.516e+03]
 [8.494e+03 8.539e+03 8.581e+03 8.676e+03 8.773e+03 8.816e+03 8.856e+03
  8.881e+03 8.941e+03 9.219e+03 9.234e+03 9.293e+03 9.326e+03 9.434e+03
  9.506e+03]
 [3.461e+03 8.077e+03 8.169e+03 8.251e+03 8.401e+03 8.488e+03 8.793e+03
  8.839e+03 8.935e+03 8.956e+03 9.050e+03 9.111e+03 9.204e+03 9.211e+03
  9.512e+03]
 [7.230e+02 7.590e+03 7.816e+03 8.023e+03 8.243e+03 8.269e+03 8.335e+03
  8.425e+03 8.485e+03 8.576e+03 8.676e+03 8.750e+03 8.814e+03 8.976e+03
  9.505e+03]
 [1.530e+02 8.800e+02 5.579e+03 7.325e+03 7.331e+03 7.458e+03 7.527e+03
  7.730e+03 7.816e+03 8.179e+03 8.282e+03 8.433e+03 8.702e+03 8.750e+03
  8.804e+03]
 [0.000e+00 3.050e+02 6.533e+03 7.085e+03 7.097e+03 7.686e+03 7.710e+03
  7.729e+03 7.735e+03 7.766e+03 7.905e+03 7.989e+03 8.120e+03 8.179e+03
  8.282e+03]
 [6.840e+02 7.680e+02 1.162e+03 1.471e+03 6.271e+03 7.219e+03 7.327e+03
  7.332e+03 7.458e+03 7.496e+03 7.524e+03 7.601e+03 7.641e+03 7.816e+03
  8.023e+03]
 [6.157e+03 6.162e+03 6.197e+03 6.412e+03 7.219e+03 7.327e+03 7.361e+03
  7.505e+03 7.638e+03 7.739e+03 7.899e+03 7.985e+03 8.061e+03 8.104e+03
  8.364e+03]
 [6.000e+00 8.390e+02 4.570e+03 6.075e+03 6.223e+03 6.241e+03 6.678e+03
  6.721e+03 6.771e+03 6.797e+03 6.820e+03 6.946e+03 7.175e+03 7.405e+03
  7.735e+03]
 [1.375e+03 4.875e+03 6.284e+03 6.289e+03 6.319e+03 6.516e+03 6.592e+03
  6.765e+03 6.785e+03 6.950e+03 7.016e+03 7.097e+03 7.134e+03 7.171e+03
  7.313e+03]
 [2.840e+02 6.075e+03 6.083e+03 6.151e+03 6.152e+03 6.228e+03 6.239e+03
  6.412e+03 6.492e+03 6.678e+03 6.857e+03 6.905e+03 7.405e+03 7.489e+03
  7.686e+03]
 [5.044e+03 5.230e+03 5.495e+03 5.579e+03 5.652e+03 5.704e+03 5.779e+03
  5.783e+03 5.876e+03 5.909e+03 5.943e+03 6.020e+03 6.284e+03 6.534e+03
  6.617e+03]
 [1.753e+03 1.872e+03 4.875e+03 4.903e+03 5.071e+03 5.388e+03 5.454e+03
  5.574e+03 5.672e+03 5.815e+03 5.909e+03 5.926e+03 5.963e+03 6.146e+03
  6.394e+03]
 [4.600e+03 4.643e+03 4.650e+03 4.653e+03 4.720e+03 4.755e+03 4.794e+03
  4.875e+03 4.974e+03 5.124e+03 5.152e+03 5.234e+03 5.374e+03 5.454e+03
  5.584e+03]
 [0.000e+00 1.166e+03 4.104e+03 4.399e+03 4.600e+03 4.606e+03 4.776e+03
  4.800e+03 4.857e+03 4.997e+03 5.129e+03 5.443e+03 5.449e+03 5.478e+03
  5.763e+03]
 [4.760e+02 2.819e+03 3.205e+03 3.274e+03 3.325e+03 3.344e+03 3.410e+03
  3.703e+03 4.339e+03 4.446e+03 4.620e+03 4.648e+03 4.693e+03 4.720e+03
  4.976e+03]
 [4.700e+01 1.576e+03 2.693e+03 3.163e+03 3.519e+03 3.852e+03 3.940e+03
  4.014e+03 4.256e+03 4.273e+03 4.371e+03 4.446e+03 4.464e+03 4.520e+03
  5.322e+03]
 [1.018e+03 1.069e+03 1.939e+03 2.068e+03 3.476e+03 3.730e+03 3.807e+03
  3.893e+03 3.988e+03 4.057e+03 4.070e+03 4.194e+03 4.238e+03 4.255e+03
  4.256e+03]
 [3.170e+02 4.420e+02 5.070e+02 6.230e+02 9.880e+02 1.546e+03 3.138e+03
  3.225e+03 3.814e+03 3.888e+03 4.058e+03 4.060e+03 4.194e+03 4.292e+03
  4.339e+03]
 [1.090e+02 1.890e+02 3.110e+02 4.910e+02 5.820e+02 9.410e+02 1.229e+03
  1.416e+03 1.697e+03 2.632e+03 2.681e+03 3.896e+03 3.972e+03 4.325e+03
  4.446e+03]
 [4.700e+01 2.720e+02 2.760e+02 4.480e+02 6.450e+02 1.033e+03 3.127e+03
  3.192e+03 3.699e+03 3.783e+03 3.809e+03 3.845e+03 3.912e+03 3.972e+03
  4.533e+03]
 [5.500e+01 4.010e+02 5.290e+02 5.800e+02 3.225e+03 3.325e+03 3.541e+03
  3.552e+03 3.719e+03 3.795e+03 3.844e+03 3.900e+03 4.194e+03 4.235e+03
  4.317e+03]
 [4.400e+01 9.100e+01 1.270e+02 3.710e+02 6.240e+02 3.461e+03 3.485e+03
  3.607e+03 3.675e+03 3.756e+03 3.805e+03 3.844e+03 3.873e+03 3.893e+03
  3.972e+03]
 [2.020e+02 2.952e+03 3.485e+03 3.541e+03 3.607e+03 3.623e+03 3.685e+03
  3.712e+03 3.718e+03 3.719e+03 3.807e+03 4.069e+03 4.096e+03 4.194e+03
  4.330e+03]
 [9.480e+02 2.342e+03 2.434e+03 2.698e+03 2.786e+03 2.955e+03 2.970e+03
  3.038e+03 3.075e+03 3.108e+03 3.558e+03 3.606e+03 3.635e+03 3.651e+03
  3.692e+03]
 [1.800e+02 1.939e+03 2.437e+03 2.498e+03 3.127e+03 3.205e+03 3.281e+03
  3.320e+03 3.365e+03 3.476e+03 3.519e+03 3.566e+03 3.606e+03 3.756e+03
  4.164e+03]
 [0.000e+00 6.000e+00 1.800e+02 2.310e+02 6.370e+02 8.160e+02 9.740e+02
  1.939e+03 2.838e+03 2.844e+03 3.024e+03 3.173e+03 3.402e+03 3.453e+03
  3.519e+03]
 [3.610e+02 7.590e+02 1.183e+03 1.226e+03 1.981e+03 2.511e+03 2.596e+03
  2.664e+03 2.776e+03 2.799e+03 2.844e+03 2.970e+03 3.467e+03 3.610e+03
  3.885e+03]
 [1.940e+02 2.262e+03 2.278e+03 2.439e+03 2.636e+03 3.020e+03 3.024e+03
  3.075e+03 3.127e+03 3.162e+03 3.239e+03 3.278e+03 3.350e+03 3.415e+03
  3.651e+03]
 [6.500e+01 5.300e+02 2.429e+03 2.528e+03 2.595e+03 2.672e+03 2.681e+03
  2.786e+03 2.889e+03 2.975e+03 3.044e+03 3.125e+03 3.207e+03 3.278e+03
  3.405e+03]
 [8.800e+02 1.040e+03 2.192e+03 2.240e+03 2.243e+03 2.318e+03 2.417e+03
  2.448e+03 2.491e+03 2.668e+03 2.783e+03 3.105e+03 3.272e+03 3.340e+03
  3.476e+03]
 [1.890e+02 3.180e+02 2.065e+03 2.201e+03 2.231e+03 2.336e+03 2.365e+03
  2.528e+03 2.711e+03 2.736e+03 2.789e+03 2.942e+03 3.240e+03 3.274e+03
  3.552e+03]
 [9.300e+01 1.800e+02 3.110e+02 2.234e+03 2.375e+03 2.385e+03 2.521e+03
  2.585e+03 2.767e+03 2.832e+03 2.869e+03 2.942e+03 2.975e+03 3.022e+03
  3.027e+03]
 [3.980e+02 1.044e+03 1.546e+03 2.130e+03 2.200e+03 2.243e+03 2.291e+03
  2.349e+03 2.403e+03 2.412e+03 2.581e+03 2.654e+03 2.696e+03 2.714e+03
  2.790e+03]
 [5.920e+02 1.970e+03 2.084e+03 2.146e+03 2.191e+03 2.204e+03 2.296e+03
  2.309e+03 2.390e+03 2.448e+03 2.518e+03 2.562e+03 2.629e+03 2.654e+03
  2.932e+03]
 [3.940e+02 1.644e+03 1.861e+03 1.874e+03 1.972e+03 1.981e+03 2.123e+03
  2.212e+03 2.291e+03 2.390e+03 2.484e+03 2.521e+03 2.597e+03 2.738e+03
  2.790e+03]
 [5.600e+01 8.800e+01 1.080e+03 1.208e+03 1.414e+03 1.939e+03 2.064e+03
  2.154e+03 2.305e+03 2.336e+03 2.508e+03 2.714e+03 2.737e+03 2.860e+03
  2.916e+03]
 [3.300e+01 2.110e+02 9.410e+02 1.282e+03 1.406e+03 1.658e+03 2.037e+03
  2.066e+03 2.206e+03 2.262e+03 2.354e+03 2.452e+03 2.536e+03 2.576e+03
  2.596e+03]
 [1.210e+02 5.330e+02 1.094e+03 1.330e+03 1.401e+03 1.816e+03 1.939e+03
  2.023e+03 2.076e+03 2.174e+03 2.296e+03 2.311e+03 2.395e+03 2.443e+03
  2.597e+03]
 [1.100e+02 9.200e+02 1.275e+03 1.588e+03 1.591e+03 1.739e+03 1.894e+03
  1.947e+03 2.200e+03 2.231e+03 2.456e+03 2.555e+03 2.595e+03 2.789e+03
  3.086e+03]
 [2.520e+02 2.600e+02 3.860e+02 5.860e+02 8.390e+02 1.201e+03 1.289e+03
  1.416e+03 1.546e+03 1.559e+03 1.816e+03 1.952e+03 2.023e+03 2.156e+03
  2.174e+03]
 [4.700e+01 2.470e+02 2.800e+02 1.201e+03 1.626e+03 1.939e+03 1.996e+03
  2.084e+03 2.113e+03 2.154e+03 2.161e+03 2.266e+03 2.273e+03 2.521e+03
  3.111e+03]
 [7.200e+01 9.400e+01 1.320e+02 9.960e+02 1.193e+03 1.202e+03 1.252e+03
  1.319e+03 1.680e+03 1.753e+03 1.838e+03 1.939e+03 1.960e+03 2.349e+03
  2.542e+03]
 [5.830e+02 6.720e+02 8.800e+02 1.105e+03 1.187e+03 1.293e+03 1.319e+03
  1.335e+03 1.416e+03 1.471e+03 1.486e+03 1.874e+03 2.059e+03 2.154e+03
  2.193e+03]
 [1.010e+02 3.710e+02 4.540e+02 5.760e+02 7.620e+02 9.510e+02 1.026e+03
  1.138e+03 1.448e+03 1.538e+03 1.559e+03 1.621e+03 1.644e+03 1.753e+03
  1.886e+03]
 [3.000e+01 3.640e+02 4.090e+02 4.530e+02 4.760e+02 5.230e+02 5.830e+02
  6.840e+02 8.160e+02 8.400e+02 9.000e+02 1.101e+03 1.114e+03 2.112e+03
  2.229e+03]
 [2.810e+02 4.960e+02 5.830e+02 9.920e+02 1.069e+03 1.201e+03 1.234e+03
  1.314e+03 1.546e+03 1.730e+03 1.816e+03 1.821e+03 1.939e+03 1.970e+03
  2.050e+03]
 [1.800e+02 5.250e+02 6.060e+02 6.840e+02 7.650e+02 9.410e+02 9.880e+02
  1.044e+03 1.183e+03 1.234e+03 1.319e+03 1.513e+03 1.689e+03 1.947e+03
  2.017e+03]
 [9.500e+01 2.070e+02 3.050e+02 3.650e+02 4.120e+02 4.480e+02 5.290e+02
  5.870e+02 7.350e+02 8.160e+02 8.800e+02 1.065e+03 1.201e+03 1.226e+03
  2.025e+03]
 [0.000e+00 2.600e+01 8.400e+01 1.480e+02 2.090e+02 2.600e+02 3.640e+02
  4.320e+02 4.360e+02 4.910e+02 5.860e+02 8.840e+02 9.410e+02 1.201e+03
  1.344e+03]]
