optimal_status: 0
solution: 2921.0
cpu_time: 3600.165874004364
gap: 0.6235001935063118
upper_bound: 1099.7559347680633
lower_bound: 2921.0
cg_matrix: [[0. 0. 0. 0. 1. 1. 1. 0. 1. 0. 0. 0. 0. 0. 0. 1. 0. 0. 0. 0.]
 [0. 0. 0. 0. 1. 0. 0. 1. 0. 0. 0. 0. 0. 0. 0. 0. 0. 1. 0. 0.]
 [0. 0. 0. 0. 0. 0. 0. 1. 0. 0. 1. 0. 1. 0. 0. 1. 0. 0. 0. 0.]
 [0. 0. 0. 0. 0. 0. 0. 0. 0. 0. 0. 0. 0. 1. 1. 1. 0. 1. 0. 0.]
 [1. 1. 0. 0. 0. 0. 0. 1. 1. 1. 0. 0. 0. 1. 0. 0. 0. 0. 0. 0.]
 [1. 0. 0. 0. 0. 0. 0. 1. 0. 0. 0. 0. 1. 0. 1. 0. 0. 0. 0. 0.]
 [1. 0. 0. 0. 0. 0. 0. 1. 0. 1. 1. 0. 0. 0. 1. 0. 0. 0. 0. 0.]
 [0. 1. 1. 0. 1. 1. 1. 0. 1. 0. 0. 0. 0. 0. 0. 1. 1. 0. 0. 0.]
 [1. 0. 0. 0. 1. 0. 0. 1. 0. 1. 0. 1. 0. 0. 0. 0. 0. 1. 0. 1.]
 [0. 0. 0. 0. 1. 0. 1. 0. 1. 0. 0. 0. 0. 0. 0. 0. 0. 0. 0. 0.]
 [0. 0. 1. 0. 0. 0. 1. 0. 0. 0. 0. 0. 0. 0. 0. 0. 0. 1. 0. 0.]
 [0. 0. 0. 0. 0. 0. 0. 0. 1. 0. 0. 0. 0. 0. 0. 1. 0. 0. 0. 0.]
 [0. 0. 1. 0. 0. 1. 0. 0. 0. 0. 0. 0. 0. 1. 1. 0. 0. 0. 0. 1.]
 [0. 0. 0. 1. 1. 0. 0. 0. 0. 0. 0. 0. 1. 0. 0. 0. 1. 0. 0. 1.]
 [0. 0. 0. 1. 0. 1. 1. 0. 0. 0. 0. 0. 1. 0. 0. 1. 0. 0. 0. 0.]
 [1. 0. 1. 1. 0. 0. 0. 1. 0. 0. 0. 1. 0. 0. 1. 0. 0. 0. 0. 0.]
 [0. 0. 0. 0. 0. 0. 0. 1. 0. 0. 0. 0. 0. 1. 0. 0. 0. 0. 0. 0.]
 [0. 1. 0. 1. 0. 0. 0. 0. 1. 0. 1. 0. 0. 0. 0. 0. 0. 0. 0. 0.]
 [0. 0. 0. 0. 0. 0. 0. 0. 0. 0. 0. 0. 0. 0. 0. 0. 0. 0. 0. 0.]
 [0. 0. 0. 0. 0. 0. 0. 0. 1. 0. 0. 0. 1. 1. 0. 0. 0. 0. 0. 0.]]
start_times_array: [[ 148.  377.  622. 1046. 1084. 1395. 1431. 1457. 1601. 1899. 2003. 2048.
  2076. 2674. 2843.]
 [  19.  144.  254.  571.  646.  740. 1082. 1529. 1711. 1772. 2160. 2383.
  2417. 2484. 2507.]
 [ 134.  207.  435.  496.  522.  571.  853. 1334. 1658. 1838. 1877. 2141.
  2259. 2421. 2586.]
 [  39.  357.  392.  801.  980. 1253. 1314. 1671. 1815. 1856. 1988. 2258.
  2375. 2670. 2745.]
 [  48.   61.  237.  363.  451.  826.  920.  938.  993. 1203. 1299. 1332.
  1821. 2282. 2572.]
 [   0.  232.  435.  522.  693.  747.  819. 1182. 1559. 1688. 1790. 2255.
  2339. 2502. 2584.]
 [   0.   12.  255.  774. 1269. 1355. 1737. 1776. 1843. 2185. 2264. 2383.
  2519. 2588. 2751.]
 [  76.  105. 1086. 1155. 1432. 1611. 1885. 1938. 2005. 2356. 2677. 2822.
  2846. 2863. 2902.]
 [   0.  254.  327.  756. 1072. 1219. 1487. 1737. 2169. 2220. 2380. 2451.
  2479. 2514. 2747.]
 [  76.  137.  377.  518.  608.  668.  990. 1084. 1144. 1393. 1586. 1677.
  1711. 1885. 2143.]
 [ 292.  684.  868.  963.  995. 1013. 1086. 1095. 1114. 1211. 1483. 1519.
  1581. 1956. 1987.]
 [ 183.  363.  410.  538.  566. 1086. 1135. 1173. 1312. 1384. 1459. 1615.
  1827. 2016. 2031.]
 [ 381.  426.  896.  993. 1226. 1481. 1887. 1957. 1988. 2074. 2089. 2375.
  2677. 2709. 2715.]
 [  92.  191.  259.  450.  748. 1055. 1393. 1561. 1731. 1976. 2149. 2421.
  2785. 2883. 2894.]
 [  74.  558.  628.  642.  674. 1070. 1127. 1385. 1602. 2112. 2216. 2248.
  2423. 2819. 2829.]
 [   0.  254.  341.  693.  894.  901. 1229. 1303. 1493. 1559. 1748. 2517.
  2544. 2564. 2752.]
 [   0.  361.  502.  566.  597.  608.  649.  853. 1251. 1338. 1341. 1671.
  2103. 2590. 2752.]
 [  76.  166.  243.  415.  498.  514.  518.  543. 1611. 1807. 1863. 2045.
  2078. 2572. 2782.]
 [   0.   92.  117.  147.  233.  255.  334.  392.  522.  552.  646.  836.
   963. 1184. 1832.]
 [  87.  503.  580.  654.  826.  839. 1114. 1176. 1319. 1659. 1807. 2112.
  2240. 2328. 2572.]]
