optimal_status: 0
solution: 6092.0
cpu_time: 3600.2255330085754
gap: 0.7428539618676129
upper_bound: 1566.5336643025025
lower_bound: 6092.0
cg_matrix: [[0. 1. 0. 0. 0. 0. 0. 0. 1. 0. 0. 0. 0. 1. 0. 0. 0. 0. 0. 0. 0. 1. 0. 0.
  1. 0. 0. 0. 0. 1.]
 [1. 0. 0. 0. 0. 0. 1. 1. 0. 0. 1. 1. 1. 0. 0. 1. 0. 0. 0. 0. 1. 0. 0. 0.
  1. 0. 0. 0. 0. 0.]
 [0. 0. 0. 1. 0. 0. 0. 1. 0. 0. 0. 0. 0. 0. 0. 0. 1. 0. 0. 0. 1. 1. 0. 0.
  1. 0. 0. 0. 0. 0.]
 [0. 0. 1. 0. 0. 0. 0. 0. 0. 0. 0. 0. 1. 1. 0. 0. 0. 0. 0. 1. 0. 0. 0. 0.
  0. 0. 0. 0. 0. 1.]
 [0. 0. 0. 0. 0. 0. 0. 0. 0. 0. 1. 0. 0. 1. 0. 0. 0. 0. 0. 0. 1. 0. 0. 0.
  0. 0. 0. 0. 1. 0.]
 [0. 0. 0. 0. 0. 0. 0. 0. 1. 1. 1. 0. 0. 0. 0. 0. 0. 0. 0. 0. 1. 0. 0. 0.
  0. 1. 0. 0. 1. 0.]
 [0. 1. 0. 0. 0. 0. 0. 0. 1. 0. 0. 0. 0. 0. 0. 0. 1. 0. 0. 0. 0. 0. 1. 0.
  0. 0. 0. 0. 0. 0.]
 [0. 1. 1. 0. 0. 0. 0. 0. 0. 0. 0. 1. 0. 0. 0. 0. 1. 0. 0. 1. 0. 0. 0. 0.
  0. 1. 0. 0. 1. 0.]
 [1. 0. 0. 0. 0. 1. 1. 0. 0. 0. 0. 1. 0. 0. 0. 0. 0. 0. 0. 0. 0. 0. 0. 0.
  1. 0. 0. 0. 0. 0.]
 [0. 0. 0. 0. 0. 1. 0. 0. 0. 0. 0. 0. 0. 0. 0. 0. 0. 1. 0. 1. 0. 1. 0. 0.
  1. 0. 0. 0. 0. 1.]
 [0. 1. 0. 0. 1. 1. 0. 0. 0. 0. 0. 0. 0. 0. 0. 0. 0. 0. 0. 0. 0. 0. 0. 0.
  0. 0. 1. 1. 1. 0.]
 [0. 1. 0. 0. 0. 0. 0. 1. 1. 0. 0. 0. 1. 0. 1. 0. 0. 0. 0. 0. 0. 1. 0. 0.
  0. 0. 0. 0. 1. 0.]
 [0. 1. 0. 1. 0. 0. 0. 0. 0. 0. 0. 1. 0. 1. 0. 0. 0. 0. 0. 0. 0. 0. 0. 0.
  0. 0. 0. 0. 0. 1.]
 [1. 0. 0. 1. 1. 0. 0. 0. 0. 0. 0. 0. 1. 0. 0. 1. 0. 1. 1. 0. 0. 0. 1. 0.
  0. 1. 1. 0. 1. 1.]
 [0. 0. 0. 0. 0. 0. 0. 0. 0. 0. 0. 1. 0. 0. 0. 1. 0. 1. 0. 0. 0. 0. 0. 0.
  0. 0. 0. 0. 0. 1.]
 [0. 1. 0. 0. 0. 0. 0. 0. 0. 0. 0. 0. 0. 1. 1. 0. 0. 0. 0. 1. 0. 1. 0. 0.
  0. 0. 0. 1. 0. 1.]
 [0. 0. 1. 0. 0. 0. 1. 1. 0. 0. 0. 0. 0. 0. 0. 0. 0. 0. 0. 0. 0. 0. 0. 0.
  0. 0. 1. 0. 0. 0.]
 [0. 0. 0. 0. 0. 0. 0. 0. 0. 1. 0. 0. 0. 1. 1. 0. 0. 0. 1. 0. 1. 0. 0. 0.
  0. 0. 0. 0. 1. 0.]
 [0. 0. 0. 0. 0. 0. 0. 0. 0. 0. 0. 0. 0. 1. 0. 0. 0. 1. 0. 0. 0. 0. 1. 0.
  1. 0. 0. 0. 1. 0.]
 [0. 0. 0. 1. 0. 0. 0. 1. 0. 1. 0. 0. 0. 0. 0. 1. 0. 0. 0. 0. 0. 1. 0. 0.
  0. 0. 0. 0. 0. 1.]
 [0. 1. 1. 0. 1. 1. 0. 0. 0. 0. 0. 0. 0. 0. 0. 0. 0. 1. 0. 0. 0. 0. 0. 0.
  0. 0. 0. 0. 0. 0.]
 [1. 0. 1. 0. 0. 0. 0. 0. 0. 1. 0. 1. 0. 0. 0. 1. 0. 0. 0. 1. 0. 0. 0. 0.
  0. 0. 0. 0. 0. 0.]
 [0. 0. 0. 0. 0. 0. 1. 0. 0. 0. 0. 0. 0. 1. 0. 0. 0. 0. 1. 0. 0. 0. 0. 0.
  0. 0. 0. 0. 0. 0.]
 [0. 0. 0. 0. 0. 0. 0. 0. 0. 0. 0. 0. 0. 0. 0. 0. 0. 0. 0. 0. 0. 0. 0. 0.
  0. 0. 0. 0. 0. 0.]
 [1. 1. 1. 0. 0. 0. 0. 0. 1. 1. 0. 0. 0. 0. 0. 0. 0. 0. 1. 0. 0. 0. 0. 0.
  0. 0. 0. 0. 0. 0.]
 [0. 0. 0. 0. 0. 1. 0. 1. 0. 0. 0. 0. 0. 1. 0. 0. 0. 0. 0. 0. 0. 0. 0. 0.
  0. 0. 0. 0. 0. 0.]
 [0. 0. 0. 0. 0. 0. 0. 0. 0. 0. 1. 0. 0. 1. 0. 0. 1. 0. 0. 0. 0. 0. 0. 0.
  0. 0. 0. 0. 0. 0.]
 [0. 0. 0. 0. 0. 0. 0. 0. 0. 0. 1. 0. 0. 0. 0. 1. 0. 0. 0. 0. 0. 0. 0. 0.
  0. 0. 0. 0. 0. 0.]
 [0. 0. 0. 0. 1. 1. 0. 1. 0. 0. 1. 1. 0. 1. 0. 0. 0. 1. 1. 0. 0. 0. 0. 0.
  0. 0. 0. 0. 0. 0.]
 [1. 0. 0. 1. 0. 0. 0. 0. 0. 1. 0. 0. 1. 1. 1. 1. 0. 0. 0. 1. 0. 0. 0. 0.
  0. 0. 0. 0. 0. 0.]]
start_times_array: [[5.010e+02 1.699e+03 1.823e+03 2.420e+03 2.722e+03 3.017e+03 3.036e+03
  3.199e+03 3.524e+03 3.725e+03 3.838e+03 3.871e+03 4.031e+03 4.339e+03
  4.555e+03 4.649e+03 4.740e+03 5.352e+03 5.557e+03 5.730e+03]
 [1.940e+02 2.690e+02 2.940e+02 4.420e+02 5.640e+02 6.830e+02 1.054e+03
  1.092e+03 1.287e+03 1.498e+03 2.050e+03 2.134e+03 2.470e+03 2.821e+03
  3.592e+03 3.758e+03 4.028e+03 4.062e+03 4.588e+03 5.211e+03]
 [1.820e+02 2.730e+02 2.870e+02 5.210e+02 9.030e+02 1.143e+03 1.437e+03
  1.494e+03 1.591e+03 1.983e+03 2.400e+03 2.700e+03 2.995e+03 3.511e+03
  4.213e+03 4.744e+03 4.833e+03 5.101e+03 5.539e+03 5.667e+03]
 [3.360e+02 3.460e+02 7.690e+02 1.042e+03 1.287e+03 1.611e+03 2.051e+03
  2.346e+03 2.388e+03 2.770e+03 3.148e+03 3.624e+03 3.698e+03 3.797e+03
  3.900e+03 3.980e+03 4.458e+03 5.009e+03 5.259e+03 5.865e+03]
 [1.823e+03 2.101e+03 2.331e+03 2.694e+03 2.755e+03 3.321e+03 3.367e+03
  3.394e+03 3.423e+03 3.592e+03 3.604e+03 4.090e+03 4.281e+03 4.348e+03
  4.555e+03 5.037e+03 5.296e+03 5.855e+03 5.936e+03 6.012e+03]
 [4.190e+02 1.073e+03 1.280e+03 1.538e+03 1.542e+03 1.834e+03 2.393e+03
  2.626e+03 2.708e+03 3.136e+03 3.613e+03 3.661e+03 3.941e+03 4.028e+03
  4.780e+03 4.879e+03 5.066e+03 5.080e+03 5.296e+03 5.888e+03]
 [5.000e+01 8.700e+01 4.830e+02 7.860e+02 1.760e+03 1.876e+03 2.169e+03
  2.953e+03 3.021e+03 3.033e+03 3.256e+03 3.501e+03 3.676e+03 4.422e+03
  4.621e+03 4.756e+03 4.811e+03 5.057e+03 5.293e+03 5.583e+03]
 [3.720e+02 4.060e+02 6.250e+02 2.189e+03 2.306e+03 2.324e+03 2.762e+03
  2.939e+03 3.076e+03 3.277e+03 3.658e+03 3.879e+03 4.332e+03 4.504e+03
  4.652e+03 5.268e+03 5.489e+03 5.918e+03 5.998e+03 6.086e+03]
 [2.040e+02 2.350e+02 6.740e+02 7.490e+02 1.396e+03 2.319e+03 2.470e+03
  2.546e+03 3.047e+03 3.352e+03 3.453e+03 3.747e+03 4.229e+03 4.403e+03
  4.666e+03 5.214e+03 5.489e+03 5.663e+03 5.856e+03 6.017e+03]
 [1.460e+02 6.410e+02 9.150e+02 1.054e+03 1.705e+03 2.208e+03 2.325e+03
  2.677e+03 2.707e+03 2.782e+03 2.989e+03 3.457e+03 3.743e+03 4.207e+03
  4.356e+03 4.502e+03 4.954e+03 5.497e+03 5.586e+03 5.812e+03]
 [1.150e+02 2.100e+02 3.450e+02 6.370e+02 7.710e+02 1.180e+03 1.314e+03
  1.631e+03 1.983e+03 2.186e+03 2.911e+03 3.005e+03 3.076e+03 3.665e+03
  4.154e+03 4.242e+03 4.724e+03 5.102e+03 5.397e+03 6.059e+03]
 [7.100e+01 7.720e+02 9.280e+02 1.007e+03 1.153e+03 1.172e+03 1.190e+03
  1.589e+03 2.255e+03 2.669e+03 3.126e+03 3.504e+03 3.903e+03 4.115e+03
  4.321e+03 4.434e+03 4.835e+03 5.401e+03 5.557e+03 5.805e+03]
 [2.100e+02 1.228e+03 1.443e+03 1.741e+03 1.823e+03 2.615e+03 3.075e+03
  3.321e+03 3.813e+03 3.934e+03 4.281e+03 4.339e+03 4.419e+03 4.717e+03
  5.150e+03 5.358e+03 5.624e+03 5.856e+03 5.971e+03 6.059e+03]
 [8.000e+01 2.960e+02 4.200e+02 1.506e+03 1.690e+03 1.776e+03 1.983e+03
  2.213e+03 2.616e+03 2.850e+03 3.277e+03 3.436e+03 3.747e+03 4.200e+03
  4.524e+03 4.879e+03 5.190e+03 5.427e+03 5.578e+03 5.810e+03]
 [3.450e+02 6.050e+02 8.250e+02 1.668e+03 1.740e+03 2.364e+03 2.454e+03
  2.517e+03 3.017e+03 3.222e+03 3.747e+03 3.834e+03 4.161e+03 4.649e+03
  4.711e+03 4.971e+03 5.039e+03 5.348e+03 5.595e+03 5.730e+03]
 [1.060e+02 1.460e+02 6.120e+02 7.710e+02 1.209e+03 1.443e+03 1.617e+03
  2.141e+03 2.325e+03 2.744e+03 3.298e+03 3.665e+03 4.281e+03 4.339e+03
  4.716e+03 5.037e+03 5.064e+03 5.275e+03 5.497e+03 6.048e+03]
 [1.057e+03 1.243e+03 1.285e+03 1.484e+03 1.670e+03 1.692e+03 2.255e+03
  2.466e+03 3.083e+03 3.403e+03 3.600e+03 3.648e+03 3.942e+03 3.971e+03
  4.523e+03 4.835e+03 4.840e+03 5.253e+03 5.405e+03 5.744e+03]
 [7.100e+01 1.060e+02 7.670e+02 1.015e+03 1.089e+03 1.478e+03 1.570e+03
  2.140e+03 2.743e+03 2.797e+03 2.927e+03 3.145e+03 3.581e+03 3.701e+03
  3.885e+03 4.374e+03 4.788e+03 5.638e+03 5.889e+03 6.024e+03]
 [1.460e+02 5.010e+02 6.410e+02 1.823e+03 2.027e+03 2.294e+03 2.333e+03
  2.561e+03 2.762e+03 3.353e+03 3.505e+03 3.546e+03 3.799e+03 4.320e+03
  4.336e+03 4.652e+03 4.744e+03 5.337e+03 5.391e+03 5.905e+03]
 [2.280e+02 5.150e+02 8.740e+02 8.790e+02 1.002e+03 1.130e+03 1.188e+03
  1.847e+03 2.400e+03 2.689e+03 2.866e+03 3.243e+03 3.813e+03 4.423e+03
  4.448e+03 4.552e+03 4.866e+03 5.355e+03 5.730e+03 5.963e+03]
 [7.870e+02 8.610e+02 1.172e+03 1.258e+03 1.325e+03 1.383e+03 1.664e+03
  1.748e+03 1.918e+03 2.512e+03 2.582e+03 2.956e+03 3.062e+03 3.436e+03
  3.688e+03 3.721e+03 3.860e+03 4.182e+03 4.469e+03 4.933e+03]
 [0.000e+00 2.500e+01 3.580e+02 2.595e+03 2.911e+03 3.099e+03 3.392e+03
  3.434e+03 3.455e+03 3.600e+03 3.797e+03 3.941e+03 4.018e+03 4.381e+03
  4.471e+03 4.666e+03 5.051e+03 5.074e+03 5.164e+03 5.888e+03]
 [0.000e+00 2.150e+02 6.610e+02 7.330e+02 1.227e+03 1.363e+03 1.587e+03
  1.950e+03 2.291e+03 2.302e+03 2.680e+03 2.927e+03 3.293e+03 4.003e+03
  4.128e+03 4.365e+03 4.555e+03 4.966e+03 5.478e+03 6.035e+03]
 [7.100e+01 1.300e+02 4.560e+02 5.620e+02 6.260e+02 7.940e+02 1.038e+03
  1.649e+03 2.215e+03 2.428e+03 2.864e+03 2.879e+03 3.624e+03 3.697e+03
  3.768e+03 3.933e+03 4.888e+03 4.954e+03 5.130e+03 5.374e+03]
 [1.700e+01 9.100e+01 3.550e+02 4.830e+02 6.250e+02 9.950e+02 1.196e+03
  1.314e+03 1.930e+03 2.141e+03 2.486e+03 3.165e+03 3.274e+03 3.659e+03
  4.109e+03 4.455e+03 4.867e+03 5.036e+03 5.285e+03 5.609e+03]
 [0.000e+00 3.000e+00 2.900e+01 3.800e+01 3.020e+02 1.056e+03 2.794e+03
  3.005e+03 3.083e+03 3.525e+03 3.804e+03 4.119e+03 4.446e+03 4.568e+03
  4.966e+03 5.037e+03 5.112e+03 5.460e+03 5.678e+03 6.023e+03]
 [4.000e+00 2.300e+02 5.170e+02 9.000e+02 9.780e+02 1.143e+03 1.279e+03
  1.449e+03 1.570e+03 1.773e+03 2.119e+03 2.565e+03 2.680e+03 3.293e+03
  4.039e+03 4.365e+03 5.275e+03 5.370e+03 5.678e+03 5.855e+03]
 [2.910e+02 5.600e+02 7.160e+02 7.320e+02 8.590e+02 1.005e+03 1.061e+03
  1.110e+03 1.709e+03 1.768e+03 2.267e+03 2.616e+03 3.164e+03 3.422e+03
  3.987e+03 4.069e+03 4.418e+03 5.578e+03 5.721e+03 6.089e+03]
 [3.000e+00 5.810e+02 6.800e+02 7.420e+02 8.590e+02 9.590e+02 1.360e+03
  1.706e+03 1.922e+03 2.050e+03 2.470e+03 2.822e+03 3.011e+03 3.208e+03
  3.959e+03 4.287e+03 4.591e+03 5.084e+03 5.232e+03 5.727e+03]
 [1.300e+01 3.100e+02 1.364e+03 1.918e+03 2.306e+03 2.322e+03 2.544e+03
  2.927e+03 3.106e+03 3.392e+03 3.551e+03 4.040e+03 4.330e+03 4.588e+03
  4.803e+03 5.336e+03 5.450e+03 5.663e+03 6.009e+03 6.043e+03]]
