optimal_status: 0
solution: 4183.0
cpu_time: 3600.2254631519318
gap: 0.6665072914176429
upper_bound: 1395.0
lower_bound: 4183.0
cg_matrix: [[0. 0. 1. 0. 0. 1. 1. 0. 0. 0. 1. 0. 0. 0. 0. 0. 0. 1. 0. 0.]
 [0. 0. 0. 0. 0. 0. 0. 0. 0. 1. 1. 0. 0. 0. 1. 0. 0. 1. 1. 0.]
 [1. 0. 0. 0. 0. 0. 1. 0. 0. 0. 0. 0. 0. 0. 0. 1. 0. 0. 0. 0.]
 [0. 0. 0. 0. 0. 0. 0. 0. 0. 0. 1. 0. 0. 1. 0. 0. 0. 0. 0. 0.]
 [0. 0. 0. 0. 0. 0. 0. 1. 0. 0. 0. 1. 0. 1. 1. 1. 0. 0. 0. 0.]
 [1. 0. 0. 0. 0. 0. 0. 0. 0. 0. 0. 0. 0. 1. 0. 0. 0. 0. 0. 0.]
 [1. 0. 1. 0. 0. 0. 0. 0. 0. 0. 1. 1. 0. 0. 0. 0. 0. 0. 1. 1.]
 [0. 0. 0. 0. 1. 0. 0. 0. 0. 0. 0. 0. 0. 0. 1. 0. 0. 1. 0. 0.]
 [0. 0. 0. 0. 0. 0. 0. 0. 0. 0. 1. 1. 0. 0. 0. 0. 0. 0. 0. 0.]
 [0. 1. 0. 0. 0. 0. 0. 0. 0. 0. 1. 0. 0. 0. 0. 0. 1. 0. 0. 0.]
 [1. 1. 0. 1. 0. 0. 1. 0. 1. 1. 0. 0. 0. 0. 1. 0. 0. 0. 0. 0.]
 [0. 0. 0. 0. 1. 0. 1. 0. 1. 0. 0. 0. 0. 0. 1. 0. 0. 1. 0. 0.]
 [0. 0. 0. 0. 0. 0. 0. 0. 0. 0. 0. 0. 0. 0. 0. 0. 0. 0. 0. 1.]
 [0. 0. 0. 1. 1. 1. 0. 0. 0. 0. 0. 0. 0. 0. 0. 0. 1. 0. 0. 0.]
 [0. 1. 0. 0. 1. 0. 0. 1. 0. 0. 1. 1. 0. 0. 0. 0. 0. 1. 1. 0.]
 [0. 0. 1. 0. 1. 0. 0. 0. 0. 0. 0. 0. 0. 0. 0. 0. 0. 0. 0. 1.]
 [0. 0. 0. 0. 0. 0. 0. 0. 0. 1. 0. 0. 0. 1. 0. 0. 0. 0. 0. 0.]
 [1. 1. 0. 0. 0. 0. 0. 1. 0. 0. 0. 1. 0. 0. 1. 0. 0. 0. 0. 0.]
 [0. 1. 0. 0. 0. 0. 1. 0. 0. 0. 0. 0. 0. 0. 1. 0. 0. 0. 0. 1.]
 [0. 0. 0. 0. 0. 0. 1. 0. 0. 0. 0. 0. 1. 0. 0. 1. 0. 0. 1. 0.]]
start_times_array: [[2.190e+02 3.730e+02 4.340e+02 5.910e+02 6.040e+02 6.560e+02 1.477e+03
  1.560e+03 1.932e+03 1.989e+03 2.155e+03 2.546e+03 2.650e+03 2.866e+03
  2.912e+03 3.306e+03 3.600e+03 3.735e+03 4.011e+03 4.056e+03]
 [5.200e+02 6.170e+02 9.730e+02 1.075e+03 1.477e+03 2.155e+03 2.379e+03
  2.399e+03 2.658e+03 2.671e+03 2.842e+03 2.890e+03 3.104e+03 3.200e+03
  3.306e+03 3.613e+03 3.628e+03 3.906e+03 3.942e+03 3.948e+03]
 [6.800e+01 2.660e+02 5.520e+02 6.890e+02 1.032e+03 1.824e+03 2.008e+03
  2.075e+03 2.229e+03 2.431e+03 2.717e+03 2.961e+03 3.108e+03 3.176e+03
  3.656e+03 3.793e+03 3.864e+03 3.958e+03 3.986e+03 4.157e+03]
 [2.660e+02 5.020e+02 6.170e+02 6.960e+02 9.710e+02 9.810e+02 1.295e+03
  1.477e+03 1.762e+03 1.986e+03 2.008e+03 2.246e+03 2.300e+03 2.347e+03
  2.646e+03 2.712e+03 2.745e+03 2.754e+03 3.038e+03 3.068e+03]
 [1.150e+02 1.480e+02 2.580e+02 2.750e+02 5.170e+02 5.590e+02 7.460e+02
  9.130e+02 1.171e+03 1.296e+03 1.391e+03 1.428e+03 1.815e+03 2.246e+03
  2.493e+03 2.945e+03 3.176e+03 3.253e+03 3.392e+03 3.803e+03]
 [0.000e+00 8.600e+01 1.020e+02 1.360e+02 2.660e+02 5.020e+02 6.890e+02
  7.110e+02 9.130e+02 9.710e+02 1.225e+03 1.896e+03 2.062e+03 2.229e+03
  2.493e+03 2.945e+03 2.946e+03 3.108e+03 3.793e+03 3.872e+03]
 [0.000e+00 4.430e+02 5.260e+02 8.260e+02 8.800e+02 1.207e+03 1.295e+03
  1.378e+03 1.716e+03 1.770e+03 2.246e+03 2.344e+03 2.347e+03 2.639e+03
  2.811e+03 2.928e+03 3.041e+03 3.521e+03 3.583e+03 4.060e+03]
 [0.000e+00 1.600e+01 2.120e+02 3.730e+02 4.130e+02 4.670e+02 7.600e+02
  1.075e+03 1.611e+03 1.620e+03 1.666e+03 1.896e+03 2.379e+03 2.386e+03
  2.658e+03 2.842e+03 2.857e+03 3.104e+03 3.599e+03 3.958e+03]
 [2.150e+02 2.450e+02 6.560e+02 1.477e+03 1.518e+03 1.770e+03 2.246e+03
  2.301e+03 2.355e+03 2.569e+03 2.728e+03 2.811e+03 3.038e+03 3.176e+03
  3.335e+03 3.366e+03 3.717e+03 3.906e+03 4.003e+03 4.014e+03]
 [5.100e+01 2.520e+02 3.150e+02 3.650e+02 4.290e+02 6.960e+02 8.260e+02
  9.910e+02 1.708e+03 1.923e+03 1.952e+03 2.543e+03 3.348e+03 3.517e+03
  3.566e+03 3.717e+03 3.750e+03 3.754e+03 4.022e+03 4.040e+03]
 [4.000e+00 1.290e+02 7.710e+02 9.030e+02 1.151e+03 1.315e+03 1.439e+03
  1.462e+03 1.620e+03 1.854e+03 1.882e+03 2.068e+03 2.468e+03 2.961e+03
  3.205e+03 3.254e+03 3.437e+03 3.692e+03 3.812e+03 4.106e+03]
 [4.000e+00 4.400e+01 7.300e+01 3.730e+02 1.075e+03 1.611e+03 1.630e+03
  1.697e+03 1.706e+03 1.762e+03 1.896e+03 2.127e+03 2.176e+03 2.431e+03
  2.658e+03 2.868e+03 3.108e+03 3.289e+03 3.600e+03 3.994e+03]
 [0.000e+00 7.200e+01 2.370e+02 3.500e+02 3.620e+02 5.200e+02 6.570e+02
  8.800e+02 1.131e+03 1.614e+03 1.630e+03 2.355e+03 2.543e+03 2.717e+03
  2.739e+03 2.792e+03 2.813e+03 2.868e+03 3.037e+03 3.942e+03]
 [3.650e+02 4.250e+02 7.850e+02 8.310e+02 8.820e+02 1.106e+03 1.207e+03
  1.247e+03 1.250e+03 1.557e+03 1.569e+03 1.708e+03 2.018e+03 2.351e+03
  2.380e+03 2.569e+03 2.807e+03 2.847e+03 3.291e+03 3.707e+03]
 [6.320e+02 7.040e+02 8.310e+02 8.510e+02 8.530e+02 1.008e+03 1.207e+03
  1.516e+03 1.723e+03 1.770e+03 1.986e+03 2.329e+03 2.569e+03 2.765e+03
  3.041e+03 3.348e+03 3.517e+03 3.559e+03 3.717e+03 4.022e+03]
 [0.000e+00 6.200e+01 3.560e+02 4.020e+02 4.420e+02 8.000e+02 1.008e+03
  1.019e+03 1.207e+03 1.614e+03 1.685e+03 1.922e+03 2.320e+03 2.569e+03
  2.661e+03 2.813e+03 3.013e+03 3.273e+03 3.291e+03 4.091e+03]
 [0.000e+00 1.290e+02 1.540e+02 2.140e+02 5.590e+02 6.020e+02 8.170e+02
  9.130e+02 1.026e+03 1.391e+03 1.487e+03 1.625e+03 2.068e+03 2.945e+03
  3.100e+03 3.183e+03 3.253e+03 3.613e+03 3.812e+03 3.894e+03]
 [1.150e+02 1.210e+02 2.660e+02 3.370e+02 3.460e+02 1.288e+03 1.376e+03
  1.824e+03 2.068e+03 2.111e+03 2.249e+03 2.285e+03 2.493e+03 2.728e+03
  2.961e+03 3.205e+03 3.392e+03 3.803e+03 4.106e+03 4.180e+03]
 [9.030e+02 9.460e+02 1.148e+03 1.311e+03 1.614e+03 1.824e+03 1.923e+03
  2.090e+03 2.123e+03 2.468e+03 2.697e+03 2.961e+03 3.205e+03 3.392e+03
  3.438e+03 3.465e+03 3.470e+03 3.818e+03 3.882e+03 4.106e+03]
 [1.540e+02 3.150e+02 6.180e+02 7.030e+02 1.032e+03 1.439e+03 1.516e+03
  1.834e+03 2.008e+03 2.059e+03 2.137e+03 2.431e+03 3.487e+03 3.600e+03
  3.644e+03 3.673e+03 3.710e+03 3.803e+03 3.892e+03 4.002e+03]]
