optimal_status: 0
solution: 9702.999999029338
cpu_time: 3600.489643096924
gap: 0.8889405989920257
upper_bound: 1077.6093678725733
lower_bound: 9702.999999029338
cg_matrix: [[0. 1. 1. 1. 1. 1. 0. 1. 0. 1. 1. 0. 1. 1. 1. 1. 1. 1. 1. 0.]
 [1. 0. 0. 1. 0. 0. 1. 1. 1. 1. 0. 1. 1. 1. 1. 1. 0. 1. 1. 1.]
 [1. 0. 0. 1. 1. 1. 0. 1. 1. 1. 0. 0. 0. 1. 1. 1. 0. 1. 1. 1.]
 [1. 1. 1. 0. 0. 0. 1. 0. 1. 1. 0. 0. 1. 1. 1. 1. 1. 1. 1. 1.]
 [1. 0. 1. 0. 0. 1. 1. 1. 0. 0. 1. 0. 1. 1. 1. 1. 1. 1. 0. 1.]
 [1. 0. 1. 0. 1. 0. 1. 0. 1. 1. 1. 1. 1. 1. 0. 1. 1. 1. 1. 1.]
 [0. 1. 0. 1. 1. 1. 0. 1. 1. 1. 1. 1. 1. 1. 1. 1. 1. 0. 1. 1.]
 [1. 1. 1. 0. 1. 0. 1. 0. 1. 1. 1. 0. 1. 1. 1. 1. 1. 0. 1. 0.]
 [0. 1. 1. 1. 0. 1. 1. 1. 0. 1. 1. 0. 0. 1. 1. 1. 0. 0. 1. 1.]
 [1. 1. 1. 1. 0. 1. 1. 1. 1. 0. 1. 0. 1. 1. 1. 1. 0. 1. 0. 1.]
 [1. 0. 0. 0. 1. 1. 1. 1. 1. 1. 0. 0. 1. 1. 1. 1. 1. 1. 1. 1.]
 [0. 1. 0. 0. 0. 1. 1. 0. 0. 0. 0. 0. 1. 0. 1. 1. 1. 1. 1. 1.]
 [1. 1. 0. 1. 1. 1. 1. 1. 0. 1. 1. 1. 0. 1. 1. 1. 1. 1. 1. 1.]
 [1. 1. 1. 1. 1. 1. 1. 1. 1. 1. 1. 0. 1. 0. 1. 0. 0. 1. 1. 1.]
 [1. 1. 1. 1. 1. 0. 1. 1. 1. 1. 1. 1. 1. 1. 0. 1. 1. 1. 1. 1.]
 [1. 1. 1. 1. 1. 1. 1. 1. 1. 1. 1. 1. 1. 0. 1. 0. 0. 0. 0. 0.]
 [1. 0. 0. 1. 1. 1. 1. 1. 0. 0. 1. 1. 1. 0. 1. 0. 0. 0. 0. 0.]
 [1. 1. 1. 1. 1. 1. 0. 0. 0. 1. 1. 1. 1. 1. 1. 0. 0. 0. 0. 0.]
 [1. 1. 1. 1. 0. 1. 1. 1. 1. 0. 1. 1. 1. 1. 1. 0. 0. 0. 0. 0.]
 [0. 1. 1. 1. 1. 1. 1. 0. 1. 1. 1. 1. 1. 1. 1. 0. 0. 0. 0. 0.]]
start_times_array: [[9.79000000e+02 2.00300000e+03 7.16400000e+03 7.92300000e+03
  8.67900000e+03 8.92900000e+03 9.13400000e+03 9.19700000e+03
  9.28400000e+03 9.35800000e+03 9.39300000e+03 9.45300000e+03
  9.54300000e+03 9.60700000e+03 9.67500000e+03]
 [3.81900000e+03 3.82400000e+03 3.90300000e+03 3.97400000e+03
  7.66100000e+03 7.73200000e+03 7.99780899e+03 8.08380899e+03
  8.17180899e+03 8.21880899e+03 8.28080899e+03 8.41900000e+03
  8.57000000e+03 8.81500000e+03 9.00600000e+03]
 [9.77000000e+02 2.82500000e+03 2.89200000e+03 7.69400000e+03
  7.94900000e+03 8.11100000e+03 8.23500000e+03 8.28100000e+03
  8.32500000e+03 8.41900000e+03 8.58700000e+03 8.67600000e+03
  8.81500000e+03 8.85300000e+03 9.05800000e+03]
 [3.68400000e+03 6.97300000e+03 7.05200000e+03 7.07800000e+03
  7.37400000e+03 7.46100000e+03 7.46700000e+03 7.47600000e+03
  7.49400000e+03 7.54400000e+03 7.58100000e+03 7.63600000e+03
  7.63900000e+03 7.81400000e+03 7.82600000e+03]
 [3.25900000e+03 7.49200000e+03 7.56500000e+03 7.58200000e+03
  7.62300000e+03 7.79200000e+03 7.88000000e+03 8.01500000e+03
  8.07400000e+03 8.21300000e+03 8.30400000e+03 8.44400000e+03
  8.52100000e+03 8.76900000e+03 9.00600000e+03]
 [8.91000000e+02 9.65000000e+02 1.59643590e+03 6.97300000e+03
  6.99500000e+03 7.03600000e+03 7.06500000e+03 7.07100000e+03
  7.07500000e+03 7.22200000e+03 7.37400000e+03 7.39500000e+03
  7.42200000e+03 7.43800000e+03 8.15300000e+03]
 [4.62000000e+03 6.16700000e+03 6.20600000e+03 6.40200000e+03
  6.41700000e+03 6.43900000e+03 6.46800000e+03 6.53200000e+03
  6.75100000e+03 6.81900000e+03 6.87900000e+03 6.91600000e+03
  6.92600000e+03 7.15400000e+03 7.30000000e+03]
 [1.05500000e+03 1.68900000e+03 3.63800000e+03 5.33000000e+03
  5.60500000e+03 5.79000000e+03 5.85000000e+03 5.94800000e+03
  6.10100000e+03 6.11000000e+03 6.28800000e+03 6.30900000e+03
  6.38300000e+03 6.97300000e+03 7.43300000e+03]
 [1.89000000e+03 1.89700000e+03 2.76200000e+03 4.54100000e+03
  4.80400000e+03 5.16300000e+03 5.21900000e+03 5.27200000e+03
  5.38900000e+03 5.39100000e+03 5.50900000e+03 5.59900000e+03
  5.72400000e+03 6.02500000e+03 6.62400000e+03]
 [3.24500000e+03 3.41400000e+03 4.02300000e+03 4.09800000e+03
  4.24400000e+03 4.28900000e+03 4.47100000e+03 4.52100000e+03
  4.61600000e+03 4.71600000e+03 4.74400000e+03 4.91500000e+03
  4.98900000e+03 5.11200000e+03 6.68400000e+03]
 [3.53900000e+03 3.62700000e+03 3.70900000e+03 3.74400000e+03
  3.83100000e+03 3.84500000e+03 3.93000000e+03 3.94200000e+03
  3.96300000e+03 3.98600000e+03 4.27700000e+03 4.38300000e+03
  4.81700000e+03 5.07900000e+03 7.71600000e+03]
 [9.83000000e+02 2.01900000e+03 2.10800000e+03 2.33400000e+03
  2.50800000e+03 2.60500000e+03 2.68200000e+03 3.30000000e+03
  3.44500000e+03 3.65000000e+03 3.74800000e+03 4.04100000e+03
  4.06000000e+03 4.72800000e+03 5.04143590e+03]
 [1.87400000e+03 2.76200000e+03 2.84800000e+03 2.91900000e+03
  3.01900000e+03 3.10700000e+03 3.13900000e+03 3.17000000e+03
  3.22000000e+03 3.33000000e+03 3.46000000e+03 4.13200000e+03
  4.16600000e+03 4.54100000e+03 5.19800000e+03]
 [1.86500000e+03 2.02000000e+03 2.07900000e+03 2.17200000e+03
  2.24100000e+03 2.27900000e+03 2.34400000e+03 2.44000000e+03
  2.50700000e+03 2.58100000e+03 2.62200000e+03 2.68300000e+03
  2.75100000e+03 2.99500000e+03 5.69900000e+03]
 [8.91000000e+02 1.08300000e+03 1.25000000e+03 1.27100000e+03
  1.32100000e+03 1.39300000e+03 1.46100000e+03 1.55200000e+03
  1.62400000e+03 1.69200000e+03 1.74400000e+03 1.78900000e+03
  1.79400000e+03 1.93500000e+03 5.48400000e+03]
 [6.00000000e+00 4.30000000e+01 7.00000000e+01 1.93000000e+02
  2.19000000e+02 2.67000000e+02 4.31000000e+02 4.67000000e+02
  5.32000000e+02 5.93000000e+02 6.20000000e+02 6.55000000e+02
  7.05000000e+02 7.50000000e+02 4.22500000e+03]
 [1.09000000e+02 1.14000000e+02 1.71000000e+02 2.41000000e+02
  4.84000000e+02 5.30000000e+02 5.69000000e+02 6.59000000e+02
  7.01000000e+02 7.69000000e+02 7.92000000e+02 1.17300000e+03
  2.19900000e+03 2.24600000e+03 4.36900000e+03]
 [8.00000000e+01 1.09000000e+02 1.73000000e+02 2.19000000e+02
  2.61000000e+02 2.94000000e+02 3.59000000e+02 4.51000000e+02
  5.31000000e+02 6.40000000e+02 6.47000000e+02 7.30000000e+02
  7.50000000e+02 8.13000000e+02 1.16500000e+03]
 [0.00000000e+00 6.70000000e+01 1.14000000e+02 1.62000000e+02
  2.19000000e+02 3.03000000e+02 3.66000000e+02 4.14000000e+02
  4.84000000e+02 5.69000000e+02 6.62000000e+02 6.63000000e+02
  7.26000000e+02 8.26000000e+02 1.16000000e+03]
 [0.00000000e+00 8.00000000e+01 9.40000000e+01 1.35000000e+02
  3.03000000e+02 3.25000000e+02 4.18000000e+02 4.31000000e+02
  5.12000000e+02 5.31000000e+02 6.43000000e+02 7.45000000e+02
  8.30000000e+02 1.01300000e+03 2.00300000e+03]]
