optimal_status: 0
solution: 6605.0
cpu_time: 3600.475723028183
gap: 0.7322479328266106
upper_bound: 1768.5024036802367
lower_bound: 6605.0
cg_matrix: [[0. 1. 0. 1. 0. 1. 0. 0. 0. 1. 0. 1. 0. 1. 0. 0. 0. 1. 0. 0. 0. 0. 0. 0.
  0. 1. 0. 0. 0. 0. 1. 0. 0. 0. 0. 1. 1. 0. 0. 0. 0. 0. 1. 0. 0. 0. 0. 0.
  0. 0.]
 [1. 0. 0. 0. 0. 0. 0. 0. 0. 0. 1. 0. 1. 0. 1. 1. 0. 0. 0. 0. 0. 1. 0. 0.
  0. 0. 0. 1. 1. 0. 1. 0. 0. 0. 0. 0. 0. 0. 0. 1. 0. 0. 1. 0. 1. 0. 0. 1.
  0. 0.]
 [0. 0. 0. 0. 0. 0. 0. 1. 1. 0. 0. 1. 0. 0. 0. 0. 0. 1. 0. 0. 0. 0. 0. 0.
  0. 0. 0. 0. 1. 0. 0. 0. 0. 0. 0. 0. 0. 0. 0. 0. 0. 0. 0. 0. 0. 0. 0. 0.
  1. 0.]
 [1. 0. 0. 0. 0. 1. 0. 0. 1. 0. 0. 0. 0. 0. 0. 1. 0. 0. 0. 0. 0. 0. 0. 0.
  0. 1. 1. 0. 0. 0. 0. 0. 0. 0. 0. 0. 0. 1. 0. 0. 0. 0. 1. 0. 0. 1. 1. 1.
  0. 0.]
 [0. 0. 0. 0. 0. 0. 0. 0. 0. 0. 0. 0. 0. 1. 1. 0. 0. 0. 0. 0. 0. 0. 0. 0.
  0. 0. 0. 0. 0. 1. 0. 0. 0. 0. 0. 0. 0. 0. 1. 0. 0. 0. 1. 0. 0. 0. 0. 1.
  1. 0.]
 [1. 0. 0. 1. 0. 0. 0. 0. 1. 0. 0. 0. 0. 0. 0. 0. 0. 0. 0. 0. 0. 1. 0. 0.
  0. 0. 0. 0. 1. 0. 0. 1. 0. 0. 0. 0. 0. 0. 0. 0. 0. 1. 0. 0. 0. 0. 0. 0.
  0. 0.]
 [0. 0. 0. 0. 0. 0. 0. 1. 1. 1. 0. 0. 0. 0. 0. 0. 0. 1. 0. 0. 0. 0. 0. 0.
  0. 1. 0. 0. 0. 0. 0. 1. 0. 0. 0. 0. 1. 0. 0. 1. 0. 0. 0. 0. 0. 0. 1. 0.
  0. 0.]
 [0. 0. 1. 0. 0. 0. 1. 0. 0. 0. 1. 1. 0. 0. 0. 0. 0. 1. 1. 0. 0. 0. 1. 0.
  1. 0. 0. 0. 0. 0. 1. 0. 0. 1. 0. 0. 0. 0. 0. 0. 0. 1. 0. 1. 0. 0. 1. 0.
  0. 0.]
 [0. 0. 1. 1. 0. 1. 1. 0. 0. 0. 0. 0. 1. 0. 0. 1. 1. 0. 0. 0. 0. 0. 0. 0.
  0. 0. 0. 1. 0. 0. 0. 1. 0. 0. 0. 1. 0. 0. 1. 1. 0. 0. 0. 0. 0. 0. 0. 0.
  0. 0.]
 [1. 0. 0. 0. 0. 0. 1. 0. 0. 0. 1. 0. 0. 0. 0. 0. 0. 0. 0. 0. 0. 1. 1. 0.
  1. 0. 0. 1. 1. 1. 1. 0. 0. 0. 0. 1. 0. 0. 0. 0. 1. 0. 0. 1. 0. 1. 0. 1.
  0. 0.]
 [0. 1. 0. 0. 0. 0. 0. 1. 0. 1. 0. 0. 0. 0. 0. 0. 0. 1. 0. 0. 0. 0. 0. 1.
  0. 0. 1. 0. 0. 0. 0. 1. 1. 1. 0. 0. 0. 0. 0. 0. 0. 1. 1. 1. 0. 0. 0. 0.
  0. 0.]
 [1. 0. 1. 0. 0. 0. 0. 1. 0. 0. 0. 0. 1. 0. 0. 0. 0. 0. 0. 0. 0. 0. 0. 0.
  0. 0. 0. 0. 0. 0. 0. 0. 0. 0. 0. 0. 0. 0. 0. 0. 0. 0. 0. 1. 0. 0. 0. 0.
  0. 0.]
 [0. 1. 0. 0. 0. 0. 0. 0. 1. 0. 0. 1. 0. 1. 0. 0. 0. 0. 0. 0. 0. 0. 0. 0.
  0. 0. 0. 0. 0. 0. 0. 0. 0. 0. 0. 0. 0. 1. 0. 1. 1. 1. 0. 0. 0. 0. 1. 0.
  0. 0.]
 [1. 0. 0. 0. 1. 0. 0. 0. 0. 0. 0. 0. 1. 0. 0. 0. 0. 0. 0. 1. 0. 1. 0. 0.
  0. 0. 0. 0. 0. 0. 0. 1. 0. 1. 0. 0. 0. 0. 0. 0. 0. 1. 0. 1. 1. 1. 1. 0.
  0. 0.]
 [0. 1. 0. 0. 1. 0. 0. 0. 0. 0. 0. 0. 0. 0. 0. 0. 0. 0. 0. 0. 0. 1. 0. 0.
  0. 0. 1. 0. 1. 0. 0. 0. 0. 0. 0. 0. 0. 0. 0. 1. 1. 0. 1. 0. 0. 0. 0. 0.
  0. 1.]
 [0. 1. 0. 1. 0. 0. 0. 0. 1. 0. 0. 0. 0. 0. 0. 0. 0. 0. 0. 0. 0. 0. 0. 0.
  0. 0. 0. 0. 0. 0. 0. 0. 0. 0. 0. 0. 0. 0. 0. 0. 0. 0. 0. 0. 0. 0. 0. 0.
  0. 0.]
 [0. 0. 0. 0. 0. 0. 0. 0. 1. 0. 0. 0. 0. 0. 0. 0. 0. 0. 0. 0. 0. 0. 0. 0.
  0. 0. 0. 0. 0. 0. 0. 0. 0. 0. 0. 0. 0. 0. 0. 0. 0. 0. 0. 0. 0. 0. 0. 0.
  0. 0.]
 [1. 0. 1. 0. 0. 0. 1. 1. 0. 0. 1. 0. 0. 0. 0. 0. 0. 0. 0. 0. 0. 0. 0. 0.
  0. 0. 0. 0. 0. 0. 0. 0. 0. 0. 0. 0. 0. 0. 0. 0. 0. 0. 0. 0. 0. 0. 0. 0.
  0. 0.]
 [0. 0. 0. 0. 0. 0. 0. 1. 0. 0. 0. 0. 0. 0. 0. 0. 0. 0. 0. 0. 0. 0. 0. 0.
  0. 0. 0. 0. 0. 0. 0. 0. 0. 0. 0. 0. 0. 0. 0. 0. 0. 0. 0. 0. 0. 0. 0. 0.
  0. 0.]
 [0. 0. 0. 0. 0. 0. 0. 0. 0. 0. 0. 0. 0. 1. 0. 0. 0. 0. 0. 0. 0. 0. 0. 0.
  0. 0. 0. 0. 0. 0. 0. 0. 0. 0. 0. 0. 0. 0. 0. 0. 0. 0. 0. 0. 0. 0. 0. 0.
  0. 0.]
 [0. 0. 0. 0. 0. 0. 0. 0. 0. 0. 0. 0. 0. 0. 0. 0. 0. 0. 0. 0. 0. 0. 0. 0.
  0. 0. 0. 0. 0. 0. 0. 0. 0. 0. 0. 0. 0. 0. 0. 0. 0. 0. 0. 0. 0. 0. 0. 0.
  0. 0.]
 [0. 1. 0. 0. 0. 1. 0. 0. 0. 1. 0. 0. 0. 1. 1. 0. 0. 0. 0. 0. 0. 0. 0. 0.
  0. 0. 0. 0. 0. 0. 0. 0. 0. 0. 0. 0. 0. 0. 0. 0. 0. 0. 0. 0. 0. 0. 0. 0.
  0. 0.]
 [0. 0. 0. 0. 0. 0. 0. 1. 0. 1. 0. 0. 0. 0. 0. 0. 0. 0. 0. 0. 0. 0. 0. 0.
  0. 0. 0. 0. 0. 0. 0. 0. 0. 0. 0. 0. 0. 0. 0. 0. 0. 0. 0. 0. 0. 0. 0. 0.
  0. 0.]
 [0. 0. 0. 0. 0. 0. 0. 0. 0. 0. 1. 0. 0. 0. 0. 0. 0. 0. 0. 0. 0. 0. 0. 0.
  0. 0. 0. 0. 0. 0. 0. 0. 0. 0. 0. 0. 0. 0. 0. 0. 0. 0. 0. 0. 0. 0. 0. 0.
  0. 0.]
 [0. 0. 0. 0. 0. 0. 0. 1. 0. 1. 0. 0. 0. 0. 0. 0. 0. 0. 0. 0. 0. 0. 0. 0.
  0. 0. 0. 0. 0. 0. 0. 0. 0. 0. 0. 0. 0. 0. 0. 0. 0. 0. 0. 0. 0. 0. 0. 0.
  0. 0.]
 [1. 0. 0. 1. 0. 0. 1. 0. 0. 0. 0. 0. 0. 0. 0. 0. 0. 0. 0. 0. 0. 0. 0. 0.
  0. 0. 0. 0. 0. 0. 0. 0. 0. 0. 0. 0. 0. 0. 0. 0. 0. 0. 0. 0. 0. 0. 0. 0.
  0. 0.]
 [0. 0. 0. 1. 0. 0. 0. 0. 0. 0. 1. 0. 0. 0. 1. 0. 0. 0. 0. 0. 0. 0. 0. 0.
  0. 0. 0. 0. 0. 0. 0. 0. 0. 0. 0. 0. 0. 0. 0. 0. 0. 0. 0. 0. 0. 0. 0. 0.
  0. 0.]
 [0. 1. 0. 0. 0. 0. 0. 0. 1. 1. 0. 0. 0. 0. 0. 0. 0. 0. 0. 0. 0. 0. 0. 0.
  0. 0. 0. 0. 0. 0. 0. 0. 0. 0. 0. 0. 0. 0. 0. 0. 0. 0. 0. 0. 0. 0. 0. 0.
  0. 0.]
 [0. 1. 1. 0. 0. 1. 0. 0. 0. 1. 0. 0. 0. 0. 1. 0. 0. 0. 0. 0. 0. 0. 0. 0.
  0. 0. 0. 0. 0. 0. 0. 0. 0. 0. 0. 0. 0. 0. 0. 0. 0. 0. 0. 0. 0. 0. 0. 0.
  0. 0.]
 [0. 0. 0. 0. 1. 0. 0. 0. 0. 1. 0. 0. 0. 0. 0. 0. 0. 0. 0. 0. 0. 0. 0. 0.
  0. 0. 0. 0. 0. 0. 0. 0. 0. 0. 0. 0. 0. 0. 0. 0. 0. 0. 0. 0. 0. 0. 0. 0.
  0. 0.]
 [1. 1. 0. 0. 0. 0. 0. 1. 0. 1. 0. 0. 0. 0. 0. 0. 0. 0. 0. 0. 0. 0. 0. 0.
  0. 0. 0. 0. 0. 0. 0. 0. 0. 0. 0. 0. 0. 0. 0. 0. 0. 0. 0. 0. 0. 0. 0. 0.
  0. 0.]
 [0. 0. 0. 0. 0. 1. 1. 0. 1. 0. 1. 0. 0. 1. 0. 0. 0. 0. 0. 0. 0. 0. 0. 0.
  0. 0. 0. 0. 0. 0. 0. 0. 0. 0. 0. 0. 0. 0. 0. 0. 0. 0. 0. 0. 0. 0. 0. 0.
  0. 0.]
 [0. 0. 0. 0. 0. 0. 0. 0. 0. 0. 1. 0. 0. 0. 0. 0. 0. 0. 0. 0. 0. 0. 0. 0.
  0. 0. 0. 0. 0. 0. 0. 0. 0. 0. 0. 0. 0. 0. 0. 0. 0. 0. 0. 0. 0. 0. 0. 0.
  0. 0.]
 [0. 0. 0. 0. 0. 0. 0. 1. 0. 0. 1. 0. 0. 1. 0. 0. 0. 0. 0. 0. 0. 0. 0. 0.
  0. 0. 0. 0. 0. 0. 0. 0. 0. 0. 0. 0. 0. 0. 0. 0. 0. 0. 0. 0. 0. 0. 0. 0.
  0. 0.]
 [0. 0. 0. 0. 0. 0. 0. 0. 0. 0. 0. 0. 0. 0. 0. 0. 0. 0. 0. 0. 0. 0. 0. 0.
  0. 0. 0. 0. 0. 0. 0. 0. 0. 0. 0. 0. 0. 0. 0. 0. 0. 0. 0. 0. 0. 0. 0. 0.
  0. 0.]
 [1. 0. 0. 0. 0. 0. 0. 0. 1. 1. 0. 0. 0. 0. 0. 0. 0. 0. 0. 0. 0. 0. 0. 0.
  0. 0. 0. 0. 0. 0. 0. 0. 0. 0. 0. 0. 0. 0. 0. 0. 0. 0. 0. 0. 0. 0. 0. 0.
  0. 0.]
 [1. 0. 0. 0. 0. 0. 1. 0. 0. 0. 0. 0. 0. 0. 0. 0. 0. 0. 0. 0. 0. 0. 0. 0.
  0. 0. 0. 0. 0. 0. 0. 0. 0. 0. 0. 0. 0. 0. 0. 0. 0. 0. 0. 0. 0. 0. 0. 0.
  0. 0.]
 [0. 0. 0. 1. 0. 0. 0. 0. 0. 0. 0. 0. 1. 0. 0. 0. 0. 0. 0. 0. 0. 0. 0. 0.
  0. 0. 0. 0. 0. 0. 0. 0. 0. 0. 0. 0. 0. 0. 0. 0. 0. 0. 0. 0. 0. 0. 0. 0.
  0. 0.]
 [0. 0. 0. 0. 1. 0. 0. 0. 1. 0. 0. 0. 0. 0. 0. 0. 0. 0. 0. 0. 0. 0. 0. 0.
  0. 0. 0. 0. 0. 0. 0. 0. 0. 0. 0. 0. 0. 0. 0. 0. 0. 0. 0. 0. 0. 0. 0. 0.
  0. 0.]
 [0. 1. 0. 0. 0. 0. 1. 0. 1. 0. 0. 0. 1. 0. 1. 0. 0. 0. 0. 0. 0. 0. 0. 0.
  0. 0. 0. 0. 0. 0. 0. 0. 0. 0. 0. 0. 0. 0. 0. 0. 0. 0. 0. 0. 0. 0. 0. 0.
  0. 0.]
 [0. 0. 0. 0. 0. 0. 0. 0. 0. 1. 0. 0. 1. 0. 1. 0. 0. 0. 0. 0. 0. 0. 0. 0.
  0. 0. 0. 0. 0. 0. 0. 0. 0. 0. 0. 0. 0. 0. 0. 0. 0. 0. 0. 0. 0. 0. 0. 0.
  0. 0.]
 [0. 0. 0. 0. 0. 1. 0. 1. 0. 0. 1. 0. 1. 1. 0. 0. 0. 0. 0. 0. 0. 0. 0. 0.
  0. 0. 0. 0. 0. 0. 0. 0. 0. 0. 0. 0. 0. 0. 0. 0. 0. 0. 0. 0. 0. 0. 0. 0.
  0. 0.]
 [1. 1. 0. 1. 1. 0. 0. 0. 0. 0. 1. 0. 0. 0. 1. 0. 0. 0. 0. 0. 0. 0. 0. 0.
  0. 0. 0. 0. 0. 0. 0. 0. 0. 0. 0. 0. 0. 0. 0. 0. 0. 0. 0. 0. 0. 0. 0. 0.
  0. 0.]
 [0. 0. 0. 0. 0. 0. 0. 1. 0. 1. 1. 1. 0. 1. 0. 0. 0. 0. 0. 0. 0. 0. 0. 0.
  0. 0. 0. 0. 0. 0. 0. 0. 0. 0. 0. 0. 0. 0. 0. 0. 0. 0. 0. 0. 0. 0. 0. 0.
  0. 0.]
 [0. 1. 0. 0. 0. 0. 0. 0. 0. 0. 0. 0. 0. 1. 0. 0. 0. 0. 0. 0. 0. 0. 0. 0.
  0. 0. 0. 0. 0. 0. 0. 0. 0. 0. 0. 0. 0. 0. 0. 0. 0. 0. 0. 0. 0. 0. 0. 0.
  0. 0.]
 [0. 0. 0. 1. 0. 0. 0. 0. 0. 1. 0. 0. 0. 1. 0. 0. 0. 0. 0. 0. 0. 0. 0. 0.
  0. 0. 0. 0. 0. 0. 0. 0. 0. 0. 0. 0. 0. 0. 0. 0. 0. 0. 0. 0. 0. 0. 0. 0.
  0. 0.]
 [0. 0. 0. 1. 0. 0. 1. 1. 0. 0. 0. 0. 1. 1. 0. 0. 0. 0. 0. 0. 0. 0. 0. 0.
  0. 0. 0. 0. 0. 0. 0. 0. 0. 0. 0. 0. 0. 0. 0. 0. 0. 0. 0. 0. 0. 0. 0. 0.
  0. 0.]
 [0. 1. 0. 1. 1. 0. 0. 0. 0. 1. 0. 0. 0. 0. 0. 0. 0. 0. 0. 0. 0. 0. 0. 0.
  0. 0. 0. 0. 0. 0. 0. 0. 0. 0. 0. 0. 0. 0. 0. 0. 0. 0. 0. 0. 0. 0. 0. 0.
  0. 0.]
 [0. 0. 1. 0. 1. 0. 0. 0. 0. 0. 0. 0. 0. 0. 0. 0. 0. 0. 0. 0. 0. 0. 0. 0.
  0. 0. 0. 0. 0. 0. 0. 0. 0. 0. 0. 0. 0. 0. 0. 0. 0. 0. 0. 0. 0. 0. 0. 0.
  0. 0.]
 [0. 0. 0. 0. 0. 0. 0. 0. 0. 0. 0. 0. 0. 0. 1. 0. 0. 0. 0. 0. 0. 0. 0. 0.
  0. 0. 0. 0. 0. 0. 0. 0. 0. 0. 0. 0. 0. 0. 0. 0. 0. 0. 0. 0. 0. 0. 0. 0.
  0. 0.]]
start_times_array: [[4.520e+02 6.760e+02 7.910e+02 9.460e+02 9.890e+02 1.349e+03 3.202e+03
  3.708e+03 4.016e+03 4.099e+03 6.230e+03 6.326e+03 6.375e+03 6.425e+03
  6.508e+03]
 [4.229e+03 4.684e+03 4.882e+03 5.515e+03 5.548e+03 5.620e+03 5.744e+03
  5.808e+03 5.888e+03 5.929e+03 5.969e+03 6.057e+03 6.135e+03 6.345e+03
  6.487e+03]
 [5.260e+03 5.294e+03 5.354e+03 5.516e+03 5.629e+03 5.670e+03 5.673e+03
  5.923e+03 5.955e+03 6.041e+03 6.067e+03 6.156e+03 6.232e+03 6.281e+03
  6.375e+03]
 [1.829e+03 4.976e+03 5.411e+03 5.476e+03 5.545e+03 5.553e+03 5.581e+03
  5.621e+03 5.694e+03 5.696e+03 5.767e+03 5.908e+03 6.003e+03 6.041e+03
  6.138e+03]
 [3.198e+03 4.192e+03 4.232e+03 4.275e+03 4.406e+03 4.434e+03 4.449e+03
  4.508e+03 5.002e+03 5.036e+03 5.093e+03 5.222e+03 5.267e+03 5.311e+03
  5.338e+03]
 [4.305e+03 4.395e+03 4.426e+03 4.979e+03 5.000e+03 5.018e+03 5.064e+03
  5.158e+03 5.185e+03 5.222e+03 5.317e+03 5.392e+03 5.438e+03 5.817e+03
  6.017e+03]
 [5.359e+03 5.392e+03 5.512e+03 5.629e+03 5.700e+03 5.719e+03 5.847e+03
  5.908e+03 5.940e+03 6.041e+03 6.201e+03 6.232e+03 6.259e+03 6.330e+03
  6.375e+03]
 [4.297e+03 4.684e+03 4.711e+03 4.813e+03 4.887e+03 4.889e+03 4.962e+03
  5.002e+03 5.038e+03 5.136e+03 5.142e+03 5.191e+03 5.462e+03 5.571e+03
  5.795e+03]
 [3.788e+03 3.926e+03 4.173e+03 4.372e+03 4.445e+03 4.597e+03 4.684e+03
  4.757e+03 4.782e+03 4.786e+03 4.826e+03 4.886e+03 4.897e+03 4.910e+03
  5.128e+03]
 [2.910e+02 4.229e+03 4.283e+03 4.297e+03 4.358e+03 4.449e+03 4.684e+03
  4.709e+03 4.786e+03 4.882e+03 4.905e+03 5.025e+03 5.093e+03 5.185e+03
  5.795e+03]
 [6.460e+02 8.510e+02 3.095e+03 3.374e+03 3.441e+03 3.540e+03 3.590e+03
  3.708e+03 3.870e+03 3.949e+03 4.169e+03 4.173e+03 4.390e+03 4.524e+03
  4.625e+03]
 [0.000e+00 7.300e+01 1.470e+02 5.140e+02 1.083e+03 1.251e+03 3.926e+03
  4.173e+03 4.445e+03 4.457e+03 4.538e+03 4.546e+03 4.574e+03 4.664e+03
  4.773e+03]
 [1.590e+02 2.710e+02 1.267e+03 1.462e+03 2.431e+03 2.969e+03 3.696e+03
  3.882e+03 3.898e+03 4.016e+03 4.099e+03 4.261e+03 4.296e+03 4.311e+03
  4.395e+03]
 [1.197e+03 3.007e+03 3.100e+03 3.105e+03 3.244e+03 3.394e+03 3.445e+03
  3.477e+03 3.536e+03 3.625e+03 3.811e+03 3.871e+03 3.926e+03 4.062e+03
  4.093e+03]
 [8.000e+02 9.100e+02 9.470e+02 2.537e+03 3.095e+03 3.244e+03 3.308e+03
  3.323e+03 3.340e+03 3.430e+03 3.444e+03 3.590e+03 4.127e+03 4.169e+03
  4.187e+03]
 [1.962e+03 2.568e+03 2.766e+03 2.838e+03 2.937e+03 2.969e+03 3.035e+03
  3.110e+03 3.202e+03 3.235e+03 3.316e+03 3.374e+03 3.456e+03 3.534e+03
  3.595e+03]
 [8.500e+01 4.380e+02 4.720e+02 6.760e+02 1.279e+03 2.996e+03 3.074e+03
  3.136e+03 3.234e+03 3.305e+03 3.394e+03 3.502e+03 3.595e+03 3.681e+03
  4.005e+03]
 [3.800e+01 1.250e+02 3.050e+02 4.170e+02 5.820e+02 6.330e+02 2.712e+03
  2.774e+03 2.836e+03 2.891e+03 2.893e+03 3.135e+03 3.282e+03 3.677e+03
  3.898e+03]
 [1.120e+02 1.580e+02 2.850e+02 3.170e+02 3.610e+02 2.532e+03 2.863e+03
  2.865e+03 2.874e+03 2.922e+03 2.998e+03 3.043e+03 3.055e+03 3.308e+03
  3.445e+03]
 [7.940e+02 8.470e+02 2.028e+03 2.165e+03 2.577e+03 2.596e+03 2.646e+03
  2.732e+03 2.796e+03 2.800e+03 2.865e+03 3.059e+03 3.153e+03 3.302e+03
  3.340e+03]
 [2.500e+01 1.680e+02 2.530e+02 2.910e+02 4.750e+02 2.151e+03 2.235e+03
  2.499e+03 2.532e+03 2.539e+03 2.625e+03 3.015e+03 3.058e+03 3.064e+03
  3.079e+03]
 [1.310e+02 1.363e+03 2.243e+03 2.246e+03 2.261e+03 2.311e+03 2.337e+03
  2.470e+03 2.532e+03 2.625e+03 2.706e+03 2.802e+03 2.904e+03 2.952e+03
  2.964e+03]
 [0.000e+00 2.500e+01 3.900e+01 7.300e+01 1.500e+02 1.690e+02 4.180e+02
  9.280e+02 1.915e+03 2.623e+03 2.691e+03 2.791e+03 3.345e+03 3.394e+03
  3.467e+03]
 [0.000e+00 9.000e+00 8.800e+01 2.820e+02 4.270e+02 7.020e+02 9.820e+02
  1.036e+03 2.120e+03 2.206e+03 2.701e+03 2.838e+03 2.905e+03 2.957e+03
  3.007e+03]
 [0.000e+00 1.615e+03 2.075e+03 2.141e+03 2.151e+03 2.227e+03 2.337e+03
  2.444e+03 2.596e+03 2.627e+03 2.629e+03 2.688e+03 2.706e+03 2.707e+03
  2.866e+03]
 [1.700e+01 3.300e+02 5.450e+02 9.100e+02 1.198e+03 1.294e+03 1.992e+03
  2.130e+03 2.190e+03 2.227e+03 2.424e+03 2.462e+03 2.539e+03 2.629e+03
  2.701e+03]
 [0.000e+00 2.700e+01 1.920e+02 2.370e+02 1.725e+03 1.812e+03 1.916e+03
  1.978e+03 1.992e+03 2.220e+03 2.227e+03 2.310e+03 2.368e+03 2.507e+03
  2.998e+03]
 [3.700e+01 3.800e+02 4.480e+02 4.580e+02 6.460e+02 8.500e+02 2.088e+03
  2.134e+03 2.165e+03 2.235e+03 2.328e+03 2.424e+03 2.485e+03 2.920e+03
  3.001e+03]
 [1.820e+02 3.600e+02 6.000e+02 7.250e+02 1.705e+03 1.793e+03 1.853e+03
  1.881e+03 2.075e+03 2.145e+03 2.343e+03 2.444e+03 2.774e+03 2.957e+03
  3.072e+03]
 [7.420e+02 1.195e+03 1.212e+03 1.609e+03 1.611e+03 1.762e+03 2.246e+03
  2.376e+03 2.380e+03 2.385e+03 2.429e+03 2.469e+03 2.565e+03 2.763e+03
  2.973e+03]
 [0.000e+00 8.600e+02 1.097e+03 1.133e+03 1.417e+03 1.668e+03 2.063e+03
  2.067e+03 2.194e+03 2.197e+03 2.209e+03 2.469e+03 2.568e+03 2.573e+03
  2.884e+03]
 [1.000e+02 8.030e+02 1.267e+03 1.433e+03 1.506e+03 1.598e+03 1.751e+03
  1.771e+03 1.864e+03 1.876e+03 1.996e+03 2.107e+03 2.369e+03 2.444e+03
  2.537e+03]
 [8.940e+02 9.470e+02 1.288e+03 1.363e+03 1.403e+03 1.462e+03 1.684e+03
  1.916e+03 1.939e+03 1.978e+03 1.996e+03 2.025e+03 2.088e+03 2.179e+03
  2.455e+03]
 [1.980e+02 2.670e+02 3.550e+02 3.940e+02 7.020e+02 9.910e+02 1.143e+03
  1.267e+03 1.524e+03 1.615e+03 1.821e+03 2.115e+03 2.130e+03 2.182e+03
  2.206e+03]
 [5.300e+01 2.320e+02 2.990e+02 4.840e+02 7.470e+02 7.940e+02 8.640e+02
  8.720e+02 9.280e+02 9.550e+02 1.039e+03 1.197e+03 1.207e+03 1.812e+03
  1.960e+03]
 [0.000e+00 4.900e+01 6.000e+01 1.100e+02 1.570e+02 1.950e+02 3.760e+02
  4.750e+02 4.760e+02 5.110e+02 5.910e+02 6.100e+02 1.207e+03 1.708e+03
  1.870e+03]
 [2.500e+01 1.110e+02 2.170e+02 2.990e+02 3.610e+02 5.580e+02 6.140e+02
  7.340e+02 1.007e+03 1.092e+03 1.631e+03 1.648e+03 1.768e+03 2.067e+03
  2.122e+03]
 [0.000e+00 7.150e+02 8.470e+02 1.484e+03 1.512e+03 1.600e+03 1.705e+03
  1.758e+03 1.821e+03 1.962e+03 1.967e+03 1.972e+03 2.019e+03 2.025e+03
  2.148e+03]
 [1.020e+02 6.140e+02 7.380e+02 8.080e+02 1.349e+03 1.686e+03 1.768e+03
  1.788e+03 1.799e+03 1.864e+03 1.939e+03 2.134e+03 2.212e+03 2.296e+03
  2.437e+03]
 [1.140e+03 1.192e+03 1.258e+03 1.363e+03 1.484e+03 1.532e+03 1.627e+03
  1.734e+03 1.762e+03 1.793e+03 1.807e+03 1.894e+03 1.979e+03 1.987e+03
  2.091e+03]
 [1.000e+00 1.970e+02 2.420e+02 3.600e+02 4.270e+02 1.071e+03 1.128e+03
  1.188e+03 1.374e+03 1.387e+03 1.484e+03 1.511e+03 1.733e+03 2.033e+03
  2.145e+03]
 [3.580e+02 4.720e+02 7.530e+02 8.940e+02 1.396e+03 1.484e+03 1.565e+03
  1.573e+03 1.627e+03 1.714e+03 1.755e+03 1.791e+03 1.864e+03 1.914e+03
  2.127e+03]
 [1.180e+02 1.350e+02 3.030e+02 3.470e+02 4.090e+02 1.090e+03 1.140e+03
  1.192e+03 1.322e+03 1.417e+03 1.433e+03 1.611e+03 1.916e+03 2.009e+03
  2.089e+03]
 [1.970e+02 4.740e+02 7.020e+02 9.890e+02 1.158e+03 1.267e+03 1.322e+03
  1.374e+03 1.392e+03 1.438e+03 1.534e+03 1.560e+03 1.599e+03 1.925e+03
  2.019e+03]
 [6.200e+01 1.530e+02 2.890e+02 6.100e+02 6.730e+02 7.250e+02 8.610e+02
  8.920e+02 9.970e+02 1.267e+03 1.273e+03 1.274e+03 1.512e+03 1.544e+03
  2.164e+03]
 [9.000e+00 5.800e+01 2.370e+02 3.700e+02 4.370e+02 5.190e+02 6.630e+02
  7.580e+02 7.710e+02 7.910e+02 8.470e+02 1.001e+03 1.446e+03 1.526e+03
  1.788e+03]
 [4.990e+02 5.190e+02 5.660e+02 7.020e+02 7.600e+02 8.340e+02 9.140e+02
  9.710e+02 9.780e+02 9.820e+02 1.007e+03 1.068e+03 1.071e+03 1.425e+03
  1.648e+03]
 [1.260e+02 1.970e+02 3.860e+02 4.100e+02 5.090e+02 5.860e+02 6.760e+02
  7.880e+02 8.340e+02 8.970e+02 1.038e+03 1.128e+03 1.356e+03 1.433e+03
  1.799e+03]
 [0.000e+00 2.500e+01 8.500e+01 1.340e+02 2.160e+02 3.490e+02 4.380e+02
  4.390e+02 4.520e+02 5.800e+02 8.510e+02 9.550e+02 1.108e+03 1.273e+03
  1.363e+03]
 [0.000e+00 4.400e+01 1.110e+02 1.690e+02 2.160e+02 2.530e+02 3.050e+02
  3.940e+02 4.100e+02 4.550e+02 5.350e+02 6.150e+02 7.020e+02 7.600e+02
  1.939e+03]]
