optimal_status: 0
solution: 15950.99999840388
cpu_time: 3600.2128689289093
gap: 0.9154284997721155
upper_bound: 1349.0
lower_bound: 15950.99999840388
cg_matrix: [[0. 1. 1. 1. 0. 0. 1. 1. 1. 1. 1. 0. 1. 1. 0. 1. 0. 0. 0. 0. 1. 1. 0. 1.
  0. 0. 0. 0. 1. 1.]
 [1. 0. 0. 0. 1. 1. 1. 0. 1. 0. 1. 1. 0. 0. 0. 0. 0. 0. 1. 0. 1. 1. 1. 1.
  1. 1. 0. 0. 1. 0.]
 [1. 0. 0. 1. 1. 1. 0. 0. 0. 0. 1. 0. 0. 0. 1. 0. 1. 0. 1. 1. 0. 1. 0. 1.
  1. 0. 0. 0. 0. 0.]
 [1. 0. 1. 0. 1. 1. 0. 0. 0. 0. 1. 1. 1. 0. 1. 1. 0. 1. 0. 0. 1. 1. 0. 1.
  0. 0. 1. 1. 1. 1.]
 [0. 1. 1. 1. 0. 1. 1. 0. 0. 1. 1. 1. 0. 1. 0. 1. 1. 1. 1. 1. 1. 0. 0. 1.
  0. 1. 1. 1. 1. 1.]
 [0. 1. 1. 1. 1. 0. 1. 1. 0. 1. 1. 1. 1. 0. 1. 1. 0. 1. 1. 1. 1. 1. 0. 0.
  1. 1. 1. 1. 0. 0.]
 [1. 1. 0. 0. 1. 1. 0. 1. 0. 0. 1. 0. 0. 0. 0. 0. 1. 0. 1. 0. 1. 0. 0. 0.
  0. 0. 1. 1. 1. 1.]
 [1. 0. 0. 0. 0. 1. 1. 0. 1. 1. 1. 0. 0. 0. 1. 1. 0. 1. 0. 1. 1. 1. 0. 1.
  0. 0. 0. 0. 1. 0.]
 [1. 1. 0. 0. 0. 0. 0. 1. 0. 0. 1. 0. 0. 1. 0. 1. 0. 0. 0. 1. 0. 1. 1. 0.
  1. 1. 0. 1. 0. 0.]
 [1. 0. 0. 0. 1. 1. 0. 1. 0. 0. 1. 1. 0. 0. 1. 1. 0. 1. 1. 1. 0. 0. 1. 1.
  1. 0. 0. 0. 1. 1.]
 [1. 1. 1. 1. 1. 1. 1. 1. 1. 1. 0. 1. 1. 0. 0. 1. 1. 1. 0. 1. 1. 0. 0. 0.
  0. 1. 1. 1. 1. 1.]
 [0. 1. 0. 1. 1. 1. 0. 0. 0. 1. 1. 0. 0. 0. 1. 0. 0. 1. 0. 0. 1. 1. 0. 1.
  1. 0. 1. 0. 0. 1.]
 [1. 0. 0. 1. 0. 1. 0. 0. 0. 0. 1. 0. 0. 0. 0. 0. 0. 1. 0. 1. 0. 1. 1. 0.
  1. 1. 0. 1. 1. 1.]
 [1. 0. 0. 0. 1. 0. 0. 0. 1. 0. 0. 0. 0. 0. 1. 1. 1. 0. 0. 0. 1. 0. 0. 0.
  0. 0. 0. 1. 0. 1.]
 [0. 0. 1. 1. 0. 1. 0. 1. 0. 1. 0. 1. 0. 1. 0. 0. 1. 1. 1. 0. 0. 1. 0. 0.
  0. 0. 1. 1. 0. 0.]
 [1. 0. 0. 1. 1. 1. 0. 1. 1. 1. 1. 0. 0. 1. 0. 0. 0. 1. 1. 1. 1. 1. 0. 1.
  0. 0. 0. 0. 0. 1.]
 [0. 0. 1. 0. 1. 0. 1. 0. 0. 0. 1. 0. 0. 1. 1. 0. 0. 1. 1. 1. 1. 0. 0. 1.
  1. 1. 0. 1. 1. 0.]
 [0. 0. 0. 1. 1. 1. 0. 1. 0. 1. 1. 1. 1. 0. 1. 1. 1. 0. 1. 0. 1. 0. 1. 1.
  0. 1. 1. 0. 1. 1.]
 [0. 1. 1. 0. 1. 1. 1. 0. 0. 1. 0. 0. 0. 0. 1. 1. 1. 1. 0. 1. 1. 0. 0. 0.
  0. 1. 1. 1. 1. 0.]
 [0. 0. 1. 0. 1. 1. 0. 1. 1. 1. 1. 0. 1. 0. 0. 1. 1. 0. 1. 0. 1. 0. 1. 0.
  0. 1. 0. 1. 0. 1.]
 [1. 1. 0. 1. 1. 1. 1. 1. 0. 0. 1. 1. 0. 1. 0. 1. 1. 1. 1. 1. 0. 0. 0. 0.
  0. 0. 0. 0. 0. 0.]
 [1. 1. 1. 1. 0. 1. 0. 1. 1. 0. 0. 1. 1. 0. 1. 1. 0. 0. 0. 0. 0. 0. 0. 0.
  0. 0. 0. 0. 0. 0.]
 [0. 1. 0. 0. 0. 0. 0. 0. 1. 1. 0. 0. 1. 0. 0. 0. 0. 1. 0. 1. 0. 0. 0. 0.
  0. 0. 0. 0. 0. 0.]
 [1. 1. 1. 1. 1. 0. 0. 1. 0. 1. 0. 1. 0. 0. 0. 1. 1. 1. 0. 0. 0. 0. 0. 0.
  0. 0. 0. 0. 0. 0.]
 [0. 1. 1. 0. 0. 1. 0. 0. 1. 1. 0. 1. 1. 0. 0. 0. 1. 0. 0. 0. 0. 0. 0. 0.
  0. 0. 0. 0. 0. 0.]
 [0. 1. 0. 0. 1. 1. 0. 0. 1. 0. 1. 0. 1. 0. 0. 0. 1. 1. 1. 1. 0. 0. 0. 0.
  0. 0. 0. 0. 0. 0.]
 [0. 0. 0. 1. 1. 1. 1. 0. 0. 0. 1. 1. 0. 0. 1. 0. 0. 1. 1. 0. 0. 0. 0. 0.
  0. 0. 0. 0. 0. 0.]
 [0. 0. 0. 1. 1. 1. 1. 0. 1. 0. 1. 0. 1. 1. 1. 0. 1. 0. 1. 1. 0. 0. 0. 0.
  0. 0. 0. 0. 0. 0.]
 [1. 1. 0. 1. 1. 0. 1. 1. 0. 1. 1. 0. 1. 0. 0. 0. 1. 1. 1. 0. 0. 0. 0. 0.
  0. 0. 0. 0. 0. 0.]
 [1. 0. 0. 1. 1. 0. 1. 0. 0. 1. 1. 1. 1. 1. 0. 1. 0. 1. 0. 1. 0. 0. 0. 0.
  0. 0. 0. 0. 0. 0.]]
start_times_array: [[ 2132.         4693.         4698.         4719.        14889.
  15051.        15221.        15242.        15329.        15411.
  15479.        15504.        15514.        15680.9999984 15745.9999984
  15765.9999984 15799.9999984 15811.9999984 15846.9999984 15909.9999984]
 [ 2218.         3188.         3466.         5505.         5644.
   5710.         5716.        13706.        13795.        13845.
  14209.        14309.        14342.        14424.        14475.
  14565.        14715.        14814.        15141.        15163.       ]
 [  588.         1508.         1530.         1540.         1751.
   4080.         4933.         4968.         4991.         5540.
   5568.         5644.         6498.         6599.         6815.
   6820.         7725.         7743.         7754.        15141.       ]
 [ 5325.        13138.        13257.        13469.        13501.
  13548.        13633.        13909.        13977.        14044.
  14101.        14115.        14190.        14261.        14302.
  14338.        14371.        14443.        14475.        14715.       ]
 [12283.        12365.        12436.        12491.        12519.
  12592.        12665.        12683.        12724.        12802.
  12873.        12899.        12996.        13019.        13084.
  13259.        13347.        13441.        13663.        14620.       ]
 [   53.         1665.        10763.        10913.        11044.
  11134.        11204.        11228.        11496.        11517.
  11754.        11910.        11999.        12060.        12129.
  12226.        12604.        13177.        13238.        13545.       ]
 [  745.         1177.         1268.         1564.         2789.
   4845.         4970.         4991.        10699.        10836.
  10982.        11095.        11317.        11406.        11606.
  11696.        11738.        11837.        11924.        12072.       ]
 [ 1486.         9105.         9221.         9671.         9734.
   9863.         9889.         9944.        10037.        10052.
  10137.        10176.        10263.        10329.        10383.
  10451.        10481.        10488.        10640.        10732.       ]
 [ 1242.         7298.         7496.         7506.         8074.
   8404.         8525.         8612.         8620.         8741.
   8810.         8867.         9046.         9270.         9344.
   9594.        10540.        15572.        15615.        15643.       ]
 [ 2467.         6338.         6797.         7374.         8091.
   8110.         8423.         8585.         8741.         8812.
   8834.         9168.         9270.         9369.         9583.
   9772.        10540.        10594.        10642.        15572.       ]
 [ 3667.         7018.         7143.         7222.         7223.
   7637.         7857.         7899.         7982.         8066.
   8122.         8162.         8253.         8319.         8482.
   8690.         8952.         9247.         9499.         9719.       ]
 [ 1262.         1799.         2994.         3340.         4554.
   4804.         6595.         6721.         6727.         6728.
   6865.         6953.         7035.         7045.         7295.
   7341.         7590.         7725.         7797.         7845.       ]
 [ 1242.         1508.         3044.         3560.         3594.
   4072.         4521.         4648.         6447.         6486.
   6587.         6636.         6651.         6732.         6820.
   6831.         6941.         7295.         7725.         7743.       ]
 [  765.         1367.         1486.         1520.         2218.
   2496.         4155.         4185.         4436.         4970.
   7090.         7216.         7696.         7702.         7790.
   7833.         7899.         7992.         8280.         8319.       ]
 [  471.          529.         1568.         1840.         2025.
   2701.         2786.         2822.         2846.         2848.
   4081.         4153.         4362.         5896.         6249.
   6295.         6409.         6471.         6644.         8659.       ]
 [ 3471.         4786.         5047.         5126.         5166.
   5170.         5252.         5345.         5416.         5503.
   5568.         5642.         5644.         5701.         5779.
   6713.         6714.         6923.         6933.         7511.       ]
 [ 2143.         4521.         4584.         4785.         5030.
   5072.         5106.         5133.         5136.         5219.
   5250.         5262.         5325.         5419.         5786.
   5821.         5987.         6039.         6068.         6166.       ]
 [  749.         1911.         2032.         3002.         3173.
   3744.         3771.         3852.         3921.         3950.
   4069.         4155.         4219.         4301.         4387.
   4470.         4600.         4663.         4762.         4970.       ]
 [  788.         1300.         2132.         2885.         2975.
   3036.         3099.         3119.         3290.         3326.
   3427.         3456.         3504.         3575.         3649.
   3684.         3732.         3885.         4045.         8122.       ]
 [ 1827.         1920.         2218.         2246.         2509.
   2567.         2626.         2674.         2680.         2696.
   2786.         2792.         2852.         3170.         3252.
   3255.         3259.         3402.         4983.         5896.       ]
 [  509.          577.          899.          998.         1001.
   1108.         1109.         1421.         1694.         1713.
   1752.         1763.         1789.         1976.         2030.
   2063.         2309.         2456.         2495.         4879.       ]
 [   19.           29.          179.          338.          790.
   1007.         1428.         1733.         1907.         1935.
   2028.         2035.         2357.         2432.         2530.
   2690.         2977.         2985.         2999.         3110.       ]
 [    0.           98.          155.          713.          867.
    894.          991.         1062.         1145.         1583.
   1638.         2053.         2076.         2199.         2309.
   2956.         3097.         3131.         3427.         3667.       ]
 [    0.           85.          105.          155.          236.
    298.          398.          657.          709.          822.
    970.         1134.         1161.         3504.         3579.
   3585.         3694.         4082.         7451.         7559.       ]
 [  193.          283.          415.          568.          772.
    823.         1041.         1108.         1114.         1196.
   1201.         1298.         1361.         1441.         1486.
   4155.         5226.         5439.         5597.         5896.       ]
 [    0.           41.           80.          442.          510.
    568.          647.          876.          957.         1019.
   1103.         1160.         1183.         1393.         1452.
   1591.         5584.         6339.         6377.         6538.       ]
 [    0.          149.          155.          234.          318.
    321.          440.          603.          664.          707.
    889.          998.         1006.         1104.         1181.
   1452.         1554.         6155.         6498.         6778.       ]
 [   58.          173.          267.          321.          338.
    349.          390.          456.          577.          664.
    911.          973.         1051.         1092.         1100.
   1403.         1485.         1751.         2032.         6883.       ]
 [    0.           82.          113.          125.          203.
    286.          319.          358.          436.          545.
    556.          876.         1181.         1393.         2522.
   2593.         2605.         2633.         2690.         5737.       ]
 [    0.           37.           54.           57.          114.
    185.          340.          349.          378.          468.
    567.          833.          930.          957.          983.
   1019.         1079.         1332.         1583.         5477.       ]]
