optimal_status: 0
solution: 6554.0
cpu_time: 3600.2565660476685
gap: 0.7296240496501134
upper_bound: 1772.0439785931565
lower_bound: 6554.0
cg_matrix: [[0. 0. 0. 0. 0. 1. 0. 0. 0. 0. 0. 0. 0. 0. 1. 0. 0. 0. 0. 0. 0. 0. 0. 0.
  0. 0. 0. 0. 0. 0. 1. 0. 0. 0. 0. 0. 0. 1. 0. 0. 0. 0. 0. 0. 0. 0. 0. 1.
  0. 0.]
 [0. 0. 0. 0. 1. 0. 0. 1. 0. 0. 0. 1. 0. 0. 0. 1. 0. 0. 1. 1. 1. 0. 0. 0.
  0. 1. 0. 0. 0. 0. 0. 1. 1. 0. 0. 0. 0. 0. 0. 0. 0. 1. 0. 0. 1. 0. 0. 1.
  0. 1.]
 [0. 0. 0. 0. 0. 1. 0. 0. 0. 0. 0. 0. 0. 1. 0. 1. 1. 0. 0. 1. 1. 0. 0. 0.
  0. 0. 0. 0. 0. 0. 0. 0. 0. 0. 0. 0. 0. 0. 0. 0. 0. 1. 0. 0. 0. 0. 0. 0.
  0. 0.]
 [0. 0. 0. 0. 0. 0. 1. 0. 0. 0. 0. 0. 0. 0. 1. 1. 0. 1. 0. 0. 0. 0. 0. 1.
  0. 0. 0. 0. 0. 0. 0. 1. 1. 0. 0. 1. 1. 1. 0. 0. 0. 0. 0. 0. 0. 0. 0. 0.
  0. 0.]
 [0. 1. 0. 0. 0. 1. 0. 1. 0. 1. 0. 0. 1. 1. 0. 0. 0. 0. 1. 1. 0. 0. 1. 1.
  0. 0. 0. 0. 0. 0. 0. 1. 1. 0. 0. 0. 0. 1. 0. 0. 0. 0. 0. 0. 0. 0. 0. 0.
  0. 0.]
 [1. 0. 1. 0. 1. 0. 1. 0. 0. 1. 0. 0. 0. 1. 0. 1. 0. 1. 0. 1. 0. 1. 0. 1.
  0. 1. 0. 0. 0. 1. 0. 0. 0. 0. 0. 0. 0. 0. 1. 0. 0. 0. 1. 0. 0. 1. 0. 1.
  1. 0.]
 [0. 0. 0. 1. 0. 1. 0. 0. 0. 0. 0. 0. 0. 0. 0. 1. 0. 0. 0. 0. 0. 0. 1. 1.
  0. 0. 0. 0. 1. 0. 0. 0. 0. 1. 0. 0. 0. 0. 0. 0. 0. 0. 0. 0. 0. 0. 0. 0.
  0. 0.]
 [0. 1. 0. 0. 1. 0. 0. 0. 0. 1. 0. 0. 0. 0. 0. 0. 0. 0. 0. 0. 1. 1. 0. 0.
  0. 0. 0. 0. 0. 1. 0. 0. 1. 0. 0. 0. 0. 0. 0. 0. 0. 0. 0. 0. 0. 0. 0. 0.
  0. 0.]
 [0. 0. 0. 0. 0. 0. 0. 0. 0. 0. 1. 0. 0. 0. 0. 0. 0. 0. 1. 0. 0. 1. 1. 0.
  0. 0. 1. 0. 1. 0. 1. 0. 0. 0. 0. 0. 0. 0. 0. 0. 0. 0. 0. 0. 1. 0. 0. 0.
  0. 0.]
 [0. 0. 0. 0. 1. 1. 0. 1. 0. 0. 0. 0. 0. 0. 0. 0. 0. 0. 1. 0. 0. 0. 0. 0.
  0. 0. 0. 1. 0. 0. 0. 0. 1. 0. 0. 0. 0. 0. 0. 0. 0. 1. 0. 0. 0. 1. 1. 0.
  0. 0.]
 [0. 0. 0. 0. 0. 0. 0. 0. 1. 0. 0. 0. 0. 0. 0. 0. 0. 0. 0. 0. 0. 0. 0. 0.
  0. 0. 0. 0. 1. 1. 0. 0. 0. 1. 1. 1. 1. 0. 1. 0. 0. 0. 0. 0. 1. 0. 0. 0.
  0. 0.]
 [0. 1. 0. 0. 0. 0. 0. 0. 0. 0. 0. 0. 0. 0. 0. 0. 0. 0. 0. 0. 1. 0. 0. 0.
  0. 0. 0. 0. 1. 0. 1. 0. 0. 0. 0. 0. 0. 0. 1. 0. 0. 1. 1. 1. 0. 0. 1. 0.
  0. 0.]
 [0. 0. 0. 0. 1. 0. 0. 0. 0. 0. 0. 0. 0. 0. 0. 0. 0. 1. 0. 0. 0. 0. 0. 1.
  0. 0. 0. 1. 0. 0. 0. 0. 0. 0. 0. 0. 0. 0. 0. 0. 0. 1. 0. 0. 0. 0. 0. 0.
  0. 1.]
 [0. 0. 1. 0. 1. 1. 0. 0. 0. 0. 0. 0. 0. 0. 0. 0. 0. 0. 1. 0. 0. 1. 0. 0.
  1. 1. 0. 0. 0. 0. 0. 0. 1. 0. 0. 0. 0. 0. 0. 1. 0. 0. 0. 1. 0. 0. 0. 0.
  0. 1.]
 [1. 0. 0. 1. 0. 0. 0. 0. 0. 0. 0. 0. 0. 0. 0. 0. 0. 1. 0. 1. 0. 1. 0. 0.
  1. 1. 0. 1. 0. 0. 0. 0. 1. 0. 0. 1. 0. 1. 1. 1. 0. 0. 0. 0. 0. 0. 0. 0.
  0. 1.]
 [0. 1. 1. 1. 0. 1. 1. 0. 0. 0. 0. 0. 0. 0. 0. 0. 0. 0. 0. 0. 0. 0. 0. 0.
  0. 0. 0. 0. 0. 0. 0. 0. 0. 0. 0. 0. 0. 0. 0. 0. 0. 0. 0. 0. 0. 0. 0. 0.
  0. 0.]
 [0. 0. 1. 0. 0. 0. 0. 0. 0. 0. 0. 0. 0. 0. 0. 0. 0. 0. 0. 0. 0. 0. 0. 0.
  0. 0. 0. 0. 0. 0. 0. 0. 0. 0. 0. 0. 0. 0. 0. 0. 0. 0. 0. 0. 0. 0. 0. 0.
  0. 0.]
 [0. 0. 0. 1. 0. 1. 0. 0. 0. 0. 0. 0. 1. 0. 1. 0. 0. 0. 0. 0. 0. 0. 0. 0.
  0. 0. 0. 0. 0. 0. 0. 0. 0. 0. 0. 0. 0. 0. 0. 0. 0. 0. 0. 0. 0. 0. 0. 0.
  0. 0.]
 [0. 1. 0. 0. 1. 0. 0. 0. 1. 1. 0. 0. 0. 1. 0. 0. 0. 0. 0. 0. 0. 0. 0. 0.
  0. 0. 0. 0. 0. 0. 0. 0. 0. 0. 0. 0. 0. 0. 0. 0. 0. 0. 0. 0. 0. 0. 0. 0.
  0. 0.]
 [0. 1. 1. 0. 1. 1. 0. 0. 0. 0. 0. 0. 0. 0. 1. 0. 0. 0. 0. 0. 0. 0. 0. 0.
  0. 0. 0. 0. 0. 0. 0. 0. 0. 0. 0. 0. 0. 0. 0. 0. 0. 0. 0. 0. 0. 0. 0. 0.
  0. 0.]
 [0. 1. 1. 0. 0. 0. 0. 1. 0. 0. 0. 1. 0. 0. 0. 0. 0. 0. 0. 0. 0. 0. 0. 0.
  0. 0. 0. 0. 0. 0. 0. 0. 0. 0. 0. 0. 0. 0. 0. 0. 0. 0. 0. 0. 0. 0. 0. 0.
  0. 0.]
 [0. 0. 0. 0. 0. 1. 0. 1. 1. 0. 0. 0. 0. 1. 1. 0. 0. 0. 0. 0. 0. 0. 0. 0.
  0. 0. 0. 0. 0. 0. 0. 0. 0. 0. 0. 0. 0. 0. 0. 0. 0. 0. 0. 0. 0. 0. 0. 0.
  0. 0.]
 [0. 0. 0. 0. 1. 0. 1. 0. 1. 0. 0. 0. 0. 0. 0. 0. 0. 0. 0. 0. 0. 0. 0. 0.
  0. 0. 0. 0. 0. 0. 0. 0. 0. 0. 0. 0. 0. 0. 0. 0. 0. 0. 0. 0. 0. 0. 0. 0.
  0. 0.]
 [0. 0. 0. 1. 1. 1. 1. 0. 0. 0. 0. 0. 1. 0. 0. 0. 0. 0. 0. 0. 0. 0. 0. 0.
  0. 0. 0. 0. 0. 0. 0. 0. 0. 0. 0. 0. 0. 0. 0. 0. 0. 0. 0. 0. 0. 0. 0. 0.
  0. 0.]
 [0. 0. 0. 0. 0. 0. 0. 0. 0. 0. 0. 0. 0. 1. 1. 0. 0. 0. 0. 0. 0. 0. 0. 0.
  0. 0. 0. 0. 0. 0. 0. 0. 0. 0. 0. 0. 0. 0. 0. 0. 0. 0. 0. 0. 0. 0. 0. 0.
  0. 0.]
 [0. 1. 0. 0. 0. 1. 0. 0. 0. 0. 0. 0. 0. 1. 1. 0. 0. 0. 0. 0. 0. 0. 0. 0.
  0. 0. 0. 0. 0. 0. 0. 0. 0. 0. 0. 0. 0. 0. 0. 0. 0. 0. 0. 0. 0. 0. 0. 0.
  0. 0.]
 [0. 0. 0. 0. 0. 0. 0. 0. 1. 0. 0. 0. 0. 0. 0. 0. 0. 0. 0. 0. 0. 0. 0. 0.
  0. 0. 0. 0. 0. 0. 0. 0. 0. 0. 0. 0. 0. 0. 0. 0. 0. 0. 0. 0. 0. 0. 0. 0.
  0. 0.]
 [0. 0. 0. 0. 0. 0. 0. 0. 0. 1. 0. 0. 1. 0. 1. 0. 0. 0. 0. 0. 0. 0. 0. 0.
  0. 0. 0. 0. 0. 0. 0. 0. 0. 0. 0. 0. 0. 0. 0. 0. 0. 0. 0. 0. 0. 0. 0. 0.
  0. 0.]
 [0. 0. 0. 0. 0. 0. 1. 0. 1. 0. 1. 1. 0. 0. 0. 0. 0. 0. 0. 0. 0. 0. 0. 0.
  0. 0. 0. 0. 0. 0. 0. 0. 0. 0. 0. 0. 0. 0. 0. 0. 0. 0. 0. 0. 0. 0. 0. 0.
  0. 0.]
 [0. 0. 0. 0. 0. 1. 0. 1. 0. 0. 1. 0. 0. 0. 0. 0. 0. 0. 0. 0. 0. 0. 0. 0.
  0. 0. 0. 0. 0. 0. 0. 0. 0. 0. 0. 0. 0. 0. 0. 0. 0. 0. 0. 0. 0. 0. 0. 0.
  0. 0.]
 [1. 0. 0. 0. 0. 0. 0. 0. 1. 0. 0. 1. 0. 0. 0. 0. 0. 0. 0. 0. 0. 0. 0. 0.
  0. 0. 0. 0. 0. 0. 0. 0. 0. 0. 0. 0. 0. 0. 0. 0. 0. 0. 0. 0. 0. 0. 0. 0.
  0. 0.]
 [0. 1. 0. 1. 1. 0. 0. 0. 0. 0. 0. 0. 0. 0. 0. 0. 0. 0. 0. 0. 0. 0. 0. 0.
  0. 0. 0. 0. 0. 0. 0. 0. 0. 0. 0. 0. 0. 0. 0. 0. 0. 0. 0. 0. 0. 0. 0. 0.
  0. 0.]
 [0. 1. 0. 1. 1. 0. 0. 1. 0. 1. 0. 0. 0. 1. 1. 0. 0. 0. 0. 0. 0. 0. 0. 0.
  0. 0. 0. 0. 0. 0. 0. 0. 0. 0. 0. 0. 0. 0. 0. 0. 0. 0. 0. 0. 0. 0. 0. 0.
  0. 0.]
 [0. 0. 0. 0. 0. 0. 1. 0. 0. 0. 1. 0. 0. 0. 0. 0. 0. 0. 0. 0. 0. 0. 0. 0.
  0. 0. 0. 0. 0. 0. 0. 0. 0. 0. 0. 0. 0. 0. 0. 0. 0. 0. 0. 0. 0. 0. 0. 0.
  0. 0.]
 [0. 0. 0. 0. 0. 0. 0. 0. 0. 0. 1. 0. 0. 0. 0. 0. 0. 0. 0. 0. 0. 0. 0. 0.
  0. 0. 0. 0. 0. 0. 0. 0. 0. 0. 0. 0. 0. 0. 0. 0. 0. 0. 0. 0. 0. 0. 0. 0.
  0. 0.]
 [0. 0. 0. 1. 0. 0. 0. 0. 0. 0. 1. 0. 0. 0. 1. 0. 0. 0. 0. 0. 0. 0. 0. 0.
  0. 0. 0. 0. 0. 0. 0. 0. 0. 0. 0. 0. 0. 0. 0. 0. 0. 0. 0. 0. 0. 0. 0. 0.
  0. 0.]
 [0. 0. 0. 1. 0. 0. 0. 0. 0. 0. 1. 0. 0. 0. 0. 0. 0. 0. 0. 0. 0. 0. 0. 0.
  0. 0. 0. 0. 0. 0. 0. 0. 0. 0. 0. 0. 0. 0. 0. 0. 0. 0. 0. 0. 0. 0. 0. 0.
  0. 0.]
 [1. 0. 0. 1. 1. 0. 0. 0. 0. 0. 0. 0. 0. 0. 1. 0. 0. 0. 0. 0. 0. 0. 0. 0.
  0. 0. 0. 0. 0. 0. 0. 0. 0. 0. 0. 0. 0. 0. 0. 0. 0. 0. 0. 0. 0. 0. 0. 0.
  0. 0.]
 [0. 0. 0. 0. 0. 1. 0. 0. 0. 0. 1. 1. 0. 0. 1. 0. 0. 0. 0. 0. 0. 0. 0. 0.
  0. 0. 0. 0. 0. 0. 0. 0. 0. 0. 0. 0. 0. 0. 0. 0. 0. 0. 0. 0. 0. 0. 0. 0.
  0. 0.]
 [0. 0. 0. 0. 0. 0. 0. 0. 0. 0. 0. 0. 0. 1. 1. 0. 0. 0. 0. 0. 0. 0. 0. 0.
  0. 0. 0. 0. 0. 0. 0. 0. 0. 0. 0. 0. 0. 0. 0. 0. 0. 0. 0. 0. 0. 0. 0. 0.
  0. 0.]
 [0. 0. 0. 0. 0. 0. 0. 0. 0. 0. 0. 0. 0. 0. 0. 0. 0. 0. 0. 0. 0. 0. 0. 0.
  0. 0. 0. 0. 0. 0. 0. 0. 0. 0. 0. 0. 0. 0. 0. 0. 0. 0. 0. 0. 0. 0. 0. 0.
  0. 0.]
 [0. 1. 1. 0. 0. 0. 0. 0. 0. 1. 0. 1. 1. 0. 0. 0. 0. 0. 0. 0. 0. 0. 0. 0.
  0. 0. 0. 0. 0. 0. 0. 0. 0. 0. 0. 0. 0. 0. 0. 0. 0. 0. 0. 0. 0. 0. 0. 0.
  0. 0.]
 [0. 0. 0. 0. 0. 1. 0. 0. 0. 0. 0. 1. 0. 0. 0. 0. 0. 0. 0. 0. 0. 0. 0. 0.
  0. 0. 0. 0. 0. 0. 0. 0. 0. 0. 0. 0. 0. 0. 0. 0. 0. 0. 0. 0. 0. 0. 0. 0.
  0. 0.]
 [0. 0. 0. 0. 0. 0. 0. 0. 0. 0. 0. 1. 0. 1. 0. 0. 0. 0. 0. 0. 0. 0. 0. 0.
  0. 0. 0. 0. 0. 0. 0. 0. 0. 0. 0. 0. 0. 0. 0. 0. 0. 0. 0. 0. 0. 0. 0. 0.
  0. 0.]
 [0. 1. 0. 0. 0. 0. 0. 0. 1. 0. 1. 0. 0. 0. 0. 0. 0. 0. 0. 0. 0. 0. 0. 0.
  0. 0. 0. 0. 0. 0. 0. 0. 0. 0. 0. 0. 0. 0. 0. 0. 0. 0. 0. 0. 0. 0. 0. 0.
  0. 0.]
 [0. 0. 0. 0. 0. 1. 0. 0. 0. 1. 0. 0. 0. 0. 0. 0. 0. 0. 0. 0. 0. 0. 0. 0.
  0. 0. 0. 0. 0. 0. 0. 0. 0. 0. 0. 0. 0. 0. 0. 0. 0. 0. 0. 0. 0. 0. 0. 0.
  0. 0.]
 [0. 0. 0. 0. 0. 0. 0. 0. 0. 1. 0. 1. 0. 0. 0. 0. 0. 0. 0. 0. 0. 0. 0. 0.
  0. 0. 0. 0. 0. 0. 0. 0. 0. 0. 0. 0. 0. 0. 0. 0. 0. 0. 0. 0. 0. 0. 0. 0.
  0. 0.]
 [1. 1. 0. 0. 0. 1. 0. 0. 0. 0. 0. 0. 0. 0. 0. 0. 0. 0. 0. 0. 0. 0. 0. 0.
  0. 0. 0. 0. 0. 0. 0. 0. 0. 0. 0. 0. 0. 0. 0. 0. 0. 0. 0. 0. 0. 0. 0. 0.
  0. 0.]
 [0. 0. 0. 0. 0. 1. 0. 0. 0. 0. 0. 0. 0. 0. 0. 0. 0. 0. 0. 0. 0. 0. 0. 0.
  0. 0. 0. 0. 0. 0. 0. 0. 0. 0. 0. 0. 0. 0. 0. 0. 0. 0. 0. 0. 0. 0. 0. 0.
  0. 0.]
 [0. 1. 0. 0. 0. 0. 0. 0. 0. 0. 0. 0. 1. 1. 1. 0. 0. 0. 0. 0. 0. 0. 0. 0.
  0. 0. 0. 0. 0. 0. 0. 0. 0. 0. 0. 0. 0. 0. 0. 0. 0. 0. 0. 0. 0. 0. 0. 0.
  0. 0.]]
start_times_array: [[  29.  763. 1164. 1319. 5684. 5701. 5769. 5811. 5911. 5929. 5971. 6067.
  6112. 6162. 6224.]
 [ 644.  904. 5551. 5607. 5697. 5769. 5849. 5987. 6138. 6142. 6182. 6330.
  6408. 6503. 6533.]
 [5251. 5409. 5517. 5595. 5650. 5691. 5694. 5793. 5825. 5916. 5996. 6085.
  6089. 6182. 6228.]
 [ 172.  337.  350. 4477. 4662. 4670. 4698. 4738. 5084. 5146. 5217. 5595.
  5690. 5704. 6026.]
 [ 581. 4846. 5018. 5136. 5242. 5270. 5400. 5459. 5517. 5640. 5913. 5942.
  6067. 6111. 6270.]
 [4477. 4544. 4662. 4670. 4691. 4709. 4755. 4819. 4886. 4923. 5061. 5184.
  5203. 5285. 5376.]
 [ 139. 3114. 3835. 4034. 4105. 4124. 4200. 4261. 4293. 4322. 4348. 4379.
  4406. 4575. 4620.]
 [ 172.  371. 1054. 3271. 3533. 4189. 4284. 4412. 4448. 4722. 4728. 4777.
  5086. 5184. 5285.]
 [3815. 3937. 4009. 4325. 4477. 4574. 4691. 4764. 4789. 4886. 4926. 4986.
  4997. 5010. 5135.]
 [ 739. 3367. 3421. 3435. 3535. 3641. 3727. 3752. 3793. 3889. 3912. 4029.
  4097. 4324. 4399.]
 [ 675.  788. 1334. 2748. 2815. 3011. 3061. 3811. 3909. 4057. 4085. 4124.
  4262. 4793. 5076.]
 [2627. 2808. 2882. 3018. 3716. 3874. 3890. 3980. 4180. 4192. 4273. 4317.
  4348. 4438. 4458.]
 [ 476. 3063. 3150. 3323. 3519. 3610. 3648. 3740. 3756. 3793. 3955. 4029.
  4147. 4162. 4223.]
 [3405. 3475. 3636. 3727. 3775. 3833. 3884. 3916. 3975. 4131. 4230. 4289.
  4300. 4446. 4614.]
 [1070. 3111. 3148. 3257. 3533. 3620. 3732. 3740. 3784. 3874. 3978. 4064.
  4089. 4261. 4279.]
 [ 673. 2622. 3008. 3089. 3257. 3289. 3344. 3383. 3475. 3508. 3562. 3656.
  3757. 3894. 3955.]
 [ 178. 1333. 1401. 1752. 2449. 2533. 2691. 2787. 2938. 3002. 3091. 3246.
  3367. 3453. 4098.]
 [1291. 2035. 2175. 2231. 2262. 2395. 2591. 2666. 2818. 2873. 2967. 2996.
  3345. 3437. 3468.]
 [   0.  350. 2120. 2611. 2898. 2996. 3087. 3089. 3098. 3146. 3232. 3277.
  3289. 3527. 3547.]
 [  32.   85.  211.  308.  411.  673.  702. 2262. 2374. 2378. 2443. 2627.
  2922. 3073. 3479.]
 [  77.  297.  476.  514.  673.  717.  966. 1116. 1189. 1301. 1344. 1563.
  1731. 2417. 2432.]
 [  52.  548. 2058. 2132. 2266. 2322. 2494. 2586. 2648. 2653. 2783. 3198.
  3345. 3393. 3684.]
 [   0.   86.  172.  371.  474.  492.  627.  731. 2316. 2518. 2611. 2683.
  2896. 2945. 3018.]
 [   0.    9.   48.  259.  340.  377.  512.  783. 1367. 1490. 2081. 2294.
  2798. 2958. 3008.]
 [ 618. 1695. 1923. 2152. 2169. 2499. 2636. 2730. 2787. 2818. 2820. 2879.
  2897. 2898. 3013.]
 [  27. 1003. 2271. 2324. 2348. 2460. 2591. 2657. 2691. 2728. 2885. 2905.
  2982. 3008. 3080.]
 [1654. 1676. 1707. 1785. 1854. 1941. 1958. 2020. 2073. 2164. 2171. 2266.
  2405. 2533. 2721.]
 [ 113.  191.  271.  281.  297.  398. 1024. 1164. 1319. 1980. 2321. 2485.
  2753. 2798. 2933.]
 [ 775. 1344. 1868. 1882. 1957. 2078. 2092. 2120. 2201. 2254. 2336. 2430.
  2485. 2549. 2673.]
 [1128. 1220. 1355. 1602. 1852. 1857. 1912. 1988. 1992. 1997. 2041. 2515.
  2611. 2683. 2719.]
 [   0.  125.  211. 1446. 2081. 2197. 2262. 2266. 2306. 2309. 2321. 2395.
  2494. 2523. 2683.]
 [1246. 1298. 1363. 1664. 1734. 1826. 2034. 2201. 2294. 2306. 2477. 2548.
  2673. 2802. 3025.]
 [1254. 1291. 1444. 1610. 1650. 1679. 1801. 1894. 1989. 2021. 2077. 2106.
  2369. 2563. 2627.]
 [ 259.  337.  366.  405.  428.  479.  564.  834.  885. 1079. 1612. 1809.
  1824. 1844. 2075.]
 [   0.  297.  851. 1362. 1501. 1548. 1604. 1829. 1885. 1999. 2081. 2092.
  2102. 2169. 2425.]
 [1729. 1778. 1804. 1898. 1937. 2044. 2120. 2196. 2231. 2266. 2430. 2455.
  2459. 2553. 2600.]
 [ 340.  430.  445. 1196. 1285. 1450. 1574. 1636. 1693. 1778. 1804. 1821.
  1914. 1998. 2198.]
 [   0.  821. 1224. 1291. 1362. 1450. 1518. 1547. 1636. 1644. 1649. 1654.
  1715. 1721. 1797.]
 [   0.   38.  127.  221.  277.  436.  528.  864. 1189. 1435. 1518. 1563.
  1707. 1875. 1988.]
 [  25.  345.  627.  831.  981. 1164. 1241. 1301. 1329. 1395. 1506. 1644.
  1729. 1737. 1827.]
 [   0.   64.  110.  139.  352.  808.  865. 1075. 1142. 1448. 1499. 1722.
  1809. 2045. 2225.]
 [ 237. 1070. 1091. 1214. 1291. 1357. 1438. 1458. 1512. 1693. 1789. 1825.
  1948. 1998. 2099.]
 [ 207.  390.  969. 1013. 1075. 1164. 1214. 1266. 1298. 1326. 1365. 1499.
  1596. 1642. 1795.]
 [ 100.  371.  411.  479.  581.  620.  675.  840.  858.  904. 1116. 1149.
  1547. 1621. 1844.]
 [   0.   56.  100.  411.  731.  831. 1038. 1084. 1183. 1225. 1231. 1232.
  1357. 1389. 1545.]
 [   9.   44.  100.  154.  350.  457.  554.  821.  834.  925.  981. 1091.
  1395. 1512. 1728.]
 [  44.   66.  360.  436.  613.  655.  890.  959.  966. 1013. 1038. 1099.
  1102. 1325. 1419.]
 [ 166.  277.  377.  405.  479.  673.  821.  974. 1020. 1083. 1362. 1448.
  1518. 1604. 1966.]
 [   0.   25.   85.  152.  281.  476.  565.  566.  579.  863.  959.  969.
  1052. 1084. 1139.]
 [  35.   99.  166.  224.  271.  308.  360.  512.  528.  564.  673.  753.
   840.  864.  976.]]
