optimal_status: 0
solution: 20501.0
cpu_time: 3602.61625790596
gap: 0.902385955868885
upper_bound: 2001.1855187319902
lower_bound: 20501.0
cg_matrix: [[0. 0. 0. 0. 0. 0. 1. 0. 0. 1. 0. 0. 0. 0. 0. 0. 0. 0. 0. 0. 0. 0. 0. 0.
  0. 0. 1. 0. 1. 0. 0. 0. 0. 0. 0. 0. 0. 0. 0. 1. 1. 0. 0. 1. 0. 0. 0. 0.
  0. 0.]
 [0. 0. 0. 0. 0. 0. 0. 0. 1. 0. 0. 0. 0. 1. 0. 0. 1. 0. 0. 0. 0. 0. 0. 0.
  0. 0. 1. 0. 1. 0. 0. 0. 0. 0. 0. 0. 0. 0. 0. 0. 0. 0. 1. 0. 0. 0. 1. 1.
  0. 0.]
 [0. 0. 0. 0. 0. 1. 0. 0. 0. 0. 0. 1. 1. 0. 0. 1. 0. 1. 0. 0. 0. 0. 0. 1.
  0. 0. 1. 1. 1. 0. 1. 1. 0. 0. 0. 0. 0. 0. 0. 0. 0. 0. 1. 0. 0. 0. 0. 0.
  0. 0.]
 [0. 0. 0. 0. 0. 0. 0. 0. 0. 0. 1. 0. 0. 0. 0. 0. 1. 0. 0. 1. 1. 0. 0. 1.
  0. 1. 0. 0. 0. 1. 0. 1. 0. 0. 1. 1. 1. 0. 0. 0. 0. 1. 0. 1. 0. 0. 0. 1.
  0. 0.]
 [0. 0. 0. 0. 0. 0. 0. 0. 1. 0. 1. 0. 0. 0. 0. 1. 0. 0. 1. 0. 0. 1. 0. 0.
  1. 0. 0. 0. 0. 0. 0. 0. 0. 0. 0. 0. 0. 0. 0. 1. 0. 0. 0. 0. 0. 0. 0. 0.
  0. 1.]
 [0. 0. 1. 0. 0. 0. 0. 0. 0. 0. 0. 0. 0. 0. 1. 0. 0. 0. 1. 0. 0. 1. 0. 0.
  1. 0. 0. 0. 1. 0. 0. 0. 0. 1. 0. 0. 0. 0. 0. 1. 0. 0. 1. 0. 0. 0. 0. 0.
  0. 0.]
 [1. 0. 0. 0. 0. 0. 0. 0. 1. 0. 0. 0. 0. 0. 0. 0. 0. 0. 0. 0. 0. 1. 1. 0.
  0. 0. 0. 0. 1. 0. 1. 0. 0. 0. 0. 0. 1. 0. 0. 0. 1. 0. 1. 0. 0. 0. 0. 1.
  1. 0.]
 [0. 0. 0. 0. 0. 0. 0. 0. 0. 0. 0. 0. 1. 0. 1. 0. 0. 0. 0. 0. 1. 0. 1. 0.
  1. 1. 0. 1. 0. 0. 0. 1. 0. 0. 1. 1. 0. 0. 0. 0. 0. 0. 1. 1. 1. 0. 0. 0.
  0. 0.]
 [0. 1. 0. 0. 1. 0. 1. 0. 0. 0. 0. 0. 0. 0. 1. 1. 0. 0. 0. 0. 1. 0. 0. 0.
  0. 0. 0. 0. 0. 1. 0. 0. 0. 0. 0. 0. 1. 0. 1. 0. 0. 0. 0. 1. 0. 0. 0. 0.
  0. 0.]
 [1. 0. 0. 0. 0. 0. 0. 0. 0. 0. 0. 0. 0. 1. 1. 0. 0. 0. 1. 0. 0. 1. 0. 0.
  1. 0. 0. 0. 0. 0. 0. 1. 1. 0. 0. 0. 0. 0. 0. 0. 0. 0. 0. 0. 0. 0. 0. 0.
  0. 0.]
 [0. 0. 0. 1. 1. 0. 0. 0. 0. 0. 0. 0. 0. 0. 1. 0. 0. 0. 0. 1. 0. 0. 0. 0.
  0. 0. 0. 1. 0. 0. 0. 0. 0. 0. 0. 0. 0. 0. 1. 0. 0. 1. 0. 0. 0. 1. 0. 0.
  0. 0.]
 [0. 0. 1. 0. 0. 0. 0. 0. 0. 0. 0. 0. 0. 0. 0. 0. 0. 0. 1. 0. 0. 0. 1. 0.
  0. 1. 0. 0. 0. 0. 0. 1. 0. 0. 1. 0. 1. 0. 0. 0. 0. 0. 1. 0. 0. 0. 0. 0.
  0. 0.]
 [0. 0. 1. 0. 0. 0. 0. 1. 0. 0. 0. 0. 0. 1. 0. 0. 0. 0. 0. 0. 1. 0. 0. 0.
  1. 0. 0. 0. 0. 0. 0. 0. 1. 0. 0. 0. 1. 0. 1. 0. 0. 1. 0. 0. 1. 0. 0. 0.
  1. 0.]
 [0. 1. 0. 0. 0. 0. 0. 0. 0. 1. 0. 0. 1. 0. 0. 0. 0. 1. 0. 0. 0. 1. 1. 0.
  0. 0. 0. 0. 1. 0. 0. 0. 1. 0. 0. 0. 0. 0. 0. 0. 0. 0. 0. 0. 0. 0. 0. 1.
  1. 0.]
 [0. 0. 0. 0. 0. 1. 0. 1. 1. 1. 1. 0. 0. 0. 0. 0. 0. 1. 0. 0. 0. 0. 0. 0.
  0. 0. 0. 0. 0. 1. 0. 0. 0. 0. 0. 0. 1. 0. 0. 0. 0. 0. 0. 0. 0. 0. 0. 0.
  0. 1.]
 [0. 0. 1. 0. 1. 0. 0. 0. 1. 0. 0. 0. 0. 0. 0. 0. 0. 1. 0. 0. 0. 0. 0. 0.
  0. 0. 0. 0. 0. 1. 0. 1. 1. 0. 0. 0. 1. 0. 0. 0. 0. 1. 0. 0. 0. 0. 0. 1.
  0. 0.]
 [0. 1. 0. 1. 0. 0. 0. 0. 0. 0. 0. 0. 0. 0. 0. 0. 0. 0. 0. 0. 1. 0. 1. 1.
  1. 0. 0. 0. 0. 0. 0. 0. 1. 0. 0. 0. 0. 0. 0. 0. 0. 0. 0. 0. 0. 0. 0. 0.
  0. 0.]
 [0. 0. 1. 0. 0. 0. 0. 0. 0. 0. 0. 0. 0. 1. 1. 1. 0. 0. 0. 0. 0. 1. 0. 0.
  0. 1. 1. 0. 0. 0. 0. 1. 0. 0. 0. 1. 0. 0. 0. 0. 0. 0. 0. 0. 1. 0. 0. 0.
  0. 0.]
 [0. 0. 0. 0. 1. 1. 0. 0. 0. 1. 0. 1. 0. 0. 0. 0. 0. 0. 0. 0. 1. 0. 0. 0.
  0. 1. 0. 0. 0. 0. 0. 1. 0. 0. 0. 0. 0. 0. 0. 0. 0. 1. 0. 0. 0. 1. 0. 1.
  0. 0.]
 [0. 0. 0. 1. 0. 0. 0. 0. 0. 0. 1. 0. 0. 0. 0. 0. 0. 0. 0. 0. 0. 0. 1. 0.
  0. 0. 0. 1. 0. 0. 0. 0. 0. 1. 0. 1. 1. 1. 1. 0. 0. 0. 1. 0. 1. 1. 1. 0.
  0. 0.]
 [0. 0. 0. 1. 0. 0. 0. 1. 1. 0. 0. 0. 1. 0. 0. 0. 1. 0. 1. 0. 0. 0. 0. 0.
  0. 0. 0. 0. 0. 0. 0. 0. 0. 0. 0. 0. 0. 0. 0. 0. 0. 0. 0. 0. 0. 0. 0. 0.
  0. 0.]
 [0. 0. 0. 0. 1. 1. 1. 0. 0. 1. 0. 0. 0. 1. 0. 0. 0. 1. 0. 0. 0. 0. 0. 0.
  0. 0. 0. 0. 0. 0. 0. 0. 0. 0. 0. 0. 0. 0. 0. 0. 0. 0. 0. 0. 0. 0. 0. 0.
  0. 0.]
 [0. 0. 0. 0. 0. 0. 1. 1. 0. 0. 0. 1. 0. 1. 0. 0. 1. 0. 0. 1. 0. 0. 0. 0.
  0. 0. 0. 0. 0. 0. 0. 0. 0. 0. 0. 0. 0. 0. 0. 0. 0. 0. 0. 0. 0. 0. 0. 0.
  0. 0.]
 [0. 0. 1. 1. 0. 0. 0. 0. 0. 0. 0. 0. 0. 0. 0. 0. 1. 0. 0. 0. 0. 0. 0. 0.
  0. 0. 0. 0. 0. 0. 0. 0. 0. 0. 0. 0. 0. 0. 0. 0. 0. 0. 0. 0. 0. 0. 0. 0.
  0. 0.]
 [0. 0. 0. 0. 1. 1. 0. 1. 0. 1. 0. 0. 1. 0. 0. 0. 1. 0. 0. 0. 0. 0. 0. 0.
  0. 0. 0. 0. 0. 0. 0. 0. 0. 0. 0. 0. 0. 0. 0. 0. 0. 0. 0. 0. 0. 0. 0. 0.
  0. 0.]
 [0. 0. 0. 1. 0. 0. 0. 1. 0. 0. 0. 1. 0. 0. 0. 0. 0. 1. 1. 0. 0. 0. 0. 0.
  0. 0. 0. 0. 0. 0. 0. 0. 0. 0. 0. 0. 0. 0. 0. 0. 0. 0. 0. 0. 0. 0. 0. 0.
  0. 0.]
 [1. 1. 1. 0. 0. 0. 0. 0. 0. 0. 0. 0. 0. 0. 0. 0. 0. 1. 0. 0. 0. 0. 0. 0.
  0. 0. 0. 0. 0. 0. 0. 0. 0. 0. 0. 0. 0. 0. 0. 0. 0. 0. 0. 0. 0. 0. 0. 0.
  0. 0.]
 [0. 0. 1. 0. 0. 0. 0. 1. 0. 0. 1. 0. 0. 0. 0. 0. 0. 0. 0. 1. 0. 0. 0. 0.
  0. 0. 0. 0. 0. 0. 0. 0. 0. 0. 0. 0. 0. 0. 0. 0. 0. 0. 0. 0. 0. 0. 0. 0.
  0. 0.]
 [1. 1. 1. 0. 0. 1. 1. 0. 0. 0. 0. 0. 0. 1. 0. 0. 0. 0. 0. 0. 0. 0. 0. 0.
  0. 0. 0. 0. 0. 0. 0. 0. 0. 0. 0. 0. 0. 0. 0. 0. 0. 0. 0. 0. 0. 0. 0. 0.
  0. 0.]
 [0. 0. 0. 1. 0. 0. 0. 0. 1. 0. 0. 0. 0. 0. 1. 1. 0. 0. 0. 0. 0. 0. 0. 0.
  0. 0. 0. 0. 0. 0. 0. 0. 0. 0. 0. 0. 0. 0. 0. 0. 0. 0. 0. 0. 0. 0. 0. 0.
  0. 0.]
 [0. 0. 1. 0. 0. 0. 1. 0. 0. 0. 0. 0. 0. 0. 0. 0. 0. 0. 0. 0. 0. 0. 0. 0.
  0. 0. 0. 0. 0. 0. 0. 0. 0. 0. 0. 0. 0. 0. 0. 0. 0. 0. 0. 0. 0. 0. 0. 0.
  0. 0.]
 [0. 0. 1. 1. 0. 0. 0. 1. 0. 1. 0. 1. 0. 0. 0. 1. 0. 1. 1. 0. 0. 0. 0. 0.
  0. 0. 0. 0. 0. 0. 0. 0. 0. 0. 0. 0. 0. 0. 0. 0. 0. 0. 0. 0. 0. 0. 0. 0.
  0. 0.]
 [0. 0. 0. 0. 0. 0. 0. 0. 0. 1. 0. 0. 1. 1. 0. 1. 1. 0. 0. 0. 0. 0. 0. 0.
  0. 0. 0. 0. 0. 0. 0. 0. 0. 0. 0. 0. 0. 0. 0. 0. 0. 0. 0. 0. 0. 0. 0. 0.
  0. 0.]
 [0. 0. 0. 0. 0. 1. 0. 0. 0. 0. 0. 0. 0. 0. 0. 0. 0. 0. 0. 1. 0. 0. 0. 0.
  0. 0. 0. 0. 0. 0. 0. 0. 0. 0. 0. 0. 0. 0. 0. 0. 0. 0. 0. 0. 0. 0. 0. 0.
  0. 0.]
 [0. 0. 0. 1. 0. 0. 0. 1. 0. 0. 0. 1. 0. 0. 0. 0. 0. 0. 0. 0. 0. 0. 0. 0.
  0. 0. 0. 0. 0. 0. 0. 0. 0. 0. 0. 0. 0. 0. 0. 0. 0. 0. 0. 0. 0. 0. 0. 0.
  0. 0.]
 [0. 0. 0. 1. 0. 0. 0. 1. 0. 0. 0. 0. 0. 0. 0. 0. 0. 1. 0. 1. 0. 0. 0. 0.
  0. 0. 0. 0. 0. 0. 0. 0. 0. 0. 0. 0. 0. 0. 0. 0. 0. 0. 0. 0. 0. 0. 0. 0.
  0. 0.]
 [0. 0. 0. 1. 0. 0. 1. 0. 1. 0. 0. 1. 1. 0. 1. 1. 0. 0. 0. 1. 0. 0. 0. 0.
  0. 0. 0. 0. 0. 0. 0. 0. 0. 0. 0. 0. 0. 0. 0. 0. 0. 0. 0. 0. 0. 0. 0. 0.
  0. 0.]
 [0. 0. 0. 0. 0. 0. 0. 0. 0. 0. 0. 0. 0. 0. 0. 0. 0. 0. 0. 1. 0. 0. 0. 0.
  0. 0. 0. 0. 0. 0. 0. 0. 0. 0. 0. 0. 0. 0. 0. 0. 0. 0. 0. 0. 0. 0. 0. 0.
  0. 0.]
 [0. 0. 0. 0. 0. 0. 0. 0. 1. 0. 1. 0. 1. 0. 0. 0. 0. 0. 0. 1. 0. 0. 0. 0.
  0. 0. 0. 0. 0. 0. 0. 0. 0. 0. 0. 0. 0. 0. 0. 0. 0. 0. 0. 0. 0. 0. 0. 0.
  0. 0.]
 [1. 0. 0. 0. 1. 1. 0. 0. 0. 0. 0. 0. 0. 0. 0. 0. 0. 0. 0. 0. 0. 0. 0. 0.
  0. 0. 0. 0. 0. 0. 0. 0. 0. 0. 0. 0. 0. 0. 0. 0. 0. 0. 0. 0. 0. 0. 0. 0.
  0. 0.]
 [1. 0. 0. 0. 0. 0. 1. 0. 0. 0. 0. 0. 0. 0. 0. 0. 0. 0. 0. 0. 0. 0. 0. 0.
  0. 0. 0. 0. 0. 0. 0. 0. 0. 0. 0. 0. 0. 0. 0. 0. 0. 0. 0. 0. 0. 0. 0. 0.
  0. 0.]
 [0. 0. 0. 1. 0. 0. 0. 0. 0. 0. 1. 0. 1. 0. 0. 1. 0. 0. 1. 0. 0. 0. 0. 0.
  0. 0. 0. 0. 0. 0. 0. 0. 0. 0. 0. 0. 0. 0. 0. 0. 0. 0. 0. 0. 0. 0. 0. 0.
  0. 0.]
 [0. 1. 1. 0. 0. 1. 1. 1. 0. 0. 0. 1. 0. 0. 0. 0. 0. 0. 0. 1. 0. 0. 0. 0.
  0. 0. 0. 0. 0. 0. 0. 0. 0. 0. 0. 0. 0. 0. 0. 0. 0. 0. 0. 0. 0. 0. 0. 0.
  0. 0.]
 [1. 0. 0. 1. 0. 0. 0. 1. 1. 0. 0. 0. 0. 0. 0. 0. 0. 0. 0. 0. 0. 0. 0. 0.
  0. 0. 0. 0. 0. 0. 0. 0. 0. 0. 0. 0. 0. 0. 0. 0. 0. 0. 0. 0. 0. 0. 0. 0.
  0. 0.]
 [0. 0. 0. 0. 0. 0. 0. 1. 0. 0. 0. 0. 1. 0. 0. 0. 0. 1. 0. 1. 0. 0. 0. 0.
  0. 0. 0. 0. 0. 0. 0. 0. 0. 0. 0. 0. 0. 0. 0. 0. 0. 0. 0. 0. 0. 0. 0. 0.
  0. 0.]
 [0. 0. 0. 0. 0. 0. 0. 0. 0. 0. 1. 0. 0. 0. 0. 0. 0. 0. 1. 1. 0. 0. 0. 0.
  0. 0. 0. 0. 0. 0. 0. 0. 0. 0. 0. 0. 0. 0. 0. 0. 0. 0. 0. 0. 0. 0. 0. 0.
  0. 0.]
 [0. 1. 0. 0. 0. 0. 0. 0. 0. 0. 0. 0. 0. 0. 0. 0. 0. 0. 0. 1. 0. 0. 0. 0.
  0. 0. 0. 0. 0. 0. 0. 0. 0. 0. 0. 0. 0. 0. 0. 0. 0. 0. 0. 0. 0. 0. 0. 0.
  0. 0.]
 [0. 1. 0. 1. 0. 0. 1. 0. 0. 0. 0. 0. 0. 1. 0. 1. 0. 0. 1. 0. 0. 0. 0. 0.
  0. 0. 0. 0. 0. 0. 0. 0. 0. 0. 0. 0. 0. 0. 0. 0. 0. 0. 0. 0. 0. 0. 0. 0.
  0. 0.]
 [0. 0. 0. 0. 0. 0. 1. 0. 0. 0. 0. 0. 1. 1. 0. 0. 0. 0. 0. 0. 0. 0. 0. 0.
  0. 0. 0. 0. 0. 0. 0. 0. 0. 0. 0. 0. 0. 0. 0. 0. 0. 0. 0. 0. 0. 0. 0. 0.
  0. 0.]
 [0. 0. 0. 0. 1. 0. 0. 0. 0. 0. 0. 0. 0. 0. 1. 0. 0. 0. 0. 0. 0. 0. 0. 0.
  0. 0. 0. 0. 0. 0. 0. 0. 0. 0. 0. 0. 0. 0. 0. 0. 0. 0. 0. 0. 0. 0. 0. 0.
  0. 0.]]
start_times_array: [[1.8015e+04 1.8258e+04 1.8447e+04 1.9300e+04 1.9362e+04 1.9433e+04
  1.9475e+04 1.9537e+04 1.9630e+04 1.9728e+04 1.9738e+04 1.9792e+04
  1.9805e+04 1.9842e+04 1.9903e+04 1.9995e+04 2.0165e+04 2.0224e+04
  2.0288e+04 2.0437e+04]
 [0.0000e+00 2.0600e+02 5.4600e+02 1.9422e+04 1.9490e+04 1.9649e+04
  1.9705e+04 1.9799e+04 1.9851e+04 1.9857e+04 2.0047e+04 2.0085e+04
  2.0167e+04 2.0170e+04 2.0264e+04 2.0296e+04 2.0313e+04 2.0379e+04
  2.0458e+04 2.0467e+04]
 [1.9016e+04 1.9083e+04 1.9152e+04 1.9157e+04 1.9171e+04 1.9224e+04
  1.9236e+04 1.9253e+04 1.9346e+04 1.9433e+04 1.9490e+04 1.9499e+04
  1.9630e+04 1.9738e+04 1.9800e+04 1.9850e+04 1.9935e+04 1.9938e+04
  1.9995e+04 2.0090e+04]
 [8.0200e+02 9.0100e+02 1.8926e+04 1.9010e+04 1.9115e+04 1.9199e+04
  1.9217e+04 1.9238e+04 1.9292e+04 1.9300e+04 1.9338e+04 1.9418e+04
  1.9422e+04 1.9503e+04 1.9529e+04 1.9577e+04 1.9628e+04 1.9721e+04
  1.9797e+04 1.9829e+04]
 [1.1680e+03 1.7302e+04 1.7307e+04 1.7964e+04 1.8035e+04 1.8163e+04
  1.8261e+04 1.8264e+04 1.8290e+04 1.8439e+04 1.8496e+04 1.8551e+04
  1.8598e+04 1.8643e+04 1.8690e+04 1.8769e+04 1.8827e+04 1.8926e+04
  1.9016e+04 1.9037e+04]
 [1.6004e+04 1.6094e+04 1.7068e+04 1.7366e+04 1.7449e+04 1.7578e+04
  1.7657e+04 1.7735e+04 1.7738e+04 1.7755e+04 1.7766e+04 1.7800e+04
  1.7909e+04 1.7967e+04 1.8015e+04 1.8105e+04 1.8163e+04 1.8258e+04
  1.8291e+04 1.8348e+04]
 [1.7114e+04 1.7139e+04 1.7238e+04 1.7302e+04 1.7366e+04 1.7449e+04
  1.7511e+04 1.7557e+04 1.7578e+04 1.7676e+04 1.7726e+04 1.7782e+04
  1.7839e+04 1.7843e+04 1.7909e+04 1.7964e+04 1.7967e+04 1.7981e+04
  1.7991e+04 1.8354e+04]
 [1.5348e+04 1.5442e+04 1.5460e+04 1.6424e+04 1.6516e+04 1.6550e+04
  1.6579e+04 1.6644e+04 1.6663e+04 1.6807e+04 1.6862e+04 1.6981e+04
  1.7068e+04 1.7127e+04 1.7161e+04 1.7537e+04 1.7609e+04 1.7637e+04
  1.7699e+04 1.8014e+04]
 [1.0060e+03 1.5226e+04 1.5852e+04 1.6078e+04 1.6174e+04 1.6220e+04
  1.6268e+04 1.6342e+04 1.6424e+04 1.6515e+04 1.6560e+04 1.6645e+04
  1.6698e+04 1.6774e+04 1.6807e+04 1.6874e+04 1.6937e+04 1.6981e+04
  1.7063e+04 1.7255e+04]
 [1.4612e+04 1.4657e+04 1.4751e+04 1.4945e+04 1.5692e+04 1.5778e+04
  1.5852e+04 1.5910e+04 1.5949e+04 1.5999e+04 1.6027e+04 1.6094e+04
  1.6162e+04 1.6201e+04 1.6207e+04 1.6242e+04 1.6248e+04 1.6268e+04
  1.6294e+04 1.6390e+04]
 [2.7200e+02 1.4668e+04 1.4751e+04 1.4804e+04 1.5110e+04 1.5442e+04
  1.5622e+04 1.5641e+04 1.5692e+04 1.5706e+04 1.5754e+04 1.5811e+04
  1.5863e+04 1.5955e+04 1.6004e+04 1.6078e+04 1.6160e+04 1.6192e+04
  1.6255e+04 1.6508e+04]
 [5.8600e+02 6.3400e+02 1.4417e+04 1.4514e+04 1.4612e+04 1.4632e+04
  1.4879e+04 1.5053e+04 1.5460e+04 1.5514e+04 1.5572e+04 1.5592e+04
  1.5622e+04 1.5699e+04 1.5767e+04 1.5830e+04 1.5836e+04 1.5899e+04
  1.5966e+04 1.5989e+04]
 [1.4478e+04 1.4554e+04 1.4635e+04 1.4668e+04 1.4703e+04 1.4788e+04
  1.4817e+04 1.4827e+04 1.4879e+04 1.4890e+04 1.4911e+04 1.4912e+04
  1.5008e+04 1.5053e+04 1.5084e+04 1.5127e+04 1.5138e+04 1.5185e+04
  1.5226e+04 1.5295e+04]
 [1.3102e+04 1.3105e+04 1.3226e+04 1.3420e+04 1.3505e+04 1.3539e+04
  1.3669e+04 1.3768e+04 1.3860e+04 1.3943e+04 1.3951e+04 1.4030e+04
  1.4099e+04 1.4157e+04 1.4224e+04 1.4225e+04 1.4304e+04 1.4368e+04
  1.4417e+04 1.4474e+04]
 [1.3271e+04 1.3301e+04 1.3320e+04 1.3351e+04 1.3395e+04 1.3573e+04
  1.3590e+04 1.3672e+04 1.3686e+04 1.3782e+04 1.3877e+04 1.3902e+04
  1.3969e+04 1.4044e+04 1.4085e+04 1.4177e+04 1.4180e+04 1.4186e+04
  1.4322e+04 1.4394e+04]
 [2.6000e+01 2.2100e+02 5.8500e+02 1.3102e+04 1.3226e+04 1.3271e+04
  1.3312e+04 1.3335e+04 1.3378e+04 1.3413e+04 1.3455e+04 1.3543e+04
  1.3562e+04 1.3565e+04 1.3573e+04 1.3669e+04 1.3696e+04 1.3726e+04
  1.3763e+04 1.4912e+04]
 [1.8700e+02 2.9900e+02 4.6800e+02 7.4000e+02 1.1803e+04 1.2030e+04
  1.2608e+04 1.2845e+04 1.2943e+04 1.3019e+04 1.3089e+04 1.3157e+04
  1.3173e+04 1.3198e+04 1.3204e+04 1.3226e+04 1.3249e+04 1.3257e+04
  1.3395e+04 1.3420e+04]
 [0.0000e+00 1.0000e+00 3.6200e+02 1.1137e+04 1.1254e+04 1.2554e+04
  1.2608e+04 1.2609e+04 1.2656e+04 1.2723e+04 1.2785e+04 1.2809e+04
  1.2845e+04 1.2939e+04 1.2955e+04 1.2963e+04 1.3019e+04 1.3035e+04
  1.3053e+04 1.3157e+04]
 [1.1803e+04 1.1900e+04 1.2030e+04 1.2101e+04 1.2188e+04 1.2266e+04
  1.2351e+04 1.2369e+04 1.2388e+04 1.2408e+04 1.2504e+04 1.2554e+04
  1.2620e+04 1.2673e+04 1.2743e+04 1.2791e+04 1.2811e+04 1.2852e+04
  1.2945e+04 1.3036e+04]
 [1.0440e+03 1.1090e+04 1.1187e+04 1.1212e+04 1.1280e+04 1.1298e+04
  1.1345e+04 1.1427e+04 1.1462e+04 1.1617e+04 1.1626e+04 1.1671e+04
  1.1731e+04 1.2101e+04 1.2133e+04 1.2149e+04 1.2175e+04 1.2222e+04
  1.2490e+04 1.2579e+04]
 [5.4000e+01 2.0800e+02 9.3590e+03 1.0264e+04 1.0464e+04 1.0507e+04
  1.0521e+04 1.0987e+04 1.1070e+04 1.1161e+04 1.1280e+04 1.1307e+04
  1.1397e+04 1.1470e+04 1.1529e+04 1.1550e+04 1.1617e+04 1.1694e+04
  1.1749e+04 1.1989e+04]
 [1.1800e+02 4.0500e+02 5.6800e+02 1.0383e+04 1.0508e+04 1.0581e+04
  1.0654e+04 1.0675e+04 1.0719e+04 1.0746e+04 1.0906e+04 1.0921e+04
  1.0954e+04 1.0970e+04 1.1008e+04 1.1009e+04 1.1070e+04 1.1081e+04
  1.1142e+04 1.1207e+04]
 [4.2000e+02 1.0286e+04 1.0342e+04 1.0349e+04 1.0383e+04 1.0442e+04
  1.0507e+04 1.0508e+04 1.0573e+04 1.0581e+04 1.0600e+04 1.0631e+04
  1.0688e+04 1.0755e+04 1.0812e+04 1.0906e+04 1.0938e+04 1.0987e+04
  1.1018e+04 1.1119e+04]
 [0.0000e+00 1.2200e+02 8.1970e+03 8.8110e+03 9.3270e+03 9.5760e+03
  9.6320e+03 9.6900e+03 9.8160e+03 9.8210e+03 9.8540e+03 9.9350e+03
  1.0032e+04 1.0078e+04 1.0101e+04 1.0181e+04 1.0205e+04 1.0218e+04
  1.0228e+04 1.0508e+04]
 [2.5000e+01 2.4000e+02 8.2970e+03 8.5430e+03 9.5290e+03 9.5850e+03
  9.5910e+03 9.6650e+03 9.7480e+03 9.7980e+03 9.8580e+03 9.8700e+03
  9.9600e+03 1.0019e+04 1.0051e+04 1.0123e+04 1.0199e+04 1.0286e+04
  1.0311e+04 1.0334e+04]
 [2.5000e+01 4.9000e+01 1.2700e+02 1.7100e+02 2.7500e+02 4.5500e+02
  5.1500e+02 5.6800e+02 8.3500e+03 9.2600e+03 9.3270e+03 9.4760e+03
  9.5570e+03 9.5650e+03 9.5810e+03 9.6750e+03 9.7690e+03 9.8160e+03
  9.8420e+03 1.0439e+04]
 [8.4000e+01 4.7200e+02 5.6800e+02 6.0520e+03 7.7020e+03 8.6840e+03
  8.7710e+03 8.8110e+03 8.8170e+03 9.3070e+03 9.3900e+03 9.4760e+03
  9.5660e+03 9.6430e+03 9.6560e+03 9.7210e+03 9.7480e+03 9.8310e+03
  9.8890e+03 9.9840e+03]
 [0.0000e+00 7.0000e+00 1.6100e+02 6.8980e+03 8.9730e+03 9.0070e+03
  9.0350e+03 9.0430e+03 9.0750e+03 9.1380e+03 9.1430e+03 9.1700e+03
  9.2600e+03 9.2920e+03 9.3070e+03 9.3590e+03 9.4220e+03 9.4330e+03
  9.5290e+03 9.5540e+03]
 [2.9900e+02 6.4210e+03 8.1640e+03 8.1970e+03 8.2700e+03 8.2890e+03
  8.3370e+03 8.3440e+03 8.4180e+03 8.4950e+03 8.5430e+03 8.5480e+03
  8.5950e+03 8.6330e+03 8.7060e+03 8.7890e+03 8.8130e+03 8.8930e+03
  8.9730e+03 9.0140e+03]
 [1.3600e+02 1.8700e+02 2.9900e+02 3.9400e+02 6.3400e+02 1.4330e+03
  7.3300e+03 7.4580e+03 8.0480e+03 8.0720e+03 8.0900e+03 8.1270e+03
  8.1990e+03 8.2710e+03 8.3440e+03 8.3500e+03 8.4360e+03 8.4530e+03
  8.5950e+03 8.7660e+03]
 [2.3000e+01 3.2100e+02 4.2000e+02 4.5500e+02 5.3800e+02 6.0500e+02
  6.5900e+02 6.7400e+02 6.9900e+02 7.0100e+02 7.6100e+02 7.4440e+03
  7.4580e+03 7.4720e+03 8.0390e+03 8.1270e+03 8.1640e+03 8.2110e+03
  8.2390e+03 8.2760e+03]
 [1.4900e+02 4.2270e+03 6.3530e+03 6.4210e+03 6.9140e+03 7.0370e+03
  7.1040e+03 7.1870e+03 7.2680e+03 7.3300e+03 7.3410e+03 7.4400e+03
  7.5150e+03 7.5560e+03 7.6160e+03 7.7090e+03 7.8410e+03 7.9140e+03
  7.9490e+03 8.0200e+03]
 [1.0000e+02 6.8750e+03 6.9140e+03 7.2150e+03 7.2820e+03 7.3730e+03
  7.4440e+03 7.4920e+03 7.5090e+03 7.5210e+03 7.6160e+03 7.7020e+03
  7.7730e+03 7.7920e+03 7.8410e+03 7.9040e+03 7.9700e+03 8.0390e+03
  8.1990e+03 8.3440e+03]
 [6.0990e+03 6.1680e+03 6.2610e+03 6.2720e+03 6.3480e+03 6.4050e+03
  6.4600e+03 6.4960e+03 6.9740e+03 7.0370e+03 7.1150e+03 7.1870e+03
  7.2150e+03 7.2680e+03 7.2780e+03 7.3640e+03 7.3770e+03 7.4400e+03
  8.1320e+03 8.3400e+03]
 [5.5000e+01 4.1300e+02 5.4450e+03 6.1140e+03 6.1640e+03 6.2550e+03
  6.3480e+03 6.4010e+03 6.4570e+03 6.4870e+03 6.5850e+03 6.6380e+03
  6.7120e+03 6.7720e+03 6.8180e+03 6.8750e+03 6.8980e+03 6.9250e+03
  6.9740e+03 7.0280e+03]
 [2.5000e+01 1.2400e+02 2.0600e+02 2.0900e+02 2.7000e+02 4.0500e+02
  4.7200e+02 6.5900e+02 7.4000e+02 9.1700e+02 9.5800e+02 1.0350e+03
  1.1340e+03 1.1900e+03 1.2700e+03 1.4640e+03 1.5320e+03 6.0410e+03
  6.2180e+03 6.3040e+03]
 [3.9990e+03 5.2980e+03 5.4220e+03 5.4450e+03 5.6000e+03 5.6250e+03
  5.6690e+03 5.6840e+03 5.7010e+03 5.7970e+03 5.8610e+03 5.9320e+03
  5.9540e+03 6.0410e+03 6.1140e+03 6.1860e+03 6.1940e+03 6.2610e+03
  6.3530e+03 6.4140e+03]
 [1.2700e+02 2.2300e+02 4.6800e+02 5.7800e+02 5.2200e+03 5.2980e+03
  5.3560e+03 5.3920e+03 5.4590e+03 5.4820e+03 5.5530e+03 5.6000e+03
  5.6760e+03 5.7970e+03 5.9320e+03 5.9570e+03 5.9610e+03 6.0520e+03
  6.0740e+03 6.1250e+03]
 [0.0000e+00 5.7000e+01 1.1800e+02 1.5700e+02 2.9600e+02 3.5600e+02
  4.4600e+02 5.0000e+02 5.0200e+02 5.8500e+02 6.7400e+02 7.1000e+02
  7.7800e+02 8.7700e+02 9.4500e+02 1.3110e+03 1.4010e+03 1.4890e+03
  1.8660e+03 5.8920e+03]
 [3.1950e+03 3.2010e+03 3.2600e+03 3.5490e+03 3.9240e+03 3.9970e+03
  4.0530e+03 4.7110e+03 4.7200e+03 4.8000e+03 4.8870e+03 4.9610e+03
  4.9670e+03 5.0220e+03 5.0610e+03 5.1000e+03 5.1420e+03 5.2200e+03
  5.3560e+03 5.4220e+03]
 [8.5000e+01 1.5700e+02 2.4000e+02 3.2300e+02 5.9700e+02 3.9360e+03
  3.9810e+03 4.0590e+03 4.0750e+03 4.1340e+03 4.2270e+03 4.2430e+03
  4.3280e+03 4.4040e+03 4.4580e+03 4.5490e+03 4.6420e+03 4.6550e+03
  4.7470e+03 4.7570e+03]
 [0.0000e+00 2.9600e+02 1.3600e+03 1.6780e+03 2.1860e+03 2.1950e+03
  2.2230e+03 2.2930e+03 3.4920e+03 3.5320e+03 3.5520e+03 3.6150e+03
  3.6590e+03 3.7220e+03 3.7950e+03 3.8540e+03 3.9580e+03 3.9990e+03
  4.4290e+03 4.7280e+03]
 [8.9000e+01 1.1340e+03 2.0630e+03 2.1250e+03 2.1550e+03 3.1690e+03
  3.2330e+03 3.2750e+03 3.3140e+03 3.4030e+03 3.4920e+03 3.5490e+03
  3.6110e+03 3.7100e+03 3.7650e+03 3.8050e+03 3.8990e+03 3.9240e+03
  3.9580e+03 4.0380e+03]
 [4.4000e+01 1.0200e+02 2.5400e+02 2.7000e+02 3.7200e+02 4.4400e+02
  4.8400e+02 7.8500e+02 2.7910e+03 2.8050e+03 2.8200e+03 2.8590e+03
  2.8760e+03 2.9280e+03 2.9710e+03 2.9800e+03 3.0530e+03 3.0590e+03
  3.1240e+03 3.1820e+03]
 [2.5000e+01 1.0700e+02 4.0500e+02 1.1340e+03 1.9100e+03 2.2170e+03
  2.2880e+03 2.3170e+03 2.3310e+03 2.3720e+03 2.4330e+03 2.5950e+03
  2.6920e+03 2.7910e+03 2.8650e+03 2.9340e+03 2.9540e+03 2.9940e+03
  3.0350e+03 3.1300e+03]
 [5.1500e+02 5.7800e+02 6.6100e+02 8.8500e+02 1.0030e+03 1.1340e+03
  2.0370e+03 2.0630e+03 2.1180e+03 2.1270e+03 2.2190e+03 2.2860e+03
  2.3850e+03 2.4330e+03 2.4530e+03 2.5400e+03 2.6320e+03 2.6970e+03
  2.9340e+03 2.9440e+03]
 [8.7000e+01 2.9900e+02 1.2450e+03 1.3440e+03 1.4360e+03 1.5090e+03
  1.5210e+03 1.6130e+03 1.6700e+03 1.7080e+03 1.8460e+03 1.9100e+03
  1.9900e+03 2.0370e+03 2.1180e+03 2.2170e+03 2.2890e+03 2.3200e+03
  2.3720e+03 2.4210e+03]
 [2.9900e+02 4.1000e+02 9.1700e+02 1.0810e+03 1.1800e+03 1.2450e+03
  1.3410e+03 1.4360e+03 1.6130e+03 1.6210e+03 1.7480e+03 1.8080e+03
  1.8460e+03 1.9170e+03 1.9870e+03 2.0850e+03 2.1420e+03 2.1550e+03
  2.1860e+03 2.3850e+03]
 [0.0000e+00 2.8000e+01 1.0200e+02 2.7500e+02 7.9600e+02 8.8500e+02
  9.6700e+02 1.0610e+03 1.1020e+03 1.1910e+03 1.2650e+03 1.3600e+03
  1.4040e+03 1.4640e+03 1.5520e+03 1.6130e+03 1.7120e+03 1.7480e+03
  1.7970e+03 1.8380e+03]
 [0.0000e+00 1.6000e+01 8.7000e+01 1.3600e+02 1.6100e+02 2.2300e+02
  4.3500e+02 5.2600e+02 6.0500e+02 6.3400e+02 7.1600e+02 8.0000e+02
  8.7600e+02 9.6700e+02 9.8500e+02 1.0630e+03 1.0810e+03 1.1770e+03
  1.2420e+03 1.5440e+03]]
