optimal_status: 0
solution: 7987.0
cpu_time: 3600.239063978195
gap: 0.8718965201169553
upper_bound: 1023.1624938258786
lower_bound: 7987.0
cg_matrix: [[0. 1. 1. 1. 1. 0. 1. 1. 1. 1. 0. 1. 1. 1. 1. 1. 1. 1. 0. 0.]
 [1. 0. 1. 1. 1. 1. 0. 1. 1. 0. 1. 1. 1. 0. 1. 1. 1. 0. 1. 1.]
 [1. 1. 0. 1. 1. 1. 1. 1. 1. 1. 1. 1. 0. 1. 0. 0. 1. 1. 1. 1.]
 [1. 1. 1. 0. 1. 1. 1. 0. 1. 1. 0. 1. 1. 0. 1. 1. 1. 1. 1. 0.]
 [1. 1. 1. 1. 0. 1. 1. 0. 1. 1. 1. 1. 0. 1. 0. 1. 0. 1. 1. 1.]
 [0. 1. 1. 1. 1. 0. 1. 0. 1. 0. 1. 1. 1. 0. 1. 1. 1. 0. 1. 1.]
 [1. 0. 1. 1. 1. 1. 0. 1. 1. 0. 1. 1. 1. 1. 1. 0. 0. 1. 1. 1.]
 [1. 1. 1. 0. 0. 0. 1. 0. 1. 1. 1. 1. 1. 1. 1. 1. 1. 1. 1. 1.]
 [1. 1. 1. 1. 1. 1. 1. 1. 0. 1. 0. 1. 1. 1. 1. 1. 1. 0. 0. 1.]
 [1. 0. 1. 1. 1. 0. 0. 1. 1. 0. 1. 1. 1. 1. 1. 1. 0. 1. 1. 1.]
 [0. 1. 1. 0. 1. 1. 1. 1. 0. 1. 0. 1. 1. 1. 1. 1. 1. 0. 0. 1.]
 [1. 1. 1. 1. 1. 1. 1. 1. 1. 1. 1. 0. 1. 1. 0. 1. 0. 1. 0. 1.]
 [1. 1. 0. 1. 0. 1. 1. 1. 1. 1. 1. 1. 0. 1. 1. 1. 0. 1. 1. 1.]
 [1. 0. 1. 0. 1. 0. 1. 1. 1. 1. 1. 1. 1. 0. 1. 1. 1. 1. 1. 1.]
 [1. 1. 0. 1. 0. 1. 1. 1. 1. 1. 1. 0. 1. 1. 0. 0. 1. 1. 0. 0.]
 [1. 1. 0. 1. 1. 1. 0. 1. 1. 1. 1. 1. 1. 1. 0. 0. 0. 0. 0. 0.]
 [1. 1. 1. 1. 0. 1. 0. 1. 1. 0. 1. 0. 0. 1. 1. 0. 0. 0. 0. 0.]
 [1. 0. 1. 1. 1. 0. 1. 1. 0. 1. 0. 1. 1. 1. 1. 0. 0. 0. 0. 0.]
 [0. 1. 1. 1. 1. 1. 1. 1. 0. 1. 0. 0. 1. 1. 0. 0. 0. 0. 0. 0.]
 [0. 1. 1. 0. 1. 1. 1. 1. 1. 1. 1. 1. 1. 1. 0. 0. 0. 0. 0. 0.]]
start_times_array: [[2.010e+02 7.060e+02 8.700e+02 1.134e+03 1.890e+03 3.573e+03 3.814e+03
  4.759e+03 6.381e+03 7.068e+03 7.382e+03 7.494e+03 7.588e+03 7.901e+03
  7.912e+03]
 [0.000e+00 4.960e+02 5.420e+02 5.600e+02 2.913e+03 3.009e+03 4.033e+03
  4.048e+03 4.676e+03 5.119e+03 5.435e+03 5.436e+03 6.077e+03 6.484e+03
  7.713e+03]
 [4.180e+02 6.430e+02 1.297e+03 1.358e+03 3.778e+03 4.297e+03 4.976e+03
  5.355e+03 5.617e+03 5.666e+03 6.732e+03 6.864e+03 7.631e+03 7.789e+03
  7.825e+03]
 [1.597e+03 1.722e+03 2.049e+03 2.191e+03 2.360e+03 2.729e+03 5.530e+03
  6.230e+03 6.645e+03 6.736e+03 7.156e+03 7.222e+03 7.484e+03 7.538e+03
  7.566e+03]
 [9.800e+01 1.756e+03 1.930e+03 2.445e+03 2.865e+03 3.143e+03 3.385e+03
  3.652e+03 3.665e+03 3.858e+03 5.805e+03 6.317e+03 6.576e+03 6.915e+03
  7.445e+03]
 [3.380e+02 1.160e+03 1.708e+03 3.293e+03 3.747e+03 4.161e+03 4.824e+03
  5.078e+03 5.488e+03 5.494e+03 6.268e+03 6.386e+03 6.824e+03 7.382e+03
  7.494e+03]
 [5.600e+02 1.675e+03 1.824e+03 2.294e+03 2.529e+03 4.089e+03 4.160e+03
  5.119e+03 5.435e+03 5.735e+03 5.927e+03 6.484e+03 6.569e+03 6.650e+03
  7.037e+03]
 [7.950e+02 1.011e+03 1.597e+03 1.655e+03 2.049e+03 2.607e+03 2.847e+03
  3.674e+03 4.195e+03 4.507e+03 5.078e+03 5.520e+03 7.157e+03 7.430e+03
  7.538e+03]
 [2.450e+02 9.470e+02 1.407e+03 1.501e+03 2.622e+03 3.395e+03 3.494e+03
  3.521e+03 4.872e+03 5.878e+03 6.027e+03 6.343e+03 6.591e+03 7.225e+03
  7.305e+03]
 [3.520e+02 1.510e+03 1.666e+03 1.777e+03 2.985e+03 4.089e+03 4.164e+03
  4.695e+03 4.818e+03 5.435e+03 5.719e+03 6.369e+03 6.468e+03 6.494e+03
  6.650e+03]
 [2.450e+02 7.060e+02 9.260e+02 1.134e+03 2.622e+03 2.682e+03 3.395e+03
  4.720e+03 6.005e+03 6.587e+03 6.736e+03 7.225e+03 7.300e+03 7.328e+03
  7.901e+03]
 [1.900e+01 1.272e+03 1.763e+03 2.013e+03 2.236e+03 2.250e+03 2.295e+03
  3.073e+03 3.105e+03 3.950e+03 4.333e+03 4.890e+03 5.200e+03 5.261e+03
  7.004e+03]
 [1.024e+03 1.290e+03 1.872e+03 1.930e+03 2.210e+03 2.445e+03 3.652e+03
  3.858e+03 4.403e+03 4.587e+03 4.976e+03 5.001e+03 5.009e+03 6.864e+03
  6.958e+03]
 [4.960e+02 6.880e+02 1.122e+03 1.229e+03 2.360e+03 2.904e+03 3.053e+03
  3.300e+03 3.353e+03 4.033e+03 4.272e+03 6.260e+03 6.274e+03 6.824e+03
  6.854e+03]
 [7.300e+01 2.160e+02 1.357e+03 1.950e+03 2.236e+03 2.295e+03 3.758e+03
  3.866e+03 3.942e+03 4.088e+03 4.890e+03 5.428e+03 5.651e+03 6.082e+03
  7.812e+03]
 [6.000e+00 1.760e+02 4.180e+02 5.640e+02 2.529e+03 2.804e+03 2.969e+03
  3.758e+03 3.866e+03 3.949e+03 4.022e+03 4.309e+03 4.494e+03 5.373e+03
  5.950e+03]
 [6.000e+00 4.900e+01 1.024e+03 1.277e+03 1.495e+03 1.510e+03 1.824e+03
  2.119e+03 2.540e+03 4.089e+03 4.136e+03 4.353e+03 4.818e+03 4.866e+03
  5.927e+03]
 [2.840e+02 9.190e+02 1.107e+03 1.422e+03 1.693e+03 2.119e+03 2.214e+03
  2.688e+03 2.798e+03 3.167e+03 3.203e+03 3.395e+03 6.059e+03 6.153e+03
  6.270e+03]
 [6.000e+00 6.400e+01 2.320e+02 2.420e+02 7.210e+02 2.214e+03 3.395e+03
  3.460e+03 3.638e+03 3.866e+03 4.333e+03 4.740e+03 5.866e+03 6.187e+03
  6.587e+03]
 [1.760e+02 8.700e+02 1.693e+03 2.121e+03 2.214e+03 2.273e+03 2.758e+03
  2.969e+03 3.234e+03 3.569e+03 3.758e+03 5.228e+03 5.867e+03 6.103e+03
  6.170e+03]]
