optimal_status: 0
solution: 6394.999999359409
cpu_time: 3600.166782140732
gap: 0.8299305170259755
upper_bound: 1087.5943435099418
lower_bound: 6394.999999359409
cg_matrix: [[0. 1. 1. 0. 1. 1. 0. 0. 1. 0. 1. 1. 1. 1. 1.]
 [1. 0. 1. 1. 1. 1. 0. 1. 1. 1. 1. 0. 1. 1. 1.]
 [1. 1. 0. 1. 0. 1. 1. 0. 1. 1. 1. 1. 1. 1. 1.]
 [0. 1. 1. 0. 1. 1. 1. 1. 1. 1. 1. 1. 1. 1. 1.]
 [1. 1. 0. 1. 0. 0. 1. 1. 1. 1. 1. 1. 1. 1. 1.]
 [1. 1. 1. 1. 0. 0. 1. 1. 0. 1. 1. 1. 1. 0. 1.]
 [0. 0. 1. 1. 1. 1. 0. 1. 1. 1. 1. 0. 1. 1. 1.]
 [0. 1. 0. 1. 1. 1. 1. 0. 1. 0. 1. 1. 0. 1. 1.]
 [1. 1. 1. 1. 1. 0. 1. 1. 0. 1. 0. 0. 1. 1. 1.]
 [0. 1. 1. 1. 1. 1. 1. 0. 1. 0. 1. 1. 0. 1. 0.]
 [1. 1. 1. 1. 1. 1. 1. 1. 0. 1. 0. 1. 0. 1. 1.]
 [1. 0. 1. 1. 1. 1. 0. 1. 0. 1. 1. 0. 1. 1. 1.]
 [1. 1. 1. 1. 1. 1. 1. 0. 1. 0. 0. 1. 0. 1. 1.]
 [1. 1. 1. 1. 1. 0. 1. 1. 1. 1. 1. 1. 1. 0. 1.]
 [1. 1. 1. 1. 1. 1. 1. 1. 1. 0. 1. 1. 1. 1. 0.]]
start_times_array: [[ 409.          905.         1001.         1224.         1487.99999936
  2059.99999936 2134.99999936 2501.99999936 2634.99999936 2864.99999936
  4492.99999936 5282.99999936 5772.99999936 6271.99999936 6370.99999936]
 [ 151.          699.         1748.99999936 2007.99999936 2566.99999936
  2894.99999936 2907.99999936 3413.99999936 4845.99999936 4902.99999936
  4939.99999936 5344.99999936 5385.99999936 5543.99999936 5958.99999936]
 [ 449.          825.          871.         1115.         1885.99999936
  3055.99999936 3267.99999936 3613.99999936 3650.99999936 3830.99999936
  4172.99999936 5637.99999936 6035.99999936 6037.99999936 6088.99999936]
 [ 279.          298.          407.          585.          903.
  1045.         1224.         1300.         1485.99999936 2103.99999936
  5282.99999936 5772.99999936 6200.99999936 6281.99999936 6297.99999936]
 [ 817.         1622.99999936 1693.99999936 1847.99999936 3103.99999936
  3194.99999936 3231.99999936 3320.99999936 4673.99999936 5203.99999936
  5637.99999936 6035.99999936 6085.99999936 6106.99999936 6136.99999936]
 [  23.           37.          593.         1563.99999936 1635.99999936
  1641.99999936 2957.99999936 3134.99999936 3184.99999936 3329.99999936
  3527.99999936 3704.99999936 3892.99999936 4655.99999936 5032.99999936]
 [  52.           73.          688.          975.         1696.99999936
  1776.99999936 1948.99999936 2007.99999936 2533.99999936 2591.99999936
  2894.99999936 2947.99999936 3737.99999936 3829.99999936 4139.99999936]
 [ 250.          449.         1084.         1192.         2669.99999936
  2797.99999936 2856.99999936 3055.99999936 3304.99999936 3613.99999936
  4179.99999936 4490.99999936 5115.99999936 5842.99999936 5888.99999936]
 [ 153.          190.          536.         1060.         1376.99999936
  1377.99999936 2187.99999936 2311.99999936 2326.99999936 3527.99999936
  3568.99999936 3842.99999936 4269.99999936 4612.99999936 4758.99999936]
 [  22.          206.          314.          361.          789.
  2335.99999936 2389.99999936 2449.99999936 2669.99999936 3365.99999936
  3376.99999936 3448.99999936 3925.99999936 4450.99999936 4499.99999936]
 [   0.          157.          552.          787.         1060.
  1202.         2187.99999936 2260.99999936 2835.99999936 3831.99999936
  4000.99999936 4269.99999936 4612.99999936 4758.99999936 4797.99999936]
 [  76.          697.          743.          764.         1376.99999936
  1696.99999936 1715.99999936 1779.99999936 1973.99999936 2007.99999936
  2566.99999936 3737.99999936 4845.99999936 4922.99999936 4938.99999936]
 [   0.          199.          787.         1083.         1202.
  1462.99999936 2226.99999936 2772.99999936 2880.99999936 3448.99999936
  4000.99999936 4303.99999936 5115.99999936 5160.99999936 5856.99999936]
 [  23.          593.         1324.99999936 1563.99999936 1915.99999936
  1995.99999936 2699.99999936 2959.99999936 4363.99999936 4438.99999936
  5032.99999936 5382.99999936 5453.99999936 5715.99999936 6029.99999936]
 [ 313.          885.         2335.99999936 2389.99999936 2431.99999936
  3341.99999936 3370.99999936 3461.99999936 3925.99999936 4069.99999936
  4450.99999936 4563.99999936 4611.99999936 5688.99999936 5946.99999936]]
