optimal_status: 0
solution: 15614.0
cpu_time: 3600.9635338783264
gap: 0.9146919431279621
upper_bound: 1332.0
lower_bound: 15614.0
cg_matrix: [[0. 1. 1. 1. 1. 1. 1. 1. 1. 1. 1. 1. 1. 0. 1. 1. 1. 0. 1. 1.]
 [1. 0. 1. 1. 1. 1. 1. 1. 1. 1. 1. 1. 1. 1. 1. 0. 1. 1. 1. 1.]
 [1. 1. 0. 1. 1. 0. 0. 1. 1. 1. 1. 1. 0. 1. 1. 0. 1. 0. 1. 1.]
 [1. 1. 1. 0. 1. 1. 1. 0. 1. 0. 0. 1. 1. 0. 1. 0. 1. 1. 1. 1.]
 [1. 1. 1. 1. 0. 0. 1. 1. 1. 0. 1. 0. 1. 1. 1. 1. 1. 1. 1. 1.]
 [1. 1. 0. 1. 0. 0. 1. 0. 1. 0. 1. 0. 1. 1. 1. 0. 1. 1. 1. 0.]
 [1. 1. 0. 1. 1. 1. 0. 0. 1. 1. 0. 1. 1. 1. 1. 1. 1. 1. 0. 0.]
 [1. 1. 1. 0. 1. 0. 0. 0. 1. 0. 0. 1. 1. 1. 1. 1. 1. 0. 1. 1.]
 [1. 1. 1. 1. 1. 1. 1. 1. 0. 0. 0. 1. 0. 1. 1. 1. 1. 1. 1. 0.]
 [1. 1. 1. 0. 0. 0. 1. 0. 0. 0. 1. 1. 1. 1. 1. 0. 1. 1. 1. 1.]
 [1. 1. 1. 0. 1. 1. 0. 0. 0. 1. 0. 1. 1. 0. 1. 1. 1. 1. 1. 1.]
 [1. 1. 1. 1. 0. 0. 1. 1. 1. 1. 1. 0. 0. 1. 1. 1. 1. 1. 1. 1.]
 [1. 1. 0. 1. 1. 1. 1. 1. 0. 1. 1. 0. 0. 1. 0. 1. 1. 1. 1. 1.]
 [0. 1. 1. 0. 1. 1. 1. 1. 1. 1. 0. 1. 1. 0. 1. 0. 1. 1. 1. 1.]
 [1. 1. 1. 1. 1. 1. 1. 1. 1. 1. 1. 1. 0. 1. 0. 1. 1. 1. 0. 1.]
 [1. 0. 0. 0. 1. 0. 1. 1. 1. 0. 1. 1. 1. 0. 1. 0. 1. 1. 1. 1.]
 [1. 1. 1. 1. 1. 1. 1. 1. 1. 1. 1. 1. 1. 1. 1. 1. 0. 1. 1. 1.]
 [0. 1. 0. 1. 1. 1. 1. 0. 1. 1. 1. 1. 1. 1. 1. 1. 1. 0. 0. 1.]
 [1. 1. 1. 1. 1. 1. 0. 1. 1. 1. 1. 1. 1. 1. 0. 1. 1. 0. 0. 1.]
 [1. 1. 1. 1. 1. 0. 0. 1. 0. 1. 1. 1. 1. 1. 1. 1. 1. 1. 1. 0.]]
start_times_array: [[2.6050e+03 1.4290e+04 1.4402e+04 1.4656e+04 1.4743e+04 1.4876e+04
  1.4890e+04 1.4920e+04 1.5009e+04 1.5078e+04 1.5110e+04 1.5169e+04
  1.5189e+04 1.5215e+04 1.5250e+04 1.5333e+04 1.5358e+04 1.5406e+04
  1.5457e+04 1.5515e+04]
 [1.6390e+03 1.3388e+04 1.3457e+04 1.3866e+04 1.3895e+04 1.4017e+04
  1.4096e+04 1.4169e+04 1.4182e+04 1.4207e+04 1.4215e+04 1.4252e+04
  1.4258e+04 1.4259e+04 1.4298e+04 1.4395e+04 1.4444e+04 1.4491e+04
  1.4582e+04 1.4838e+04]
 [1.7860e+03 1.2556e+04 1.2680e+04 1.2802e+04 1.2921e+04 1.3085e+04
  1.3114e+04 1.3135e+04 1.3172e+04 1.3254e+04 1.3281e+04 1.3314e+04
  1.3315e+04 1.3422e+04 1.3489e+04 1.3572e+04 1.3651e+04 1.3730e+04
  1.3822e+04 1.3939e+04]
 [1.1815e+04 1.2079e+04 1.2164e+04 1.2240e+04 1.2324e+04 1.2401e+04
  1.2421e+04 1.2484e+04 1.2485e+04 1.2490e+04 1.2495e+04 1.2545e+04
  1.2624e+04 1.2632e+04 1.2646e+04 1.2724e+04 1.2744e+04 1.2833e+04
  1.2865e+04 1.3011e+04]
 [2.8630e+03 3.2560e+03 1.1062e+04 1.1141e+04 1.1219e+04 1.1245e+04
  1.1283e+04 1.1355e+04 1.1438e+04 1.1489e+04 1.1498e+04 1.1543e+04
  1.1556e+04 1.1587e+04 1.1678e+04 1.1718e+04 1.1724e+04 1.1886e+04
  1.1910e+04 1.2006e+04]
 [3.8000e+01 1.2100e+02 1.1062e+04 1.1145e+04 1.1167e+04 1.1175e+04
  1.1219e+04 1.1312e+04 1.1317e+04 1.1399e+04 1.1464e+04 1.1541e+04
  1.1597e+04 1.1663e+04 1.1724e+04 1.1806e+04 1.1828e+04 1.1910e+04
  1.1945e+04 1.2028e+04]
 [0.0000e+00 9.7910e+03 9.9180e+03 1.0009e+04 1.0030e+04 1.0118e+04
  1.0211e+04 1.0226e+04 1.0236e+04 1.0304e+04 1.0379e+04 1.0432e+04
  1.0532e+04 1.0543e+04 1.0716e+04 1.0814e+04 1.0870e+04 1.0907e+04
  1.0964e+04 1.0979e+04]
 [9.6890e+03 9.7710e+03 9.9180e+03 9.9370e+03 1.0004e+04 1.0037e+04
  1.0115e+04 1.0174e+04 1.0176e+04 1.0208e+04 1.0286e+04 1.0383e+04
  1.0460e+04 1.0532e+04 1.0566e+04 1.0611e+04 1.0637e+04 1.0716e+04
  1.0744e+04 1.0832e+04]
 [7.8140e+03 7.8600e+03 7.8880e+03 8.2630e+03 8.3580e+03 8.3750e+03
  8.4590e+03 8.5270e+03 8.5530e+03 8.5850e+03 8.8880e+03 9.2740e+03
  9.3330e+03 9.4000e+03 9.4440e+03 9.5240e+03 9.5940e+03 9.6920e+03
  9.7620e+03 9.8690e+03]
 [8.1900e+03 8.2190e+03 8.2630e+03 8.2690e+03 8.3310e+03 8.4210e+03
  8.4380e+03 8.4960e+03 8.5900e+03 8.6010e+03 8.6660e+03 8.7620e+03
  8.8380e+03 8.8960e+03 8.9560e+03 9.0070e+03 9.0580e+03 9.1560e+03
  9.1820e+03 9.4000e+03]
 [1.6850e+03 1.7770e+03 5.2930e+03 5.4090e+03 7.5320e+03 7.5890e+03
  7.6600e+03 7.6680e+03 7.8140e+03 7.8250e+03 7.9030e+03 7.9530e+03
  7.9900e+03 8.0820e+03 8.0870e+03 8.1000e+03 8.1630e+03 8.1840e+03
  8.2170e+03 8.2360e+03]
 [6.1890e+03 6.3240e+03 6.5750e+03 6.5880e+03 6.6380e+03 6.6610e+03
  6.7360e+03 6.7600e+03 6.8290e+03 6.9010e+03 6.9540e+03 7.0480e+03
  7.0730e+03 7.0940e+03 7.1510e+03 7.1670e+03 7.1840e+03 7.3180e+03
  7.4650e+03 7.5070e+03]
 [5.6310e+03 6.1890e+03 6.3240e+03 6.5750e+03 6.6460e+03 6.6540e+03
  6.7050e+03 6.7920e+03 6.9010e+03 6.9380e+03 7.0310e+03 7.1130e+03
  7.1140e+03 7.1900e+03 7.2390e+03 7.2740e+03 7.3180e+03 7.3680e+03
  7.4650e+03 7.5280e+03]
 [4.9930e+03 5.0190e+03 5.0590e+03 5.1620e+03 5.2930e+03 5.3030e+03
  5.3630e+03 5.3950e+03 5.4660e+03 5.5390e+03 5.6000e+03 5.7250e+03
  5.8190e+03 5.8800e+03 5.9650e+03 6.0560e+03 6.1540e+03 6.2690e+03
  6.3980e+03 6.4820e+03]
 [4.1190e+03 4.2820e+03 4.3290e+03 4.3590e+03 4.4420e+03 4.4880e+03
  4.4960e+03 4.5370e+03 4.6200e+03 4.6530e+03 4.6720e+03 4.7470e+03
  4.7840e+03 4.8010e+03 4.8300e+03 4.8350e+03 4.8970e+03 5.0120e+03
  5.0890e+03 5.2540e+03]
 [3.2000e+03 3.3530e+03 3.3720e+03 3.3820e+03 3.4490e+03 3.4550e+03
  3.5630e+03 3.6500e+03 3.7330e+03 3.7400e+03 3.7910e+03 3.8460e+03
  3.9250e+03 3.9490e+03 3.9510e+03 4.0390e+03 4.1870e+03 4.2240e+03
  4.3090e+03 5.3640e+03]
 [2.3320e+03 2.5720e+03 2.7000e+03 2.7270e+03 2.7470e+03 2.7490e+03
  2.7750e+03 2.9340e+03 2.9580e+03 3.0200e+03 3.0880e+03 3.1470e+03
  3.2490e+03 3.2680e+03 3.4970e+03 4.2950e+03 7.4430e+03 7.6450e+03
  7.7480e+03 7.7560e+03]
 [1.0750e+03 1.2190e+03 1.3480e+03 1.4390e+03 1.6300e+03 1.6440e+03
  1.7860e+03 1.8620e+03 1.8860e+03 1.9630e+03 2.0230e+03 2.1160e+03
  2.1550e+03 2.2480e+03 2.3190e+03 2.4210e+03 2.4940e+03 2.5380e+03
  2.5530e+03 2.6050e+03]
 [8.9100e+02 1.0750e+03 1.1090e+03 1.1450e+03 1.2270e+03 1.2550e+03
  1.3070e+03 1.3290e+03 1.3620e+03 1.4390e+03 1.4660e+03 1.5280e+03
  1.5870e+03 1.6440e+03 1.6450e+03 2.0740e+03 2.1590e+03 2.2210e+03
  2.2550e+03 4.6330e+03]
 [0.0000e+00 1.5000e+01 5.3000e+01 1.3600e+02 1.6800e+02 1.8000e+02
  2.2100e+02 3.0200e+02 3.8100e+02 4.7100e+02 4.8300e+02 5.0100e+02
  5.3800e+02 5.3900e+02 6.3000e+02 7.0300e+02 7.0800e+02 7.9000e+02
  8.5400e+02 9.8400e+02]]
