optimal_status: 0
solution: 12142.0
cpu_time: 3600.540584087372
gap: 0.9024048756382803
upper_bound: 1185.0
lower_bound: 12142.0
cg_matrix: [[0. 1. 1. 1. 1. 1. 1. 0. 1. 1. 1. 1. 1. 1. 1. 1. 1. 0. 1. 1. 1. 1. 0. 0.
  1. 1. 0. 1. 1. 1.]
 [1. 0. 1. 0. 1. 0. 1. 1. 1. 1. 1. 1. 0. 1. 1. 1. 1. 1. 1. 1. 1. 1. 1. 1.
  1. 0. 1. 1. 1. 0.]
 [1. 1. 0. 0. 1. 0. 0. 1. 1. 1. 1. 1. 1. 0. 1. 1. 0. 0. 1. 1. 1. 1. 1. 1.
  1. 0. 1. 0. 0. 1.]
 [1. 0. 0. 0. 1. 1. 1. 1. 0. 0. 1. 1. 1. 1. 1. 1. 1. 1. 1. 1. 1. 1. 1. 0.
  1. 1. 1. 0. 1. 1.]
 [1. 1. 1. 1. 0. 0. 1. 1. 1. 1. 1. 1. 1. 1. 1. 1. 1. 1. 0. 1. 1. 1. 1. 1.
  1. 1. 1. 0. 1. 0.]
 [1. 0. 0. 1. 0. 0. 0. 1. 1. 1. 1. 1. 1. 1. 1. 1. 1. 1. 1. 0. 1. 1. 1. 1.
  0. 1. 1. 1. 1. 1.]
 [1. 1. 0. 1. 1. 0. 0. 1. 1. 1. 1. 1. 1. 1. 1. 1. 1. 1. 1. 1. 1. 1. 1. 1.
  0. 1. 1. 1. 1. 1.]
 [0. 1. 1. 1. 1. 1. 1. 0. 1. 1. 1. 1. 1. 1. 1. 0. 0. 1. 1. 1. 1. 1. 1. 0.
  0. 1. 1. 1. 1. 1.]
 [1. 1. 1. 0. 1. 1. 1. 1. 0. 1. 1. 1. 1. 0. 0. 1. 0. 0. 1. 1. 0. 0. 1. 1.
  1. 1. 1. 1. 1. 1.]
 [1. 1. 1. 0. 1. 1. 1. 1. 1. 0. 1. 1. 1. 1. 1. 1. 1. 1. 1. 1. 1. 0. 1. 1.
  1. 1. 1. 0. 1. 0.]
 [1. 1. 1. 1. 1. 1. 1. 1. 1. 1. 0. 0. 1. 0. 1. 1. 1. 1. 1. 0. 1. 0. 1. 1.
  1. 1. 1. 1. 1. 1.]
 [1. 1. 1. 1. 1. 1. 1. 1. 1. 1. 0. 0. 1. 0. 0. 1. 1. 1. 1. 1. 1. 1. 1. 0.
  1. 0. 1. 1. 1. 1.]
 [1. 0. 1. 1. 1. 1. 1. 1. 1. 1. 1. 1. 0. 1. 0. 0. 1. 0. 1. 1. 0. 0. 1. 1.
  1. 1. 1. 1. 1. 1.]
 [1. 1. 0. 1. 1. 1. 1. 1. 0. 1. 0. 0. 1. 0. 1. 1. 0. 1. 1. 1. 1. 0. 0. 1.
  1. 1. 1. 0. 1. 1.]
 [1. 1. 1. 1. 1. 1. 1. 1. 0. 1. 1. 0. 0. 1. 0. 1. 1. 1. 1. 1. 1. 1. 0. 0.
  1. 1. 1. 1. 0. 1.]
 [1. 1. 1. 1. 1. 1. 1. 0. 1. 1. 1. 1. 0. 1. 1. 0. 0. 0. 0. 0. 0. 0. 0. 0.
  0. 0. 0. 0. 0. 0.]
 [1. 1. 0. 1. 1. 1. 1. 0. 0. 1. 1. 1. 1. 0. 1. 0. 0. 0. 0. 0. 0. 0. 0. 0.
  0. 0. 0. 0. 0. 0.]
 [0. 1. 0. 1. 1. 1. 1. 1. 0. 1. 1. 1. 0. 1. 1. 0. 0. 0. 0. 0. 0. 0. 0. 0.
  0. 0. 0. 0. 0. 0.]
 [1. 1. 1. 1. 0. 1. 1. 1. 1. 1. 1. 1. 1. 1. 1. 0. 0. 0. 0. 0. 0. 0. 0. 0.
  0. 0. 0. 0. 0. 0.]
 [1. 1. 1. 1. 1. 0. 1. 1. 1. 1. 0. 1. 1. 1. 1. 0. 0. 0. 0. 0. 0. 0. 0. 0.
  0. 0. 0. 0. 0. 0.]
 [1. 1. 1. 1. 1. 1. 1. 1. 0. 1. 1. 1. 0. 1. 1. 0. 0. 0. 0. 0. 0. 0. 0. 0.
  0. 0. 0. 0. 0. 0.]
 [1. 1. 1. 1. 1. 1. 1. 1. 0. 0. 0. 1. 0. 0. 1. 0. 0. 0. 0. 0. 0. 0. 0. 0.
  0. 0. 0. 0. 0. 0.]
 [0. 1. 1. 1. 1. 1. 1. 1. 1. 1. 1. 1. 1. 0. 0. 0. 0. 0. 0. 0. 0. 0. 0. 0.
  0. 0. 0. 0. 0. 0.]
 [0. 1. 1. 0. 1. 1. 1. 0. 1. 1. 1. 0. 1. 1. 0. 0. 0. 0. 0. 0. 0. 0. 0. 0.
  0. 0. 0. 0. 0. 0.]
 [1. 1. 1. 1. 1. 0. 0. 0. 1. 1. 1. 1. 1. 1. 1. 0. 0. 0. 0. 0. 0. 0. 0. 0.
  0. 0. 0. 0. 0. 0.]
 [1. 0. 0. 1. 1. 1. 1. 1. 1. 1. 1. 0. 1. 1. 1. 0. 0. 0. 0. 0. 0. 0. 0. 0.
  0. 0. 0. 0. 0. 0.]
 [0. 1. 1. 1. 1. 1. 1. 1. 1. 1. 1. 1. 1. 1. 1. 0. 0. 0. 0. 0. 0. 0. 0. 0.
  0. 0. 0. 0. 0. 0.]
 [1. 1. 0. 0. 0. 1. 1. 1. 1. 0. 1. 1. 1. 0. 1. 0. 0. 0. 0. 0. 0. 0. 0. 0.
  0. 0. 0. 0. 0. 0.]
 [1. 1. 0. 1. 1. 1. 1. 1. 1. 1. 1. 1. 1. 1. 0. 0. 0. 0. 0. 0. 0. 0. 0. 0.
  0. 0. 0. 0. 0. 0.]
 [1. 0. 1. 1. 0. 1. 1. 1. 1. 0. 1. 1. 1. 1. 1. 0. 0. 0. 0. 0. 0. 0. 0. 0.
  0. 0. 0. 0. 0. 0.]]
start_times_array: [[  734.           976.         11156.         11217.
  11285.         11334.         11425.         11482.
  11654.         11741.         11747.         11829.
  11876.         11973.         12067.        ]
 [    0.          1203.          2622.         10433.
  10612.         10733.         10849.         10888.
  10931.         10993.         11034.         11112.
  11148.         11196.         11563.        ]
 [  922.          9713.          9759.          9934.
   9995.          9997.         10095.         10190.
  10197.         10265.         10361.         10494.
  10544.         10679.         10812.        ]
 [ 1023.          2622.          9713.          9759.
   9820.          9863.          9934.          9995.
  10066.         10096.         10183.         10269.
  10279.         10369.99999878 10462.99999878]
 [  195.          2704.          9036.          9101.
   9114.          9144.          9166.          9212.
   9282.          9370.          9448.          9527.
   9584.          9655.          9959.        ]
 [  908.          2899.          8556.          8588.
   8603.          8701.          8796.          8853.
   8919.          8962.          8993.          9101.
   9161.          9234.          9290.        ]
 [ 1433.          1460.          1502.          8446.
   8556.          8578.          8635.          8728.
   8786.          8853.          8917.          8947.
   8963.          8984.          9003.        ]
 [ 7206.          7689.          7740.          7793.
   7855.          7913.          7951.          8035.
   8100.          8187.          8213.          8308.
   8369.          8458.          8507.        ]
 [ 1526.          2931.          3012.          3067.
   3126.          3323.          3477.          3574.
   3631.          4048.          7364.          7446.
   7535.          7622.          7635.        ]
 [ 6136.          6282.          6315.          6532.
   6628.          6651.          6687.          6715.
   6837.          6915.          6993.          7087.
   7159.          7249.          7277.        ]
 [ 3730.          4140.          4229.          5659.
   5693.          5812.          5827.          5913.
   5918.          5922.          5985.          6054.
   6253.          6479.          6768.        ]
 [ 1786.          5209.          5416.          5466.
   5573.          5649.          5723.          5812.
   5827.          5832.          5834.          5913.
   5972.          6065.          6196.        ]
 [ 4289.          4565.          4652.          4665.
   4727.          4868.          4935.          5024.
   5035.          5064.          5116.          5178.
   5310.          5361.          5534.        ]
 [ 3730.          3806.          3898.          3983.
   4003.          4064.          4078.          4140.
   4192.          4197.          4260.          4349.
   4434.          4513.          5209.        ]
 [ 1822.          2783.          2931.          3024.
   3075.          3172.          3259.          3347.
   3375.          3432.          3477.          3500.
   3591.          3657.          4565.        ]
 [  146.           251.           335.           367.
    399.           458.           653.          2382.
   2415.          2456.          3218.          4606.
   4665.          4715.          4935.        ]
 [  368.           462.           514.           537.
    724.          1104.          1258.          1355.
   1651.          2026.          2100.          2238.
   2435.          2828.          3983.        ]
 [   42.           307.           364.          1652.
   1764.          1973.          2043.          2090.
   2162.          2214.          2253.          2407.
   2437.          2455.          2775.        ]
 [  173.           237.          2176.          2239.
   2253.          2308.          2318.          2407.
   2496.          2520.          2552.          2704.
   2828.          4822.          5296.        ]
 [   42.           582.          1619.          1646.
   1883.          1927.          2024.          2108.
   2124.          2151.          2175.          2273.
   2331.          2440.          2851.        ]
 [   48.           111.           225.           243.
    294.           341.           368.          1258.
   1359.          1575.          1619.          1710.
   1883.          1961.          1997.        ]
 [  160.          1258.          1344.          1588.
   1641.          1742.          1883.          1973.
   1989.          2059.          2239.          2383.
   2423.          3730.          3819.        ]
 [   42.           115.           225.           330.
    377.           454.           526.           610.
   1710.          1883.          1949.          1955.
   2040.          2127.          2195.        ]
 [  139.           276.           463.           520.
    666.           850.          1028.          1125.
   1258.          1619.          1833.          1989.
   2058.          2330.          3231.        ]
 [   74.           225.           297.           476.
    532.           601.           658.           830.
    877.          1122.          1195.          1744.
   1883.          1885.          2246.        ]
 [    0.           131.           267.           368.
    567.           666.           830.          1104.
   1125.          1147.          1208.          1251.
   1349.          5416.          5573.        ]
 [   94.           114.           225.           323.
    350.           399.           528.           588.
    727.           789.           866.          1104.
   1334.          4822.          6381.        ]
 [   84.            93.           138.           230.
    309.           361.           433.           436.
    589.           701.          1619.          2162.
   2326.          3932.          4018.        ]
 [   42.           108.           225.           318.
    380.           399.           411.           464.
    537.           566.           567.           632.
    667.          1178.          4612.        ]
 [    0.            13.            35.            69.
     74.           142.           223.           312.
    380.           476.           526.           570.
    640.          1245.          1388.        ]]
