optimal_status: 0
solution: 18490.0
cpu_time: 3600.1747150421143
gap: 0.9257947140781188
upper_bound: 1372.055736695584
lower_bound: 18490.0
cg_matrix: [[0. 1. 0. 0. 0. 1. 1. 1. 0. 1. 1. 1. 1. 1. 0. 0. 1. 1. 1. 0.]
 [1. 0. 1. 1. 1. 0. 1. 1. 1. 1. 1. 0. 1. 1. 0. 0. 0. 0. 1. 1.]
 [0. 1. 0. 1. 1. 1. 0. 1. 1. 1. 0. 1. 1. 0. 0. 1. 0. 1. 1. 1.]
 [0. 1. 1. 0. 1. 1. 1. 0. 1. 1. 0. 1. 1. 1. 1. 1. 1. 1. 0. 1.]
 [0. 1. 1. 1. 0. 1. 1. 1. 0. 1. 1. 0. 1. 1. 1. 1. 0. 1. 1. 1.]
 [1. 0. 1. 1. 1. 0. 1. 1. 1. 0. 0. 1. 1. 1. 1. 0. 1. 1. 1. 1.]
 [1. 1. 0. 1. 1. 1. 0. 1. 1. 1. 1. 0. 1. 1. 1. 1. 1. 1. 1. 0.]
 [1. 1. 1. 0. 1. 1. 1. 0. 1. 0. 0. 1. 0. 1. 1. 1. 1. 1. 1. 0.]
 [0. 1. 1. 1. 0. 1. 1. 1. 0. 1. 1. 0. 1. 1. 1. 1. 1. 1. 1. 1.]
 [1. 1. 1. 1. 1. 0. 1. 0. 1. 0. 1. 0. 1. 1. 1. 1. 1. 1. 1. 1.]
 [1. 1. 0. 0. 1. 0. 1. 0. 1. 1. 0. 1. 1. 0. 1. 1. 1. 1. 1. 1.]
 [1. 0. 1. 1. 0. 1. 0. 1. 0. 0. 1. 0. 1. 1. 1. 1. 1. 1. 1. 1.]
 [1. 1. 1. 1. 1. 1. 1. 0. 1. 1. 1. 1. 0. 0. 1. 1. 1. 1. 1. 1.]
 [1. 1. 0. 1. 1. 1. 1. 1. 1. 1. 0. 1. 0. 0. 1. 0. 1. 1. 0. 1.]
 [0. 0. 0. 1. 1. 1. 1. 1. 1. 1. 1. 1. 1. 1. 0. 1. 1. 1. 1. 0.]
 [0. 0. 1. 1. 1. 0. 1. 1. 1. 1. 1. 1. 1. 0. 1. 0. 1. 0. 1. 1.]
 [1. 0. 0. 1. 0. 1. 1. 1. 1. 1. 1. 1. 1. 1. 1. 1. 0. 1. 1. 1.]
 [1. 0. 1. 1. 1. 1. 1. 1. 1. 1. 1. 1. 1. 1. 1. 0. 1. 0. 1. 1.]
 [1. 1. 1. 0. 1. 1. 1. 1. 1. 1. 1. 1. 1. 0. 1. 1. 1. 1. 0. 1.]
 [0. 1. 1. 1. 1. 1. 0. 0. 1. 1. 1. 1. 1. 1. 0. 1. 1. 1. 1. 0.]]
start_times_array: [[16050. 16134. 16829. 16924. 16972. 17383. 17392. 17580. 17659. 17839.
  17889. 17913. 17962. 18043. 18099. 18169. 18258. 18349. 18374. 18454.]
 [15403. 15478. 16012. 16018. 16440. 16508. 16722. 16766. 16787. 16911.
  16994. 17068. 17099. 17161. 17252. 17317. 17458. 17484. 17742. 18048.]
 [14851. 14974. 15156. 15285. 15605. 15934. 16050. 16122. 16205. 16264.
  16280. 16372. 16531. 16595. 16599. 16829. 16924. 17383. 17580. 17645.]
 [14003. 14058. 14351. 14388. 14420. 14786. 14900. 15021. 15106. 15191.
  15349. 15660. 15680. 15774. 15794. 15825. 15855. 15904. 15912. 16675.]
 [12179. 12774. 12842. 13417. 13727. 13836. 13843. 13924. 14116. 14192.
  14286. 14451. 14462. 14560. 14598. 14693. 14965. 15000. 15386. 15526.]
 [ 7949. 12172. 12354. 12463. 12492. 12569. 12644. 12694. 12911. 12968.
  12997. 13063. 13156. 13230. 13303. 13383. 13391. 13486. 13573. 13642.]
 [ 8384. 11019. 11114. 11331. 11441. 11466. 11510. 11560. 11832. 11865.
  11954. 12033. 12036. 12090. 12260. 12323. 12448. 12772. 12844. 13765.]
 [ 8958.  9779.  9850.  9990. 10682. 10782. 10826. 10883. 10903. 10996.
  11078. 11106. 11205. 11277. 11390. 11601. 11694. 11737. 11755. 11811.]
 [ 7242.  9139.  9363.  9397.  9580.  9678.  9767.  9799.  9916. 10035.
  10113. 10117. 10189. 10363. 10553. 10622. 10657. 10747. 11096. 11408.]
 [ 7124.  7656.  7759.  7834.  7900.  8053.  8130.  8883.  8927.  8964.
   9031.  9064.  9515.  9634.  9850.  9990. 10270. 10455. 10682. 11765.]
 [ 7107.  7300.  7326.  7380.  7405.  7497.  7531.  7949.  8029.  8217.
   8309.  8481.  8549.  8633.  8705.  8789.  9164.  9233.  9329.  9486.]
 [ 6396.  6507.  6586.  6742.  6905.  6977.  7124.  7223.  7253.  7578.
   7653.  7696.  7763.  7834.  7895.  8053.  8152.  8384.  8883.  9515.]
 [ 4469.  5122.  5543.  5642.  5932.  6024.  6114.  6140.  6231.  6301.
   6383.  6462.  6660.  6809.  6867.  6999.  7018.  7084.  7174.  7740.]
 [ 3933.  5031.  5105.  5145.  5543.  5552.  5585.  5611.  5932.  5950.
   6023.  6064.  6160.  6199.  6290.  6462.  6473.  6660.  6999.  7068.]
 [ 3093.  3431.  4098.  4442.  4614.  4681.  4706.  4823.  4912.  4933.
   5197.  5289.  5361.  5418.  5456.  5457.  5459.  5714.  5805.  5847.]
 [  960.  2361.  2879.  3118.  3640.  3834.  3933.  3955.  3957.  4139.
   4212.  4228.  4313.  4410.  4423.  4456.  4504.  4554.  5031.  5422.]
 [ 2459.  2550.  2591.  2791.  2948.  3014.  3205.  3297.  3339.  3542.
   3731.  3767.  3796.  3804.  3829.  3843.  4036.  4250.  4597.  4800.]
 [  920.  1119.  1818.  1879.  2073.  2113.  2184.  2305.  2366.  2879.
   2916.  3045.  3118.  3125.  3358.  3427.  3463.  3640.  3721.  4313.]
 [  354.   522.   538.   991.  1023.  1218.  1287.  1422.  1562.  1600.
   1668.  1740.  1931.  1941.  2002.  2042.  2224.  2638.  2707.  2852.]
 [    0.    91.   108.   183.   190.   234.   244.   276.   444.   453.
    606.   651.   738.   828.   878.   989.  1197.  1225.  1329.  1474.]]
