optimal_status: 0
solution: 33261.0
cpu_time: 3602.437642812729
gap: 0.9515641919092126
upper_bound: 1611.0234129076828
lower_bound: 33261.0
cg_matrix: [[0. 0. 0. 1. 1. 1. 1. 0. 0. 0. 0. 0. 0. 0. 0. 1. 0. 0. 1. 1. 0. 1. 1. 1.
  0. 0. 0. 1. 1. 1. 1. 0. 1. 1. 0. 1. 0. 1. 1. 0. 1. 1. 1. 0. 0. 1. 0. 1.
  0. 0.]
 [0. 0. 1. 0. 0. 0. 0. 1. 1. 0. 1. 1. 1. 1. 0. 0. 0. 0. 0. 1. 1. 0. 1. 1.
  1. 1. 1. 1. 1. 1. 1. 0. 0. 0. 0. 1. 1. 1. 0. 1. 1. 0. 1. 0. 1. 1. 0. 1.
  1. 0.]
 [0. 1. 0. 1. 1. 0. 0. 0. 0. 1. 1. 1. 1. 1. 1. 1. 1. 0. 0. 0. 1. 1. 0. 0.
  0. 0. 0. 0. 1. 1. 0. 1. 1. 0. 1. 0. 0. 1. 0. 0. 1. 0. 0. 0. 1. 1. 0. 1.
  1. 0.]
 [1. 0. 1. 0. 1. 0. 1. 0. 1. 0. 0. 0. 0. 0. 1. 0. 0. 1. 0. 1. 1. 0. 0. 0.
  0. 1. 0. 1. 0. 1. 1. 1. 0. 1. 1. 1. 0. 0. 1. 0. 1. 0. 0. 1. 0. 0. 1. 0.
  0. 0.]
 [1. 0. 1. 1. 0. 0. 0. 0. 0. 0. 1. 1. 0. 1. 0. 0. 1. 0. 1. 0. 0. 0. 1. 1.
  0. 1. 1. 0. 1. 1. 0. 0. 0. 0. 1. 0. 1. 1. 1. 1. 0. 0. 0. 1. 0. 1. 1. 1.
  1. 1.]
 [1. 0. 0. 0. 0. 0. 1. 0. 1. 0. 0. 0. 1. 1. 1. 1. 1. 1. 1. 0. 0. 1. 0. 1.
  0. 0. 0. 1. 1. 0. 0. 1. 1. 1. 1. 1. 1. 1. 1. 1. 0. 1. 0. 0. 0. 0. 1. 0.
  0. 1.]
 [1. 0. 0. 1. 0. 1. 0. 1. 0. 1. 1. 0. 0. 1. 0. 1. 1. 0. 0. 1. 0. 1. 1. 1.
  0. 0. 1. 1. 0. 1. 1. 0. 1. 1. 1. 0. 1. 0. 0. 1. 0. 0. 0. 0. 0. 0. 0. 0.
  0. 1.]
 [0. 1. 0. 0. 0. 0. 1. 0. 1. 1. 0. 0. 1. 1. 1. 0. 0. 0. 0. 0. 0. 0. 1. 0.
  0. 1. 1. 1. 0. 0. 1. 1. 1. 0. 0. 1. 0. 1. 1. 1. 1. 0. 0. 0. 1. 1. 1. 1.
  0. 0.]
 [0. 1. 0. 1. 0. 1. 0. 1. 0. 0. 1. 0. 0. 1. 0. 0. 0. 0. 0. 1. 1. 0. 1. 1.
  1. 1. 1. 0. 1. 0. 0. 1. 1. 0. 0. 0. 0. 1. 1. 0. 1. 1. 0. 0. 1. 1. 0. 1.
  0. 1.]
 [0. 0. 1. 0. 0. 0. 1. 1. 0. 0. 1. 1. 1. 0. 1. 0. 1. 1. 0. 0. 0. 0. 0. 0.
  1. 0. 0. 0. 0. 1. 0. 0. 0. 1. 1. 1. 1. 1. 0. 1. 0. 0. 1. 1. 1. 1. 0. 1.
  0. 0.]
 [0. 1. 1. 0. 1. 0. 1. 0. 1. 1. 0. 0. 0. 1. 1. 1. 0. 1. 1. 0. 1. 0. 0. 0.
  0. 1. 1. 0. 1. 0. 1. 1. 1. 0. 1. 0. 0. 1. 1. 0. 1. 0. 0. 0. 0. 0. 0. 1.
  1. 1.]
 [0. 1. 1. 0. 1. 0. 0. 0. 0. 1. 0. 0. 1. 0. 1. 0. 1. 1. 0. 1. 1. 0. 1. 1.
  1. 0. 0. 0. 0. 0. 0. 0. 0. 1. 0. 0. 0. 0. 0. 0. 1. 1. 0. 0. 0. 0. 0. 0.
  0. 0.]
 [0. 1. 1. 0. 0. 1. 0. 1. 0. 1. 0. 1. 0. 0. 1. 1. 0. 0. 1. 0. 1. 0. 1. 1.
  0. 0. 0. 1. 1. 1. 0. 1. 0. 1. 0. 0. 1. 1. 0. 1. 1. 1. 0. 0. 0. 0. 0. 1.
  1. 0.]
 [0. 1. 1. 0. 1. 1. 1. 1. 1. 0. 1. 0. 0. 0. 1. 1. 0. 0. 0. 1. 0. 1. 0. 1.
  1. 0. 0. 1. 1. 0. 1. 0. 0. 1. 0. 0. 0. 0. 0. 0. 0. 1. 0. 1. 0. 0. 0. 1.
  0. 0.]
 [0. 0. 1. 1. 0. 1. 0. 1. 0. 1. 1. 1. 1. 1. 0. 0. 1. 1. 1. 1. 1. 0. 0. 1.
  1. 0. 0. 1. 1. 0. 1. 1. 0. 0. 0. 0. 0. 0. 1. 0. 0. 0. 0. 0. 1. 0. 0. 0.
  1. 1.]
 [1. 0. 1. 0. 0. 1. 1. 0. 0. 0. 1. 0. 1. 1. 0. 0. 1. 0. 1. 1. 0. 1. 1. 1.
  0. 0. 0. 0. 0. 0. 0. 0. 1. 1. 1. 1. 0. 1. 1. 0. 0. 0. 1. 0. 0. 0. 0. 1.
  1. 0.]
 [0. 0. 1. 0. 1. 1. 1. 0. 0. 1. 0. 1. 0. 0. 1. 1. 0. 0. 1. 1. 0. 1. 1. 0.
  1. 1. 0. 1. 1. 1. 0. 0. 1. 1. 0. 1. 1. 1. 1. 1. 1. 1. 1. 0. 1. 0. 0. 0.
  1. 0.]
 [0. 0. 0. 1. 0. 1. 0. 0. 0. 1. 1. 1. 0. 0. 1. 0. 0. 0. 0. 0. 0. 0. 1. 0.
  0. 1. 0. 1. 0. 1. 0. 0. 0. 1. 1. 0. 1. 0. 1. 0. 0. 1. 0. 0. 0. 0. 1. 0.
  0. 0.]
 [1. 0. 0. 0. 1. 1. 0. 0. 0. 0. 1. 0. 1. 0. 1. 1. 1. 0. 0. 1. 1. 0. 1. 0.
  1. 1. 1. 0. 0. 1. 0. 0. 1. 1. 1. 1. 1. 0. 1. 1. 1. 1. 0. 1. 0. 0. 0. 0.
  0. 0.]
 [1. 1. 0. 1. 0. 0. 1. 0. 1. 0. 0. 1. 0. 1. 1. 1. 1. 0. 1. 0. 0. 0. 0. 1.
  1. 0. 1. 0. 0. 1. 1. 1. 1. 1. 1. 1. 1. 1. 1. 1. 1. 1. 0. 0. 0. 0. 0. 1.
  1. 1.]
 [0. 1. 1. 1. 0. 0. 0. 0. 1. 0. 1. 1. 1. 0. 1. 0. 0. 0. 1. 0. 0. 0. 0. 0.
  0. 0. 0. 0. 0. 0. 0. 0. 0. 0. 0. 0. 0. 0. 0. 0. 0. 0. 0. 0. 0. 0. 0. 0.
  0. 0.]
 [1. 0. 1. 0. 0. 1. 1. 0. 0. 0. 0. 0. 0. 1. 0. 1. 1. 0. 0. 0. 0. 0. 0. 0.
  0. 0. 0. 0. 0. 0. 0. 0. 0. 0. 0. 0. 0. 0. 0. 0. 0. 0. 0. 0. 0. 0. 0. 0.
  0. 0.]
 [1. 1. 0. 0. 1. 0. 1. 1. 1. 0. 0. 1. 1. 0. 0. 1. 1. 1. 1. 0. 0. 0. 0. 0.
  0. 0. 0. 0. 0. 0. 0. 0. 0. 0. 0. 0. 0. 0. 0. 0. 0. 0. 0. 0. 0. 0. 0. 0.
  0. 0.]
 [1. 1. 0. 0. 1. 1. 1. 0. 1. 0. 0. 1. 1. 1. 1. 1. 0. 0. 0. 1. 0. 0. 0. 0.
  0. 0. 0. 0. 0. 0. 0. 0. 0. 0. 0. 0. 0. 0. 0. 0. 0. 0. 0. 0. 0. 0. 0. 0.
  0. 0.]
 [0. 1. 0. 0. 0. 0. 0. 0. 1. 1. 0. 1. 0. 1. 1. 0. 1. 0. 1. 1. 0. 0. 0. 0.
  0. 0. 0. 0. 0. 0. 0. 0. 0. 0. 0. 0. 0. 0. 0. 0. 0. 0. 0. 0. 0. 0. 0. 0.
  0. 0.]
 [0. 1. 0. 1. 1. 0. 0. 1. 1. 0. 1. 0. 0. 0. 0. 0. 1. 1. 1. 0. 0. 0. 0. 0.
  0. 0. 0. 0. 0. 0. 0. 0. 0. 0. 0. 0. 0. 0. 0. 0. 0. 0. 0. 0. 0. 0. 0. 0.
  0. 0.]
 [0. 1. 0. 0. 1. 0. 1. 1. 1. 0. 1. 0. 0. 0. 0. 0. 0. 0. 1. 1. 0. 0. 0. 0.
  0. 0. 0. 0. 0. 0. 0. 0. 0. 0. 0. 0. 0. 0. 0. 0. 0. 0. 0. 0. 0. 0. 0. 0.
  0. 0.]
 [1. 1. 0. 1. 0. 1. 1. 1. 0. 0. 0. 0. 1. 1. 1. 0. 1. 1. 0. 0. 0. 0. 0. 0.
  0. 0. 0. 0. 0. 0. 0. 0. 0. 0. 0. 0. 0. 0. 0. 0. 0. 0. 0. 0. 0. 0. 0. 0.
  0. 0.]
 [1. 1. 1. 0. 1. 1. 0. 0. 1. 0. 1. 0. 1. 1. 1. 0. 1. 0. 0. 0. 0. 0. 0. 0.
  0. 0. 0. 0. 0. 0. 0. 0. 0. 0. 0. 0. 0. 0. 0. 0. 0. 0. 0. 0. 0. 0. 0. 0.
  0. 0.]
 [1. 1. 1. 1. 1. 0. 1. 0. 0. 1. 0. 0. 1. 0. 0. 0. 1. 1. 1. 1. 0. 0. 0. 0.
  0. 0. 0. 0. 0. 0. 0. 0. 0. 0. 0. 0. 0. 0. 0. 0. 0. 0. 0. 0. 0. 0. 0. 0.
  0. 0.]
 [1. 1. 0. 1. 0. 0. 1. 1. 0. 0. 1. 0. 0. 1. 1. 0. 0. 0. 0. 1. 0. 0. 0. 0.
  0. 0. 0. 0. 0. 0. 0. 0. 0. 0. 0. 0. 0. 0. 0. 0. 0. 0. 0. 0. 0. 0. 0. 0.
  0. 0.]
 [0. 0. 1. 1. 0. 1. 0. 1. 1. 0. 1. 0. 1. 0. 1. 0. 0. 0. 0. 1. 0. 0. 0. 0.
  0. 0. 0. 0. 0. 0. 0. 0. 0. 0. 0. 0. 0. 0. 0. 0. 0. 0. 0. 0. 0. 0. 0. 0.
  0. 0.]
 [1. 0. 1. 0. 0. 1. 1. 1. 1. 0. 1. 0. 0. 0. 0. 1. 1. 0. 1. 1. 0. 0. 0. 0.
  0. 0. 0. 0. 0. 0. 0. 0. 0. 0. 0. 0. 0. 0. 0. 0. 0. 0. 0. 0. 0. 0. 0. 0.
  0. 0.]
 [1. 0. 0. 1. 0. 1. 1. 0. 0. 1. 0. 1. 1. 1. 0. 1. 1. 1. 1. 1. 0. 0. 0. 0.
  0. 0. 0. 0. 0. 0. 0. 0. 0. 0. 0. 0. 0. 0. 0. 0. 0. 0. 0. 0. 0. 0. 0. 0.
  0. 0.]
 [0. 0. 1. 1. 1. 1. 1. 0. 0. 1. 1. 0. 0. 0. 0. 1. 0. 1. 1. 1. 0. 0. 0. 0.
  0. 0. 0. 0. 0. 0. 0. 0. 0. 0. 0. 0. 0. 0. 0. 0. 0. 0. 0. 0. 0. 0. 0. 0.
  0. 0.]
 [1. 1. 0. 1. 0. 1. 0. 1. 0. 1. 0. 0. 0. 0. 0. 1. 1. 0. 1. 1. 0. 0. 0. 0.
  0. 0. 0. 0. 0. 0. 0. 0. 0. 0. 0. 0. 0. 0. 0. 0. 0. 0. 0. 0. 0. 0. 0. 0.
  0. 0.]
 [0. 1. 0. 0. 1. 1. 1. 0. 0. 1. 0. 0. 1. 0. 0. 0. 1. 1. 1. 1. 0. 0. 0. 0.
  0. 0. 0. 0. 0. 0. 0. 0. 0. 0. 0. 0. 0. 0. 0. 0. 0. 0. 0. 0. 0. 0. 0. 0.
  0. 0.]
 [1. 1. 1. 0. 1. 1. 0. 1. 1. 1. 1. 0. 1. 0. 0. 1. 1. 0. 0. 1. 0. 0. 0. 0.
  0. 0. 0. 0. 0. 0. 0. 0. 0. 0. 0. 0. 0. 0. 0. 0. 0. 0. 0. 0. 0. 0. 0. 0.
  0. 0.]
 [1. 0. 0. 1. 1. 1. 0. 1. 1. 0. 1. 0. 0. 0. 1. 1. 1. 1. 1. 1. 0. 0. 0. 0.
  0. 0. 0. 0. 0. 0. 0. 0. 0. 0. 0. 0. 0. 0. 0. 0. 0. 0. 0. 0. 0. 0. 0. 0.
  0. 0.]
 [0. 1. 0. 0. 1. 1. 1. 1. 0. 1. 0. 0. 1. 0. 0. 0. 1. 0. 1. 1. 0. 0. 0. 0.
  0. 0. 0. 0. 0. 0. 0. 0. 0. 0. 0. 0. 0. 0. 0. 0. 0. 0. 0. 0. 0. 0. 0. 0.
  0. 0.]
 [1. 1. 1. 1. 0. 0. 0. 1. 1. 0. 1. 1. 1. 0. 0. 0. 1. 0. 1. 1. 0. 0. 0. 0.
  0. 0. 0. 0. 0. 0. 0. 0. 0. 0. 0. 0. 0. 0. 0. 0. 0. 0. 0. 0. 0. 0. 0. 0.
  0. 0.]
 [1. 0. 0. 0. 0. 1. 0. 0. 1. 0. 0. 1. 1. 1. 0. 0. 1. 1. 1. 1. 0. 0. 0. 0.
  0. 0. 0. 0. 0. 0. 0. 0. 0. 0. 0. 0. 0. 0. 0. 0. 0. 0. 0. 0. 0. 0. 0. 0.
  0. 0.]
 [1. 1. 0. 0. 0. 0. 0. 0. 0. 1. 0. 0. 0. 0. 0. 1. 1. 0. 0. 0. 0. 0. 0. 0.
  0. 0. 0. 0. 0. 0. 0. 0. 0. 0. 0. 0. 0. 0. 0. 0. 0. 0. 0. 0. 0. 0. 0. 0.
  0. 0.]
 [0. 0. 0. 1. 1. 0. 0. 0. 0. 1. 0. 0. 0. 1. 0. 0. 0. 0. 1. 0. 0. 0. 0. 0.
  0. 0. 0. 0. 0. 0. 0. 0. 0. 0. 0. 0. 0. 0. 0. 0. 0. 0. 0. 0. 0. 0. 0. 0.
  0. 0.]
 [0. 1. 1. 0. 0. 0. 0. 1. 1. 1. 0. 0. 0. 0. 1. 0. 1. 0. 0. 0. 0. 0. 0. 0.
  0. 0. 0. 0. 0. 0. 0. 0. 0. 0. 0. 0. 0. 0. 0. 0. 0. 0. 0. 0. 0. 0. 0. 0.
  0. 0.]
 [1. 1. 1. 0. 1. 0. 0. 1. 1. 1. 0. 0. 0. 0. 0. 0. 0. 0. 0. 0. 0. 0. 0. 0.
  0. 0. 0. 0. 0. 0. 0. 0. 0. 0. 0. 0. 0. 0. 0. 0. 0. 0. 0. 0. 0. 0. 0. 0.
  0. 0.]
 [0. 0. 0. 1. 1. 1. 0. 1. 0. 0. 0. 0. 0. 0. 0. 0. 0. 1. 0. 0. 0. 0. 0. 0.
  0. 0. 0. 0. 0. 0. 0. 0. 0. 0. 0. 0. 0. 0. 0. 0. 0. 0. 0. 0. 0. 0. 0. 0.
  0. 0.]
 [1. 1. 1. 0. 1. 0. 0. 1. 1. 1. 1. 0. 1. 1. 0. 1. 0. 0. 0. 1. 0. 0. 0. 0.
  0. 0. 0. 0. 0. 0. 0. 0. 0. 0. 0. 0. 0. 0. 0. 0. 0. 0. 0. 0. 0. 0. 0. 0.
  0. 0.]
 [0. 1. 1. 0. 1. 0. 0. 0. 0. 0. 1. 0. 1. 0. 1. 1. 1. 0. 0. 1. 0. 0. 0. 0.
  0. 0. 0. 0. 0. 0. 0. 0. 0. 0. 0. 0. 0. 0. 0. 0. 0. 0. 0. 0. 0. 0. 0. 0.
  0. 0.]
 [0. 0. 0. 0. 1. 1. 1. 0. 1. 0. 1. 0. 0. 0. 1. 0. 0. 0. 0. 1. 0. 0. 0. 0.
  0. 0. 0. 0. 0. 0. 0. 0. 0. 0. 0. 0. 0. 0. 0. 0. 0. 0. 0. 0. 0. 0. 0. 0.
  0. 0.]]
start_times_array: [[3.15090000e+04 3.22570000e+04 3.22700000e+04 3.24150000e+04
  3.24660000e+04 3.25400000e+04 3.26130000e+04 3.26610000e+04
  3.26740000e+04 3.26800000e+04 3.27390000e+04 3.27720000e+04
  3.27900000e+04 3.28750000e+04 3.28880000e+04 3.29450000e+04
  3.30330000e+04 3.31040000e+04 3.31360000e+04 3.32110000e+04]
 [3.22510000e+04 3.22570000e+04 3.23210000e+04 3.23550000e+04
  3.24150000e+04 3.24640000e+04 3.24670000e+04 3.25260000e+04
  3.25730000e+04 3.25880000e+04 3.26650000e+04 3.26890000e+04
  3.27670000e+04 3.28380000e+04 3.28570000e+04 3.29220000e+04
  3.30100000e+04 3.30610006e+04 3.30630006e+04 3.30950006e+04]
 [3.14050000e+04 3.15090000e+04 3.15350000e+04 3.15650000e+04
  3.16550000e+04 3.16980000e+04 3.17150000e+04 3.17380000e+04
  3.18000000e+04 3.18170000e+04 3.18210000e+04 3.18390000e+04
  3.19090000e+04 3.19280000e+04 3.19430000e+04 3.19600000e+04
  3.20440000e+04 3.20980000e+04 3.21150000e+04 3.21700000e+04]
 [3.05050000e+04 3.05400000e+04 3.05470000e+04 3.05960000e+04
  3.06900000e+04 3.07650000e+04 3.08210000e+04 3.09130000e+04
  3.09710000e+04 3.10030000e+04 3.10910000e+04 3.11300000e+04
  3.11890000e+04 3.12020000e+04 3.12160000e+04 3.12650000e+04
  3.13180000e+04 3.13360000e+04 3.13490000e+04 3.14740000e+04]
 [2.76900006e+04 2.77730000e+04 2.83320000e+04 2.87840000e+04
  2.88460000e+04 2.94580000e+04 2.94910000e+04 2.95070000e+04
  2.98570000e+04 2.99290000e+04 2.99640000e+04 3.00000000e+04
  3.01120000e+04 3.01430000e+04 3.02350000e+04 3.02880000e+04
  3.03770000e+04 3.04470000e+04 3.04680000e+04 3.05280000e+04]
 [2.91250000e+04 2.91940000e+04 2.92490000e+04 2.92720000e+04
  2.93530000e+04 2.93960000e+04 2.94580000e+04 2.94750000e+04
  2.95700000e+04 2.96090000e+04 2.96380000e+04 2.96590000e+04
  2.97540000e+04 2.98160000e+04 2.98570000e+04 2.99310000e+04
  3.00060000e+04 3.00130000e+04 3.01120000e+04 3.01700000e+04]
 [2.79170000e+04 2.80190000e+04 2.81030000e+04 2.81200000e+04
  2.82070000e+04 2.82520000e+04 2.83200000e+04 2.83300000e+04
  2.83400000e+04 2.83540000e+04 2.84400000e+04 2.85300000e+04
  2.86240000e+04 2.86330000e+04 2.87090000e+04 2.87840000e+04
  2.88460000e+04 2.89070000e+04 2.89300000e+04 2.90260000e+04]
 [2.69180000e+04 2.70060000e+04 2.71570000e+04 2.71980000e+04
  2.72790000e+04 2.72830000e+04 2.72890000e+04 2.73610000e+04
  2.74590000e+04 2.75290000e+04 2.75560000e+04 2.75650000e+04
  2.76100000e+04 2.76610000e+04 2.77450000e+04 2.78370000e+04
  2.78780000e+04 2.78980000e+04 2.79280000e+04 2.79900000e+04]
 [2.57340000e+04 2.58560000e+04 2.58810000e+04 2.58870000e+04
  2.62210000e+04 2.62330000e+04 2.63120000e+04 2.63380000e+04
  2.64180000e+04 2.64240000e+04 2.64400000e+04 2.65240000e+04
  2.65570000e+04 2.65700000e+04 2.66340000e+04 2.66950000e+04
  2.67360000e+04 2.68130000e+04 2.68440000e+04 2.70900000e+04]
 [2.57340000e+04 2.58560000e+04 2.59510000e+04 2.59710000e+04
  2.60700000e+04 2.61000000e+04 2.61480000e+04 2.61590000e+04
  2.62140000e+04 2.62210000e+04 2.62760000e+04 2.62930000e+04
  2.63720000e+04 2.63900000e+04 2.64490000e+04 2.64710000e+04
  2.64970000e+04 2.65320000e+04 2.65330000e+04 2.65880000e+04]
 [2.30590000e+04 2.45290006e+04 2.47110000e+04 2.47740000e+04
  2.48370000e+04 2.49260000e+04 2.49450000e+04 2.50290000e+04
  2.51140000e+04 2.51400000e+04 2.52180000e+04 2.52710000e+04
  2.53690000e+04 2.53920000e+04 2.54760000e+04 2.55290000e+04
  2.55760000e+04 2.55780000e+04 2.56760000e+04 2.57940000e+04]
 [2.38220000e+04 2.38840000e+04 2.39360000e+04 2.40100000e+04
  2.40700000e+04 2.40910000e+04 2.41010000e+04 2.41190000e+04
  2.41490000e+04 2.42060000e+04 2.42710000e+04 2.43020000e+04
  2.43200000e+04 2.44150000e+04 2.45030000e+04 2.45440000e+04
  2.46360000e+04 2.47110000e+04 2.47290000e+04 2.48680000e+04]
 [2.22330000e+04 2.22690000e+04 2.29870000e+04 2.30800000e+04
  2.31370000e+04 2.31650000e+04 2.31740000e+04 2.32670000e+04
  2.32850000e+04 2.33230000e+04 2.33760000e+04 2.34640000e+04
  2.35630000e+04 2.35740000e+04 2.36600000e+04 2.37350000e+04
  2.38390000e+04 2.38550000e+04 2.39480000e+04 2.39570000e+04]
 [2.22330000e+04 2.23030000e+04 2.23620000e+04 2.23950000e+04
  2.24030000e+04 2.24830000e+04 2.24910000e+04 2.25490000e+04
  2.26460000e+04 2.27420000e+04 2.27890000e+04 2.28250000e+04
  2.28540000e+04 2.28550000e+04 2.28680000e+04 2.28850000e+04
  2.29190000e+04 2.29530000e+04 2.29870000e+04 2.30520000e+04]
 [2.12060000e+04 2.12680000e+04 2.13010000e+04 2.13980000e+04
  2.14020000e+04 2.14220000e+04 2.14360000e+04 2.14910000e+04
  2.15750000e+04 2.16660000e+04 2.17560000e+04 2.18510000e+04
  2.18970000e+04 2.19570000e+04 2.19680000e+04 2.19970000e+04
  2.20360000e+04 2.20600000e+04 2.20820000e+04 2.21750000e+04]
 [2.08010000e+04 2.08310000e+04 2.08800000e+04 2.09730000e+04
  2.10550000e+04 2.12060000e+04 2.12310000e+04 2.12940000e+04
  2.13930000e+04 2.13980000e+04 2.14910000e+04 2.15630000e+04
  2.15760000e+04 2.15930000e+04 2.16660000e+04 2.16710000e+04
  2.17100000e+04 2.17300000e+04 2.17570000e+04 2.18070000e+04]
 [1.94990000e+04 1.95980000e+04 1.96200000e+04 1.99170000e+04
  1.99870000e+04 2.00560000e+04 2.00970000e+04 2.01430000e+04
  2.02310000e+04 2.03180000e+04 2.03290000e+04 2.03840000e+04
  2.04350000e+04 2.04910000e+04 2.05230000e+04 2.05520000e+04
  2.05580000e+04 2.06550000e+04 2.07090000e+04 2.11220000e+04]
 [1.60400000e+04 1.87600000e+04 1.87890000e+04 1.88470000e+04
  1.89480000e+04 1.89660000e+04 1.89810000e+04 1.90030000e+04
  1.90820000e+04 1.91000000e+04 1.91950000e+04 1.94990000e+04
  1.95650000e+04 1.96120000e+04 1.96820000e+04 1.97720000e+04
  1.98320000e+04 1.99110000e+04 1.99170000e+04 1.99770000e+04]
 [1.84810000e+04 1.84890000e+04 1.86260000e+04 1.87230000e+04
  1.87430000e+04 1.87600000e+04 1.87620000e+04 1.88270000e+04
  1.89190000e+04 1.89480000e+04 1.89750000e+04 1.90370000e+04
  1.90860000e+04 1.91810000e+04 1.91860000e+04 1.92790000e+04
  1.93170000e+04 1.93990000e+04 1.94400000e+04 1.94830000e+04]
 [1.76470000e+04 1.76620000e+04 1.76730000e+04 1.77060000e+04
  1.77890000e+04 1.78670000e+04 1.78990000e+04 1.79180000e+04
  1.79700000e+04 1.80560000e+04 1.80760000e+04 1.80840000e+04
  1.81060000e+04 1.81480000e+04 1.82280000e+04 1.82890000e+04
  1.83650000e+04 1.83800000e+04 1.84660000e+04 1.85530000e+04]
 [1.50130000e+04 1.50610000e+04 1.51840000e+04 1.64230000e+04
  1.65730000e+04 1.66340000e+04 1.67230000e+04 1.67540000e+04
  1.68440000e+04 1.69360000e+04 1.69880000e+04 1.70870000e+04
  1.71380000e+04 1.71860000e+04 1.72840000e+04 1.73830000e+04
  1.74300000e+04 1.75280000e+04 1.75450000e+04 1.75770000e+04]
 [1.44740000e+04 1.49590000e+04 1.50470000e+04 1.51130000e+04
  1.51470000e+04 1.52050000e+04 1.59550000e+04 1.60480000e+04
  1.60670000e+04 1.61640000e+04 1.62060000e+04 1.62330000e+04
  1.62550000e+04 1.62710000e+04 1.63630000e+04 1.64040000e+04
  1.64910000e+04 1.65230000e+04 1.65720000e+04 1.65730000e+04]
 [1.47387521e+04 1.49470000e+04 1.50600000e+04 1.51370000e+04
  1.51850000e+04 1.52180000e+04 1.52770000e+04 1.53280000e+04
  1.54190000e+04 1.54940000e+04 1.55180000e+04 1.55330000e+04
  1.55490000e+04 1.56050000e+04 1.56850000e+04 1.57270000e+04
  1.57960000e+04 1.58690000e+04 1.59550000e+04 1.61320000e+04]
 [1.35590000e+04 1.44310000e+04 1.45480000e+04 1.45740000e+04
  1.46360000e+04 1.46510000e+04 1.46950000e+04 1.46980000e+04
  1.47050000e+04 1.47830000e+04 1.48390000e+04 1.49290000e+04
  1.50130000e+04 1.50470000e+04 1.50600000e+04 1.51550000e+04
  1.52160000e+04 1.52770000e+04 1.53530000e+04 1.53750000e+04]
 [1.22070000e+04 1.38990000e+04 1.39150000e+04 1.39280000e+04
  1.40160000e+04 1.41080000e+04 1.41250000e+04 1.41520000e+04
  1.41750000e+04 1.41850000e+04 1.42730000e+04 1.43610000e+04
  1.44040000e+04 1.44740000e+04 1.45480000e+04 1.46320000e+04
  1.46370000e+04 1.46730000e+04 1.47440000e+04 1.48900000e+04]
 [1.32710000e+04 1.33290000e+04 1.33990000e+04 1.34250000e+04
  1.34840000e+04 1.35030000e+04 1.35900000e+04 1.36450000e+04
  1.36570000e+04 1.37060000e+04 1.37470000e+04 1.38340000e+04
  1.38860000e+04 1.39710000e+04 1.40100000e+04 1.40480000e+04
  1.40690000e+04 1.41180000e+04 1.41340000e+04 1.42200000e+04]
 [1.00960000e+04 1.04590000e+04 1.30060000e+04 1.30710000e+04
  1.31630000e+04 1.31740000e+04 1.32030000e+04 1.32710000e+04
  1.33410000e+04 1.33620000e+04 1.34110000e+04 1.34530000e+04
  1.35200000e+04 1.35900000e+04 1.35960000e+04 1.36350000e+04
  1.36640000e+04 1.37050000e+04 1.37870000e+04 1.38800000e+04]
 [1.24410000e+04 1.24950000e+04 1.25740000e+04 1.25920000e+04
  1.26460000e+04 1.27310000e+04 1.27730000e+04 1.28080000e+04
  1.28630000e+04 1.29210000e+04 1.29540000e+04 1.30060000e+04
  1.30340000e+04 1.30650000e+04 1.31620000e+04 1.32130000e+04
  1.32270000e+04 1.33260000e+04 1.33760000e+04 1.37930000e+04]
 [1.07310000e+04 1.10450000e+04 1.10690000e+04 1.11300000e+04
  1.21850000e+04 1.22050000e+04 1.22440000e+04 1.22650000e+04
  1.23450000e+04 1.23480000e+04 1.23920000e+04 1.24050000e+04
  1.24780000e+04 1.25740000e+04 1.26430000e+04 1.26480000e+04
  1.26500000e+04 1.27230000e+04 1.28070000e+04 1.39030000e+04]
 [1.05480000e+04 1.06410000e+04 1.07260000e+04 1.15170000e+04
  1.15930000e+04 1.16260000e+04 1.17190000e+04 1.18170000e+04
  1.19010000e+04 1.19840000e+04 1.20380000e+04 1.20530000e+04
  1.20700000e+04 1.21030000e+04 1.21850000e+04 1.22370000e+04
  1.23090000e+04 1.23460000e+04 1.25350000e+04 1.25800000e+04]
 [7.96300000e+03 1.09980000e+04 1.13830000e+04 1.14760000e+04
  1.15170000e+04 1.15400000e+04 1.16380000e+04 1.16500000e+04
  1.17020000e+04 1.17800000e+04 1.17910000e+04 1.17930000e+04
  1.18180000e+04 1.18200000e+04 1.18590000e+04 1.19380000e+04
  1.20340000e+04 1.21030000e+04 1.21840000e+04 1.25400000e+04]
 [1.04460000e+04 1.05120000e+04 1.05480000e+04 1.05600000e+04
  1.06480000e+04 1.07310000e+04 1.07350000e+04 1.08190000e+04
  1.08870000e+04 1.09140000e+04 1.09790000e+04 1.10690000e+04
  1.11420000e+04 1.11430000e+04 1.11870000e+04 1.12140000e+04
  1.13100000e+04 1.13830000e+04 1.13950000e+04 1.17450000e+04]
 [8.99500000e+03 9.10200000e+03 9.65200000e+03 9.71800000e+03
  9.79300000e+03 9.86800000e+03 9.89800000e+03 9.95100000e+03
  1.00340000e+04 1.00960000e+04 1.01890000e+04 1.01940000e+04
  1.02880000e+04 1.03130000e+04 1.03780000e+04 1.04460000e+04
  1.04900000e+04 1.12140000e+04 1.12620000e+04 1.17380000e+04]
 [7.31600000e+03 7.32500000e+03 7.87200000e+03 7.94100000e+03
  8.59100000e+03 8.90800000e+03 9.49700000e+03 9.55500000e+03
  9.58100000e+03 9.63200000e+03 9.65700000e+03 9.66600000e+03
  9.71800000e+03 9.80500000e+03 9.82800000e+03 9.89800000e+03
  9.95600000e+03 9.97000000e+03 1.00190000e+04 1.00700000e+04]
 [7.23100000e+03 7.77700000e+03 7.79100000e+03 9.16800000e+03
  9.17600000e+03 9.22600000e+03 9.32000000e+03 9.33100000e+03
  9.41800000e+03 9.46200000e+03 9.49700000e+03 9.56600000e+03
  9.62800000e+03 9.66300000e+03 9.71800000e+03 9.79500000e+03
  9.88700000e+03 9.97600000e+03 9.99600000e+03 1.00700000e+04]
 [7.69200000e+03 8.44500000e+03 8.52400000e+03 8.55600000e+03
  8.59100000e+03 8.65800000e+03 8.70200000e+03 8.73900000e+03
  8.74600000e+03 8.83900000e+03 8.91200000e+03 8.91800000e+03
  8.99500000e+03 9.07200000e+03 9.15600000e+03 9.16800000e+03
  9.32000000e+03 9.37100000e+03 9.44400000e+03 9.59200000e+03]
 [6.69100000e+03 7.08000000e+03 7.20200000e+03 7.23100000e+03
  7.29100000e+03 7.52100000e+03 7.66600000e+03 7.79100000e+03
  7.87900000e+03 7.94100000e+03 8.18700000e+03 8.23100000e+03
  8.23400000e+03 8.29000000e+03 8.36500000e+03 8.44500000e+03
  8.44600000e+03 8.51100000e+03 8.58700000e+03 8.59100000e+03]
 [6.83500000e+03 6.83800000e+03 6.84400000e+03 6.91700000e+03
  7.22400000e+03 7.58100000e+03 7.66600000e+03 7.69200000e+03
  7.69600000e+03 7.72300000e+03 7.77700000e+03 7.86100000e+03
  7.86400000e+03 7.86600000e+03 7.87800000e+03 7.92200000e+03
  8.01100000e+03 8.09200000e+03 8.10800000e+03 8.44300000e+03]
 [5.35500000e+03 6.00600000e+03 6.05300000e+03 6.60100000e+03
  6.69100000e+03 6.73800000e+03 6.81000000e+03 6.83500000e+03
  6.89200000e+03 6.91200000e+03 6.99200000e+03 7.08000000e+03
  7.12400000e+03 7.20200000e+03 7.28100000e+03 7.33400000e+03
  7.37600000e+03 7.44000000e+03 7.52400000e+03 7.53900000e+03]
 [4.93800000e+03 4.96700000e+03 5.02100000e+03 5.03200000e+03
  5.12500000e+03 5.12700000e+03 5.35500000e+03 5.44900000e+03
  5.93400000e+03 6.04600000e+03 6.09500000e+03 6.19300000e+03
  6.27100000e+03 6.28500000e+03 6.31000000e+03 6.38400000e+03
  6.47800000e+03 6.56900000e+03 6.74800000e+03 6.75300000e+03]
 [3.39600000e+03 4.51600000e+03 4.62300000e+03 4.68400000e+03
  5.07200000e+03 5.37800000e+03 5.44900000e+03 5.54200000e+03
  5.61400000e+03 5.66900000e+03 5.76400000e+03 5.77600000e+03
  5.83600000e+03 5.91800000e+03 5.96400000e+03 6.04600000e+03
  6.05300000e+03 6.10800000e+03 6.14600000e+03 6.71800000e+03]
 [2.12600000e+03 4.43100000e+03 4.48700000e+03 4.49700000e+03
  4.54600000e+03 4.62300000e+03 4.66600000e+03 4.67400000e+03
  4.74000000e+03 4.77100000e+03 4.84500000e+03 4.93800000e+03
  4.98700000e+03 5.04400000e+03 5.06700000e+03 5.09300000e+03
  5.19000000e+03 5.28400000e+03 5.35500000e+03 6.16100000e+03]
 [3.32600000e+03 3.47800000e+03 3.58100000e+03 3.65200000e+03
  3.70200000e+03 3.73100000e+03 3.79400000e+03 3.79500000e+03
  3.86400000e+03 3.96100000e+03 4.04600000e+03 4.08800000e+03
  4.10800000e+03 4.12800000e+03 4.13100000e+03 4.17400000e+03
  4.26000000e+03 4.35700000e+03 4.37900000e+03 4.64000000e+03]
 [3.05900000e+03 3.14000000e+03 3.15200000e+03 3.22300000e+03
  3.26200000e+03 3.36100000e+03 3.43100000e+03 3.46600000e+03
  3.55000000e+03 3.57200000e+03 3.61900000e+03 3.68300000e+03
  3.78100000e+03 3.78800000e+03 3.80000000e+03 3.87500000e+03
  3.93900000e+03 4.54075206e+03 4.56775206e+03 4.63000000e+03]
 [1.98700000e+03 2.02200000e+03 2.06400000e+03 2.15500000e+03
  2.17100000e+03 2.30300000e+03 2.95700000e+03 3.01200000e+03
  3.10800000e+03 3.19400000e+03 3.23900000e+03 3.28200000e+03
  3.28700000e+03 3.38200000e+03 3.39600000e+03 3.42600000e+03
  3.43000000e+03 3.46800000e+03 3.57200000e+03 3.58100000e+03]
 [1.73800000e+03 2.24300000e+03 2.30800000e+03 2.32600000e+03
  2.35700000e+03 2.41900000e+03 2.49300000e+03 2.53700000e+03
  2.57600000e+03 2.67300000e+03 2.69700000e+03 2.73000000e+03
  2.74400000e+03 2.78700000e+03 2.80400000e+03 2.88400000e+03
  2.95700000e+03 2.99600000e+03 3.00200000e+03 3.01600000e+03]
 [1.01600000e+03 1.07700000e+03 1.83700000e+03 1.88300000e+03
  1.95400000e+03 1.97900000e+03 2.16200000e+03 2.24300000e+03
  2.30300000e+03 2.31700000e+03 2.34700000e+03 2.35700000e+03
  2.35800000e+03 2.41900000e+03 2.47200000e+03 2.49200000e+03
  2.51100000e+03 2.52600000e+03 2.53800000e+03 2.54800000e+03]
 [5.57000000e+02 5.93000000e+02 1.07800000e+03 1.15600000e+03
  1.22200000e+03 1.42300000e+03 1.45400000e+03 1.46500000e+03
  1.64800000e+03 1.66000000e+03 1.67000000e+03 1.71900000e+03
  1.73800000e+03 1.83700000e+03 1.91000000e+03 2.00500000e+03
  2.04300000e+03 2.12600000e+03 2.13700000e+03 2.60775206e+03]
 [1.10000000e+01 6.77000000e+02 7.67000000e+02 8.47000000e+02
  8.73000000e+02 9.15000000e+02 9.49000000e+02 1.01600000e+03
  1.07500000e+03 1.15600000e+03 1.23000000e+03 1.24700000e+03
  1.28800000e+03 1.31500000e+03 1.38700000e+03 1.42400000e+03
  1.50600000e+03 1.58400000e+03 1.66000000e+03 2.12300000e+03]
 [0.00000000e+00 4.70000000e+01 4.80000000e+01 5.80000000e+01
  1.46000000e+02 1.84000000e+02 2.67000000e+02 3.50000000e+02
  4.49000000e+02 4.50000000e+02 4.78000000e+02 5.39000000e+02
  6.01000000e+02 6.97000000e+02 7.40000000e+02 7.69000000e+02
  8.52000000e+02 1.01800000e+03 1.56800000e+03 1.59700000e+03]]
