optimal_status: 0
solution: 3825.0
cpu_time: 3600.151412963867
gap: 0.6434189731174477
upper_bound: 1363.9224278257625
lower_bound: 3825.0
cg_matrix: [[0. 1. 1. 0. 0. 0. 0. 0. 0. 0. 0. 0. 0. 0. 0. 0. 0. 1. 1. 0.]
 [1. 0. 0. 0. 0. 0. 0. 0. 0. 0. 1. 0. 0. 0. 0. 0. 1. 0. 0. 0.]
 [1. 0. 0. 0. 0. 0. 0. 0. 0. 1. 1. 0. 1. 0. 0. 0. 0. 0. 1. 0.]
 [0. 0. 0. 0. 0. 0. 0. 0. 0. 0. 0. 0. 0. 0. 0. 1. 0. 0. 0. 0.]
 [0. 0. 0. 0. 0. 0. 0. 0. 0. 0. 1. 0. 1. 0. 1. 0. 0. 0. 0. 0.]
 [0. 0. 0. 0. 0. 0. 0. 0. 1. 0. 0. 1. 0. 1. 0. 0. 1. 0. 0. 0.]
 [0. 0. 0. 0. 0. 0. 0. 0. 0. 1. 0. 0. 0. 0. 0. 0. 0. 0. 1. 0.]
 [0. 0. 0. 0. 0. 0. 0. 0. 0. 0. 1. 1. 0. 0. 0. 0. 1. 0. 0. 0.]
 [0. 0. 0. 0. 0. 1. 0. 0. 0. 0. 1. 0. 0. 0. 0. 0. 0. 0. 0. 0.]
 [0. 0. 1. 0. 0. 0. 1. 0. 0. 0. 1. 0. 1. 0. 0. 1. 0. 0. 1. 0.]
 [0. 1. 1. 0. 1. 0. 0. 1. 1. 1. 0. 0. 0. 0. 1. 0. 0. 0. 0. 1.]
 [0. 0. 0. 0. 0. 1. 0. 1. 0. 0. 0. 0. 0. 0. 0. 0. 1. 0. 0. 0.]
 [0. 0. 1. 0. 1. 0. 0. 0. 0. 1. 0. 0. 0. 0. 0. 0. 0. 0. 0. 0.]
 [0. 0. 0. 0. 0. 1. 0. 0. 0. 0. 0. 0. 0. 0. 0. 0. 0. 0. 0. 0.]
 [0. 0. 0. 0. 1. 0. 0. 0. 0. 0. 1. 0. 0. 0. 0. 0. 0. 0. 1. 1.]
 [0. 0. 0. 1. 0. 0. 0. 0. 0. 1. 0. 0. 0. 0. 0. 0. 0. 0. 0. 0.]
 [0. 1. 0. 0. 0. 1. 0. 1. 0. 0. 0. 1. 0. 0. 0. 0. 0. 0. 0. 1.]
 [1. 0. 0. 0. 0. 0. 0. 0. 0. 0. 0. 0. 0. 0. 0. 0. 0. 0. 1. 0.]
 [1. 0. 1. 0. 0. 0. 1. 0. 0. 1. 0. 0. 0. 0. 1. 0. 0. 1. 0. 0.]
 [0. 0. 0. 0. 0. 0. 0. 0. 0. 0. 1. 0. 0. 0. 1. 0. 1. 0. 0. 0.]]
start_times_array: [[2.620e+02 6.200e+02 6.810e+02 1.078e+03 1.213e+03 1.255e+03 1.451e+03
  1.568e+03 1.584e+03 1.843e+03 1.935e+03 1.988e+03 2.483e+03 2.651e+03
  2.806e+03 2.971e+03 3.059e+03 3.319e+03 3.339e+03 3.355e+03]
 [7.200e+01 9.400e+01 2.130e+02 4.130e+02 8.690e+02 9.160e+02 1.030e+03
  1.167e+03 1.481e+03 1.685e+03 1.720e+03 2.067e+03 2.197e+03 2.319e+03
  2.544e+03 3.072e+03 3.427e+03 3.617e+03 3.763e+03 3.765e+03]
 [1.000e+00 3.300e+01 1.080e+02 2.070e+02 2.210e+02 4.810e+02 9.520e+02
  1.165e+03 1.509e+03 1.548e+03 1.697e+03 2.143e+03 2.302e+03 2.572e+03
  2.843e+03 2.864e+03 3.071e+03 3.252e+03 3.589e+03 3.650e+03]
 [1.290e+02 1.580e+02 2.010e+02 3.850e+02 4.400e+02 4.440e+02 7.540e+02
  1.208e+03 1.301e+03 1.374e+03 1.409e+03 1.411e+03 1.465e+03 1.609e+03
  1.914e+03 2.011e+03 2.319e+03 2.462e+03 2.880e+03 3.211e+03]
 [1.130e+02 1.690e+02 2.390e+02 5.870e+02 8.590e+02 8.970e+02 1.208e+03
  1.415e+03 1.720e+03 1.768e+03 1.843e+03 2.135e+03 2.444e+03 2.539e+03
  2.543e+03 2.904e+03 3.349e+03 3.463e+03 3.693e+03 3.760e+03]
 [2.500e+02 4.130e+02 5.850e+02 8.570e+02 8.830e+02 1.193e+03 1.485e+03
  1.776e+03 2.086e+03 2.119e+03 2.125e+03 2.193e+03 2.209e+03 2.221e+03
  2.440e+03 2.473e+03 2.810e+03 3.168e+03 3.403e+03 3.736e+03]
 [0.000e+00 1.080e+02 1.640e+02 1.660e+02 6.200e+02 7.650e+02 9.500e+02
  9.800e+02 1.030e+03 1.119e+03 1.165e+03 1.699e+03 2.272e+03 2.651e+03
  2.719e+03 2.806e+03 3.092e+03 3.264e+03 3.338e+03 3.655e+03]
 [1.080e+02 2.390e+02 4.130e+02 5.790e+02 6.520e+02 9.120e+02 1.230e+03
  1.487e+03 1.531e+03 1.810e+03 2.075e+03 2.099e+03 2.135e+03 2.306e+03
  2.400e+03 2.440e+03 2.864e+03 2.994e+03 3.360e+03 3.723e+03]
 [6.000e+01 1.390e+02 4.860e+02 5.550e+02 6.910e+02 1.146e+03 1.158e+03
  1.162e+03 1.230e+03 1.697e+03 1.865e+03 1.948e+03 2.067e+03 2.304e+03
  2.389e+03 2.906e+03 2.922e+03 3.018e+03 3.093e+03 3.623e+03]
 [2.620e+02 5.340e+02 7.190e+02 8.900e+02 9.480e+02 1.146e+03 1.207e+03
  1.253e+03 1.430e+03 1.843e+03 1.975e+03 1.989e+03 2.067e+03 2.483e+03
  2.900e+03 2.985e+03 3.349e+03 3.606e+03 3.734e+03 3.762e+03]
 [5.000e+01 3.400e+02 3.850e+02 7.980e+02 1.054e+03 1.339e+03 1.369e+03
  1.388e+03 1.577e+03 1.599e+03 1.788e+03 2.005e+03 2.217e+03 2.292e+03
  2.656e+03 2.734e+03 2.737e+03 3.164e+03 3.533e+03 3.543e+03]
 [8.700e+01 1.680e+02 2.190e+02 7.630e+02 9.810e+02 1.167e+03 1.402e+03
  1.633e+03 1.690e+03 2.014e+03 2.226e+03 2.319e+03 2.592e+03 2.617e+03
  3.093e+03 3.225e+03 3.263e+03 3.319e+03 3.490e+03 3.598e+03]
 [4.100e+01 3.230e+02 4.260e+02 4.320e+02 6.450e+02 1.063e+03 1.303e+03
  1.389e+03 1.596e+03 2.014e+03 2.208e+03 2.399e+03 2.679e+03 2.706e+03
  2.732e+03 2.829e+03 3.436e+03 3.492e+03 3.495e+03 3.507e+03]
 [0.000e+00 8.200e+01 1.030e+02 4.860e+02 6.780e+02 7.610e+02 8.550e+02
  1.012e+03 1.404e+03 1.633e+03 1.712e+03 1.863e+03 2.258e+03 2.319e+03
  2.391e+03 2.566e+03 2.702e+03 2.740e+03 2.768e+03 3.054e+03]
 [0.000e+00 2.910e+02 4.790e+02 5.190e+02 5.820e+02 7.180e+02 9.810e+02
  1.051e+03 1.146e+03 1.296e+03 1.519e+03 1.914e+03 1.953e+03 2.067e+03
  2.323e+03 2.570e+03 2.993e+03 3.054e+03 3.107e+03 3.252e+03]
 [0.000e+00 5.300e+01 1.040e+02 1.420e+02 7.650e+02 9.550e+02 1.048e+03
  1.085e+03 1.333e+03 1.552e+03 1.618e+03 1.638e+03 1.674e+03 1.835e+03
  2.159e+03 2.364e+03 2.617e+03 2.632e+03 2.718e+03 2.840e+03]
 [0.000e+00 3.360e+02 5.000e+02 5.340e+02 6.800e+02 1.063e+03 1.148e+03
  1.320e+03 1.325e+03 1.558e+03 1.864e+03 1.925e+03 2.645e+03 2.734e+03
  2.778e+03 2.908e+03 3.279e+03 3.540e+03 3.563e+03 3.650e+03]
 [0.000e+00 1.080e+02 1.320e+02 1.920e+02 4.790e+02 5.830e+02 7.580e+02
  8.920e+02 9.730e+02 1.048e+03 1.051e+03 1.181e+03 1.430e+03 1.481e+03
  2.066e+03 2.135e+03 2.272e+03 2.325e+03 2.922e+03 2.956e+03]
 [5.000e+01 3.560e+02 4.110e+02 6.930e+02 6.980e+02 8.020e+02 1.339e+03
  1.618e+03 1.788e+03 2.050e+03 2.219e+03 2.399e+03 2.739e+03 2.740e+03
  2.886e+03 3.168e+03 3.251e+03 3.409e+03 3.505e+03 3.559e+03]
 [7.200e+01 1.520e+02 2.330e+02 2.420e+02 4.160e+02 4.480e+02 5.870e+02
  9.160e+02 1.208e+03 1.451e+03 1.515e+03 1.685e+03 2.135e+03 2.302e+03
  2.394e+03 2.478e+03 2.842e+03 3.110e+03 3.406e+03 3.709e+03]]
