optimal_status: 0
solution: 4081.0
cpu_time: 3600.1151208877563
gap: 0.7209174318926496
upper_bound: 1138.9359604460972
lower_bound: 4081.0
cg_matrix: [[0. 1. 0. 0. 1. 1. 1. 1. 1. 1. 0. 1. 1. 0. 1.]
 [1. 0. 1. 0. 0. 1. 0. 1. 0. 1. 0. 0. 1. 0. 0.]
 [0. 1. 0. 1. 1. 0. 1. 0. 1. 1. 1. 0. 0. 1. 1.]
 [0. 0. 1. 0. 0. 1. 0. 1. 1. 1. 1. 0. 0. 0. 0.]
 [1. 0. 1. 0. 0. 1. 1. 0. 0. 0. 1. 0. 0. 0. 0.]
 [1. 1. 0. 1. 1. 0. 1. 0. 0. 0. 0. 1. 0. 1. 0.]
 [1. 0. 1. 0. 1. 1. 0. 0. 0. 1. 1. 1. 0. 1. 1.]
 [1. 1. 0. 1. 0. 0. 0. 0. 1. 1. 0. 1. 0. 1. 1.]
 [1. 0. 1. 1. 0. 0. 0. 1. 0. 1. 0. 1. 1. 0. 1.]
 [1. 1. 1. 1. 0. 0. 1. 1. 1. 0. 0. 0. 1. 1. 0.]
 [0. 0. 1. 1. 1. 0. 1. 0. 0. 0. 0. 1. 1. 1. 1.]
 [1. 0. 0. 0. 0. 1. 1. 1. 1. 0. 1. 0. 0. 0. 0.]
 [1. 1. 0. 0. 0. 0. 0. 0. 1. 1. 1. 0. 0. 1. 0.]
 [0. 0. 1. 0. 0. 1. 1. 1. 0. 1. 1. 0. 1. 0. 1.]
 [1. 0. 1. 0. 0. 0. 1. 1. 1. 0. 1. 0. 0. 1. 0.]]
start_times_array: [[ 537.  862.  928. 1209. 1430. 1664. 2331. 2886. 3055. 3065. 3092. 3277.
  3502. 3598. 3998.]
 [  90.  366.  631. 1128. 1584. 1679. 1757. 1765. 2201. 2396. 2475. 2493.
  2544. 3686. 3785.]
 [ 257.  915.  997. 1209. 1430. 1913. 1967. 1988. 2721. 2862. 3129. 3339.
  3544. 3583. 3618.]
 [ 120.  522.  553.  819.  862. 1584. 1678. 2286. 2379. 2545. 2811. 3277.
  3502. 3837. 3998.]
 [ 108.  186.  209.  337.  441.  477.  719. 1480. 1579. 1998. 2074. 2286.
  2396. 2564. 3789.]
 [   0.   29.  938. 1262. 1351. 1367. 1772. 1837. 1920. 2167. 2692. 2968.
  3375. 3437. 3451.]
 [  90.  261.  417.  437. 1037. 1128. 1332. 1679. 2201. 2448. 2521. 2631.
  2655. 2775. 3686.]
 [ 252.  284.  810.  938. 1026. 1087. 1262. 1456. 1913. 1919. 1987. 2721.
  3045. 3934. 3991.]
 [   0.   90.  366.  631.  849. 1122. 1736. 2201. 2411. 2489. 2636. 2968.
  3211. 3686. 3774.]
 [  85.  193.  336.  462. 1372. 1413. 1518. 1818. 2035. 2113. 2976. 3375.
  3420. 3818. 3824.]
 [   0.  230.  336.  545.  628. 1736. 1816. 2930. 2979. 3011. 3039. 3375.
  3468. 3752. 4007.]
 [ 120.  167.  462.  722.  756.  807. 1518. 1602. 1636. 1998. 2058. 2286.
  2564. 3789. 3847.]
 [ 722.  787.  938. 1035. 1055. 1086. 1262. 1295. 1456. 1907. 1987. 2721.
  2811. 3837. 3933.]
 [ 108.  136.  366.  553.  849. 2292. 2381. 2564. 3211. 3274. 3292. 3309.
  3359. 3502. 3509.]
 [ 157.  337.  462.  722.  756.  819. 1361. 1579. 1652. 1905. 1994. 2006.
  2093. 2176. 3837.]]
