optimal_status: 0
solution: 5107.0
cpu_time: 3600.0895631313324
gap: 0.7963178363974022
upper_bound: 1040.2048095184668
lower_bound: 5107.0
cg_matrix: [[0. 0. 0. 1. 1. 0. 0. 1. 0. 1. 1. 1. 0. 1. 1. 1. 0. 0. 1. 1.]
 [0. 0. 1. 1. 0. 1. 0. 1. 0. 0. 0. 1. 0. 1. 1. 0. 1. 0. 0. 0.]
 [0. 1. 0. 1. 0. 0. 0. 1. 1. 0. 0. 1. 1. 0. 0. 1. 1. 1. 1. 1.]
 [1. 1. 1. 0. 1. 1. 0. 0. 0. 1. 0. 0. 1. 1. 0. 1. 1. 0. 0. 0.]
 [1. 0. 0. 1. 0. 1. 0. 1. 0. 1. 1. 1. 1. 0. 0. 0. 1. 1. 0. 0.]
 [0. 1. 0. 1. 1. 0. 1. 1. 0. 0. 1. 1. 0. 0. 0. 0. 0. 0. 0. 1.]
 [0. 0. 0. 0. 0. 1. 0. 0. 1. 0. 1. 0. 1. 1. 0. 1. 1. 1. 1. 1.]
 [1. 1. 1. 0. 1. 1. 0. 0. 1. 0. 0. 1. 1. 1. 1. 0. 0. 1. 1. 1.]
 [0. 0. 1. 0. 0. 0. 1. 1. 0. 1. 1. 1. 1. 0. 0. 1. 1. 1. 0. 0.]
 [1. 0. 0. 1. 1. 0. 0. 0. 1. 0. 0. 1. 0. 1. 0. 0. 0. 1. 0. 0.]
 [1. 0. 0. 0. 1. 1. 1. 0. 1. 0. 0. 0. 0. 0. 1. 1. 0. 0. 1. 0.]
 [1. 1. 1. 0. 1. 1. 0. 1. 1. 1. 0. 0. 0. 1. 1. 0. 0. 0. 0. 0.]
 [0. 0. 1. 1. 1. 0. 1. 1. 1. 0. 0. 0. 0. 1. 1. 0. 0. 0. 1. 1.]
 [1. 1. 0. 1. 0. 0. 1. 1. 0. 1. 0. 1. 1. 0. 1. 0. 0. 1. 1. 0.]
 [1. 1. 0. 0. 0. 0. 0. 1. 0. 0. 1. 1. 1. 1. 0. 1. 1. 1. 1. 0.]
 [1. 0. 1. 1. 0. 0. 1. 0. 1. 0. 1. 0. 0. 0. 1. 0. 0. 0. 0. 0.]
 [0. 1. 1. 1. 1. 0. 1. 0. 1. 0. 0. 0. 0. 0. 1. 0. 0. 0. 0. 0.]
 [0. 0. 1. 0. 1. 0. 1. 1. 1. 1. 0. 0. 0. 1. 1. 0. 0. 0. 0. 0.]
 [1. 0. 1. 0. 0. 0. 1. 1. 0. 0. 1. 0. 1. 1. 1. 0. 0. 0. 0. 0.]
 [1. 0. 1. 0. 0. 1. 1. 1. 0. 0. 0. 0. 1. 0. 0. 0. 0. 0. 0. 0.]]
start_times_array: [[2.300e+02 3.480e+02 1.156e+03 1.185e+03 1.339e+03 1.608e+03 1.911e+03
  2.701e+03 2.715e+03 2.722e+03 3.076e+03 3.131e+03 3.593e+03 4.010e+03
  4.750e+03]
 [2.190e+02 3.210e+02 8.200e+02 9.340e+02 1.142e+03 1.777e+03 2.160e+03
  2.707e+03 2.769e+03 2.967e+03 3.604e+03 3.762e+03 3.976e+03 4.750e+03
  4.834e+03]
 [5.600e+01 9.350e+02 1.621e+03 1.661e+03 1.876e+03 1.900e+03 1.970e+03
  2.876e+03 3.076e+03 3.111e+03 3.326e+03 3.514e+03 4.529e+03 4.669e+03
  4.670e+03]
 [5.370e+02 1.033e+03 1.391e+03 1.478e+03 1.495e+03 1.522e+03 2.057e+03
  2.307e+03 2.437e+03 3.049e+03 3.890e+03 4.223e+03 4.359e+03 4.362e+03
  4.603e+03]
 [0.000e+00 1.708e+03 1.977e+03 2.226e+03 2.257e+03 2.527e+03 2.779e+03
  2.787e+03 2.986e+03 3.373e+03 3.387e+03 3.422e+03 3.460e+03 3.515e+03
  3.848e+03]
 [5.500e+01 1.320e+02 2.490e+02 4.120e+02 4.310e+02 6.130e+02 6.980e+02
  9.350e+02 9.860e+02 1.004e+03 1.127e+03 1.129e+03 1.339e+03 1.340e+03
  1.858e+03]
 [2.300e+02 5.300e+02 1.508e+03 1.579e+03 1.601e+03 1.912e+03 1.980e+03
  2.290e+03 3.069e+03 3.326e+03 3.381e+03 3.593e+03 3.612e+03 3.651e+03
  3.834e+03]
 [3.740e+02 5.150e+02 1.034e+03 1.045e+03 1.240e+03 1.365e+03 1.496e+03
  1.515e+03 2.350e+03 3.149e+03 3.900e+03 4.931e+03 5.028e+03 5.030e+03
  5.106e+03]
 [1.370e+02 1.620e+02 1.152e+03 2.226e+03 2.456e+03 2.555e+03 2.701e+03
  2.741e+03 2.760e+03 2.986e+03 3.026e+03 3.392e+03 3.491e+03 4.036e+03
  4.110e+03]
 [3.800e+01 4.170e+02 4.830e+02 6.540e+02 1.241e+03 1.264e+03 1.766e+03
  1.840e+03 2.141e+03 2.603e+03 3.149e+03 3.655e+03 3.777e+03 4.842e+03
  4.907e+03]
 [2.270e+02 3.080e+02 7.610e+02 8.420e+02 1.641e+03 2.059e+03 2.799e+03
  2.875e+03 2.974e+03 3.149e+03 3.900e+03 3.956e+03 3.976e+03 4.427e+03
  5.017e+03]
 [3.080e+02 7.610e+02 8.390e+02 1.048e+03 1.411e+03 2.334e+03 2.809e+03
  2.900e+03 3.232e+03 3.677e+03 4.274e+03 4.359e+03 4.386e+03 4.613e+03
  4.730e+03]
 [3.000e+02 6.130e+02 7.380e+02 7.800e+02 9.030e+02 1.117e+03 1.357e+03
  2.675e+03 2.887e+03 3.232e+03 3.719e+03 3.792e+03 3.976e+03 4.167e+03
  4.345e+03]
 [0.000e+00 3.000e+00 6.140e+02 9.400e+02 1.273e+03 1.641e+03 1.886e+03
  2.236e+03 2.779e+03 3.510e+03 3.592e+03 4.056e+03 4.114e+03 4.427e+03
  4.731e+03]
 [3.100e+01 4.270e+02 1.729e+03 1.980e+03 2.257e+03 2.437e+03 2.515e+03
  2.546e+03 3.326e+03 3.837e+03 3.875e+03 4.223e+03 4.413e+03 4.515e+03
  4.669e+03]
 [3.540e+02 3.870e+02 1.253e+03 1.275e+03 1.777e+03 2.170e+03 2.224e+03
  2.383e+03 2.405e+03 2.531e+03 2.622e+03 2.891e+03 3.762e+03 4.182e+03
  4.321e+03]
 [6.130e+02 6.980e+02 1.240e+03 1.306e+03 1.627e+03 2.145e+03 2.378e+03
  2.603e+03 2.678e+03 2.887e+03 3.212e+03 3.251e+03 3.320e+03 3.903e+03
  4.158e+03]
 [7.240e+02 8.330e+02 1.061e+03 1.117e+03 1.330e+03 1.417e+03 1.605e+03
  2.057e+03 2.809e+03 2.850e+03 2.888e+03 3.719e+03 3.976e+03 4.192e+03
  4.274e+03]
 [9.800e+01 1.400e+02 6.540e+02 1.048e+03 1.408e+03 1.786e+03 2.152e+03
  2.160e+03 2.587e+03 3.422e+03 3.781e+03 4.274e+03 4.352e+03 4.620e+03
  4.850e+03]
 [3.000e+00 2.190e+02 8.460e+02 1.273e+03 1.408e+03 1.721e+03 1.763e+03
  1.786e+03 2.048e+03 2.145e+03 2.240e+03 2.406e+03 2.449e+03 2.531e+03
  2.999e+03]]
