optimal_status: 0
solution: 2445.0
cpu_time: 3600.1227860450745
gap: 0.5353424808241268
upper_bound: 1136.0876343850098
lower_bound: 2445.0
cg_matrix: [[0. 0. 0. 0. 1. 1. 1. 0. 0. 0. 0. 0. 0. 0. 0.]
 [0. 0. 0. 0. 0. 0. 1. 0. 0. 1. 1. 0. 0. 0. 0.]
 [0. 0. 0. 1. 0. 1. 1. 0. 0. 0. 0. 1. 0. 0. 0.]
 [0. 0. 1. 0. 0. 1. 0. 0. 0. 0. 0. 0. 0. 0. 0.]
 [1. 0. 0. 0. 0. 0. 0. 0. 0. 0. 0. 0. 0. 0. 0.]
 [1. 0. 1. 1. 0. 0. 0. 0. 0. 0. 1. 0. 0. 0. 1.]
 [1. 1. 1. 0. 0. 0. 0. 0. 0. 0. 0. 0. 1. 1. 0.]
 [0. 0. 0. 0. 0. 0. 0. 0. 0. 0. 0. 0. 1. 0. 0.]
 [0. 0. 0. 0. 0. 0. 0. 0. 0. 0. 1. 0. 0. 0. 0.]
 [0. 1. 0. 0. 0. 0. 0. 0. 0. 0. 0. 0. 0. 1. 0.]
 [0. 1. 0. 0. 0. 1. 0. 0. 1. 0. 0. 0. 0. 0. 0.]
 [0. 0. 1. 0. 0. 0. 0. 0. 0. 0. 0. 0. 0. 1. 1.]
 [0. 0. 0. 0. 0. 0. 1. 1. 0. 0. 0. 0. 0. 0. 1.]
 [0. 0. 0. 0. 0. 0. 1. 0. 0. 1. 0. 1. 0. 0. 1.]
 [0. 0. 0. 0. 0. 1. 0. 0. 0. 0. 0. 1. 1. 1. 0.]]
start_times_array: [[  28.   80.  100.  445.  493.  504. 1262. 1511. 1577. 1656. 1703. 2034.
  2122. 2132. 2289.]
 [ 163.  445.  602.  717.  795.  946. 1267. 1557. 1577. 1674. 1703. 1986.
  2020. 2149. 2361.]
 [  28.  100.  316.  446.  814.  909.  953.  977. 1202. 1521. 1693. 1783.
  2020. 2118. 2299.]
 [  90.  301.  509.  638. 1291. 1368. 1429. 1473. 1623. 1645. 1672. 1809.
  1975. 2203. 2330.]
 [ 106.  203.  255.  325.  438.  465.  631.  740.  792.  821. 1142. 1754.
  1900. 1980. 2254.]
 [  25.  172.  203.  717. 1011. 1088. 1430. 1604. 1614. 1826. 1919. 1926.
  2183. 2341. 2386.]
 [   0.  207.  390.  394.  530.  597.  604.  644. 1034. 1081. 1102. 1352.
  1415. 1809. 2199.]
 [   0.  192.  274.  388.  403.  470.  536. 1027. 1187. 1243. 1325. 1382.
  2075. 2109. 2343.]
 [ 127.  224.  445.  490.  530.  795.  975. 1064. 1217. 1246. 1433. 1826.
  1862. 2143. 2362.]
 [   0.  207.  530.  626.  881. 1063. 1120. 1221. 1252. 1352. 1377. 1845.
  2077. 2186. 2252.]
 [   0.   28.  301.  357.  617.  642. 1127. 1345. 1481. 1633. 1686. 1772.
  2075. 2138. 2204.]
 [ 207.  278.  600.  646.  656.  657.  688.  691. 1034. 1127. 1355. 1827.
  1900. 1959. 2184.]
 [  28.  100.  180.  332.  622.  720.  728.  945.  972.  989. 1151. 1520.
  1578. 1621. 1907.]
 [  28.  100.  178.  300.  775.  945.  991. 1277. 1555. 1645. 1674. 1682.
  2164. 2342. 2404.]
 [ 394.  483.  527.  568.  678.  821.  906.  922. 1186. 1474. 1774. 1809.
  2001. 2119. 2247.]]
