optimal_status: 0
solution: 6068.0
cpu_time: 3600.431282043457
gap: 0.6919327592913482
upper_bound: 1869.3520166200988
lower_bound: 6068.0
cg_matrix: [[0. 0. 0. 0. 0. 0. 0. 0. 0. 0. 0. 0. 0. 0. 0. 1. 0. 0. 1. 0. 0. 1. 0. 1.
  0. 0. 0. 0. 0. 1. 0. 0. 0. 0. 0. 0. 0. 0. 1. 0. 0. 0. 0. 0. 1. 0. 0. 0.
  0. 0.]
 [0. 0. 0. 0. 1. 0. 0. 0. 0. 0. 1. 0. 0. 0. 0. 0. 0. 0. 0. 1. 0. 0. 1. 0.
  0. 0. 0. 0. 0. 0. 0. 0. 1. 0. 0. 0. 1. 0. 1. 1. 0. 0. 0. 0. 1. 0. 0. 0.
  0. 0.]
 [0. 0. 0. 0. 0. 0. 0. 0. 0. 0. 0. 0. 0. 0. 0. 0. 0. 0. 0. 0. 0. 0. 0. 0.
  0. 0. 1. 0. 0. 0. 0. 0. 0. 0. 0. 0. 0. 0. 1. 0. 0. 0. 0. 0. 1. 0. 1. 1.
  1. 1.]
 [0. 0. 0. 0. 0. 0. 0. 0. 0. 0. 1. 0. 0. 0. 0. 0. 0. 0. 0. 0. 0. 0. 0. 0.
  0. 0. 1. 0. 0. 0. 0. 0. 0. 1. 0. 0. 0. 0. 0. 0. 1. 1. 1. 0. 0. 0. 0. 0.
  0. 0.]
 [0. 1. 0. 0. 0. 0. 0. 0. 0. 0. 0. 1. 0. 1. 1. 1. 0. 0. 0. 0. 0. 0. 1. 0.
  0. 0. 0. 0. 1. 1. 0. 0. 0. 0. 1. 0. 0. 0. 0. 0. 0. 0. 0. 0. 0. 0. 0. 0.
  0. 0.]
 [0. 0. 0. 0. 0. 0. 0. 1. 0. 0. 1. 0. 0. 0. 0. 0. 0. 0. 1. 1. 0. 1. 1. 0.
  0. 0. 0. 0. 0. 1. 0. 0. 0. 0. 0. 0. 0. 0. 0. 0. 0. 0. 0. 0. 0. 0. 0. 0.
  1. 0.]
 [0. 0. 0. 0. 0. 0. 0. 0. 0. 0. 0. 0. 0. 0. 0. 0. 0. 0. 1. 0. 0. 1. 1. 0.
  0. 1. 0. 0. 0. 1. 0. 0. 0. 1. 1. 0. 0. 0. 0. 1. 0. 0. 1. 0. 0. 0. 0. 0.
  0. 0.]
 [0. 0. 0. 0. 0. 1. 0. 0. 0. 0. 0. 0. 1. 1. 0. 0. 0. 0. 1. 1. 0. 0. 0. 0.
  1. 0. 1. 0. 0. 0. 0. 0. 1. 0. 0. 0. 0. 0. 0. 1. 0. 0. 1. 0. 0. 0. 0. 1.
  0. 0.]
 [0. 0. 0. 0. 0. 0. 0. 0. 0. 0. 0. 0. 0. 0. 0. 1. 0. 0. 0. 0. 0. 1. 0. 0.
  0. 1. 0. 0. 0. 0. 0. 0. 0. 0. 0. 0. 0. 0. 0. 0. 0. 0. 0. 0. 0. 1. 0. 0.
  0. 0.]
 [0. 0. 0. 0. 0. 0. 0. 0. 0. 0. 0. 0. 1. 0. 1. 0. 0. 0. 0. 0. 0. 0. 1. 0.
  0. 0. 0. 1. 1. 0. 0. 1. 0. 1. 0. 0. 0. 0. 1. 0. 0. 0. 0. 1. 0. 0. 1. 0.
  0. 0.]
 [0. 1. 0. 1. 0. 1. 0. 0. 0. 0. 0. 0. 1. 0. 0. 0. 0. 0. 1. 0. 0. 0. 0. 0.
  0. 0. 0. 0. 1. 0. 0. 0. 0. 0. 0. 1. 0. 0. 1. 0. 1. 0. 0. 1. 0. 0. 0. 0.
  0. 0.]
 [0. 0. 0. 0. 1. 0. 0. 0. 0. 0. 0. 0. 0. 0. 0. 0. 0. 0. 0. 0. 0. 0. 1. 0.
  0. 1. 1. 0. 0. 1. 0. 0. 0. 1. 1. 0. 0. 0. 0. 0. 1. 0. 1. 0. 0. 0. 0. 0.
  0. 0.]
 [0. 0. 0. 0. 0. 0. 0. 1. 0. 1. 1. 0. 0. 0. 0. 0. 0. 0. 0. 0. 1. 0. 0. 0.
  1. 0. 0. 1. 0. 0. 1. 0. 1. 0. 0. 1. 1. 0. 0. 0. 0. 0. 0. 1. 0. 0. 0. 1.
  0. 1.]
 [0. 0. 0. 0. 1. 0. 0. 1. 0. 0. 0. 0. 0. 0. 0. 0. 0. 1. 0. 0. 0. 1. 0. 1.
  0. 0. 0. 0. 0. 0. 0. 0. 0. 1. 1. 0. 0. 0. 0. 0. 0. 0. 1. 1. 0. 0. 1. 1.
  0. 0.]
 [0. 0. 0. 0. 1. 0. 0. 0. 0. 1. 0. 0. 0. 0. 0. 0. 0. 0. 0. 0. 0. 1. 1. 1.
  0. 1. 0. 1. 1. 1. 0. 0. 1. 0. 0. 0. 0. 1. 1. 0. 0. 0. 0. 0. 1. 0. 1. 0.
  0. 0.]
 [1. 0. 0. 0. 1. 0. 0. 0. 1. 0. 0. 0. 0. 0. 0. 0. 0. 0. 0. 0. 0. 0. 0. 0.
  0. 0. 0. 0. 0. 0. 0. 0. 0. 0. 0. 0. 0. 0. 0. 0. 0. 0. 0. 0. 0. 0. 0. 0.
  0. 0.]
 [0. 0. 0. 0. 0. 0. 0. 0. 0. 0. 0. 0. 0. 0. 0. 0. 0. 0. 0. 0. 0. 0. 0. 0.
  0. 0. 0. 0. 0. 0. 0. 0. 0. 0. 0. 0. 0. 0. 0. 0. 0. 0. 0. 0. 0. 0. 0. 0.
  0. 0.]
 [0. 0. 0. 0. 0. 0. 0. 0. 0. 0. 0. 0. 0. 1. 0. 0. 0. 0. 0. 0. 0. 0. 0. 0.
  0. 0. 0. 0. 0. 0. 0. 0. 0. 0. 0. 0. 0. 0. 0. 0. 0. 0. 0. 0. 0. 0. 0. 0.
  0. 0.]
 [1. 0. 0. 0. 0. 1. 1. 1. 0. 0. 1. 0. 0. 0. 0. 0. 0. 0. 0. 0. 0. 0. 0. 0.
  0. 0. 0. 0. 0. 0. 0. 0. 0. 0. 0. 0. 0. 0. 0. 0. 0. 0. 0. 0. 0. 0. 0. 0.
  0. 0.]
 [0. 1. 0. 0. 0. 1. 0. 1. 0. 0. 0. 0. 0. 0. 0. 0. 0. 0. 0. 0. 0. 0. 0. 0.
  0. 0. 0. 0. 0. 0. 0. 0. 0. 0. 0. 0. 0. 0. 0. 0. 0. 0. 0. 0. 0. 0. 0. 0.
  0. 0.]
 [0. 0. 0. 0. 0. 0. 0. 0. 0. 0. 0. 0. 1. 0. 0. 0. 0. 0. 0. 0. 0. 0. 0. 0.
  0. 0. 0. 0. 0. 0. 0. 0. 0. 0. 0. 0. 0. 0. 0. 0. 0. 0. 0. 0. 0. 0. 0. 0.
  0. 0.]
 [1. 0. 0. 0. 0. 1. 1. 0. 1. 0. 0. 0. 0. 1. 1. 0. 0. 0. 0. 0. 0. 0. 0. 0.
  0. 0. 0. 0. 0. 0. 0. 0. 0. 0. 0. 0. 0. 0. 0. 0. 0. 0. 0. 0. 0. 0. 0. 0.
  0. 0.]
 [0. 1. 0. 0. 1. 1. 1. 0. 0. 1. 0. 1. 0. 0. 1. 0. 0. 0. 0. 0. 0. 0. 0. 0.
  0. 0. 0. 0. 0. 0. 0. 0. 0. 0. 0. 0. 0. 0. 0. 0. 0. 0. 0. 0. 0. 0. 0. 0.
  0. 0.]
 [1. 0. 0. 0. 0. 0. 0. 0. 0. 0. 0. 0. 0. 1. 1. 0. 0. 0. 0. 0. 0. 0. 0. 0.
  0. 0. 0. 0. 0. 0. 0. 0. 0. 0. 0. 0. 0. 0. 0. 0. 0. 0. 0. 0. 0. 0. 0. 0.
  0. 0.]
 [0. 0. 0. 0. 0. 0. 0. 1. 0. 0. 0. 0. 1. 0. 0. 0. 0. 0. 0. 0. 0. 0. 0. 0.
  0. 0. 0. 0. 0. 0. 0. 0. 0. 0. 0. 0. 0. 0. 0. 0. 0. 0. 0. 0. 0. 0. 0. 0.
  0. 0.]
 [0. 0. 0. 0. 0. 0. 1. 0. 1. 0. 0. 1. 0. 0. 1. 0. 0. 0. 0. 0. 0. 0. 0. 0.
  0. 0. 0. 0. 0. 0. 0. 0. 0. 0. 0. 0. 0. 0. 0. 0. 0. 0. 0. 0. 0. 0. 0. 0.
  0. 0.]
 [0. 0. 1. 1. 0. 0. 0. 1. 0. 0. 0. 1. 0. 0. 0. 0. 0. 0. 0. 0. 0. 0. 0. 0.
  0. 0. 0. 0. 0. 0. 0. 0. 0. 0. 0. 0. 0. 0. 0. 0. 0. 0. 0. 0. 0. 0. 0. 0.
  0. 0.]
 [0. 0. 0. 0. 0. 0. 0. 0. 0. 1. 0. 0. 1. 0. 1. 0. 0. 0. 0. 0. 0. 0. 0. 0.
  0. 0. 0. 0. 0. 0. 0. 0. 0. 0. 0. 0. 0. 0. 0. 0. 0. 0. 0. 0. 0. 0. 0. 0.
  0. 0.]
 [0. 0. 0. 0. 1. 0. 0. 0. 0. 1. 1. 0. 0. 0. 1. 0. 0. 0. 0. 0. 0. 0. 0. 0.
  0. 0. 0. 0. 0. 0. 0. 0. 0. 0. 0. 0. 0. 0. 0. 0. 0. 0. 0. 0. 0. 0. 0. 0.
  0. 0.]
 [1. 0. 0. 0. 1. 1. 1. 0. 0. 0. 0. 1. 0. 0. 1. 0. 0. 0. 0. 0. 0. 0. 0. 0.
  0. 0. 0. 0. 0. 0. 0. 0. 0. 0. 0. 0. 0. 0. 0. 0. 0. 0. 0. 0. 0. 0. 0. 0.
  0. 0.]
 [0. 0. 0. 0. 0. 0. 0. 0. 0. 0. 0. 0. 1. 0. 0. 0. 0. 0. 0. 0. 0. 0. 0. 0.
  0. 0. 0. 0. 0. 0. 0. 0. 0. 0. 0. 0. 0. 0. 0. 0. 0. 0. 0. 0. 0. 0. 0. 0.
  0. 0.]
 [0. 0. 0. 0. 0. 0. 0. 0. 0. 1. 0. 0. 0. 0. 0. 0. 0. 0. 0. 0. 0. 0. 0. 0.
  0. 0. 0. 0. 0. 0. 0. 0. 0. 0. 0. 0. 0. 0. 0. 0. 0. 0. 0. 0. 0. 0. 0. 0.
  0. 0.]
 [0. 1. 0. 0. 0. 0. 0. 1. 0. 0. 0. 0. 1. 0. 1. 0. 0. 0. 0. 0. 0. 0. 0. 0.
  0. 0. 0. 0. 0. 0. 0. 0. 0. 0. 0. 0. 0. 0. 0. 0. 0. 0. 0. 0. 0. 0. 0. 0.
  0. 0.]
 [0. 0. 0. 1. 0. 0. 1. 0. 0. 1. 0. 1. 0. 1. 0. 0. 0. 0. 0. 0. 0. 0. 0. 0.
  0. 0. 0. 0. 0. 0. 0. 0. 0. 0. 0. 0. 0. 0. 0. 0. 0. 0. 0. 0. 0. 0. 0. 0.
  0. 0.]
 [0. 0. 0. 0. 1. 0. 1. 0. 0. 0. 0. 1. 0. 1. 0. 0. 0. 0. 0. 0. 0. 0. 0. 0.
  0. 0. 0. 0. 0. 0. 0. 0. 0. 0. 0. 0. 0. 0. 0. 0. 0. 0. 0. 0. 0. 0. 0. 0.
  0. 0.]
 [0. 0. 0. 0. 0. 0. 0. 0. 0. 0. 1. 0. 1. 0. 0. 0. 0. 0. 0. 0. 0. 0. 0. 0.
  0. 0. 0. 0. 0. 0. 0. 0. 0. 0. 0. 0. 0. 0. 0. 0. 0. 0. 0. 0. 0. 0. 0. 0.
  0. 0.]
 [0. 1. 0. 0. 0. 0. 0. 0. 0. 0. 0. 0. 1. 0. 0. 0. 0. 0. 0. 0. 0. 0. 0. 0.
  0. 0. 0. 0. 0. 0. 0. 0. 0. 0. 0. 0. 0. 0. 0. 0. 0. 0. 0. 0. 0. 0. 0. 0.
  0. 0.]
 [0. 0. 0. 0. 0. 0. 0. 0. 0. 0. 0. 0. 0. 0. 1. 0. 0. 0. 0. 0. 0. 0. 0. 0.
  0. 0. 0. 0. 0. 0. 0. 0. 0. 0. 0. 0. 0. 0. 0. 0. 0. 0. 0. 0. 0. 0. 0. 0.
  0. 0.]
 [1. 1. 1. 0. 0. 0. 0. 0. 0. 1. 1. 0. 0. 0. 1. 0. 0. 0. 0. 0. 0. 0. 0. 0.
  0. 0. 0. 0. 0. 0. 0. 0. 0. 0. 0. 0. 0. 0. 0. 0. 0. 0. 0. 0. 0. 0. 0. 0.
  0. 0.]
 [0. 1. 0. 0. 0. 0. 1. 1. 0. 0. 0. 0. 0. 0. 0. 0. 0. 0. 0. 0. 0. 0. 0. 0.
  0. 0. 0. 0. 0. 0. 0. 0. 0. 0. 0. 0. 0. 0. 0. 0. 0. 0. 0. 0. 0. 0. 0. 0.
  0. 0.]
 [0. 0. 0. 1. 0. 0. 0. 0. 0. 0. 1. 1. 0. 0. 0. 0. 0. 0. 0. 0. 0. 0. 0. 0.
  0. 0. 0. 0. 0. 0. 0. 0. 0. 0. 0. 0. 0. 0. 0. 0. 0. 0. 0. 0. 0. 0. 0. 0.
  0. 0.]
 [0. 0. 0. 1. 0. 0. 0. 0. 0. 0. 0. 0. 0. 0. 0. 0. 0. 0. 0. 0. 0. 0. 0. 0.
  0. 0. 0. 0. 0. 0. 0. 0. 0. 0. 0. 0. 0. 0. 0. 0. 0. 0. 0. 0. 0. 0. 0. 0.
  0. 0.]
 [0. 0. 0. 1. 0. 0. 1. 1. 0. 0. 0. 1. 0. 1. 0. 0. 0. 0. 0. 0. 0. 0. 0. 0.
  0. 0. 0. 0. 0. 0. 0. 0. 0. 0. 0. 0. 0. 0. 0. 0. 0. 0. 0. 0. 0. 0. 0. 0.
  0. 0.]
 [0. 0. 0. 0. 0. 0. 0. 0. 0. 1. 1. 0. 1. 1. 0. 0. 0. 0. 0. 0. 0. 0. 0. 0.
  0. 0. 0. 0. 0. 0. 0. 0. 0. 0. 0. 0. 0. 0. 0. 0. 0. 0. 0. 0. 0. 0. 0. 0.
  0. 0.]
 [1. 1. 1. 0. 0. 0. 0. 0. 0. 0. 0. 0. 0. 0. 1. 0. 0. 0. 0. 0. 0. 0. 0. 0.
  0. 0. 0. 0. 0. 0. 0. 0. 0. 0. 0. 0. 0. 0. 0. 0. 0. 0. 0. 0. 0. 0. 0. 0.
  0. 0.]
 [0. 0. 0. 0. 0. 0. 0. 0. 1. 0. 0. 0. 0. 0. 0. 0. 0. 0. 0. 0. 0. 0. 0. 0.
  0. 0. 0. 0. 0. 0. 0. 0. 0. 0. 0. 0. 0. 0. 0. 0. 0. 0. 0. 0. 0. 0. 0. 0.
  0. 0.]
 [0. 0. 1. 0. 0. 0. 0. 0. 0. 1. 0. 0. 0. 1. 1. 0. 0. 0. 0. 0. 0. 0. 0. 0.
  0. 0. 0. 0. 0. 0. 0. 0. 0. 0. 0. 0. 0. 0. 0. 0. 0. 0. 0. 0. 0. 0. 0. 0.
  0. 0.]
 [0. 0. 1. 0. 0. 0. 0. 1. 0. 0. 0. 0. 1. 1. 0. 0. 0. 0. 0. 0. 0. 0. 0. 0.
  0. 0. 0. 0. 0. 0. 0. 0. 0. 0. 0. 0. 0. 0. 0. 0. 0. 0. 0. 0. 0. 0. 0. 0.
  0. 0.]
 [0. 0. 1. 0. 0. 1. 0. 0. 0. 0. 0. 0. 0. 0. 0. 0. 0. 0. 0. 0. 0. 0. 0. 0.
  0. 0. 0. 0. 0. 0. 0. 0. 0. 0. 0. 0. 0. 0. 0. 0. 0. 0. 0. 0. 0. 0. 0. 0.
  0. 0.]
 [0. 0. 1. 0. 0. 0. 0. 0. 0. 0. 0. 0. 1. 0. 0. 0. 0. 0. 0. 0. 0. 0. 0. 0.
  0. 0. 0. 0. 0. 0. 0. 0. 0. 0. 0. 0. 0. 0. 0. 0. 0. 0. 0. 0. 0. 0. 0. 0.
  0. 0.]]
start_times_array: [[  49.         3238.         4484.         4657.         5046.
  5196.68461037 5367.         5396.         5487.         5581.
  5669.         5759.         5834.         5980.         6058.        ]
 [2619.         2647.         2786.         3148.         5144.
  5197.         5235.         5279.         5317.         5324.
  5426.         5668.         5820.         5878.         6004.        ]
 [ 771.          852.         1385.         3874.         3962.
  4108.         4867.         5043.         5384.         5477.
  5607.         5685.         5757.         5835.         5878.        ]
 [ 936.         4190.         4237.         4656.         4864.
  5075.68461037 5125.         5142.         5318.         5370.
  5374.         5443.         5482.         5653.00090438 6016.        ]
 [ 114.         4643.         4808.68461037 4893.         4896.
  4903.         4972.         5025.         5071.         5374.
  5522.         5559.         5584.         5735.         5906.        ]
 [5053.         5102.         5144.         5270.         5356.
  5370.         5395.         5457.         5583.         5669.
  5676.         5759.         5901.         6029.         6052.        ]
 [ 206.          863.         1017.         1187.         1244.
  1424.         1573.         2005.         3035.         3723.
  3829.         4355.35514019 4843.         5099.68461037 5315.        ]
 [3724.         3829.         4271.         4572.         4742.
  4800.         4864.         4878.         4918.         5016.
  5029.         5206.         5520.         5843.         5955.        ]
 [ 206.          619.          760.          809.          976.
  3773.         4028.         4369.         4541.         4564.
  4768.         4867.         5041.         5083.         5221.        ]
 [3730.         3786.         4088.         4264.         4556.
  4720.         4770.         4836.         4929.         4955.
  4972.         5034.         5038.         5051.         5130.        ]
 [1799.         3610.         3724.         3861.         4067.
  4319.         4482.         4556.         4720.         4768.
  4813.         4902.         4967.         5041.         5043.        ]
 [ 935.         1232.         3304.         3637.         3672.
  3925.         3968.         4392.         4491.         4500.
  4538.         4589.         4604.         4753.68461037 4858.        ]
 [ 792.         2955.         3121.         3240.         3293.
  3559.         3710.         3913.         3942.         4020.
  4160.         4210.         4367.         4392.         4636.        ]
 [ 502.          819.          985.         1610.         3561.
  3946.         4016.         4065.         4091.         4237.
  4459.         4545.         4546.         4723.         4731.        ]
 [2619.         3522.         3611.         3665.         3692.
  3817.         3874.         3942.         4012.         4160.
  4190.         4352.         4450.         4499.         4562.        ]
 [  90.          305.          400.          491.          548.
  1509.         2293.         3064.         3293.         3387.
  3541.         3559.         3828.         4115.         4271.        ]
 [ 108.          245.          408.          502.          503.
   612.          662.          715.          735.          944.
  1072.         1136.         1197.         1269.         1317.        ]
 [   0.          190.          235.          401.          499.
   653.          760.          764.         1084.         1383.
  2886.         2950.         3304.         3336.         3356.        ]
 [ 349.          402.          563.          775.         1114.
  2267.         2885.         3108.         3167.         3323.
  3336.         3444.         3561.         3691.         3821.        ]
 [  70.          494.          495.          598.          661.
   725.          730.          788.         1158.         1269.
  1371.         1407.         1478.         1705.         2015.00090438]
 [ 335.          629.         1024.         2983.         3071.
  3075.         3087.         3511.         3522.         3539.
  3566.         3640.         3765.         3778.         3830.        ]
 [ 415.          623.         1776.         1862.         2367.
  2458.         2762.         2844.         2946.         3078.
  3165.         3166.         3329.         3419.         3441.        ]
 [   0.         1988.         2077.         2160.         2221.
  2278.         2316.         2911.         3003.         3014.
  3078.         3188.         3257.         3397.         3541.        ]
 [ 249.          353.          390.          518.          766.
   895.         1148.         2031.         2245.         2882.
  3017.         3175.         3410.         3505.         3541.        ]
 [  22.          929.         1985.         2419.         2699.
  2752.         2790.         2873.         2904.         2951.
  3011.         3057.         3170.         3387.         3515.        ]
 [   0.          299.          668.          788.         1507.
  2315.         2411.         2436.         2480.         2786.
  2957.         3121.         3241.         3397.         3518.        ]
 [1067.         1222.         2113.         2200.         2365.
  2377.         2530.         2547.         2801.         2886.
  2949.         3033.         3105.         3177.         3397.        ]
 [  50.          360.          480.          524.          730.
   755.          771.          859.          942.         1029.
  1346.         1400.         2043.         2538.         2752.        ]
 [  86.          162.          534.          762.          813.
  1269.         2075.         2254.         2757.         2802.
  2955.         3006.         3017.         3165.         3419.        ]
 [ 162.          428.         1791.         1953.         1974.
  2080.         2265.         2333.         2392.         2444.
  2719.         2776.         2814.         2829.         2915.        ]
 [   0.           20.          153.          355.          450.
   533.          911.          918.         1173.         2589.
  2621.         2714.         2859.         2870.         2872.        ]
 [   0.          133.          226.          735.         1919.
  2045.         2094.         2227.         2245.         2265.
  2272.         2413.         2576.         2640.         2696.        ]
 [  50.          206.         1552.         1704.         1724.
  2005.         2068.         2272.         2370.         2444.
  2475.         2535.         2572.         2574.         2709.        ]
 [   0.          126.          262.         1159.         1765.
  1811.         2219.         2455.         2528.         2595.
  2640.         2686.         2699.         2703.         2870.        ]
 [ 194.          262.          346.          542.         1712.
  2200.         2269.         2294.         2319.         2348.
  2516.         2550.         2589.         2708.         2733.        ]
 [  11.          341.         1078.         1568.         1846.
  2039.         2078.         2158.         2245.         2334.
  2393.         2461.         2506.         2572.         2741.        ]
 [ 262.          814.          889.         1058.         1178.
  2006.         2028.         2071.         2187.         2194.
  2270.         2341.         2497.         2581.         2706.        ]
 [   0.          142.          299.          349.          427.
   610.          911.         1354.         1996.         2114.
  2195.         2305.         2334.         2347.         2709.        ]
 [  66.          158.          172.          370.          673.
  1114.         1724.         2097.         2114.         2132.
  2160.         2308.         2365.         2447.         2546.        ]
 [ 524.          728.         1221.         1612.         1810.
  1901.         2049.         2097.         2146.         2182.
  2384.         2390.         2463.         2476.         2477.        ]
 [  14.          113.          316.          872.         1117.
  1197.         1317.         1673.         1835.         1931.
  1935.         2003.         2080.         2258.         2384.        ]
 [   0.          251.          435.          491.          803.
   886.         1029.         1072.         1187.         1385.
  1573.         1688.         1837.         1888.         2180.        ]
 [  63.          168.          364.          443.          478.
   518.          576.          627.          715.         1633.
  1751.         1826.         1828.         1877.         1888.        ]
 [  19.          114.          120.          453.          601.
   613.          657.          862.          943.         1070.
  1204.         1519.         1744.         1806.         1910.        ]
 [  66.          248.          548.          621.          686.
   863.          949.         1009.         1057.         1291.
  1566.         1664.         1750.         1910.         2061.        ]
 [  26.           98.          661.          879.         1082.
  1114.         1148.         1226.         1459.         1508.
  1604.         1618.         1707.         1785.         1901.        ]
 [   0.          151.         1068.         1084.         1244.
  1292.         1517.         1528.         1612.         1641.
  1659.         1787.         1806.         1993.         2098.        ]
 [   0.           17.           51.          863.         1181.
  1348.         1482.         1535.         1575.         1612.
  1662.         1733.         1785.         1924.         2144.        ]
 [  68.          226.          428.          466.          577.
   813.         1072.         1178.         1251.         1636.
  1723.         1733.         1856.         1873.         2010.        ]
 [   0.          162.          226.          303.          306.
   381.          571.          715.          813.          940.
  1036.         1168.         1232.         1251.         1478.        ]]
