optimal_status: 0
solution: 13276.0
cpu_time: 3600.76721906662
gap: 0.9012503766194637
upper_bound: 1311.0000000000002
lower_bound: 13276.0
cg_matrix: [[0. 1. 1. 1. 1. 0. 0. 0. 0. 1. 0. 1. 1. 1. 1. 1. 1. 1. 1. 1.]
 [1. 0. 1. 1. 1. 0. 1. 1. 1. 0. 0. 0. 0. 1. 0. 0. 1. 0. 1. 0.]
 [1. 1. 0. 1. 1. 1. 1. 1. 1. 1. 1. 1. 1. 1. 1. 1. 1. 1. 1. 1.]
 [1. 1. 1. 0. 1. 1. 0. 1. 1. 1. 1. 0. 1. 1. 1. 1. 1. 1. 1. 1.]
 [1. 1. 1. 1. 0. 0. 1. 1. 1. 1. 0. 0. 1. 1. 0. 1. 1. 1. 1. 1.]
 [0. 0. 1. 1. 0. 0. 1. 1. 1. 0. 0. 1. 1. 0. 1. 1. 0. 1. 0. 1.]
 [0. 1. 1. 0. 1. 1. 0. 1. 0. 0. 0. 1. 1. 1. 1. 1. 1. 0. 1. 0.]
 [0. 1. 1. 1. 1. 1. 1. 0. 0. 1. 0. 1. 1. 1. 0. 1. 0. 1. 1. 1.]
 [0. 1. 1. 1. 1. 1. 0. 0. 0. 1. 1. 1. 1. 1. 1. 1. 1. 0. 1. 1.]
 [1. 0. 1. 1. 1. 0. 0. 1. 1. 0. 1. 0. 0. 1. 1. 1. 1. 1. 0. 1.]
 [0. 0. 1. 1. 0. 0. 0. 0. 1. 1. 0. 1. 1. 1. 1. 0. 1. 1. 1. 1.]
 [1. 0. 1. 0. 0. 1. 1. 1. 1. 0. 1. 0. 0. 1. 0. 0. 1. 1. 1. 1.]
 [1. 0. 1. 1. 1. 1. 1. 1. 1. 0. 1. 0. 0. 1. 1. 1. 1. 1. 1. 0.]
 [1. 1. 1. 1. 1. 0. 1. 1. 1. 1. 1. 1. 1. 0. 0. 0. 1. 1. 1. 1.]
 [1. 0. 1. 1. 0. 1. 1. 0. 1. 1. 1. 0. 1. 0. 0. 1. 1. 1. 0. 1.]
 [1. 0. 1. 1. 1. 1. 1. 1. 1. 1. 0. 0. 1. 0. 1. 0. 1. 1. 1. 0.]
 [1. 1. 1. 1. 1. 0. 1. 0. 1. 1. 1. 1. 1. 1. 1. 1. 0. 0. 1. 1.]
 [1. 0. 1. 1. 1. 1. 0. 1. 0. 1. 1. 1. 1. 1. 1. 1. 0. 0. 1. 1.]
 [1. 1. 1. 1. 1. 0. 1. 1. 1. 0. 1. 1. 1. 1. 0. 1. 1. 1. 0. 1.]
 [1. 0. 1. 1. 1. 1. 0. 1. 1. 1. 1. 1. 0. 1. 1. 0. 1. 1. 1. 0.]]
start_times_array: [[1.27200000e+03 1.36600000e+03 2.34900000e+03 3.40700000e+03
  4.10500000e+03 5.50100000e+03 6.44400000e+03 6.47400000e+03
  6.58100000e+03 6.61500000e+03 6.96500000e+03 1.25410000e+04
  1.27250000e+04 1.27860000e+04 1.30560000e+04 1.30860000e+04
  1.31740000e+04 1.31860000e+04 1.32060000e+04 1.32240000e+04]
 [1.00660000e+04 1.13810000e+04 1.14560000e+04 1.17740000e+04
  1.18820000e+04 1.19290000e+04 1.19990000e+04 1.20200000e+04
  1.20660000e+04 1.22360000e+04 1.22710000e+04 1.22810000e+04
  1.23730000e+04 1.24490000e+04 1.25960000e+04 1.26360000e+04
  1.28530000e+04 1.30230000e+04 1.32220000e+04 1.32750000e+04]
 [3.72000000e+02 9.53000000e+02 4.70100000e+03 5.92900000e+03
  1.03490000e+04 1.06890000e+04 1.09250000e+04 1.10320000e+04
  1.10510000e+04 1.10900000e+04 1.11100000e+04 1.12460000e+04
  1.14850000e+04 1.16950000e+04 1.18610000e+04 1.19770000e+04
  1.21430000e+04 1.23820000e+04 1.25240000e+04 1.29390000e+04]
 [2.25700000e+03 3.28200000e+03 3.63700000e+03 4.87100000e+03
  5.05900000e+03 9.29700000e+03 9.97100000e+03 1.02100000e+04
  1.05660000e+04 1.05980000e+04 1.06330000e+04 1.06350000e+04
  1.07420000e+04 1.08190000e+04 1.08280000e+04 1.10220000e+04
  1.12010000e+04 1.13000000e+04 1.15820000e+04 1.16580000e+04]
 [5.42900000e+03 6.19000000e+03 6.49000000e+03 6.52300000e+03
  6.74700000e+03 6.78500000e+03 6.86200000e+03 9.50800000e+03
  9.56100000e+03 9.68900000e+03 9.70900000e+03 9.78000000e+03
  9.84900000e+03 9.94400000e+03 9.94800000e+03 9.97700000e+03
  1.00880000e+04 1.03030000e+04 1.03990000e+04 1.04660000e+04]
 [1.11100000e+03 1.19700000e+03 1.48400000e+03 8.83700000e+03
  9.50800000e+03 9.65700000e+03 9.69400000e+03 9.76100000e+03
  9.84800000e+03 9.88100000e+03 9.88700000e+03 9.95500000e+03
  9.97700000e+03 9.98900000e+03 9.99400000e+03 1.00270000e+04
  1.01140000e+04 1.03030000e+04 1.03900000e+04 1.04770000e+04]
 [0.00000000e+00 7.30000000e+01 1.99000000e+02 2.76000000e+02
  7.66900000e+03 8.45700000e+03 8.49400000e+03 8.52400000e+03
  8.75300000e+03 8.94500000e+03 8.97200000e+03 9.00900000e+03
  9.09800000e+03 9.19000000e+03 9.25800000e+03 9.27800000e+03
  9.35800000e+03 9.43400000e+03 9.60800000e+03 9.61900000e+03]
 [1.27000000e+03 1.33000000e+03 1.57700000e+03 7.53900000e+03
  7.75800000e+03 7.83300000e+03 7.93000000e+03 8.02000000e+03
  8.06400000e+03 8.09100000e+03 8.14500000e+03 8.16900000e+03
  8.20500000e+03 8.28700000e+03 8.30000000e+03 8.33300000e+03
  8.41300000e+03 8.57400000e+03 8.67300000e+03 8.86300000e+03]
 [6.60200000e+03 7.30300000e+03 7.55400000e+03 7.58500000e+03
  7.83000000e+03 7.94600000e+03 7.95800000e+03 7.96200000e+03
  7.96600000e+03 7.97700000e+03 8.01200000e+03 8.09500000e+03
  8.15200000e+03 8.17100000e+03 8.25100000e+03 8.27100000e+03
  8.31500000e+03 8.43700000e+03 8.67300000e+03 8.74400000e+03]
 [1.07700000e+03 1.13800000e+03 1.22400000e+03 1.45200000e+03
  1.51000000e+03 1.51200000e+03 1.53100000e+03 1.61900000e+03
  1.66900000e+03 1.85600000e+03 6.94800000e+03 7.01800000e+03
  7.03400000e+03 7.36500000e+03 7.45400000e+03 7.61200000e+03
  7.69800000e+03 7.78600000e+03 7.90200000e+03 8.46100000e+03]
 [3.62000000e+02 1.28600000e+03 5.90300000e+03 5.94300000e+03
  6.03400000e+03 6.13800000e+03 6.16800000e+03 6.18700000e+03
  6.21400000e+03 6.34200000e+03 6.43300000e+03 6.45500000e+03
  6.51700000e+03 6.59200000e+03 6.68100000e+03 6.76000000e+03
  6.76300000e+03 6.86000000e+03 6.96200000e+03 6.97200000e+03]
 [2.70500000e+03 3.27400000e+03 4.63200000e+03 4.96900000e+03
  5.18400000e+03 5.33500000e+03 5.36100000e+03 5.44400000e+03
  5.61600000e+03 5.76200000e+03 5.82300000e+03 6.23600000e+03
  6.31700000e+03 6.42800000e+03 7.07200000e+03 7.15900000e+03
  7.38100000e+03 7.39700000e+03 7.41700000e+03 7.46700000e+03]
 [3.00000000e+00 1.07000000e+02 1.93000000e+02 2.27000000e+02
  6.39999999e+02 5.09800000e+03 5.18000000e+03 5.32300000e+03
  5.34900000e+03 5.45500000e+03 5.58500000e+03 5.73200000e+03
  5.73900000e+03 5.76600000e+03 5.79200000e+03 5.88900000e+03
  6.00400000e+03 6.03100000e+03 6.12600000e+03 6.26000000e+03]
 [2.99700000e+03 3.07500000e+03 3.32500000e+03 3.47500000e+03
  3.75300000e+03 3.83600000e+03 3.99200000e+03 3.99400000e+03
  4.03600000e+03 4.19600000e+03 4.27500000e+03 4.29200000e+03
  4.35900000e+03 4.42000000e+03 4.49200000e+03 4.54100000e+03
  4.63500000e+03 4.67300000e+03 4.82300000e+03 4.85700000e+03]
 [4.77000000e+02 7.57000000e+02 1.57900000e+03 2.10900000e+03
  2.17200000e+03 2.17700000e+03 3.73400000e+03 3.99200000e+03
  4.26200000e+03 4.32400000e+03 4.36700000e+03 4.42500000e+03
  4.55000000e+03 4.63300000e+03 4.80000000e+03 4.91200000e+03
  4.99800000e+03 5.67900000e+03 6.75900000e+03 7.11000000e+03]
 [2.00000000e+01 4.18000000e+02 3.00200000e+03 3.02700000e+03
  3.19100000e+03 3.48100000e+03 3.80400000e+03 3.84100000e+03
  3.90200000e+03 3.94300000e+03 3.99500000e+03 4.01500000e+03
  4.03900000e+03 4.09700000e+03 4.14500000e+03 4.21700000e+03
  4.24700000e+03 4.46400000e+03 4.60200000e+03 6.70700000e+03]
 [1.95800000e+03 2.03000000e+03 2.27000000e+03 2.30400000e+03
  2.36100000e+03 2.44400000e+03 2.52900000e+03 2.54800000e+03
  2.55300000e+03 2.63000000e+03 2.72600000e+03 2.78700000e+03
  2.87600000e+03 2.95300000e+03 3.04300000e+03 3.09600000e+03
  3.57400000e+03 3.61400000e+03 5.06300000e+03 5.26600000e+03]
 [1.82300000e+03 1.95400000e+03 1.97000000e+03 2.03700000e+03
  2.28200000e+03 2.37900000e+03 2.41600000e+03 2.45800000e+03
  2.48200000e+03 2.55700000e+03 2.55800000e+03 2.58000000e+03
  2.61200000e+03 2.63300000e+03 2.63600000e+03 2.75900000e+03
  2.83600000e+03 2.88900000e+03 3.14800000e+03 3.39200000e+03]
 [4.69000000e+02 7.51000000e+02 8.85000000e+02 9.61000000e+02
  1.07100000e+03 1.09100000e+03 1.17900000e+03 1.42700000e+03
  1.50600000e+03 1.56100000e+03 1.61900000e+03 1.67200000e+03
  1.75600000e+03 1.75700000e+03 1.85600000e+03 1.87000000e+03
  1.95300000e+03 2.10700000e+03 2.20300000e+03 5.70200000e+03]
 [0.00000000e+00 8.00000000e+01 1.61000000e+02 1.70000000e+02
  2.19000000e+02 2.51000000e+02 2.70000000e+02 4.04000000e+02
  5.27000000e+02 6.15000000e+02 6.79000000e+02 6.83000000e+02
  8.06000000e+02 9.66000000e+02 9.87000000e+02 3.18200000e+03
  3.32600000e+03 3.85800000e+03 3.90900000e+03 7.20700000e+03]]
