optimal_status: 0
solution: 65774.0
cpu_time: 3603.7371530532837
gap: 0.9543664141380694
upper_bound: 3001.503476482618
lower_bound: 65774.0
cg_matrix: [[0. 0. 0. 0. 0. 1. 0. 0. 0. 0. 0. 0. 0. 0. 0. 0. 1. 0. 0. 1. 0. 0. 0. 0.
  0. 0. 0. 1. 0. 0. 0. 0. 1. 0. 0. 0. 0. 0. 1. 0. 1. 0. 0. 0. 0. 0. 0. 1.
  0. 0. 0. 1. 0. 1. 0. 0. 0. 0. 0. 0. 0. 0. 1. 0. 0. 0. 0. 1. 0. 1. 0. 0.
  0. 0. 1. 0. 0. 0. 0. 1. 1. 0. 1. 0. 0. 0. 1. 0. 0. 0. 1. 0. 0. 0. 0. 1.
  0. 0. 0. 0.]
 [0. 0. 0. 1. 0. 0. 0. 0. 0. 1. 0. 0. 0. 0. 0. 0. 0. 0. 0. 0. 0. 0. 0. 1.
  1. 0. 1. 0. 0. 1. 0. 0. 0. 0. 1. 0. 1. 0. 0. 0. 0. 0. 0. 0. 0. 0. 0. 0.
  0. 0. 0. 0. 0. 0. 0. 0. 0. 0. 0. 0. 1. 0. 0. 0. 0. 0. 0. 0. 1. 0. 0. 0.
  0. 1. 0. 0. 0. 0. 0. 0. 0. 1. 0. 0. 0. 0. 0. 1. 0. 0. 0. 0. 1. 0. 1. 0.
  0. 0. 0. 0.]
 [0. 0. 0. 0. 1. 0. 0. 0. 0. 0. 0. 1. 1. 0. 1. 0. 0. 0. 0. 0. 1. 0. 0. 1.
  0. 0. 1. 0. 0. 0. 0. 0. 0. 0. 0. 0. 0. 0. 0. 0. 1. 0. 0. 1. 0. 1. 1. 0.
  0. 0. 0. 0. 0. 0. 1. 0. 0. 0. 0. 0. 0. 0. 0. 0. 1. 0. 0. 1. 0. 0. 0. 0.
  0. 0. 0. 0. 0. 0. 0. 0. 0. 0. 0. 0. 0. 1. 0. 0. 0. 0. 0. 0. 0. 0. 1. 0.
  0. 0. 0. 0.]
 [0. 1. 0. 0. 1. 0. 0. 0. 1. 1. 0. 0. 0. 0. 0. 1. 0. 0. 1. 0. 0. 0. 1. 1.
  0. 0. 0. 0. 0. 1. 0. 1. 0. 0. 0. 1. 0. 0. 1. 1. 0. 0. 0. 0. 0. 0. 0. 0.
  0. 0. 0. 0. 0. 0. 0. 0. 0. 0. 0. 0. 0. 0. 0. 1. 0. 0. 0. 1. 0. 0. 0. 0.
  0. 0. 1. 0. 0. 1. 0. 0. 0. 0. 1. 0. 0. 0. 0. 0. 0. 0. 0. 0. 0. 0. 0. 0.
  0. 0. 0. 0.]
 [0. 0. 1. 1. 0. 0. 1. 0. 0. 1. 0. 0. 0. 0. 0. 0. 0. 0. 0. 0. 0. 0. 0. 0.
  0. 0. 0. 0. 1. 1. 0. 0. 0. 0. 0. 0. 0. 0. 0. 1. 0. 0. 0. 1. 0. 0. 1. 0.
  0. 0. 0. 0. 0. 0. 0. 1. 0. 0. 0. 0. 0. 1. 0. 1. 1. 0. 0. 0. 0. 0. 1. 0.
  0. 0. 0. 0. 0. 0. 0. 0. 0. 1. 0. 0. 1. 0. 0. 0. 0. 0. 0. 0. 0. 0. 1. 0.
  1. 0. 0. 0.]
 [1. 0. 0. 0. 0. 0. 0. 0. 0. 0. 0. 1. 0. 0. 0. 1. 0. 0. 0. 1. 0. 0. 0. 1.
  0. 0. 1. 0. 0. 1. 0. 0. 0. 0. 0. 0. 1. 1. 1. 0. 1. 0. 0. 0. 1. 0. 0. 0.
  0. 0. 1. 0. 0. 0. 1. 0. 0. 1. 0. 0. 0. 0. 0. 0. 0. 0. 1. 0. 1. 0. 0. 0.
  0. 0. 0. 1. 0. 1. 0. 0. 0. 1. 0. 0. 0. 0. 0. 0. 1. 0. 0. 0. 0. 0. 0. 0.
  0. 0. 0. 0.]
 [0. 0. 0. 0. 1. 0. 0. 0. 0. 0. 0. 0. 1. 0. 0. 0. 0. 0. 1. 0. 0. 0. 1. 0.
  0. 0. 0. 0. 1. 1. 0. 0. 0. 0. 0. 0. 0. 0. 1. 0. 1. 0. 1. 0. 0. 0. 0. 0.
  0. 0. 0. 0. 1. 0. 0. 0. 0. 0. 0. 0. 0. 0. 1. 1. 0. 0. 0. 1. 0. 0. 0. 0.
  0. 0. 0. 0. 0. 0. 0. 1. 0. 0. 0. 0. 0. 1. 0. 0. 0. 0. 1. 1. 0. 1. 1. 0.
  0. 0. 1. 1.]
 [0. 0. 0. 0. 0. 0. 0. 0. 0. 0. 0. 0. 0. 0. 0. 1. 1. 0. 0. 0. 0. 0. 0. 0.
  1. 1. 0. 0. 1. 1. 1. 0. 1. 0. 0. 1. 0. 0. 0. 1. 0. 1. 0. 0. 0. 0. 0. 0.
  0. 0. 0. 0. 0. 0. 1. 1. 0. 0. 0. 0. 0. 0. 0. 0. 0. 0. 1. 0. 1. 0. 1. 1.
  1. 1. 0. 0. 0. 0. 0. 1. 0. 1. 0. 0. 0. 0. 0. 0. 0. 0. 0. 0. 0. 0. 1. 0.
  0. 0. 1. 1.]
 [0. 0. 0. 1. 0. 0. 0. 0. 0. 0. 0. 0. 0. 0. 0. 0. 0. 1. 0. 0. 0. 0. 1. 0.
  0. 0. 0. 0. 1. 1. 0. 0. 1. 0. 0. 1. 0. 0. 0. 0. 0. 0. 0. 0. 1. 0. 1. 0.
  0. 0. 0. 0. 0. 0. 0. 0. 1. 0. 0. 1. 0. 1. 0. 0. 0. 0. 0. 0. 0. 0. 0. 0.
  0. 0. 1. 0. 1. 0. 0. 0. 1. 1. 0. 0. 0. 0. 0. 0. 0. 0. 0. 1. 0. 0. 0. 0.
  1. 0. 0. 0.]
 [0. 1. 0. 1. 1. 0. 0. 0. 0. 0. 0. 0. 0. 0. 0. 1. 1. 0. 1. 0. 0. 0. 1. 1.
  0. 0. 0. 0. 1. 0. 0. 1. 0. 1. 1. 0. 0. 0. 0. 0. 0. 0. 1. 1. 0. 1. 1. 0.
  0. 0. 0. 0. 0. 0. 0. 1. 1. 0. 0. 0. 1. 1. 1. 0. 0. 0. 1. 0. 0. 0. 0. 0.
  0. 0. 0. 0. 0. 0. 0. 0. 0. 1. 1. 1. 1. 1. 0. 0. 0. 0. 0. 0. 0. 0. 0. 0.
  1. 0. 0. 0.]
 [0. 0. 0. 0. 0. 0. 0. 0. 0. 0. 0. 1. 0. 1. 0. 0. 0. 0. 0. 1. 1. 0. 0. 0.
  0. 0. 0. 0. 1. 0. 0. 0. 0. 0. 0. 1. 0. 0. 0. 1. 0. 0. 0. 0. 0. 0. 0. 0.
  0. 1. 0. 0. 0. 0. 0. 1. 0. 0. 0. 0. 0. 0. 1. 0. 1. 0. 0. 0. 0. 0. 0. 0.
  0. 0. 1. 0. 1. 0. 0. 0. 0. 0. 0. 0. 0. 0. 0. 0. 0. 0. 0. 0. 1. 0. 0. 0.
  0. 0. 0. 0.]
 [0. 0. 1. 0. 0. 1. 0. 0. 0. 0. 1. 0. 0. 1. 1. 0. 1. 0. 0. 0. 0. 0. 0. 0.
  0. 0. 1. 0. 0. 1. 0. 0. 1. 0. 1. 0. 1. 0. 0. 1. 0. 1. 1. 0. 0. 0. 0. 0.
  1. 0. 0. 0. 0. 0. 1. 0. 1. 0. 1. 0. 0. 0. 0. 1. 0. 0. 0. 0. 1. 1. 0. 1.
  0. 1. 0. 0. 1. 0. 0. 1. 0. 0. 0. 1. 0. 0. 0. 0. 0. 0. 0. 1. 1. 0. 0. 0.
  0. 0. 0. 0.]
 [0. 0. 1. 0. 0. 0. 1. 0. 0. 0. 0. 0. 0. 0. 0. 0. 0. 0. 0. 1. 0. 0. 0. 0.
  0. 1. 0. 0. 0. 0. 0. 1. 0. 0. 0. 0. 0. 0. 0. 0. 0. 0. 0. 0. 0. 0. 0. 0.
  0. 0. 0. 0. 0. 0. 0. 1. 1. 0. 0. 0. 0. 0. 0. 0. 0. 0. 0. 0. 0. 0. 0. 1.
  0. 1. 1. 0. 0. 0. 0. 0. 0. 0. 0. 1. 0. 0. 0. 1. 0. 1. 1. 0. 0. 0. 0. 1.
  0. 1. 0. 0.]
 [0. 0. 0. 0. 0. 0. 0. 0. 0. 0. 1. 1. 0. 0. 0. 1. 0. 0. 1. 0. 0. 1. 1. 0.
  0. 1. 0. 0. 0. 0. 1. 0. 0. 0. 0. 0. 0. 1. 1. 0. 0. 1. 0. 1. 0. 0. 0. 0.
  1. 1. 0. 1. 0. 0. 1. 0. 0. 0. 0. 0. 1. 0. 0. 0. 1. 1. 0. 0. 0. 1. 0. 0.
  0. 0. 1. 0. 0. 0. 1. 0. 1. 0. 0. 0. 0. 0. 0. 0. 0. 0. 0. 0. 0. 0. 0. 1.
  0. 0. 0. 1.]
 [0. 0. 1. 0. 0. 0. 0. 0. 0. 0. 0. 1. 0. 0. 0. 0. 0. 1. 0. 0. 1. 0. 0. 0.
  0. 0. 0. 0. 0. 0. 0. 0. 0. 0. 0. 0. 1. 0. 0. 0. 1. 0. 0. 0. 0. 0. 0. 0.
  0. 1. 0. 0. 0. 0. 1. 0. 0. 0. 0. 0. 1. 0. 0. 0. 0. 1. 0. 0. 0. 0. 0. 0.
  0. 0. 0. 0. 0. 0. 0. 0. 0. 0. 0. 0. 1. 0. 0. 0. 0. 0. 0. 0. 0. 1. 0. 0.
  0. 0. 1. 0.]
 [0. 0. 0. 1. 0. 1. 0. 1. 0. 1. 0. 0. 0. 1. 0. 0. 0. 0. 0. 0. 0. 0. 0. 0.
  0. 0. 0. 0. 0. 1. 0. 0. 0. 0. 0. 0. 0. 0. 0. 0. 1. 0. 0. 1. 0. 0. 0. 0.
  0. 0. 0. 0. 0. 0. 1. 0. 0. 1. 0. 0. 1. 0. 0. 0. 0. 0. 0. 0. 0. 0. 0. 0.
  0. 0. 0. 0. 0. 0. 0. 1. 0. 1. 0. 1. 0. 0. 0. 0. 0. 0. 0. 0. 0. 0. 0. 0.
  0. 0. 0. 0.]
 [1. 0. 0. 0. 0. 0. 0. 1. 0. 1. 0. 1. 0. 0. 0. 0. 0. 0. 0. 0. 0. 0. 0. 1.
  1. 0. 0. 1. 0. 0. 1. 1. 1. 0. 0. 0. 0. 1. 0. 1. 0. 0. 0. 0. 1. 1. 0. 0.
  1. 0. 0. 0. 0. 0. 0. 0. 1. 0. 0. 0. 0. 1. 0. 1. 0. 0. 0. 0. 0. 0. 0. 0.
  0. 0. 0. 1. 0. 0. 0. 0. 0. 0. 0. 0. 0. 1. 1. 0. 0. 1. 0. 1. 0. 0. 0. 0.
  0. 0. 0. 1.]
 [0. 0. 0. 0. 0. 0. 0. 0. 1. 0. 0. 0. 0. 0. 1. 0. 0. 0. 0. 1. 0. 1. 0. 1.
  0. 0. 0. 1. 0. 0. 0. 0. 0. 0. 0. 1. 0. 0. 0. 0. 0. 0. 0. 0. 0. 0. 1. 1.
  1. 0. 0. 0. 0. 0. 1. 0. 0. 0. 0. 0. 1. 0. 0. 0. 0. 0. 0. 0. 0. 0. 0. 1.
  1. 0. 0. 0. 0. 0. 0. 1. 0. 0. 1. 0. 0. 0. 0. 0. 0. 0. 0. 0. 1. 0. 0. 0.
  0. 1. 0. 0.]
 [0. 0. 0. 1. 0. 0. 1. 0. 0. 1. 0. 0. 0. 1. 0. 0. 0. 0. 0. 0. 0. 0. 1. 0.
  0. 1. 0. 1. 0. 1. 1. 0. 0. 0. 0. 0. 0. 0. 0. 0. 1. 0. 0. 0. 0. 0. 0. 1.
  0. 1. 0. 0. 0. 0. 1. 0. 1. 1. 0. 0. 0. 0. 0. 0. 0. 0. 1. 0. 0. 0. 0. 0.
  0. 0. 0. 0. 0. 1. 1. 0. 0. 0. 0. 1. 0. 1. 0. 0. 0. 1. 0. 0. 1. 0. 0. 0.
  0. 0. 0. 1.]
 [1. 0. 0. 0. 0. 1. 0. 0. 0. 0. 1. 0. 1. 0. 0. 0. 0. 1. 0. 0. 0. 0. 0. 0.
  0. 0. 0. 0. 0. 0. 0. 0. 0. 1. 0. 0. 0. 1. 0. 0. 0. 1. 0. 0. 0. 1. 1. 0.
  0. 0. 0. 0. 0. 0. 0. 0. 0. 1. 0. 0. 0. 1. 1. 0. 0. 0. 0. 0. 0. 0. 0. 0.
  0. 0. 0. 0. 0. 0. 0. 1. 0. 1. 0. 0. 1. 0. 0. 1. 0. 0. 0. 0. 0. 0. 0. 0.
  0. 0. 0. 0.]
 [0. 0. 1. 0. 0. 0. 0. 0. 0. 0. 1. 0. 0. 0. 1. 0. 0. 0. 0. 0. 0. 0. 0. 0.
  0. 0. 0. 0. 0. 0. 0. 0. 0. 0. 0. 0. 0. 0. 0. 0. 0. 0. 0. 0. 0. 0. 0. 0.
  0. 0. 0. 0. 0. 0. 0. 0. 0. 0. 0. 0. 0. 0. 0. 0. 0. 0. 0. 0. 0. 0. 0. 0.
  0. 0. 0. 0. 0. 0. 0. 0. 0. 0. 0. 0. 0. 0. 0. 0. 0. 0. 0. 0. 0. 0. 0. 0.
  0. 0. 0. 0.]
 [0. 0. 0. 0. 0. 0. 0. 0. 0. 0. 0. 0. 0. 1. 0. 0. 0. 1. 0. 0. 0. 0. 0. 0.
  0. 0. 0. 0. 0. 0. 0. 0. 0. 0. 0. 0. 0. 0. 0. 0. 0. 0. 0. 0. 0. 0. 0. 0.
  0. 0. 0. 0. 0. 0. 0. 0. 0. 0. 0. 0. 0. 0. 0. 0. 0. 0. 0. 0. 0. 0. 0. 0.
  0. 0. 0. 0. 0. 0. 0. 0. 0. 0. 0. 0. 0. 0. 0. 0. 0. 0. 0. 0. 0. 0. 0. 0.
  0. 0. 0. 0.]
 [0. 0. 0. 1. 0. 0. 1. 0. 1. 1. 0. 0. 0. 1. 0. 0. 0. 0. 1. 0. 0. 0. 0. 0.
  0. 0. 0. 0. 0. 0. 0. 0. 0. 0. 0. 0. 0. 0. 0. 0. 0. 0. 0. 0. 0. 0. 0. 0.
  0. 0. 0. 0. 0. 0. 0. 0. 0. 0. 0. 0. 0. 0. 0. 0. 0. 0. 0. 0. 0. 0. 0. 0.
  0. 0. 0. 0. 0. 0. 0. 0. 0. 0. 0. 0. 0. 0. 0. 0. 0. 0. 0. 0. 0. 0. 0. 0.
  0. 0. 0. 0.]
 [0. 1. 1. 1. 0. 1. 0. 0. 0. 1. 0. 0. 0. 0. 0. 0. 1. 1. 0. 0. 0. 0. 0. 0.
  0. 0. 0. 0. 0. 0. 0. 0. 0. 0. 0. 0. 0. 0. 0. 0. 0. 0. 0. 0. 0. 0. 0. 0.
  0. 0. 0. 0. 0. 0. 0. 0. 0. 0. 0. 0. 0. 0. 0. 0. 0. 0. 0. 0. 0. 0. 0. 0.
  0. 0. 0. 0. 0. 0. 0. 0. 0. 0. 0. 0. 0. 0. 0. 0. 0. 0. 0. 0. 0. 0. 0. 0.
  0. 0. 0. 0.]
 [0. 1. 0. 0. 0. 0. 0. 1. 0. 0. 0. 0. 0. 0. 0. 0. 1. 0. 0. 0. 0. 0. 0. 0.
  0. 0. 0. 0. 0. 0. 0. 0. 0. 0. 0. 0. 0. 0. 0. 0. 0. 0. 0. 0. 0. 0. 0. 0.
  0. 0. 0. 0. 0. 0. 0. 0. 0. 0. 0. 0. 0. 0. 0. 0. 0. 0. 0. 0. 0. 0. 0. 0.
  0. 0. 0. 0. 0. 0. 0. 0. 0. 0. 0. 0. 0. 0. 0. 0. 0. 0. 0. 0. 0. 0. 0. 0.
  0. 0. 0. 0.]
 [0. 0. 0. 0. 0. 0. 0. 1. 0. 0. 0. 0. 1. 1. 0. 0. 0. 0. 1. 0. 0. 0. 0. 0.
  0. 0. 0. 0. 0. 0. 0. 0. 0. 0. 0. 0. 0. 0. 0. 0. 0. 0. 0. 0. 0. 0. 0. 0.
  0. 0. 0. 0. 0. 0. 0. 0. 0. 0. 0. 0. 0. 0. 0. 0. 0. 0. 0. 0. 0. 0. 0. 0.
  0. 0. 0. 0. 0. 0. 0. 0. 0. 0. 0. 0. 0. 0. 0. 0. 0. 0. 0. 0. 0. 0. 0. 0.
  0. 0. 0. 0.]
 [0. 1. 1. 0. 0. 1. 0. 0. 0. 0. 0. 1. 0. 0. 0. 0. 0. 0. 0. 0. 0. 0. 0. 0.
  0. 0. 0. 0. 0. 0. 0. 0. 0. 0. 0. 0. 0. 0. 0. 0. 0. 0. 0. 0. 0. 0. 0. 0.
  0. 0. 0. 0. 0. 0. 0. 0. 0. 0. 0. 0. 0. 0. 0. 0. 0. 0. 0. 0. 0. 0. 0. 0.
  0. 0. 0. 0. 0. 0. 0. 0. 0. 0. 0. 0. 0. 0. 0. 0. 0. 0. 0. 0. 0. 0. 0. 0.
  0. 0. 0. 0.]
 [1. 0. 0. 0. 0. 0. 0. 0. 0. 0. 0. 0. 0. 0. 0. 0. 1. 1. 1. 0. 0. 0. 0. 0.
  0. 0. 0. 0. 0. 0. 0. 0. 0. 0. 0. 0. 0. 0. 0. 0. 0. 0. 0. 0. 0. 0. 0. 0.
  0. 0. 0. 0. 0. 0. 0. 0. 0. 0. 0. 0. 0. 0. 0. 0. 0. 0. 0. 0. 0. 0. 0. 0.
  0. 0. 0. 0. 0. 0. 0. 0. 0. 0. 0. 0. 0. 0. 0. 0. 0. 0. 0. 0. 0. 0. 0. 0.
  0. 0. 0. 0.]
 [0. 0. 0. 0. 1. 0. 1. 1. 1. 1. 1. 0. 0. 0. 0. 0. 0. 0. 0. 0. 0. 0. 0. 0.
  0. 0. 0. 0. 0. 0. 0. 0. 0. 0. 0. 0. 0. 0. 0. 0. 0. 0. 0. 0. 0. 0. 0. 0.
  0. 0. 0. 0. 0. 0. 0. 0. 0. 0. 0. 0. 0. 0. 0. 0. 0. 0. 0. 0. 0. 0. 0. 0.
  0. 0. 0. 0. 0. 0. 0. 0. 0. 0. 0. 0. 0. 0. 0. 0. 0. 0. 0. 0. 0. 0. 0. 0.
  0. 0. 0. 0.]
 [0. 1. 0. 1. 1. 1. 1. 1. 1. 0. 0. 1. 0. 0. 0. 1. 0. 0. 1. 0. 0. 0. 0. 0.
  0. 0. 0. 0. 0. 0. 0. 0. 0. 0. 0. 0. 0. 0. 0. 0. 0. 0. 0. 0. 0. 0. 0. 0.
  0. 0. 0. 0. 0. 0. 0. 0. 0. 0. 0. 0. 0. 0. 0. 0. 0. 0. 0. 0. 0. 0. 0. 0.
  0. 0. 0. 0. 0. 0. 0. 0. 0. 0. 0. 0. 0. 0. 0. 0. 0. 0. 0. 0. 0. 0. 0. 0.
  0. 0. 0. 0.]
 [0. 0. 0. 0. 0. 0. 0. 1. 0. 0. 0. 0. 0. 1. 0. 0. 1. 0. 1. 0. 0. 0. 0. 0.
  0. 0. 0. 0. 0. 0. 0. 0. 0. 0. 0. 0. 0. 0. 0. 0. 0. 0. 0. 0. 0. 0. 0. 0.
  0. 0. 0. 0. 0. 0. 0. 0. 0. 0. 0. 0. 0. 0. 0. 0. 0. 0. 0. 0. 0. 0. 0. 0.
  0. 0. 0. 0. 0. 0. 0. 0. 0. 0. 0. 0. 0. 0. 0. 0. 0. 0. 0. 0. 0. 0. 0. 0.
  0. 0. 0. 0.]
 [0. 0. 0. 1. 0. 0. 0. 0. 0. 1. 0. 0. 1. 0. 0. 0. 1. 0. 0. 0. 0. 0. 0. 0.
  0. 0. 0. 0. 0. 0. 0. 0. 0. 0. 0. 0. 0. 0. 0. 0. 0. 0. 0. 0. 0. 0. 0. 0.
  0. 0. 0. 0. 0. 0. 0. 0. 0. 0. 0. 0. 0. 0. 0. 0. 0. 0. 0. 0. 0. 0. 0. 0.
  0. 0. 0. 0. 0. 0. 0. 0. 0. 0. 0. 0. 0. 0. 0. 0. 0. 0. 0. 0. 0. 0. 0. 0.
  0. 0. 0. 0.]
 [1. 0. 0. 0. 0. 0. 0. 1. 1. 0. 0. 1. 0. 0. 0. 0. 1. 0. 0. 0. 0. 0. 0. 0.
  0. 0. 0. 0. 0. 0. 0. 0. 0. 0. 0. 0. 0. 0. 0. 0. 0. 0. 0. 0. 0. 0. 0. 0.
  0. 0. 0. 0. 0. 0. 0. 0. 0. 0. 0. 0. 0. 0. 0. 0. 0. 0. 0. 0. 0. 0. 0. 0.
  0. 0. 0. 0. 0. 0. 0. 0. 0. 0. 0. 0. 0. 0. 0. 0. 0. 0. 0. 0. 0. 0. 0. 0.
  0. 0. 0. 0.]
 [0. 0. 0. 0. 0. 0. 0. 0. 0. 1. 0. 0. 0. 0. 0. 0. 0. 0. 0. 1. 0. 0. 0. 0.
  0. 0. 0. 0. 0. 0. 0. 0. 0. 0. 0. 0. 0. 0. 0. 0. 0. 0. 0. 0. 0. 0. 0. 0.
  0. 0. 0. 0. 0. 0. 0. 0. 0. 0. 0. 0. 0. 0. 0. 0. 0. 0. 0. 0. 0. 0. 0. 0.
  0. 0. 0. 0. 0. 0. 0. 0. 0. 0. 0. 0. 0. 0. 0. 0. 0. 0. 0. 0. 0. 0. 0. 0.
  0. 0. 0. 0.]
 [0. 1. 0. 0. 0. 0. 0. 0. 0. 1. 0. 1. 0. 0. 0. 0. 0. 0. 0. 0. 0. 0. 0. 0.
  0. 0. 0. 0. 0. 0. 0. 0. 0. 0. 0. 0. 0. 0. 0. 0. 0. 0. 0. 0. 0. 0. 0. 0.
  0. 0. 0. 0. 0. 0. 0. 0. 0. 0. 0. 0. 0. 0. 0. 0. 0. 0. 0. 0. 0. 0. 0. 0.
  0. 0. 0. 0. 0. 0. 0. 0. 0. 0. 0. 0. 0. 0. 0. 0. 0. 0. 0. 0. 0. 0. 0. 0.
  0. 0. 0. 0.]
 [0. 0. 0. 1. 0. 0. 0. 1. 1. 0. 1. 0. 0. 0. 0. 0. 0. 1. 0. 0. 0. 0. 0. 0.
  0. 0. 0. 0. 0. 0. 0. 0. 0. 0. 0. 0. 0. 0. 0. 0. 0. 0. 0. 0. 0. 0. 0. 0.
  0. 0. 0. 0. 0. 0. 0. 0. 0. 0. 0. 0. 0. 0. 0. 0. 0. 0. 0. 0. 0. 0. 0. 0.
  0. 0. 0. 0. 0. 0. 0. 0. 0. 0. 0. 0. 0. 0. 0. 0. 0. 0. 0. 0. 0. 0. 0. 0.
  0. 0. 0. 0.]
 [0. 1. 0. 0. 0. 1. 0. 0. 0. 0. 0. 1. 0. 0. 1. 0. 0. 0. 0. 0. 0. 0. 0. 0.
  0. 0. 0. 0. 0. 0. 0. 0. 0. 0. 0. 0. 0. 0. 0. 0. 0. 0. 0. 0. 0. 0. 0. 0.
  0. 0. 0. 0. 0. 0. 0. 0. 0. 0. 0. 0. 0. 0. 0. 0. 0. 0. 0. 0. 0. 0. 0. 0.
  0. 0. 0. 0. 0. 0. 0. 0. 0. 0. 0. 0. 0. 0. 0. 0. 0. 0. 0. 0. 0. 0. 0. 0.
  0. 0. 0. 0.]
 [0. 0. 0. 0. 0. 1. 0. 0. 0. 0. 0. 0. 0. 1. 0. 0. 1. 0. 0. 1. 0. 0. 0. 0.
  0. 0. 0. 0. 0. 0. 0. 0. 0. 0. 0. 0. 0. 0. 0. 0. 0. 0. 0. 0. 0. 0. 0. 0.
  0. 0. 0. 0. 0. 0. 0. 0. 0. 0. 0. 0. 0. 0. 0. 0. 0. 0. 0. 0. 0. 0. 0. 0.
  0. 0. 0. 0. 0. 0. 0. 0. 0. 0. 0. 0. 0. 0. 0. 0. 0. 0. 0. 0. 0. 0. 0. 0.
  0. 0. 0. 0.]
 [1. 0. 0. 1. 0. 1. 1. 0. 0. 0. 0. 0. 0. 1. 0. 0. 0. 0. 0. 0. 0. 0. 0. 0.
  0. 0. 0. 0. 0. 0. 0. 0. 0. 0. 0. 0. 0. 0. 0. 0. 0. 0. 0. 0. 0. 0. 0. 0.
  0. 0. 0. 0. 0. 0. 0. 0. 0. 0. 0. 0. 0. 0. 0. 0. 0. 0. 0. 0. 0. 0. 0. 0.
  0. 0. 0. 0. 0. 0. 0. 0. 0. 0. 0. 0. 0. 0. 0. 0. 0. 0. 0. 0. 0. 0. 0. 0.
  0. 0. 0. 0.]
 [0. 0. 0. 1. 1. 0. 0. 1. 0. 0. 1. 1. 0. 0. 0. 0. 1. 0. 0. 0. 0. 0. 0. 0.
  0. 0. 0. 0. 0. 0. 0. 0. 0. 0. 0. 0. 0. 0. 0. 0. 0. 0. 0. 0. 0. 0. 0. 0.
  0. 0. 0. 0. 0. 0. 0. 0. 0. 0. 0. 0. 0. 0. 0. 0. 0. 0. 0. 0. 0. 0. 0. 0.
  0. 0. 0. 0. 0. 0. 0. 0. 0. 0. 0. 0. 0. 0. 0. 0. 0. 0. 0. 0. 0. 0. 0. 0.
  0. 0. 0. 0.]
 [1. 0. 1. 0. 0. 1. 1. 0. 0. 0. 0. 0. 0. 0. 1. 1. 0. 0. 1. 0. 0. 0. 0. 0.
  0. 0. 0. 0. 0. 0. 0. 0. 0. 0. 0. 0. 0. 0. 0. 0. 0. 0. 0. 0. 0. 0. 0. 0.
  0. 0. 0. 0. 0. 0. 0. 0. 0. 0. 0. 0. 0. 0. 0. 0. 0. 0. 0. 0. 0. 0. 0. 0.
  0. 0. 0. 0. 0. 0. 0. 0. 0. 0. 0. 0. 0. 0. 0. 0. 0. 0. 0. 0. 0. 0. 0. 0.
  0. 0. 0. 0.]
 [0. 0. 0. 0. 0. 0. 0. 1. 0. 0. 0. 1. 0. 1. 0. 0. 0. 0. 0. 1. 0. 0. 0. 0.
  0. 0. 0. 0. 0. 0. 0. 0. 0. 0. 0. 0. 0. 0. 0. 0. 0. 0. 0. 0. 0. 0. 0. 0.
  0. 0. 0. 0. 0. 0. 0. 0. 0. 0. 0. 0. 0. 0. 0. 0. 0. 0. 0. 0. 0. 0. 0. 0.
  0. 0. 0. 0. 0. 0. 0. 0. 0. 0. 0. 0. 0. 0. 0. 0. 0. 0. 0. 0. 0. 0. 0. 0.
  0. 0. 0. 0.]
 [0. 0. 0. 0. 0. 0. 1. 0. 0. 1. 0. 1. 0. 0. 0. 0. 0. 0. 0. 0. 0. 0. 0. 0.
  0. 0. 0. 0. 0. 0. 0. 0. 0. 0. 0. 0. 0. 0. 0. 0. 0. 0. 0. 0. 0. 0. 0. 0.
  0. 0. 0. 0. 0. 0. 0. 0. 0. 0. 0. 0. 0. 0. 0. 0. 0. 0. 0. 0. 0. 0. 0. 0.
  0. 0. 0. 0. 0. 0. 0. 0. 0. 0. 0. 0. 0. 0. 0. 0. 0. 0. 0. 0. 0. 0. 0. 0.
  0. 0. 0. 0.]
 [0. 0. 1. 0. 1. 0. 0. 0. 0. 1. 0. 0. 0. 1. 0. 1. 0. 0. 0. 0. 0. 0. 0. 0.
  0. 0. 0. 0. 0. 0. 0. 0. 0. 0. 0. 0. 0. 0. 0. 0. 0. 0. 0. 0. 0. 0. 0. 0.
  0. 0. 0. 0. 0. 0. 0. 0. 0. 0. 0. 0. 0. 0. 0. 0. 0. 0. 0. 0. 0. 0. 0. 0.
  0. 0. 0. 0. 0. 0. 0. 0. 0. 0. 0. 0. 0. 0. 0. 0. 0. 0. 0. 0. 0. 0. 0. 0.
  0. 0. 0. 0.]
 [0. 0. 0. 0. 0. 1. 0. 0. 1. 0. 0. 0. 0. 0. 0. 0. 1. 0. 0. 0. 0. 0. 0. 0.
  0. 0. 0. 0. 0. 0. 0. 0. 0. 0. 0. 0. 0. 0. 0. 0. 0. 0. 0. 0. 0. 0. 0. 0.
  0. 0. 0. 0. 0. 0. 0. 0. 0. 0. 0. 0. 0. 0. 0. 0. 0. 0. 0. 0. 0. 0. 0. 0.
  0. 0. 0. 0. 0. 0. 0. 0. 0. 0. 0. 0. 0. 0. 0. 0. 0. 0. 0. 0. 0. 0. 0. 0.
  0. 0. 0. 0.]
 [0. 0. 1. 0. 0. 0. 0. 0. 0. 1. 0. 0. 0. 0. 0. 0. 1. 0. 0. 1. 0. 0. 0. 0.
  0. 0. 0. 0. 0. 0. 0. 0. 0. 0. 0. 0. 0. 0. 0. 0. 0. 0. 0. 0. 0. 0. 0. 0.
  0. 0. 0. 0. 0. 0. 0. 0. 0. 0. 0. 0. 0. 0. 0. 0. 0. 0. 0. 0. 0. 0. 0. 0.
  0. 0. 0. 0. 0. 0. 0. 0. 0. 0. 0. 0. 0. 0. 0. 0. 0. 0. 0. 0. 0. 0. 0. 0.
  0. 0. 0. 0.]
 [0. 0. 1. 0. 1. 0. 0. 0. 1. 1. 0. 0. 0. 0. 0. 0. 0. 1. 0. 1. 0. 0. 0. 0.
  0. 0. 0. 0. 0. 0. 0. 0. 0. 0. 0. 0. 0. 0. 0. 0. 0. 0. 0. 0. 0. 0. 0. 0.
  0. 0. 0. 0. 0. 0. 0. 0. 0. 0. 0. 0. 0. 0. 0. 0. 0. 0. 0. 0. 0. 0. 0. 0.
  0. 0. 0. 0. 0. 0. 0. 0. 0. 0. 0. 0. 0. 0. 0. 0. 0. 0. 0. 0. 0. 0. 0. 0.
  0. 0. 0. 0.]
 [1. 0. 0. 0. 0. 0. 0. 0. 0. 0. 0. 0. 0. 0. 0. 0. 0. 1. 1. 0. 0. 0. 0. 0.
  0. 0. 0. 0. 0. 0. 0. 0. 0. 0. 0. 0. 0. 0. 0. 0. 0. 0. 0. 0. 0. 0. 0. 0.
  0. 0. 0. 0. 0. 0. 0. 0. 0. 0. 0. 0. 0. 0. 0. 0. 0. 0. 0. 0. 0. 0. 0. 0.
  0. 0. 0. 0. 0. 0. 0. 0. 0. 0. 0. 0. 0. 0. 0. 0. 0. 0. 0. 0. 0. 0. 0. 0.
  0. 0. 0. 0.]
 [0. 0. 0. 0. 0. 0. 0. 0. 0. 0. 0. 1. 0. 1. 0. 0. 1. 1. 0. 0. 0. 0. 0. 0.
  0. 0. 0. 0. 0. 0. 0. 0. 0. 0. 0. 0. 0. 0. 0. 0. 0. 0. 0. 0. 0. 0. 0. 0.
  0. 0. 0. 0. 0. 0. 0. 0. 0. 0. 0. 0. 0. 0. 0. 0. 0. 0. 0. 0. 0. 0. 0. 0.
  0. 0. 0. 0. 0. 0. 0. 0. 0. 0. 0. 0. 0. 0. 0. 0. 0. 0. 0. 0. 0. 0. 0. 0.
  0. 0. 0. 0.]
 [0. 0. 0. 0. 0. 0. 0. 0. 0. 0. 1. 0. 0. 1. 1. 0. 0. 0. 1. 0. 0. 0. 0. 0.
  0. 0. 0. 0. 0. 0. 0. 0. 0. 0. 0. 0. 0. 0. 0. 0. 0. 0. 0. 0. 0. 0. 0. 0.
  0. 0. 0. 0. 0. 0. 0. 0. 0. 0. 0. 0. 0. 0. 0. 0. 0. 0. 0. 0. 0. 0. 0. 0.
  0. 0. 0. 0. 0. 0. 0. 0. 0. 0. 0. 0. 0. 0. 0. 0. 0. 0. 0. 0. 0. 0. 0. 0.
  0. 0. 0. 0.]
 [0. 0. 0. 0. 0. 1. 0. 0. 0. 0. 0. 0. 0. 0. 0. 0. 0. 0. 0. 0. 0. 0. 0. 0.
  0. 0. 0. 0. 0. 0. 0. 0. 0. 0. 0. 0. 0. 0. 0. 0. 0. 0. 0. 0. 0. 0. 0. 0.
  0. 0. 0. 0. 0. 0. 0. 0. 0. 0. 0. 0. 0. 0. 0. 0. 0. 0. 0. 0. 0. 0. 0. 0.
  0. 0. 0. 0. 0. 0. 0. 0. 0. 0. 0. 0. 0. 0. 0. 0. 0. 0. 0. 0. 0. 0. 0. 0.
  0. 0. 0. 0.]
 [1. 0. 0. 0. 0. 0. 0. 0. 0. 0. 0. 0. 0. 1. 0. 0. 0. 0. 0. 0. 0. 0. 0. 0.
  0. 0. 0. 0. 0. 0. 0. 0. 0. 0. 0. 0. 0. 0. 0. 0. 0. 0. 0. 0. 0. 0. 0. 0.
  0. 0. 0. 0. 0. 0. 0. 0. 0. 0. 0. 0. 0. 0. 0. 0. 0. 0. 0. 0. 0. 0. 0. 0.
  0. 0. 0. 0. 0. 0. 0. 0. 0. 0. 0. 0. 0. 0. 0. 0. 0. 0. 0. 0. 0. 0. 0. 0.
  0. 0. 0. 0.]
 [0. 0. 0. 0. 0. 0. 1. 0. 0. 0. 0. 0. 0. 0. 0. 0. 0. 0. 0. 0. 0. 0. 0. 0.
  0. 0. 0. 0. 0. 0. 0. 0. 0. 0. 0. 0. 0. 0. 0. 0. 0. 0. 0. 0. 0. 0. 0. 0.
  0. 0. 0. 0. 0. 0. 0. 0. 0. 0. 0. 0. 0. 0. 0. 0. 0. 0. 0. 0. 0. 0. 0. 0.
  0. 0. 0. 0. 0. 0. 0. 0. 0. 0. 0. 0. 0. 0. 0. 0. 0. 0. 0. 0. 0. 0. 0. 0.
  0. 0. 0. 0.]
 [1. 0. 0. 0. 0. 0. 0. 0. 0. 0. 0. 0. 0. 0. 0. 0. 0. 0. 0. 0. 0. 0. 0. 0.
  0. 0. 0. 0. 0. 0. 0. 0. 0. 0. 0. 0. 0. 0. 0. 0. 0. 0. 0. 0. 0. 0. 0. 0.
  0. 0. 0. 0. 0. 0. 0. 0. 0. 0. 0. 0. 0. 0. 0. 0. 0. 0. 0. 0. 0. 0. 0. 0.
  0. 0. 0. 0. 0. 0. 0. 0. 0. 0. 0. 0. 0. 0. 0. 0. 0. 0. 0. 0. 0. 0. 0. 0.
  0. 0. 0. 0.]
 [0. 0. 1. 0. 0. 1. 0. 1. 0. 0. 0. 1. 0. 1. 1. 1. 0. 1. 1. 0. 0. 0. 0. 0.
  0. 0. 0. 0. 0. 0. 0. 0. 0. 0. 0. 0. 0. 0. 0. 0. 0. 0. 0. 0. 0. 0. 0. 0.
  0. 0. 0. 0. 0. 0. 0. 0. 0. 0. 0. 0. 0. 0. 0. 0. 0. 0. 0. 0. 0. 0. 0. 0.
  0. 0. 0. 0. 0. 0. 0. 0. 0. 0. 0. 0. 0. 0. 0. 0. 0. 0. 0. 0. 0. 0. 0. 0.
  0. 0. 0. 0.]
 [0. 0. 0. 0. 1. 0. 0. 1. 0. 1. 1. 0. 1. 0. 0. 0. 0. 0. 0. 0. 0. 0. 0. 0.
  0. 0. 0. 0. 0. 0. 0. 0. 0. 0. 0. 0. 0. 0. 0. 0. 0. 0. 0. 0. 0. 0. 0. 0.
  0. 0. 0. 0. 0. 0. 0. 0. 0. 0. 0. 0. 0. 0. 0. 0. 0. 0. 0. 0. 0. 0. 0. 0.
  0. 0. 0. 0. 0. 0. 0. 0. 0. 0. 0. 0. 0. 0. 0. 0. 0. 0. 0. 0. 0. 0. 0. 0.
  0. 0. 0. 0.]
 [0. 0. 0. 0. 0. 0. 0. 0. 1. 1. 0. 1. 1. 0. 0. 0. 1. 0. 1. 0. 0. 0. 0. 0.
  0. 0. 0. 0. 0. 0. 0. 0. 0. 0. 0. 0. 0. 0. 0. 0. 0. 0. 0. 0. 0. 0. 0. 0.
  0. 0. 0. 0. 0. 0. 0. 0. 0. 0. 0. 0. 0. 0. 0. 0. 0. 0. 0. 0. 0. 0. 0. 0.
  0. 0. 0. 0. 0. 0. 0. 0. 0. 0. 0. 0. 0. 0. 0. 0. 0. 0. 0. 0. 0. 0. 0. 0.
  0. 0. 0. 0.]
 [0. 0. 0. 0. 0. 1. 0. 0. 0. 0. 0. 0. 0. 0. 0. 1. 0. 0. 1. 1. 0. 0. 0. 0.
  0. 0. 0. 0. 0. 0. 0. 0. 0. 0. 0. 0. 0. 0. 0. 0. 0. 0. 0. 0. 0. 0. 0. 0.
  0. 0. 0. 0. 0. 0. 0. 0. 0. 0. 0. 0. 0. 0. 0. 0. 0. 0. 0. 0. 0. 0. 0. 0.
  0. 0. 0. 0. 0. 0. 0. 0. 0. 0. 0. 0. 0. 0. 0. 0. 0. 0. 0. 0. 0. 0. 0. 0.
  0. 0. 0. 0.]
 [0. 0. 0. 0. 0. 0. 0. 0. 0. 0. 0. 1. 0. 0. 0. 0. 0. 0. 0. 0. 0. 0. 0. 0.
  0. 0. 0. 0. 0. 0. 0. 0. 0. 0. 0. 0. 0. 0. 0. 0. 0. 0. 0. 0. 0. 0. 0. 0.
  0. 0. 0. 0. 0. 0. 0. 0. 0. 0. 0. 0. 0. 0. 0. 0. 0. 0. 0. 0. 0. 0. 0. 0.
  0. 0. 0. 0. 0. 0. 0. 0. 0. 0. 0. 0. 0. 0. 0. 0. 0. 0. 0. 0. 0. 0. 0. 0.
  0. 0. 0. 0.]
 [0. 0. 0. 0. 0. 0. 0. 0. 1. 0. 0. 0. 0. 0. 0. 0. 0. 0. 0. 0. 0. 0. 0. 0.
  0. 0. 0. 0. 0. 0. 0. 0. 0. 0. 0. 0. 0. 0. 0. 0. 0. 0. 0. 0. 0. 0. 0. 0.
  0. 0. 0. 0. 0. 0. 0. 0. 0. 0. 0. 0. 0. 0. 0. 0. 0. 0. 0. 0. 0. 0. 0. 0.
  0. 0. 0. 0. 0. 0. 0. 0. 0. 0. 0. 0. 0. 0. 0. 0. 0. 0. 0. 0. 0. 0. 0. 0.
  0. 0. 0. 0.]
 [0. 1. 0. 0. 0. 0. 0. 0. 0. 1. 0. 0. 0. 1. 1. 1. 0. 1. 0. 0. 0. 0. 0. 0.
  0. 0. 0. 0. 0. 0. 0. 0. 0. 0. 0. 0. 0. 0. 0. 0. 0. 0. 0. 0. 0. 0. 0. 0.
  0. 0. 0. 0. 0. 0. 0. 0. 0. 0. 0. 0. 0. 0. 0. 0. 0. 0. 0. 0. 0. 0. 0. 0.
  0. 0. 0. 0. 0. 0. 0. 0. 0. 0. 0. 0. 0. 0. 0. 0. 0. 0. 0. 0. 0. 0. 0. 0.
  0. 0. 0. 0.]
 [0. 0. 0. 0. 1. 0. 0. 0. 1. 1. 0. 0. 0. 0. 0. 0. 1. 0. 0. 1. 0. 0. 0. 0.
  0. 0. 0. 0. 0. 0. 0. 0. 0. 0. 0. 0. 0. 0. 0. 0. 0. 0. 0. 0. 0. 0. 0. 0.
  0. 0. 0. 0. 0. 0. 0. 0. 0. 0. 0. 0. 0. 0. 0. 0. 0. 0. 0. 0. 0. 0. 0. 0.
  0. 0. 0. 0. 0. 0. 0. 0. 0. 0. 0. 0. 0. 0. 0. 0. 0. 0. 0. 0. 0. 0. 0. 0.
  0. 0. 0. 0.]
 [1. 0. 0. 0. 0. 0. 1. 0. 0. 1. 1. 0. 0. 0. 0. 0. 0. 0. 0. 1. 0. 0. 0. 0.
  0. 0. 0. 0. 0. 0. 0. 0. 0. 0. 0. 0. 0. 0. 0. 0. 0. 0. 0. 0. 0. 0. 0. 0.
  0. 0. 0. 0. 0. 0. 0. 0. 0. 0. 0. 0. 0. 0. 0. 0. 0. 0. 0. 0. 0. 0. 0. 0.
  0. 0. 0. 0. 0. 0. 0. 0. 0. 0. 0. 0. 0. 0. 0. 0. 0. 0. 0. 0. 0. 0. 0. 0.
  0. 0. 0. 0.]
 [0. 0. 0. 1. 1. 0. 1. 0. 0. 0. 0. 1. 0. 0. 0. 0. 1. 0. 0. 0. 0. 0. 0. 0.
  0. 0. 0. 0. 0. 0. 0. 0. 0. 0. 0. 0. 0. 0. 0. 0. 0. 0. 0. 0. 0. 0. 0. 0.
  0. 0. 0. 0. 0. 0. 0. 0. 0. 0. 0. 0. 0. 0. 0. 0. 0. 0. 0. 0. 0. 0. 0. 0.
  0. 0. 0. 0. 0. 0. 0. 0. 0. 0. 0. 0. 0. 0. 0. 0. 0. 0. 0. 0. 0. 0. 0. 0.
  0. 0. 0. 0.]
 [0. 0. 1. 0. 1. 0. 0. 0. 0. 0. 1. 0. 0. 1. 0. 0. 0. 0. 0. 0. 0. 0. 0. 0.
  0. 0. 0. 0. 0. 0. 0. 0. 0. 0. 0. 0. 0. 0. 0. 0. 0. 0. 0. 0. 0. 0. 0. 0.
  0. 0. 0. 0. 0. 0. 0. 0. 0. 0. 0. 0. 0. 0. 0. 0. 0. 0. 0. 0. 0. 0. 0. 0.
  0. 0. 0. 0. 0. 0. 0. 0. 0. 0. 0. 0. 0. 0. 0. 0. 0. 0. 0. 0. 0. 0. 0. 0.
  0. 0. 0. 0.]
 [0. 0. 0. 0. 0. 0. 0. 0. 0. 0. 0. 0. 0. 1. 1. 0. 0. 0. 0. 0. 0. 0. 0. 0.
  0. 0. 0. 0. 0. 0. 0. 0. 0. 0. 0. 0. 0. 0. 0. 0. 0. 0. 0. 0. 0. 0. 0. 0.
  0. 0. 0. 0. 0. 0. 0. 0. 0. 0. 0. 0. 0. 0. 0. 0. 0. 0. 0. 0. 0. 0. 0. 0.
  0. 0. 0. 0. 0. 0. 0. 0. 0. 0. 0. 0. 0. 0. 0. 0. 0. 0. 0. 0. 0. 0. 0. 0.
  0. 0. 0. 0.]
 [0. 0. 0. 0. 0. 1. 0. 1. 0. 1. 0. 0. 0. 0. 0. 0. 0. 0. 1. 0. 0. 0. 0. 0.
  0. 0. 0. 0. 0. 0. 0. 0. 0. 0. 0. 0. 0. 0. 0. 0. 0. 0. 0. 0. 0. 0. 0. 0.
  0. 0. 0. 0. 0. 0. 0. 0. 0. 0. 0. 0. 0. 0. 0. 0. 0. 0. 0. 0. 0. 0. 0. 0.
  0. 0. 0. 0. 0. 0. 0. 0. 0. 0. 0. 0. 0. 0. 0. 0. 0. 0. 0. 0. 0. 0. 0. 0.
  0. 0. 0. 0.]
 [1. 0. 1. 1. 0. 0. 1. 0. 0. 0. 0. 0. 0. 0. 0. 0. 0. 0. 0. 0. 0. 0. 0. 0.
  0. 0. 0. 0. 0. 0. 0. 0. 0. 0. 0. 0. 0. 0. 0. 0. 0. 0. 0. 0. 0. 0. 0. 0.
  0. 0. 0. 0. 0. 0. 0. 0. 0. 0. 0. 0. 0. 0. 0. 0. 0. 0. 0. 0. 0. 0. 0. 0.
  0. 0. 0. 0. 0. 0. 0. 0. 0. 0. 0. 0. 0. 0. 0. 0. 0. 0. 0. 0. 0. 0. 0. 0.
  0. 0. 0. 0.]
 [0. 1. 0. 0. 0. 1. 0. 1. 0. 0. 0. 1. 0. 0. 0. 0. 0. 0. 0. 0. 0. 0. 0. 0.
  0. 0. 0. 0. 0. 0. 0. 0. 0. 0. 0. 0. 0. 0. 0. 0. 0. 0. 0. 0. 0. 0. 0. 0.
  0. 0. 0. 0. 0. 0. 0. 0. 0. 0. 0. 0. 0. 0. 0. 0. 0. 0. 0. 0. 0. 0. 0. 0.
  0. 0. 0. 0. 0. 0. 0. 0. 0. 0. 0. 0. 0. 0. 0. 0. 0. 0. 0. 0. 0. 0. 0. 0.
  0. 0. 0. 0.]
 [1. 0. 0. 0. 0. 0. 0. 0. 0. 0. 0. 1. 0. 1. 0. 0. 0. 0. 0. 0. 0. 0. 0. 0.
  0. 0. 0. 0. 0. 0. 0. 0. 0. 0. 0. 0. 0. 0. 0. 0. 0. 0. 0. 0. 0. 0. 0. 0.
  0. 0. 0. 0. 0. 0. 0. 0. 0. 0. 0. 0. 0. 0. 0. 0. 0. 0. 0. 0. 0. 0. 0. 0.
  0. 0. 0. 0. 0. 0. 0. 0. 0. 0. 0. 0. 0. 0. 0. 0. 0. 0. 0. 0. 0. 0. 0. 0.
  0. 0. 0. 0.]
 [0. 0. 0. 0. 1. 0. 0. 1. 0. 0. 0. 0. 0. 0. 0. 0. 0. 0. 0. 0. 0. 0. 0. 0.
  0. 0. 0. 0. 0. 0. 0. 0. 0. 0. 0. 0. 0. 0. 0. 0. 0. 0. 0. 0. 0. 0. 0. 0.
  0. 0. 0. 0. 0. 0. 0. 0. 0. 0. 0. 0. 0. 0. 0. 0. 0. 0. 0. 0. 0. 0. 0. 0.
  0. 0. 0. 0. 0. 0. 0. 0. 0. 0. 0. 0. 0. 0. 0. 0. 0. 0. 0. 0. 0. 0. 0. 0.
  0. 0. 0. 0.]
 [0. 0. 0. 0. 0. 0. 0. 1. 0. 0. 0. 1. 1. 0. 0. 0. 0. 1. 0. 0. 0. 0. 0. 0.
  0. 0. 0. 0. 0. 0. 0. 0. 0. 0. 0. 0. 0. 0. 0. 0. 0. 0. 0. 0. 0. 0. 0. 0.
  0. 0. 0. 0. 0. 0. 0. 0. 0. 0. 0. 0. 0. 0. 0. 0. 0. 0. 0. 0. 0. 0. 0. 0.
  0. 0. 0. 0. 0. 0. 0. 0. 0. 0. 0. 0. 0. 0. 0. 0. 0. 0. 0. 0. 0. 0. 0. 0.
  0. 0. 0. 0.]
 [0. 0. 0. 0. 0. 0. 0. 1. 0. 0. 0. 0. 0. 0. 0. 0. 0. 1. 0. 0. 0. 0. 0. 0.
  0. 0. 0. 0. 0. 0. 0. 0. 0. 0. 0. 0. 0. 0. 0. 0. 0. 0. 0. 0. 0. 0. 0. 0.
  0. 0. 0. 0. 0. 0. 0. 0. 0. 0. 0. 0. 0. 0. 0. 0. 0. 0. 0. 0. 0. 0. 0. 0.
  0. 0. 0. 0. 0. 0. 0. 0. 0. 0. 0. 0. 0. 0. 0. 0. 0. 0. 0. 0. 0. 0. 0. 0.
  0. 0. 0. 0.]
 [0. 1. 0. 0. 0. 0. 0. 1. 0. 0. 0. 1. 1. 0. 0. 0. 0. 0. 0. 0. 0. 0. 0. 0.
  0. 0. 0. 0. 0. 0. 0. 0. 0. 0. 0. 0. 0. 0. 0. 0. 0. 0. 0. 0. 0. 0. 0. 0.
  0. 0. 0. 0. 0. 0. 0. 0. 0. 0. 0. 0. 0. 0. 0. 0. 0. 0. 0. 0. 0. 0. 0. 0.
  0. 0. 0. 0. 0. 0. 0. 0. 0. 0. 0. 0. 0. 0. 0. 0. 0. 0. 0. 0. 0. 0. 0. 0.
  0. 0. 0. 0.]
 [1. 0. 0. 1. 0. 0. 0. 0. 1. 0. 1. 0. 1. 1. 0. 0. 0. 0. 0. 0. 0. 0. 0. 0.
  0. 0. 0. 0. 0. 0. 0. 0. 0. 0. 0. 0. 0. 0. 0. 0. 0. 0. 0. 0. 0. 0. 0. 0.
  0. 0. 0. 0. 0. 0. 0. 0. 0. 0. 0. 0. 0. 0. 0. 0. 0. 0. 0. 0. 0. 0. 0. 0.
  0. 0. 0. 0. 0. 0. 0. 0. 0. 0. 0. 0. 0. 0. 0. 0. 0. 0. 0. 0. 0. 0. 0. 0.
  0. 0. 0. 0.]
 [0. 0. 0. 0. 0. 1. 0. 0. 0. 0. 0. 0. 0. 0. 0. 0. 1. 0. 0. 0. 0. 0. 0. 0.
  0. 0. 0. 0. 0. 0. 0. 0. 0. 0. 0. 0. 0. 0. 0. 0. 0. 0. 0. 0. 0. 0. 0. 0.
  0. 0. 0. 0. 0. 0. 0. 0. 0. 0. 0. 0. 0. 0. 0. 0. 0. 0. 0. 0. 0. 0. 0. 0.
  0. 0. 0. 0. 0. 0. 0. 0. 0. 0. 0. 0. 0. 0. 0. 0. 0. 0. 0. 0. 0. 0. 0. 0.
  0. 0. 0. 0.]
 [0. 0. 0. 0. 0. 0. 0. 0. 1. 0. 1. 1. 0. 0. 0. 0. 0. 0. 0. 0. 0. 0. 0. 0.
  0. 0. 0. 0. 0. 0. 0. 0. 0. 0. 0. 0. 0. 0. 0. 0. 0. 0. 0. 0. 0. 0. 0. 0.
  0. 0. 0. 0. 0. 0. 0. 0. 0. 0. 0. 0. 0. 0. 0. 0. 0. 0. 0. 0. 0. 0. 0. 0.
  0. 0. 0. 0. 0. 0. 0. 0. 0. 0. 0. 0. 0. 0. 0. 0. 0. 0. 0. 0. 0. 0. 0. 0.
  0. 0. 0. 0.]
 [0. 0. 0. 1. 0. 1. 0. 0. 0. 0. 0. 0. 0. 0. 0. 0. 0. 0. 1. 0. 0. 0. 0. 0.
  0. 0. 0. 0. 0. 0. 0. 0. 0. 0. 0. 0. 0. 0. 0. 0. 0. 0. 0. 0. 0. 0. 0. 0.
  0. 0. 0. 0. 0. 0. 0. 0. 0. 0. 0. 0. 0. 0. 0. 0. 0. 0. 0. 0. 0. 0. 0. 0.
  0. 0. 0. 0. 0. 0. 0. 0. 0. 0. 0. 0. 0. 0. 0. 0. 0. 0. 0. 0. 0. 0. 0. 0.
  0. 0. 0. 0.]
 [0. 0. 0. 0. 0. 0. 0. 0. 0. 0. 0. 0. 0. 1. 0. 0. 0. 0. 1. 0. 0. 0. 0. 0.
  0. 0. 0. 0. 0. 0. 0. 0. 0. 0. 0. 0. 0. 0. 0. 0. 0. 0. 0. 0. 0. 0. 0. 0.
  0. 0. 0. 0. 0. 0. 0. 0. 0. 0. 0. 0. 0. 0. 0. 0. 0. 0. 0. 0. 0. 0. 0. 0.
  0. 0. 0. 0. 0. 0. 0. 0. 0. 0. 0. 0. 0. 0. 0. 0. 0. 0. 0. 0. 0. 0. 0. 0.
  0. 0. 0. 0.]
 [1. 0. 0. 0. 0. 0. 1. 1. 0. 0. 0. 1. 0. 0. 0. 1. 0. 1. 0. 1. 0. 0. 0. 0.
  0. 0. 0. 0. 0. 0. 0. 0. 0. 0. 0. 0. 0. 0. 0. 0. 0. 0. 0. 0. 0. 0. 0. 0.
  0. 0. 0. 0. 0. 0. 0. 0. 0. 0. 0. 0. 0. 0. 0. 0. 0. 0. 0. 0. 0. 0. 0. 0.
  0. 0. 0. 0. 0. 0. 0. 0. 0. 0. 0. 0. 0. 0. 0. 0. 0. 0. 0. 0. 0. 0. 0. 0.
  0. 0. 0. 0.]
 [1. 0. 0. 0. 0. 0. 0. 0. 1. 0. 0. 0. 0. 1. 0. 0. 0. 0. 0. 0. 0. 0. 0. 0.
  0. 0. 0. 0. 0. 0. 0. 0. 0. 0. 0. 0. 0. 0. 0. 0. 0. 0. 0. 0. 0. 0. 0. 0.
  0. 0. 0. 0. 0. 0. 0. 0. 0. 0. 0. 0. 0. 0. 0. 0. 0. 0. 0. 0. 0. 0. 0. 0.
  0. 0. 0. 0. 0. 0. 0. 0. 0. 0. 0. 0. 0. 0. 0. 0. 0. 0. 0. 0. 0. 0. 0. 0.
  0. 0. 0. 0.]
 [0. 1. 0. 0. 1. 1. 0. 1. 1. 1. 0. 0. 0. 0. 0. 1. 0. 0. 0. 1. 0. 0. 0. 0.
  0. 0. 0. 0. 0. 0. 0. 0. 0. 0. 0. 0. 0. 0. 0. 0. 0. 0. 0. 0. 0. 0. 0. 0.
  0. 0. 0. 0. 0. 0. 0. 0. 0. 0. 0. 0. 0. 0. 0. 0. 0. 0. 0. 0. 0. 0. 0. 0.
  0. 0. 0. 0. 0. 0. 0. 0. 0. 0. 0. 0. 0. 0. 0. 0. 0. 0. 0. 0. 0. 0. 0. 0.
  0. 0. 0. 0.]
 [1. 0. 0. 1. 0. 0. 0. 0. 0. 1. 0. 0. 0. 0. 0. 0. 0. 1. 0. 0. 0. 0. 0. 0.
  0. 0. 0. 0. 0. 0. 0. 0. 0. 0. 0. 0. 0. 0. 0. 0. 0. 0. 0. 0. 0. 0. 0. 0.
  0. 0. 0. 0. 0. 0. 0. 0. 0. 0. 0. 0. 0. 0. 0. 0. 0. 0. 0. 0. 0. 0. 0. 0.
  0. 0. 0. 0. 0. 0. 0. 0. 0. 0. 0. 0. 0. 0. 0. 0. 0. 0. 0. 0. 0. 0. 0. 0.
  0. 0. 0. 0.]
 [0. 0. 0. 0. 0. 0. 0. 0. 0. 1. 0. 1. 1. 0. 0. 1. 0. 0. 1. 0. 0. 0. 0. 0.
  0. 0. 0. 0. 0. 0. 0. 0. 0. 0. 0. 0. 0. 0. 0. 0. 0. 0. 0. 0. 0. 0. 0. 0.
  0. 0. 0. 0. 0. 0. 0. 0. 0. 0. 0. 0. 0. 0. 0. 0. 0. 0. 0. 0. 0. 0. 0. 0.
  0. 0. 0. 0. 0. 0. 0. 0. 0. 0. 0. 0. 0. 0. 0. 0. 0. 0. 0. 0. 0. 0. 0. 0.
  0. 0. 0. 0.]
 [0. 0. 0. 0. 1. 0. 0. 0. 0. 1. 0. 0. 0. 0. 1. 0. 0. 0. 0. 1. 0. 0. 0. 0.
  0. 0. 0. 0. 0. 0. 0. 0. 0. 0. 0. 0. 0. 0. 0. 0. 0. 0. 0. 0. 0. 0. 0. 0.
  0. 0. 0. 0. 0. 0. 0. 0. 0. 0. 0. 0. 0. 0. 0. 0. 0. 0. 0. 0. 0. 0. 0. 0.
  0. 0. 0. 0. 0. 0. 0. 0. 0. 0. 0. 0. 0. 0. 0. 0. 0. 0. 0. 0. 0. 0. 0. 0.
  0. 0. 0. 0.]
 [0. 0. 1. 0. 0. 0. 1. 0. 0. 1. 0. 0. 0. 0. 0. 0. 1. 0. 1. 0. 0. 0. 0. 0.
  0. 0. 0. 0. 0. 0. 0. 0. 0. 0. 0. 0. 0. 0. 0. 0. 0. 0. 0. 0. 0. 0. 0. 0.
  0. 0. 0. 0. 0. 0. 0. 0. 0. 0. 0. 0. 0. 0. 0. 0. 0. 0. 0. 0. 0. 0. 0. 0.
  0. 0. 0. 0. 0. 0. 0. 0. 0. 0. 0. 0. 0. 0. 0. 0. 0. 0. 0. 0. 0. 0. 0. 0.
  0. 0. 0. 0.]
 [1. 0. 0. 0. 0. 0. 0. 0. 0. 0. 0. 0. 0. 0. 0. 0. 1. 0. 0. 0. 0. 0. 0. 0.
  0. 0. 0. 0. 0. 0. 0. 0. 0. 0. 0. 0. 0. 0. 0. 0. 0. 0. 0. 0. 0. 0. 0. 0.
  0. 0. 0. 0. 0. 0. 0. 0. 0. 0. 0. 0. 0. 0. 0. 0. 0. 0. 0. 0. 0. 0. 0. 0.
  0. 0. 0. 0. 0. 0. 0. 0. 0. 0. 0. 0. 0. 0. 0. 0. 0. 0. 0. 0. 0. 0. 0. 0.
  0. 0. 0. 0.]
 [0. 1. 0. 0. 0. 0. 0. 0. 0. 0. 0. 0. 1. 0. 0. 0. 0. 0. 0. 1. 0. 0. 0. 0.
  0. 0. 0. 0. 0. 0. 0. 0. 0. 0. 0. 0. 0. 0. 0. 0. 0. 0. 0. 0. 0. 0. 0. 0.
  0. 0. 0. 0. 0. 0. 0. 0. 0. 0. 0. 0. 0. 0. 0. 0. 0. 0. 0. 0. 0. 0. 0. 0.
  0. 0. 0. 0. 0. 0. 0. 0. 0. 0. 0. 0. 0. 0. 0. 0. 0. 0. 0. 0. 0. 0. 0. 0.
  0. 0. 0. 0.]
 [0. 0. 0. 0. 0. 1. 0. 0. 0. 0. 0. 0. 0. 0. 0. 0. 0. 0. 0. 0. 0. 0. 0. 0.
  0. 0. 0. 0. 0. 0. 0. 0. 0. 0. 0. 0. 0. 0. 0. 0. 0. 0. 0. 0. 0. 0. 0. 0.
  0. 0. 0. 0. 0. 0. 0. 0. 0. 0. 0. 0. 0. 0. 0. 0. 0. 0. 0. 0. 0. 0. 0. 0.
  0. 0. 0. 0. 0. 0. 0. 0. 0. 0. 0. 0. 0. 0. 0. 0. 0. 0. 0. 0. 0. 0. 0. 0.
  0. 0. 0. 0.]
 [0. 0. 0. 0. 0. 0. 0. 0. 0. 0. 0. 0. 1. 0. 0. 0. 1. 0. 1. 0. 0. 0. 0. 0.
  0. 0. 0. 0. 0. 0. 0. 0. 0. 0. 0. 0. 0. 0. 0. 0. 0. 0. 0. 0. 0. 0. 0. 0.
  0. 0. 0. 0. 0. 0. 0. 0. 0. 0. 0. 0. 0. 0. 0. 0. 0. 0. 0. 0. 0. 0. 0. 0.
  0. 0. 0. 0. 0. 0. 0. 0. 0. 0. 0. 0. 0. 0. 0. 0. 0. 0. 0. 0. 0. 0. 0. 0.
  0. 0. 0. 0.]
 [1. 0. 0. 0. 0. 0. 1. 0. 0. 0. 0. 0. 1. 0. 0. 0. 0. 0. 0. 0. 0. 0. 0. 0.
  0. 0. 0. 0. 0. 0. 0. 0. 0. 0. 0. 0. 0. 0. 0. 0. 0. 0. 0. 0. 0. 0. 0. 0.
  0. 0. 0. 0. 0. 0. 0. 0. 0. 0. 0. 0. 0. 0. 0. 0. 0. 0. 0. 0. 0. 0. 0. 0.
  0. 0. 0. 0. 0. 0. 0. 0. 0. 0. 0. 0. 0. 0. 0. 0. 0. 0. 0. 0. 0. 0. 0. 0.
  0. 0. 0. 0.]
 [0. 0. 0. 0. 0. 0. 1. 0. 1. 0. 0. 1. 0. 0. 0. 0. 1. 0. 0. 0. 0. 0. 0. 0.
  0. 0. 0. 0. 0. 0. 0. 0. 0. 0. 0. 0. 0. 0. 0. 0. 0. 0. 0. 0. 0. 0. 0. 0.
  0. 0. 0. 0. 0. 0. 0. 0. 0. 0. 0. 0. 0. 0. 0. 0. 0. 0. 0. 0. 0. 0. 0. 0.
  0. 0. 0. 0. 0. 0. 0. 0. 0. 0. 0. 0. 0. 0. 0. 0. 0. 0. 0. 0. 0. 0. 0. 0.
  0. 0. 0. 0.]
 [0. 1. 0. 0. 0. 0. 0. 0. 0. 0. 1. 1. 0. 0. 0. 0. 0. 1. 1. 0. 0. 0. 0. 0.
  0. 0. 0. 0. 0. 0. 0. 0. 0. 0. 0. 0. 0. 0. 0. 0. 0. 0. 0. 0. 0. 0. 0. 0.
  0. 0. 0. 0. 0. 0. 0. 0. 0. 0. 0. 0. 0. 0. 0. 0. 0. 0. 0. 0. 0. 0. 0. 0.
  0. 0. 0. 0. 0. 0. 0. 0. 0. 0. 0. 0. 0. 0. 0. 0. 0. 0. 0. 0. 0. 0. 0. 0.
  0. 0. 0. 0.]
 [0. 0. 0. 0. 0. 0. 1. 0. 0. 0. 0. 0. 0. 0. 1. 0. 0. 0. 0. 0. 0. 0. 0. 0.
  0. 0. 0. 0. 0. 0. 0. 0. 0. 0. 0. 0. 0. 0. 0. 0. 0. 0. 0. 0. 0. 0. 0. 0.
  0. 0. 0. 0. 0. 0. 0. 0. 0. 0. 0. 0. 0. 0. 0. 0. 0. 0. 0. 0. 0. 0. 0. 0.
  0. 0. 0. 0. 0. 0. 0. 0. 0. 0. 0. 0. 0. 0. 0. 0. 0. 0. 0. 0. 0. 0. 0. 0.
  0. 0. 0. 0.]
 [0. 1. 1. 0. 1. 0. 1. 1. 0. 0. 0. 0. 0. 0. 0. 0. 0. 0. 0. 0. 0. 0. 0. 0.
  0. 0. 0. 0. 0. 0. 0. 0. 0. 0. 0. 0. 0. 0. 0. 0. 0. 0. 0. 0. 0. 0. 0. 0.
  0. 0. 0. 0. 0. 0. 0. 0. 0. 0. 0. 0. 0. 0. 0. 0. 0. 0. 0. 0. 0. 0. 0. 0.
  0. 0. 0. 0. 0. 0. 0. 0. 0. 0. 0. 0. 0. 0. 0. 0. 0. 0. 0. 0. 0. 0. 0. 0.
  0. 0. 0. 0.]
 [1. 0. 0. 0. 0. 0. 0. 0. 0. 0. 0. 0. 1. 1. 0. 0. 0. 0. 0. 0. 0. 0. 0. 0.
  0. 0. 0. 0. 0. 0. 0. 0. 0. 0. 0. 0. 0. 0. 0. 0. 0. 0. 0. 0. 0. 0. 0. 0.
  0. 0. 0. 0. 0. 0. 0. 0. 0. 0. 0. 0. 0. 0. 0. 0. 0. 0. 0. 0. 0. 0. 0. 0.
  0. 0. 0. 0. 0. 0. 0. 0. 0. 0. 0. 0. 0. 0. 0. 0. 0. 0. 0. 0. 0. 0. 0. 0.
  0. 0. 0. 0.]
 [0. 0. 0. 0. 1. 0. 0. 0. 1. 1. 0. 0. 0. 0. 0. 0. 0. 0. 0. 0. 0. 0. 0. 0.
  0. 0. 0. 0. 0. 0. 0. 0. 0. 0. 0. 0. 0. 0. 0. 0. 0. 0. 0. 0. 0. 0. 0. 0.
  0. 0. 0. 0. 0. 0. 0. 0. 0. 0. 0. 0. 0. 0. 0. 0. 0. 0. 0. 0. 0. 0. 0. 0.
  0. 0. 0. 0. 0. 0. 0. 0. 0. 0. 0. 0. 0. 0. 0. 0. 0. 0. 0. 0. 0. 0. 0. 0.
  0. 0. 0. 0.]
 [0. 0. 0. 0. 0. 0. 0. 0. 0. 0. 0. 0. 1. 0. 0. 0. 0. 1. 0. 0. 0. 0. 0. 0.
  0. 0. 0. 0. 0. 0. 0. 0. 0. 0. 0. 0. 0. 0. 0. 0. 0. 0. 0. 0. 0. 0. 0. 0.
  0. 0. 0. 0. 0. 0. 0. 0. 0. 0. 0. 0. 0. 0. 0. 0. 0. 0. 0. 0. 0. 0. 0. 0.
  0. 0. 0. 0. 0. 0. 0. 0. 0. 0. 0. 0. 0. 0. 0. 0. 0. 0. 0. 0. 0. 0. 0. 0.
  0. 0. 0. 0.]
 [0. 0. 0. 0. 0. 0. 1. 1. 0. 0. 0. 0. 0. 0. 1. 0. 0. 0. 0. 0. 0. 0. 0. 0.
  0. 0. 0. 0. 0. 0. 0. 0. 0. 0. 0. 0. 0. 0. 0. 0. 0. 0. 0. 0. 0. 0. 0. 0.
  0. 0. 0. 0. 0. 0. 0. 0. 0. 0. 0. 0. 0. 0. 0. 0. 0. 0. 0. 0. 0. 0. 0. 0.
  0. 0. 0. 0. 0. 0. 0. 0. 0. 0. 0. 0. 0. 0. 0. 0. 0. 0. 0. 0. 0. 0. 0. 0.
  0. 0. 0. 0.]
 [0. 0. 0. 0. 0. 0. 1. 1. 0. 0. 0. 0. 0. 1. 0. 0. 1. 0. 1. 0. 0. 0. 0. 0.
  0. 0. 0. 0. 0. 0. 0. 0. 0. 0. 0. 0. 0. 0. 0. 0. 0. 0. 0. 0. 0. 0. 0. 0.
  0. 0. 0. 0. 0. 0. 0. 0. 0. 0. 0. 0. 0. 0. 0. 0. 0. 0. 0. 0. 0. 0. 0. 0.
  0. 0. 0. 0. 0. 0. 0. 0. 0. 0. 0. 0. 0. 0. 0. 0. 0. 0. 0. 0. 0. 0. 0. 0.
  0. 0. 0. 0.]]
start_times_array: [[6.16510000e+04 6.47800000e+04 6.48670000e+04 6.49280000e+04
  6.49630000e+04 6.49680000e+04 6.50160000e+04 6.50490000e+04
  6.50700000e+04 6.51350000e+04 6.52180000e+04 6.52960000e+04
  6.53100000e+04 6.53800000e+04 6.54050000e+04 6.54410000e+04
  6.54970000e+04 6.55840000e+04 6.56160000e+04 6.57120000e+04]
 [6.31430000e+04 6.38800000e+04 6.38950000e+04 6.39170000e+04
  6.39700000e+04 6.40030000e+04 6.40640000e+04 6.41370000e+04
  6.42000000e+04 6.42960000e+04 6.43570000e+04 6.44450000e+04
  6.45310000e+04 6.45840000e+04 6.45860000e+04 6.46150000e+04
  6.46290000e+04 6.46780000e+04 6.46920000e+04 6.47140000e+04]
 [6.28020000e+04 6.28700000e+04 6.29400000e+04 6.30240000e+04
  6.30430000e+04 6.30750000e+04 6.31330000e+04 6.32200000e+04
  6.33020000e+04 6.33090000e+04 6.33560000e+04 6.34240000e+04
  6.34950000e+04 6.34980000e+04 6.35910000e+04 6.36150000e+04
  6.36460000e+04 6.36650000e+04 6.37210000e+04 6.38090000e+04]
 [6.22330000e+04 6.22910000e+04 6.23630000e+04 6.24140000e+04
  6.24560000e+04 6.24870000e+04 6.25500000e+04 6.25990000e+04
  6.26820000e+04 6.27100000e+04 6.28020000e+04 6.28850000e+04
  6.28920000e+04 6.28990000e+04 6.29290000e+04 6.29430000e+04
  6.29700000e+04 6.30280000e+04 6.30600000e+04 6.30760000e+04]
 [6.08960000e+04 6.09320000e+04 6.09830000e+04 6.10480000e+04
  6.10880000e+04 6.11670000e+04 6.12060000e+04 6.14950000e+04
  6.15810000e+04 6.16650000e+04 6.17330000e+04 6.18040000e+04
  6.18580000e+04 6.18980000e+04 6.19920000e+04 6.20480000e+04
  6.21420000e+04 6.21970000e+04 6.22070000e+04 6.22200000e+04]
 [6.03930000e+04 6.07470000e+04 6.07740000e+04 6.08050000e+04
  6.08700000e+04 6.08960000e+04 6.09580000e+04 6.10460000e+04
  6.11150000e+04 6.11620000e+04 6.11980000e+04 6.12010000e+04
  6.12910000e+04 6.13810000e+04 6.14120000e+04 6.14360000e+04
  6.14710000e+04 6.14950000e+04 6.15630000e+04 6.15810000e+04]
 [5.96890000e+04 6.00390000e+04 6.00450000e+04 6.01380000e+04
  6.01980000e+04 6.02660000e+04 6.02980000e+04 6.03930000e+04
  6.04100000e+04 6.04220000e+04 6.05010000e+04 6.05790000e+04
  6.06050000e+04 6.06200000e+04 6.07030000e+04 6.07110000e+04
  6.07420000e+04 6.07790000e+04 6.07850000e+04 6.08210000e+04]
 [5.92130000e+04 5.92540000e+04 5.93490000e+04 5.93530000e+04
  5.94510000e+04 5.95840000e+04 5.96480000e+04 5.96890000e+04
  5.97450000e+04 5.98080000e+04 5.98800000e+04 5.98900000e+04
  5.99250000e+04 5.99800000e+04 5.99970000e+04 6.00070000e+04
  6.00390000e+04 6.01150000e+04 6.01640000e+04 6.02590000e+04]
 [5.86870000e+04 5.87830000e+04 5.88060000e+04 5.88500000e+04
  5.88690000e+04 5.89590000e+04 5.89650000e+04 5.90320000e+04
  5.90690000e+04 5.91330000e+04 5.92130000e+04 5.93110000e+04
  5.93770000e+04 5.94510000e+04 5.95160000e+04 5.95190000e+04
  5.95340000e+04 5.95840000e+04 5.96820000e+04 5.97280000e+04]
 [5.63330000e+04 5.76920000e+04 5.77570000e+04 5.77930000e+04
  5.78280000e+04 5.82440000e+04 5.83430000e+04 5.84250000e+04
  5.85300000e+04 5.85560000e+04 5.85910000e+04 5.87120000e+04
  5.87180000e+04 5.87460000e+04 5.88380000e+04 5.88500000e+04
  5.88920000e+04 5.89390000e+04 5.90170000e+04 5.90270000e+04]
 [5.78600000e+04 5.79380000e+04 5.80370000e+04 5.81270000e+04
  5.81730000e+04 5.82440000e+04 5.83200000e+04 5.83650000e+04
  5.84710000e+04 5.85290000e+04 5.85320000e+04 5.86020000e+04
  5.86820000e+04 5.87120000e+04 5.87970000e+04 5.88900000e+04
  5.89060000e+04 5.89320000e+04 5.90110000e+04 5.90550000e+04]
 [5.66390000e+04 5.67210000e+04 5.67370000e+04 5.67930000e+04
  5.68280000e+04 5.69090000e+04 5.70060000e+04 5.70110000e+04
  5.70790000e+04 5.71490000e+04 5.72180000e+04 5.72750000e+04
  5.73170000e+04 5.73890000e+04 5.74660000e+04 5.75190000e+04
  5.75450000e+04 5.76110000e+04 5.76920000e+04 5.77760000e+04]
 [5.59670000e+04 5.59960000e+04 5.60020000e+04 5.60400000e+04
  5.61360000e+04 5.62210000e+04 5.62570000e+04 5.63280000e+04
  5.65670000e+04 5.66200000e+04 5.66310000e+04 5.67180000e+04
  5.68170000e+04 5.70060000e+04 5.70750000e+04 5.71490000e+04
  5.71830000e+04 5.72080000e+04 5.72180000e+04 5.72430000e+04]
 [5.57220000e+04 5.58140000e+04 5.58870000e+04 5.59670000e+04
  5.60370000e+04 5.60440000e+04 5.60790000e+04 5.61140000e+04
  5.61340000e+04 5.62020000e+04 5.62310000e+04 5.62380000e+04
  5.62500000e+04 5.63200000e+04 5.63670000e+04 5.64130000e+04
  5.64910000e+04 5.65190000e+04 5.65670000e+04 5.66170000e+04]
 [5.52610000e+04 5.53550000e+04 5.54340000e+04 5.54350000e+04
  5.54740000e+04 5.55070000e+04 5.56010000e+04 5.56700000e+04
  5.56890000e+04 5.57180000e+04 5.57620000e+04 5.58340000e+04
  5.58820000e+04 5.59700000e+04 5.59790000e+04 5.59800000e+04
  5.60790000e+04 5.60990000e+04 5.61280000e+04 5.62310000e+04]
 [5.35330000e+04 5.41970000e+04 5.46160000e+04 5.46250000e+04
  5.47070000e+04 5.47660000e+04 5.48340000e+04 5.48900000e+04
  5.49680000e+04 5.49910000e+04 5.50520000e+04 5.51320000e+04
  5.52230000e+04 5.52610000e+04 5.53500000e+04 5.54350000e+04
  5.54580000e+04 5.55060000e+04 5.55960000e+04 5.56250000e+04]
 [5.41870000e+04 5.41970000e+04 5.42060000e+04 5.42880000e+04
  5.43160000e+04 5.43740000e+04 5.44400000e+04 5.44620000e+04
  5.44940000e+04 5.45280000e+04 5.45710000e+04 5.46350000e+04
  5.46780000e+04 5.47020000e+04 5.47900000e+04 5.48340000e+04
  5.48490000e+04 5.48770000e+04 5.49310000e+04 5.50250000e+04]
 [5.37200000e+04 5.37700000e+04 5.38240000e+04 5.38510000e+04
  5.39200000e+04 5.40600000e+04 5.40650000e+04 5.40870000e+04
  5.41160000e+04 5.41630000e+04 5.41870000e+04 5.42390000e+04
  5.42650000e+04 5.43160000e+04 5.43740000e+04 5.44240000e+04
  5.45080000e+04 5.45230000e+04 5.46160000e+04 5.46180000e+04]
 [5.23220000e+04 5.23930000e+04 5.28110000e+04 5.34690000e+04
  5.35440000e+04 5.36060000e+04 5.36850000e+04 5.37200000e+04
  5.38070000e+04 5.38260000e+04 5.38760000e+04 5.39090000e+04
  5.39880000e+04 5.40510000e+04 5.40600000e+04 5.40840000e+04
  5.41230000e+04 5.41250000e+04 5.41450000e+04 5.42290000e+04]
 [5.06820000e+04 5.07600000e+04 5.09390000e+04 5.25890000e+04
  5.26490000e+04 5.27250000e+04 5.27820000e+04 5.28110000e+04
  5.28610000e+04 5.29400000e+04 5.30210000e+04 5.30400000e+04
  5.30640000e+04 5.31550000e+04 5.32120000e+04 5.32920000e+04
  5.33660000e+04 5.34650000e+04 5.34690000e+04 5.35310000e+04]
 [4.96540000e+04 5.16200000e+04 5.16850000e+04 5.17270000e+04
  5.18240000e+04 5.18800000e+04 5.19720000e+04 5.20210000e+04
  5.21040000e+04 5.21220000e+04 5.22080000e+04 5.22560000e+04
  5.22800000e+04 5.23220000e+04 5.24210000e+04 5.25080000e+04
  5.25670000e+04 5.25890000e+04 5.26230000e+04 5.26860000e+04]
 [5.08120000e+04 5.08660000e+04 5.09300000e+04 5.10100000e+04
  5.10610000e+04 5.11360000e+04 5.11780000e+04 5.12380000e+04
  5.12710000e+04 5.12770000e+04 5.13670000e+04 5.13990000e+04
  5.14760000e+04 5.14870000e+04 5.15500000e+04 5.15900000e+04
  5.16200000e+04 5.16570000e+04 5.17190000e+04 5.18130000e+04]
 [4.80690000e+04 4.96580000e+04 4.97350000e+04 4.98110000e+04
  5.00740000e+04 5.01350000e+04 5.02320000e+04 5.02380000e+04
  5.03230000e+04 5.03680000e+04 5.04540000e+04 5.04640000e+04
  5.05350000e+04 5.05480000e+04 5.06160000e+04 5.06320000e+04
  5.06650000e+04 5.07600000e+04 5.08120000e+04 5.09000000e+04]
 [4.67430000e+04 4.96240000e+04 4.96540000e+04 4.97210000e+04
  4.98200000e+04 5.00150000e+04 5.00440000e+04 5.00670000e+04
  5.00750000e+04 5.01520000e+04 5.02320000e+04 5.02780000e+04
  5.03320000e+04 5.03960000e+04 5.04410000e+04 5.04580000e+04
  5.04700000e+04 5.05050000e+04 5.05080000e+04 5.05890000e+04]
 [4.65080000e+04 4.93010000e+04 4.93510000e+04 4.93980000e+04
  4.94860000e+04 4.95540000e+04 4.95960000e+04 4.95980000e+04
  4.96220000e+04 4.96240000e+04 4.96870000e+04 4.97750000e+04
  4.98470000e+04 4.98750000e+04 4.99220000e+04 4.99530000e+04
  5.00150000e+04 5.00740000e+04 5.00800000e+04 5.00890000e+04]
 [4.72120000e+04 4.74510000e+04 4.81250000e+04 4.87330000e+04
  4.87770000e+04 4.88320000e+04 4.88570000e+04 4.89020000e+04
  4.89770000e+04 4.89900000e+04 4.90740000e+04 4.90910000e+04
  4.91580000e+04 4.91790000e+04 4.91850000e+04 4.92340000e+04
  4.93010000e+04 4.93080000e+04 4.93820000e+04 4.95770000e+04]
 [4.72110000e+04 4.74490000e+04 4.79570000e+04 4.79830000e+04
  4.79980000e+04 4.80270000e+04 4.80710000e+04 4.80970000e+04
  4.81960000e+04 4.82820000e+04 4.83410000e+04 4.83540000e+04
  4.84440000e+04 4.84570000e+04 4.84740000e+04 4.85420000e+04
  4.86300000e+04 4.86720000e+04 4.87330000e+04 4.87980000e+04]
 [4.72080000e+04 4.72110000e+04 4.72920000e+04 4.73320000e+04
  4.73650000e+04 4.73940000e+04 4.74360000e+04 4.74490000e+04
  4.74640000e+04 4.75420000e+04 4.75790000e+04 4.76090000e+04
  4.77010000e+04 4.77500000e+04 4.78410000e+04 4.78830000e+04
  4.79570000e+04 4.80100000e+04 4.80690000e+04 4.81250000e+04]
 [4.63640000e+04 4.63950000e+04 4.64790000e+04 4.65080000e+04
  4.65830000e+04 4.66510000e+04 4.66630000e+04 4.66920000e+04
  4.67430000e+04 4.68190000e+04 4.69170000e+04 4.69500000e+04
  4.70490000e+04 4.70770000e+04 4.70940000e+04 4.71830000e+04
  4.71870000e+04 4.72080000e+04 4.72920000e+04 4.73820000e+04]
 [4.56910000e+04 4.56960000e+04 4.57650000e+04 4.58270000e+04
  4.58720000e+04 4.59070000e+04 4.63240000e+04 4.63640000e+04
  4.64020000e+04 4.64320000e+04 4.64840000e+04 4.65570000e+04
  4.65640000e+04 4.66090000e+04 4.66690000e+04 4.67120000e+04
  4.67670000e+04 4.67770000e+04 4.68740000e+04 4.69670000e+04]
 [4.49310000e+04 4.50070000e+04 4.55550000e+04 4.55760000e+04
  4.56170000e+04 4.56910000e+04 4.57420000e+04 4.57780000e+04
  4.58270000e+04 4.58530000e+04 4.58840000e+04 4.59510000e+04
  4.60200000e+04 4.60260000e+04 4.60800000e+04 4.61450000e+04
  4.61520000e+04 4.62220000e+04 4.62670000e+04 4.62990000e+04]
 [4.40070000e+04 4.47600000e+04 4.48290000e+04 4.48570000e+04
  4.48820000e+04 4.49070000e+04 4.49310000e+04 4.50050000e+04
  4.50530000e+04 4.50570000e+04 4.50690000e+04 4.51490000e+04
  4.51770000e+04 4.52520000e+04 4.53340000e+04 4.53680000e+04
  4.54670000e+04 4.54860000e+04 4.55450000e+04 4.55550000e+04]
 [4.37880000e+04 4.38340000e+04 4.39150000e+04 4.39790000e+04
  4.40070000e+04 4.40960000e+04 4.41670000e+04 4.41960000e+04
  4.42230000e+04 4.43040000e+04 4.43380000e+04 4.44160000e+04
  4.44230000e+04 4.44740000e+04 4.44990000e+04 4.45460000e+04
  4.45600000e+04 4.45920000e+04 4.46390000e+04 4.47290000e+04]
 [4.06190000e+04 4.22790000e+04 4.23190000e+04 4.28370000e+04
  4.28890000e+04 4.29260000e+04 4.29610000e+04 4.33540000e+04
  4.33800000e+04 4.34250000e+04 4.34830000e+04 4.35250000e+04
  4.36000000e+04 4.36130000e+04 4.36280000e+04 4.37140000e+04
  4.37880000e+04 4.38860000e+04 4.39050000e+04 4.39500000e+04]
 [4.12730000e+04 4.22140000e+04 4.22790000e+04 4.22840000e+04
  4.23140000e+04 4.23650000e+04 4.24070000e+04 4.24950000e+04
  4.25740000e+04 4.26210000e+04 4.26670000e+04 4.27290000e+04
  4.27790000e+04 4.28370000e+04 4.29190000e+04 4.29700000e+04
  4.30590000e+04 4.31480000e+04 4.32110000e+04 4.32700000e+04]
 [3.91290000e+04 4.10970000e+04 4.11580000e+04 4.11940000e+04
  4.12080000e+04 4.12730000e+04 4.13590000e+04 4.14460000e+04
  4.14740000e+04 4.15240000e+04 4.15320000e+04 4.16310000e+04
  4.17040000e+04 4.18000000e+04 4.18940000e+04 4.19810000e+04
  4.20490000e+04 4.21450000e+04 4.22140000e+04 4.22330000e+04]
 [4.04570000e+04 4.05380000e+04 4.06190000e+04 4.06480000e+04
  4.07730000e+04 4.07970000e+04 4.08520000e+04 4.08570000e+04
  4.08930000e+04 4.09410000e+04 4.09820000e+04 4.10160000e+04
  4.10490000e+04 4.10970000e+04 4.11340000e+04 4.11940000e+04
  4.12280000e+04 4.12800000e+04 4.13070000e+04 4.13870000e+04]
 [3.85220000e+04 3.85580000e+04 3.99530000e+04 3.99600000e+04
  4.00770000e+04 4.01760000e+04 4.02310000e+04 4.02420000e+04
  4.03070000e+04 4.03540000e+04 4.03720000e+04 4.04180000e+04
  4.04570000e+04 4.05350000e+04 4.05810000e+04 4.06620000e+04
  4.06930000e+04 4.07730000e+04 4.08080000e+04 4.09000000e+04]
 [3.90440000e+04 3.91090000e+04 3.91550000e+04 3.91860000e+04
  3.91890000e+04 3.94640000e+04 3.95190000e+04 3.95300000e+04
  3.95350000e+04 3.95750000e+04 3.96270000e+04 3.97260000e+04
  3.97370000e+04 3.97730000e+04 3.98560000e+04 3.99480000e+04
  3.99530000e+04 3.99720000e+04 4.00300000e+04 4.00770000e+04]
 [3.71840000e+04 3.72580000e+04 3.79290000e+04 3.84950000e+04
  3.87850000e+04 3.88050000e+04 3.88310000e+04 3.89020000e+04
  3.89610000e+04 3.89750000e+04 3.90210000e+04 3.90430000e+04
  3.91090000e+04 3.91290000e+04 3.91620000e+04 3.92010000e+04
  3.92340000e+04 3.93200000e+04 3.93500000e+04 3.93870000e+04]
 [3.78000000e+04 3.78010000e+04 3.78520000e+04 3.79290000e+04
  3.80010000e+04 3.81610000e+04 3.82110000e+04 3.83050000e+04
  3.83890000e+04 3.83970000e+04 3.84700000e+04 3.84830000e+04
  3.84950000e+04 3.85920000e+04 3.86780000e+04 3.87410000e+04
  3.87850000e+04 3.87990000e+04 3.88660000e+04 3.88850000e+04]
 [3.71620000e+04 3.71840000e+04 3.71890000e+04 3.72400000e+04
  3.72580000e+04 3.72810000e+04 3.73780000e+04 3.74690000e+04
  3.75550000e+04 3.75680000e+04 3.75950000e+04 3.76630000e+04
  3.77070000e+04 3.78000000e+04 3.78820000e+04 3.78990000e+04
  3.79470000e+04 3.80450000e+04 3.80750000e+04 3.81610000e+04]
 [3.58950000e+04 3.61240000e+04 3.62160000e+04 3.66880000e+04
  3.67510000e+04 3.67920000e+04 3.68180000e+04 3.68320000e+04
  3.68620000e+04 3.68650000e+04 3.68740000e+04 3.69730000e+04
  3.70270000e+04 3.70410000e+04 3.71390000e+04 3.72193846e+04
  3.72400000e+04 3.73060000e+04 3.73540000e+04 3.73790000e+04]
 [3.56020000e+04 3.58450000e+04 3.58950000e+04 3.59810000e+04
  3.60000000e+04 3.60700000e+04 3.61460000e+04 3.64240000e+04
  3.65230000e+04 3.65760000e+04 3.65990000e+04 3.66880000e+04
  3.67700000e+04 3.67890000e+04 3.68620000e+04 3.68770000e+04
  3.69000000e+04 3.69990000e+04 3.70620000e+04 3.70630000e+04]
 [3.55930000e+04 3.56360000e+04 3.56610000e+04 3.57010000e+04
  3.57190000e+04 3.57620000e+04 3.58480000e+04 3.59230000e+04
  3.59470000e+04 3.60290000e+04 3.60530000e+04 3.61240000e+04
  3.62130000e+04 3.62800000e+04 3.63080000e+04 3.64040000e+04
  3.64240000e+04 3.64380000e+04 3.65230000e+04 3.65820000e+04]
 [3.33580000e+04 3.45230000e+04 3.45310000e+04 3.48890000e+04
  3.48970000e+04 3.49500000e+04 3.50010000e+04 3.50930000e+04
  3.51540000e+04 3.52330000e+04 3.53060000e+04 3.53860000e+04
  3.54100000e+04 3.54650000e+04 3.55380000e+04 3.55930000e+04
  3.56020000e+04 3.56680000e+04 3.56900000e+04 3.57850000e+04]
 [3.34950000e+04 3.35090000e+04 3.40910000e+04 3.41150000e+04
  3.41520000e+04 3.43550000e+04 3.44430000e+04 3.44440000e+04
  3.44590000e+04 3.44730000e+04 3.45090000e+04 3.45230000e+04
  3.45850000e+04 3.45880000e+04 3.46150000e+04 3.46590000e+04
  3.47090000e+04 3.47720000e+04 3.47980000e+04 3.48890000e+04]
 [3.34440000e+04 3.34680000e+04 3.35420000e+04 3.35840000e+04
  3.36270000e+04 3.36850000e+04 3.37140000e+04 3.37720000e+04
  3.38260000e+04 3.39020000e+04 3.39240000e+04 3.39660000e+04
  3.40460000e+04 3.40910000e+04 3.41190000e+04 3.41510000e+04
  3.42100000e+04 3.42110000e+04 3.42920000e+04 3.43400000e+04]
 [3.22200000e+04 3.27820000e+04 3.31470000e+04 3.32350000e+04
  3.33190000e+04 3.33580000e+04 3.33640000e+04 3.33760000e+04
  3.33900000e+04 3.34090000e+04 3.34530000e+04 3.34630000e+04
  3.34890000e+04 3.34950000e+04 3.36200000e+04 3.36440000e+04
  3.36820000e+04 3.37350000e+04 3.37720000e+04 3.38410000e+04]
 [3.07490000e+04 3.26180000e+04 3.26960000e+04 3.27160000e+04
  3.27820000e+04 3.27840000e+04 3.28360000e+04 3.28830000e+04
  3.29670000e+04 3.29950000e+04 3.30060000e+04 3.30720000e+04
  3.31170000e+04 3.31250000e+04 3.31470000e+04 3.31610000e+04
  3.31920000e+04 3.32800000e+04 3.33530000e+04 3.33740000e+04]
 [3.07710000e+04 3.08600000e+04 3.08890000e+04 3.10310000e+04
  3.17420000e+04 3.23120000e+04 3.23140000e+04 3.23560000e+04
  3.24510000e+04 3.24840000e+04 3.24890000e+04 3.25510000e+04
  3.25980000e+04 3.26180000e+04 3.26200000e+04 3.26220000e+04
  3.26580000e+04 3.26800000e+04 3.27760000e+04 3.28370000e+04]
 [3.07220000e+04 3.07490000e+04 3.14260000e+04 3.14860000e+04
  3.15730000e+04 3.16030000e+04 3.16670000e+04 3.17420000e+04
  3.17680000e+04 3.17930000e+04 3.18690000e+04 3.18970000e+04
  3.19500000e+04 3.20150000e+04 3.20740000e+04 3.21660000e+04
  3.22200000e+04 3.23120000e+04 3.23400000e+04 3.23600000e+04]
 [3.05590000e+04 3.06160000e+04 3.06290000e+04 3.07220000e+04
  3.07690000e+04 3.08090000e+04 3.08900000e+04 3.09790000e+04
  3.10310000e+04 3.10890000e+04 3.11090000e+04 3.11280000e+04
  3.11650000e+04 3.12340000e+04 3.12350000e+04 3.12480000e+04
  3.13080000e+04 3.13910000e+04 3.14260000e+04 3.14900000e+04]
 [2.99020000e+04 2.99650000e+04 3.00510000e+04 3.00870000e+04
  3.01720000e+04 3.02630000e+04 3.02750000e+04 3.03210000e+04
  3.03730000e+04 3.04430000e+04 3.04680000e+04 3.05180000e+04
  3.05590000e+04 3.05630000e+04 3.05720000e+04 3.06080000e+04
  3.07070000e+04 3.07690000e+04 3.08600000e+04 3.09560000e+04]
 [2.94190000e+04 2.94340000e+04 2.95180000e+04 2.95910000e+04
  2.96840000e+04 2.97350000e+04 2.97490000e+04 2.97740000e+04
  2.98490000e+04 2.98880000e+04 2.99020000e+04 2.99450000e+04
  3.00180000e+04 3.01000000e+04 3.01020000e+04 3.02630000e+04
  3.03290000e+04 3.03590000e+04 3.04230000e+04 3.04420000e+04]
 [2.86570000e+04 2.86950000e+04 2.87690000e+04 2.88280000e+04
  2.88970000e+04 2.89570000e+04 2.90560000e+04 2.90700000e+04
  2.91180000e+04 2.91270000e+04 2.91770000e+04 2.92600000e+04
  2.93450000e+04 2.94190000e+04 2.94290000e+04 2.95240000e+04
  2.95340000e+04 2.96140000e+04 2.97060000e+04 2.97980000e+04]
 [2.60830000e+04 2.61310000e+04 2.77890000e+04 2.78070000e+04
  2.78970000e+04 2.79080000e+04 2.79400000e+04 2.80010000e+04
  2.80470000e+04 2.80690000e+04 2.80700000e+04 2.81080000e+04
  2.81410000e+04 2.82190000e+04 2.82580000e+04 2.83250000e+04
  2.84040000e+04 2.84700000e+04 2.85690000e+04 2.85910000e+04]
 [2.54330000e+04 2.63560000e+04 2.64510000e+04 2.64810000e+04
  2.70920000e+04 2.71820000e+04 2.72470000e+04 2.73260000e+04
  2.73490000e+04 2.74180000e+04 2.74990000e+04 2.75290000e+04
  2.75380000e+04 2.76370000e+04 2.77230000e+04 2.77890000e+04
  2.78720000e+04 2.79040000e+04 2.80790000e+04 2.81040000e+04]
 [2.45100000e+04 2.59300000e+04 2.59970000e+04 2.60810000e+04
  2.61360000e+04 2.63080000e+04 2.63560000e+04 2.64510000e+04
  2.65100000e+04 2.65790000e+04 2.66380000e+04 2.67030000e+04
  2.67330000e+04 2.68270000e+04 2.69120000e+04 2.69270000e+04
  2.70230000e+04 2.70910000e+04 2.70920000e+04 2.71220000e+04]
 [2.51430000e+04 2.58310000e+04 2.59070000e+04 2.59970000e+04
  2.60830000e+04 2.61410000e+04 2.61810000e+04 2.61950000e+04
  2.62270000e+04 2.62380000e+04 2.62510000e+04 2.62520000e+04
  2.63080000e+04 2.64000000e+04 2.64130000e+04 2.64980000e+04
  2.65130000e+04 2.65870000e+04 2.66380000e+04 2.66420000e+04]
 [2.51370000e+04 2.51890000e+04 2.52620000e+04 2.53190000e+04
  2.53320000e+04 2.53840000e+04 2.54330000e+04 2.54710000e+04
  2.54850000e+04 2.55720000e+04 2.56350000e+04 2.57130000e+04
  2.57530000e+04 2.57660000e+04 2.57890000e+04 2.58310000e+04
  2.59300000e+04 2.59970000e+04 2.60250000e+04 2.61810000e+04]
 [2.43380000e+04 2.44510000e+04 2.45100000e+04 2.45960000e+04
  2.46260000e+04 2.46600000e+04 2.47390000e+04 2.48160000e+04
  2.48250000e+04 2.49090000e+04 2.49820000e+04 2.49910000e+04
  2.50350000e+04 2.50780000e+04 2.51370000e+04 2.51430000e+04
  2.52330000e+04 2.52360000e+04 2.52550000e+04 2.52590000e+04]
 [2.14610000e+04 2.32700000e+04 2.32880000e+04 2.33130000e+04
  2.34220000e+04 2.36840000e+04 2.37770000e+04 2.37990000e+04
  2.38550000e+04 2.39350000e+04 2.40120000e+04 2.40790000e+04
  2.41680000e+04 2.41830000e+04 2.42430000e+04 2.42580000e+04
  2.43380000e+04 2.43610000e+04 2.44510000e+04 2.45370000e+04]
 [2.19100000e+04 2.29420000e+04 2.30030000e+04 2.30280000e+04
  2.31190000e+04 2.31860000e+04 2.32700000e+04 2.32850000e+04
  2.33440000e+04 2.33790000e+04 2.33840000e+04 2.34220000e+04
  2.34310000e+04 2.34850000e+04 2.35430000e+04 2.35790000e+04
  2.36150000e+04 2.36840000e+04 2.36910000e+04 2.37130000e+04]
 [2.11360000e+04 2.18900000e+04 2.21580000e+04 2.21940000e+04
  2.22690000e+04 2.23640000e+04 2.24350000e+04 2.24450000e+04
  2.24520000e+04 2.24650000e+04 2.24980000e+04 2.25370000e+04
  2.25670000e+04 2.26490000e+04 2.27250000e+04 2.27930000e+04
  2.28300000e+04 2.28920000e+04 2.29360000e+04 2.29420000e+04]
 [2.00900000e+04 2.14280000e+04 2.18620000e+04 2.18900000e+04
  2.20090000e+04 2.20160000e+04 2.21010000e+04 2.21580000e+04
  2.22400000e+04 2.23380000e+04 2.23540000e+04 2.23660000e+04
  2.23940000e+04 2.23990000e+04 2.26220000e+04 2.27000000e+04
  2.27070000e+04 2.27250000e+04 2.27320000e+04 2.27410000e+04]
 [2.13170000e+04 2.13250000e+04 2.13270000e+04 2.13770000e+04
  2.14280000e+04 2.15250000e+04 2.16110000e+04 2.16830000e+04
  2.17750000e+04 2.18040000e+04 2.18620000e+04 2.18720000e+04
  2.18850000e+04 2.19100000e+04 2.19520000e+04 2.19630000e+04
  2.20090000e+04 2.20830000e+04 2.21690000e+04 2.21890000e+04]
 [2.06910000e+04 2.07340000e+04 2.07380000e+04 2.07690000e+04
  2.08670000e+04 2.09050000e+04 2.09180000e+04 2.09270000e+04
  2.10140000e+04 2.10820000e+04 2.11360000e+04 2.12110000e+04
  2.12480000e+04 2.12590000e+04 2.13170000e+04 2.13630000e+04
  2.14120000e+04 2.14180000e+04 2.14330000e+04 2.14610000e+04]
 [1.92960000e+04 1.93760000e+04 1.94660000e+04 1.95130000e+04
  1.95390000e+04 2.00800000e+04 2.00900000e+04 2.01080000e+04
  2.02030000e+04 2.02220000e+04 2.02740000e+04 2.02910000e+04
  2.03460000e+04 2.04200000e+04 2.04440000e+04 2.05290000e+04
  2.05690000e+04 2.06310000e+04 2.06910000e+04 2.07870000e+04]
 [1.84370000e+04 1.89690000e+04 1.93290000e+04 1.93880000e+04
  1.94100000e+04 1.94140000e+04 1.94660000e+04 1.95630000e+04
  1.96020000e+04 1.96510000e+04 1.96870000e+04 1.97780000e+04
  1.98570000e+04 1.98740000e+04 1.99120000e+04 1.99160000e+04
  1.99730000e+04 2.00170000e+04 2.00630000e+04 2.00800000e+04]
 [1.81690000e+04 1.81720000e+04 1.84690000e+04 1.85640000e+04
  1.85860000e+04 1.86580000e+04 1.86970000e+04 1.87930000e+04
  1.88870000e+04 1.89340000e+04 1.89690000e+04 1.90060000e+04
  1.90650000e+04 1.91100000e+04 1.91970000e+04 1.92960000e+04
  1.93290000e+04 1.93770000e+04 1.93810000e+04 1.94730000e+04]
 [1.65290000e+04 1.71060000e+04 1.76120000e+04 1.77000000e+04
  1.77600000e+04 1.77680000e+04 1.78130000e+04 1.78140000e+04
  1.78970000e+04 1.79680000e+04 1.80460000e+04 1.81170000e+04
  1.81690000e+04 1.82050000e+04 1.82230000e+04 1.82350000e+04
  1.83280000e+04 1.84000000e+04 1.84370000e+04 1.84690000e+04]
 [1.57660000e+04 1.69710000e+04 1.70510000e+04 1.70630000e+04
  1.71060000e+04 1.71820000e+04 1.72650000e+04 1.73390000e+04
  1.73830000e+04 1.74800000e+04 1.75260000e+04 1.75560000e+04
  1.76120000e+04 1.76910000e+04 1.77250000e+04 1.77810000e+04
  1.78300000e+04 1.78320000e+04 1.78950000e+04 1.79680000e+04]
 [1.61590000e+04 1.63240000e+04 1.63590000e+04 1.64570000e+04
  1.64760000e+04 1.64980000e+04 1.65290000e+04 1.66180000e+04
  1.67120000e+04 1.67390000e+04 1.68310000e+04 1.69110000e+04
  1.69710000e+04 1.69930000e+04 1.70240000e+04 1.70470000e+04
  1.70520000e+04 1.70920000e+04 1.70970000e+04 1.71870000e+04]
 [1.55520000e+04 1.57230000e+04 1.57660000e+04 1.58410000e+04
  1.58560000e+04 1.58930000e+04 1.58980000e+04 1.59620000e+04
  1.59660000e+04 1.59960000e+04 1.60250000e+04 1.60390000e+04
  1.60740000e+04 1.61590000e+04 1.62340000e+04 1.62790000e+04
  1.63240000e+04 1.63260000e+04 1.63330000e+04 1.63620000e+04]
 [1.43200000e+04 1.44150000e+04 1.45550000e+04 1.45600000e+04
  1.51550000e+04 1.52040000e+04 1.52200000e+04 1.52700000e+04
  1.52800000e+04 1.52950000e+04 1.53580000e+04 1.54550000e+04
  1.54640000e+04 1.55520000e+04 1.56160000e+04 1.56280000e+04
  1.57230000e+04 1.57420000e+04 1.57580000e+04 1.58120000e+04]
 [1.42190000e+04 1.42710000e+04 1.43040000e+04 1.43200000e+04
  1.43300000e+04 1.44170000e+04 1.44790000e+04 1.45550000e+04
  1.46430000e+04 1.46650000e+04 1.47280000e+04 1.47780000e+04
  1.48650000e+04 1.48810000e+04 1.49370000e+04 1.49750000e+04
  1.50320000e+04 1.50840000e+04 1.51550000e+04 1.51700000e+04]
 [1.24680000e+04 1.30730000e+04 1.31050000e+04 1.31820000e+04
  1.34140000e+04 1.35830000e+04 1.35890000e+04 1.36260000e+04
  1.37130000e+04 1.37620000e+04 1.38120000e+04 1.39010000e+04
  1.39630000e+04 1.39910000e+04 1.40220000e+04 1.40830000e+04
  1.41240000e+04 1.41950000e+04 1.41970000e+04 1.42190000e+04]
 [1.24160000e+04 1.24480000e+04 1.24680000e+04 1.26830000e+04
  1.27530000e+04 1.27760000e+04 1.28580000e+04 1.29090000e+04
  1.29840000e+04 1.30180000e+04 1.30730000e+04 1.31640000e+04
  1.32130000e+04 1.32590000e+04 1.33390000e+04 1.33450000e+04
  1.34140000e+04 1.34840000e+04 1.35830000e+04 1.36680000e+04]
 [1.17480000e+04 1.17800000e+04 1.18070000e+04 1.18500000e+04
  1.19030000e+04 1.19730000e+04 1.19900000e+04 1.20470000e+04
  1.21240000e+04 1.22150000e+04 1.22640000e+04 1.22700000e+04
  1.22760000e+04 1.23230000e+04 1.24160000e+04 1.24200000e+04
  1.24740000e+04 1.25670000e+04 1.26350000e+04 1.26830000e+04]
 [1.02490000e+04 1.03480000e+04 1.11740000e+04 1.12130000e+04
  1.12920000e+04 1.13430000e+04 1.13820000e+04 1.14210000e+04
  1.14530000e+04 1.14910000e+04 1.15190000e+04 1.16150000e+04
  1.16500000e+04 1.17060000e+04 1.17480000e+04 1.18070000e+04
  1.18900000e+04 1.19320000e+04 1.19720000e+04 1.19970000e+04]
 [8.59400000e+03 1.00700000e+04 1.06380000e+04 1.06490000e+04
  1.07360000e+04 1.07570000e+04 1.08010000e+04 1.08930000e+04
  1.09700000e+04 1.09790000e+04 1.10710000e+04 1.10810000e+04
  1.11120000e+04 1.11740000e+04 1.12390000e+04 1.13430000e+04
  1.14210000e+04 1.14430000e+04 1.14560000e+04 1.14820000e+04]
 [8.41500000e+03 8.42600000e+03 9.14800000e+03 9.15600000e+03
  9.23300000e+03 9.53000000e+03 1.02120000e+04 1.02490000e+04
  1.03480000e+04 1.03750000e+04 1.04740000e+04 1.05050000e+04
  1.05780000e+04 1.06380000e+04 1.06780000e+04 1.07590000e+04
  1.07680000e+04 1.07880000e+04 1.08690000e+04 1.09400000e+04]
 [6.97000000e+03 9.44800000e+03 9.46800000e+03 9.53000000e+03
  9.54800000e+03 9.56600000e+03 9.59900000e+03 9.63700000e+03
  9.68500000e+03 9.72200000e+03 9.80000000e+03 9.87600000e+03
  9.90400000e+03 9.96900000e+03 1.00300000e+04 1.00700000e+04
  1.00980000e+04 1.01650000e+04 1.01690000e+04 1.01860000e+04]
 [8.30900000e+03 8.42600000e+03 8.51500000e+03 8.58400000e+03
  8.67700000e+03 8.74600000e+03 8.96500000e+03 9.01900000e+03
  9.04900000e+03 9.06300000e+03 9.07700000e+03 9.14800000e+03
  9.19700000e+03 9.20700000e+03 9.29300000e+03 9.38100000e+03
  9.44800000e+03 9.46500000e+03 9.46700000e+03 9.46900000e+03]
 [7.83000000e+03 7.88400000e+03 7.96700000e+03 8.23900000e+03
  8.30900000e+03 8.32700000e+03 8.36100000e+03 8.36800000e+03
  8.37000000e+03 8.41500000e+03 8.42100000e+03 8.50100000e+03
  8.52200000e+03 8.59400000e+03 8.67400000e+03 8.76300000e+03
  8.81500000e+03 8.84800000e+03 8.88900000e+03 8.96500000e+03]
 [6.63000000e+03 6.68300000e+03 7.40600000e+03 7.48100000e+03
  7.63600000e+03 7.73200000e+03 7.78600000e+03 7.78700000e+03
  7.83000000e+03 7.85200000e+03 7.88300000e+03 7.94600000e+03
  7.94700000e+03 8.01500000e+03 8.08900000e+03 8.11200000e+03
  8.14400000e+03 8.19700000e+03 8.26800000e+03 8.36100000e+03]
 [7.06500000e+03 7.08600000e+03 7.13700000e+03 7.36700000e+03
  7.40600000e+03 7.43800000e+03 7.45500000e+03 7.49200000e+03
  7.51300000e+03 7.55500000e+03 7.63600000e+03 7.69200000e+03
  7.72100000e+03 7.73200000e+03 7.81000000e+03 7.85000000e+03
  7.91600000e+03 7.97300000e+03 8.06500000e+03 8.07000000e+03]
 [6.56900000e+03 6.59900000e+03 6.63000000e+03 6.72200000e+03
  6.74800000e+03 6.80400000e+03 6.87100000e+03 6.95900000e+03
  6.97000000e+03 6.99500000e+03 7.01900000e+03 7.11700000e+03
  7.12500000e+03 7.15900000e+03 7.17700000e+03 7.25700000e+03
  7.33900000e+03 7.36700000e+03 7.45400000e+03 7.53100000e+03]
 [5.17200000e+03 5.77200000e+03 6.04000000e+03 6.12500000e+03
  6.20900000e+03 6.28500000e+03 6.34900000e+03 6.35600000e+03
  6.40700000e+03 6.45800000e+03 6.47300000e+03 6.56900000e+03
  6.60000000e+03 6.68500000e+03 6.71500000e+03 6.80000000e+03
  6.84500000e+03 6.91800000e+03 6.99100000e+03 7.00800000e+03]
 [4.89100000e+03 5.22500000e+03 5.25700000e+03 5.34900000e+03
  5.45100000e+03 5.52900000e+03 5.61200000e+03 5.64900000e+03
  5.69000000e+03 5.69400000e+03 5.75600000e+03 5.77200000e+03
  5.80800000e+03 5.81200000e+03 5.83800000e+03 5.86600000e+03
  5.86800000e+03 5.88400000e+03 5.92100000e+03 6.01400000e+03]
 [3.36800000e+03 4.41000000e+03 4.50000000e+03 4.58800000e+03
  4.62000000e+03 4.63300000e+03 4.70300000e+03 4.86100000e+03
  4.89100000e+03 4.93500000e+03 5.01700000e+03 5.11500000e+03
  5.15900000e+03 5.22600000e+03 5.25700000e+03 5.31500000e+03
  5.41400000e+03 5.42300000e+03 5.45100000e+03 5.54700000e+03]
 [4.10800000e+03 4.19100000e+03 4.22000000e+03 4.24700000e+03
  4.32500000e+03 4.41000000e+03 4.42000000e+03 4.49700000e+03
  4.58800000e+03 4.61200000e+03 4.70900000e+03 4.72800000e+03
  4.78200000e+03 4.82200000e+03 4.86100000e+03 4.90700000e+03
  4.99600000e+03 5.07900000e+03 5.17200000e+03 5.22500000e+03]
 [3.05400000e+03 3.27200000e+03 3.32800000e+03 3.56300000e+03
  3.63600000e+03 3.65000000e+03 3.72400000e+03 3.79900000e+03
  3.85400000e+03 3.94400000e+03 3.95200000e+03 3.96100000e+03
  4.02000000e+03 4.08000000e+03 4.10700000e+03 4.10800000e+03
  4.12500000e+03 4.13100000e+03 4.17200000e+03 4.21300000e+03]
 [1.45500000e+03 1.84500000e+03 2.98100000e+03 2.98800000e+03
  3.05400000e+03 3.05900000e+03 3.14400000e+03 3.23100000e+03
  3.23200000e+03 3.27200000e+03 3.34100000e+03 3.40300000e+03
  3.49300000e+03 3.51300000e+03 3.53100000e+03 3.56300000e+03
  3.59900000e+03 3.60300000e+03 3.60900000e+03 3.65600000e+03]
 [1.15400000e+03 1.73700000e+03 1.82400000e+03 1.82800000e+03
  1.84500000e+03 2.00000000e+03 2.41100000e+03 2.48300000e+03
  2.54900000e+03 2.61700000e+03 2.70400000e+03 2.70500000e+03
  2.78400000e+03 2.82800000e+03 2.83300000e+03 2.86600000e+03
  2.89800000e+03 2.91800000e+03 2.98100000e+03 3.05400000e+03]
 [1.04300000e+03 1.72100000e+03 1.72400000e+03 1.73700000e+03
  1.77900000e+03 1.80100000e+03 1.83300000e+03 1.91600000e+03
  1.97200000e+03 2.00000000e+03 2.09600000e+03 2.13000000e+03
  2.17200000e+03 2.19400000e+03 2.28000000e+03 2.32500000e+03
  2.40400000e+03 2.41100000e+03 2.45400000e+03 2.48100000e+03]
 [9.84000000e+02 9.88000000e+02 1.04300000e+03 1.07400000e+03
  1.11200000e+03 1.14000000e+03 1.18400000e+03 1.19900000e+03
  1.28700000e+03 1.31400000e+03 1.38000000e+03 1.43000000e+03
  1.45500000e+03 1.48200000e+03 1.57300000e+03 1.62600000e+03
  1.69700000e+03 1.70700000e+03 1.71900000e+03 1.72100000e+03]
 [3.90000000e+01 2.43000000e+02 3.12000000e+02 4.32000000e+02
  5.10000000e+02 6.98000000e+02 7.95000000e+02 8.63000000e+02
  9.51000000e+02 9.88000000e+02 1.01100000e+03 1.05700000e+03
  1.11200000e+03 1.14100000e+03 1.22200000e+03 1.27600000e+03
  1.34600000e+03 1.41700000e+03 1.48200000e+03 1.59800000e+03]
 [0.00000000e+00 3.90000000e+01 9.50000000e+01 1.82000000e+02
  2.03000000e+02 2.12000000e+02 2.94000000e+02 3.38000000e+02
  4.01000000e+02 4.10000000e+02 4.60000000e+02 4.94000000e+02
  5.52000000e+02 5.70000000e+02 6.57000000e+02 6.99000000e+02
  7.77000000e+02 8.75000000e+02 9.05000000e+02 9.67000000e+02]]
