optimal_status: 0
solution: 16026.0
cpu_time: 3600.242637872696
gap: 0.9181879309510026
upper_bound: 1311.1202185792326
lower_bound: 16026.0
cg_matrix: [[0. 1. 1. 1. 0. 1. 0. 1. 1. 1. 1. 1. 1. 1. 1. 1. 1. 1. 1. 1.]
 [1. 0. 1. 1. 1. 0. 1. 1. 1. 1. 1. 1. 1. 1. 1. 1. 1. 0. 0. 1.]
 [1. 1. 0. 1. 1. 0. 1. 1. 0. 0. 1. 1. 1. 0. 1. 1. 1. 1. 0. 1.]
 [1. 1. 1. 0. 1. 0. 1. 1. 1. 0. 1. 1. 1. 1. 1. 1. 1. 1. 1. 1.]
 [0. 1. 1. 1. 0. 1. 1. 1. 1. 0. 1. 1. 0. 1. 1. 1. 1. 1. 1. 0.]
 [1. 0. 0. 0. 1. 0. 1. 0. 1. 1. 1. 1. 1. 1. 1. 1. 0. 1. 1. 1.]
 [0. 1. 1. 1. 1. 1. 0. 1. 1. 1. 0. 0. 0. 1. 0. 1. 0. 1. 1. 1.]
 [1. 1. 1. 1. 1. 0. 1. 0. 1. 1. 1. 1. 1. 0. 1. 1. 0. 1. 0. 1.]
 [1. 1. 0. 1. 1. 1. 1. 1. 0. 1. 1. 1. 1. 1. 1. 1. 1. 1. 1. 1.]
 [1. 1. 0. 0. 0. 1. 1. 1. 1. 0. 1. 1. 1. 1. 0. 1. 1. 1. 1. 1.]
 [1. 1. 1. 1. 1. 1. 0. 1. 1. 1. 0. 0. 1. 1. 1. 0. 1. 1. 1. 1.]
 [1. 1. 1. 1. 1. 1. 0. 1. 1. 1. 0. 0. 1. 1. 1. 1. 1. 1. 1. 1.]
 [1. 1. 1. 1. 0. 1. 0. 1. 1. 1. 1. 1. 0. 0. 1. 1. 1. 0. 1. 1.]
 [1. 1. 0. 1. 1. 1. 1. 0. 1. 1. 1. 1. 0. 0. 1. 0. 1. 1. 0. 1.]
 [1. 1. 1. 1. 1. 1. 0. 1. 1. 0. 1. 1. 1. 1. 0. 1. 1. 0. 1. 1.]
 [1. 1. 1. 1. 1. 1. 1. 1. 1. 1. 0. 1. 1. 0. 1. 0. 1. 1. 1. 1.]
 [1. 1. 1. 1. 1. 0. 0. 0. 1. 1. 1. 1. 1. 1. 1. 1. 0. 0. 1. 1.]
 [1. 0. 1. 1. 1. 1. 1. 1. 1. 1. 1. 1. 0. 1. 0. 1. 0. 0. 1. 1.]
 [1. 0. 0. 1. 1. 1. 1. 0. 1. 1. 1. 1. 1. 0. 1. 1. 1. 1. 0. 1.]
 [1. 1. 1. 1. 0. 1. 1. 1. 1. 1. 1. 1. 1. 1. 1. 1. 1. 1. 1. 0.]]
start_times_array: [[ 2046.  4592.  4886.  5115.  6017.  6234.  8449.  8664.  9167.  9688.
  12386. 12589. 13036. 13183. 13394. 13951. 14556. 14568. 14628. 14786.]
 [  118.  1374.  1986.  2600.  4962.  5067.  5471.  5589.  7834.  8022.
   9780. 12050. 12217. 12297. 12439. 12779. 15282. 15793. 15826. 15828.]
 [    0.   272.   384.  1016.  1050.  1091.  4411.  5009.  5028.  5451.
   5865.  6875.  6929. 11041. 11275. 13097. 13251. 13867. 13934. 14100.]
 [ 1037.  1619.  5492.  6079.  6230.  6373.  6869.  7640.  8075.  8253.
   8662.  9066.  9448.  9679. 10246. 10343. 10440. 13444. 13791. 14260.]
 [   92.   810.  1257.  1890.  1948.  2521.  3896.  4008.  4886.  6234.
   6783.  7349.  8107.  9883.  9887. 10056. 13704. 13951. 14786. 15961.]
 [    0.   311.  4499.  5451.  5477.  6869.  6989.  7646.  8479.  9066.
   9072.  9405. 11524. 11561. 11571. 11679. 12779. 14644. 14927. 15465.]
 [  193.  2420.  2598.  3241.  3575.  3719.  3756.  4361.  7218.  8226.
   9029.  9140. 11958. 13183. 13344. 13364. 14184. 14853. 15741. 15829.]
 [   32.   280.   703.  1732.  2015.  2351.  3429.  7174.  7322.  7480.
   7810.  7986.  8580.  9016. 10004. 10353. 10782. 11137. 12868. 14474.]
 [ 1065.  3657.  4080.  4133.  4243.  4870.  4882.  6469.  6737.  6748.
   6906.  8392. 10037. 10145. 10547. 10651. 11041. 12142. 13251. 13611.]
 [  976.  1530.  1616.  2293.  3173.  3556.  4315.  4653.  5187.  5793.
   6079.  6093.  9612. 10056. 11342. 13097. 14383. 15368. 15608. 15867.]
 [  183.  1144.  3086.  3112.  3719.  5365.  5395.  5414.  6057.  6144.
   7300.  7418.  7911.  8334.  8938.  9164. 10944. 12948. 15171. 15741.]
 [ 1353.  1805.  2043.  2199.  3575.  3982.  4160.  4724.  5365.  5956.
   6616.  9252. 11536. 11566. 11604. 11904. 11942. 13424. 15131. 15741.]
 [  661.   810.  1235.  1241.  1890.  6473.  6783.  7534.  7560.  8288.
   8765.  9245.  9421.  9578. 11427. 12372. 12479. 12678. 12681. 13709.]
 [  265.  4703.  4869.  5266.  5635.  6120.  6142.  6318.  9822.  9910.
  10927. 11275. 11463. 11832. 12644. 14690. 15181. 15254. 15693. 15727.]
 [  611.   761.   976.  1290.  2194.  2736.  7230. 10437. 10485. 10826.
  10869. 11236. 11342. 11958. 12226. 12693. 14039. 15014. 15107. 15368.]
 [  140.   560.   678.   745.  1144.  3080.  3519.  6555.  6696.  7125.
   7302.  8202.  8334.  8757.  9333. 10941. 10971. 13525. 14443. 14588.]
 [  193.   483.  1856.  2140.  2816.  3811.  4061.  4128.  4508.  5718.
   6408.  7733.  8680.  9120.  9790. 14297. 15067. 15108. 15219. 15636.]
 [  196.   537.  1293.  1662.  2454.  2999.  3175.  3217.  3811.  4061.
   4111.  4971.  5094.  6408.  7056.  7733.  8022.  8765.  9578.  9989.]
 [ 1374.  2351.  2899.  3055.  3060.  4411.  5003.  5877.  6318.  9229.
   9525. 10353. 10759. 10760. 10927. 13867. 14100. 14690. 15554. 15693.]
 [  896.  1449.  2185.  2687.  2967.  3036.  3337.  3896.  4781.  4898.
   5183.  8512.  8859. 10225. 10567. 10667. 11766. 12166. 12506. 15930.]]
