optimal_status: 0
solution: 9160.0
cpu_time: 3600.1632239818573
gap: 0.8507593804784559
upper_bound: 1367.0440748173437
lower_bound: 9160.0
cg_matrix: [[0. 1. 0. 1. 0. 0. 1. 0. 0. 1. 1. 1. 0. 0. 0. 1. 1. 0. 1. 1.]
 [1. 0. 0. 0. 0. 1. 1. 0. 1. 0. 1. 0. 0. 0. 0. 0. 0. 0. 1. 0.]
 [0. 0. 0. 0. 1. 1. 1. 0. 0. 1. 0. 1. 1. 1. 1. 1. 1. 1. 0. 1.]
 [1. 0. 0. 0. 0. 1. 0. 1. 0. 0. 1. 0. 0. 1. 0. 0. 1. 1. 0. 1.]
 [0. 0. 1. 0. 0. 1. 1. 0. 1. 0. 1. 0. 0. 1. 0. 1. 1. 0. 0. 1.]
 [0. 1. 1. 1. 1. 0. 1. 1. 1. 1. 1. 1. 1. 1. 1. 1. 0. 1. 0. 1.]
 [1. 1. 1. 0. 1. 1. 0. 0. 0. 0. 0. 0. 1. 0. 0. 0. 1. 1. 0. 0.]
 [0. 0. 0. 1. 0. 1. 0. 0. 0. 0. 0. 1. 1. 0. 1. 1. 0. 0. 0. 1.]
 [0. 1. 0. 0. 1. 1. 0. 0. 0. 0. 1. 1. 1. 1. 0. 1. 0. 1. 0. 0.]
 [1. 0. 1. 0. 0. 1. 0. 0. 0. 0. 0. 0. 0. 1. 1. 0. 1. 1. 1. 1.]
 [1. 1. 0. 1. 1. 1. 0. 0. 1. 0. 0. 0. 0. 1. 1. 0. 0. 1. 0. 0.]
 [1. 0. 1. 0. 0. 1. 0. 1. 1. 0. 0. 0. 0. 0. 1. 0. 1. 1. 1. 0.]
 [0. 0. 1. 0. 0. 1. 1. 1. 1. 0. 0. 0. 0. 1. 1. 1. 0. 1. 0. 1.]
 [0. 0. 1. 1. 1. 1. 0. 0. 1. 1. 1. 0. 1. 0. 1. 0. 1. 0. 0. 0.]
 [0. 0. 1. 0. 0. 1. 0. 1. 0. 1. 1. 1. 1. 1. 0. 1. 1. 0. 1. 0.]
 [1. 0. 1. 0. 1. 1. 0. 1. 1. 0. 0. 0. 1. 0. 1. 0. 0. 1. 0. 0.]
 [1. 0. 1. 1. 1. 0. 1. 0. 0. 1. 0. 1. 0. 1. 1. 0. 0. 1. 1. 0.]
 [0. 0. 1. 1. 0. 1. 1. 0. 1. 1. 1. 1. 1. 0. 0. 1. 1. 0. 0. 0.]
 [1. 1. 0. 0. 0. 0. 0. 0. 0. 1. 0. 1. 0. 0. 1. 0. 1. 0. 0. 1.]
 [1. 0. 1. 1. 1. 1. 0. 1. 0. 1. 0. 0. 1. 0. 0. 0. 0. 0. 1. 0.]]
start_times_array: [[2573.         2869.         3397.         3455.         3523.
  3765.         3849.         3879.         3895.         3950.
  4042.         4230.         4431.         4782.         4849.
  5457.         5545.         8580.         8600.         8812.        ]
 [   0.          695.          770.         1019.         1106.
  1403.         1744.         7349.         7437.         7577.
  7612.         7622.         7714.         7775.         7850.
  8121.         8616.         8960.         8993.         9159.        ]
 [7228.         7535.         7563.         7733.         7938.
  8068.         8121.         8218.         8324.         8363.
  8403.         8494.         8548.         8645.         8791.
  8812.         8834.         8992.         9059.         9076.        ]
 [1152.         1356.         1552.         1759.         2139.
  2248.         2309.         2475.         2942.         3359.
  3409.         7349.         7445.         7915.         7952.
  8049.         8059.         8308.         8699.         8775.        ]
 [ 363.          389.         1552.         1883.         2899.
  3103.         7349.         7435.         7488.         7543.
  7662.         7747.         7816.         7911.         7915.
  7979.         8237.         8383.         8724.         8927.        ]
 [1466.         3180.         3253.         3556.         4089.
  4248.         6126.         6193.         6460.         6772.
  6778.         6846.         6862.         6874.         6879.
  6912.         6999.         7095.         7141.         7260.        ]
 [ 139.          486.          520.         5359.         5557.
  5624.         5809.         5839.         5889.         5973.
  6000.         6037.         6280.         6372.         6440.
  6493.         6573.         6649.         6723.         6734.        ]
 [ 878.         1883.         4839.         5386.         5459.
  5502.         5571.         5743.         5787.         5814.
  5868.         5892.         5928.         6010.         6023.
  6280.         6360.         6493.         6592.         6672.        ]
 [ 260.          545.         1183.         1300.         1327.
  1454.         1630.         1634.         1638.         1673.
  2165.         2629.         2880.         2937.         3582.
  6292.         6308.         6535.         6614.86407671 6678.86407671]
 [2419.         2482.         4285.         4525.15384523 4583.15384523
  4585.15384523 4915.         4961.         5185.86407671 5264.86407671
  5368.         5441.         5559.         5635.         5724.
  5809.         5895.         5975.86407671 6019.86407671 6047.86407671]
 [  68.          501.          607.          799.          927.
  2063.         2093.         2112.         2143.         4534.
  4942.         4964.         5134.         5233.         5243.
  5348.86407671 5360.         5661.         5749.         5973.86407671]
 [ 501.          786.         3929.         4303.         4492.
  4576.         4602.         4685.         4901.         4987.
  5048.         5128.         5209.         5234.         5239.
  5332.         5370.         6056.         6076.         6404.        ]
 [ 938.         3681.         3926.         4451.         4500.
  4574.         4656.         4881.         4907.         4987.
  5067.         5161.         5168.         5195.         5221.
  5318.         5332.         5487.         5490.         5661.        ]
 [   0.           46.           67.           78.          177.
   339.          361.          459.          642.          703.
   782.          860.         1019.         1080.         1214.
  1941.         4331.         4369.         5033.         6493.        ]
 [ 363.         1263.         2208.         2869.         2932.
  2937.         3110.         3346.         3349.         3455.
  3498.         3767.         3806.         3858.         3932.
  4003.         4187.         4397.         4450.         4742.        ]
 [ 492.         1708.         1759.         1784.         2074.
  2248.         2341.         2378.         2439.         2480.
  2529.         2549.         2686.         2744.         2752.
  2824.         2854.         3017.         3424.         3602.        ]
 [ 260.          522.          599.          974.         1676.
  2315.         2400.         2568.         2667.         2774.
  3042.         3180.         3269.         3411.         3563.
  3595.         3702.         3742.         4095.         4130.        ]
 [   0.           33.          351.          633.          860.
  1049.         1086.         1128.         1225.         1399.
  1400.         1422.         1649.         1670.         1800.
  1869.         1946.         1999.         2595.         3394.        ]
 [ 413.          900.         1153.         1221.         1226.
  1312.         1451.         1542.         1621.         1765.
  1781.         1834.         1918.         1919.         1985.
  2028.         2111.         2112.         2255.         2744.        ]
 [   0.           80.          161.          170.          219.
   251.          270.          510.          575.          663.
   727.          731.          799.          955.          976.
  1060.         1246.         1400.         1676.         2323.        ]]
