optimal_status: 0
solution: 8229.999999176354
cpu_time: 3600.1589419841766
gap: 0.8651275820035131
upper_bound: 1110.0
lower_bound: 8229.999999176354
cg_matrix: [[0. 1. 1. 1. 1. 1. 1. 0. 0. 1. 1. 0. 1. 1. 1. 0. 0. 1. 1. 1.]
 [1. 0. 1. 1. 1. 0. 1. 1. 1. 1. 1. 1. 1. 1. 1. 1. 1. 1. 1. 1.]
 [1. 1. 0. 1. 1. 1. 0. 1. 1. 1. 1. 1. 1. 1. 1. 1. 1. 1. 1. 0.]
 [1. 1. 1. 0. 0. 0. 1. 1. 1. 1. 1. 0. 0. 0. 1. 1. 1. 1. 1. 0.]
 [1. 1. 1. 0. 0. 1. 1. 0. 0. 1. 0. 1. 1. 1. 1. 1. 1. 1. 1. 1.]
 [1. 0. 1. 0. 1. 0. 1. 1. 1. 1. 1. 1. 1. 1. 1. 1. 1. 1. 1. 0.]
 [1. 1. 0. 1. 1. 1. 0. 1. 1. 1. 1. 1. 0. 1. 1. 1. 1. 1. 1. 1.]
 [0. 1. 1. 1. 0. 1. 1. 0. 1. 1. 1. 1. 1. 1. 1. 1. 1. 1. 0. 1.]
 [0. 1. 1. 1. 0. 1. 1. 1. 0. 1. 1. 1. 1. 1. 1. 1. 1. 0. 1. 1.]
 [1. 1. 1. 1. 1. 1. 1. 1. 1. 0. 0. 1. 1. 1. 1. 1. 1. 0. 1. 1.]
 [1. 1. 1. 1. 0. 1. 1. 1. 1. 0. 0. 1. 1. 0. 0. 1. 1. 0. 1. 1.]
 [0. 1. 1. 0. 1. 1. 1. 1. 1. 1. 1. 0. 0. 0. 1. 1. 0. 1. 1. 1.]
 [1. 1. 1. 0. 1. 1. 0. 1. 1. 1. 1. 0. 0. 1. 1. 1. 1. 1. 1. 0.]
 [1. 1. 1. 0. 1. 1. 1. 1. 1. 1. 0. 0. 1. 0. 0. 0. 0. 1. 1. 1.]
 [1. 1. 1. 1. 1. 1. 1. 1. 1. 1. 0. 1. 1. 0. 0. 1. 1. 1. 0. 1.]
 [0. 1. 1. 1. 1. 1. 1. 1. 1. 1. 1. 1. 1. 0. 1. 0. 0. 0. 0. 0.]
 [0. 1. 1. 1. 1. 1. 1. 1. 1. 1. 1. 0. 1. 0. 1. 0. 0. 0. 0. 0.]
 [1. 1. 1. 1. 1. 1. 1. 1. 0. 0. 0. 1. 1. 1. 1. 0. 0. 0. 0. 0.]
 [1. 1. 1. 1. 1. 1. 1. 0. 1. 1. 1. 1. 1. 1. 0. 0. 0. 0. 0. 0.]
 [1. 1. 0. 0. 1. 0. 1. 1. 1. 1. 1. 1. 0. 1. 1. 0. 0. 0. 0. 0.]]
start_times_array: [[1364.         1420.         2403.         3662.         3787.
  3796.         3992.         4152.         4174.         4282.
  4365.         4434.         4524.         5914.99999918 5934.99999918]
 [3748.         5631.99999918 7415.99999918 7450.99999918 7559.99999918
  7594.99999918 7660.99999918 7725.99999918 7873.99999918 7933.99999918
  8005.99999918 8138.99999918 8152.99999918 8154.99999918 8170.99999918]
 [  19.         6767.99999918 6798.99999918 6973.99999918 7088.99999918
  7137.99999918 7207.99999918 7299.99999918 7339.99999918 7352.99999918
  7366.99999918 7529.99999918 7675.99999918 7781.99999918 8057.99999918]
 [2101.         5770.99999918 5833.99999918 5854.99999918 5875.99999918
  5904.99999918 6079.99999918 6104.99999918 6164.99999918 6257.99999918
  6281.99999918 6329.99999918 6381.99999918 6389.99999918 6419.99999918]
 [ 765.         3535.         3652.         4612.         6407.99999918
  6452.99999918 6559.99999918 6648.99999918 6708.99999918 6853.99999918
  6895.99999918 6943.99999918 7043.99999918 7065.99999918 7858.99999918]
 [4757.99999999 4771.99999999 5583.99999918 5770.99999918 5865.99999918
  6050.99999918 6079.99999918 6123.99999918 6146.99999918 6207.99999918
  6264.99999918 6309.99999918 6489.99999918 6519.99999918 6546.99999918]
 [ 915.         1141.         4873.99999999 5137.99999999 5162.99999999
  5247.99999999 5302.99999999 5311.99999999 5459.99999918 5480.99999918
  5528.99999918 5651.99999918 5673.99999918 5720.99999918 5964.99999918]
 [ 684.         1355.         4067.         4093.         4222.
  4240.         4424.         4508.         4541.         4669.
  4689.         4781.99999999 4896.99999999 5050.99999999 5914.99999918]
 [3448.         3457.         3502.         3535.         3556.
  3652.         3787.         3976.         4124.         4299.
  4396.         4614.         4961.99999999 5213.99999999 5398.99999918]
 [2246.         2729.         2916.         3119.         3205.
  3292.         3310.         3384.         3477.         3513.
  3567.         3647.         3881.         4216.         4722.99999999]
 [ 624.          765.         1665.         1725.         2246.
  2729.         3102.         3122.         3128.         3174.
  3253.         3285.         3571.         3578.         3881.        ]
 [ 604.         2066.         2308.         2363.         2441.
  2476.         2505.         2528.         2615.         2701.
  2787.         3002.         3003.         3019.         3052.        ]
 [ 113.         1894.         2096.         2308.         2355.
  2420.         2472.         2505.         2626.         2664.
  2787.         2845.         3002.         3016.         3489.        ]
 [1056.         1217.         1464.         1479.         1547.
  1579.         1722.         1813.         2005.         2015.
  2027.         2058.         2162.         2582.         3101.        ]
 [ 624.         1445.         1503.         1519.         1665.
  1722.         1730.         1771.         1810.         1838.
  1956.         1993.         2027.         2165.         2256.        ]
 [  24.          214.          301.          392.          405.
   409.          441.          965.         1027.         1214.
  1262.         1303.         1543.         1928.         2234.        ]
 [  18.           41.          241.          339.          415.
   499.          533.          835.          965.         1058.
  1196.         1262.         1398.         1543.         1601.        ]
 [  24.          165.          250.          285.          377.
   461.          518.          549.          695.          749.
   814.          893.          901.         1005.         1303.        ]
 [   0.           24.          148.          215.          225.
   300.          349.          424.          490.          527.
   671.          833.          965.         1004.         1303.        ]
 [   0.           29.          102.          164.          183.
   282.          378.          380.          429.          499.
   589.          695.          849.          870.         1000.        ]]
