optimal_status: 0
solution: 4164.999999583382
cpu_time: 3600.1204710006714
gap: 0.7344537814860497
upper_bound: 1105.9999999999718
lower_bound: 4164.999999583382
cg_matrix: [[0. 0. 0. 0. 0. 0. 0. 0. 1. 1. 0. 1. 0. 1. 0. 1. 1. 1. 1. 0.]
 [0. 0. 0. 1. 0. 1. 1. 0. 0. 0. 1. 0. 0. 0. 1. 0. 1. 0. 0. 1.]
 [0. 0. 0. 0. 1. 1. 1. 1. 0. 0. 0. 0. 1. 0. 1. 0. 0. 0. 1. 0.]
 [0. 1. 0. 0. 0. 0. 1. 0. 0. 1. 1. 1. 0. 0. 0. 0. 0. 0. 1. 0.]
 [0. 0. 1. 0. 0. 1. 1. 0. 0. 0. 0. 1. 0. 0. 0. 1. 1. 1. 0. 1.]
 [0. 1. 1. 0. 1. 0. 0. 0. 1. 0. 1. 0. 1. 0. 0. 0. 0. 0. 1. 1.]
 [0. 1. 1. 1. 1. 0. 0. 0. 1. 0. 0. 1. 1. 0. 0. 0. 1. 0. 1. 0.]
 [0. 0. 1. 0. 0. 0. 0. 0. 1. 1. 0. 0. 1. 0. 1. 1. 0. 0. 0. 0.]
 [1. 0. 0. 0. 0. 1. 1. 1. 0. 0. 0. 1. 1. 0. 1. 0. 1. 0. 1. 0.]
 [1. 0. 0. 1. 0. 0. 0. 1. 0. 0. 1. 0. 0. 1. 1. 0. 0. 0. 1. 1.]
 [0. 1. 0. 1. 0. 1. 0. 0. 0. 1. 0. 0. 1. 1. 0. 0. 0. 1. 0. 0.]
 [1. 0. 0. 1. 1. 0. 1. 0. 1. 0. 0. 0. 1. 0. 1. 0. 1. 0. 0. 0.]
 [0. 0. 1. 0. 0. 1. 1. 1. 1. 0. 1. 1. 0. 0. 0. 1. 1. 1. 1. 1.]
 [1. 0. 0. 0. 0. 0. 0. 0. 0. 1. 1. 0. 0. 0. 1. 0. 0. 0. 1. 0.]
 [0. 1. 1. 0. 0. 0. 0. 1. 1. 1. 0. 1. 0. 1. 0. 0. 0. 1. 0. 0.]
 [1. 0. 0. 0. 1. 0. 0. 1. 0. 0. 0. 0. 1. 0. 0. 0. 0. 0. 0. 0.]
 [1. 1. 0. 0. 1. 0. 1. 0. 1. 0. 0. 1. 1. 0. 0. 0. 0. 0. 0. 0.]
 [1. 0. 0. 0. 1. 0. 0. 0. 0. 0. 1. 0. 1. 0. 1. 0. 0. 0. 0. 0.]
 [1. 0. 1. 1. 0. 1. 1. 0. 1. 1. 0. 0. 1. 1. 0. 0. 0. 0. 0. 0.]
 [0. 1. 0. 0. 1. 1. 0. 0. 0. 1. 0. 0. 1. 0. 0. 0. 0. 0. 0. 0.]]
start_times_array: [[  43.          535.99999958  576.99999958  691.99999958 1159.99999958
  1177.99999958 1322.99999958 1964.99999958 2251.99999958 2293.99999958
  2475.99999958 2998.99999958 3407.99999958 3849.99999958 3869.99999958]
 [ 406.          505.99999958  814.99999958  849.99999958 1098.99999958
  1235.99999958 1483.99999958 1501.99999958 1760.99999958 2376.99999958
  2717.99999958 2794.99999958 2808.99999958 2810.99999958 2882.99999958]
 [  15.          130.          450.99999958  844.99999958  914.99999958
  1063.99999958 1764.99999958 2136.99999958 2376.99999958 2453.99999958
  2544.99999958 2625.99999958 2946.99999958 3599.99999958 3690.99999958]
 [  39.          255.          385.          733.99999958  928.99999958
  1063.99999958 1397.99999958 1822.99999958 2155.99999958 2469.99999958
  2493.99999958 2541.99999958 2593.99999958 2647.99999958 3849.99999958]
 [  39.           43.          236.          373.99999958  728.99999958
  1207.99999958 1483.99999958 1572.99999958 1939.99999958 2389.99999958
  2884.99999958 3083.99999958 3113.99999958 3384.99999958 3427.99999958]
 [  76.           90.          250.          593.99999958 1021.99999958
  1133.99999958 1162.99999958 1856.99999958 1998.99999958 2176.99999958
  2233.99999958 2278.99999958 2655.99999958 2826.99999958 2860.99999958]
 [ 535.99999958  585.99999958  640.99999958  663.99999958 1012.99999958
  1152.99999958 1301.99999958 1310.99999958 2024.99999958 2248.99999958
  2299.99999958 2354.99999958 2826.99999958 2998.99999958 3513.99999958]
 [  88.          207.          250.          276.          599.99999958
   785.99999958 1313.99999958 1477.99999958 1638.         1744.99999958
  2011.99999958 2274.99999958 3188.99999958 3253.99999958 3771.99999958]
 [ 100.          109.          129.          140.          385.
   429.99999958 1207.99999958 2376.99999958 2544.99999958 2873.99999958
  2970.99999958 3113.99999958 3646.99999958 4005.99999958 4103.99999958]
 [   0.          103.          408.         1073.99999958 1226.99999958
  1586.99999958 2376.99999958 2779.99999958 2920.99999958 3088.99999958
  3505.99999958 3585.99999958 3676.99999958 3843.99999958 3899.99999958]
 [ 197.          525.99999958  754.99999958 1206.99999958 1383.99999958
  1616.99999958 1622.99999958 1665.99999958 1707.99999958 2059.99999958
  2685.99999958 2941.99999958 3041.99999958 3298.99999958 3771.99999958]
 [   0.          829.99999958 1097.99999958 1707.99999958 1785.99999958
  1998.99999958 2045.99999958 2068.99999958 2702.99999958 3168.99999958
  3193.99999958 3793.99999958 3794.99999958 3810.99999958 3955.99999958]
 [  40.          395.99999958  688.99999958 1510.99999958 1557.99999958
  1913.99999958 1965.99999958 2467.99999958 2788.99999958 3048.99999958
  3384.99999958 3442.99999958 3843.99999958 3857.99999958 3942.99999958]
 [ 606.99999958  862.99999958 1058.99999958 1497.99999958 1675.99999958
  1878.99999958 2138.99999958 2544.99999958 2625.99999958 2635.99999958
  2851.99999958 2882.99999958 3110.99999958 3934.99999958 4051.99999958]
 [ 307.          525.99999958  583.99999958  704.99999958  728.99999958
  1050.99999958 1397.99999958 1438.99999958 1604.99999958 2218.99999958
  2665.99999958 3007.99999958 3049.99999958 3384.99999958 3453.99999958]
 [ 131.          886.          995.         1086.         1099.
  1127.99999958 1255.99999958 2076.99999958 2544.99999958 2654.99999958
  2702.99999958 3624.99999958 3955.99999958 4023.99999958 4152.99999958]
 [  38.          167.          250.          773.99999958  928.99999958
  1063.99999958 1397.99999958 1632.99999958 1820.99999958 2165.99999958
  2636.99999958 3291.99999958 3599.99999958 3735.99999958 4039.99999958]
 [ 246.          599.99999958  814.99999958  958.99999958 1772.99999958
  2002.99999958 2187.99999958 2544.99999958 2594.99999958 2826.99999958
  3174.99999958 3276.99999958 3284.99999958 3372.99999958 4053.99999958]
 [  20.          161.          318.          525.99999958  754.99999958
   963.99999958 1422.99999958 1609.99999958 1727.99999958 2059.99999958
  2685.99999958 3188.99999958 3248.99999958 3332.99999958 3782.99999958]
 [  10.          161.          531.99999958  795.99999958 1384.99999958
  1632.99999958 1820.99999958 2059.99999958 2106.99999958 2557.99999958
  2769.99999958 3135.99999958 3195.99999958 3216.99999958 3367.99999958]]
