optimal_status: 0
solution: 11827.0
cpu_time: 3600.3841161727905
gap: 0.9064006087765283
upper_bound: 1107.0
lower_bound: 11827.0
cg_matrix: [[0. 1. 1. 1. 1. 1. 1. 1. 1. 1. 1. 1. 1. 1. 1. 1. 1. 1. 1. 1. 0. 1. 1. 1.
  0. 1. 1. 1. 1. 1.]
 [1. 0. 0. 0. 1. 1. 1. 1. 1. 1. 1. 1. 1. 1. 1. 1. 1. 0. 1. 1. 1. 0. 1. 1.
  1. 1. 1. 1. 1. 1.]
 [1. 0. 0. 1. 1. 1. 1. 1. 0. 1. 1. 1. 0. 1. 1. 1. 1. 1. 0. 0. 1. 1. 1. 1.
  1. 1. 1. 1. 1. 1.]
 [1. 0. 1. 0. 1. 1. 1. 0. 1. 1. 1. 1. 1. 0. 1. 0. 1. 1. 1. 1. 1. 1. 1. 1.
  1. 1. 1. 1. 1. 0.]
 [1. 1. 1. 1. 0. 1. 1. 1. 0. 1. 1. 1. 1. 1. 0. 1. 1. 1. 1. 1. 1. 1. 1. 1.
  1. 0. 0. 1. 1. 1.]
 [1. 1. 1. 1. 1. 0. 1. 1. 1. 1. 1. 1. 0. 1. 0. 0. 1. 1. 1. 0. 1. 1. 1. 1.
  0. 1. 1. 1. 0. 1.]
 [1. 1. 1. 1. 1. 1. 0. 0. 1. 1. 1. 0. 0. 1. 1. 1. 1. 1. 1. 0. 1. 0. 1. 1.
  1. 1. 1. 1. 1. 1.]
 [1. 1. 1. 0. 1. 1. 0. 0. 1. 1. 1. 1. 1. 1. 1. 1. 1. 1. 1. 1. 1. 1. 1. 1.
  1. 1. 1. 1. 0. 1.]
 [1. 1. 0. 1. 0. 1. 1. 1. 0. 1. 1. 1. 0. 0. 1. 1. 1. 1. 1. 1. 1. 1. 1. 0.
  1. 0. 0. 0. 1. 1.]
 [1. 1. 1. 1. 1. 1. 1. 1. 1. 0. 1. 1. 1. 1. 1. 1. 1. 1. 1. 1. 1. 1. 0. 1.
  0. 1. 0. 1. 1. 1.]
 [1. 1. 1. 1. 1. 1. 1. 1. 1. 1. 0. 1. 1. 0. 1. 0. 1. 1. 1. 1. 0. 1. 0. 1.
  1. 1. 1. 1. 1. 1.]
 [1. 1. 1. 1. 1. 1. 0. 1. 1. 1. 1. 0. 1. 1. 0. 1. 1. 1. 1. 1. 1. 1. 0. 1.
  1. 0. 1. 1. 1. 1.]
 [1. 1. 0. 1. 1. 0. 0. 1. 0. 1. 1. 1. 0. 0. 1. 0. 0. 1. 1. 0. 1. 1. 1. 0.
  1. 1. 1. 1. 1. 0.]
 [1. 1. 1. 0. 1. 1. 1. 1. 0. 1. 0. 1. 0. 0. 1. 1. 0. 1. 0. 1. 1. 0. 0. 1.
  1. 1. 0. 1. 1. 1.]
 [1. 1. 1. 1. 0. 0. 1. 1. 1. 1. 1. 0. 1. 1. 0. 1. 1. 1. 1. 1. 1. 1. 1. 1.
  1. 1. 1. 1. 1. 1.]
 [1. 1. 1. 0. 1. 0. 1. 1. 1. 1. 0. 1. 0. 1. 1. 0. 0. 0. 0. 0. 0. 0. 0. 0.
  0. 0. 0. 0. 0. 0.]
 [1. 1. 1. 1. 1. 1. 1. 1. 1. 1. 1. 1. 0. 0. 1. 0. 0. 0. 0. 0. 0. 0. 0. 0.
  0. 0. 0. 0. 0. 0.]
 [1. 0. 1. 1. 1. 1. 1. 1. 1. 1. 1. 1. 1. 1. 1. 0. 0. 0. 0. 0. 0. 0. 0. 0.
  0. 0. 0. 0. 0. 0.]
 [1. 1. 0. 1. 1. 1. 1. 1. 1. 1. 1. 1. 1. 0. 1. 0. 0. 0. 0. 0. 0. 0. 0. 0.
  0. 0. 0. 0. 0. 0.]
 [1. 1. 0. 1. 1. 0. 0. 1. 1. 1. 1. 1. 0. 1. 1. 0. 0. 0. 0. 0. 0. 0. 0. 0.
  0. 0. 0. 0. 0. 0.]
 [0. 1. 1. 1. 1. 1. 1. 1. 1. 1. 0. 1. 1. 1. 1. 0. 0. 0. 0. 0. 0. 0. 0. 0.
  0. 0. 0. 0. 0. 0.]
 [1. 0. 1. 1. 1. 1. 0. 1. 1. 1. 1. 1. 1. 0. 1. 0. 0. 0. 0. 0. 0. 0. 0. 0.
  0. 0. 0. 0. 0. 0.]
 [1. 1. 1. 1. 1. 1. 1. 1. 1. 0. 0. 0. 1. 0. 1. 0. 0. 0. 0. 0. 0. 0. 0. 0.
  0. 0. 0. 0. 0. 0.]
 [1. 1. 1. 1. 1. 1. 1. 1. 0. 1. 1. 1. 0. 1. 1. 0. 0. 0. 0. 0. 0. 0. 0. 0.
  0. 0. 0. 0. 0. 0.]
 [0. 1. 1. 1. 1. 0. 1. 1. 1. 0. 1. 1. 1. 1. 1. 0. 0. 0. 0. 0. 0. 0. 0. 0.
  0. 0. 0. 0. 0. 0.]
 [1. 1. 1. 1. 0. 1. 1. 1. 0. 1. 1. 0. 1. 1. 1. 0. 0. 0. 0. 0. 0. 0. 0. 0.
  0. 0. 0. 0. 0. 0.]
 [1. 1. 1. 1. 0. 1. 1. 1. 0. 0. 1. 1. 1. 0. 1. 0. 0. 0. 0. 0. 0. 0. 0. 0.
  0. 0. 0. 0. 0. 0.]
 [1. 1. 1. 1. 1. 1. 1. 1. 0. 1. 1. 1. 1. 1. 1. 0. 0. 0. 0. 0. 0. 0. 0. 0.
  0. 0. 0. 0. 0. 0.]
 [1. 1. 1. 1. 1. 0. 1. 0. 1. 1. 1. 1. 1. 1. 1. 0. 0. 0. 0. 0. 0. 0. 0. 0.
  0. 0. 0. 0. 0. 0.]
 [1. 1. 1. 0. 1. 1. 1. 1. 1. 1. 1. 1. 0. 1. 1. 0. 0. 0. 0. 0. 0. 0. 0. 0.
  0. 0. 0. 0. 0. 0.]]
start_times_array: [[1.0659e+04 1.0755e+04 1.0963e+04 1.1038e+04 1.1041e+04 1.1138e+04
  1.1331e+04 1.1419e+04 1.1485e+04 1.1501e+04 1.1564e+04 1.1637e+04
  1.1640e+04 1.1703e+04 1.1794e+04]
 [7.1600e+02 9.4620e+03 9.4950e+03 9.5330e+03 9.6550e+03 9.9270e+03
  9.9630e+03 1.0013e+04 1.0096e+04 1.0100e+04 1.0509e+04 1.0516e+04
  1.0846e+04 1.1226e+04 1.1241e+04]
 [2.2410e+03 9.8370e+03 9.8740e+03 1.0118e+04 1.0183e+04 1.0207e+04
  1.0293e+04 1.0389e+04 1.0483e+04 1.0564e+04 1.0566e+04 1.0841e+04
  1.0884e+04 1.0907e+04 1.0952e+04]
 [5.2700e+03 9.1620e+03 9.4620e+03 9.4990e+03 9.5000e+03 9.5100e+03
  9.5310e+03 9.6550e+03 9.6790e+03 9.7400e+03 9.9680e+03 1.0022e+04
  1.0114e+04 1.0846e+04 1.1241e+04]
 [1.8260e+03 3.3770e+03 4.1290e+03 8.4000e+03 8.4870e+03 8.7260e+03
  8.8800e+03 8.9560e+03 9.0300e+03 9.1160e+03 9.2230e+03 9.3070e+03
  9.3550e+03 9.3710e+03 9.6270e+03]
 [4.2990e+03 7.7170e+03 7.8750e+03 7.9210e+03 8.0200e+03 8.0370e+03
  8.1150e+03 8.1990e+03 8.2870e+03 8.3470e+03 8.4270e+03 8.4540e+03
  8.5630e+03 8.6510e+03 8.7950e+03]
 [1.3960e+03 1.5720e+03 1.6440e+03 1.7490e+03 1.8010e+03 3.6920e+03
  4.0190e+03 5.0070e+03 7.3820e+03 7.3990e+03 7.4510e+03 7.5380e+03
  7.6050e+03 7.7700e+03 8.8080e+03]
 [4.5010e+03 6.1840e+03 7.2780e+03 7.3320e+03 7.4050e+03 7.4510e+03
  7.5110e+03 7.5380e+03 7.6050e+03 7.6230e+03 7.6400e+03 7.6440e+03
  7.7700e+03 7.8020e+03 7.8690e+03]
 [6.3500e+03 6.6750e+03 6.7010e+03 6.8770e+03 6.9340e+03 6.9880e+03
  7.0040e+03 7.0450e+03 7.0470e+03 7.0620e+03 7.2310e+03 7.3220e+03
  7.5360e+03 8.4880e+03 8.7260e+03]
 [7.3700e+02 1.8250e+03 6.0360e+03 6.2640e+03 6.4010e+03 6.4180e+03
  6.4380e+03 6.4880e+03 6.5700e+03 6.6100e+03 6.7300e+03 6.7400e+03
  6.7900e+03 6.8410e+03 7.1500e+03]
 [1.3460e+03 3.9830e+03 5.5590e+03 5.6260e+03 5.6990e+03 5.7320e+03
  5.8290e+03 5.9200e+03 5.9310e+03 6.0110e+03 6.1240e+03 6.3080e+03
  6.5280e+03 6.8010e+03 9.7820e+03]
 [1.7660e+03 3.1010e+03 3.7010e+03 4.8300e+03 4.9880e+03 4.9920e+03
  5.0080e+03 5.1530e+03 5.1960e+03 5.3920e+03 5.4890e+03 5.4920e+03
  5.5040e+03 5.7290e+03 5.8910e+03]
 [1.3240e+03 2.5380e+03 4.0620e+03 4.1660e+03 4.4760e+03 4.5780e+03
  4.6010e+03 4.6390e+03 4.6590e+03 4.8380e+03 5.0750e+03 1.0183e+04
  1.0542e+04 1.0545e+04 1.0576e+04]
 [3.3030e+03 3.4640e+03 3.5580e+03 3.8480e+03 3.9220e+03 4.1660e+03
  4.3340e+03 4.4160e+03 4.4590e+03 4.5780e+03 4.6210e+03 4.6590e+03
  4.7100e+03 4.7170e+03 4.7220e+03]
 [1.8260e+03 1.9870e+03 2.0580e+03 2.9120e+03 3.1010e+03 3.1100e+03
  3.1870e+03 3.3770e+03 3.5330e+03 3.6170e+03 3.6310e+03 4.0230e+03
  4.1010e+03 4.2570e+03 4.2850e+03]
 [4.9000e+01 1.8500e+02 1.9700e+02 2.4400e+02 2.9700e+02 3.5400e+02
  4.5100e+02 4.7300e+02 8.2900e+02 9.1600e+02 2.3290e+03 2.7290e+03
  3.2070e+03 3.2910e+03 3.7900e+03]
 [4.2000e+01 1.6400e+02 2.0000e+02 4.8300e+02 6.3000e+02 1.3040e+03
  2.3290e+03 2.4010e+03 2.4530e+03 2.5260e+03 2.6750e+03 2.7710e+03
  2.8130e+03 2.9090e+03 4.6210e+03]
 [5.4900e+02 2.1030e+03 2.1330e+03 2.1840e+03 2.3290e+03 2.3950e+03
  2.6660e+03 2.7610e+03 2.7780e+03 2.8420e+03 4.6530e+03 4.7310e+03
  4.9250e+03 5.3320e+03 5.3650e+03]
 [4.4000e+02 5.2000e+02 6.5600e+02 1.9010e+03 2.1030e+03 2.1360e+03
  2.2010e+03 2.2450e+03 2.2670e+03 2.3530e+03 2.4460e+03 2.6260e+03
  2.7140e+03 2.8560e+03 2.8950e+03]
 [0.0000e+00 1.4300e+02 1.8500e+02 1.9900e+02 2.5300e+02 3.5700e+02
  4.7100e+02 6.2200e+02 6.5800e+02 7.0500e+02 7.8200e+02 8.1600e+02
  8.4500e+02 2.3800e+03 2.4580e+03]
 [1.0000e+01 1.1600e+02 1.9900e+02 2.3400e+02 3.6300e+02 6.1300e+02
  6.7100e+02 6.9500e+02 7.6400e+02 1.7000e+03 2.3290e+03 2.7790e+03
  2.8400e+03 3.0040e+03 4.7310e+03]
 [2.5000e+01 1.1400e+02 3.0300e+02 5.2000e+02 6.7000e+02 1.4750e+03
  1.5770e+03 1.6160e+03 1.6990e+03 1.7100e+03 2.1030e+03 2.1810e+03
  2.4580e+03 2.8690e+03 3.3730e+03]
 [3.5400e+02 4.7000e+02 7.3700e+02 7.4000e+02 8.1300e+02 8.6200e+02
  1.0360e+03 1.0560e+03 1.1240e+03 1.1640e+03 2.5210e+03 4.4100e+03
  4.7310e+03 4.9250e+03 5.2650e+03]
 [4.7000e+01 3.8900e+02 5.2300e+02 6.4900e+02 7.8700e+02 8.6000e+02
  9.6200e+02 1.0550e+03 1.0560e+03 1.0990e+03 1.1660e+03 1.2510e+03
  1.6690e+03 2.8310e+03 4.8380e+03]
 [2.1500e+02 2.7000e+02 4.4600e+02 4.9600e+02 7.8700e+02 8.2900e+02
  9.0500e+02 9.3800e+02 1.0200e+03 1.1020e+03 1.1890e+03 1.2820e+03
  1.3760e+03 1.4750e+03 1.6690e+03]
 [4.1000e+01 3.4800e+02 4.2700e+02 4.5100e+02 4.8400e+02 5.5700e+02
  6.3900e+02 7.7000e+02 8.6000e+02 9.6300e+02 1.0970e+03 1.2090e+03
  1.2560e+03 1.3520e+03 2.8580e+03]
 [3.9000e+01 9.1000e+01 1.0200e+02 2.0000e+02 2.7500e+02 6.0100e+02
  6.5400e+02 7.3700e+02 7.8700e+02 8.6000e+02 9.4900e+02 9.5100e+02
  1.0240e+03 1.0430e+03 3.8870e+03]
 [2.9000e+01 1.0200e+02 1.5400e+02 1.9900e+02 2.1600e+02 3.1000e+02
  3.5400e+02 3.8300e+02 4.0100e+02 4.3800e+02 5.2200e+02 5.5000e+02
  1.0930e+03 1.1210e+03 2.1030e+03]
 [0.0000e+00 2.3000e+01 8.6000e+01 1.4300e+02 2.0000e+02 2.2200e+02
  2.9300e+02 3.6200e+02 3.7700e+02 3.9600e+02 4.8400e+02 5.0900e+02
  5.9200e+02 6.5400e+02 8.8700e+02]
 [0.0000e+00 4.7000e+01 1.4300e+02 1.5400e+02 2.5300e+02 2.8100e+02
  2.8900e+02 3.3900e+02 3.5700e+02 5.1400e+02 5.2400e+02 5.7800e+02
  6.2800e+02 7.6400e+02 2.3740e+03]]
