optimal_status: 0
solution: 8757.0
cpu_time: 3602.8317320346832
gap: 0.878268813520612
upper_bound: 1065.9999999999998
lower_bound: 8757.0
cg_matrix: [[0. 1. 1. 1. 1. 0. 1. 1. 0. 1. 1. 1. 1. 1. 1. 1. 1. 1. 1. 1.]
 [1. 0. 1. 1. 1. 0. 1. 1. 0. 1. 1. 1. 1. 1. 1. 1. 1. 1. 1. 1.]
 [1. 1. 0. 1. 1. 1. 1. 1. 1. 0. 0. 1. 1. 1. 1. 1. 1. 1. 1. 1.]
 [1. 1. 1. 0. 0. 1. 1. 0. 1. 1. 1. 1. 1. 1. 1. 0. 1. 1. 1. 1.]
 [1. 1. 1. 0. 0. 1. 1. 0. 1. 1. 0. 1. 1. 1. 0. 1. 1. 1. 1. 1.]
 [0. 0. 1. 1. 1. 0. 1. 0. 1. 1. 1. 0. 0. 1. 1. 1. 1. 0. 0. 1.]
 [1. 1. 1. 1. 1. 1. 0. 1. 1. 1. 1. 1. 0. 1. 1. 0. 1. 1. 1. 1.]
 [1. 1. 1. 0. 0. 0. 1. 0. 1. 1. 1. 1. 0. 1. 0. 1. 1. 1. 1. 1.]
 [0. 0. 1. 1. 1. 1. 1. 1. 0. 1. 1. 0. 1. 1. 1. 1. 1. 1. 1. 1.]
 [1. 1. 0. 1. 1. 1. 1. 1. 1. 0. 0. 1. 1. 1. 0. 1. 0. 0. 1. 1.]
 [1. 1. 0. 1. 0. 1. 1. 1. 1. 0. 0. 1. 1. 1. 1. 1. 1. 1. 1. 1.]
 [1. 1. 1. 1. 1. 0. 1. 1. 0. 1. 1. 0. 1. 0. 1. 1. 1. 1. 1. 1.]
 [1. 1. 1. 1. 1. 0. 0. 0. 1. 1. 1. 1. 0. 0. 0. 1. 1. 1. 0. 1.]
 [1. 1. 1. 1. 1. 1. 1. 1. 1. 1. 1. 0. 0. 0. 1. 1. 1. 0. 1. 1.]
 [1. 1. 1. 1. 0. 1. 1. 0. 1. 0. 1. 1. 0. 1. 0. 1. 0. 1. 1. 1.]
 [1. 1. 1. 0. 1. 1. 0. 1. 1. 1. 1. 1. 1. 1. 1. 0. 0. 0. 0. 0.]
 [1. 1. 1. 1. 1. 1. 1. 1. 1. 0. 1. 1. 1. 1. 0. 0. 0. 0. 0. 0.]
 [1. 1. 1. 1. 1. 0. 1. 1. 1. 0. 1. 1. 1. 0. 1. 0. 0. 0. 0. 0.]
 [1. 1. 1. 1. 1. 0. 1. 1. 1. 1. 1. 1. 0. 1. 1. 0. 0. 0. 0. 0.]
 [1. 1. 1. 1. 1. 1. 1. 1. 1. 1. 1. 1. 1. 1. 1. 0. 0. 0. 0. 0.]]
start_times_array: [[6195. 6265. 6369. 6485. 6540. 6554. 6587. 6653. 6667. 6674. 6731. 6786.
  6876. 6938. 7907.]
 [2124. 5396. 5470. 6194. 6271. 7101. 7844. 7999. 8061. 8161. 8176. 8421.
  8496. 8576. 8660.]
 [3947. 3989. 7293. 7359. 7419. 7443. 7513. 7591. 7602. 7637. 7783. 8071.
  8249. 8323. 8324.]
 [1758. 2040. 4525. 4887. 4904. 4986. 5171. 6805. 6984. 7074. 7182. 7195.
  7299. 7302. 7675.]
 [ 777.  849. 1259. 2914. 4051. 4101. 6805. 6811. 6823. 6849. 6984. 7182.
  7299. 7708. 7741.]
 [6194. 6271. 6358. 6485. 6504. 6588. 6673. 6736. 6787. 6876. 6905. 6971.
  7101. 7102. 7127.]
 [5255. 5509. 5592. 5740. 5762. 5766. 5834. 5902. 5990. 6070. 6125. 6136.
  6155. 6417. 8384.]
 [ 770. 1916. 2486. 2784. 2882. 3226. 4286. 4525. 4887. 4989. 5179. 5297.
  5394. 5663. 5739.]
 [1173. 3053. 3138. 3289. 3403. 3619. 3667. 4220. 4434. 4847. 4943. 5072.
  5274. 5396. 5470.]
 [ 907. 1004. 1070. 1198. 1227. 1250. 1339. 1870. 2154. 2314. 2412. 3040.
  3876. 3947. 4177.]
 [ 843.  849. 3828. 3909. 3983. 4051. 4144. 4239. 4255. 4305. 4473. 4615.
  4635. 4659. 4730.]
 [1173. 2680. 3052. 3147. 3289. 3335. 3351. 3418. 3485. 3549. 3634. 3719.
  3746. 3772. 4050.]
 [ 220.  284.  748. 1916. 2239. 2271. 2306. 2486. 2512. 2739. 2852. 2938.
  2980. 3226. 3282.]
 [ 846. 1834. 2510. 2561. 2654. 2709. 2787. 2812. 2852. 2938. 3052. 3345.
  3478. 3531. 4267.]
 [ 770.  889. 1256. 1304. 1841. 1879. 1957. 1973. 2154. 2247. 2285. 2310.
  2392. 2412. 3228.]
 [ 164.  197.  836. 1413. 1473. 1547. 1601. 1603. 1625. 1657. 1672. 1751.
  2014. 2083. 2833.]
 [   0.  194.  320.  398. 1111. 1198. 1339. 1398. 1473. 1476. 1556. 1595.
  1857. 2154. 2365.]
 [   0.  121.  127.  179.  285.  460.  611.  994. 1066. 1095. 1121. 1198.
  1381. 2361. 2606.]
 [   0.   42.  121.  205.  230.  300.  390.  398.  458.  539.  627.  638.
   709. 1124. 1520.]
 [  42.   94.   97.  154.  285.  373.  415.  438.  510.  607.  698. 1124.
  1519. 4372. 4820.]]
