optimal_status: 0
solution: 68194.0
cpu_time: 3600.319566965103
gap: 0.971015802165927
upper_bound: 1976.5483870967755
lower_bound: 68194.0
cg_matrix: [[0. 1. 1. 1. 0. 1. 1. 0. 0. 0. 1. 0. 0. 0. 0. 0. 1. 1. 1. 1. 1. 1. 0. 1.
  1. 0. 0. 1. 1. 1. 1. 0. 0. 0. 1. 0. 1. 0. 1. 0. 1. 1. 1. 1. 0. 0. 0. 1.
  1. 1. 0. 0. 1. 1. 1. 0. 1. 0. 0. 0. 1. 0. 0. 0. 0. 0. 1. 0. 1. 1. 0. 0.
  1. 1. 1. 0. 0. 1. 0. 0. 0. 1. 1. 0. 0. 0. 0. 0. 1. 0. 0. 0. 1. 0. 1. 0.
  1. 1. 1. 0.]
 [1. 0. 0. 0. 1. 0. 0. 1. 1. 1. 1. 1. 0. 1. 1. 1. 0. 1. 0. 0. 1. 0. 1. 1.
  0. 1. 0. 1. 0. 1. 1. 1. 1. 0. 1. 1. 1. 0. 1. 0. 1. 1. 0. 1. 1. 0. 1. 0.
  1. 1. 1. 0. 1. 0. 1. 1. 1. 1. 1. 1. 1. 0. 0. 0. 0. 1. 1. 1. 1. 0. 0. 1.
  1. 1. 1. 0. 0. 0. 0. 0. 1. 0. 1. 0. 1. 1. 1. 0. 0. 1. 0. 0. 0. 0. 0. 1.
  1. 1. 1. 1.]
 [1. 0. 0. 0. 1. 1. 1. 0. 0. 1. 1. 1. 0. 1. 0. 0. 1. 0. 0. 1. 0. 0. 0. 1.
  0. 1. 1. 0. 0. 0. 1. 1. 1. 1. 0. 1. 1. 1. 1. 0. 0. 0. 0. 0. 0. 0. 1. 1.
  1. 1. 1. 1. 1. 0. 1. 1. 1. 0. 1. 0. 1. 0. 0. 1. 0. 0. 1. 1. 1. 1. 0. 0.
  0. 0. 1. 0. 0. 1. 0. 0. 1. 0. 0. 0. 0. 1. 0. 0. 0. 1. 0. 0. 0. 1. 0. 0.
  0. 1. 0. 0.]
 [1. 0. 0. 0. 0. 1. 1. 1. 1. 0. 0. 0. 0. 1. 1. 0. 1. 1. 1. 1. 1. 0. 1. 1.
  0. 1. 0. 0. 0. 1. 0. 1. 0. 0. 1. 0. 0. 1. 0. 0. 1. 0. 1. 1. 1. 1. 1. 0.
  0. 0. 1. 1. 1. 1. 0. 0. 0. 1. 1. 0. 0. 0. 0. 1. 1. 1. 1. 1. 0. 1. 1. 0.
  1. 0. 1. 0. 1. 1. 1. 1. 1. 1. 1. 0. 1. 0. 0. 1. 0. 0. 1. 0. 1. 1. 1. 0.
  0. 1. 0. 1.]
 [0. 1. 1. 0. 0. 1. 1. 1. 1. 0. 0. 1. 1. 0. 1. 0. 1. 1. 1. 1. 1. 1. 0. 1.
  1. 0. 0. 1. 1. 0. 0. 0. 1. 0. 0. 1. 1. 0. 0. 1. 0. 1. 0. 0. 0. 1. 1. 1.
  1. 0. 0. 1. 1. 0. 0. 1. 0. 0. 0. 0. 1. 1. 1. 1. 0. 1. 1. 1. 0. 1. 1. 0.
  0. 0. 1. 0. 1. 1. 1. 1. 1. 0. 0. 1. 1. 1. 1. 1. 1. 1. 0. 1. 1. 1. 1. 0.
  0. 0. 1. 0.]
 [1. 0. 1. 1. 1. 0. 0. 0. 0. 0. 1. 0. 0. 0. 0. 0. 1. 1. 0. 1. 1. 0. 0. 1.
  1. 0. 0. 1. 1. 1. 0. 0. 0. 1. 0. 1. 0. 0. 1. 0. 0. 0. 1. 0. 1. 0. 1. 0.
  1. 0. 0. 0. 0. 1. 0. 1. 1. 0. 0. 0. 0. 0. 0. 1. 1. 1. 1. 0. 0. 0. 0. 1.
  0. 1. 1. 0. 0. 1. 0. 1. 1. 0. 1. 0. 0. 0. 1. 0. 0. 0. 1. 1. 0. 0. 0. 0.
  0. 0. 1. 1.]
 [1. 0. 1. 1. 1. 0. 0. 1. 0. 0. 1. 0. 1. 1. 0. 0. 1. 0. 1. 1. 0. 0. 1. 1.
  1. 0. 0. 1. 0. 1. 1. 1. 1. 1. 0. 1. 0. 0. 0. 1. 1. 1. 1. 0. 1. 0. 1. 0.
  1. 0. 0. 1. 0. 1. 1. 1. 0. 1. 1. 1. 0. 1. 1. 0. 0. 0. 1. 1. 0. 1. 1. 0.
  1. 0. 0. 0. 0. 1. 1. 1. 0. 1. 1. 1. 1. 0. 1. 0. 0. 1. 1. 1. 1. 1. 1. 0.
  1. 0. 1. 1.]
 [0. 1. 0. 1. 1. 0. 1. 0. 1. 1. 1. 0. 1. 1. 1. 1. 0. 1. 1. 1. 1. 1. 1. 1.
  1. 1. 0. 1. 1. 0. 1. 0. 1. 0. 1. 1. 1. 0. 1. 1. 1. 1. 0. 1. 0. 0. 0. 1.
  0. 0. 1. 1. 0. 1. 1. 1. 1. 1. 1. 1. 1. 0. 0. 1. 1. 1. 1. 0. 1. 0. 0. 0.
  0. 0. 1. 1. 1. 1. 0. 0. 1. 1. 0. 0. 1. 1. 0. 0. 0. 1. 1. 1. 0. 0. 1. 1.
  0. 0. 0. 1.]
 [0. 1. 0. 1. 1. 0. 0. 1. 0. 0. 1. 0. 1. 1. 0. 0. 0. 1. 1. 0. 1. 0. 1. 0.
  1. 1. 1. 1. 1. 1. 0. 0. 1. 1. 1. 1. 0. 0. 1. 0. 0. 1. 1. 0. 1. 1. 1. 1.
  0. 1. 1. 0. 1. 1. 1. 0. 1. 0. 0. 1. 1. 1. 1. 0. 1. 0. 1. 0. 1. 0. 0. 1.
  1. 1. 0. 0. 0. 0. 0. 1. 1. 1. 0. 0. 0. 0. 0. 0. 0. 0. 1. 1. 1. 1. 0. 1.
  0. 1. 0. 0.]
 [0. 1. 1. 0. 0. 0. 0. 1. 0. 0. 1. 1. 0. 0. 1. 0. 0. 0. 0. 0. 1. 0. 0. 0.
  0. 0. 0. 1. 1. 1. 1. 0. 1. 1. 0. 0. 0. 0. 0. 0. 1. 0. 1. 1. 1. 0. 0. 0.
  0. 1. 1. 0. 1. 0. 0. 1. 1. 0. 1. 1. 0. 1. 1. 0. 1. 1. 1. 0. 0. 0. 1. 1.
  0. 1. 1. 1. 1. 0. 1. 0. 1. 1. 0. 1. 0. 1. 1. 1. 1. 1. 0. 0. 0. 1. 0. 1.
  1. 1. 1. 0.]
 [1. 1. 1. 0. 0. 1. 1. 1. 1. 1. 0. 0. 0. 1. 0. 0. 1. 0. 1. 0. 0. 1. 0. 1.
  0. 0. 1. 1. 1. 1. 1. 0. 0. 1. 1. 0. 0. 1. 0. 0. 0. 0. 0. 0. 1. 1. 0. 1.
  0. 1. 1. 0. 0. 1. 0. 1. 0. 0. 1. 0. 0. 1. 0. 0. 0. 0. 0. 0. 1. 1. 1. 1.
  0. 1. 1. 1. 0. 0. 0. 1. 0. 0. 0. 1. 0. 1. 1. 0. 0. 1. 1. 1. 1. 1. 1. 1.
  0. 1. 1. 0.]
 [0. 1. 1. 0. 1. 0. 0. 0. 0. 1. 0. 0. 0. 0. 0. 0. 1. 1. 0. 1. 1. 0. 0. 1.
  1. 1. 1. 0. 0. 0. 1. 0. 0. 1. 0. 1. 0. 0. 1. 1. 1. 1. 1. 1. 1. 0. 1. 0.
  0. 0. 0. 0. 1. 1. 1. 0. 0. 1. 0. 1. 1. 1. 0. 1. 0. 0. 0. 1. 1. 0. 1. 0.
  0. 0. 1. 1. 1. 0. 0. 1. 0. 1. 1. 0. 0. 0. 1. 1. 1. 0. 0. 0. 0. 0. 0. 0.
  1. 0. 0. 1.]
 [0. 0. 0. 0. 1. 0. 1. 1. 1. 0. 0. 0. 0. 1. 0. 1. 1. 1. 1. 1. 1. 1. 0. 0.
  0. 0. 1. 1. 0. 1. 1. 0. 1. 0. 1. 1. 0. 1. 1. 1. 0. 0. 0. 0. 1. 0. 1. 1.
  0. 1. 0. 0. 0. 0. 1. 1. 0. 1. 1. 1. 0. 0. 0. 0. 0. 0. 1. 1. 0. 0. 1. 0.
  0. 0. 0. 0. 0. 1. 1. 0. 1. 0. 0. 1. 1. 1. 0. 1. 1. 0. 0. 0. 0. 0. 1. 0.
  1. 1. 1. 1.]
 [0. 1. 1. 1. 0. 0. 1. 1. 1. 0. 1. 0. 1. 0. 1. 0. 1. 0. 0. 1. 0. 1. 0. 0.
  0. 1. 0. 1. 1. 0. 1. 0. 1. 0. 1. 1. 1. 1. 0. 0. 1. 1. 1. 1. 1. 1. 0. 0.
  1. 0. 0. 0. 0. 0. 1. 0. 1. 0. 1. 0. 1. 1. 1. 1. 0. 1. 1. 1. 1. 1. 1. 1.
  1. 0. 1. 0. 1. 0. 1. 1. 1. 1. 1. 1. 1. 1. 0. 0. 0. 1. 1. 1. 1. 1. 0. 0.
  1. 0. 0. 0.]
 [0. 1. 0. 1. 1. 0. 0. 1. 0. 1. 0. 0. 0. 1. 0. 0. 1. 0. 0. 0. 0. 1. 1. 1.
  0. 0. 1. 0. 1. 0. 1. 1. 1. 1. 1. 1. 1. 1. 1. 1. 1. 0. 1. 0. 1. 0. 0. 0.
  0. 0. 0. 0. 1. 1. 0. 0. 1. 0. 0. 1. 0. 0. 1. 0. 1. 0. 0. 0. 1. 1. 1. 1.
  1. 0. 0. 0. 1. 1. 1. 0. 0. 0. 0. 0. 1. 1. 0. 0. 0. 0. 1. 0. 0. 0. 1. 1.
  0. 0. 1. 1.]
 [0. 1. 0. 0. 0. 0. 0. 1. 0. 0. 0. 0. 1. 0. 0. 0. 0. 1. 0. 1. 1. 1. 1. 1.
  1. 1. 0. 0. 1. 0. 1. 1. 1. 1. 0. 1. 1. 0. 0. 0. 0. 0. 0. 1. 0. 0. 1. 0.
  0. 1. 0. 0. 1. 1. 1. 1. 0. 1. 0. 1. 1. 0. 0. 1. 1. 1. 1. 1. 1. 1. 1. 1.
  0. 0. 0. 1. 0. 0. 0. 1. 1. 0. 0. 0. 1. 1. 0. 0. 0. 1. 0. 0. 1. 0. 0. 0.
  0. 1. 1. 1.]
 [1. 0. 1. 1. 1. 1. 1. 0. 0. 0. 1. 1. 1. 1. 1. 0. 0. 0. 1. 0. 0. 1. 1. 0.
  0. 1. 1. 0. 0. 0. 1. 1. 0. 1. 0. 0. 0. 1. 1. 0. 1. 1. 0. 1. 0. 0. 0. 0.
  0. 1. 0. 1. 0. 1. 0. 0. 1. 0. 1. 0. 0. 0. 0. 0. 0. 0. 1. 0. 1. 1. 0. 0.
  1. 0. 1. 0. 1. 1. 1. 0. 1. 1. 1. 0. 0. 0. 1. 0. 1. 0. 0. 0. 0. 1. 1. 0.
  0. 0. 1. 1.]
 [1. 1. 0. 1. 1. 1. 0. 1. 1. 0. 0. 1. 1. 0. 0. 1. 0. 0. 1. 0. 1. 1. 0. 1.
  0. 1. 1. 1. 1. 1. 0. 1. 0. 0. 0. 1. 0. 0. 1. 1. 1. 1. 0. 0. 0. 1. 1. 1.
  0. 1. 0. 0. 1. 1. 1. 1. 0. 0. 1. 0. 0. 0. 1. 1. 0. 1. 0. 1. 1. 0. 1. 1.
  1. 1. 1. 1. 1. 1. 0. 0. 1. 1. 0. 1. 0. 1. 0. 0. 1. 0. 1. 1. 0. 1. 0. 1.
  1. 0. 1. 1.]
 [1. 0. 0. 1. 1. 0. 1. 1. 1. 0. 1. 0. 1. 0. 0. 0. 1. 1. 0. 1. 1. 1. 1. 1.
  1. 1. 1. 1. 1. 0. 0. 0. 1. 1. 1. 1. 1. 0. 1. 0. 1. 0. 0. 0. 1. 0. 0. 1.
  1. 0. 1. 1. 1. 1. 0. 0. 0. 1. 0. 0. 1. 1. 1. 1. 1. 1. 1. 1. 0. 0. 1. 1.
  0. 0. 1. 1. 1. 1. 0. 0. 1. 0. 1. 0. 0. 1. 1. 1. 0. 0. 1. 0. 0. 0. 0. 1.
  0. 0. 0. 1.]
 [1. 0. 1. 1. 1. 1. 1. 1. 0. 0. 0. 1. 1. 1. 0. 1. 0. 0. 1. 0. 0. 0. 1. 1.
  1. 0. 1. 0. 0. 1. 1. 1. 1. 0. 1. 0. 1. 1. 0. 1. 1. 0. 1. 0. 0. 1. 1. 0.
  0. 1. 0. 1. 0. 1. 0. 0. 0. 1. 0. 0. 1. 1. 0. 0. 1. 0. 1. 1. 1. 1. 0. 0.
  0. 0. 0. 1. 0. 0. 1. 1. 1. 1. 0. 1. 0. 1. 1. 1. 0. 1. 1. 0. 1. 1. 1. 0.
  1. 1. 1. 0.]
 [1. 1. 0. 1. 1. 1. 0. 1. 1. 1. 0. 1. 1. 0. 0. 1. 0. 1. 1. 0. 0. 0. 0. 0.
  0. 0. 0. 0. 0. 0. 0. 0. 0. 0. 0. 0. 0. 0. 0. 0. 0. 0. 0. 0. 0. 0. 0. 0.
  0. 0. 0. 0. 0. 0. 0. 0. 0. 0. 0. 0. 0. 0. 0. 0. 0. 0. 0. 0. 0. 0. 0. 0.
  0. 0. 0. 0. 0. 0. 0. 0. 0. 0. 0. 0. 0. 0. 0. 0. 0. 0. 0. 0. 0. 0. 0. 0.
  0. 0. 0. 0.]
 [1. 0. 0. 0. 1. 0. 0. 1. 0. 0. 1. 0. 1. 1. 1. 1. 1. 1. 1. 0. 0. 0. 0. 0.
  0. 0. 0. 0. 0. 0. 0. 0. 0. 0. 0. 0. 0. 0. 0. 0. 0. 0. 0. 0. 0. 0. 0. 0.
  0. 0. 0. 0. 0. 0. 0. 0. 0. 0. 0. 0. 0. 0. 0. 0. 0. 0. 0. 0. 0. 0. 0. 0.
  0. 0. 0. 0. 0. 0. 0. 0. 0. 0. 0. 0. 0. 0. 0. 0. 0. 0. 0. 0. 0. 0. 0. 0.
  0. 0. 0. 0.]
 [0. 1. 0. 1. 0. 0. 1. 1. 1. 0. 0. 0. 0. 0. 1. 1. 1. 0. 1. 1. 0. 0. 0. 0.
  0. 0. 0. 0. 0. 0. 0. 0. 0. 0. 0. 0. 0. 0. 0. 0. 0. 0. 0. 0. 0. 0. 0. 0.
  0. 0. 0. 0. 0. 0. 0. 0. 0. 0. 0. 0. 0. 0. 0. 0. 0. 0. 0. 0. 0. 0. 0. 0.
  0. 0. 0. 0. 0. 0. 0. 0. 0. 0. 0. 0. 0. 0. 0. 0. 0. 0. 0. 0. 0. 0. 0. 0.
  0. 0. 0. 0.]
 [1. 1. 1. 1. 1. 1. 1. 1. 0. 0. 1. 1. 0. 0. 1. 1. 0. 1. 1. 1. 0. 0. 0. 0.
  0. 0. 0. 0. 0. 0. 0. 0. 0. 0. 0. 0. 0. 0. 0. 0. 0. 0. 0. 0. 0. 0. 0. 0.
  0. 0. 0. 0. 0. 0. 0. 0. 0. 0. 0. 0. 0. 0. 0. 0. 0. 0. 0. 0. 0. 0. 0. 0.
  0. 0. 0. 0. 0. 0. 0. 0. 0. 0. 0. 0. 0. 0. 0. 0. 0. 0. 0. 0. 0. 0. 0. 0.
  0. 0. 0. 0.]
 [1. 0. 0. 0. 1. 1. 1. 1. 1. 0. 0. 1. 0. 0. 0. 1. 0. 0. 1. 1. 0. 0. 0. 0.
  0. 0. 0. 0. 0. 0. 0. 0. 0. 0. 0. 0. 0. 0. 0. 0. 0. 0. 0. 0. 0. 0. 0. 0.
  0. 0. 0. 0. 0. 0. 0. 0. 0. 0. 0. 0. 0. 0. 0. 0. 0. 0. 0. 0. 0. 0. 0. 0.
  0. 0. 0. 0. 0. 0. 0. 0. 0. 0. 0. 0. 0. 0. 0. 0. 0. 0. 0. 0. 0. 0. 0. 0.
  0. 0. 0. 0.]
 [0. 1. 1. 1. 0. 0. 0. 1. 1. 0. 0. 1. 0. 1. 0. 1. 1. 1. 1. 0. 0. 0. 0. 0.
  0. 0. 0. 0. 0. 0. 0. 0. 0. 0. 0. 0. 0. 0. 0. 0. 0. 0. 0. 0. 0. 0. 0. 0.
  0. 0. 0. 0. 0. 0. 0. 0. 0. 0. 0. 0. 0. 0. 0. 0. 0. 0. 0. 0. 0. 0. 0. 0.
  0. 0. 0. 0. 0. 0. 0. 0. 0. 0. 0. 0. 0. 0. 0. 0. 0. 0. 0. 0. 0. 0. 0. 0.
  0. 0. 0. 0.]
 [0. 0. 1. 0. 0. 0. 0. 0. 1. 0. 1. 1. 1. 0. 1. 0. 1. 1. 1. 1. 0. 0. 0. 0.
  0. 0. 0. 0. 0. 0. 0. 0. 0. 0. 0. 0. 0. 0. 0. 0. 0. 0. 0. 0. 0. 0. 0. 0.
  0. 0. 0. 0. 0. 0. 0. 0. 0. 0. 0. 0. 0. 0. 0. 0. 0. 0. 0. 0. 0. 0. 0. 0.
  0. 0. 0. 0. 0. 0. 0. 0. 0. 0. 0. 0. 0. 0. 0. 0. 0. 0. 0. 0. 0. 0. 0. 0.
  0. 0. 0. 0.]
 [1. 1. 0. 0. 1. 1. 1. 1. 1. 1. 1. 0. 1. 1. 0. 0. 0. 1. 1. 0. 0. 0. 0. 0.
  0. 0. 0. 0. 0. 0. 0. 0. 0. 0. 0. 0. 0. 0. 0. 0. 0. 0. 0. 0. 0. 0. 0. 0.
  0. 0. 0. 0. 0. 0. 0. 0. 0. 0. 0. 0. 0. 0. 0. 0. 0. 0. 0. 0. 0. 0. 0. 0.
  0. 0. 0. 0. 0. 0. 0. 0. 0. 0. 0. 0. 0. 0. 0. 0. 0. 0. 0. 0. 0. 0. 0. 0.
  0. 0. 0. 0.]
 [1. 0. 0. 0. 1. 1. 0. 1. 1. 1. 1. 0. 0. 1. 1. 1. 0. 1. 1. 0. 0. 0. 0. 0.
  0. 0. 0. 0. 0. 0. 0. 0. 0. 0. 0. 0. 0. 0. 0. 0. 0. 0. 0. 0. 0. 0. 0. 0.
  0. 0. 0. 0. 0. 0. 0. 0. 0. 0. 0. 0. 0. 0. 0. 0. 0. 0. 0. 0. 0. 0. 0. 0.
  0. 0. 0. 0. 0. 0. 0. 0. 0. 0. 0. 0. 0. 0. 0. 0. 0. 0. 0. 0. 0. 0. 0. 0.
  0. 0. 0. 0.]
 [1. 1. 0. 1. 0. 1. 1. 0. 1. 1. 1. 0. 1. 0. 0. 0. 0. 1. 0. 1. 0. 0. 0. 0.
  0. 0. 0. 0. 0. 0. 0. 0. 0. 0. 0. 0. 0. 0. 0. 0. 0. 0. 0. 0. 0. 0. 0. 0.
  0. 0. 0. 0. 0. 0. 0. 0. 0. 0. 0. 0. 0. 0. 0. 0. 0. 0. 0. 0. 0. 0. 0. 0.
  0. 0. 0. 0. 0. 0. 0. 0. 0. 0. 0. 0. 0. 0. 0. 0. 0. 0. 0. 0. 0. 0. 0. 0.
  0. 0. 0. 0.]
 [1. 1. 1. 0. 0. 0. 1. 1. 0. 1. 1. 1. 1. 1. 1. 1. 1. 0. 0. 1. 0. 0. 0. 0.
  0. 0. 0. 0. 0. 0. 0. 0. 0. 0. 0. 0. 0. 0. 0. 0. 0. 0. 0. 0. 0. 0. 0. 0.
  0. 0. 0. 0. 0. 0. 0. 0. 0. 0. 0. 0. 0. 0. 0. 0. 0. 0. 0. 0. 0. 0. 0. 0.
  0. 0. 0. 0. 0. 0. 0. 0. 0. 0. 0. 0. 0. 0. 0. 0. 0. 0. 0. 0. 0. 0. 0. 0.
  0. 0. 0. 0.]
 [0. 1. 1. 1. 0. 0. 1. 0. 0. 0. 0. 0. 0. 0. 1. 1. 1. 1. 0. 1. 0. 0. 0. 0.
  0. 0. 0. 0. 0. 0. 0. 0. 0. 0. 0. 0. 0. 0. 0. 0. 0. 0. 0. 0. 0. 0. 0. 0.
  0. 0. 0. 0. 0. 0. 0. 0. 0. 0. 0. 0. 0. 0. 0. 0. 0. 0. 0. 0. 0. 0. 0. 0.
  0. 0. 0. 0. 0. 0. 0. 0. 0. 0. 0. 0. 0. 0. 0. 0. 0. 0. 0. 0. 0. 0. 0. 0.
  0. 0. 0. 0.]
 [0. 1. 1. 0. 1. 0. 1. 1. 1. 1. 0. 0. 1. 1. 1. 1. 0. 0. 1. 1. 0. 0. 0. 0.
  0. 0. 0. 0. 0. 0. 0. 0. 0. 0. 0. 0. 0. 0. 0. 0. 0. 0. 0. 0. 0. 0. 0. 0.
  0. 0. 0. 0. 0. 0. 0. 0. 0. 0. 0. 0. 0. 0. 0. 0. 0. 0. 0. 0. 0. 0. 0. 0.
  0. 0. 0. 0. 0. 0. 0. 0. 0. 0. 0. 0. 0. 0. 0. 0. 0. 0. 0. 0. 0. 0. 0. 0.
  0. 0. 0. 0.]
 [0. 0. 1. 0. 0. 1. 1. 0. 1. 1. 1. 1. 0. 0. 1. 1. 1. 0. 1. 0. 0. 0. 0. 0.
  0. 0. 0. 0. 0. 0. 0. 0. 0. 0. 0. 0. 0. 0. 0. 0. 0. 0. 0. 0. 0. 0. 0. 0.
  0. 0. 0. 0. 0. 0. 0. 0. 0. 0. 0. 0. 0. 0. 0. 0. 0. 0. 0. 0. 0. 0. 0. 0.
  0. 0. 0. 0. 0. 0. 0. 0. 0. 0. 0. 0. 0. 0. 0. 0. 0. 0. 0. 0. 0. 0. 0. 0.
  0. 0. 0. 0.]
 [1. 1. 0. 1. 0. 0. 0. 1. 1. 0. 1. 0. 1. 1. 1. 0. 0. 0. 1. 1. 0. 0. 0. 0.
  0. 0. 0. 0. 0. 0. 0. 0. 0. 0. 0. 0. 0. 0. 0. 0. 0. 0. 0. 0. 0. 0. 0. 0.
  0. 0. 0. 0. 0. 0. 0. 0. 0. 0. 0. 0. 0. 0. 0. 0. 0. 0. 0. 0. 0. 0. 0. 0.
  0. 0. 0. 0. 0. 0. 0. 0. 0. 0. 0. 0. 0. 0. 0. 0. 0. 0. 0. 0. 0. 0. 0. 0.
  0. 0. 0. 0.]
 [0. 1. 1. 0. 1. 1. 1. 1. 1. 0. 0. 1. 1. 1. 1. 1. 0. 1. 1. 0. 0. 0. 0. 0.
  0. 0. 0. 0. 0. 0. 0. 0. 0. 0. 0. 0. 0. 0. 0. 0. 0. 0. 0. 0. 0. 0. 0. 0.
  0. 0. 0. 0. 0. 0. 0. 0. 0. 0. 0. 0. 0. 0. 0. 0. 0. 0. 0. 0. 0. 0. 0. 0.
  0. 0. 0. 0. 0. 0. 0. 0. 0. 0. 0. 0. 0. 0. 0. 0. 0. 0. 0. 0. 0. 0. 0. 0.
  0. 0. 0. 0.]
 [1. 1. 1. 0. 1. 0. 0. 1. 0. 0. 0. 0. 0. 1. 1. 1. 0. 0. 1. 1. 0. 0. 0. 0.
  0. 0. 0. 0. 0. 0. 0. 0. 0. 0. 0. 0. 0. 0. 0. 0. 0. 0. 0. 0. 0. 0. 0. 0.
  0. 0. 0. 0. 0. 0. 0. 0. 0. 0. 0. 0. 0. 0. 0. 0. 0. 0. 0. 0. 0. 0. 0. 0.
  0. 0. 0. 0. 0. 0. 0. 0. 0. 0. 0. 0. 0. 0. 0. 0. 0. 0. 0. 0. 0. 0. 0. 0.
  0. 0. 0. 0.]
 [0. 0. 1. 1. 0. 0. 0. 0. 0. 0. 1. 0. 1. 1. 1. 0. 1. 0. 0. 1. 0. 0. 0. 0.
  0. 0. 0. 0. 0. 0. 0. 0. 0. 0. 0. 0. 0. 0. 0. 0. 0. 0. 0. 0. 0. 0. 0. 0.
  0. 0. 0. 0. 0. 0. 0. 0. 0. 0. 0. 0. 0. 0. 0. 0. 0. 0. 0. 0. 0. 0. 0. 0.
  0. 0. 0. 0. 0. 0. 0. 0. 0. 0. 0. 0. 0. 0. 0. 0. 0. 0. 0. 0. 0. 0. 0. 0.
  0. 0. 0. 0.]
 [1. 1. 1. 0. 0. 1. 0. 1. 1. 0. 0. 1. 1. 0. 1. 0. 1. 1. 1. 0. 0. 0. 0. 0.
  0. 0. 0. 0. 0. 0. 0. 0. 0. 0. 0. 0. 0. 0. 0. 0. 0. 0. 0. 0. 0. 0. 0. 0.
  0. 0. 0. 0. 0. 0. 0. 0. 0. 0. 0. 0. 0. 0. 0. 0. 0. 0. 0. 0. 0. 0. 0. 0.
  0. 0. 0. 0. 0. 0. 0. 0. 0. 0. 0. 0. 0. 0. 0. 0. 0. 0. 0. 0. 0. 0. 0. 0.
  0. 0. 0. 0.]
 [0. 0. 0. 0. 1. 0. 1. 1. 0. 0. 0. 1. 1. 0. 1. 0. 0. 1. 0. 1. 0. 0. 0. 0.
  0. 0. 0. 0. 0. 0. 0. 0. 0. 0. 0. 0. 0. 0. 0. 0. 0. 0. 0. 0. 0. 0. 0. 0.
  0. 0. 0. 0. 0. 0. 0. 0. 0. 0. 0. 0. 0. 0. 0. 0. 0. 0. 0. 0. 0. 0. 0. 0.
  0. 0. 0. 0. 0. 0. 0. 0. 0. 0. 0. 0. 0. 0. 0. 0. 0. 0. 0. 0. 0. 0. 0. 0.
  0. 0. 0. 0.]
 [1. 1. 0. 1. 0. 0. 1. 1. 0. 1. 0. 1. 0. 1. 1. 0. 1. 1. 1. 1. 0. 0. 0. 0.
  0. 0. 0. 0. 0. 0. 0. 0. 0. 0. 0. 0. 0. 0. 0. 0. 0. 0. 0. 0. 0. 0. 0. 0.
  0. 0. 0. 0. 0. 0. 0. 0. 0. 0. 0. 0. 0. 0. 0. 0. 0. 0. 0. 0. 0. 0. 0. 0.
  0. 0. 0. 0. 0. 0. 0. 0. 0. 0. 0. 0. 0. 0. 0. 0. 0. 0. 0. 0. 0. 0. 0. 0.
  0. 0. 0. 0.]
 [1. 1. 0. 0. 1. 0. 1. 1. 1. 0. 0. 1. 0. 1. 0. 0. 1. 1. 0. 0. 0. 0. 0. 0.
  0. 0. 0. 0. 0. 0. 0. 0. 0. 0. 0. 0. 0. 0. 0. 0. 0. 0. 0. 0. 0. 0. 0. 0.
  0. 0. 0. 0. 0. 0. 0. 0. 0. 0. 0. 0. 0. 0. 0. 0. 0. 0. 0. 0. 0. 0. 0. 0.
  0. 0. 0. 0. 0. 0. 0. 0. 0. 0. 0. 0. 0. 0. 0. 0. 0. 0. 0. 0. 0. 0. 0. 0.
  0. 0. 0. 0.]
 [1. 0. 0. 1. 0. 1. 1. 0. 1. 1. 0. 1. 0. 1. 1. 0. 0. 0. 0. 1. 0. 0. 0. 0.
  0. 0. 0. 0. 0. 0. 0. 0. 0. 0. 0. 0. 0. 0. 0. 0. 0. 0. 0. 0. 0. 0. 0. 0.
  0. 0. 0. 0. 0. 0. 0. 0. 0. 0. 0. 0. 0. 0. 0. 0. 0. 0. 0. 0. 0. 0. 0. 0.
  0. 0. 0. 0. 0. 0. 0. 0. 0. 0. 0. 0. 0. 0. 0. 0. 0. 0. 0. 0. 0. 0. 0. 0.
  0. 0. 0. 0.]
 [1. 1. 0. 1. 0. 0. 0. 1. 0. 1. 0. 1. 0. 1. 0. 1. 1. 0. 0. 0. 0. 0. 0. 0.
  0. 0. 0. 0. 0. 0. 0. 0. 0. 0. 0. 0. 0. 0. 0. 0. 0. 0. 0. 0. 0. 0. 0. 0.
  0. 0. 0. 0. 0. 0. 0. 0. 0. 0. 0. 0. 0. 0. 0. 0. 0. 0. 0. 0. 0. 0. 0. 0.
  0. 0. 0. 0. 0. 0. 0. 0. 0. 0. 0. 0. 0. 0. 0. 0. 0. 0. 0. 0. 0. 0. 0. 0.
  0. 0. 0. 0.]
 [0. 1. 0. 1. 0. 1. 1. 0. 1. 1. 1. 1. 1. 1. 1. 0. 0. 0. 1. 0. 0. 0. 0. 0.
  0. 0. 0. 0. 0. 0. 0. 0. 0. 0. 0. 0. 0. 0. 0. 0. 0. 0. 0. 0. 0. 0. 0. 0.
  0. 0. 0. 0. 0. 0. 0. 0. 0. 0. 0. 0. 0. 0. 0. 0. 0. 0. 0. 0. 0. 0. 0. 0.
  0. 0. 0. 0. 0. 0. 0. 0. 0. 0. 0. 0. 0. 0. 0. 0. 0. 0. 0. 0. 0. 0. 0. 0.
  0. 0. 0. 0.]
 [0. 0. 0. 1. 1. 0. 0. 0. 1. 0. 1. 0. 0. 1. 0. 0. 0. 1. 0. 1. 0. 0. 0. 0.
  0. 0. 0. 0. 0. 0. 0. 0. 0. 0. 0. 0. 0. 0. 0. 0. 0. 0. 0. 0. 0. 0. 0. 0.
  0. 0. 0. 0. 0. 0. 0. 0. 0. 0. 0. 0. 0. 0. 0. 0. 0. 0. 0. 0. 0. 0. 0. 0.
  0. 0. 0. 0. 0. 0. 0. 0. 0. 0. 0. 0. 0. 0. 0. 0. 0. 0. 0. 0. 0. 0. 0. 0.
  0. 0. 0. 0.]
 [0. 1. 1. 1. 1. 1. 1. 0. 1. 0. 0. 1. 1. 0. 0. 1. 0. 1. 0. 1. 0. 0. 0. 0.
  0. 0. 0. 0. 0. 0. 0. 0. 0. 0. 0. 0. 0. 0. 0. 0. 0. 0. 0. 0. 0. 0. 0. 0.
  0. 0. 0. 0. 0. 0. 0. 0. 0. 0. 0. 0. 0. 0. 0. 0. 0. 0. 0. 0. 0. 0. 0. 0.
  0. 0. 0. 0. 0. 0. 0. 0. 0. 0. 0. 0. 0. 0. 0. 0. 0. 0. 0. 0. 0. 0. 0. 0.
  0. 0. 0. 0.]
 [1. 0. 1. 0. 1. 0. 0. 1. 1. 0. 1. 0. 1. 0. 0. 0. 0. 1. 1. 0. 0. 0. 0. 0.
  0. 0. 0. 0. 0. 0. 0. 0. 0. 0. 0. 0. 0. 0. 0. 0. 0. 0. 0. 0. 0. 0. 0. 0.
  0. 0. 0. 0. 0. 0. 0. 0. 0. 0. 0. 0. 0. 0. 0. 0. 0. 0. 0. 0. 0. 0. 0. 0.
  0. 0. 0. 0. 0. 0. 0. 0. 0. 0. 0. 0. 0. 0. 0. 0. 0. 0. 0. 0. 0. 0. 0. 0.
  0. 0. 0. 0.]
 [1. 1. 1. 0. 1. 1. 1. 0. 0. 0. 0. 0. 0. 1. 0. 0. 0. 0. 1. 0. 0. 0. 0. 0.
  0. 0. 0. 0. 0. 0. 0. 0. 0. 0. 0. 0. 0. 0. 0. 0. 0. 0. 0. 0. 0. 0. 0. 0.
  0. 0. 0. 0. 0. 0. 0. 0. 0. 0. 0. 0. 0. 0. 0. 0. 0. 0. 0. 0. 0. 0. 0. 0.
  0. 0. 0. 0. 0. 0. 0. 0. 0. 0. 0. 0. 0. 0. 0. 0. 0. 0. 0. 0. 0. 0. 0. 0.
  0. 0. 0. 0.]
 [1. 1. 1. 0. 0. 0. 0. 0. 1. 1. 1. 0. 1. 0. 0. 1. 1. 1. 0. 1. 0. 0. 0. 0.
  0. 0. 0. 0. 0. 0. 0. 0. 0. 0. 0. 0. 0. 0. 0. 0. 0. 0. 0. 0. 0. 0. 0. 0.
  0. 0. 0. 0. 0. 0. 0. 0. 0. 0. 0. 0. 0. 0. 0. 0. 0. 0. 0. 0. 0. 0. 0. 0.
  0. 0. 0. 0. 0. 0. 0. 0. 0. 0. 0. 0. 0. 0. 0. 0. 0. 0. 0. 0. 0. 0. 0. 0.
  0. 0. 0. 0.]
 [0. 1. 1. 1. 0. 0. 0. 1. 1. 1. 1. 0. 0. 0. 0. 0. 0. 0. 1. 0. 0. 0. 0. 0.
  0. 0. 0. 0. 0. 0. 0. 0. 0. 0. 0. 0. 0. 0. 0. 0. 0. 0. 0. 0. 0. 0. 0. 0.
  0. 0. 0. 0. 0. 0. 0. 0. 0. 0. 0. 0. 0. 0. 0. 0. 0. 0. 0. 0. 0. 0. 0. 0.
  0. 0. 0. 0. 0. 0. 0. 0. 0. 0. 0. 0. 0. 0. 0. 0. 0. 0. 0. 0. 0. 0. 0. 0.
  0. 0. 0. 0.]
 [0. 0. 1. 1. 1. 0. 1. 1. 0. 0. 0. 0. 0. 0. 0. 0. 1. 0. 1. 1. 0. 0. 0. 0.
  0. 0. 0. 0. 0. 0. 0. 0. 0. 0. 0. 0. 0. 0. 0. 0. 0. 0. 0. 0. 0. 0. 0. 0.
  0. 0. 0. 0. 0. 0. 0. 0. 0. 0. 0. 0. 0. 0. 0. 0. 0. 0. 0. 0. 0. 0. 0. 0.
  0. 0. 0. 0. 0. 0. 0. 0. 0. 0. 0. 0. 0. 0. 0. 0. 0. 0. 0. 0. 0. 0. 0. 0.
  0. 0. 0. 0.]
 [1. 1. 1. 1. 1. 0. 0. 0. 1. 1. 0. 1. 0. 0. 1. 1. 0. 1. 1. 0. 0. 0. 0. 0.
  0. 0. 0. 0. 0. 0. 0. 0. 0. 0. 0. 0. 0. 0. 0. 0. 0. 0. 0. 0. 0. 0. 0. 0.
  0. 0. 0. 0. 0. 0. 0. 0. 0. 0. 0. 0. 0. 0. 0. 0. 0. 0. 0. 0. 0. 0. 0. 0.
  0. 0. 0. 0. 0. 0. 0. 0. 0. 0. 0. 0. 0. 0. 0. 0. 0. 0. 0. 0. 0. 0. 0. 0.
  0. 0. 0. 0.]
 [1. 0. 0. 1. 0. 1. 1. 1. 1. 0. 1. 1. 0. 0. 1. 1. 1. 1. 1. 1. 0. 0. 0. 0.
  0. 0. 0. 0. 0. 0. 0. 0. 0. 0. 0. 0. 0. 0. 0. 0. 0. 0. 0. 0. 0. 0. 0. 0.
  0. 0. 0. 0. 0. 0. 0. 0. 0. 0. 0. 0. 0. 0. 0. 0. 0. 0. 0. 0. 0. 0. 0. 0.
  0. 0. 0. 0. 0. 0. 0. 0. 0. 0. 0. 0. 0. 0. 0. 0. 0. 0. 0. 0. 0. 0. 0. 0.
  0. 0. 0. 0.]
 [1. 1. 1. 0. 0. 0. 1. 1. 1. 0. 0. 1. 1. 1. 0. 1. 0. 1. 0. 0. 0. 0. 0. 0.
  0. 0. 0. 0. 0. 0. 0. 0. 0. 0. 0. 0. 0. 0. 0. 0. 0. 0. 0. 0. 0. 0. 0. 0.
  0. 0. 0. 0. 0. 0. 0. 0. 0. 0. 0. 0. 0. 0. 0. 0. 0. 0. 0. 0. 0. 0. 0. 0.
  0. 0. 0. 0. 0. 0. 0. 0. 0. 0. 0. 0. 0. 0. 0. 0. 0. 0. 0. 0. 0. 0. 0. 0.
  0. 0. 0. 0.]
 [0. 1. 1. 0. 1. 1. 1. 1. 0. 1. 1. 0. 1. 0. 0. 1. 0. 1. 0. 0. 0. 0. 0. 0.
  0. 0. 0. 0. 0. 0. 0. 0. 0. 0. 0. 0. 0. 0. 0. 0. 0. 0. 0. 0. 0. 0. 0. 0.
  0. 0. 0. 0. 0. 0. 0. 0. 0. 0. 0. 0. 0. 0. 0. 0. 0. 0. 0. 0. 0. 0. 0. 0.
  0. 0. 0. 0. 0. 0. 0. 0. 0. 0. 0. 0. 0. 0. 0. 0. 0. 0. 0. 0. 0. 0. 0. 0.
  0. 0. 0. 0.]
 [1. 1. 1. 0. 0. 1. 0. 1. 1. 1. 0. 0. 0. 1. 1. 0. 1. 0. 0. 0. 0. 0. 0. 0.
  0. 0. 0. 0. 0. 0. 0. 0. 0. 0. 0. 0. 0. 0. 0. 0. 0. 0. 0. 0. 0. 0. 0. 0.
  0. 0. 0. 0. 0. 0. 0. 0. 0. 0. 0. 0. 0. 0. 0. 0. 0. 0. 0. 0. 0. 0. 0. 0.
  0. 0. 0. 0. 0. 0. 0. 0. 0. 0. 0. 0. 0. 0. 0. 0. 0. 0. 0. 0. 0. 0. 0. 0.
  0. 0. 0. 0.]
 [0. 1. 0. 1. 0. 0. 1. 1. 0. 0. 0. 1. 1. 0. 0. 1. 0. 0. 1. 1. 0. 0. 0. 0.
  0. 0. 0. 0. 0. 0. 0. 0. 0. 0. 0. 0. 0. 0. 0. 0. 0. 0. 0. 0. 0. 0. 0. 0.
  0. 0. 0. 0. 0. 0. 0. 0. 0. 0. 0. 0. 0. 0. 0. 0. 0. 0. 0. 0. 0. 0. 0. 0.
  0. 0. 0. 0. 0. 0. 0. 0. 0. 0. 0. 0. 0. 0. 0. 0. 0. 0. 0. 0. 0. 0. 0. 0.
  0. 0. 0. 0.]
 [0. 1. 1. 1. 0. 0. 1. 1. 0. 1. 1. 0. 1. 1. 0. 0. 1. 1. 0. 0. 0. 0. 0. 0.
  0. 0. 0. 0. 0. 0. 0. 0. 0. 0. 0. 0. 0. 0. 0. 0. 0. 0. 0. 0. 0. 0. 0. 0.
  0. 0. 0. 0. 0. 0. 0. 0. 0. 0. 0. 0. 0. 0. 0. 0. 0. 0. 0. 0. 0. 0. 0. 0.
  0. 0. 0. 0. 0. 0. 0. 0. 0. 0. 0. 0. 0. 0. 0. 0. 0. 0. 0. 0. 0. 0. 0. 0.
  0. 0. 0. 0.]
 [0. 1. 0. 0. 0. 0. 1. 1. 1. 1. 0. 1. 1. 0. 1. 1. 0. 0. 0. 0. 0. 0. 0. 0.
  0. 0. 0. 0. 0. 0. 0. 0. 0. 0. 0. 0. 0. 0. 0. 0. 0. 0. 0. 0. 0. 0. 0. 0.
  0. 0. 0. 0. 0. 0. 0. 0. 0. 0. 0. 0. 0. 0. 0. 0. 0. 0. 0. 0. 0. 0. 0. 0.
  0. 0. 0. 0. 0. 0. 0. 0. 0. 0. 0. 0. 0. 0. 0. 0. 0. 0. 0. 0. 0. 0. 0. 0.
  0. 0. 0. 0.]
 [1. 1. 1. 0. 1. 0. 0. 1. 1. 0. 0. 1. 0. 1. 0. 1. 0. 0. 1. 1. 0. 0. 0. 0.
  0. 0. 0. 0. 0. 0. 0. 0. 0. 0. 0. 0. 0. 0. 0. 0. 0. 0. 0. 0. 0. 0. 0. 0.
  0. 0. 0. 0. 0. 0. 0. 0. 0. 0. 0. 0. 0. 0. 0. 0. 0. 0. 0. 0. 0. 0. 0. 0.
  0. 0. 0. 0. 0. 0. 0. 0. 0. 0. 0. 0. 0. 0. 0. 0. 0. 0. 0. 0. 0. 0. 0. 0.
  0. 0. 0. 0.]
 [0. 0. 0. 0. 1. 0. 1. 0. 1. 1. 1. 1. 0. 1. 0. 0. 0. 0. 1. 1. 0. 0. 0. 0.
  0. 0. 0. 0. 0. 0. 0. 0. 0. 0. 0. 0. 0. 0. 0. 0. 0. 0. 0. 0. 0. 0. 0. 0.
  0. 0. 0. 0. 0. 0. 0. 0. 0. 0. 0. 0. 0. 0. 0. 0. 0. 0. 0. 0. 0. 0. 0. 0.
  0. 0. 0. 0. 0. 0. 0. 0. 0. 0. 0. 0. 0. 0. 0. 0. 0. 0. 0. 0. 0. 0. 0. 0.
  0. 0. 0. 0.]
 [0. 0. 0. 0. 1. 0. 1. 0. 1. 1. 0. 0. 0. 1. 1. 0. 0. 1. 1. 0. 0. 0. 0. 0.
  0. 0. 0. 0. 0. 0. 0. 0. 0. 0. 0. 0. 0. 0. 0. 0. 0. 0. 0. 0. 0. 0. 0. 0.
  0. 0. 0. 0. 0. 0. 0. 0. 0. 0. 0. 0. 0. 0. 0. 0. 0. 0. 0. 0. 0. 0. 0. 0.
  0. 0. 0. 0. 0. 0. 0. 0. 0. 0. 0. 0. 0. 0. 0. 0. 0. 0. 0. 0. 0. 0. 0. 0.
  0. 0. 0. 0.]
 [0. 0. 1. 1. 1. 1. 0. 1. 0. 0. 0. 1. 0. 1. 0. 1. 0. 1. 1. 0. 0. 0. 0. 0.
  0. 0. 0. 0. 0. 0. 0. 0. 0. 0. 0. 0. 0. 0. 0. 0. 0. 0. 0. 0. 0. 0. 0. 0.
  0. 0. 0. 0. 0. 0. 0. 0. 0. 0. 0. 0. 0. 0. 0. 0. 0. 0. 0. 0. 0. 0. 0. 0.
  0. 0. 0. 0. 0. 0. 0. 0. 0. 0. 0. 0. 0. 0. 0. 0. 0. 0. 0. 0. 0. 0. 0. 0.
  0. 0. 0. 0.]
 [0. 0. 0. 1. 0. 1. 0. 1. 1. 1. 0. 0. 0. 0. 1. 1. 0. 0. 1. 1. 0. 0. 0. 0.
  0. 0. 0. 0. 0. 0. 0. 0. 0. 0. 0. 0. 0. 0. 0. 0. 0. 0. 0. 0. 0. 0. 0. 0.
  0. 0. 0. 0. 0. 0. 0. 0. 0. 0. 0. 0. 0. 0. 0. 0. 0. 0. 0. 0. 0. 0. 0. 0.
  0. 0. 0. 0. 0. 0. 0. 0. 0. 0. 0. 0. 0. 0. 0. 0. 0. 0. 0. 0. 0. 0. 0. 0.
  0. 0. 0. 0.]
 [0. 1. 0. 1. 1. 1. 0. 1. 0. 1. 0. 0. 0. 1. 0. 1. 0. 1. 1. 0. 0. 0. 0. 0.
  0. 0. 0. 0. 0. 0. 0. 0. 0. 0. 0. 0. 0. 0. 0. 0. 0. 0. 0. 0. 0. 0. 0. 0.
  0. 0. 0. 0. 0. 0. 0. 0. 0. 0. 0. 0. 0. 0. 0. 0. 0. 0. 0. 0. 0. 0. 0. 0.
  0. 0. 0. 0. 0. 0. 0. 0. 0. 0. 0. 0. 0. 0. 0. 0. 0. 0. 0. 0. 0. 0. 0. 0.
  0. 0. 0. 0.]
 [1. 1. 1. 1. 1. 1. 1. 1. 1. 1. 0. 0. 1. 1. 0. 1. 1. 0. 1. 1. 0. 0. 0. 0.
  0. 0. 0. 0. 0. 0. 0. 0. 0. 0. 0. 0. 0. 0. 0. 0. 0. 0. 0. 0. 0. 0. 0. 0.
  0. 0. 0. 0. 0. 0. 0. 0. 0. 0. 0. 0. 0. 0. 0. 0. 0. 0. 0. 0. 0. 0. 0. 0.
  0. 0. 0. 0. 0. 0. 0. 0. 0. 0. 0. 0. 0. 0. 0. 0. 0. 0. 0. 0. 0. 0. 0. 0.
  0. 0. 0. 0.]
 [0. 1. 1. 1. 1. 0. 1. 0. 0. 0. 0. 1. 1. 1. 0. 1. 0. 1. 1. 1. 0. 0. 0. 0.
  0. 0. 0. 0. 0. 0. 0. 0. 0. 0. 0. 0. 0. 0. 0. 0. 0. 0. 0. 0. 0. 0. 0. 0.
  0. 0. 0. 0. 0. 0. 0. 0. 0. 0. 0. 0. 0. 0. 0. 0. 0. 0. 0. 0. 0. 0. 0. 0.
  0. 0. 0. 0. 0. 0. 0. 0. 0. 0. 0. 0. 0. 0. 0. 0. 0. 0. 0. 0. 0. 0. 0. 0.
  0. 0. 0. 0.]
 [1. 1. 1. 0. 0. 0. 0. 1. 1. 0. 1. 1. 0. 1. 1. 1. 1. 1. 0. 1. 0. 0. 0. 0.
  0. 0. 0. 0. 0. 0. 0. 0. 0. 0. 0. 0. 0. 0. 0. 0. 0. 0. 0. 0. 0. 0. 0. 0.
  0. 0. 0. 0. 0. 0. 0. 0. 0. 0. 0. 0. 0. 0. 0. 0. 0. 0. 0. 0. 0. 0. 0. 0.
  0. 0. 0. 0. 0. 0. 0. 0. 0. 0. 0. 0. 0. 0. 0. 0. 0. 0. 0. 0. 0. 0. 0. 0.
  0. 0. 0. 0.]
 [1. 0. 1. 1. 1. 0. 1. 0. 0. 0. 1. 0. 0. 1. 1. 1. 1. 0. 0. 1. 0. 0. 0. 0.
  0. 0. 0. 0. 0. 0. 0. 0. 0. 0. 0. 0. 0. 0. 0. 0. 0. 0. 0. 0. 0. 0. 0. 0.
  0. 0. 0. 0. 0. 0. 0. 0. 0. 0. 0. 0. 0. 0. 0. 0. 0. 0. 0. 0. 0. 0. 0. 0.
  0. 0. 0. 0. 0. 0. 0. 0. 0. 0. 0. 0. 0. 0. 0. 0. 0. 0. 0. 0. 0. 0. 0. 0.
  0. 0. 0. 0.]
 [0. 0. 0. 1. 1. 0. 1. 0. 0. 1. 1. 1. 1. 1. 1. 1. 0. 1. 1. 0. 0. 0. 0. 0.
  0. 0. 0. 0. 0. 0. 0. 0. 0. 0. 0. 0. 0. 0. 0. 0. 0. 0. 0. 0. 0. 0. 0. 0.
  0. 0. 0. 0. 0. 0. 0. 0. 0. 0. 0. 0. 0. 0. 0. 0. 0. 0. 0. 0. 0. 0. 0. 0.
  0. 0. 0. 0. 0. 0. 0. 0. 0. 0. 0. 0. 0. 0. 0. 0. 0. 0. 0. 0. 0. 0. 0. 0.
  0. 0. 0. 0.]
 [0. 1. 0. 0. 0. 1. 0. 0. 1. 1. 1. 0. 0. 1. 1. 1. 0. 1. 1. 0. 0. 0. 0. 0.
  0. 0. 0. 0. 0. 0. 0. 0. 0. 0. 0. 0. 0. 0. 0. 0. 0. 0. 0. 0. 0. 0. 0. 0.
  0. 0. 0. 0. 0. 0. 0. 0. 0. 0. 0. 0. 0. 0. 0. 0. 0. 0. 0. 0. 0. 0. 0. 0.
  0. 0. 0. 0. 0. 0. 0. 0. 0. 0. 0. 0. 0. 0. 0. 0. 0. 0. 0. 0. 0. 0. 0. 0.
  0. 0. 0. 0.]
 [1. 1. 0. 1. 0. 0. 1. 0. 1. 0. 0. 0. 0. 1. 1. 0. 1. 1. 0. 0. 0. 0. 0. 0.
  0. 0. 0. 0. 0. 0. 0. 0. 0. 0. 0. 0. 0. 0. 0. 0. 0. 0. 0. 0. 0. 0. 0. 0.
  0. 0. 0. 0. 0. 0. 0. 0. 0. 0. 0. 0. 0. 0. 0. 0. 0. 0. 0. 0. 0. 0. 0. 0.
  0. 0. 0. 0. 0. 0. 0. 0. 0. 0. 0. 0. 0. 0. 0. 0. 0. 0. 0. 0. 0. 0. 0. 0.
  0. 0. 0. 0.]
 [1. 1. 0. 0. 0. 1. 0. 0. 1. 1. 1. 0. 0. 0. 0. 0. 0. 1. 0. 0. 0. 0. 0. 0.
  0. 0. 0. 0. 0. 0. 0. 0. 0. 0. 0. 0. 0. 0. 0. 0. 0. 0. 0. 0. 0. 0. 0. 0.
  0. 0. 0. 0. 0. 0. 0. 0. 0. 0. 0. 0. 0. 0. 0. 0. 0. 0. 0. 0. 0. 0. 0. 0.
  0. 0. 0. 0. 0. 0. 0. 0. 0. 0. 0. 0. 0. 0. 0. 0. 0. 0. 0. 0. 0. 0. 0. 0.
  0. 0. 0. 0.]
 [1. 1. 1. 1. 1. 1. 0. 1. 0. 1. 1. 1. 0. 1. 0. 0. 1. 1. 1. 0. 0. 0. 0. 0.
  0. 0. 0. 0. 0. 0. 0. 0. 0. 0. 0. 0. 0. 0. 0. 0. 0. 0. 0. 0. 0. 0. 0. 0.
  0. 0. 0. 0. 0. 0. 0. 0. 0. 0. 0. 0. 0. 0. 0. 0. 0. 0. 0. 0. 0. 0. 0. 0.
  0. 0. 0. 0. 0. 0. 0. 0. 0. 0. 0. 0. 0. 0. 0. 0. 0. 0. 0. 0. 0. 0. 0. 0.
  0. 0. 0. 0.]
 [0. 0. 0. 0. 0. 0. 0. 1. 0. 1. 1. 1. 0. 0. 0. 1. 0. 1. 1. 1. 0. 0. 0. 0.
  0. 0. 0. 0. 0. 0. 0. 0. 0. 0. 0. 0. 0. 0. 0. 0. 0. 0. 0. 0. 0. 0. 0. 0.
  0. 0. 0. 0. 0. 0. 0. 0. 0. 0. 0. 0. 0. 0. 0. 0. 0. 0. 0. 0. 0. 0. 0. 0.
  0. 0. 0. 0. 0. 0. 0. 0. 0. 0. 0. 0. 0. 0. 0. 0. 0. 0. 0. 0. 0. 0. 0. 0.
  0. 0. 0. 0.]
 [0. 0. 0. 1. 1. 0. 0. 1. 0. 1. 0. 1. 0. 1. 1. 0. 1. 1. 1. 0. 0. 0. 0. 0.
  0. 0. 0. 0. 0. 0. 0. 0. 0. 0. 0. 0. 0. 0. 0. 0. 0. 0. 0. 0. 0. 0. 0. 0.
  0. 0. 0. 0. 0. 0. 0. 0. 0. 0. 0. 0. 0. 0. 0. 0. 0. 0. 0. 0. 0. 0. 0. 0.
  0. 0. 0. 0. 0. 0. 0. 0. 0. 0. 0. 0. 0. 0. 0. 0. 0. 0. 0. 0. 0. 0. 0. 0.
  0. 0. 0. 0.]
 [1. 0. 1. 1. 1. 1. 1. 1. 0. 0. 0. 0. 1. 0. 1. 0. 1. 1. 1. 0. 0. 0. 0. 0.
  0. 0. 0. 0. 0. 0. 0. 0. 0. 0. 0. 0. 0. 0. 0. 0. 0. 0. 0. 0. 0. 0. 0. 0.
  0. 0. 0. 0. 0. 0. 0. 0. 0. 0. 0. 0. 0. 0. 0. 0. 0. 0. 0. 0. 0. 0. 0. 0.
  0. 0. 0. 0. 0. 0. 0. 0. 0. 0. 0. 0. 0. 0. 0. 0. 0. 0. 0. 0. 0. 0. 0. 0.
  0. 0. 0. 0.]
 [0. 0. 0. 1. 1. 0. 1. 0. 0. 1. 0. 0. 1. 1. 1. 0. 1. 0. 0. 1. 0. 0. 0. 0.
  0. 0. 0. 0. 0. 0. 0. 0. 0. 0. 0. 0. 0. 0. 0. 0. 0. 0. 0. 0. 0. 0. 0. 0.
  0. 0. 0. 0. 0. 0. 0. 0. 0. 0. 0. 0. 0. 0. 0. 0. 0. 0. 0. 0. 0. 0. 0. 0.
  0. 0. 0. 0. 0. 0. 0. 0. 0. 0. 0. 0. 0. 0. 0. 0. 0. 0. 0. 0. 0. 0. 0. 0.
  0. 0. 0. 0.]
 [0. 0. 0. 1. 1. 1. 1. 0. 1. 0. 1. 1. 0. 1. 0. 1. 0. 0. 0. 1. 0. 0. 0. 0.
  0. 0. 0. 0. 0. 0. 0. 0. 0. 0. 0. 0. 0. 0. 0. 0. 0. 0. 0. 0. 0. 0. 0. 0.
  0. 0. 0. 0. 0. 0. 0. 0. 0. 0. 0. 0. 0. 0. 0. 0. 0. 0. 0. 0. 0. 0. 0. 0.
  0. 0. 0. 0. 0. 0. 0. 0. 0. 0. 0. 0. 0. 0. 0. 0. 0. 0. 0. 0. 0. 0. 0. 0.
  0. 0. 0. 0.]
 [0. 1. 1. 1. 1. 1. 0. 1. 1. 1. 0. 0. 1. 1. 0. 1. 1. 1. 1. 1. 0. 0. 0. 0.
  0. 0. 0. 0. 0. 0. 0. 0. 0. 0. 0. 0. 0. 0. 0. 0. 0. 0. 0. 0. 0. 0. 0. 0.
  0. 0. 0. 0. 0. 0. 0. 0. 0. 0. 0. 0. 0. 0. 0. 0. 0. 0. 0. 0. 0. 0. 0. 0.
  0. 0. 0. 0. 0. 0. 0. 0. 0. 0. 0. 0. 0. 0. 0. 0. 0. 0. 0. 0. 0. 0. 0. 0.
  0. 0. 0. 0.]
 [1. 0. 0. 1. 0. 0. 1. 1. 1. 1. 0. 1. 0. 1. 0. 0. 1. 1. 0. 1. 0. 0. 0. 0.
  0. 0. 0. 0. 0. 0. 0. 0. 0. 0. 0. 0. 0. 0. 0. 0. 0. 0. 0. 0. 0. 0. 0. 0.
  0. 0. 0. 0. 0. 0. 0. 0. 0. 0. 0. 0. 0. 0. 0. 0. 0. 0. 0. 0. 0. 0. 0. 0.
  0. 0. 0. 0. 0. 0. 0. 0. 0. 0. 0. 0. 0. 0. 0. 0. 0. 0. 0. 0. 0. 0. 0. 0.
  0. 0. 0. 0.]
 [1. 1. 0. 1. 0. 1. 1. 0. 0. 0. 0. 1. 0. 1. 0. 0. 1. 0. 1. 0. 0. 0. 0. 0.
  0. 0. 0. 0. 0. 0. 0. 0. 0. 0. 0. 0. 0. 0. 0. 0. 0. 0. 0. 0. 0. 0. 0. 0.
  0. 0. 0. 0. 0. 0. 0. 0. 0. 0. 0. 0. 0. 0. 0. 0. 0. 0. 0. 0. 0. 0. 0. 0.
  0. 0. 0. 0. 0. 0. 0. 0. 0. 0. 0. 0. 0. 0. 0. 0. 0. 0. 0. 0. 0. 0. 0. 0.
  0. 0. 0. 0.]
 [0. 0. 0. 0. 1. 0. 1. 0. 0. 1. 1. 0. 1. 1. 0. 0. 0. 1. 0. 1. 0. 0. 0. 0.
  0. 0. 0. 0. 0. 0. 0. 0. 0. 0. 0. 0. 0. 0. 0. 0. 0. 0. 0. 0. 0. 0. 0. 0.
  0. 0. 0. 0. 0. 0. 0. 0. 0. 0. 0. 0. 0. 0. 0. 0. 0. 0. 0. 0. 0. 0. 0. 0.
  0. 0. 0. 0. 0. 0. 0. 0. 0. 0. 0. 0. 0. 0. 0. 0. 0. 0. 0. 0. 0. 0. 0. 0.
  0. 0. 0. 0.]
 [0. 1. 0. 1. 1. 0. 1. 1. 0. 0. 0. 0. 1. 1. 1. 1. 0. 0. 0. 0. 0. 0. 0. 0.
  0. 0. 0. 0. 0. 0. 0. 0. 0. 0. 0. 0. 0. 0. 0. 0. 0. 0. 0. 0. 0. 0. 0. 0.
  0. 0. 0. 0. 0. 0. 0. 0. 0. 0. 0. 0. 0. 0. 0. 0. 0. 0. 0. 0. 0. 0. 0. 0.
  0. 0. 0. 0. 0. 0. 0. 0. 0. 0. 0. 0. 0. 0. 0. 0. 0. 0. 0. 0. 0. 0. 0. 0.
  0. 0. 0. 0.]
 [0. 1. 1. 0. 1. 0. 0. 1. 0. 1. 1. 0. 1. 1. 1. 1. 0. 1. 1. 1. 0. 0. 0. 0.
  0. 0. 0. 0. 0. 0. 0. 0. 0. 0. 0. 0. 0. 0. 0. 0. 0. 0. 0. 0. 0. 0. 0. 0.
  0. 0. 0. 0. 0. 0. 0. 0. 0. 0. 0. 0. 0. 0. 0. 0. 0. 0. 0. 0. 0. 0. 0. 0.
  0. 0. 0. 0. 0. 0. 0. 0. 0. 0. 0. 0. 0. 0. 0. 0. 0. 0. 0. 0. 0. 0. 0. 0.
  0. 0. 0. 0.]
 [0. 1. 0. 0. 1. 1. 1. 0. 0. 1. 1. 1. 0. 0. 0. 0. 1. 0. 1. 1. 0. 0. 0. 0.
  0. 0. 0. 0. 0. 0. 0. 0. 0. 0. 0. 0. 0. 0. 0. 0. 0. 0. 0. 0. 0. 0. 0. 0.
  0. 0. 0. 0. 0. 0. 0. 0. 0. 0. 0. 0. 0. 0. 0. 0. 0. 0. 0. 0. 0. 0. 0. 0.
  0. 0. 0. 0. 0. 0. 0. 0. 0. 0. 0. 0. 0. 0. 0. 0. 0. 0. 0. 0. 0. 0. 0. 0.
  0. 0. 0. 0.]
 [0. 0. 0. 1. 1. 0. 0. 0. 0. 1. 0. 1. 1. 0. 0. 0. 0. 0. 1. 1. 0. 0. 0. 0.
  0. 0. 0. 0. 0. 0. 0. 0. 0. 0. 0. 0. 0. 0. 0. 0. 0. 0. 0. 0. 0. 0. 0. 0.
  0. 0. 0. 0. 0. 0. 0. 0. 0. 0. 0. 0. 0. 0. 0. 0. 0. 0. 0. 0. 0. 0. 0. 0.
  0. 0. 0. 0. 0. 0. 0. 0. 0. 0. 0. 0. 0. 0. 0. 0. 0. 0. 0. 0. 0. 0. 0. 0.
  0. 0. 0. 0.]
 [1. 0. 0. 0. 1. 0. 0. 0. 0. 1. 0. 1. 1. 0. 0. 0. 1. 1. 0. 0. 0. 0. 0. 0.
  0. 0. 0. 0. 0. 0. 0. 0. 0. 0. 0. 0. 0. 0. 0. 0. 0. 0. 0. 0. 0. 0. 0. 0.
  0. 0. 0. 0. 0. 0. 0. 0. 0. 0. 0. 0. 0. 0. 0. 0. 0. 0. 0. 0. 0. 0. 0. 0.
  0. 0. 0. 0. 0. 0. 0. 0. 0. 0. 0. 0. 0. 0. 0. 0. 0. 0. 0. 0. 0. 0. 0. 0.
  0. 0. 0. 0.]
 [0. 1. 1. 0. 1. 0. 1. 1. 0. 1. 1. 0. 0. 1. 0. 1. 0. 0. 0. 1. 0. 0. 0. 0.
  0. 0. 0. 0. 0. 0. 0. 0. 0. 0. 0. 0. 0. 0. 0. 0. 0. 0. 0. 0. 0. 0. 0. 0.
  0. 0. 0. 0. 0. 0. 0. 0. 0. 0. 0. 0. 0. 0. 0. 0. 0. 0. 0. 0. 0. 0. 0. 0.
  0. 0. 0. 0. 0. 0. 0. 0. 0. 0. 0. 0. 0. 0. 0. 0. 0. 0. 0. 0. 0. 0. 0. 0.
  0. 0. 0. 0.]
 [0. 0. 0. 1. 0. 1. 1. 1. 1. 0. 1. 0. 0. 1. 1. 0. 0. 1. 1. 1. 0. 0. 0. 0.
  0. 0. 0. 0. 0. 0. 0. 0. 0. 0. 0. 0. 0. 0. 0. 0. 0. 0. 0. 0. 0. 0. 0. 0.
  0. 0. 0. 0. 0. 0. 0. 0. 0. 0. 0. 0. 0. 0. 0. 0. 0. 0. 0. 0. 0. 0. 0. 0.
  0. 0. 0. 0. 0. 0. 0. 0. 0. 0. 0. 0. 0. 0. 0. 0. 0. 0. 0. 0. 0. 0. 0. 0.
  0. 0. 0. 0.]
 [0. 0. 0. 0. 1. 1. 1. 1. 1. 0. 1. 0. 0. 1. 0. 0. 0. 1. 0. 0. 0. 0. 0. 0.
  0. 0. 0. 0. 0. 0. 0. 0. 0. 0. 0. 0. 0. 0. 0. 0. 0. 0. 0. 0. 0. 0. 0. 0.
  0. 0. 0. 0. 0. 0. 0. 0. 0. 0. 0. 0. 0. 0. 0. 0. 0. 0. 0. 0. 0. 0. 0. 0.
  0. 0. 0. 0. 0. 0. 0. 0. 0. 0. 0. 0. 0. 0. 0. 0. 0. 0. 0. 0. 0. 0. 0. 0.
  0. 0. 0. 0.]
 [1. 0. 0. 1. 1. 0. 1. 0. 1. 0. 1. 0. 0. 1. 0. 1. 0. 0. 0. 1. 0. 0. 0. 0.
  0. 0. 0. 0. 0. 0. 0. 0. 0. 0. 0. 0. 0. 0. 0. 0. 0. 0. 0. 0. 0. 0. 0. 0.
  0. 0. 0. 0. 0. 0. 0. 0. 0. 0. 0. 0. 0. 0. 0. 0. 0. 0. 0. 0. 0. 0. 0. 0.
  0. 0. 0. 0. 0. 0. 0. 0. 0. 0. 0. 0. 0. 0. 0. 0. 0. 0. 0. 0. 0. 0. 0. 0.
  0. 0. 0. 0.]
 [0. 0. 1. 1. 1. 0. 1. 0. 1. 1. 1. 0. 0. 1. 0. 0. 1. 1. 0. 1. 0. 0. 0. 0.
  0. 0. 0. 0. 0. 0. 0. 0. 0. 0. 0. 0. 0. 0. 0. 0. 0. 0. 0. 0. 0. 0. 0. 0.
  0. 0. 0. 0. 0. 0. 0. 0. 0. 0. 0. 0. 0. 0. 0. 0. 0. 0. 0. 0. 0. 0. 0. 0.
  0. 0. 0. 0. 0. 0. 0. 0. 0. 0. 0. 0. 0. 0. 0. 0. 0. 0. 0. 0. 0. 0. 0. 0.
  0. 0. 0. 0.]
 [1. 0. 0. 1. 1. 0. 1. 1. 0. 0. 1. 0. 1. 0. 1. 0. 1. 0. 0. 1. 0. 0. 0. 0.
  0. 0. 0. 0. 0. 0. 0. 0. 0. 0. 0. 0. 0. 0. 0. 0. 0. 0. 0. 0. 0. 0. 0. 0.
  0. 0. 0. 0. 0. 0. 0. 0. 0. 0. 0. 0. 0. 0. 0. 0. 0. 0. 0. 0. 0. 0. 0. 0.
  0. 0. 0. 0. 0. 0. 0. 0. 0. 0. 0. 0. 0. 0. 0. 0. 0. 0. 0. 0. 0. 0. 0. 0.
  0. 0. 0. 0.]
 [0. 1. 0. 0. 0. 0. 0. 1. 1. 1. 1. 0. 0. 0. 1. 0. 0. 1. 1. 0. 0. 0. 0. 0.
  0. 0. 0. 0. 0. 0. 0. 0. 0. 0. 0. 0. 0. 0. 0. 0. 0. 0. 0. 0. 0. 0. 0. 0.
  0. 0. 0. 0. 0. 0. 0. 0. 0. 0. 0. 0. 0. 0. 0. 0. 0. 0. 0. 0. 0. 0. 0. 0.
  0. 0. 0. 0. 0. 0. 0. 0. 0. 0. 0. 0. 0. 0. 0. 0. 0. 0. 0. 0. 0. 0. 0. 0.
  0. 0. 0. 0.]
 [1. 1. 0. 0. 0. 0. 1. 0. 0. 1. 0. 1. 1. 1. 0. 0. 0. 1. 0. 1. 0. 0. 0. 0.
  0. 0. 0. 0. 0. 0. 0. 0. 0. 0. 0. 0. 0. 0. 0. 0. 0. 0. 0. 0. 0. 0. 0. 0.
  0. 0. 0. 0. 0. 0. 0. 0. 0. 0. 0. 0. 0. 0. 0. 0. 0. 0. 0. 0. 0. 0. 0. 0.
  0. 0. 0. 0. 0. 0. 0. 0. 0. 0. 0. 0. 0. 0. 0. 0. 0. 0. 0. 0. 0. 0. 0. 0.
  0. 0. 0. 0.]
 [1. 1. 1. 1. 0. 0. 0. 0. 1. 1. 1. 0. 1. 0. 0. 1. 0. 0. 0. 1. 0. 0. 0. 0.
  0. 0. 0. 0. 0. 0. 0. 0. 0. 0. 0. 0. 0. 0. 0. 0. 0. 0. 0. 0. 0. 0. 0. 0.
  0. 0. 0. 0. 0. 0. 0. 0. 0. 0. 0. 0. 0. 0. 0. 0. 0. 0. 0. 0. 0. 0. 0. 0.
  0. 0. 0. 0. 0. 0. 0. 0. 0. 0. 0. 0. 0. 0. 0. 0. 0. 0. 0. 0. 0. 0. 0. 0.
  0. 0. 0. 0.]
 [1. 1. 0. 0. 1. 1. 1. 0. 0. 1. 1. 0. 1. 0. 1. 1. 1. 1. 0. 1. 0. 0. 0. 0.
  0. 0. 0. 0. 0. 0. 0. 0. 0. 0. 0. 0. 0. 0. 0. 0. 0. 0. 0. 0. 0. 0. 0. 0.
  0. 0. 0. 0. 0. 0. 0. 0. 0. 0. 0. 0. 0. 0. 0. 0. 0. 0. 0. 0. 0. 0. 0. 0.
  0. 0. 0. 0. 0. 0. 0. 0. 0. 0. 0. 0. 0. 0. 0. 0. 0. 0. 0. 0. 0. 0. 0. 0.
  0. 0. 0. 0.]
 [0. 1. 0. 1. 0. 1. 1. 1. 0. 0. 0. 1. 1. 0. 1. 1. 1. 1. 1. 0. 0. 0. 0. 0.
  0. 0. 0. 0. 0. 0. 0. 0. 0. 0. 0. 0. 0. 0. 0. 0. 0. 0. 0. 0. 0. 0. 0. 0.
  0. 0. 0. 0. 0. 0. 0. 0. 0. 0. 0. 0. 0. 0. 0. 0. 0. 0. 0. 0. 0. 0. 0. 0.
  0. 0. 0. 0. 0. 0. 0. 0. 0. 0. 0. 0. 0. 0. 0. 0. 0. 0. 0. 0. 0. 0. 0. 0.
  0. 0. 0. 0.]]
start_times_array: [[6.4562e+04 6.4616e+04 6.4772e+04 6.4891e+04 6.4926e+04 6.4931e+04
  6.4979e+04 6.5012e+04 6.5033e+04 6.5098e+04 6.6738e+04 6.7716e+04
  6.7730e+04 6.7800e+04 6.7825e+04 6.7861e+04 6.7917e+04 6.8004e+04
  6.8036e+04 6.8132e+04]
 [6.5944e+04 6.6816e+04 6.6831e+04 6.6853e+04 6.6906e+04 6.6939e+04
  6.7000e+04 6.7073e+04 6.7136e+04 6.7232e+04 6.7293e+04 6.7381e+04
  6.7467e+04 6.7520e+04 6.7522e+04 6.7551e+04 6.7565e+04 6.7614e+04
  6.7628e+04 6.7650e+04]
 [1.2220e+03 1.3490e+03 6.5634e+04 6.6041e+04 6.6060e+04 6.6092e+04
  6.6150e+04 6.6237e+04 6.6319e+04 6.6326e+04 6.6373e+04 6.6441e+04
  6.6512e+04 6.6515e+04 6.6608e+04 6.6632e+04 6.6663e+04 6.6682e+04
  6.6816e+04 6.6904e+04]
 [6.4833e+04 6.5299e+04 6.5371e+04 6.5422e+04 6.5598e+04 6.5629e+04
  6.5692e+04 6.5741e+04 6.5824e+04 6.5852e+04 6.5944e+04 6.6027e+04
  6.6034e+04 6.6041e+04 6.6071e+04 6.6085e+04 6.6112e+04 6.6170e+04
  6.6202e+04 6.6218e+04]
 [6.4562e+04 6.4598e+04 6.4649e+04 6.4714e+04 6.4754e+04 6.4833e+04
  6.4872e+04 6.4905e+04 6.4982e+04 6.5066e+04 6.5134e+04 6.5205e+04
  6.5259e+04 6.5299e+04 6.5393e+04 6.5449e+04 6.5543e+04 6.5598e+04
  6.5608e+04 6.5621e+04]
 [6.3304e+04 6.3658e+04 6.3685e+04 6.3716e+04 6.3781e+04 6.3807e+04
  6.3869e+04 6.3957e+04 6.4026e+04 6.4073e+04 6.4109e+04 6.4112e+04
  6.4202e+04 6.4292e+04 6.4323e+04 6.4347e+04 6.4382e+04 6.4406e+04
  6.4474e+04 6.4492e+04]
 [6.2928e+04 6.2950e+04 6.2956e+04 6.3049e+04 6.3109e+04 6.3177e+04
  6.3209e+04 6.3304e+04 6.3321e+04 6.3333e+04 6.3412e+04 6.3490e+04
  6.3516e+04 6.3531e+04 6.3614e+04 6.3622e+04 6.3653e+04 6.3658e+04
  6.3664e+04 6.3700e+04]
 [6.2033e+04 6.2074e+04 6.2169e+04 6.2173e+04 6.2271e+04 6.2293e+04
  6.2357e+04 6.2398e+04 6.2454e+04 6.2477e+04 6.2549e+04 6.2559e+04
  6.2594e+04 6.2649e+04 6.2666e+04 6.2676e+04 6.2708e+04 6.2784e+04
  6.2833e+04 6.2936e+04]
 [6.0851e+04 6.0947e+04 6.1031e+04 6.1075e+04 6.1094e+04 6.1184e+04
  6.1190e+04 6.1257e+04 6.1294e+04 6.1358e+04 6.1438e+04 6.1536e+04
  6.1602e+04 6.1676e+04 6.1741e+04 6.1744e+04 6.1759e+04 6.1809e+04
  6.1907e+04 6.1953e+04]
 [6.0235e+04 6.0236e+04 6.0301e+04 6.0337e+04 6.0372e+04 6.0467e+04
  6.0566e+04 6.0648e+04 6.0694e+04 6.0720e+04 6.0755e+04 6.0851e+04
  6.0857e+04 6.0885e+04 6.0977e+04 6.0989e+04 6.1031e+04 6.1078e+04
  6.1156e+04 6.1166e+04]
 [5.9029e+04 5.9107e+04 5.9206e+04 5.9296e+04 5.9342e+04 5.9413e+04
  5.9489e+04 5.9534e+04 5.9630e+04 5.9688e+04 5.9691e+04 5.9761e+04
  5.9841e+04 5.9871e+04 5.9956e+04 6.0049e+04 6.0065e+04 6.0091e+04
  6.0170e+04 6.0214e+04]
 [5.7901e+04 5.8151e+04 5.8167e+04 5.8223e+04 5.8258e+04 5.8459e+04
  5.8556e+04 5.8567e+04 5.8635e+04 5.8695e+04 5.8728e+04 5.8785e+04
  5.8827e+04 5.8899e+04 5.8976e+04 5.9029e+04 5.9055e+04 5.9121e+04
  5.9202e+04 5.9286e+04]
 [5.7732e+04 5.7761e+04 5.7767e+04 5.7805e+04 5.7901e+04 5.7986e+04
  5.8022e+04 5.8093e+04 5.8098e+04 5.8151e+04 5.8162e+04 5.8249e+04
  5.8348e+04 5.8390e+04 5.8459e+04 5.8533e+04 5.8567e+04 5.8592e+04
  5.8602e+04 5.8627e+04]
 [5.6867e+04 5.6907e+04 5.6980e+04 5.7060e+04 5.7130e+04 5.7137e+04
  5.7172e+04 5.7207e+04 5.7227e+04 5.7295e+04 5.7324e+04 5.7331e+04
  5.7343e+04 5.7413e+04 5.7460e+04 5.7506e+04 5.7584e+04 5.7612e+04
  5.7660e+04 5.7710e+04]
 [5.5693e+04 5.5787e+04 5.6057e+04 5.6058e+04 5.6097e+04 5.6130e+04
  5.6224e+04 5.6293e+04 5.6312e+04 5.6341e+04 5.6374e+04 5.6446e+04
  5.6494e+04 5.6582e+04 5.6591e+04 5.6592e+04 5.6691e+04 5.6711e+04
  5.6740e+04 5.6823e+04]
 [5.5030e+04 5.5034e+04 5.5052e+04 5.5061e+04 5.5143e+04 5.5202e+04
  5.5266e+04 5.5322e+04 5.5400e+04 5.5423e+04 5.5484e+04 5.5564e+04
  5.5655e+04 5.5693e+04 5.5782e+04 5.5867e+04 5.5890e+04 5.5938e+04
  5.6028e+04 5.6057e+04]
 [5.4052e+04 5.4388e+04 5.4397e+04 5.4479e+04 5.4507e+04 5.4555e+04
  5.4621e+04 5.4643e+04 5.4675e+04 5.4709e+04 5.4752e+04 5.4816e+04
  5.4859e+04 5.4883e+04 5.4971e+04 5.5015e+04 5.5030e+04 5.5058e+04
  5.5112e+04 5.5206e+04]
 [5.3691e+04 5.3741e+04 5.3795e+04 5.3822e+04 5.3891e+04 5.3925e+04
  5.3930e+04 5.3952e+04 5.3981e+04 5.4028e+04 5.4052e+04 5.4104e+04
  5.4130e+04 5.4181e+04 5.4239e+04 5.4289e+04 5.4373e+04 5.4388e+04
  5.4481e+04 5.4483e+04]
 [5.2780e+04 5.2851e+04 5.2876e+04 5.2878e+04 5.2953e+04 5.3015e+04
  5.3094e+04 5.3129e+04 5.3216e+04 5.3235e+04 5.3285e+04 5.3318e+04
  5.3397e+04 5.3460e+04 5.3469e+04 5.3493e+04 5.3532e+04 5.3534e+04
  5.3554e+04 5.3638e+04]
 [4.4720e+03 5.0543e+04 5.1794e+04 5.1836e+04 5.1896e+04 5.1972e+04
  5.2029e+04 5.2058e+04 5.2108e+04 5.2187e+04 5.2268e+04 5.2287e+04
  5.2311e+04 5.2402e+04 5.2459e+04 5.2539e+04 5.2613e+04 5.2712e+04
  5.2716e+04 5.2778e+04]
 [3.5000e+01 2.5100e+02 3.1600e+02 7.5400e+02 8.5100e+02 5.0603e+04
  5.0695e+04 5.1084e+04 5.1167e+04 5.1185e+04 5.1271e+04 5.1319e+04
  5.1343e+04 5.1385e+04 5.1484e+04 5.1571e+04 5.1630e+04 5.1652e+04
  5.1686e+04 5.1749e+04]
 [5.0177e+04 5.0231e+04 5.0295e+04 5.0375e+04 5.0426e+04 5.0501e+04
  5.0543e+04 5.0603e+04 5.0636e+04 5.0642e+04 5.0732e+04 5.0764e+04
  5.0841e+04 5.0852e+04 5.0915e+04 5.0955e+04 5.0985e+04 5.1022e+04
  5.1084e+04 5.1178e+04]
 [3.9000e+02 6.3300e+02 1.0650e+03 4.8387e+04 4.8933e+04 4.9507e+04
  4.9597e+04 4.9603e+04 4.9688e+04 4.9733e+04 4.9819e+04 4.9829e+04
  4.9900e+04 4.9913e+04 4.9981e+04 4.9997e+04 5.0030e+04 5.0125e+04
  5.0177e+04 5.0386e+04]
 [4.8638e+04 4.8685e+04 4.8715e+04 4.8782e+04 4.8881e+04 4.8933e+04
  4.8962e+04 4.8985e+04 4.8993e+04 4.9070e+04 4.9150e+04 4.9196e+04
  4.9250e+04 4.9314e+04 4.9359e+04 4.9376e+04 4.9388e+04 4.9423e+04
  4.9426e+04 4.9507e+04]
 [2.1160e+03 4.8092e+04 4.8142e+04 4.8189e+04 4.8277e+04 4.8345e+04
  4.8387e+04 4.8389e+04 4.8413e+04 4.8415e+04 4.8478e+04 4.8566e+04
  4.8638e+04 4.8666e+04 4.8713e+04 4.8744e+04 4.8806e+04 4.8865e+04
  4.8871e+04 4.8880e+04]
 [2.5400e+02 3.2200e+02 4.3800e+02 4.6000e+02 5.0400e+02 7.2200e+02
  7.4700e+02 1.1470e+03 4.6194e+04 4.7485e+04 4.7865e+04 4.7882e+04
  4.7949e+04 4.7970e+04 4.7976e+04 4.8025e+04 4.8092e+04 4.8099e+04
  4.8173e+04 4.8202e+04]
 [0.0000e+00 1.5400e+02 1.5600e+02 2.3100e+02 3.7900e+02 4.0800e+02
  4.7217e+04 4.7243e+04 4.7399e+04 4.7673e+04 4.7732e+04 4.7745e+04
  4.7835e+04 4.7848e+04 4.7865e+04 4.7933e+04 4.8021e+04 4.8063e+04
  4.8124e+04 4.8189e+04]
 [2.1130e+03 4.6565e+04 4.6808e+04 4.6848e+04 4.6881e+04 4.6910e+04
  4.6952e+04 4.6965e+04 4.6980e+04 4.7058e+04 4.7095e+04 4.7125e+04
  4.7217e+04 4.7266e+04 4.7357e+04 4.7399e+04 4.7473e+04 4.7526e+04
  4.7585e+04 4.7641e+04]
 [4.5880e+04 4.5911e+04 4.5995e+04 4.6024e+04 4.6099e+04 4.6167e+04
  4.6179e+04 4.6208e+04 4.6259e+04 4.6335e+04 4.6433e+04 4.6466e+04
  4.6565e+04 4.6593e+04 4.6610e+04 4.6699e+04 4.6703e+04 4.6724e+04
  4.6808e+04 4.6898e+04]
 [1.0570e+03 1.6370e+03 4.5652e+04 4.5671e+04 4.5716e+04 4.5751e+04
  4.5840e+04 4.5880e+04 4.5918e+04 4.5948e+04 4.6000e+04 4.6073e+04
  4.6080e+04 4.6125e+04 4.6185e+04 4.6228e+04 4.6283e+04 4.6293e+04
  4.6390e+04 4.6483e+04]
 [4.4391e+04 4.4504e+04 4.4907e+04 4.4929e+04 4.4970e+04 4.5044e+04
  4.5095e+04 4.5131e+04 4.5180e+04 4.5206e+04 4.5237e+04 4.5304e+04
  4.5373e+04 4.5379e+04 4.5433e+04 4.5498e+04 4.5505e+04 4.5575e+04
  4.5620e+04 4.5652e+04]
 [5.5900e+02 6.9500e+02 7.6400e+02 7.9200e+02 1.1970e+03 4.4367e+04
  4.4623e+04 4.4697e+04 4.4745e+04 4.4749e+04 4.4761e+04 4.4841e+04
  4.4869e+04 4.4944e+04 4.5026e+04 4.5060e+04 4.5159e+04 4.5178e+04
  4.5237e+04 4.5247e+04]
 [2.0500e+02 9.8400e+02 4.3886e+04 4.3950e+04 4.3978e+04 4.4296e+04
  4.4367e+04 4.4396e+04 4.4423e+04 4.4504e+04 4.4538e+04 4.4616e+04
  4.4623e+04 4.4674e+04 4.4699e+04 4.4746e+04 4.4760e+04 4.4792e+04
  4.4839e+04 4.4929e+04]
 [4.3355e+04 4.3359e+04 4.3399e+04 4.3431e+04 4.3483e+04 4.3520e+04
  4.3555e+04 4.3640e+04 4.3666e+04 4.3711e+04 4.3769e+04 4.3811e+04
  4.3886e+04 4.3899e+04 4.3914e+04 4.4000e+04 4.4074e+04 4.4172e+04
  4.4191e+04 4.4236e+04]
 [4.2745e+04 4.2790e+04 4.2855e+04 4.2860e+04 4.2890e+04 4.2941e+04
  4.2983e+04 4.3071e+04 4.3150e+04 4.3197e+04 4.3243e+04 4.3305e+04
  4.3355e+04 4.3413e+04 4.3495e+04 4.3546e+04 4.3635e+04 4.3724e+04
  4.3787e+04 4.3846e+04]
 [2.7600e+02 3.2600e+02 4.1597e+04 4.1770e+04 4.1784e+04 4.1849e+04
  4.1935e+04 4.2022e+04 4.2050e+04 4.2100e+04 4.2108e+04 4.2207e+04
  4.2280e+04 4.2376e+04 4.2470e+04 4.2557e+04 4.2625e+04 4.2721e+04
  4.2790e+04 4.2809e+04]
 [4.7790e+03 4.0628e+04 4.0709e+04 4.0738e+04 4.1170e+04 4.1194e+04
  4.1249e+04 4.1254e+04 4.1290e+04 4.1338e+04 4.1379e+04 4.1413e+04
  4.1446e+04 4.1494e+04 4.1531e+04 4.1563e+04 4.1597e+04 4.1649e+04
  4.1676e+04 4.1756e+04]
 [3.9932e+04 4.0123e+04 4.0154e+04 4.0161e+04 4.0474e+04 4.0573e+04
  4.0628e+04 4.0639e+04 4.0704e+04 4.0751e+04 4.0769e+04 4.0815e+04
  4.0854e+04 4.0932e+04 4.0978e+04 4.1059e+04 4.1090e+04 4.1170e+04
  4.1205e+04 4.1297e+04]
 [3.9441e+04 3.9506e+04 3.9747e+04 3.9784e+04 3.9787e+04 3.9861e+04
  3.9916e+04 3.9927e+04 3.9932e+04 3.9972e+04 4.0024e+04 4.0123e+04
  4.0134e+04 4.0170e+04 4.0253e+04 4.0345e+04 4.0350e+04 4.0369e+04
  4.0427e+04 4.0474e+04]
 [5.1300e+02 7.9500e+02 3.8282e+04 3.8892e+04 3.9182e+04 3.9202e+04
  3.9228e+04 3.9299e+04 3.9358e+04 3.9372e+04 3.9418e+04 3.9440e+04
  3.9506e+04 3.9526e+04 3.9559e+04 3.9598e+04 3.9631e+04 3.9717e+04
  3.9747e+04 3.9784e+04]
 [9.4000e+01 6.3740e+03 3.8205e+04 3.8399e+04 3.8471e+04 3.8558e+04
  3.8608e+04 3.8702e+04 3.8786e+04 3.8794e+04 3.8867e+04 3.8880e+04
  3.8892e+04 3.8989e+04 3.9075e+04 3.9138e+04 3.9182e+04 3.9196e+04
  3.9263e+04 3.9282e+04]
 [2.0900e+02 7.1600e+02 7.2600e+02 7.7700e+02 3.7466e+04 3.7570e+04
  3.8114e+04 3.8205e+04 3.8291e+04 3.8304e+04 3.8331e+04 3.8399e+04
  3.8443e+04 3.8536e+04 3.8618e+04 3.8635e+04 3.8702e+04 3.8800e+04
  3.8830e+04 3.8916e+04]
 [3.6420e+04 3.7364e+04 3.7456e+04 3.7466e+04 3.7529e+04 3.7619e+04
  3.7645e+04 3.7659e+04 3.7689e+04 3.7692e+04 3.7701e+04 3.7800e+04
  3.7854e+04 3.7868e+04 3.7966e+04 3.7989e+04 3.8000e+04 3.8066e+04
  3.8114e+04 3.8139e+04]
 [1.8400e+02 2.6600e+02 3.6628e+04 3.6714e+04 3.6733e+04 3.6803e+04
  3.6879e+04 3.6999e+04 3.7098e+04 3.7151e+04 3.7174e+04 3.7263e+04
  3.7345e+04 3.7364e+04 3.7419e+04 3.7434e+04 3.7457e+04 3.7556e+04
  3.7619e+04 3.7620e+04]
 [3.6168e+04 3.6211e+04 3.6236e+04 3.6276e+04 3.6294e+04 3.6337e+04
  3.6423e+04 3.6498e+04 3.6522e+04 3.6604e+04 3.6628e+04 3.6699e+04
  3.6788e+04 3.6855e+04 3.6883e+04 3.6979e+04 3.6999e+04 3.7013e+04
  3.7098e+04 3.7157e+04]
 [1.0840e+03 3.5098e+04 3.5106e+04 3.5464e+04 3.5472e+04 3.5525e+04
  3.5576e+04 3.5668e+04 3.5729e+04 3.5808e+04 3.5881e+04 3.5961e+04
  3.5985e+04 3.6040e+04 3.6113e+04 3.6168e+04 3.6177e+04 3.6243e+04
  3.6265e+04 3.6360e+04]
 [5.9560e+03 3.4750e+04 3.4839e+04 3.4863e+04 3.4900e+04 3.4930e+04
  3.5018e+04 3.5019e+04 3.5034e+04 3.5048e+04 3.5084e+04 3.5098e+04
  3.5160e+04 3.5163e+04 3.5190e+04 3.5234e+04 3.5284e+04 3.5347e+04
  3.5373e+04 3.5464e+04]
 [2.4200e+02 2.1430e+03 2.2170e+03 3.1462e+04 3.3790e+04 3.3848e+04
  3.4172e+04 3.4230e+04 3.4284e+04 3.4360e+04 3.4382e+04 3.4424e+04
  3.4504e+04 3.4549e+04 3.4577e+04 3.4609e+04 3.4668e+04 3.4669e+04
  3.4750e+04 3.4798e+04]
 [3.2000e+02 5.7000e+02 5.9000e+02 3.3424e+04 3.3509e+04 3.3548e+04
  3.3745e+04 3.3757e+04 3.3771e+04 3.3790e+04 3.3834e+04 3.3844e+04
  3.3870e+04 3.3876e+04 3.3951e+04 3.3975e+04 3.4013e+04 3.4066e+04
  3.4103e+04 3.4172e+04]
 [5.8700e+02 7.2100e+02 3.1675e+04 3.2685e+04 3.2751e+04 3.3110e+04
  3.3228e+04 3.3275e+04 3.3359e+04 3.3387e+04 3.3398e+04 3.3464e+04
  3.3509e+04 3.3517e+04 3.3539e+04 3.3553e+04 3.3584e+04 3.3672e+04
  3.3745e+04 3.3766e+04]
 [3.1285e+04 3.1432e+04 3.2588e+04 3.2653e+04 3.2685e+04 3.2764e+04
  3.2766e+04 3.2808e+04 3.2903e+04 3.2936e+04 3.2941e+04 3.3003e+04
  3.3050e+04 3.3070e+04 3.3072e+04 3.3074e+04 3.3110e+04 3.3132e+04
  3.3228e+04 3.3289e+04]
 [9.0940e+03 3.1263e+04 3.1285e+04 3.1345e+04 3.1432e+04 3.1462e+04
  3.1847e+04 3.1922e+04 3.1948e+04 3.1973e+04 3.2049e+04 3.2077e+04
  3.2130e+04 3.2195e+04 3.2254e+04 3.2346e+04 3.2400e+04 3.2492e+04
  3.2520e+04 3.2540e+04]
 [1.0430e+03 1.1000e+03 3.0912e+04 3.1006e+04 3.1053e+04 3.1093e+04
  3.1174e+04 3.1263e+04 3.1315e+04 3.1373e+04 3.1393e+04 3.1412e+04
  3.1449e+04 3.1518e+04 3.1519e+04 3.1532e+04 3.1592e+04 3.1675e+04
  3.1710e+04 3.1774e+04]
 [1.7300e+02 1.9060e+03 3.0202e+04 3.0238e+04 3.0323e+04 3.0414e+04
  3.0426e+04 3.0472e+04 3.0524e+04 3.0594e+04 3.0619e+04 3.0669e+04
  3.0710e+04 3.0714e+04 3.0723e+04 3.0759e+04 3.0858e+04 3.0915e+04
  3.1006e+04 3.1102e+04]
 [2.9447e+04 2.9462e+04 2.9546e+04 2.9619e+04 2.9712e+04 2.9763e+04
  2.9777e+04 2.9802e+04 2.9877e+04 2.9916e+04 2.9930e+04 2.9973e+04
  3.0046e+04 3.0128e+04 3.0130e+04 3.0202e+04 3.0268e+04 3.0298e+04
  3.0362e+04 3.0381e+04]
 [1.0620e+03 1.1480e+03 2.8524e+04 2.8583e+04 2.8652e+04 2.8985e+04
  2.9084e+04 2.9098e+04 2.9146e+04 2.9155e+04 2.9205e+04 2.9288e+04
  2.9373e+04 2.9447e+04 2.9457e+04 2.9552e+04 2.9562e+04 2.9642e+04
  2.9734e+04 2.9826e+04]
 [6.9900e+02 9.6400e+02 1.0390e+03 2.8248e+04 2.8313e+04 2.8324e+04
  2.8356e+04 2.8417e+04 2.8463e+04 2.8485e+04 2.8486e+04 2.8524e+04
  2.8557e+04 2.8635e+04 2.8674e+04 2.8741e+04 2.8820e+04 2.8886e+04
  2.8985e+04 2.9007e+04]
 [2.6449e+04 2.6727e+04 2.6822e+04 2.7277e+04 2.7457e+04 2.7547e+04
  2.7612e+04 2.7691e+04 2.7714e+04 2.7783e+04 2.7864e+04 2.7894e+04
  2.7903e+04 2.8002e+04 2.8088e+04 2.8154e+04 2.8216e+04 2.8248e+04
  2.8345e+04 2.8370e+04]
 [2.6310e+03 2.5881e+04 2.6464e+04 2.6548e+04 2.6603e+04 2.6679e+04
  2.6727e+04 2.6822e+04 2.6881e+04 2.6950e+04 2.7003e+04 2.7068e+04
  2.7098e+04 2.7192e+04 2.7277e+04 2.7292e+04 2.7388e+04 2.7456e+04
  2.7457e+04 2.7487e+04]
 [2.5335e+04 2.5782e+04 2.5858e+04 2.5948e+04 2.6034e+04 2.6092e+04
  2.6132e+04 2.6146e+04 2.6178e+04 2.6189e+04 2.6202e+04 2.6203e+04
  2.6259e+04 2.6351e+04 2.6364e+04 2.6449e+04 2.6464e+04 2.6538e+04
  2.6589e+04 2.6593e+04]
 [2.5088e+04 2.5140e+04 2.5213e+04 2.5270e+04 2.5283e+04 2.5335e+04
  2.5384e+04 2.5422e+04 2.5436e+04 2.5523e+04 2.5586e+04 2.5664e+04
  2.5704e+04 2.5717e+04 2.5740e+04 2.5782e+04 2.5881e+04 2.5948e+04
  2.5976e+04 2.6132e+04]
 [5.6700e+02 6.5700e+02 7.9900e+02 9.8800e+02 1.0180e+03 1.0520e+03
  1.6030e+03 2.6130e+03 2.4583e+04 2.4695e+04 2.4768e+04 2.4777e+04
  2.4986e+04 2.5029e+04 2.5265e+04 2.5271e+04 2.5361e+04 2.5384e+04
  2.5403e+04 2.5407e+04]
 [2.3753e+04 2.4273e+04 2.4291e+04 2.4316e+04 2.4367e+04 2.4412e+04
  2.4505e+04 2.4527e+04 2.4583e+04 2.4663e+04 2.4740e+04 2.4807e+04
  2.4896e+04 2.4911e+04 2.4971e+04 2.4986e+04 2.5066e+04 2.5089e+04
  2.5179e+04 2.5265e+04]
 [2.1200e+02 2.3300e+02 1.1970e+03 1.4230e+03 2.4122e+04 2.4189e+04
  2.4274e+04 2.4289e+04 2.4348e+04 2.4383e+04 2.4388e+04 2.4426e+04
  2.4435e+04 2.4489e+04 2.4547e+04 2.4583e+04 2.4619e+04 2.4688e+04
  2.4695e+04 2.4717e+04]
 [4.9100e+02 2.2926e+04 2.3143e+04 2.3179e+04 2.3254e+04 2.3550e+04
  2.3621e+04 2.3631e+04 2.3638e+04 2.3651e+04 2.3684e+04 2.3723e+04
  2.3753e+04 2.3835e+04 2.3911e+04 2.3979e+04 2.4016e+04 2.4078e+04
  2.4122e+04 2.4128e+04]
 [2.2780e+04 2.2867e+04 2.2898e+04 2.2926e+04 2.2994e+04 2.3001e+04
  2.3086e+04 2.3143e+04 2.3225e+04 2.3323e+04 2.3339e+04 2.3351e+04
  2.3379e+04 2.3384e+04 2.3440e+04 2.3518e+04 2.3525e+04 2.3543e+04
  2.3550e+04 2.3559e+04]
 [2.1794e+04 2.1802e+04 2.2024e+04 2.2074e+04 2.2125e+04 2.2222e+04
  2.2308e+04 2.2380e+04 2.2472e+04 2.2501e+04 2.2559e+04 2.2569e+04
  2.2582e+04 2.2607e+04 2.2649e+04 2.2660e+04 2.2706e+04 2.2780e+04
  2.2866e+04 2.2886e+04]
 [4.2700e+02 5.1700e+02 5.2100e+02 5.5200e+02 7.2600e+02 2.0940e+04
  2.1197e+04 2.1206e+04 2.1491e+04 2.1559e+04 2.1613e+04 2.1688e+04
  2.1725e+04 2.1736e+04 2.1794e+04 2.1840e+04 2.1889e+04 2.1895e+04
  2.1910e+04 2.1938e+04]
 [5.9000e+02 2.0768e+04 2.0858e+04 2.0905e+04 2.0931e+04 2.0940e+04
  2.0950e+04 2.0968e+04 2.1063e+04 2.1082e+04 2.1134e+04 2.1151e+04
  2.1206e+04 2.1280e+04 2.1304e+04 2.1389e+04 2.1429e+04 2.1491e+04
  2.1551e+04 2.1647e+04]
 [3.0290e+03 1.9720e+04 2.0080e+04 2.0139e+04 2.0161e+04 2.0165e+04
  2.0217e+04 2.0314e+04 2.0353e+04 2.0402e+04 2.0438e+04 2.0529e+04
  2.0608e+04 2.0625e+04 2.0663e+04 2.0667e+04 2.0724e+04 2.0768e+04
  2.0814e+04 2.0831e+04]
 [8.4000e+01 3.6800e+02 1.9220e+04 1.9315e+04 1.9337e+04 1.9409e+04
  1.9448e+04 1.9544e+04 1.9638e+04 1.9685e+04 1.9720e+04 1.9757e+04
  1.9816e+04 1.9861e+04 1.9948e+04 2.0047e+04 2.0080e+04 2.0128e+04
  2.0132e+04 2.0224e+04]
 [1.8105e+04 1.8123e+04 1.8237e+04 1.8325e+04 1.8385e+04 1.8393e+04
  1.8438e+04 1.8439e+04 1.8648e+04 1.8719e+04 1.8797e+04 1.8868e+04
  1.8920e+04 1.8956e+04 1.8974e+04 1.8986e+04 1.9079e+04 1.9151e+04
  1.9188e+04 1.9220e+04]
 [1.7550e+04 1.7596e+04 1.7676e+04 1.7688e+04 1.7731e+04 1.7807e+04
  1.7890e+04 1.7964e+04 1.8008e+04 1.8105e+04 1.8151e+04 1.8181e+04
  1.8237e+04 1.8316e+04 1.8350e+04 1.8406e+04 1.8455e+04 1.8457e+04
  1.8520e+04 1.8561e+04]
 [1.6716e+04 1.6881e+04 1.6916e+04 1.7014e+04 1.7033e+04 1.7055e+04
  1.7086e+04 1.7175e+04 1.7269e+04 1.7296e+04 1.7388e+04 1.7468e+04
  1.7528e+04 1.7550e+04 1.7581e+04 1.7604e+04 1.7609e+04 1.7649e+04
  1.7654e+04 1.7744e+04]
 [1.6190e+04 1.6222e+04 1.6265e+04 1.6340e+04 1.6380e+04 1.6450e+04
  1.6455e+04 1.6519e+04 1.6523e+04 1.6553e+04 1.6582e+04 1.6596e+04
  1.6631e+04 1.6716e+04 1.6791e+04 1.6836e+04 1.6881e+04 1.6883e+04
  1.6890e+04 1.6919e+04]
 [1.1480e+04 1.5757e+04 1.5768e+04 1.5773e+04 1.5793e+04 1.5842e+04
  1.5858e+04 1.5908e+04 1.5918e+04 1.5933e+04 1.5996e+04 1.6093e+04
  1.6102e+04 1.6190e+04 1.6254e+04 1.6266e+04 1.6361e+04 1.6380e+04
  1.6396e+04 1.6450e+04]
 [4.0600e+02 4.5800e+02 6.8220e+03 1.4739e+04 1.4831e+04 1.4918e+04
  1.4980e+04 1.5124e+04 1.5212e+04 1.5234e+04 1.5297e+04 1.5347e+04
  1.5434e+04 1.5450e+04 1.5506e+04 1.5544e+04 1.5601e+04 1.5653e+04
  1.5724e+04 1.5739e+04]
 [1.2859e+04 1.4000e+04 1.4032e+04 1.4356e+04 1.4422e+04 1.4510e+04
  1.4516e+04 1.4553e+04 1.4640e+04 1.4689e+04 1.4739e+04 1.4828e+04
  1.4890e+04 1.4918e+04 1.4949e+04 1.5010e+04 1.5051e+04 1.5122e+04
  1.5124e+04 1.5146e+04]
 [2.5860e+03 1.2839e+04 1.3197e+04 1.3610e+04 1.3680e+04 1.3703e+04
  1.3785e+04 1.3836e+04 1.3911e+04 1.3945e+04 1.4000e+04 1.4091e+04
  1.4140e+04 1.4186e+04 1.4266e+04 1.4272e+04 1.4341e+04 1.4411e+04
  1.4510e+04 1.4595e+04]
 [1.8000e+02 2.9500e+02 4.7000e+02 1.1669e+04 1.2715e+04 1.2785e+04
  1.2802e+04 1.2859e+04 1.2936e+04 1.3142e+04 1.3191e+04 1.3197e+04
  1.3203e+04 1.3250e+04 1.3343e+04 1.3347e+04 1.3401e+04 1.3494e+04
  1.3562e+04 1.3610e+04]
 [1.8900e+02 1.1838e+04 1.2215e+04 1.2437e+04 1.2516e+04 1.2567e+04
  1.2606e+04 1.2645e+04 1.2677e+04 1.2715e+04 1.2743e+04 1.2839e+04
  1.2874e+04 1.2930e+04 1.2972e+04 1.3017e+04 1.3100e+04 1.3142e+04
  1.3182e+04 1.3207e+04]
 [1.1391e+04 1.1468e+04 1.1469e+04 1.1517e+04 1.1604e+04 1.1625e+04
  1.1669e+04 1.1761e+04 1.2011e+04 1.2020e+04 1.2112e+04 1.2122e+04
  1.2153e+04 1.2215e+04 1.2280e+04 1.2324e+04 1.2402e+04 1.2424e+04
  1.2437e+04 1.2463e+04]
 [2.4300e+02 7.4900e+02 1.1190e+04 1.1198e+04 1.1275e+04 1.1306e+04
  1.1354e+04 1.1391e+04 1.1490e+04 1.1517e+04 1.1616e+04 1.1647e+04
  1.1720e+04 1.1780e+04 1.1820e+04 1.1901e+04 1.1910e+04 1.1930e+04
  1.2011e+04 1.2112e+04]
 [9.6370e+03 9.6970e+03 1.0466e+04 1.0650e+04 1.0668e+04 1.0686e+04
  1.0719e+04 1.0757e+04 1.0805e+04 1.0842e+04 1.0920e+04 1.0996e+04
  1.1024e+04 1.1089e+04 1.1150e+04 1.1190e+04 1.1218e+04 1.1285e+04
  1.1289e+04 1.1306e+04]
 [3.5800e+02 6.3200e+02 7.2100e+02 7.9000e+02 9.5080e+03 9.5960e+03
  1.0234e+04 1.0288e+04 1.0318e+04 1.0332e+04 1.0346e+04 1.0417e+04
  1.0466e+04 1.0476e+04 1.0562e+04 1.0650e+04 1.0717e+04 1.0734e+04
  1.0736e+04 1.0738e+04]
 [8.8590e+03 9.3660e+03 9.4490e+03 9.5080e+03 9.5780e+03 9.5960e+03
  9.6300e+03 9.6370e+03 9.6390e+03 9.6840e+03 9.6900e+03 9.7700e+03
  9.7910e+03 9.8630e+03 9.9430e+03 1.0032e+04 1.0084e+04 1.0117e+04
  1.0158e+04 1.0234e+04]
 [4.1000e+01 2.3600e+02 2.5100e+02 3.9600e+02 8.6650e+03 8.7610e+03
  8.8150e+03 8.8160e+03 8.8590e+03 8.8810e+03 9.1370e+03 9.2000e+03
  9.2010e+03 9.2690e+03 9.3430e+03 9.3660e+03 9.3980e+03 9.4510e+03
  9.5220e+03 9.6150e+03]
 [7.8900e+03 7.9110e+03 7.9620e+03 8.3960e+03 8.4350e+03 8.4670e+03
  8.4840e+03 8.5210e+03 8.5420e+03 8.5840e+03 8.6650e+03 8.7210e+03
  8.7500e+03 8.7610e+03 8.8390e+03 8.8790e+03 8.9450e+03 9.0020e+03
  9.0940e+03 9.0990e+03]
 [3.7800e+02 4.5200e+02 7.2500e+02 8.7500e+02 7.1740e+03 7.8330e+03
  7.9000e+03 7.9880e+03 7.9990e+03 8.0240e+03 8.0480e+03 8.1460e+03
  8.1540e+03 8.1880e+03 8.2060e+03 8.2860e+03 8.3680e+03 8.3960e+03
  8.4830e+03 8.7360e+03]
 [6.7820e+03 6.8220e+03 6.8650e+03 6.9500e+03 7.0340e+03 7.1100e+03
  7.1740e+03 7.1810e+03 7.2320e+03 7.2830e+03 7.2980e+03 7.3940e+03
  7.4250e+03 7.5100e+03 7.5400e+03 7.6250e+03 7.6700e+03 7.7430e+03
  7.8160e+03 7.8330e+03]
 [1.5400e+02 1.5700e+02 2.4600e+02 1.7520e+03 6.4250e+03 6.5030e+03
  6.5860e+03 6.6230e+03 6.6640e+03 6.6680e+03 6.7300e+03 6.7460e+03
  6.7820e+03 6.7860e+03 6.8120e+03 6.8400e+03 6.8420e+03 6.8580e+03
  6.8950e+03 6.9880e+03]
 [5.4380e+03 5.5020e+03 5.5920e+03 5.6800e+03 5.7120e+03 5.7250e+03
  5.7950e+03 5.8000e+03 5.8300e+03 5.8740e+03 5.9560e+03 6.0540e+03
  6.0980e+03 6.1650e+03 6.1890e+03 6.2380e+03 6.3370e+03 6.3460e+03
  6.3740e+03 6.4700e+03]
 [2.1200e+02 4.5500e+03 4.5790e+03 4.6060e+03 4.6840e+03 4.7690e+03
  4.7790e+03 4.8560e+03 4.9470e+03 4.9710e+03 5.0680e+03 5.0870e+03
  5.1410e+03 5.1810e+03 5.2200e+03 5.2660e+03 5.3550e+03 5.4380e+03
  5.5310e+03 5.5840e+03]
 [3.7830e+03 3.8590e+03 3.9150e+03 3.9550e+03 4.0280e+03 4.0420e+03
  4.1160e+03 4.1910e+03 4.2460e+03 4.3360e+03 4.3440e+03 4.3530e+03
  4.4120e+03 4.5500e+03 4.5770e+03 4.5780e+03 4.5950e+03 4.6010e+03
  4.6420e+03 4.6830e+03]
 [5.0000e+01 7.3000e+01 2.0200e+02 2.5000e+02 3.1600e+02 2.7450e+03
  2.8300e+03 3.0280e+03 3.1170e+03 3.1570e+03 3.4400e+03 3.5020e+03
  3.5920e+03 3.6120e+03 3.6300e+03 3.6620e+03 3.6980e+03 3.7020e+03
  3.7080e+03 3.7550e+03]
 [3.9000e+01 3.2100e+02 2.5910e+03 2.5950e+03 2.6120e+03 2.6180e+03
  2.6310e+03 2.8070e+03 2.8730e+03 2.9410e+03 3.0280e+03 3.0290e+03
  3.1080e+03 3.1520e+03 3.1570e+03 3.1900e+03 3.2220e+03 3.2420e+03
  3.3050e+03 3.3780e+03]
 [1.4780e+03 2.1400e+03 2.1430e+03 2.1560e+03 2.1980e+03 2.2200e+03
  2.2520e+03 2.3350e+03 2.3910e+03 2.4190e+03 2.5150e+03 2.5490e+03
  2.5910e+03 2.6130e+03 2.6990e+03 2.7440e+03 2.8230e+03 2.8300e+03
  2.8730e+03 2.9000e+03]
 [1.4190e+03 1.4230e+03 1.4780e+03 1.5090e+03 1.5310e+03 1.5590e+03
  1.6030e+03 1.6180e+03 1.7060e+03 1.7330e+03 1.7990e+03 1.8490e+03
  1.8740e+03 1.9010e+03 1.9920e+03 2.0450e+03 2.1160e+03 2.1260e+03
  2.1380e+03 2.1400e+03]
 [8.7000e+01 1.8200e+02 4.0100e+02 4.2700e+02 5.1000e+02 5.6000e+02
  7.9500e+02 8.6300e+02 9.5100e+02 9.8800e+02 1.0110e+03 1.0570e+03
  1.1120e+03 1.1410e+03 1.2220e+03 1.2760e+03 1.3460e+03 1.4170e+03
  1.8210e+03 2.0170e+03]
 [0.0000e+00 3.9000e+01 9.5000e+01 1.8200e+02 2.0300e+02 2.1200e+02
  2.9400e+02 3.3800e+02 4.0100e+02 4.1000e+02 4.6000e+02 4.9400e+02
  5.5200e+02 5.7000e+02 6.5700e+02 6.9900e+02 7.7700e+02 8.7500e+02
  9.0500e+02 9.5100e+02]]
