optimal_status: 0
solution: 9429.0
cpu_time: 3601.274076938629
gap: 0.8353464121954386
upper_bound: 1552.5186794092094
lower_bound: 9429.0
cg_matrix: [[0. 0. 0. 0. 1. 0. 0. 0. 1. 1. 1. 1. 0. 0. 0. 1. 1. 0. 0. 1. 1. 0. 0. 1.
  0. 0. 1. 1. 1. 1. 1. 0. 0. 0. 1. 0. 0. 1. 1. 0. 0. 1. 1. 1. 1. 0. 1. 0.
  0. 1.]
 [0. 0. 1. 0. 0. 1. 1. 0. 0. 1. 1. 0. 1. 1. 0. 0. 1. 1. 1. 0. 0. 0. 1. 0.
  1. 0. 0. 0. 1. 0. 1. 1. 0. 0. 1. 1. 0. 0. 1. 1. 1. 0. 1. 0. 0. 0. 0. 1.
  1. 1.]
 [0. 1. 0. 0. 0. 0. 1. 0. 1. 1. 0. 0. 0. 0. 1. 1. 1. 0. 0. 1. 1. 1. 0. 0.
  0. 1. 0. 1. 1. 0. 1. 1. 0. 1. 1. 1. 1. 1. 1. 1. 0. 1. 1. 0. 1. 1. 0. 1.
  1. 0.]
 [0. 0. 0. 0. 0. 1. 0. 0. 1. 0. 0. 1. 0. 0. 1. 1. 1. 0. 1. 0. 0. 0. 0. 0.
  1. 1. 1. 0. 1. 0. 1. 0. 1. 1. 1. 0. 0. 0. 0. 1. 0. 0. 0. 0. 0. 0. 0. 0.
  0. 1.]
 [1. 0. 0. 0. 0. 0. 1. 1. 0. 0. 1. 0. 1. 1. 1. 1. 0. 0. 0. 0. 0. 1. 0. 1.
  1. 0. 1. 1. 0. 1. 0. 0. 1. 1. 0. 0. 0. 0. 1. 1. 1. 0. 0. 1. 1. 1. 1. 1.
  0. 0.]
 [0. 1. 0. 1. 0. 0. 1. 0. 1. 0. 0. 0. 0. 0. 0. 1. 1. 1. 0. 1. 1. 1. 0. 0.
  1. 0. 0. 1. 0. 1. 1. 0. 1. 0. 0. 1. 1. 0. 1. 1. 0. 0. 0. 1. 0. 1. 1. 1.
  1. 0.]
 [0. 1. 1. 0. 1. 1. 0. 0. 0. 0. 1. 0. 1. 0. 1. 0. 1. 1. 1. 1. 0. 0. 0. 0.
  1. 1. 0. 1. 0. 0. 1. 0. 1. 1. 1. 1. 1. 0. 1. 0. 0. 0. 0. 0. 0. 0. 0. 1.
  1. 1.]
 [0. 0. 0. 0. 1. 0. 0. 0. 1. 1. 1. 1. 1. 1. 0. 0. 0. 1. 0. 1. 1. 0. 0. 1.
  0. 0. 1. 0. 0. 1. 1. 1. 1. 1. 1. 0. 1. 1. 1. 1. 1. 1. 0. 1. 1. 1. 0. 0.
  0. 1.]
 [1. 0. 1. 1. 0. 1. 0. 1. 0. 0. 1. 0. 0. 0. 0. 1. 1. 0. 1. 0. 0. 0. 1. 0.
  1. 1. 0. 0. 0. 0. 1. 1. 1. 0. 1. 1. 0. 0. 0. 0. 0. 1. 0. 1. 0. 0. 1. 1.
  1. 1.]
 [1. 1. 1. 0. 0. 0. 0. 1. 0. 0. 0. 0. 0. 0. 1. 0. 0. 1. 0. 1. 1. 1. 1. 0.
  1. 1. 0. 0. 1. 1. 0. 0. 0. 0. 1. 0. 1. 1. 0. 0. 0. 1. 1. 0. 1. 0. 0. 1.
  1. 1.]
 [1. 1. 0. 0. 1. 0. 1. 1. 1. 0. 0. 1. 1. 0. 1. 1. 0. 0. 0. 0. 0. 0. 1. 1.
  1. 1. 1. 0. 0. 0. 1. 0. 0. 1. 1. 0. 0. 0. 1. 0. 0. 0. 0. 0. 1. 1. 1. 0.
  1. 1.]
 [1. 0. 0. 1. 0. 0. 0. 1. 0. 0. 1. 0. 1. 1. 0. 0. 1. 1. 0. 1. 1. 0. 1. 0.
  0. 1. 1. 1. 0. 1. 0. 1. 1. 0. 0. 0. 0. 1. 0. 1. 1. 1. 1. 0. 0. 0. 0. 1.
  0. 1.]
 [0. 1. 0. 0. 1. 0. 1. 1. 0. 0. 1. 1. 0. 0. 0. 0. 0. 1. 0. 1. 0. 1. 1. 0.
  1. 0. 0. 1. 0. 0. 1. 1. 1. 1. 0. 0. 0. 0. 1. 1. 0. 1. 0. 0. 1. 0. 1. 1.
  0. 0.]
 [0. 1. 0. 0. 1. 0. 0. 1. 0. 0. 0. 1. 0. 0. 1. 1. 1. 1. 1. 0. 0. 0. 0. 1.
  1. 0. 0. 1. 0. 1. 0. 1. 1. 0. 0. 1. 1. 1. 1. 0. 0. 1. 0. 1. 0. 1. 0. 1.
  1. 1.]
 [0. 0. 1. 1. 1. 0. 1. 0. 0. 1. 1. 0. 0. 1. 0. 0. 0. 0. 0. 1. 1. 0. 0. 0.
  0. 0. 1. 0. 0. 1. 1. 1. 0. 1. 1. 0. 0. 1. 1. 0. 1. 1. 0. 0. 1. 1. 0. 0.
  1. 0.]
 [1. 0. 1. 1. 1. 1. 0. 0. 1. 0. 1. 0. 0. 1. 0. 0. 0. 0. 0. 0. 0. 0. 0. 0.
  0. 0. 0. 0. 0. 0. 0. 0. 0. 0. 0. 0. 0. 0. 0. 0. 0. 0. 0. 0. 0. 0. 0. 0.
  0. 0.]
 [1. 1. 1. 1. 0. 1. 1. 0. 1. 0. 0. 1. 0. 1. 0. 0. 0. 0. 0. 0. 0. 0. 0. 0.
  0. 0. 0. 0. 0. 0. 0. 0. 0. 0. 0. 0. 0. 0. 0. 0. 0. 0. 0. 0. 0. 0. 0. 0.
  0. 0.]
 [0. 1. 0. 0. 0. 1. 1. 1. 0. 1. 0. 1. 1. 1. 0. 0. 0. 0. 0. 0. 0. 0. 0. 0.
  0. 0. 0. 0. 0. 0. 0. 0. 0. 0. 0. 0. 0. 0. 0. 0. 0. 0. 0. 0. 0. 0. 0. 0.
  0. 0.]
 [0. 1. 0. 1. 0. 0. 1. 0. 1. 0. 0. 0. 0. 1. 0. 0. 0. 0. 0. 0. 0. 0. 0. 0.
  0. 0. 0. 0. 0. 0. 0. 0. 0. 0. 0. 0. 0. 0. 0. 0. 0. 0. 0. 0. 0. 0. 0. 0.
  0. 0.]
 [1. 0. 1. 0. 0. 1. 1. 1. 0. 1. 0. 1. 1. 0. 1. 0. 0. 0. 0. 0. 0. 0. 0. 0.
  0. 0. 0. 0. 0. 0. 0. 0. 0. 0. 0. 0. 0. 0. 0. 0. 0. 0. 0. 0. 0. 0. 0. 0.
  0. 0.]
 [1. 0. 1. 0. 0. 1. 0. 1. 0. 1. 0. 1. 0. 0. 1. 0. 0. 0. 0. 0. 0. 0. 0. 0.
  0. 0. 0. 0. 0. 0. 0. 0. 0. 0. 0. 0. 0. 0. 0. 0. 0. 0. 0. 0. 0. 0. 0. 0.
  0. 0.]
 [0. 0. 1. 0. 1. 1. 0. 0. 0. 1. 0. 0. 1. 0. 0. 0. 0. 0. 0. 0. 0. 0. 0. 0.
  0. 0. 0. 0. 0. 0. 0. 0. 0. 0. 0. 0. 0. 0. 0. 0. 0. 0. 0. 0. 0. 0. 0. 0.
  0. 0.]
 [0. 1. 0. 0. 0. 0. 0. 0. 1. 1. 1. 1. 1. 0. 0. 0. 0. 0. 0. 0. 0. 0. 0. 0.
  0. 0. 0. 0. 0. 0. 0. 0. 0. 0. 0. 0. 0. 0. 0. 0. 0. 0. 0. 0. 0. 0. 0. 0.
  0. 0.]
 [1. 0. 0. 0. 1. 0. 0. 1. 0. 0. 1. 0. 0. 1. 0. 0. 0. 0. 0. 0. 0. 0. 0. 0.
  0. 0. 0. 0. 0. 0. 0. 0. 0. 0. 0. 0. 0. 0. 0. 0. 0. 0. 0. 0. 0. 0. 0. 0.
  0. 0.]
 [0. 1. 0. 1. 1. 1. 1. 0. 1. 1. 1. 0. 1. 1. 0. 0. 0. 0. 0. 0. 0. 0. 0. 0.
  0. 0. 0. 0. 0. 0. 0. 0. 0. 0. 0. 0. 0. 0. 0. 0. 0. 0. 0. 0. 0. 0. 0. 0.
  0. 0.]
 [0. 0. 1. 1. 0. 0. 1. 0. 1. 1. 1. 1. 0. 0. 0. 0. 0. 0. 0. 0. 0. 0. 0. 0.
  0. 0. 0. 0. 0. 0. 0. 0. 0. 0. 0. 0. 0. 0. 0. 0. 0. 0. 0. 0. 0. 0. 0. 0.
  0. 0.]
 [1. 0. 0. 1. 1. 0. 0. 1. 0. 0. 1. 1. 0. 0. 1. 0. 0. 0. 0. 0. 0. 0. 0. 0.
  0. 0. 0. 0. 0. 0. 0. 0. 0. 0. 0. 0. 0. 0. 0. 0. 0. 0. 0. 0. 0. 0. 0. 0.
  0. 0.]
 [1. 0. 1. 0. 1. 1. 1. 0. 0. 0. 0. 1. 1. 1. 0. 0. 0. 0. 0. 0. 0. 0. 0. 0.
  0. 0. 0. 0. 0. 0. 0. 0. 0. 0. 0. 0. 0. 0. 0. 0. 0. 0. 0. 0. 0. 0. 0. 0.
  0. 0.]
 [1. 1. 1. 1. 0. 0. 0. 0. 0. 1. 0. 0. 0. 0. 0. 0. 0. 0. 0. 0. 0. 0. 0. 0.
  0. 0. 0. 0. 0. 0. 0. 0. 0. 0. 0. 0. 0. 0. 0. 0. 0. 0. 0. 0. 0. 0. 0. 0.
  0. 0.]
 [1. 0. 0. 0. 1. 1. 0. 1. 0. 1. 0. 1. 0. 1. 1. 0. 0. 0. 0. 0. 0. 0. 0. 0.
  0. 0. 0. 0. 0. 0. 0. 0. 0. 0. 0. 0. 0. 0. 0. 0. 0. 0. 0. 0. 0. 0. 0. 0.
  0. 0.]
 [1. 1. 1. 1. 0. 1. 1. 1. 1. 0. 1. 0. 1. 0. 1. 0. 0. 0. 0. 0. 0. 0. 0. 0.
  0. 0. 0. 0. 0. 0. 0. 0. 0. 0. 0. 0. 0. 0. 0. 0. 0. 0. 0. 0. 0. 0. 0. 0.
  0. 0.]
 [0. 1. 1. 0. 0. 0. 0. 1. 1. 0. 0. 1. 1. 1. 1. 0. 0. 0. 0. 0. 0. 0. 0. 0.
  0. 0. 0. 0. 0. 0. 0. 0. 0. 0. 0. 0. 0. 0. 0. 0. 0. 0. 0. 0. 0. 0. 0. 0.
  0. 0.]
 [0. 0. 0. 1. 1. 1. 1. 1. 1. 0. 0. 1. 1. 1. 0. 0. 0. 0. 0. 0. 0. 0. 0. 0.
  0. 0. 0. 0. 0. 0. 0. 0. 0. 0. 0. 0. 0. 0. 0. 0. 0. 0. 0. 0. 0. 0. 0. 0.
  0. 0.]
 [0. 0. 1. 1. 1. 0. 1. 1. 0. 0. 1. 0. 1. 0. 1. 0. 0. 0. 0. 0. 0. 0. 0. 0.
  0. 0. 0. 0. 0. 0. 0. 0. 0. 0. 0. 0. 0. 0. 0. 0. 0. 0. 0. 0. 0. 0. 0. 0.
  0. 0.]
 [1. 1. 1. 1. 0. 0. 1. 1. 1. 1. 1. 0. 0. 0. 1. 0. 0. 0. 0. 0. 0. 0. 0. 0.
  0. 0. 0. 0. 0. 0. 0. 0. 0. 0. 0. 0. 0. 0. 0. 0. 0. 0. 0. 0. 0. 0. 0. 0.
  0. 0.]
 [0. 1. 1. 0. 0. 1. 1. 0. 1. 0. 0. 0. 0. 1. 0. 0. 0. 0. 0. 0. 0. 0. 0. 0.
  0. 0. 0. 0. 0. 0. 0. 0. 0. 0. 0. 0. 0. 0. 0. 0. 0. 0. 0. 0. 0. 0. 0. 0.
  0. 0.]
 [0. 0. 1. 0. 0. 1. 1. 1. 0. 1. 0. 0. 0. 1. 0. 0. 0. 0. 0. 0. 0. 0. 0. 0.
  0. 0. 0. 0. 0. 0. 0. 0. 0. 0. 0. 0. 0. 0. 0. 0. 0. 0. 0. 0. 0. 0. 0. 0.
  0. 0.]
 [1. 0. 1. 0. 0. 0. 0. 1. 0. 1. 0. 1. 0. 1. 1. 0. 0. 0. 0. 0. 0. 0. 0. 0.
  0. 0. 0. 0. 0. 0. 0. 0. 0. 0. 0. 0. 0. 0. 0. 0. 0. 0. 0. 0. 0. 0. 0. 0.
  0. 0.]
 [1. 1. 1. 0. 1. 1. 1. 1. 0. 0. 1. 0. 1. 1. 1. 0. 0. 0. 0. 0. 0. 0. 0. 0.
  0. 0. 0. 0. 0. 0. 0. 0. 0. 0. 0. 0. 0. 0. 0. 0. 0. 0. 0. 0. 0. 0. 0. 0.
  0. 0.]
 [0. 1. 1. 1. 1. 1. 0. 1. 0. 0. 0. 1. 1. 0. 0. 0. 0. 0. 0. 0. 0. 0. 0. 0.
  0. 0. 0. 0. 0. 0. 0. 0. 0. 0. 0. 0. 0. 0. 0. 0. 0. 0. 0. 0. 0. 0. 0. 0.
  0. 0.]
 [0. 1. 0. 0. 1. 0. 0. 1. 0. 0. 0. 1. 0. 0. 1. 0. 0. 0. 0. 0. 0. 0. 0. 0.
  0. 0. 0. 0. 0. 0. 0. 0. 0. 0. 0. 0. 0. 0. 0. 0. 0. 0. 0. 0. 0. 0. 0. 0.
  0. 0.]
 [1. 0. 1. 0. 0. 0. 0. 1. 1. 1. 0. 1. 1. 1. 1. 0. 0. 0. 0. 0. 0. 0. 0. 0.
  0. 0. 0. 0. 0. 0. 0. 0. 0. 0. 0. 0. 0. 0. 0. 0. 0. 0. 0. 0. 0. 0. 0. 0.
  0. 0.]
 [1. 1. 1. 0. 0. 0. 0. 0. 0. 1. 0. 1. 0. 0. 0. 0. 0. 0. 0. 0. 0. 0. 0. 0.
  0. 0. 0. 0. 0. 0. 0. 0. 0. 0. 0. 0. 0. 0. 0. 0. 0. 0. 0. 0. 0. 0. 0. 0.
  0. 0.]
 [1. 0. 0. 0. 1. 1. 0. 1. 1. 0. 0. 0. 0. 1. 0. 0. 0. 0. 0. 0. 0. 0. 0. 0.
  0. 0. 0. 0. 0. 0. 0. 0. 0. 0. 0. 0. 0. 0. 0. 0. 0. 0. 0. 0. 0. 0. 0. 0.
  0. 0.]
 [1. 0. 1. 0. 1. 0. 0. 1. 0. 1. 1. 0. 1. 0. 1. 0. 0. 0. 0. 0. 0. 0. 0. 0.
  0. 0. 0. 0. 0. 0. 0. 0. 0. 0. 0. 0. 0. 0. 0. 0. 0. 0. 0. 0. 0. 0. 0. 0.
  0. 0.]
 [0. 0. 1. 0. 1. 1. 0. 1. 0. 0. 1. 0. 0. 1. 1. 0. 0. 0. 0. 0. 0. 0. 0. 0.
  0. 0. 0. 0. 0. 0. 0. 0. 0. 0. 0. 0. 0. 0. 0. 0. 0. 0. 0. 0. 0. 0. 0. 0.
  0. 0.]
 [1. 0. 0. 0. 1. 1. 0. 0. 1. 0. 1. 0. 1. 0. 0. 0. 0. 0. 0. 0. 0. 0. 0. 0.
  0. 0. 0. 0. 0. 0. 0. 0. 0. 0. 0. 0. 0. 0. 0. 0. 0. 0. 0. 0. 0. 0. 0. 0.
  0. 0.]
 [0. 1. 1. 0. 1. 1. 1. 0. 1. 1. 0. 1. 1. 1. 0. 0. 0. 0. 0. 0. 0. 0. 0. 0.
  0. 0. 0. 0. 0. 0. 0. 0. 0. 0. 0. 0. 0. 0. 0. 0. 0. 0. 0. 0. 0. 0. 0. 0.
  0. 0.]
 [0. 1. 1. 0. 0. 1. 1. 0. 1. 1. 1. 0. 0. 1. 1. 0. 0. 0. 0. 0. 0. 0. 0. 0.
  0. 0. 0. 0. 0. 0. 0. 0. 0. 0. 0. 0. 0. 0. 0. 0. 0. 0. 0. 0. 0. 0. 0. 0.
  0. 0.]
 [1. 1. 0. 1. 0. 0. 1. 1. 1. 1. 1. 1. 0. 1. 0. 0. 0. 0. 0. 0. 0. 0. 0. 0.
  0. 0. 0. 0. 0. 0. 0. 0. 0. 0. 0. 0. 0. 0. 0. 0. 0. 0. 0. 0. 0. 0. 0. 0.
  0. 0.]]
start_times_array: [[8.259e+03 8.289e+03 8.396e+03 8.619e+03 8.652e+03 8.730e+03 8.853e+03
  8.910e+03 8.942e+03 8.976e+03 9.064e+03 9.158e+03 9.243e+03 9.326e+03
  9.356e+03]
 [7.602e+03 7.616e+03 7.667e+03 7.923e+03 8.351e+03 8.632e+03 8.654e+03
  8.717e+03 8.788e+03 8.803e+03 8.949e+03 9.016e+03 9.106e+03 9.278e+03
  9.351e+03]
 [2.360e+02 6.815e+03 7.673e+03 7.865e+03 7.875e+03 8.076e+03 8.232e+03
  8.329e+03 8.543e+03 8.802e+03 8.890e+03 8.893e+03 9.007e+03 9.161e+03
  9.238e+03]
 [1.242e+03 7.825e+03 8.085e+03 8.171e+03 8.411e+03 8.523e+03 8.619e+03
  8.717e+03 8.771e+03 8.928e+03 8.949e+03 9.041e+03 9.044e+03 9.083e+03
  9.104e+03]
 [6.197e+03 6.250e+03 7.602e+03 7.752e+03 7.842e+03 7.974e+03 8.078e+03
  8.171e+03 8.305e+03 8.467e+03 8.514e+03 8.540e+03 8.649e+03 8.776e+03
  8.871e+03]
 [6.530e+02 6.601e+03 6.749e+03 6.962e+03 7.078e+03 7.315e+03 7.695e+03
  7.777e+03 7.891e+03 7.956e+03 8.029e+03 8.259e+03 8.275e+03 8.468e+03
  8.890e+03]
 [3.592e+03 4.025e+03 5.716e+03 6.342e+03 6.431e+03 6.677e+03 6.724e+03
  6.850e+03 6.888e+03 6.916e+03 6.984e+03 7.131e+03 7.462e+03 7.561e+03
  8.396e+03]
 [6.527e+03 6.601e+03 6.962e+03 6.973e+03 7.131e+03 7.315e+03 7.381e+03
  7.404e+03 7.419e+03 7.443e+03 7.553e+03 7.695e+03 7.906e+03 8.026e+03
  8.275e+03]
 [9.320e+02 3.870e+03 5.985e+03 6.250e+03 6.342e+03 6.435e+03 6.583e+03
  6.678e+03 6.841e+03 6.867e+03 7.064e+03 7.229e+03 7.561e+03 7.670e+03
  8.124e+03]
 [2.288e+03 4.025e+03 4.318e+03 4.374e+03 4.448e+03 4.540e+03 4.586e+03
  4.679e+03 6.745e+03 6.841e+03 6.879e+03 7.052e+03 7.307e+03 7.484e+03
  7.752e+03]
 [4.212e+03 4.962e+03 5.408e+03 5.492e+03 5.667e+03 5.843e+03 5.888e+03
  5.932e+03 6.083e+03 6.166e+03 6.194e+03 6.202e+03 6.577e+03 6.789e+03
  7.078e+03]
 [4.299e+03 4.667e+03 4.676e+03 4.749e+03 4.839e+03 5.036e+03 5.052e+03
  5.142e+03 5.282e+03 5.586e+03 5.650e+03 5.716e+03 5.779e+03 5.985e+03
  6.431e+03]
 [3.677e+03 3.978e+03 4.430e+03 4.525e+03 4.559e+03 4.573e+03 4.584e+03
  4.586e+03 4.638e+03 4.897e+03 5.196e+03 5.330e+03 5.390e+03 5.403e+03
  5.570e+03]
 [3.795e+03 3.859e+03 4.030e+03 4.130e+03 4.209e+03 4.370e+03 4.412e+03
  4.448e+03 4.477e+03 4.534e+03 4.573e+03 4.625e+03 5.330e+03 5.843e+03
  6.120e+03]
 [7.650e+02 9.400e+02 2.940e+03 3.237e+03 3.412e+03 3.457e+03 3.677e+03
  3.710e+03 3.759e+03 3.888e+03 3.972e+03 4.065e+03 4.082e+03 4.136e+03
  4.307e+03]
 [2.200e+01 6.500e+01 1.880e+02 3.700e+02 4.830e+02 8.750e+02 1.321e+03
  1.898e+03 2.827e+03 3.190e+03 3.451e+03 3.516e+03 3.553e+03 3.646e+03
  3.906e+03]
 [2.200e+01 9.580e+02 1.095e+03 2.529e+03 2.681e+03 2.853e+03 3.139e+03
  3.289e+03 3.376e+03 3.485e+03 3.505e+03 3.554e+03 3.677e+03 3.928e+03
  4.136e+03]
 [7.500e+01 6.590e+02 1.532e+03 2.932e+03 2.982e+03 3.030e+03 3.078e+03
  3.129e+03 3.254e+03 3.286e+03 3.354e+03 3.457e+03 3.650e+03 3.735e+03
  4.071e+03]
 [0.000e+00 3.430e+02 4.450e+02 5.830e+02 6.150e+02 1.321e+03 1.697e+03
  2.490e+03 2.529e+03 2.601e+03 2.984e+03 3.247e+03 3.301e+03 3.511e+03
  3.638e+03]
 [4.060e+02 5.040e+02 1.863e+03 2.562e+03 2.736e+03 2.984e+03 3.040e+03
  3.086e+03 3.171e+03 3.325e+03 3.521e+03 3.608e+03 3.782e+03 3.829e+03
  4.235e+03]
 [0.000e+00 1.038e+03 1.102e+03 1.177e+03 1.619e+03 1.804e+03 1.857e+03
  2.312e+03 2.387e+03 2.625e+03 2.640e+03 3.025e+03 3.114e+03 3.170e+03
  3.403e+03]
 [1.312e+03 2.110e+03 2.196e+03 2.302e+03 2.553e+03 2.622e+03 2.701e+03
  2.799e+03 2.886e+03 2.918e+03 3.226e+03 3.297e+03 3.383e+03 3.433e+03
  3.441e+03]
 [4.200e+01 1.537e+03 1.896e+03 2.302e+03 2.620e+03 2.782e+03 2.825e+03
  2.860e+03 2.933e+03 3.030e+03 3.051e+03 3.421e+03 3.516e+03 3.797e+03
  4.041e+03]
 [1.289e+03 1.705e+03 2.377e+03 2.432e+03 2.647e+03 2.759e+03 2.799e+03
  2.932e+03 2.935e+03 2.957e+03 3.121e+03 3.330e+03 3.380e+03 3.400e+03
  3.505e+03]
 [1.380e+02 2.040e+02 6.590e+02 1.102e+03 2.377e+03 2.647e+03 2.720e+03
  2.758e+03 2.933e+03 3.205e+03 3.254e+03 3.297e+03 3.371e+03 3.402e+03
  3.411e+03]
 [6.330e+02 1.108e+03 1.637e+03 2.196e+03 2.429e+03 2.502e+03 2.677e+03
  2.949e+03 2.975e+03 3.101e+03 3.111e+03 3.169e+03 3.201e+03 3.329e+03
  3.402e+03]
 [1.367e+03 1.442e+03 1.800e+03 1.952e+03 2.213e+03 2.442e+03 2.534e+03
  2.552e+03 2.594e+03 2.751e+03 2.758e+03 3.024e+03 3.086e+03 3.139e+03
  3.322e+03]
 [1.890e+02 3.360e+02 1.431e+03 1.478e+03 1.730e+03 1.857e+03 1.947e+03
  2.479e+03 2.839e+03 2.925e+03 2.936e+03 2.975e+03 3.002e+03 3.051e+03
  3.210e+03]
 [1.960e+02 1.648e+03 1.761e+03 1.952e+03 2.249e+03 2.383e+03 2.527e+03
  2.610e+03 2.640e+03 2.842e+03 2.886e+03 2.956e+03 2.957e+03 3.024e+03
  3.025e+03]
 [2.230e+02 1.111e+03 1.348e+03 2.084e+03 2.182e+03 2.223e+03 2.286e+03
  2.302e+03 2.582e+03 2.689e+03 2.860e+03 2.911e+03 2.932e+03 3.036e+03
  3.169e+03]
 [1.900e+01 4.050e+02 7.380e+02 1.038e+03 1.355e+03 1.544e+03 2.370e+03
  2.377e+03 2.416e+03 2.545e+03 2.553e+03 2.582e+03 2.702e+03 2.759e+03
  2.776e+03]
 [2.000e+01 1.270e+02 1.790e+02 2.750e+02 5.110e+02 5.190e+02 6.100e+02
  8.560e+02 1.149e+03 1.644e+03 2.286e+03 2.397e+03 2.479e+03 2.545e+03
  3.033e+03]
 [1.367e+03 1.450e+03 1.463e+03 1.511e+03 1.524e+03 1.563e+03 1.883e+03
  1.987e+03 2.026e+03 2.061e+03 2.288e+03 2.435e+03 2.602e+03 2.647e+03
  2.764e+03]
 [4.480e+02 5.330e+02 1.108e+03 1.153e+03 1.321e+03 1.553e+03 1.839e+03
  2.315e+03 2.373e+03 2.377e+03 2.387e+03 2.552e+03 2.717e+03 2.782e+03
  3.362e+03]
 [0.000e+00 1.321e+03 1.460e+03 1.544e+03 1.692e+03 1.746e+03 2.184e+03
  2.359e+03 2.370e+03 2.442e+03 2.502e+03 2.701e+03 2.800e+03 2.825e+03
  2.854e+03]
 [7.500e+02 1.042e+03 1.343e+03 1.457e+03 1.631e+03 1.789e+03 1.815e+03
  1.883e+03 1.970e+03 1.972e+03 2.343e+03 2.458e+03 2.622e+03 2.654e+03
  2.784e+03]
 [0.000e+00 1.750e+02 1.910e+02 9.320e+02 1.242e+03 1.250e+03 1.726e+03
  1.773e+03 1.964e+03 2.051e+03 2.235e+03 2.432e+03 2.579e+03 2.622e+03
  2.625e+03]
 [1.330e+02 1.320e+03 1.565e+03 1.632e+03 1.665e+03 1.823e+03 1.869e+03
  2.139e+03 2.203e+03 2.270e+03 2.302e+03 2.397e+03 2.454e+03 2.553e+03
  2.603e+03]
 [0.000e+00 2.000e+01 8.500e+02 1.120e+03 1.329e+03 1.343e+03 1.620e+03
  1.625e+03 1.947e+03 2.046e+03 2.292e+03 2.359e+03 2.417e+03 2.609e+03
  2.622e+03]
 [6.400e+01 2.750e+02 6.150e+02 1.362e+03 1.476e+03 1.563e+03 1.632e+03
  1.731e+03 1.971e+03 2.046e+03 2.136e+03 2.213e+03 2.270e+03 2.417e+03
  2.568e+03]
 [0.000e+00 3.870e+02 1.038e+03 1.131e+03 1.404e+03 1.420e+03 1.652e+03
  1.746e+03 1.773e+03 1.806e+03 2.031e+03 2.046e+03 2.124e+03 2.288e+03
  2.534e+03]
 [0.000e+00 1.038e+03 1.210e+03 1.257e+03 1.305e+03 1.380e+03 1.463e+03
  1.532e+03 1.565e+03 1.779e+03 1.799e+03 1.972e+03 2.046e+03 2.246e+03
  2.249e+03]
 [6.500e+01 1.430e+02 3.680e+02 6.530e+02 9.320e+02 1.272e+03 1.420e+03
  1.431e+03 1.526e+03 1.620e+03 1.798e+03 1.806e+03 1.934e+03 1.987e+03
  2.282e+03]
 [4.670e+02 1.015e+03 1.121e+03 1.150e+03 1.218e+03 1.468e+03 1.537e+03
  1.632e+03 1.722e+03 1.858e+03 1.911e+03 1.934e+03 2.081e+03 2.135e+03
  2.223e+03]
 [1.110e+02 1.890e+02 3.210e+02 4.600e+02 4.850e+02 5.330e+02 7.360e+02
  1.038e+03 1.108e+03 1.164e+03 1.223e+03 1.403e+03 1.644e+03 1.697e+03
  1.761e+03]
 [0.000e+00 3.000e+00 1.050e+02 2.750e+02 3.340e+02 5.450e+02 5.990e+02
  6.770e+02 7.360e+02 1.154e+03 1.216e+03 1.305e+03 1.308e+03 1.379e+03
  1.563e+03]
 [4.500e+01 8.300e+01 1.290e+02 1.470e+02 2.790e+02 8.500e+02 9.580e+02
  1.042e+03 1.130e+03 1.215e+03 1.289e+03 1.348e+03 1.409e+03 1.420e+03
  1.579e+03]
 [0.000e+00 7.500e+01 8.200e+01 2.750e+02 3.630e+02 4.070e+02 5.040e+02
  8.490e+02 9.580e+02 1.042e+03 1.129e+03 1.282e+03 1.325e+03 1.395e+03
  1.571e+03]
 [0.000e+00 2.400e+01 8.300e+01 1.620e+02 2.750e+02 3.430e+02 4.420e+02
  5.640e+02 5.910e+02 6.850e+02 1.242e+03 1.372e+03 1.746e+03 1.894e+03
  1.970e+03]
 [0.000e+00 8.400e+01 1.910e+02 2.580e+02 3.850e+02 3.930e+02 4.600e+02
  6.530e+02 7.260e+02 8.360e+02 9.160e+02 9.760e+02 1.038e+03 1.099e+03
  1.189e+03]]
