optimal_status: 0
solution: 5953.0
cpu_time: 3600.107397079468
gap: 0.7515812500124879
upper_bound: 1478.8368186756595
lower_bound: 5953.0
cg_matrix: [[0. 1. 1. 0. 0. 0. 0. 0. 0. 0. 1. 0. 0. 0. 0. 0. 0. 1. 1. 0. 0. 0. 0. 0.
  0. 1. 0. 0. 0. 1. 0. 0. 0. 0. 0. 0. 0. 0. 0. 0. 1. 1. 1. 0. 0. 0. 0. 0.
  0. 0.]
 [1. 0. 0. 0. 1. 0. 0. 1. 0. 0. 1. 0. 0. 0. 0. 0. 0. 0. 0. 0. 1. 0. 1. 0.
  0. 0. 0. 0. 1. 0. 0. 0. 1. 0. 1. 1. 0. 1. 0. 0. 1. 0. 0. 0. 0. 0. 0. 0.
  0. 0.]
 [1. 0. 0. 1. 1. 0. 0. 0. 1. 0. 0. 0. 0. 1. 0. 0. 1. 0. 0. 0. 0. 0. 0. 0.
  0. 0. 0. 1. 0. 0. 0. 1. 0. 1. 0. 0. 0. 0. 1. 0. 0. 1. 0. 0. 0. 0. 0. 0.
  0. 0.]
 [0. 0. 1. 0. 0. 0. 0. 0. 1. 1. 1. 0. 0. 0. 0. 0. 0. 0. 0. 0. 0. 0. 0. 0.
  0. 0. 0. 0. 0. 1. 0. 0. 0. 0. 0. 0. 0. 0. 0. 0. 0. 1. 0. 0. 0. 0. 0. 0.
  0. 0.]
 [0. 1. 1. 0. 0. 0. 0. 0. 0. 0. 0. 0. 0. 0. 0. 1. 0. 0. 0. 0. 0. 1. 0. 0.
  0. 0. 0. 0. 1. 0. 0. 0. 0. 0. 0. 0. 0. 1. 0. 0. 0. 0. 0. 1. 0. 0. 0. 0.
  0. 0.]
 [0. 0. 0. 0. 0. 0. 1. 0. 0. 0. 0. 0. 1. 0. 1. 1. 0. 0. 0. 0. 0. 0. 0. 1.
  0. 0. 1. 1. 0. 0. 0. 0. 0. 0. 0. 0. 0. 0. 0. 0. 1. 0. 0. 0. 0. 0. 0. 0.
  0. 0.]
 [0. 0. 0. 0. 0. 1. 0. 1. 0. 0. 0. 1. 1. 0. 0. 0. 0. 0. 1. 1. 0. 0. 1. 0.
  0. 0. 0. 0. 0. 0. 0. 0. 0. 0. 0. 0. 0. 0. 0. 0. 0. 0. 0. 1. 0. 0. 0. 0.
  0. 0.]
 [0. 1. 0. 0. 0. 0. 1. 0. 0. 0. 1. 0. 0. 0. 0. 0. 0. 0. 0. 1. 0. 0. 0. 0.
  0. 0. 0. 1. 0. 0. 0. 1. 0. 1. 1. 1. 0. 0. 0. 0. 1. 1. 0. 0. 0. 0. 0. 0.
  0. 0.]
 [0. 0. 1. 1. 0. 0. 0. 0. 0. 1. 0. 0. 0. 0. 1. 0. 1. 0. 1. 0. 0. 1. 0. 0.
  0. 0. 0. 0. 1. 1. 0. 1. 0. 0. 0. 0. 1. 0. 0. 0. 0. 1. 0. 1. 0. 0. 1. 0.
  1. 0.]
 [0. 0. 0. 1. 0. 0. 0. 0. 1. 0. 0. 0. 0. 1. 0. 0. 1. 0. 1. 0. 0. 1. 0. 0.
  1. 0. 0. 0. 1. 1. 0. 1. 0. 0. 0. 0. 0. 0. 0. 1. 0. 0. 0. 0. 0. 0. 0. 0.
  1. 0.]
 [1. 1. 0. 1. 0. 0. 0. 1. 0. 0. 0. 1. 0. 1. 0. 1. 0. 0. 0. 0. 1. 0. 0. 0.
  0. 1. 0. 0. 0. 0. 0. 0. 1. 0. 0. 1. 0. 0. 1. 0. 0. 0. 0. 0. 0. 0. 0. 0.
  1. 0.]
 [0. 0. 0. 0. 0. 0. 1. 0. 0. 0. 1. 0. 0. 0. 0. 0. 1. 0. 0. 0. 0. 0. 0. 0.
  0. 0. 0. 0. 0. 0. 0. 1. 1. 0. 1. 0. 0. 0. 0. 0. 0. 0. 0. 0. 0. 1. 0. 1.
  0. 0.]
 [0. 0. 0. 0. 0. 1. 1. 0. 0. 0. 0. 0. 0. 0. 0. 0. 0. 0. 0. 0. 0. 0. 0. 1.
  1. 1. 0. 0. 0. 1. 0. 0. 0. 0. 0. 0. 1. 0. 1. 0. 0. 1. 0. 0. 0. 0. 0. 0.
  0. 0.]
 [0. 0. 1. 0. 0. 0. 0. 0. 0. 1. 1. 0. 0. 0. 1. 0. 0. 0. 0. 0. 0. 1. 0. 1.
  0. 0. 0. 1. 0. 0. 0. 0. 0. 0. 0. 1. 0. 0. 0. 0. 1. 1. 0. 0. 0. 0. 0. 0.
  0. 0.]
 [0. 0. 0. 0. 0. 1. 0. 0. 1. 0. 0. 0. 0. 1. 0. 0. 1. 0. 0. 0. 0. 1. 1. 1.
  0. 0. 0. 0. 0. 0. 0. 0. 0. 0. 1. 1. 0. 1. 0. 0. 0. 0. 0. 1. 0. 0. 1. 0.
  1. 0.]
 [0. 0. 0. 0. 1. 1. 0. 0. 0. 0. 1. 0. 0. 0. 0. 0. 0. 0. 0. 0. 0. 0. 0. 0.
  0. 0. 0. 0. 0. 0. 0. 0. 0. 0. 0. 0. 0. 0. 0. 0. 0. 0. 0. 0. 0. 0. 0. 0.
  0. 0.]
 [0. 0. 1. 0. 0. 0. 0. 0. 1. 1. 0. 1. 0. 0. 1. 0. 0. 0. 0. 0. 0. 0. 0. 0.
  0. 0. 0. 0. 0. 0. 0. 0. 0. 0. 0. 0. 0. 0. 0. 0. 0. 0. 0. 0. 0. 0. 0. 0.
  0. 0.]
 [1. 0. 0. 0. 0. 0. 0. 0. 0. 0. 0. 0. 0. 0. 0. 0. 0. 0. 0. 0. 0. 0. 0. 0.
  0. 0. 0. 0. 0. 0. 0. 0. 0. 0. 0. 0. 0. 0. 0. 0. 0. 0. 0. 0. 0. 0. 0. 0.
  0. 0.]
 [1. 0. 0. 0. 0. 0. 1. 0. 1. 1. 0. 0. 0. 0. 0. 0. 0. 0. 0. 0. 0. 0. 0. 0.
  0. 0. 0. 0. 0. 0. 0. 0. 0. 0. 0. 0. 0. 0. 0. 0. 0. 0. 0. 0. 0. 0. 0. 0.
  0. 0.]
 [0. 0. 0. 0. 0. 0. 1. 1. 0. 0. 0. 0. 0. 0. 0. 0. 0. 0. 0. 0. 0. 0. 0. 0.
  0. 0. 0. 0. 0. 0. 0. 0. 0. 0. 0. 0. 0. 0. 0. 0. 0. 0. 0. 0. 0. 0. 0. 0.
  0. 0.]
 [0. 1. 0. 0. 0. 0. 0. 0. 0. 0. 1. 0. 0. 0. 0. 0. 0. 0. 0. 0. 0. 0. 0. 0.
  0. 0. 0. 0. 0. 0. 0. 0. 0. 0. 0. 0. 0. 0. 0. 0. 0. 0. 0. 0. 0. 0. 0. 0.
  0. 0.]
 [0. 0. 0. 0. 1. 0. 0. 0. 1. 1. 0. 0. 0. 1. 1. 0. 0. 0. 0. 0. 0. 0. 0. 0.
  0. 0. 0. 0. 0. 0. 0. 0. 0. 0. 0. 0. 0. 0. 0. 0. 0. 0. 0. 0. 0. 0. 0. 0.
  0. 0.]
 [0. 1. 0. 0. 0. 0. 1. 0. 0. 0. 0. 0. 0. 0. 1. 0. 0. 0. 0. 0. 0. 0. 0. 0.
  0. 0. 0. 0. 0. 0. 0. 0. 0. 0. 0. 0. 0. 0. 0. 0. 0. 0. 0. 0. 0. 0. 0. 0.
  0. 0.]
 [0. 0. 0. 0. 0. 1. 0. 0. 0. 0. 0. 0. 1. 1. 1. 0. 0. 0. 0. 0. 0. 0. 0. 0.
  0. 0. 0. 0. 0. 0. 0. 0. 0. 0. 0. 0. 0. 0. 0. 0. 0. 0. 0. 0. 0. 0. 0. 0.
  0. 0.]
 [0. 0. 0. 0. 0. 0. 0. 0. 0. 1. 0. 0. 1. 0. 0. 0. 0. 0. 0. 0. 0. 0. 0. 0.
  0. 0. 0. 0. 0. 0. 0. 0. 0. 0. 0. 0. 0. 0. 0. 0. 0. 0. 0. 0. 0. 0. 0. 0.
  0. 0.]
 [1. 0. 0. 0. 0. 0. 0. 0. 0. 0. 1. 0. 1. 0. 0. 0. 0. 0. 0. 0. 0. 0. 0. 0.
  0. 0. 0. 0. 0. 0. 0. 0. 0. 0. 0. 0. 0. 0. 0. 0. 0. 0. 0. 0. 0. 0. 0. 0.
  0. 0.]
 [0. 0. 0. 0. 0. 1. 0. 0. 0. 0. 0. 0. 0. 0. 0. 0. 0. 0. 0. 0. 0. 0. 0. 0.
  0. 0. 0. 0. 0. 0. 0. 0. 0. 0. 0. 0. 0. 0. 0. 0. 0. 0. 0. 0. 0. 0. 0. 0.
  0. 0.]
 [0. 0. 1. 0. 0. 1. 0. 1. 0. 0. 0. 0. 0. 1. 0. 0. 0. 0. 0. 0. 0. 0. 0. 0.
  0. 0. 0. 0. 0. 0. 0. 0. 0. 0. 0. 0. 0. 0. 0. 0. 0. 0. 0. 0. 0. 0. 0. 0.
  0. 0.]
 [0. 1. 0. 0. 1. 0. 0. 0. 1. 1. 0. 0. 0. 0. 0. 0. 0. 0. 0. 0. 0. 0. 0. 0.
  0. 0. 0. 0. 0. 0. 0. 0. 0. 0. 0. 0. 0. 0. 0. 0. 0. 0. 0. 0. 0. 0. 0. 0.
  0. 0.]
 [1. 0. 0. 1. 0. 0. 0. 0. 1. 1. 0. 0. 1. 0. 0. 0. 0. 0. 0. 0. 0. 0. 0. 0.
  0. 0. 0. 0. 0. 0. 0. 0. 0. 0. 0. 0. 0. 0. 0. 0. 0. 0. 0. 0. 0. 0. 0. 0.
  0. 0.]
 [0. 0. 0. 0. 0. 0. 0. 0. 0. 0. 0. 0. 0. 0. 0. 0. 0. 0. 0. 0. 0. 0. 0. 0.
  0. 0. 0. 0. 0. 0. 0. 0. 0. 0. 0. 0. 0. 0. 0. 0. 0. 0. 0. 0. 0. 0. 0. 0.
  0. 0.]
 [0. 0. 1. 0. 0. 0. 0. 1. 1. 1. 0. 1. 0. 0. 0. 0. 0. 0. 0. 0. 0. 0. 0. 0.
  0. 0. 0. 0. 0. 0. 0. 0. 0. 0. 0. 0. 0. 0. 0. 0. 0. 0. 0. 0. 0. 0. 0. 0.
  0. 0.]
 [0. 1. 0. 0. 0. 0. 0. 0. 0. 0. 1. 1. 0. 0. 0. 0. 0. 0. 0. 0. 0. 0. 0. 0.
  0. 0. 0. 0. 0. 0. 0. 0. 0. 0. 0. 0. 0. 0. 0. 0. 0. 0. 0. 0. 0. 0. 0. 0.
  0. 0.]
 [0. 0. 1. 0. 0. 0. 0. 1. 0. 0. 0. 0. 0. 0. 0. 0. 0. 0. 0. 0. 0. 0. 0. 0.
  0. 0. 0. 0. 0. 0. 0. 0. 0. 0. 0. 0. 0. 0. 0. 0. 0. 0. 0. 0. 0. 0. 0. 0.
  0. 0.]
 [0. 1. 0. 0. 0. 0. 0. 1. 0. 0. 0. 1. 0. 0. 1. 0. 0. 0. 0. 0. 0. 0. 0. 0.
  0. 0. 0. 0. 0. 0. 0. 0. 0. 0. 0. 0. 0. 0. 0. 0. 0. 0. 0. 0. 0. 0. 0. 0.
  0. 0.]
 [0. 1. 0. 0. 0. 0. 0. 1. 0. 0. 1. 0. 0. 1. 1. 0. 0. 0. 0. 0. 0. 0. 0. 0.
  0. 0. 0. 0. 0. 0. 0. 0. 0. 0. 0. 0. 0. 0. 0. 0. 0. 0. 0. 0. 0. 0. 0. 0.
  0. 0.]
 [0. 0. 0. 0. 0. 0. 0. 0. 1. 0. 0. 0. 1. 0. 0. 0. 0. 0. 0. 0. 0. 0. 0. 0.
  0. 0. 0. 0. 0. 0. 0. 0. 0. 0. 0. 0. 0. 0. 0. 0. 0. 0. 0. 0. 0. 0. 0. 0.
  0. 0.]
 [0. 1. 0. 0. 1. 0. 0. 0. 0. 0. 0. 0. 0. 0. 1. 0. 0. 0. 0. 0. 0. 0. 0. 0.
  0. 0. 0. 0. 0. 0. 0. 0. 0. 0. 0. 0. 0. 0. 0. 0. 0. 0. 0. 0. 0. 0. 0. 0.
  0. 0.]
 [0. 0. 1. 0. 0. 0. 0. 0. 0. 0. 1. 0. 1. 0. 0. 0. 0. 0. 0. 0. 0. 0. 0. 0.
  0. 0. 0. 0. 0. 0. 0. 0. 0. 0. 0. 0. 0. 0. 0. 0. 0. 0. 0. 0. 0. 0. 0. 0.
  0. 0.]
 [0. 0. 0. 0. 0. 0. 0. 0. 0. 1. 0. 0. 0. 0. 0. 0. 0. 0. 0. 0. 0. 0. 0. 0.
  0. 0. 0. 0. 0. 0. 0. 0. 0. 0. 0. 0. 0. 0. 0. 0. 0. 0. 0. 0. 0. 0. 0. 0.
  0. 0.]
 [1. 1. 0. 0. 0. 1. 0. 1. 0. 0. 0. 0. 0. 1. 0. 0. 0. 0. 0. 0. 0. 0. 0. 0.
  0. 0. 0. 0. 0. 0. 0. 0. 0. 0. 0. 0. 0. 0. 0. 0. 0. 0. 0. 0. 0. 0. 0. 0.
  0. 0.]
 [1. 0. 1. 1. 0. 0. 0. 1. 1. 0. 0. 0. 1. 1. 0. 0. 0. 0. 0. 0. 0. 0. 0. 0.
  0. 0. 0. 0. 0. 0. 0. 0. 0. 0. 0. 0. 0. 0. 0. 0. 0. 0. 0. 0. 0. 0. 0. 0.
  0. 0.]
 [1. 0. 0. 0. 0. 0. 0. 0. 0. 0. 0. 0. 0. 0. 0. 0. 0. 0. 0. 0. 0. 0. 0. 0.
  0. 0. 0. 0. 0. 0. 0. 0. 0. 0. 0. 0. 0. 0. 0. 0. 0. 0. 0. 0. 0. 0. 0. 0.
  0. 0.]
 [0. 0. 0. 0. 1. 0. 1. 0. 1. 0. 0. 0. 0. 0. 1. 0. 0. 0. 0. 0. 0. 0. 0. 0.
  0. 0. 0. 0. 0. 0. 0. 0. 0. 0. 0. 0. 0. 0. 0. 0. 0. 0. 0. 0. 0. 0. 0. 0.
  0. 0.]
 [0. 0. 0. 0. 0. 0. 0. 0. 0. 0. 0. 0. 0. 0. 0. 0. 0. 0. 0. 0. 0. 0. 0. 0.
  0. 0. 0. 0. 0. 0. 0. 0. 0. 0. 0. 0. 0. 0. 0. 0. 0. 0. 0. 0. 0. 0. 0. 0.
  0. 0.]
 [0. 0. 0. 0. 0. 0. 0. 0. 0. 0. 0. 1. 0. 0. 0. 0. 0. 0. 0. 0. 0. 0. 0. 0.
  0. 0. 0. 0. 0. 0. 0. 0. 0. 0. 0. 0. 0. 0. 0. 0. 0. 0. 0. 0. 0. 0. 0. 0.
  0. 0.]
 [0. 0. 0. 0. 0. 0. 0. 0. 1. 0. 0. 0. 0. 0. 1. 0. 0. 0. 0. 0. 0. 0. 0. 0.
  0. 0. 0. 0. 0. 0. 0. 0. 0. 0. 0. 0. 0. 0. 0. 0. 0. 0. 0. 0. 0. 0. 0. 0.
  0. 0.]
 [0. 0. 0. 0. 0. 0. 0. 0. 0. 0. 0. 1. 0. 0. 0. 0. 0. 0. 0. 0. 0. 0. 0. 0.
  0. 0. 0. 0. 0. 0. 0. 0. 0. 0. 0. 0. 0. 0. 0. 0. 0. 0. 0. 0. 0. 0. 0. 0.
  0. 0.]
 [0. 0. 0. 0. 0. 0. 0. 0. 1. 1. 1. 0. 0. 0. 1. 0. 0. 0. 0. 0. 0. 0. 0. 0.
  0. 0. 0. 0. 0. 0. 0. 0. 0. 0. 0. 0. 0. 0. 0. 0. 0. 0. 0. 0. 0. 0. 0. 0.
  0. 0.]
 [0. 0. 0. 0. 0. 0. 0. 0. 0. 0. 0. 0. 0. 0. 0. 0. 0. 0. 0. 0. 0. 0. 0. 0.
  0. 0. 0. 0. 0. 0. 0. 0. 0. 0. 0. 0. 0. 0. 0. 0. 0. 0. 0. 0. 0. 0. 0. 0.
  0. 0.]]
start_times_array: [[4.540e+02 1.322e+03 1.461e+03 1.501e+03 2.864e+03 3.658e+03 3.833e+03
  3.920e+03 4.742e+03 4.761e+03 5.288e+03 5.556e+03 5.704e+03 5.847e+03
  5.927e+03]
 [4.790e+02 8.200e+02 9.030e+02 3.007e+03 3.458e+03 3.570e+03 4.100e+03
  4.175e+03 4.405e+03 4.445e+03 4.452e+03 4.658e+03 5.123e+03 5.187e+03
  5.194e+03]
 [1.160e+02 1.591e+03 1.681e+03 1.958e+03 3.317e+03 3.581e+03 4.485e+03
  4.572e+03 4.620e+03 4.849e+03 4.888e+03 4.989e+03 5.098e+03 5.488e+03
  5.627e+03]
 [2.652e+03 2.829e+03 2.848e+03 2.861e+03 3.011e+03 3.106e+03 3.932e+03
  3.936e+03 4.100e+03 4.417e+03 4.580e+03 4.706e+03 5.055e+03 5.258e+03
  5.704e+03]
 [2.700e+01 2.440e+02 2.940e+02 4.220e+02 5.510e+02 7.370e+02 1.066e+03
  1.158e+03 1.277e+03 1.498e+03 3.969e+03 4.294e+03 4.910e+03 5.235e+03
  5.452e+03]
 [1.380e+02 2.660e+02 2.850e+02 5.380e+02 1.591e+03 2.030e+03 2.095e+03
  2.836e+03 2.848e+03 3.054e+03 3.947e+03 4.724e+03 4.872e+03 5.426e+03
  5.869e+03]
 [2.063e+03 2.132e+03 2.216e+03 2.623e+03 2.736e+03 2.864e+03 3.086e+03
  3.466e+03 4.075e+03 4.158e+03 4.521e+03 4.548e+03 4.750e+03 5.542e+03
  5.764e+03]
 [4.300e+01 1.850e+02 4.670e+02 2.829e+03 3.413e+03 3.578e+03 3.707e+03
  3.803e+03 3.893e+03 3.995e+03 4.897e+03 5.261e+03 5.579e+03 5.700e+03
  5.907e+03]
 [2.150e+02 2.760e+02 3.780e+02 7.490e+02 9.310e+02 1.013e+03 1.038e+03
  1.134e+03 1.339e+03 1.366e+03 1.523e+03 3.842e+03 3.909e+03 5.399e+03
  5.576e+03]
 [1.047e+03 1.404e+03 1.892e+03 2.094e+03 2.193e+03 2.208e+03 2.246e+03
  2.450e+03 2.545e+03 2.589e+03 2.736e+03 2.871e+03 4.293e+03 4.790e+03
  5.025e+03]
 [2.450e+02 3.090e+02 5.710e+02 1.038e+03 1.137e+03 1.676e+03 1.791e+03
  4.016e+03 4.318e+03 4.383e+03 4.485e+03 4.521e+03 4.978e+03 5.375e+03
  5.488e+03]
 [4.900e+01 1.710e+02 7.550e+02 2.470e+03 3.180e+03 3.231e+03 3.317e+03
  4.137e+03 4.404e+03 4.683e+03 4.730e+03 5.100e+03 5.673e+03 5.891e+03
  5.948e+03]
 [2.150e+02 3.590e+02 6.390e+02 7.600e+02 9.680e+02 1.318e+03 1.711e+03
  1.766e+03 2.931e+03 3.183e+03 3.246e+03 3.403e+03 5.150e+03 5.279e+03
  5.488e+03]
 [7.240e+02 7.860e+02 9.490e+02 1.176e+03 1.255e+03 2.012e+03 2.798e+03
  3.216e+03 3.416e+03 3.678e+03 3.969e+03 4.141e+03 4.197e+03 4.673e+03
  5.254e+03]
 [6.170e+02 1.047e+03 1.073e+03 1.110e+03 1.395e+03 1.491e+03 1.719e+03
  1.816e+03 1.924e+03 1.952e+03 3.801e+03 4.075e+03 4.185e+03 5.627e+03
  5.772e+03]
 [0.000e+00 7.500e+01 8.110e+02 9.150e+02 9.670e+02 1.215e+03 3.086e+03
  3.106e+03 3.234e+03 4.101e+03 4.617e+03 4.790e+03 5.055e+03 5.177e+03
  5.691e+03]
 [3.060e+02 5.190e+02 6.660e+02 2.332e+03 2.377e+03 2.652e+03 2.811e+03
  2.958e+03 3.313e+03 3.705e+03 5.044e+03 5.222e+03 5.298e+03 5.450e+03
  5.523e+03]
 [5.000e+01 1.290e+02 2.750e+02 1.269e+03 1.551e+03 1.601e+03 1.687e+03
  1.705e+03 1.728e+03 4.055e+03 4.148e+03 4.238e+03 4.429e+03 4.564e+03
  5.848e+03]
 [0.000e+00 4.100e+01 3.290e+02 6.000e+02 6.870e+02 2.332e+03 2.391e+03
  2.466e+03 2.697e+03 2.731e+03 3.009e+03 3.341e+03 3.964e+03 5.496e+03
  5.640e+03]
 [4.500e+01 3.180e+02 3.670e+02 5.350e+02 6.210e+02 2.997e+03 3.182e+03
  3.248e+03 3.335e+03 3.639e+03 3.734e+03 4.443e+03 4.603e+03 5.670e+03
  5.808e+03]
 [1.500e+01 7.340e+02 7.530e+02 1.008e+03 1.138e+03 1.214e+03 2.091e+03
  2.269e+03 2.373e+03 3.115e+03 3.156e+03 4.823e+03 4.884e+03 5.055e+03
  5.668e+03]
 [8.210e+02 8.730e+02 8.980e+02 1.877e+03 1.983e+03 2.131e+03 2.527e+03
  2.652e+03 3.659e+03 3.932e+03 4.216e+03 4.575e+03 4.622e+03 5.044e+03
  5.508e+03]
 [2.240e+02 3.550e+02 3.780e+02 2.311e+03 3.182e+03 3.288e+03 3.298e+03
  3.396e+03 3.696e+03 3.920e+03 3.984e+03 4.294e+03 4.339e+03 4.886e+03
  5.708e+03]
 [4.520e+02 2.199e+03 2.289e+03 2.526e+03 2.628e+03 2.650e+03 3.086e+03
  3.476e+03 3.490e+03 3.570e+03 3.616e+03 3.934e+03 4.303e+03 5.705e+03
  5.936e+03]
 [0.000e+00 4.780e+02 2.367e+03 2.494e+03 2.652e+03 2.798e+03 3.007e+03
  3.366e+03 3.482e+03 3.536e+03 3.748e+03 4.417e+03 4.645e+03 4.669e+03
  5.044e+03]
 [1.138e+03 1.983e+03 2.080e+03 2.184e+03 2.297e+03 2.397e+03 3.007e+03
  3.231e+03 3.585e+03 3.804e+03 4.092e+03 4.523e+03 4.889e+03 5.098e+03
  5.863e+03]
 [0.000e+00 1.500e+01 2.310e+02 3.290e+02 1.084e+03 1.317e+03 1.343e+03
  1.415e+03 1.504e+03 1.539e+03 1.711e+03 3.465e+03 3.627e+03 4.217e+03
  4.403e+03]
 [0.000e+00 3.690e+02 4.790e+02 8.670e+02 1.053e+03 1.111e+03 1.383e+03
  1.518e+03 4.772e+03 5.162e+03 5.340e+03 5.370e+03 5.405e+03 5.422e+03
  5.791e+03]
 [3.400e+02 1.983e+03 2.108e+03 2.394e+03 2.515e+03 2.658e+03 2.803e+03
  3.099e+03 3.171e+03 4.624e+03 4.742e+03 4.821e+03 5.359e+03 5.368e+03
  5.518e+03]
 [1.920e+02 5.040e+02 7.160e+02 3.156e+03 3.263e+03 3.522e+03 3.586e+03
  3.591e+03 3.608e+03 3.614e+03 3.790e+03 4.045e+03 4.184e+03 4.216e+03
  4.485e+03]
 [4.500e+01 1.590e+02 2.390e+02 3.089e+03 3.144e+03 3.210e+03 3.280e+03
  3.471e+03 3.582e+03 3.698e+03 3.960e+03 4.050e+03 5.234e+03 5.404e+03
  5.854e+03]
 [0.000e+00 2.200e+01 4.500e+01 3.380e+02 4.790e+02 6.070e+02 7.050e+02
  1.163e+03 1.240e+03 1.325e+03 2.958e+03 3.054e+03 3.467e+03 3.618e+03
  3.731e+03]
 [7.700e+01 1.227e+03 2.333e+03 2.384e+03 2.529e+03 2.598e+03 3.616e+03
  3.812e+03 3.870e+03 3.907e+03 3.977e+03 4.810e+03 4.931e+03 5.410e+03
  5.826e+03]
 [7.000e+00 1.292e+03 1.417e+03 1.465e+03 1.551e+03 1.570e+03 1.587e+03
  1.676e+03 2.066e+03 2.093e+03 2.728e+03 2.819e+03 2.938e+03 5.520e+03
  5.948e+03]
 [3.000e+00 7.700e+01 2.970e+02 3.700e+02 9.550e+02 1.257e+03 2.373e+03
  3.901e+03 4.233e+03 4.330e+03 4.570e+03 5.109e+03 5.369e+03 5.502e+03
  5.523e+03]
 [3.960e+02 6.810e+02 7.750e+02 2.586e+03 2.666e+03 2.718e+03 3.288e+03
  3.335e+03 3.567e+03 3.618e+03 3.645e+03 4.231e+03 4.523e+03 4.825e+03
  5.854e+03]
 [6.100e+01 1.402e+03 1.681e+03 2.208e+03 2.545e+03 2.547e+03 2.669e+03
  2.734e+03 2.741e+03 3.142e+03 3.331e+03 3.466e+03 3.611e+03 3.995e+03
  5.627e+03]
 [1.997e+03 2.158e+03 2.214e+03 2.285e+03 2.439e+03 2.729e+03 2.840e+03
  3.173e+03 3.261e+03 3.303e+03 3.424e+03 3.614e+03 3.941e+03 4.262e+03
  4.546e+03]
 [0.000e+00 1.898e+03 2.062e+03 2.094e+03 2.187e+03 2.228e+03 2.268e+03
  2.422e+03 2.482e+03 3.007e+03 3.271e+03 4.910e+03 5.405e+03 5.576e+03
  5.772e+03]
 [2.800e+01 4.800e+02 6.020e+02 9.160e+02 9.750e+02 1.206e+03 1.270e+03
  1.331e+03 1.498e+03 4.196e+03 4.281e+03 4.400e+03 4.617e+03 4.645e+03
  4.757e+03]
 [8.500e+01 3.760e+02 6.170e+02 6.210e+02 6.560e+02 6.740e+02 1.118e+03
  1.270e+03 1.332e+03 1.673e+03 1.716e+03 1.781e+03 1.802e+03 1.874e+03
  5.848e+03]
 [4.500e+01 1.862e+03 1.892e+03 2.094e+03 2.242e+03 2.409e+03 2.565e+03
  3.777e+03 3.906e+03 4.025e+03 4.225e+03 4.318e+03 4.332e+03 4.365e+03
  5.738e+03]
 [3.500e+01 2.530e+02 1.284e+03 1.296e+03 1.892e+03 1.918e+03 1.944e+03
  2.025e+03 3.441e+03 3.571e+03 3.839e+03 3.960e+03 4.175e+03 4.262e+03
  5.623e+03]
 [1.120e+02 3.190e+02 4.590e+02 4.790e+02 6.660e+02 7.340e+02 8.190e+02
  1.208e+03 1.637e+03 3.201e+03 3.393e+03 3.474e+03 3.614e+03 3.796e+03
  4.795e+03]
 [3.100e+02 4.440e+02 6.350e+02 8.910e+02 3.258e+03 3.293e+03 3.415e+03
  3.551e+03 3.703e+03 3.712e+03 3.851e+03 3.936e+03 4.426e+03 4.489e+03
  4.973e+03]
 [3.416e+03 3.499e+03 3.586e+03 3.749e+03 3.761e+03 3.840e+03 3.925e+03
  3.998e+03 4.030e+03 4.055e+03 4.196e+03 4.867e+03 5.196e+03 5.483e+03
  5.537e+03]
 [0.000e+00 8.190e+02 2.871e+03 2.939e+03 3.005e+03 3.761e+03 4.032e+03
  4.141e+03 4.197e+03 4.223e+03 4.303e+03 5.223e+03 5.275e+03 5.747e+03
  5.862e+03]
 [4.990e+02 6.040e+02 2.444e+03 2.640e+03 2.745e+03 3.018e+03 3.555e+03
  3.605e+03 3.719e+03 3.776e+03 3.826e+03 3.833e+03 3.920e+03 4.040e+03
  5.264e+03]
 [0.000e+00 2.700e+01 6.660e+02 8.190e+02 1.163e+03 1.211e+03 1.255e+03
  1.591e+03 1.706e+03 1.707e+03 1.813e+03 1.853e+03 2.108e+03 2.376e+03
  2.652e+03]
 [4.000e+00 1.760e+03 1.775e+03 2.193e+03 2.348e+03 2.391e+03 2.600e+03
  2.775e+03 2.792e+03 2.909e+03 2.942e+03 3.025e+03 4.673e+03 4.741e+03
  5.086e+03]]
