optimal_status: 0
solution: 16553.0
cpu_time: 3600.248692035675
gap: 0.8816148118801473
upper_bound: 1959.6300189479205
lower_bound: 16553.0
cg_matrix: [[0. 0. 1. 1. 0. 0. 0. 0. 1. 0. 0. 1. 0. 0. 0. 0. 0. 1. 0. 0. 0. 0. 0. 0.
  0. 1. 0. 0. 0. 0. 0. 0. 0. 0. 0. 0. 0. 0. 0. 0. 0. 0. 0. 0. 1. 0. 0. 0.
  0. 0.]
 [0. 0. 0. 0. 1. 0. 0. 0. 0. 1. 0. 1. 0. 0. 0. 0. 0. 0. 1. 0. 0. 0. 0. 0.
  0. 0. 0. 0. 0. 0. 0. 0. 1. 0. 0. 0. 1. 0. 0. 0. 0. 0. 0. 0. 0. 0. 0. 1.
  0. 0.]
 [1. 0. 0. 0. 1. 1. 0. 0. 0. 0. 0. 0. 0. 1. 0. 0. 0. 0. 0. 0. 0. 0. 0. 0.
  0. 0. 0. 1. 0. 0. 1. 0. 0. 0. 1. 0. 0. 0. 0. 1. 0. 1. 0. 0. 0. 1. 0. 0.
  0. 1.]
 [1. 0. 0. 0. 0. 0. 0. 0. 0. 0. 0. 0. 0. 0. 0. 1. 0. 1. 0. 0. 0. 0. 0. 1.
  1. 0. 0. 0. 0. 1. 1. 1. 0. 0. 0. 0. 1. 0. 0. 1. 0. 0. 1. 0. 0. 0. 1. 0.
  0. 0.]
 [0. 1. 1. 0. 0. 0. 0. 0. 0. 0. 1. 0. 0. 0. 0. 1. 1. 0. 0. 0. 0. 0. 0. 1.
  0. 0. 0. 1. 1. 0. 0. 1. 0. 1. 0. 1. 1. 0. 1. 0. 0. 0. 0. 0. 0. 1. 0. 0.
  0. 0.]
 [0. 0. 1. 0. 0. 0. 0. 0. 0. 0. 0. 0. 0. 0. 0. 0. 0. 0. 0. 0. 1. 0. 1. 0.
  0. 0. 0. 0. 1. 0. 0. 0. 0. 1. 1. 1. 0. 0. 0. 0. 0. 0. 0. 0. 0. 0. 1. 0.
  0. 0.]
 [0. 0. 0. 0. 0. 0. 0. 1. 0. 0. 0. 0. 0. 0. 0. 0. 0. 0. 0. 1. 0. 0. 0. 0.
  0. 0. 0. 0. 1. 0. 0. 0. 1. 0. 0. 0. 0. 0. 0. 0. 0. 0. 1. 0. 0. 0. 1. 0.
  0. 0.]
 [0. 0. 0. 0. 0. 0. 1. 0. 0. 0. 0. 1. 0. 0. 0. 0. 0. 0. 0. 0. 1. 1. 0. 0.
  0. 0. 0. 0. 0. 0. 0. 0. 0. 0. 0. 0. 1. 0. 0. 0. 0. 0. 1. 0. 0. 1. 1. 0.
  0. 1.]
 [1. 0. 0. 0. 0. 0. 0. 0. 0. 0. 0. 0. 0. 0. 0. 1. 0. 1. 0. 0. 0. 0. 0. 0.
  0. 0. 0. 0. 0. 0. 0. 0. 0. 0. 1. 0. 0. 1. 0. 1. 1. 0. 0. 0. 0. 0. 0. 0.
  0. 1.]
 [0. 1. 0. 0. 0. 0. 0. 0. 0. 0. 0. 0. 0. 0. 0. 0. 1. 1. 0. 0. 0. 0. 0. 0.
  0. 0. 0. 0. 1. 1. 1. 1. 0. 0. 0. 1. 0. 0. 0. 1. 0. 1. 1. 1. 1. 0. 0. 1.
  0. 0.]
 [0. 0. 0. 0. 1. 0. 0. 0. 0. 0. 0. 0. 0. 0. 0. 0. 0. 0. 1. 0. 0. 0. 0. 1.
  0. 0. 0. 1. 0. 0. 0. 0. 0. 0. 0. 1. 0. 0. 0. 0. 0. 0. 0. 0. 1. 0. 1. 0.
  0. 0.]
 [1. 1. 0. 0. 0. 0. 0. 1. 0. 0. 0. 0. 0. 0. 0. 0. 0. 0. 1. 0. 1. 0. 0. 0.
  0. 0. 0. 0. 0. 0. 0. 0. 0. 0. 0. 0. 1. 0. 0. 0. 0. 0. 0. 0. 0. 0. 0. 0.
  0. 0.]
 [0. 0. 0. 0. 0. 0. 0. 0. 0. 0. 0. 0. 0. 0. 1. 0. 0. 0. 1. 0. 0. 0. 0. 0.
  0. 0. 1. 0. 0. 0. 0. 1. 0. 0. 0. 0. 1. 0. 0. 0. 0. 1. 0. 0. 0. 0. 0. 1.
  0. 1.]
 [0. 0. 1. 0. 0. 0. 0. 0. 0. 0. 0. 0. 0. 0. 0. 0. 0. 0. 0. 0. 1. 0. 1. 0.
  0. 0. 0. 0. 0. 0. 0. 0. 0. 1. 0. 0. 0. 0. 0. 0. 0. 0. 0. 0. 1. 0. 0. 0.
  0. 0.]
 [0. 0. 0. 0. 0. 0. 0. 0. 0. 0. 0. 0. 1. 0. 0. 0. 0. 0. 1. 0. 0. 1. 1. 0.
  0. 0. 1. 0. 0. 1. 0. 0. 0. 0. 0. 0. 0. 0. 0. 0. 1. 0. 1. 1. 1. 0. 0. 0.
  1. 0.]
 [0. 0. 0. 1. 1. 0. 0. 0. 1. 0. 0. 0. 0. 0. 0. 0. 0. 0. 0. 1. 1. 0. 1. 0.
  0. 0. 0. 0. 1. 0. 0. 1. 0. 0. 1. 0. 0. 0. 1. 0. 0. 0. 0. 0. 0. 0. 0. 0.
  0. 0.]
 [0. 0. 0. 0. 1. 0. 0. 0. 0. 1. 0. 0. 0. 0. 0. 0. 0. 1. 0. 0. 0. 0. 0. 0.
  0. 0. 0. 0. 1. 0. 0. 0. 1. 1. 0. 0. 0. 0. 0. 0. 0. 0. 0. 0. 0. 1. 0. 0.
  0. 1.]
 [1. 0. 0. 1. 0. 0. 0. 0. 1. 1. 0. 0. 0. 0. 0. 0. 1. 0. 0. 1. 0. 0. 1. 0.
  0. 1. 0. 0. 0. 0. 0. 0. 1. 0. 0. 0. 0. 1. 0. 0. 0. 0. 0. 1. 0. 1. 0. 1.
  1. 1.]
 [0. 1. 0. 0. 0. 0. 0. 0. 0. 0. 1. 1. 1. 0. 1. 0. 0. 0. 0. 0. 0. 0. 0. 0.
  0. 0. 0. 1. 0. 1. 0. 0. 0. 1. 0. 0. 0. 0. 0. 0. 0. 0. 0. 0. 1. 1. 0. 0.
  0. 0.]
 [0. 0. 0. 0. 0. 0. 1. 0. 0. 0. 0. 0. 0. 0. 0. 1. 0. 1. 0. 0. 0. 0. 0. 0.
  0. 0. 1. 0. 0. 1. 0. 1. 0. 1. 0. 0. 0. 1. 0. 0. 0. 0. 1. 0. 0. 0. 0. 1.
  0. 0.]
 [0. 0. 0. 0. 0. 1. 0. 1. 0. 0. 0. 1. 0. 1. 0. 1. 0. 0. 0. 0. 0. 0. 0. 0.
  0. 0. 0. 0. 0. 0. 0. 0. 0. 0. 0. 0. 0. 0. 0. 0. 0. 0. 0. 0. 0. 0. 0. 0.
  0. 0.]
 [0. 0. 0. 0. 0. 0. 0. 1. 0. 0. 0. 0. 0. 0. 1. 0. 0. 0. 0. 0. 0. 0. 0. 0.
  0. 0. 0. 0. 0. 0. 0. 0. 0. 0. 0. 0. 0. 0. 0. 0. 0. 0. 0. 0. 0. 0. 0. 0.
  0. 0.]
 [0. 0. 0. 0. 0. 1. 0. 0. 0. 0. 0. 0. 0. 1. 1. 1. 0. 1. 0. 0. 0. 0. 0. 0.
  0. 0. 0. 0. 0. 0. 0. 0. 0. 0. 0. 0. 0. 0. 0. 0. 0. 0. 0. 0. 0. 0. 0. 0.
  0. 0.]
 [0. 0. 0. 1. 1. 0. 0. 0. 0. 0. 1. 0. 0. 0. 0. 0. 0. 0. 0. 0. 0. 0. 0. 0.
  0. 0. 0. 0. 0. 0. 0. 0. 0. 0. 0. 0. 0. 0. 0. 0. 0. 0. 0. 0. 0. 0. 0. 0.
  0. 0.]
 [0. 0. 0. 1. 0. 0. 0. 0. 0. 0. 0. 0. 0. 0. 0. 0. 0. 0. 0. 0. 0. 0. 0. 0.
  0. 0. 0. 0. 0. 0. 0. 0. 0. 0. 0. 0. 0. 0. 0. 0. 0. 0. 0. 0. 0. 0. 0. 0.
  0. 0.]
 [1. 0. 0. 0. 0. 0. 0. 0. 0. 0. 0. 0. 0. 0. 0. 0. 0. 1. 0. 0. 0. 0. 0. 0.
  0. 0. 0. 0. 0. 0. 0. 0. 0. 0. 0. 0. 0. 0. 0. 0. 0. 0. 0. 0. 0. 0. 0. 0.
  0. 0.]
 [0. 0. 0. 0. 0. 0. 0. 0. 0. 0. 0. 0. 1. 0. 1. 0. 0. 0. 0. 1. 0. 0. 0. 0.
  0. 0. 0. 0. 0. 0. 0. 0. 0. 0. 0. 0. 0. 0. 0. 0. 0. 0. 0. 0. 0. 0. 0. 0.
  0. 0.]
 [0. 0. 1. 0. 1. 0. 0. 0. 0. 0. 1. 0. 0. 0. 0. 0. 0. 0. 1. 0. 0. 0. 0. 0.
  0. 0. 0. 0. 0. 0. 0. 0. 0. 0. 0. 0. 0. 0. 0. 0. 0. 0. 0. 0. 0. 0. 0. 0.
  0. 0.]
 [0. 0. 0. 0. 1. 1. 1. 0. 0. 1. 0. 0. 0. 0. 0. 1. 1. 0. 0. 0. 0. 0. 0. 0.
  0. 0. 0. 0. 0. 0. 0. 0. 0. 0. 0. 0. 0. 0. 0. 0. 0. 0. 0. 0. 0. 0. 0. 0.
  0. 0.]
 [0. 0. 0. 1. 0. 0. 0. 0. 0. 1. 0. 0. 0. 0. 1. 0. 0. 0. 1. 1. 0. 0. 0. 0.
  0. 0. 0. 0. 0. 0. 0. 0. 0. 0. 0. 0. 0. 0. 0. 0. 0. 0. 0. 0. 0. 0. 0. 0.
  0. 0.]
 [0. 0. 1. 1. 0. 0. 0. 0. 0. 1. 0. 0. 0. 0. 0. 0. 0. 0. 0. 0. 0. 0. 0. 0.
  0. 0. 0. 0. 0. 0. 0. 0. 0. 0. 0. 0. 0. 0. 0. 0. 0. 0. 0. 0. 0. 0. 0. 0.
  0. 0.]
 [0. 0. 0. 1. 1. 0. 0. 0. 0. 1. 0. 0. 1. 0. 0. 1. 0. 0. 0. 1. 0. 0. 0. 0.
  0. 0. 0. 0. 0. 0. 0. 0. 0. 0. 0. 0. 0. 0. 0. 0. 0. 0. 0. 0. 0. 0. 0. 0.
  0. 0.]
 [0. 1. 0. 0. 0. 0. 1. 0. 0. 0. 0. 0. 0. 0. 0. 0. 1. 1. 0. 0. 0. 0. 0. 0.
  0. 0. 0. 0. 0. 0. 0. 0. 0. 0. 0. 0. 0. 0. 0. 0. 0. 0. 0. 0. 0. 0. 0. 0.
  0. 0.]
 [0. 0. 0. 0. 1. 1. 0. 0. 0. 0. 0. 0. 0. 1. 0. 0. 1. 0. 1. 1. 0. 0. 0. 0.
  0. 0. 0. 0. 0. 0. 0. 0. 0. 0. 0. 0. 0. 0. 0. 0. 0. 0. 0. 0. 0. 0. 0. 0.
  0. 0.]
 [0. 0. 1. 0. 0. 1. 0. 0. 1. 0. 0. 0. 0. 0. 0. 1. 0. 0. 0. 0. 0. 0. 0. 0.
  0. 0. 0. 0. 0. 0. 0. 0. 0. 0. 0. 0. 0. 0. 0. 0. 0. 0. 0. 0. 0. 0. 0. 0.
  0. 0.]
 [0. 0. 0. 0. 1. 1. 0. 0. 0. 1. 1. 0. 0. 0. 0. 0. 0. 0. 0. 0. 0. 0. 0. 0.
  0. 0. 0. 0. 0. 0. 0. 0. 0. 0. 0. 0. 0. 0. 0. 0. 0. 0. 0. 0. 0. 0. 0. 0.
  0. 0.]
 [0. 1. 0. 1. 1. 0. 0. 1. 0. 0. 0. 1. 1. 0. 0. 0. 0. 0. 0. 0. 0. 0. 0. 0.
  0. 0. 0. 0. 0. 0. 0. 0. 0. 0. 0. 0. 0. 0. 0. 0. 0. 0. 0. 0. 0. 0. 0. 0.
  0. 0.]
 [0. 0. 0. 0. 0. 0. 0. 0. 1. 0. 0. 0. 0. 0. 0. 0. 0. 1. 0. 1. 0. 0. 0. 0.
  0. 0. 0. 0. 0. 0. 0. 0. 0. 0. 0. 0. 0. 0. 0. 0. 0. 0. 0. 0. 0. 0. 0. 0.
  0. 0.]
 [0. 0. 0. 0. 1. 0. 0. 0. 0. 0. 0. 0. 0. 0. 0. 1. 0. 0. 0. 0. 0. 0. 0. 0.
  0. 0. 0. 0. 0. 0. 0. 0. 0. 0. 0. 0. 0. 0. 0. 0. 0. 0. 0. 0. 0. 0. 0. 0.
  0. 0.]
 [0. 0. 1. 1. 0. 0. 0. 0. 1. 1. 0. 0. 0. 0. 0. 0. 0. 0. 0. 0. 0. 0. 0. 0.
  0. 0. 0. 0. 0. 0. 0. 0. 0. 0. 0. 0. 0. 0. 0. 0. 0. 0. 0. 0. 0. 0. 0. 0.
  0. 0.]
 [0. 0. 0. 0. 0. 0. 0. 0. 1. 0. 0. 0. 0. 0. 1. 0. 0. 0. 0. 0. 0. 0. 0. 0.
  0. 0. 0. 0. 0. 0. 0. 0. 0. 0. 0. 0. 0. 0. 0. 0. 0. 0. 0. 0. 0. 0. 0. 0.
  0. 0.]
 [0. 0. 1. 0. 0. 0. 0. 0. 0. 1. 0. 0. 1. 0. 0. 0. 0. 0. 0. 0. 0. 0. 0. 0.
  0. 0. 0. 0. 0. 0. 0. 0. 0. 0. 0. 0. 0. 0. 0. 0. 0. 0. 0. 0. 0. 0. 0. 0.
  0. 0.]
 [0. 0. 0. 1. 0. 0. 1. 1. 0. 1. 0. 0. 0. 0. 1. 0. 0. 0. 0. 1. 0. 0. 0. 0.
  0. 0. 0. 0. 0. 0. 0. 0. 0. 0. 0. 0. 0. 0. 0. 0. 0. 0. 0. 0. 0. 0. 0. 0.
  0. 0.]
 [0. 0. 0. 0. 0. 0. 0. 0. 0. 1. 0. 0. 0. 0. 1. 0. 0. 1. 0. 0. 0. 0. 0. 0.
  0. 0. 0. 0. 0. 0. 0. 0. 0. 0. 0. 0. 0. 0. 0. 0. 0. 0. 0. 0. 0. 0. 0. 0.
  0. 0.]
 [1. 0. 0. 0. 0. 0. 0. 0. 0. 1. 1. 0. 0. 1. 1. 0. 0. 0. 1. 0. 0. 0. 0. 0.
  0. 0. 0. 0. 0. 0. 0. 0. 0. 0. 0. 0. 0. 0. 0. 0. 0. 0. 0. 0. 0. 0. 0. 0.
  0. 0.]
 [0. 0. 1. 0. 1. 0. 0. 1. 0. 0. 0. 0. 0. 0. 0. 0. 1. 1. 1. 0. 0. 0. 0. 0.
  0. 0. 0. 0. 0. 0. 0. 0. 0. 0. 0. 0. 0. 0. 0. 0. 0. 0. 0. 0. 0. 0. 0. 0.
  0. 0.]
 [0. 0. 0. 1. 0. 1. 1. 1. 0. 0. 1. 0. 0. 0. 0. 0. 0. 0. 0. 0. 0. 0. 0. 0.
  0. 0. 0. 0. 0. 0. 0. 0. 0. 0. 0. 0. 0. 0. 0. 0. 0. 0. 0. 0. 0. 0. 0. 0.
  0. 0.]
 [0. 1. 0. 0. 0. 0. 0. 0. 0. 1. 0. 0. 1. 0. 0. 0. 0. 1. 0. 1. 0. 0. 0. 0.
  0. 0. 0. 0. 0. 0. 0. 0. 0. 0. 0. 0. 0. 0. 0. 0. 0. 0. 0. 0. 0. 0. 0. 0.
  0. 0.]
 [0. 0. 0. 0. 0. 0. 0. 0. 0. 0. 0. 0. 0. 0. 1. 0. 0. 1. 0. 0. 0. 0. 0. 0.
  0. 0. 0. 0. 0. 0. 0. 0. 0. 0. 0. 0. 0. 0. 0. 0. 0. 0. 0. 0. 0. 0. 0. 0.
  0. 0.]
 [0. 0. 1. 0. 0. 0. 0. 1. 1. 0. 0. 0. 1. 0. 0. 0. 1. 1. 0. 0. 0. 0. 0. 0.
  0. 0. 0. 0. 0. 0. 0. 0. 0. 0. 0. 0. 0. 0. 0. 0. 0. 0. 0. 0. 0. 0. 0. 0.
  0. 0.]]
start_times_array: [[3.9700e+02 4.3400e+02 5.1600e+02 5.6200e+02 6.1400e+02 6.8500e+02
  1.2540e+03 1.4590e+03 7.3350e+03 1.5790e+04 1.5866e+04 1.5927e+04
  1.5937e+04 1.5988e+04 1.6111e+04 1.6271e+04 1.6345e+04 1.6406e+04
  1.6458e+04 1.6526e+04]
 [2.1130e+03 1.5223e+04 1.5294e+04 1.5326e+04 1.5344e+04 1.5370e+04
  1.5469e+04 1.5554e+04 1.5689e+04 1.5730e+04 1.5731e+04 1.5749e+04
  1.5847e+04 1.5849e+04 1.5896e+04 1.5953e+04 1.5997e+04 1.6123e+04
  1.6514e+04 1.6526e+04]
 [1.8300e+03 1.5223e+04 1.5278e+04 1.5303e+04 1.5327e+04 1.5370e+04
  1.5434e+04 1.5474e+04 1.5511e+04 1.5541e+04 1.5612e+04 1.5676e+04
  1.5689e+04 1.5722e+04 1.5748e+04 1.6047e+04 1.6123e+04 1.6178e+04
  1.6254e+04 1.6545e+04]
 [5.3100e+02 1.0460e+03 1.0707e+04 1.1355e+04 1.1364e+04 1.1448e+04
  1.3126e+04 1.3426e+04 1.4890e+04 1.4969e+04 1.5048e+04 1.5088e+04
  1.5127e+04 1.5136e+04 1.5172e+04 1.5254e+04 1.5293e+04 1.5326e+04
  1.5369e+04 1.5455e+04]
 [1.1340e+03 1.2440e+03 1.2888e+04 1.3249e+04 1.3279e+04 1.3501e+04
  1.3703e+04 1.3775e+04 1.4003e+04 1.4053e+04 1.4056e+04 1.4140e+04
  1.4212e+04 1.4884e+04 1.4957e+04 1.5011e+04 1.5026e+04 1.5090e+04
  1.5133e+04 1.5143e+04]
 [6.7900e+02 1.5080e+03 1.5550e+03 2.4220e+03 1.2991e+04 1.3080e+04
  1.3125e+04 1.3198e+04 1.3280e+04 1.3521e+04 1.3537e+04 1.3545e+04
  1.3644e+04 1.3714e+04 1.3736e+04 1.3825e+04 1.3890e+04 1.3946e+04
  1.4038e+04 1.4053e+04]
 [4.8000e+02 1.1730e+03 1.3652e+04 1.3694e+04 1.3775e+04 1.3857e+04
  1.3913e+04 1.3996e+04 1.4093e+04 1.4140e+04 1.4231e+04 1.4279e+04
  1.4365e+04 1.4393e+04 1.4473e+04 1.4562e+04 1.4653e+04 1.4697e+04
  1.4764e+04 1.4831e+04]
 [1.9240e+03 1.2913e+04 1.3009e+04 1.3052e+04 1.3075e+04 1.3125e+04
  1.3203e+04 1.3267e+04 1.3280e+04 1.3334e+04 1.3354e+04 1.3391e+04
  1.3413e+04 1.3426e+04 1.3479e+04 1.3483e+04 1.3536e+04 1.3543e+04
  1.3596e+04 1.3992e+04]
 [1.2260e+03 1.3590e+03 1.5930e+03 1.2753e+04 1.2829e+04 1.2831e+04
  1.2842e+04 1.2858e+04 1.2913e+04 1.2991e+04 1.3046e+04 1.3123e+04
  1.3155e+04 1.3182e+04 1.3228e+04 1.3245e+04 1.3290e+04 1.3330e+04
  1.3424e+04 1.4200e+04]
 [1.1294e+04 1.1353e+04 1.1434e+04 1.1538e+04 1.2667e+04 1.2704e+04
  1.2734e+04 1.2766e+04 1.2841e+04 1.2913e+04 1.3012e+04 1.3035e+04
  1.3067e+04 1.3094e+04 1.3126e+04 1.3203e+04 1.3209e+04 1.3269e+04
  1.3354e+04 1.3537e+04]
 [4.8000e+02 5.6900e+02 6.7800e+02 9.6400e+02 1.1770e+03 1.2310e+03
  1.1861e+04 1.1893e+04 1.2228e+04 1.2281e+04 1.2357e+04 1.2440e+04
  1.2515e+04 1.2544e+04 1.2623e+04 1.2688e+04 1.2738e+04 1.2775e+04
  1.2793e+04 1.2842e+04]
 [1.9800e+02 5.3100e+02 9.1810e+03 1.0764e+04 1.1814e+04 1.1847e+04
  1.1861e+04 1.1903e+04 1.1915e+04 1.2007e+04 1.2075e+04 1.2169e+04
  1.2198e+04 1.2484e+04 1.2524e+04 1.2534e+04 1.2577e+04 1.2585e+04
  1.2667e+04 1.2755e+04]
 [1.0912e+04 1.1453e+04 1.1538e+04 1.1550e+04 1.1606e+04 1.1667e+04
  1.1673e+04 1.1750e+04 1.1954e+04 1.1994e+04 1.2045e+04 1.2131e+04
  1.2169e+04 1.2258e+04 1.2356e+04 1.2398e+04 1.2491e+04 1.2641e+04
  1.2738e+04 1.2771e+04]
 [5.0700e+02 8.8410e+03 9.5020e+03 1.0221e+04 1.0575e+04 1.0583e+04
  1.0659e+04 1.1364e+04 1.1453e+04 1.1534e+04 1.1619e+04 1.1707e+04
  1.1723e+04 1.1771e+04 1.1794e+04 1.1821e+04 1.1915e+04 1.1957e+04
  1.1962e+04 1.2258e+04]
 [9.0180e+03 9.0540e+03 9.5870e+03 9.6670e+03 9.7010e+03 9.7310e+03
  1.0230e+04 1.0581e+04 1.0583e+04 1.0672e+04 1.0703e+04 1.0764e+04
  1.0799e+04 1.0868e+04 1.0896e+04 1.1294e+04 1.1364e+04 1.1452e+04
  1.1814e+04 1.1911e+04]
 [7.6700e+02 9.5060e+03 9.6210e+03 9.6850e+03 9.7350e+03 1.0195e+04
  1.0221e+04 1.0241e+04 1.0252e+04 1.0268e+04 1.0271e+04 1.0332e+04
  1.0361e+04 1.0492e+04 1.0558e+04 1.0656e+04 1.0771e+04 1.1176e+04
  1.1226e+04 1.1322e+04]
 [1.4420e+03 9.8680e+03 1.0230e+04 1.0260e+04 1.0361e+04 1.0457e+04
  1.0492e+04 1.0512e+04 1.0575e+04 1.0636e+04 1.0651e+04 1.0696e+04
  1.0759e+04 1.0825e+04 1.0886e+04 1.0956e+04 1.1031e+04 1.1120e+04
  1.1217e+04 1.1234e+04]
 [1.0940e+03 1.7890e+03 1.8300e+03 1.8390e+03 9.5060e+03 9.6210e+03
  9.6900e+03 9.7450e+03 9.7750e+03 9.7820e+03 9.8090e+03 9.8840e+03
  9.9170e+03 9.9350e+03 1.0012e+04 1.0069e+04 1.0159e+04 1.0183e+04
  1.0224e+04 1.0290e+04]
 [1.5930e+03 7.4110e+03 7.4560e+03 7.6060e+03 7.8460e+03 8.4660e+03
  8.4810e+03 8.7570e+03 8.8560e+03 8.9000e+03 8.9010e+03 8.9170e+03
  8.9280e+03 8.9800e+03 9.1140e+03 9.1680e+03 9.3610e+03 9.4340e+03
  9.5020e+03 9.7840e+03]
 [8.5480e+03 8.5620e+03 8.5950e+03 8.6600e+03 8.7570e+03 8.8310e+03
  8.8860e+03 8.9040e+03 8.9800e+03 9.0540e+03 9.1240e+03 9.2020e+03
  9.2170e+03 9.2570e+03 9.2790e+03 9.3350e+03 9.4030e+03 9.4340e+03
  9.4870e+03 9.5320e+03]
 [1.4180e+03 3.4990e+03 6.3720e+03 6.4640e+03 6.5280e+03 6.6170e+03
  6.6680e+03 6.7360e+03 7.7300e+03 7.7510e+03 7.7560e+03 7.7610e+03
  7.8460e+03 8.0400e+03 8.1340e+03 8.2680e+03 8.3390e+03 8.3780e+03
  8.4360e+03 8.4660e+03]
 [0.0000e+00 8.2000e+01 3.9800e+02 4.8000e+02 4.9400e+02 6.8500e+02
  7.7600e+02 8.3700e+02 9.9500e+02 1.4300e+03 7.7370e+03 7.7900e+03
  7.9440e+03 8.0380e+03 8.0890e+03 8.1350e+03 8.2300e+03 8.7360e+03
  8.7480e+03 8.7570e+03]
 [1.2710e+03 1.3680e+03 1.5210e+03 4.6210e+03 5.0710e+03 6.8060e+03
  6.8900e+03 6.9550e+03 7.5230e+03 7.5520e+03 8.0040e+03 8.0170e+03
  8.0400e+03 8.1350e+03 8.4860e+03 8.5220e+03 8.5290e+03 8.5630e+03
  8.5810e+03 8.6400e+03]
 [4.4500e+02 5.9300e+02 7.6300e+02 5.3620e+03 7.3350e+03 7.4040e+03
  7.4060e+03 7.5020e+03 7.5230e+03 7.6040e+03 7.6360e+03 7.7150e+03
  7.7610e+03 7.8530e+03 7.9410e+03 7.9440e+03 7.9640e+03 8.0170e+03
  8.0910e+03 8.2310e+03]
 [8.7000e+01 3.8300e+02 3.8800e+02 4.3800e+02 4.6400e+02 5.6200e+02
  8.2700e+02 7.2290e+03 7.3060e+03 7.3350e+03 7.3990e+03 7.4060e+03
  7.4760e+03 7.5570e+03 7.6180e+03 7.7000e+03 7.7300e+03 7.7470e+03
  7.8390e+03 7.8410e+03]
 [1.0530e+03 6.2030e+03 6.2820e+03 6.3540e+03 6.4420e+03 6.4430e+03
  6.6750e+03 6.7740e+03 6.8060e+03 6.8610e+03 6.9410e+03 6.9690e+03
  7.0560e+03 7.1210e+03 7.1570e+03 7.2290e+03 7.2340e+03 7.2470e+03
  7.3030e+03 7.4110e+03]
 [1.0100e+02 1.3170e+03 6.0150e+03 6.0670e+03 6.1310e+03 6.1910e+03
  6.2720e+03 6.3160e+03 6.3590e+03 6.3680e+03 6.3720e+03 6.4330e+03
  6.4570e+03 6.5190e+03 6.5750e+03 6.5920e+03 6.6010e+03 6.6300e+03
  6.6750e+03 6.7380e+03]
 [0.0000e+00 6.4000e+01 2.6300e+02 3.5700e+02 6.1900e+02 6.3500e+02
  1.3240e+03 5.7200e+03 5.7390e+03 5.8300e+03 5.9810e+03 6.0760e+03
  6.0970e+03 6.1470e+03 6.2290e+03 6.2310e+03 6.3040e+03 6.3590e+03
  6.4520e+03 7.3760e+03]
 [1.3000e+01 4.9300e+03 4.9950e+03 5.0200e+03 5.0980e+03 5.1260e+03
  5.2020e+03 5.2030e+03 5.2060e+03 5.2120e+03 5.2860e+03 5.3010e+03
  5.3600e+03 5.4510e+03 5.4610e+03 5.4960e+03 5.5040e+03 5.5310e+03
  5.5660e+03 5.5940e+03]
 [7.0000e+00 6.9000e+01 1.7200e+02 4.2600e+02 4.3900e+02 6.1400e+02
  6.7000e+02 7.1200e+02 7.6000e+02 1.1340e+03 1.2310e+03 1.3110e+03
  5.0690e+03 5.1490e+03 5.7700e+03 5.8600e+03 5.8860e+03 5.9850e+03
  6.0200e+03 6.1040e+03]
 [1.8840e+03 2.5620e+03 4.7180e+03 4.7460e+03 4.8980e+03 4.9970e+03
  5.0170e+03 5.2970e+03 5.3250e+03 5.3710e+03 5.4760e+03 5.5420e+03
  5.5740e+03 5.6110e+03 5.6430e+03 5.6910e+03 5.7380e+03 5.7700e+03
  5.7720e+03 5.8500e+03]
 [2.4900e+02 4.7100e+02 4.1870e+03 4.5580e+03 4.9720e+03 5.0410e+03
  5.1100e+03 5.2030e+03 5.2570e+03 5.3470e+03 5.3620e+03 5.4250e+03
  5.4960e+03 5.5800e+03 5.6580e+03 5.7200e+03 5.8040e+03 5.9030e+03
  5.9850e+03 6.0150e+03]
 [3.3660e+03 3.4350e+03 3.7270e+03 3.8020e+03 3.8250e+03 4.0180e+03
  4.0730e+03 4.0840e+03 5.0120e+03 5.1020e+03 5.2060e+03 5.3250e+03
  5.4240e+03 5.5240e+03 5.5940e+03 5.6170e+03 5.7020e+03 5.7520e+03
  5.8330e+03 5.8500e+03]
 [7.3400e+02 3.8250e+03 3.8800e+03 4.6820e+03 4.8020e+03 4.8190e+03
  4.8980e+03 4.9710e+03 4.9900e+03 5.0200e+03 5.0570e+03 5.0690e+03
  5.0880e+03 5.0970e+03 5.1020e+03 5.1060e+03 5.1910e+03 5.2790e+03
  5.3250e+03 5.3350e+03]
 [1.0400e+02 2.8600e+02 3.2700e+02 4.1700e+02 4.8000e+02 6.6000e+02
  6.6400e+02 8.9800e+02 3.8770e+03 3.8920e+03 3.9310e+03 4.2950e+03
  4.3840e+03 4.7670e+03 4.8470e+03 4.9180e+03 5.3110e+03 5.3360e+03
  5.3770e+03 5.4610e+03]
 [7.0000e+00 6.6000e+01 1.1400e+02 3.7000e+02 8.7100e+02 9.3900e+02
  1.0130e+03 1.0460e+03 2.5160e+03 3.4990e+03 3.5500e+03 3.5990e+03
  4.0840e+03 4.5110e+03 4.5580e+03 4.6210e+03 4.6820e+03 4.6980e+03
  4.7080e+03 4.8020e+03]
 [2.5400e+02 2.8600e+02 6.4000e+02 2.1920e+03 2.2400e+03 4.2430e+03
  4.2950e+03 4.3410e+03 4.4080e+03 4.4710e+03 4.4870e+03 4.5110e+03
  4.5430e+03 4.6310e+03 4.7050e+03 4.7180e+03 4.7420e+03 4.8490e+03
  4.8770e+03 4.9510e+03]
 [4.8000e+01 1.0400e+02 1.6400e+02 3.7800e+02 4.7100e+02 5.2800e+02
  5.9000e+02 6.4000e+02 6.4200e+02 6.5700e+02 7.5600e+02 7.7600e+02
  8.2100e+02 8.5900e+02 1.0130e+03 1.0260e+03 1.4790e+03 1.4910e+03
  1.5030e+03 1.5580e+03]
 [6.9000e+01 2.5100e+02 2.6300e+02 3.5500e+02 8.2100e+02 9.6400e+02
  9.7500e+02 1.4150e+03 2.8950e+03 2.9780e+03 2.9960e+03 3.0250e+03
  3.3260e+03 3.6280e+03 3.6840e+03 3.7270e+03 3.7800e+03 3.7900e+03
  3.8310e+03 4.7300e+03]
 [0.0000e+00 4.9000e+01 9.7000e+01 1.5700e+02 1.9700e+02 2.3960e+03
  2.4060e+03 2.5020e+03 2.5100e+03 2.5580e+03 2.6490e+03 2.7370e+03
  3.4720e+03 3.5620e+03 3.6150e+03 3.6400e+03 3.6720e+03 3.7150e+03
  3.7650e+03 3.7680e+03]
 [4.1700e+02 5.3500e+02 5.7700e+02 1.7890e+03 2.1160e+03 2.3310e+03
  2.4200e+03 2.4220e+03 2.4790e+03 2.5050e+03 2.5820e+03 2.6140e+03
  2.7370e+03 3.9730e+03 4.0180e+03 4.0730e+03 4.1100e+03 4.1760e+03
  4.1870e+03 4.1880e+03]
 [0.0000e+00 2.2000e+01 6.1000e+01 8.7000e+01 1.9000e+02 2.5100e+02
  3.0500e+02 3.3200e+02 3.5700e+02 8.1500e+02 8.6200e+02 9.1600e+02
  9.3200e+02 1.0090e+03 1.0380e+03 1.2870e+03 1.3110e+03 2.0220e+03
  2.3040e+03 2.3250e+03]
 [1.9680e+03 3.0530e+03 3.0780e+03 3.0970e+03 3.1940e+03 3.2550e+03
  3.3260e+03 3.4020e+03 3.4540e+03 3.4720e+03 3.4990e+03 3.5960e+03
  3.6700e+03 3.6860e+03 3.6960e+03 3.7680e+03 3.8290e+03 3.8770e+03
  3.9730e+03 4.0560e+03]
 [1.8470e+03 1.8610e+03 1.8840e+03 1.9650e+03 2.0180e+03 2.1010e+03
  2.1940e+03 2.2800e+03 2.3250e+03 2.3960e+03 2.4050e+03 2.4990e+03
  2.5900e+03 2.7680e+03 2.8020e+03 2.8770e+03 2.8780e+03 2.9510e+03
  3.0340e+03 3.1090e+03]
 [1.0130e+03 1.5290e+03 1.7880e+03 1.9230e+03 1.9560e+03 1.9650e+03
  2.0220e+03 2.2700e+03 2.2710e+03 2.2800e+03 2.3250e+03 2.5900e+03
  2.6140e+03 2.6820e+03 2.7680e+03 2.8270e+03 2.9170e+03 2.9730e+03
  3.0140e+03 3.0530e+03]
 [0.0000e+00 6.2600e+02 1.1720e+03 1.3170e+03 1.3350e+03 1.4040e+03
  1.7500e+03 1.7880e+03 1.9510e+03 2.0220e+03 2.0860e+03 2.1150e+03
  2.1920e+03 2.3250e+03 2.3650e+03 2.5630e+03 2.6300e+03 2.7100e+03
  2.7990e+03 3.3050e+03]
 [5.7000e+01 1.5200e+02 1.9700e+02 2.5700e+02 3.2200e+02 3.8900e+02
  1.6190e+03 1.9520e+03 2.1010e+03 2.1040e+03 2.1150e+03 2.1340e+03
  2.1480e+03 2.2420e+03 2.2510e+03 2.2640e+03 2.3460e+03 2.5160e+03
  2.5740e+03 2.7990e+03]
 [1.0700e+02 1.6400e+02 9.5400e+02 1.1720e+03 1.2260e+03 1.2720e+03
  1.3240e+03 1.3680e+03 1.3710e+03 1.4420e+03 1.5220e+03 1.5290e+03
  1.5950e+03 1.6200e+03 1.6250e+03 1.6690e+03 1.7130e+03 1.8470e+03
  1.9300e+03 2.0190e+03]
 [0.0000e+00 6.9000e+01 3.9200e+02 4.7900e+02 8.2700e+02 8.9800e+02
  9.3700e+02 9.9300e+02 1.0620e+03 1.2540e+03 1.3140e+03 1.3360e+03
  1.6470e+03 1.6650e+03 1.6740e+03 1.8470e+03 1.8910e+03 1.9300e+03
  1.9520e+03 2.1040e+03]
 [0.0000e+00 4.8000e+01 1.4000e+02 2.0200e+02 2.5000e+02 3.4300e+02
  3.7000e+02 4.5000e+02 4.9800e+02 5.8300e+02 6.4500e+02 6.7000e+02
  7.3700e+02 8.2500e+02 8.5400e+02 8.5900e+02 8.6200e+02 9.3900e+02
  1.0130e+03 1.7290e+03]]
