optimal_status: 0
solution: 6202.0
cpu_time: 3600.3265328407288
gap: 0.7024686626159965
upper_bound: 1845.2893544555905
lower_bound: 6202.0
cg_matrix: [[0. 0. 0. 0. 0. 0. 1. 0. 0. 0. 0. 0. 0. 1. 0. 0. 1. 0. 0. 0. 0. 0. 1. 0.
  0. 0. 0. 0. 0. 0. 0. 0. 1. 0. 0. 0. 0. 0. 0. 0. 0. 0. 0. 0. 0. 0. 0. 0.
  0. 1.]
 [0. 0. 0. 0. 0. 0. 0. 0. 1. 0. 0. 0. 1. 1. 1. 0. 0. 1. 0. 0. 0. 0. 0. 1.
  1. 1. 0. 0. 1. 1. 0. 0. 0. 0. 0. 0. 0. 0. 0. 1. 0. 0. 0. 0. 0. 0. 0. 0.
  0. 0.]
 [0. 0. 0. 0. 1. 0. 0. 0. 0. 0. 0. 1. 0. 0. 0. 0. 0. 0. 0. 0. 0. 0. 0. 1.
  0. 0. 0. 0. 1. 0. 0. 1. 0. 0. 0. 0. 0. 0. 0. 1. 1. 0. 0. 1. 0. 1. 0. 0.
  0. 0.]
 [0. 0. 0. 0. 0. 0. 0. 1. 0. 1. 0. 0. 0. 0. 0. 0. 0. 1. 0. 1. 0. 0. 0. 1.
  0. 0. 0. 0. 0. 1. 0. 0. 1. 0. 0. 0. 0. 0. 0. 0. 0. 1. 0. 0. 0. 0. 1. 0.
  0. 0.]
 [0. 0. 1. 0. 0. 0. 1. 0. 0. 0. 1. 1. 1. 0. 0. 0. 0. 0. 0. 0. 0. 0. 0. 0.
  0. 0. 0. 0. 0. 0. 1. 0. 0. 0. 1. 0. 0. 0. 0. 0. 0. 1. 1. 0. 0. 0. 1. 0.
  0. 0.]
 [0. 0. 0. 0. 0. 0. 0. 1. 0. 0. 0. 0. 0. 0. 0. 0. 0. 0. 0. 0. 1. 0. 1. 0.
  0. 0. 0. 1. 0. 0. 0. 0. 0. 0. 1. 1. 0. 1. 0. 0. 0. 0. 1. 0. 0. 1. 0. 1.
  0. 1.]
 [1. 0. 0. 0. 1. 0. 0. 0. 0. 0. 0. 0. 0. 0. 0. 0. 0. 0. 0. 0. 0. 0. 1. 0.
  0. 0. 0. 0. 0. 0. 1. 0. 0. 0. 0. 0. 0. 0. 0. 1. 0. 0. 0. 0. 0. 0. 1. 0.
  0. 0.]
 [0. 0. 0. 1. 0. 1. 0. 0. 0. 1. 0. 1. 0. 0. 0. 0. 0. 1. 0. 0. 0. 0. 0. 0.
  0. 0. 0. 0. 0. 0. 0. 0. 0. 0. 0. 0. 0. 1. 0. 1. 0. 0. 0. 1. 1. 0. 0. 0.
  1. 0.]
 [0. 1. 0. 0. 0. 0. 0. 0. 0. 0. 0. 0. 0. 0. 0. 0. 0. 1. 0. 0. 0. 0. 0. 0.
  0. 1. 0. 0. 0. 0. 1. 0. 1. 0. 0. 0. 0. 0. 0. 0. 0. 0. 1. 1. 1. 1. 0. 0.
  1. 0.]
 [0. 0. 0. 1. 0. 0. 0. 1. 0. 0. 1. 1. 0. 0. 0. 1. 0. 0. 0. 0. 0. 0. 0. 1.
  0. 0. 0. 0. 0. 0. 0. 0. 0. 0. 1. 0. 0. 0. 0. 0. 0. 0. 0. 0. 0. 0. 0. 0.
  0. 0.]
 [0. 0. 0. 0. 1. 0. 0. 0. 0. 1. 0. 0. 0. 0. 0. 0. 0. 0. 0. 0. 1. 0. 0. 0.
  0. 0. 0. 0. 0. 0. 0. 0. 0. 1. 0. 0. 1. 0. 1. 0. 1. 0. 0. 1. 0. 0. 0. 0.
  0. 0.]
 [0. 0. 1. 0. 1. 0. 0. 1. 0. 1. 0. 0. 0. 0. 0. 0. 0. 1. 1. 1. 0. 0. 0. 0.
  0. 0. 1. 0. 0. 0. 0. 1. 0. 1. 0. 0. 1. 1. 1. 0. 1. 0. 0. 0. 0. 0. 1. 0.
  1. 0.]
 [0. 1. 0. 0. 1. 0. 0. 0. 0. 0. 0. 0. 0. 1. 1. 0. 0. 0. 0. 0. 0. 0. 0. 0.
  0. 0. 0. 0. 0. 0. 0. 0. 1. 0. 0. 0. 0. 0. 0. 1. 0. 1. 0. 0. 0. 0. 1. 1.
  0. 0.]
 [1. 1. 0. 0. 0. 0. 0. 0. 0. 0. 0. 0. 1. 0. 0. 0. 0. 0. 0. 1. 0. 0. 0. 1.
  0. 0. 1. 0. 0. 0. 1. 1. 0. 0. 0. 0. 0. 0. 0. 0. 0. 0. 0. 0. 0. 0. 0. 0.
  0. 0.]
 [0. 1. 0. 0. 0. 0. 0. 0. 0. 0. 0. 0. 1. 0. 0. 1. 0. 0. 0. 1. 0. 0. 0. 0.
  0. 0. 0. 1. 0. 0. 0. 0. 1. 0. 0. 0. 1. 1. 0. 0. 1. 0. 1. 1. 0. 0. 0. 0.
  0. 1.]
 [0. 0. 0. 0. 0. 0. 0. 0. 0. 1. 0. 0. 0. 0. 1. 0. 0. 0. 0. 0. 0. 0. 0. 0.
  0. 0. 0. 0. 0. 0. 0. 0. 0. 0. 0. 0. 0. 0. 0. 0. 0. 0. 0. 0. 0. 0. 0. 0.
  0. 0.]
 [1. 0. 0. 0. 0. 0. 0. 0. 0. 0. 0. 0. 0. 0. 0. 0. 0. 0. 0. 0. 0. 0. 0. 0.
  0. 0. 0. 0. 0. 0. 0. 0. 0. 0. 0. 0. 0. 0. 0. 0. 0. 0. 0. 0. 0. 0. 0. 0.
  0. 0.]
 [0. 1. 0. 1. 0. 0. 0. 1. 1. 0. 0. 1. 0. 0. 0. 0. 0. 0. 0. 0. 0. 0. 0. 0.
  0. 0. 0. 0. 0. 0. 0. 0. 0. 0. 0. 0. 0. 0. 0. 0. 0. 0. 0. 0. 0. 0. 0. 0.
  0. 0.]
 [0. 0. 0. 0. 0. 0. 0. 0. 0. 0. 0. 1. 0. 0. 0. 0. 0. 0. 0. 0. 0. 0. 0. 0.
  0. 0. 0. 0. 0. 0. 0. 0. 0. 0. 0. 0. 0. 0. 0. 0. 0. 0. 0. 0. 0. 0. 0. 0.
  0. 0.]
 [0. 0. 0. 1. 0. 0. 0. 0. 0. 0. 0. 1. 0. 1. 1. 0. 0. 0. 0. 0. 0. 0. 0. 0.
  0. 0. 0. 0. 0. 0. 0. 0. 0. 0. 0. 0. 0. 0. 0. 0. 0. 0. 0. 0. 0. 0. 0. 0.
  0. 0.]
 [0. 0. 0. 0. 0. 1. 0. 0. 0. 0. 1. 0. 0. 0. 0. 0. 0. 0. 0. 0. 0. 0. 0. 0.
  0. 0. 0. 0. 0. 0. 0. 0. 0. 0. 0. 0. 0. 0. 0. 0. 0. 0. 0. 0. 0. 0. 0. 0.
  0. 0.]
 [0. 0. 0. 0. 0. 0. 0. 0. 0. 0. 0. 0. 0. 0. 0. 0. 0. 0. 0. 0. 0. 0. 0. 0.
  0. 0. 0. 0. 0. 0. 0. 0. 0. 0. 0. 0. 0. 0. 0. 0. 0. 0. 0. 0. 0. 0. 0. 0.
  0. 0.]
 [1. 0. 0. 0. 0. 1. 1. 0. 0. 0. 0. 0. 0. 0. 0. 0. 0. 0. 0. 0. 0. 0. 0. 0.
  0. 0. 0. 0. 0. 0. 0. 0. 0. 0. 0. 0. 0. 0. 0. 0. 0. 0. 0. 0. 0. 0. 0. 0.
  0. 0.]
 [0. 1. 1. 1. 0. 0. 0. 0. 0. 1. 0. 0. 0. 1. 0. 0. 0. 0. 0. 0. 0. 0. 0. 0.
  0. 0. 0. 0. 0. 0. 0. 0. 0. 0. 0. 0. 0. 0. 0. 0. 0. 0. 0. 0. 0. 0. 0. 0.
  0. 0.]
 [0. 1. 0. 0. 0. 0. 0. 0. 0. 0. 0. 0. 0. 0. 0. 0. 0. 0. 0. 0. 0. 0. 0. 0.
  0. 0. 0. 0. 0. 0. 0. 0. 0. 0. 0. 0. 0. 0. 0. 0. 0. 0. 0. 0. 0. 0. 0. 0.
  0. 0.]
 [0. 1. 0. 0. 0. 0. 0. 0. 1. 0. 0. 0. 0. 0. 0. 0. 0. 0. 0. 0. 0. 0. 0. 0.
  0. 0. 0. 0. 0. 0. 0. 0. 0. 0. 0. 0. 0. 0. 0. 0. 0. 0. 0. 0. 0. 0. 0. 0.
  0. 0.]
 [0. 0. 0. 0. 0. 0. 0. 0. 0. 0. 0. 1. 0. 1. 0. 0. 0. 0. 0. 0. 0. 0. 0. 0.
  0. 0. 0. 0. 0. 0. 0. 0. 0. 0. 0. 0. 0. 0. 0. 0. 0. 0. 0. 0. 0. 0. 0. 0.
  0. 0.]
 [0. 0. 0. 0. 0. 1. 0. 0. 0. 0. 0. 0. 0. 0. 1. 0. 0. 0. 0. 0. 0. 0. 0. 0.
  0. 0. 0. 0. 0. 0. 0. 0. 0. 0. 0. 0. 0. 0. 0. 0. 0. 0. 0. 0. 0. 0. 0. 0.
  0. 0.]
 [0. 1. 1. 0. 0. 0. 0. 0. 0. 0. 0. 0. 0. 0. 0. 0. 0. 0. 0. 0. 0. 0. 0. 0.
  0. 0. 0. 0. 0. 0. 0. 0. 0. 0. 0. 0. 0. 0. 0. 0. 0. 0. 0. 0. 0. 0. 0. 0.
  0. 0.]
 [0. 1. 0. 1. 0. 0. 0. 0. 0. 0. 0. 0. 0. 0. 0. 0. 0. 0. 0. 0. 0. 0. 0. 0.
  0. 0. 0. 0. 0. 0. 0. 0. 0. 0. 0. 0. 0. 0. 0. 0. 0. 0. 0. 0. 0. 0. 0. 0.
  0. 0.]
 [0. 0. 0. 0. 1. 0. 1. 0. 1. 0. 0. 0. 0. 1. 0. 0. 0. 0. 0. 0. 0. 0. 0. 0.
  0. 0. 0. 0. 0. 0. 0. 0. 0. 0. 0. 0. 0. 0. 0. 0. 0. 0. 0. 0. 0. 0. 0. 0.
  0. 0.]
 [0. 0. 1. 0. 0. 0. 0. 0. 0. 0. 0. 1. 0. 1. 0. 0. 0. 0. 0. 0. 0. 0. 0. 0.
  0. 0. 0. 0. 0. 0. 0. 0. 0. 0. 0. 0. 0. 0. 0. 0. 0. 0. 0. 0. 0. 0. 0. 0.
  0. 0.]
 [1. 0. 0. 1. 0. 0. 0. 0. 1. 0. 0. 0. 1. 0. 1. 0. 0. 0. 0. 0. 0. 0. 0. 0.
  0. 0. 0. 0. 0. 0. 0. 0. 0. 0. 0. 0. 0. 0. 0. 0. 0. 0. 0. 0. 0. 0. 0. 0.
  0. 0.]
 [0. 0. 0. 0. 0. 0. 0. 0. 0. 0. 1. 1. 0. 0. 0. 0. 0. 0. 0. 0. 0. 0. 0. 0.
  0. 0. 0. 0. 0. 0. 0. 0. 0. 0. 0. 0. 0. 0. 0. 0. 0. 0. 0. 0. 0. 0. 0. 0.
  0. 0.]
 [0. 0. 0. 0. 1. 1. 0. 0. 0. 1. 0. 0. 0. 0. 0. 0. 0. 0. 0. 0. 0. 0. 0. 0.
  0. 0. 0. 0. 0. 0. 0. 0. 0. 0. 0. 0. 0. 0. 0. 0. 0. 0. 0. 0. 0. 0. 0. 0.
  0. 0.]
 [0. 0. 0. 0. 0. 1. 0. 0. 0. 0. 0. 0. 0. 0. 0. 0. 0. 0. 0. 0. 0. 0. 0. 0.
  0. 0. 0. 0. 0. 0. 0. 0. 0. 0. 0. 0. 0. 0. 0. 0. 0. 0. 0. 0. 0. 0. 0. 0.
  0. 0.]
 [0. 0. 0. 0. 0. 0. 0. 0. 0. 0. 1. 1. 0. 0. 1. 0. 0. 0. 0. 0. 0. 0. 0. 0.
  0. 0. 0. 0. 0. 0. 0. 0. 0. 0. 0. 0. 0. 0. 0. 0. 0. 0. 0. 0. 0. 0. 0. 0.
  0. 0.]
 [0. 0. 0. 0. 0. 1. 0. 1. 0. 0. 0. 1. 0. 0. 1. 0. 0. 0. 0. 0. 0. 0. 0. 0.
  0. 0. 0. 0. 0. 0. 0. 0. 0. 0. 0. 0. 0. 0. 0. 0. 0. 0. 0. 0. 0. 0. 0. 0.
  0. 0.]
 [0. 0. 0. 0. 0. 0. 0. 0. 0. 0. 1. 1. 0. 0. 0. 0. 0. 0. 0. 0. 0. 0. 0. 0.
  0. 0. 0. 0. 0. 0. 0. 0. 0. 0. 0. 0. 0. 0. 0. 0. 0. 0. 0. 0. 0. 0. 0. 0.
  0. 0.]
 [0. 1. 1. 0. 0. 0. 1. 1. 0. 0. 0. 0. 1. 0. 0. 0. 0. 0. 0. 0. 0. 0. 0. 0.
  0. 0. 0. 0. 0. 0. 0. 0. 0. 0. 0. 0. 0. 0. 0. 0. 0. 0. 0. 0. 0. 0. 0. 0.
  0. 0.]
 [0. 0. 1. 0. 0. 0. 0. 0. 0. 0. 1. 1. 0. 0. 1. 0. 0. 0. 0. 0. 0. 0. 0. 0.
  0. 0. 0. 0. 0. 0. 0. 0. 0. 0. 0. 0. 0. 0. 0. 0. 0. 0. 0. 0. 0. 0. 0. 0.
  0. 0.]
 [0. 0. 0. 1. 1. 0. 0. 0. 0. 0. 0. 0. 1. 0. 0. 0. 0. 0. 0. 0. 0. 0. 0. 0.
  0. 0. 0. 0. 0. 0. 0. 0. 0. 0. 0. 0. 0. 0. 0. 0. 0. 0. 0. 0. 0. 0. 0. 0.
  0. 0.]
 [0. 0. 0. 0. 1. 1. 0. 0. 1. 0. 0. 0. 0. 0. 1. 0. 0. 0. 0. 0. 0. 0. 0. 0.
  0. 0. 0. 0. 0. 0. 0. 0. 0. 0. 0. 0. 0. 0. 0. 0. 0. 0. 0. 0. 0. 0. 0. 0.
  0. 0.]
 [0. 0. 1. 0. 0. 0. 0. 1. 1. 0. 1. 0. 0. 0. 1. 0. 0. 0. 0. 0. 0. 0. 0. 0.
  0. 0. 0. 0. 0. 0. 0. 0. 0. 0. 0. 0. 0. 0. 0. 0. 0. 0. 0. 0. 0. 0. 0. 0.
  0. 0.]
 [0. 0. 0. 0. 0. 0. 0. 1. 1. 0. 0. 0. 0. 0. 0. 0. 0. 0. 0. 0. 0. 0. 0. 0.
  0. 0. 0. 0. 0. 0. 0. 0. 0. 0. 0. 0. 0. 0. 0. 0. 0. 0. 0. 0. 0. 0. 0. 0.
  0. 0.]
 [0. 0. 1. 0. 0. 1. 0. 0. 1. 0. 0. 0. 0. 0. 0. 0. 0. 0. 0. 0. 0. 0. 0. 0.
  0. 0. 0. 0. 0. 0. 0. 0. 0. 0. 0. 0. 0. 0. 0. 0. 0. 0. 0. 0. 0. 0. 0. 0.
  0. 0.]
 [0. 0. 0. 1. 1. 0. 1. 0. 0. 0. 0. 1. 1. 0. 0. 0. 0. 0. 0. 0. 0. 0. 0. 0.
  0. 0. 0. 0. 0. 0. 0. 0. 0. 0. 0. 0. 0. 0. 0. 0. 0. 0. 0. 0. 0. 0. 0. 0.
  0. 0.]
 [0. 0. 0. 0. 0. 1. 0. 0. 0. 0. 0. 0. 1. 0. 0. 0. 0. 0. 0. 0. 0. 0. 0. 0.
  0. 0. 0. 0. 0. 0. 0. 0. 0. 0. 0. 0. 0. 0. 0. 0. 0. 0. 0. 0. 0. 0. 0. 0.
  0. 0.]
 [0. 0. 0. 0. 0. 0. 0. 1. 1. 0. 0. 1. 0. 0. 0. 0. 0. 0. 0. 0. 0. 0. 0. 0.
  0. 0. 0. 0. 0. 0. 0. 0. 0. 0. 0. 0. 0. 0. 0. 0. 0. 0. 0. 0. 0. 0. 0. 0.
  0. 0.]
 [1. 0. 0. 0. 0. 1. 0. 0. 0. 0. 0. 0. 0. 0. 1. 0. 0. 0. 0. 0. 0. 0. 0. 0.
  0. 0. 0. 0. 0. 0. 0. 0. 0. 0. 0. 0. 0. 0. 0. 0. 0. 0. 0. 0. 0. 0. 0. 0.
  0. 0.]]
start_times_array: [[3.220e+02 5.130e+02 3.178e+03 4.485e+03 4.789e+03 4.848e+03 5.478e+03
  5.528e+03 5.581e+03 5.626e+03 5.627e+03 5.896e+03 5.983e+03 6.020e+03
  6.185e+03]
 [4.679e+03 5.204e+03 5.286e+03 5.420e+03 5.492e+03 5.645e+03 5.697e+03
  5.711e+03 5.780e+03 5.882e+03 6.020e+03 6.023e+03 6.071e+03 6.082e+03
  6.136e+03]
 [2.170e+02 7.820e+02 9.150e+02 4.597e+03 4.601e+03 4.789e+03 4.918e+03
  4.941e+03 5.049e+03 5.252e+03 5.280e+03 5.376e+03 5.415e+03 5.945e+03
  6.151e+03]
 [4.430e+02 3.218e+03 3.397e+03 3.405e+03 3.490e+03 3.951e+03 4.045e+03
  4.168e+03 5.303e+03 5.388e+03 5.448e+03 5.705e+03 5.944e+03 5.983e+03
  6.017e+03]
 [9.800e+01 4.419e+03 4.824e+03 4.991e+03 5.154e+03 5.179e+03 5.399e+03
  5.489e+03 5.551e+03 5.632e+03 5.700e+03 5.761e+03 5.799e+03 5.889e+03
  6.035e+03]
 [2.480e+02 1.887e+03 2.366e+03 3.129e+03 3.576e+03 3.644e+03 4.443e+03
  4.927e+03 5.303e+03 5.388e+03 5.478e+03 5.705e+03 5.761e+03 5.975e+03
  6.036e+03]
 [0.000e+00 2.400e+01 1.970e+02 6.040e+02 6.990e+02 1.193e+03 1.292e+03
  1.439e+03 1.567e+03 1.685e+03 1.769e+03 1.845e+03 1.854e+03 6.081e+03
  6.131e+03]
 [2.288e+03 2.355e+03 2.826e+03 3.066e+03 4.597e+03 5.023e+03 5.134e+03
  5.299e+03 5.556e+03 5.645e+03 5.799e+03 5.850e+03 5.863e+03 5.896e+03
  6.132e+03]
 [3.230e+02 4.203e+03 4.269e+03 4.304e+03 4.396e+03 4.477e+03 4.698e+03
  4.731e+03 4.797e+03 4.866e+03 4.980e+03 5.030e+03 5.129e+03 5.178e+03
  5.799e+03]
 [3.710e+02 4.007e+03 4.180e+03 4.419e+03 4.789e+03 4.918e+03 4.935e+03
  4.944e+03 4.965e+03 4.980e+03 5.056e+03 5.095e+03 5.200e+03 5.280e+03
  5.756e+03]
 [2.380e+02 6.310e+02 3.129e+03 3.209e+03 3.600e+03 3.607e+03 3.734e+03
  3.950e+03 4.322e+03 4.620e+03 5.134e+03 5.148e+03 5.157e+03 5.299e+03
  5.581e+03]
 [2.760e+02 2.590e+03 2.999e+03 3.256e+03 3.874e+03 3.970e+03 4.057e+03
  4.115e+03 4.262e+03 4.279e+03 4.354e+03 4.518e+03 4.661e+03 4.744e+03
  4.866e+03]
 [0.000e+00 1.106e+03 2.872e+03 3.219e+03 3.517e+03 3.734e+03 3.787e+03
  4.075e+03 4.143e+03 4.518e+03 4.581e+03 4.599e+03 5.030e+03 5.049e+03
  5.072e+03]
 [2.020e+02 1.216e+03 1.379e+03 1.417e+03 2.273e+03 2.590e+03 2.959e+03
  3.397e+03 3.442e+03 3.752e+03 3.980e+03 4.269e+03 4.424e+03 4.698e+03
  5.133e+03]
 [2.896e+03 2.922e+03 2.936e+03 3.218e+03 3.397e+03 3.420e+03 3.490e+03
  3.626e+03 3.708e+03 3.752e+03 3.892e+03 3.947e+03 4.044e+03 4.172e+03
  4.769e+03]
 [7.000e+00 2.490e+02 2.222e+03 2.451e+03 2.572e+03 3.113e+03 3.517e+03
  3.783e+03 3.825e+03 4.075e+03 4.132e+03 4.341e+03 4.518e+03 4.679e+03
  4.731e+03]
 [1.400e+01 1.660e+02 2.960e+02 3.710e+02 4.380e+02 8.150e+02 1.732e+03
  1.870e+03 2.309e+03 2.509e+03 2.591e+03 3.012e+03 3.470e+03 3.956e+03
  4.232e+03]
 [2.000e+00 5.900e+01 1.402e+03 2.583e+03 2.923e+03 3.001e+03 3.034e+03
  3.167e+03 3.542e+03 3.614e+03 3.620e+03 3.713e+03 3.759e+03 3.798e+03
  4.180e+03]
 [0.000e+00 1.870e+02 4.200e+02 9.500e+02 2.785e+03 2.865e+03 2.872e+03
  2.914e+03 3.083e+03 3.167e+03 3.609e+03 3.649e+03 3.691e+03 3.783e+03
  3.980e+03]
 [7.000e+01 6.510e+02 9.040e+02 1.431e+03 1.533e+03 1.679e+03 2.479e+03
  3.001e+03 3.034e+03 3.099e+03 3.163e+03 3.210e+03 3.304e+03 3.539e+03
  3.787e+03]
 [1.140e+02 1.660e+02 3.700e+02 4.750e+02 7.990e+02 8.540e+02 1.164e+03
  1.263e+03 1.288e+03 1.347e+03 1.503e+03 1.534e+03 1.629e+03 1.728e+03
  1.820e+03]
 [1.600e+02 2.920e+02 3.480e+02 3.760e+02 7.340e+02 9.160e+02 1.193e+03
  1.613e+03 2.174e+03 2.209e+03 3.008e+03 3.097e+03 3.257e+03 3.565e+03
  3.923e+03]
 [3.900e+01 3.560e+02 4.490e+02 6.530e+02 7.650e+02 8.530e+02 1.110e+03
  1.450e+03 1.509e+03 1.612e+03 1.814e+03 1.817e+03 1.997e+03 2.041e+03
  2.202e+03]
 [6.000e+00 2.760e+02 5.110e+02 6.040e+02 6.520e+02 8.110e+02 1.450e+03
  1.925e+03 3.089e+03 3.177e+03 3.304e+03 3.539e+03 3.592e+03 3.822e+03
  3.906e+03]
 [2.400e+01 1.150e+02 5.250e+02 6.940e+02 1.234e+03 1.396e+03 2.044e+03
  2.341e+03 2.614e+03 2.693e+03 2.779e+03 2.940e+03 3.102e+03 3.458e+03
  3.959e+03]
 [5.590e+02 1.087e+03 1.235e+03 1.244e+03 1.567e+03 1.863e+03 2.087e+03
  2.174e+03 2.262e+03 2.515e+03 2.900e+03 3.271e+03 3.315e+03 3.606e+03
  3.831e+03]
 [1.060e+02 5.620e+02 8.480e+02 9.570e+02 9.990e+02 1.102e+03 1.616e+03
  1.860e+03 1.896e+03 2.319e+03 2.739e+03 2.827e+03 2.870e+03 3.034e+03
  3.124e+03]
 [4.490e+02 6.120e+02 6.840e+02 1.286e+03 1.557e+03 1.611e+03 1.775e+03
  2.084e+03 2.172e+03 2.406e+03 2.816e+03 2.982e+03 3.035e+03 3.219e+03
  3.789e+03]
 [1.190e+02 5.340e+02 2.176e+03 2.275e+03 2.355e+03 2.456e+03 2.520e+03
  2.572e+03 2.647e+03 2.730e+03 2.807e+03 3.177e+03 3.223e+03 3.280e+03
  3.690e+03]
 [7.500e+02 8.380e+02 8.710e+02 1.004e+03 1.201e+03 1.251e+03 1.538e+03
  1.562e+03 1.694e+03 1.752e+03 2.412e+03 2.513e+03 2.516e+03 2.718e+03
  3.582e+03]
 [4.070e+02 4.630e+02 5.890e+02 1.068e+03 1.622e+03 2.017e+03 2.181e+03
  2.190e+03 2.319e+03 2.423e+03 2.463e+03 2.638e+03 2.707e+03 2.867e+03
  3.473e+03]
 [0.000e+00 2.000e+00 7.000e+00 9.800e+01 1.080e+03 1.292e+03 1.685e+03
  1.873e+03 2.124e+03 2.189e+03 2.655e+03 2.762e+03 2.805e+03 3.001e+03
  3.210e+03]
 [2.060e+02 4.570e+02 9.690e+02 9.740e+02 1.301e+03 1.388e+03 1.464e+03
  1.545e+03 1.680e+03 2.123e+03 2.366e+03 2.721e+03 2.982e+03 3.024e+03
  3.304e+03]
 [0.000e+00 8.000e+01 5.660e+02 8.040e+02 8.450e+02 8.750e+02 9.550e+02
  1.084e+03 1.168e+03 1.468e+03 1.612e+03 1.831e+03 2.655e+03 2.822e+03
  3.036e+03]
 [0.000e+00 4.280e+02 8.190e+02 2.209e+03 2.275e+03 2.400e+03 2.534e+03
  2.632e+03 2.753e+03 2.767e+03 2.812e+03 2.945e+03 2.947e+03 3.211e+03
  3.689e+03]
 [6.300e+01 1.560e+02 5.400e+02 6.870e+02 7.440e+02 9.090e+02 1.319e+03
  1.367e+03 1.568e+03 1.591e+03 1.695e+03 2.195e+03 2.303e+03 2.484e+03
  2.804e+03]
 [8.500e+01 1.680e+02 3.480e+02 1.288e+03 1.350e+03 1.633e+03 1.650e+03
  1.746e+03 1.790e+03 2.103e+03 2.218e+03 2.293e+03 2.367e+03 2.509e+03
  2.671e+03]
 [7.350e+02 1.437e+03 1.539e+03 1.594e+03 2.008e+03 2.017e+03 2.041e+03
  2.100e+03 2.424e+03 2.459e+03 2.509e+03 2.673e+03 2.701e+03 2.754e+03
  2.823e+03]
 [0.000e+00 6.600e+01 1.570e+02 4.280e+02 4.610e+02 5.450e+02 1.206e+03
  1.208e+03 1.774e+03 1.831e+03 2.032e+03 2.158e+03 2.200e+03 2.332e+03
  2.675e+03]
 [2.960e+02 3.560e+02 1.037e+03 1.925e+03 2.008e+03 2.084e+03 2.163e+03
  2.216e+03 2.366e+03 2.406e+03 2.443e+03 2.509e+03 2.512e+03 2.564e+03
  2.638e+03]
 [0.000e+00 2.800e+01 9.800e+01 5.130e+02 5.980e+02 7.250e+02 1.290e+03
  1.379e+03 1.439e+03 1.773e+03 2.085e+03 2.270e+03 2.319e+03 2.391e+03
  2.443e+03]
 [2.300e+01 2.790e+02 8.290e+02 9.170e+02 1.476e+03 1.571e+03 1.672e+03
  1.712e+03 1.753e+03 1.845e+03 2.038e+03 2.066e+03 2.087e+03 2.273e+03
  2.367e+03]
 [3.000e+00 2.010e+02 3.790e+02 4.200e+02 8.060e+02 8.850e+02 1.027e+03
  1.110e+03 1.493e+03 1.670e+03 1.730e+03 1.792e+03 2.216e+03 2.508e+03
  2.585e+03]
 [4.430e+02 5.370e+02 1.135e+03 1.260e+03 1.551e+03 1.571e+03 1.619e+03
  1.667e+03 1.712e+03 1.718e+03 1.971e+03 2.011e+03 2.100e+03 2.376e+03
  2.780e+03]
 [1.150e+02 2.480e+02 6.950e+02 8.800e+02 9.030e+02 9.270e+02 9.440e+02
  1.431e+03 1.530e+03 1.612e+03 1.676e+03 1.718e+03 1.785e+03 2.029e+03
  2.048e+03]
 [0.000e+00 2.600e+01 4.200e+01 5.860e+02 8.130e+02 9.990e+02 1.160e+03
  1.257e+03 1.425e+03 1.577e+03 1.653e+03 1.728e+03 1.774e+03 1.845e+03
  2.120e+03]
 [3.480e+02 8.890e+02 9.430e+02 9.890e+02 1.022e+03 1.035e+03 1.156e+03
  1.379e+03 1.495e+03 1.612e+03 1.789e+03 1.925e+03 1.935e+03 2.194e+03
  2.458e+03]
 [4.380e+02 5.340e+02 5.980e+02 6.040e+02 6.940e+02 7.300e+02 9.510e+02
  1.057e+03 1.084e+03 1.141e+03 1.197e+03 1.546e+03 1.619e+03 1.703e+03
  2.117e+03]
 [4.370e+02 5.350e+02 6.820e+02 8.000e+02 8.540e+02 8.710e+02 9.000e+02
  9.150e+02 9.960e+02 1.027e+03 1.190e+03 1.329e+03 1.560e+03 2.030e+03
  2.202e+03]
 [7.100e+01 1.280e+02 6.040e+02 6.350e+02 6.430e+02 7.960e+02 8.320e+02
  1.001e+03 1.234e+03 1.242e+03 1.272e+03 1.311e+03 1.403e+03 1.518e+03
  1.769e+03]]
