optimal_status: 0
solution: 11531.0
cpu_time: 3600.1529161930084
gap: 0.869285388428516
upper_bound: 1507.270186030782
lower_bound: 11531.0
cg_matrix: [[0. 1. 1. 0. 0. 1. 1. 1. 0. 1. 0. 1. 0. 1. 0. 0. 0. 1. 0. 0. 1. 0. 1. 0.
  0. 1. 1. 1. 0. 0. 0. 1. 1. 1. 1. 1. 0. 1. 0. 0. 1. 1. 0. 0. 0. 0. 1. 1.
  0. 0.]
 [1. 0. 1. 0. 0. 1. 1. 0. 1. 0. 1. 1. 1. 0. 0. 1. 0. 0. 1. 0. 1. 0. 0. 0.
  1. 1. 0. 1. 0. 0. 0. 1. 1. 0. 1. 1. 1. 1. 1. 1. 0. 0. 0. 1. 0. 0. 0. 0.
  1. 1.]
 [1. 1. 0. 0. 1. 0. 0. 1. 1. 1. 0. 1. 1. 1. 1. 1. 0. 0. 1. 1. 1. 0. 1. 0.
  0. 0. 0. 1. 1. 1. 1. 1. 1. 1. 0. 1. 0. 1. 0. 1. 1. 1. 0. 0. 0. 0. 1. 0.
  1. 1.]
 [0. 0. 0. 0. 1. 0. 0. 0. 0. 1. 0. 1. 0. 1. 1. 0. 1. 0. 1. 1. 1. 1. 0. 0.
  0. 1. 0. 0. 0. 0. 0. 0. 0. 0. 0. 0. 0. 0. 1. 1. 0. 0. 1. 1. 1. 0. 0. 0.
  0. 0.]
 [0. 0. 1. 1. 0. 1. 1. 0. 0. 0. 0. 1. 0. 1. 0. 0. 1. 0. 0. 0. 1. 0. 1. 1.
  0. 1. 0. 1. 0. 1. 1. 1. 0. 0. 0. 1. 0. 0. 1. 0. 1. 0. 0. 0. 1. 1. 1. 0.
  0. 1.]
 [1. 1. 0. 0. 1. 0. 0. 0. 1. 1. 1. 1. 1. 0. 1. 0. 1. 0. 1. 1. 0. 1. 1. 1.
  0. 0. 0. 1. 0. 0. 1. 0. 1. 0. 1. 1. 0. 1. 1. 0. 1. 1. 1. 1. 1. 0. 1. 1.
  1. 0.]
 [1. 1. 0. 0. 1. 0. 0. 1. 1. 0. 1. 0. 1. 0. 0. 0. 0. 1. 0. 0. 0. 1. 1. 0.
  1. 1. 1. 0. 0. 0. 1. 1. 0. 1. 0. 0. 0. 1. 0. 0. 0. 0. 0. 0. 0. 0. 0. 0.
  0. 0.]
 [1. 0. 1. 0. 0. 0. 1. 0. 0. 0. 1. 1. 0. 1. 0. 1. 1. 0. 0. 0. 1. 0. 1. 1.
  0. 1. 1. 0. 1. 0. 0. 0. 0. 1. 0. 0. 0. 1. 0. 0. 1. 0. 0. 0. 1. 1. 0. 0.
  0. 1.]
 [0. 1. 1. 0. 0. 1. 1. 0. 0. 1. 1. 1. 1. 0. 1. 0. 0. 1. 0. 0. 0. 1. 0. 1.
  0. 0. 0. 1. 0. 0. 0. 1. 1. 0. 1. 1. 1. 1. 0. 0. 1. 1. 0. 0. 0. 1. 1. 0.
  1. 0.]
 [1. 0. 1. 1. 0. 1. 0. 0. 1. 0. 1. 1. 0. 0. 1. 0. 1. 0. 1. 0. 0. 0. 1. 1.
  0. 0. 1. 0. 0. 1. 0. 1. 1. 0. 1. 1. 1. 0. 1. 0. 0. 0. 0. 1. 1. 0. 0. 0.
  0. 0.]
 [0. 1. 0. 0. 0. 1. 1. 1. 1. 1. 0. 0. 1. 1. 1. 1. 1. 0. 1. 1. 1. 0. 0. 0.
  1. 1. 1. 1. 0. 1. 1. 0. 1. 0. 1. 0. 0. 0. 1. 0. 0. 0. 1. 0. 0. 1. 1. 1.
  1. 0.]
 [1. 1. 1. 1. 1. 1. 0. 1. 1. 1. 0. 0. 0. 1. 1. 0. 0. 0. 0. 0. 1. 0. 0. 0.
  1. 0. 1. 0. 0. 1. 0. 0. 0. 1. 1. 0. 1. 0. 1. 1. 0. 0. 1. 0. 0. 0. 1. 0.
  1. 0.]
 [0. 1. 1. 0. 0. 1. 1. 0. 1. 0. 1. 0. 0. 1. 0. 1. 1. 0. 1. 0. 0. 1. 1. 1.
  1. 0. 0. 0. 1. 0. 0. 0. 0. 0. 0. 0. 0. 0. 1. 0. 0. 1. 1. 0. 1. 0. 1. 1.
  1. 1.]
 [1. 0. 1. 1. 1. 0. 0. 1. 0. 0. 1. 1. 1. 0. 0. 1. 1. 0. 0. 1. 1. 0. 1. 1.
  1. 1. 1. 0. 0. 1. 0. 1. 0. 0. 0. 0. 0. 0. 1. 0. 0. 1. 0. 1. 0. 1. 1. 0.
  1. 0.]
 [0. 0. 1. 1. 0. 1. 0. 0. 1. 1. 1. 1. 0. 0. 0. 1. 1. 1. 1. 1. 1. 1. 0. 1.
  1. 0. 0. 0. 1. 0. 1. 0. 0. 1. 1. 1. 1. 1. 0. 1. 1. 1. 1. 0. 0. 1. 1. 0.
  1. 1.]
 [0. 1. 1. 0. 0. 0. 0. 1. 0. 0. 1. 0. 1. 1. 1. 0. 0. 0. 0. 0. 0. 0. 0. 0.
  0. 0. 0. 0. 0. 0. 0. 0. 0. 0. 0. 0. 0. 0. 0. 0. 0. 0. 0. 0. 0. 0. 0. 0.
  0. 0.]
 [0. 0. 0. 1. 1. 1. 0. 1. 0. 1. 1. 0. 1. 1. 1. 0. 0. 0. 0. 0. 0. 0. 0. 0.
  0. 0. 0. 0. 0. 0. 0. 0. 0. 0. 0. 0. 0. 0. 0. 0. 0. 0. 0. 0. 0. 0. 0. 0.
  0. 0.]
 [1. 0. 0. 0. 0. 0. 1. 0. 1. 0. 0. 0. 0. 0. 1. 0. 0. 0. 0. 0. 0. 0. 0. 0.
  0. 0. 0. 0. 0. 0. 0. 0. 0. 0. 0. 0. 0. 0. 0. 0. 0. 0. 0. 0. 0. 0. 0. 0.
  0. 0.]
 [0. 1. 1. 1. 0. 1. 0. 0. 0. 1. 1. 0. 1. 0. 1. 0. 0. 0. 0. 0. 0. 0. 0. 0.
  0. 0. 0. 0. 0. 0. 0. 0. 0. 0. 0. 0. 0. 0. 0. 0. 0. 0. 0. 0. 0. 0. 0. 0.
  0. 0.]
 [0. 0. 1. 1. 0. 1. 0. 0. 0. 0. 1. 0. 0. 1. 1. 0. 0. 0. 0. 0. 0. 0. 0. 0.
  0. 0. 0. 0. 0. 0. 0. 0. 0. 0. 0. 0. 0. 0. 0. 0. 0. 0. 0. 0. 0. 0. 0. 0.
  0. 0.]
 [1. 1. 1. 1. 1. 0. 0. 1. 0. 0. 1. 1. 0. 1. 1. 0. 0. 0. 0. 0. 0. 0. 0. 0.
  0. 0. 0. 0. 0. 0. 0. 0. 0. 0. 0. 0. 0. 0. 0. 0. 0. 0. 0. 0. 0. 0. 0. 0.
  0. 0.]
 [0. 0. 0. 1. 0. 1. 1. 0. 1. 0. 0. 0. 1. 0. 1. 0. 0. 0. 0. 0. 0. 0. 0. 0.
  0. 0. 0. 0. 0. 0. 0. 0. 0. 0. 0. 0. 0. 0. 0. 0. 0. 0. 0. 0. 0. 0. 0. 0.
  0. 0.]
 [1. 0. 1. 0. 1. 1. 1. 1. 0. 1. 0. 0. 1. 1. 0. 0. 0. 0. 0. 0. 0. 0. 0. 0.
  0. 0. 0. 0. 0. 0. 0. 0. 0. 0. 0. 0. 0. 0. 0. 0. 0. 0. 0. 0. 0. 0. 0. 0.
  0. 0.]
 [0. 0. 0. 0. 1. 1. 0. 1. 1. 1. 0. 0. 1. 1. 1. 0. 0. 0. 0. 0. 0. 0. 0. 0.
  0. 0. 0. 0. 0. 0. 0. 0. 0. 0. 0. 0. 0. 0. 0. 0. 0. 0. 0. 0. 0. 0. 0. 0.
  0. 0.]
 [0. 1. 0. 0. 0. 0. 1. 0. 0. 0. 1. 1. 1. 1. 1. 0. 0. 0. 0. 0. 0. 0. 0. 0.
  0. 0. 0. 0. 0. 0. 0. 0. 0. 0. 0. 0. 0. 0. 0. 0. 0. 0. 0. 0. 0. 0. 0. 0.
  0. 0.]
 [1. 1. 0. 1. 1. 0. 1. 1. 0. 0. 1. 0. 0. 1. 0. 0. 0. 0. 0. 0. 0. 0. 0. 0.
  0. 0. 0. 0. 0. 0. 0. 0. 0. 0. 0. 0. 0. 0. 0. 0. 0. 0. 0. 0. 0. 0. 0. 0.
  0. 0.]
 [1. 0. 0. 0. 0. 0. 1. 1. 0. 1. 1. 1. 0. 1. 0. 0. 0. 0. 0. 0. 0. 0. 0. 0.
  0. 0. 0. 0. 0. 0. 0. 0. 0. 0. 0. 0. 0. 0. 0. 0. 0. 0. 0. 0. 0. 0. 0. 0.
  0. 0.]
 [1. 1. 1. 0. 1. 1. 0. 0. 1. 0. 1. 0. 0. 0. 0. 0. 0. 0. 0. 0. 0. 0. 0. 0.
  0. 0. 0. 0. 0. 0. 0. 0. 0. 0. 0. 0. 0. 0. 0. 0. 0. 0. 0. 0. 0. 0. 0. 0.
  0. 0.]
 [0. 0. 1. 0. 0. 0. 0. 1. 0. 0. 0. 0. 1. 0. 1. 0. 0. 0. 0. 0. 0. 0. 0. 0.
  0. 0. 0. 0. 0. 0. 0. 0. 0. 0. 0. 0. 0. 0. 0. 0. 0. 0. 0. 0. 0. 0. 0. 0.
  0. 0.]
 [0. 0. 1. 0. 1. 0. 0. 0. 0. 1. 1. 1. 0. 1. 0. 0. 0. 0. 0. 0. 0. 0. 0. 0.
  0. 0. 0. 0. 0. 0. 0. 0. 0. 0. 0. 0. 0. 0. 0. 0. 0. 0. 0. 0. 0. 0. 0. 0.
  0. 0.]
 [0. 0. 1. 0. 1. 1. 1. 0. 0. 0. 1. 0. 0. 0. 1. 0. 0. 0. 0. 0. 0. 0. 0. 0.
  0. 0. 0. 0. 0. 0. 0. 0. 0. 0. 0. 0. 0. 0. 0. 0. 0. 0. 0. 0. 0. 0. 0. 0.
  0. 0.]
 [1. 1. 1. 0. 1. 0. 1. 0. 1. 1. 0. 0. 0. 1. 0. 0. 0. 0. 0. 0. 0. 0. 0. 0.
  0. 0. 0. 0. 0. 0. 0. 0. 0. 0. 0. 0. 0. 0. 0. 0. 0. 0. 0. 0. 0. 0. 0. 0.
  0. 0.]
 [1. 1. 1. 0. 0. 1. 0. 0. 1. 1. 1. 0. 0. 0. 0. 0. 0. 0. 0. 0. 0. 0. 0. 0.
  0. 0. 0. 0. 0. 0. 0. 0. 0. 0. 0. 0. 0. 0. 0. 0. 0. 0. 0. 0. 0. 0. 0. 0.
  0. 0.]
 [1. 0. 1. 0. 0. 0. 1. 1. 0. 0. 0. 1. 0. 0. 1. 0. 0. 0. 0. 0. 0. 0. 0. 0.
  0. 0. 0. 0. 0. 0. 0. 0. 0. 0. 0. 0. 0. 0. 0. 0. 0. 0. 0. 0. 0. 0. 0. 0.
  0. 0.]
 [1. 1. 0. 0. 0. 1. 0. 0. 1. 1. 1. 1. 0. 0. 1. 0. 0. 0. 0. 0. 0. 0. 0. 0.
  0. 0. 0. 0. 0. 0. 0. 0. 0. 0. 0. 0. 0. 0. 0. 0. 0. 0. 0. 0. 0. 0. 0. 0.
  0. 0.]
 [1. 1. 1. 0. 1. 1. 0. 0. 1. 1. 0. 0. 0. 0. 1. 0. 0. 0. 0. 0. 0. 0. 0. 0.
  0. 0. 0. 0. 0. 0. 0. 0. 0. 0. 0. 0. 0. 0. 0. 0. 0. 0. 0. 0. 0. 0. 0. 0.
  0. 0.]
 [0. 1. 0. 0. 0. 0. 0. 0. 1. 1. 0. 1. 0. 0. 1. 0. 0. 0. 0. 0. 0. 0. 0. 0.
  0. 0. 0. 0. 0. 0. 0. 0. 0. 0. 0. 0. 0. 0. 0. 0. 0. 0. 0. 0. 0. 0. 0. 0.
  0. 0.]
 [1. 1. 1. 0. 0. 1. 1. 1. 1. 0. 0. 0. 0. 0. 1. 0. 0. 0. 0. 0. 0. 0. 0. 0.
  0. 0. 0. 0. 0. 0. 0. 0. 0. 0. 0. 0. 0. 0. 0. 0. 0. 0. 0. 0. 0. 0. 0. 0.
  0. 0.]
 [0. 1. 0. 1. 1. 1. 0. 0. 0. 1. 1. 1. 1. 1. 0. 0. 0. 0. 0. 0. 0. 0. 0. 0.
  0. 0. 0. 0. 0. 0. 0. 0. 0. 0. 0. 0. 0. 0. 0. 0. 0. 0. 0. 0. 0. 0. 0. 0.
  0. 0.]
 [0. 1. 1. 1. 0. 0. 0. 0. 0. 0. 0. 1. 0. 0. 1. 0. 0. 0. 0. 0. 0. 0. 0. 0.
  0. 0. 0. 0. 0. 0. 0. 0. 0. 0. 0. 0. 0. 0. 0. 0. 0. 0. 0. 0. 0. 0. 0. 0.
  0. 0.]
 [1. 0. 1. 0. 1. 1. 0. 1. 1. 0. 0. 0. 0. 0. 1. 0. 0. 0. 0. 0. 0. 0. 0. 0.
  0. 0. 0. 0. 0. 0. 0. 0. 0. 0. 0. 0. 0. 0. 0. 0. 0. 0. 0. 0. 0. 0. 0. 0.
  0. 0.]
 [1. 0. 1. 0. 0. 1. 0. 0. 1. 0. 0. 0. 1. 1. 1. 0. 0. 0. 0. 0. 0. 0. 0. 0.
  0. 0. 0. 0. 0. 0. 0. 0. 0. 0. 0. 0. 0. 0. 0. 0. 0. 0. 0. 0. 0. 0. 0. 0.
  0. 0.]
 [0. 0. 0. 1. 0. 1. 0. 0. 0. 0. 1. 1. 1. 0. 1. 0. 0. 0. 0. 0. 0. 0. 0. 0.
  0. 0. 0. 0. 0. 0. 0. 0. 0. 0. 0. 0. 0. 0. 0. 0. 0. 0. 0. 0. 0. 0. 0. 0.
  0. 0.]
 [0. 1. 0. 1. 0. 1. 0. 0. 0. 1. 0. 0. 0. 1. 0. 0. 0. 0. 0. 0. 0. 0. 0. 0.
  0. 0. 0. 0. 0. 0. 0. 0. 0. 0. 0. 0. 0. 0. 0. 0. 0. 0. 0. 0. 0. 0. 0. 0.
  0. 0.]
 [0. 0. 0. 1. 1. 1. 0. 1. 0. 1. 0. 0. 1. 0. 0. 0. 0. 0. 0. 0. 0. 0. 0. 0.
  0. 0. 0. 0. 0. 0. 0. 0. 0. 0. 0. 0. 0. 0. 0. 0. 0. 0. 0. 0. 0. 0. 0. 0.
  0. 0.]
 [0. 0. 0. 0. 1. 0. 0. 1. 1. 0. 1. 0. 0. 1. 1. 0. 0. 0. 0. 0. 0. 0. 0. 0.
  0. 0. 0. 0. 0. 0. 0. 0. 0. 0. 0. 0. 0. 0. 0. 0. 0. 0. 0. 0. 0. 0. 0. 0.
  0. 0.]
 [1. 0. 1. 0. 1. 1. 0. 0. 1. 0. 1. 1. 1. 1. 1. 0. 0. 0. 0. 0. 0. 0. 0. 0.
  0. 0. 0. 0. 0. 0. 0. 0. 0. 0. 0. 0. 0. 0. 0. 0. 0. 0. 0. 0. 0. 0. 0. 0.
  0. 0.]
 [1. 0. 0. 0. 0. 1. 0. 0. 0. 0. 1. 0. 1. 0. 0. 0. 0. 0. 0. 0. 0. 0. 0. 0.
  0. 0. 0. 0. 0. 0. 0. 0. 0. 0. 0. 0. 0. 0. 0. 0. 0. 0. 0. 0. 0. 0. 0. 0.
  0. 0.]
 [0. 1. 1. 0. 0. 1. 0. 0. 1. 0. 1. 1. 1. 1. 1. 0. 0. 0. 0. 0. 0. 0. 0. 0.
  0. 0. 0. 0. 0. 0. 0. 0. 0. 0. 0. 0. 0. 0. 0. 0. 0. 0. 0. 0. 0. 0. 0. 0.
  0. 0.]
 [0. 1. 1. 0. 1. 0. 0. 1. 0. 0. 0. 0. 1. 0. 1. 0. 0. 0. 0. 0. 0. 0. 0. 0.
  0. 0. 0. 0. 0. 0. 0. 0. 0. 0. 0. 0. 0. 0. 0. 0. 0. 0. 0. 0. 0. 0. 0. 0.
  0. 0.]]
start_times_array: [[2.5410e+03 8.9320e+03 9.2410e+03 9.2810e+03 1.1027e+04 1.1072e+04
  1.1163e+04 1.1169e+04 1.1209e+04 1.1228e+04 1.1316e+04 1.1403e+04
  1.1470e+04 1.1504e+04 1.1505e+04]
 [9.3310e+03 1.0228e+04 1.0311e+04 1.0459e+04 1.0551e+04 1.0643e+04
  1.0651e+04 1.0726e+04 1.0782e+04 1.0822e+04 1.0829e+04 1.0849e+04
  1.0933e+04 1.0997e+04 1.1004e+04]
 [1.9510e+03 9.3840e+03 9.6050e+03 9.7310e+03 9.7840e+03 9.8700e+03
  9.9000e+03 9.9870e+03 9.9950e+03 1.0048e+04 1.0087e+04 1.0109e+04
  1.0164e+04 1.0363e+04 1.0395e+04]
 [8.3850e+03 8.4530e+03 8.4720e+03 8.4850e+03 8.4950e+03 8.5590e+03
  9.6590e+03 9.6630e+03 1.0062e+04 1.0131e+04 1.0199e+04 1.0236e+04
  1.0333e+04 1.0374e+04 1.0425e+04]
 [1.0740e+03 1.3270e+03 8.7680e+03 8.7930e+03 8.9200e+03 9.0130e+03
  9.1360e+03 9.1830e+03 9.2330e+03 9.2730e+03 9.3550e+03 9.4350e+03
  9.5260e+03 9.6910e+03 1.0314e+04]
 [8.1830e+03 8.2600e+03 8.2790e+03 8.4160e+03 8.4950e+03 8.5740e+03
  8.6070e+03 8.6190e+03 8.6310e+03 8.6460e+03 8.6780e+03 8.7420e+03
  8.8300e+03 9.0870e+03 9.7310e+03]
 [1.1200e+03 7.8790e+03 8.0370e+03 8.2080e+03 8.2360e+03 8.3290e+03
  8.3960e+03 8.4710e+03 8.4790e+03 8.5350e+03 8.6140e+03 8.6410e+03
  8.6590e+03 8.7040e+03 8.7240e+03]
 [8.4300e+02 8.4500e+02 1.0500e+03 1.0620e+03 1.3270e+03 1.3770e+03
  1.8050e+03 1.8290e+03 2.0800e+03 6.9310e+03 7.1190e+03 7.5550e+03
  8.7680e+03 8.8590e+03 8.8910e+03]
 [1.4810e+03 6.9310e+03 7.2680e+03 7.4260e+03 7.5270e+03 7.6090e+03
  7.6340e+03 7.6430e+03 7.6910e+03 7.7180e+03 7.7470e+03 7.8150e+03
  7.9630e+03 7.9860e+03 8.1320e+03]
 [6.5500e+02 8.1100e+02 1.0610e+03 3.9080e+03 3.9610e+03 5.3580e+03
  5.7570e+03 5.8430e+03 5.8590e+03 5.9030e+03 7.1190e+03 7.1810e+03
  7.3490e+03 7.4960e+03 7.6720e+03]
 [6.3380e+03 6.4020e+03 6.4960e+03 6.5880e+03 6.6870e+03 6.6880e+03
  6.7180e+03 6.7390e+03 6.8150e+03 6.8800e+03 6.8930e+03 6.9290e+03
  6.9610e+03 7.0380e+03 7.0510e+03]
 [9.0500e+02 6.0200e+03 6.0730e+03 6.1370e+03 6.1610e+03 6.2120e+03
  6.2940e+03 6.3930e+03 6.4140e+03 6.4820e+03 6.7180e+03 6.7320e+03
  8.0370e+03 8.3230e+03 8.3800e+03]
 [1.3720e+03 1.8250e+03 2.3670e+03 5.4710e+03 5.5320e+03 5.5540e+03
  5.6750e+03 5.9340e+03 6.0300e+03 6.1060e+03 6.1330e+03 6.1450e+03
  6.2080e+03 6.2920e+03 6.4820e+03]
 [1.0970e+03 4.7420e+03 4.8150e+03 4.9590e+03 5.0380e+03 5.0530e+03
  5.1350e+03 5.1930e+03 5.2650e+03 5.3250e+03 5.4240e+03 5.6310e+03
  5.7300e+03 5.7490e+03 5.8480e+03]
 [4.8300e+03 4.9590e+03 4.9800e+03 5.0170e+03 5.0410e+03 5.1370e+03
  5.1690e+03 5.2630e+03 5.3000e+03 5.3280e+03 5.4130e+03 5.4540e+03
  5.5200e+03 5.5320e+03 5.6750e+03]
 [5.7500e+02 7.5600e+02 1.2190e+03 3.0210e+03 3.0730e+03 3.2190e+03
  3.2810e+03 3.3200e+03 3.3360e+03 4.3420e+03 4.4220e+03 4.5890e+03
  4.6230e+03 4.6970e+03 4.8790e+03]
 [1.2900e+02 4.5400e+02 5.5200e+02 6.0200e+02 9.0500e+02 3.8260e+03
  4.2280e+03 4.2330e+03 4.3380e+03 4.4710e+03 4.5570e+03 4.6110e+03
  4.6870e+03 4.7770e+03 4.8790e+03]
 [3.8600e+02 4.2900e+02 1.5970e+03 1.7720e+03 3.8030e+03 3.9420e+03
  4.1480e+03 4.1660e+03 4.1670e+03 4.2310e+03 4.3310e+03 4.4210e+03
  4.4260e+03 4.5570e+03 5.6100e+03]
 [0.0000e+00 4.7000e+01 5.4000e+01 2.0100e+02 5.9300e+02 1.3130e+03
  3.3350e+03 3.8510e+03 3.9220e+03 3.9560e+03 3.9780e+03 4.0540e+03
  4.1370e+03 4.2280e+03 4.2740e+03]
 [6.5000e+01 3.8270e+03 3.8470e+03 3.9420e+03 3.9940e+03 4.1670e+03
  4.2650e+03 4.3310e+03 4.4180e+03 4.4950e+03 4.5330e+03 4.5890e+03
  4.6670e+03 4.7770e+03 4.8790e+03]
 [1.8000e+01 2.8000e+01 4.9900e+02 6.4700e+02 6.5200e+02 7.2000e+02
  7.5000e+02 9.3300e+02 1.0010e+03 2.6050e+03 4.0280e+03 4.2860e+03
  4.4260e+03 4.5140e+03 4.5820e+03]
 [3.0040e+03 3.0560e+03 3.0810e+03 3.1140e+03 3.1280e+03 3.2810e+03
  3.4030e+03 3.4200e+03 3.5020e+03 3.9610e+03 4.1290e+03 4.3440e+03
  4.4210e+03 4.4680e+03 4.5130e+03]
 [4.0500e+02 1.1520e+03 1.2600e+03 2.4440e+03 3.4130e+03 3.5020e+03
  3.6680e+03 3.7660e+03 3.9230e+03 3.9760e+03 4.0400e+03 4.1310e+03
  4.1670e+03 4.2330e+03 4.2650e+03]
 [3.1560e+03 3.5780e+03 3.6990e+03 3.7430e+03 3.8030e+03 3.8250e+03
  4.0540e+03 4.1480e+03 4.2060e+03 4.2860e+03 4.3320e+03 4.3520e+03
  4.3650e+03 4.4040e+03 4.4710e+03]
 [3.0000e+00 1.5700e+02 2.8000e+02 3.4900e+02 3.9900e+02 5.2200e+02
  5.8100e+02 6.6000e+02 6.9600e+02 8.3300e+02 1.2230e+03 1.3260e+03
  1.4470e+03 1.7140e+03 3.7640e+03]
 [2.8320e+03 2.9090e+03 3.0060e+03 3.0670e+03 3.2420e+03 3.3350e+03
  3.4620e+03 3.7950e+03 3.9080e+03 3.9810e+03 4.0090e+03 4.0100e+03
  4.2550e+03 4.3440e+03 4.3960e+03]
 [2.4000e+01 5.0000e+01 7.7000e+01 1.1200e+02 3.5400e+02 4.3300e+02
  4.5900e+02 5.3100e+02 6.2000e+02 7.4200e+02 7.9400e+02 9.3300e+02
  1.1520e+03 1.1570e+03 1.2780e+03]
 [1.1200e+02 6.8700e+02 9.9400e+02 1.1570e+03 2.2220e+03 2.3240e+03
  2.3890e+03 3.1510e+03 3.1560e+03 3.3360e+03 3.5280e+03 3.7120e+03
  3.7470e+03 3.8470e+03 3.9310e+03]
 [0.0000e+00 5.1000e+01 3.1140e+03 3.2920e+03 3.3420e+03 3.3710e+03
  3.4480e+03 3.5150e+03 3.5700e+03 3.6150e+03 3.6210e+03 3.7090e+03
  3.7550e+03 3.7640e+03 3.7950e+03]
 [3.9000e+01 6.2000e+01 3.6600e+02 9.3300e+02 2.0760e+03 3.0870e+03
  3.3010e+03 3.5120e+03 3.5280e+03 3.5340e+03 3.6690e+03 3.7450e+03
  3.7940e+03 3.8060e+03 3.8230e+03]
 [0.0000e+00 7.3000e+01 1.2900e+02 7.0200e+02 2.4360e+03 2.5200e+03
  2.7650e+03 2.8480e+03 2.8660e+03 2.8970e+03 2.9010e+03 2.9910e+03
  3.0780e+03 3.0790e+03 3.0840e+03]
 [2.5040e+03 2.5260e+03 3.0000e+03 3.0850e+03 3.1250e+03 3.1940e+03
  3.2920e+03 3.3360e+03 3.4250e+03 3.4480e+03 3.4710e+03 3.5670e+03
  3.6570e+03 3.7470e+03 3.8250e+03]
 [7.0000e+00 1.7200e+02 2.0200e+02 2.5300e+02 3.3900e+02 4.0800e+02
  5.6400e+02 5.8900e+02 6.1800e+02 1.3170e+03 1.6130e+03 1.6470e+03
  1.7950e+03 1.8900e+03 3.0100e+03]
 [1.5900e+02 2.0600e+02 3.2000e+02 9.3300e+02 1.0310e+03 1.9190e+03
  2.0500e+03 2.5090e+03 2.5140e+03 2.6480e+03 2.7410e+03 2.8320e+03
  2.8410e+03 3.0470e+03 3.1440e+03]
 [0.0000e+00 4.0000e+01 1.2900e+02 2.0200e+02 4.4100e+02 5.8700e+02
  9.6400e+02 1.5420e+03 1.9190e+03 2.7180e+03 2.8990e+03 2.9510e+03
  2.9590e+03 3.0000e+03 3.0580e+03]
 [5.8000e+01 1.3200e+02 1.7500e+02 3.0000e+02 3.6500e+02 5.1600e+02
  5.5600e+02 9.2000e+02 9.9800e+02 1.0010e+03 1.0280e+03 2.6640e+03
  2.7510e+03 2.9040e+03 2.9630e+03]
 [0.0000e+00 5.5900e+02 1.0310e+03 1.1770e+03 1.5810e+03 1.6470e+03
  1.7280e+03 2.1100e+03 2.1170e+03 2.1870e+03 2.2260e+03 2.2880e+03
  2.9510e+03 3.0470e+03 3.1680e+03]
 [1.5700e+02 8.0900e+02 2.3650e+03 2.5660e+03 2.6540e+03 2.6640e+03
  2.7630e+03 2.8110e+03 2.8680e+03 2.8990e+03 2.9920e+03 3.0560e+03
  3.1400e+03 3.1680e+03 3.2000e+03]
 [0.0000e+00 1.1940e+03 1.2090e+03 1.4650e+03 1.7510e+03 1.7850e+03
  1.9180e+03 2.0500e+03 2.1100e+03 2.2720e+03 2.4710e+03 2.5160e+03
  2.5490e+03 2.6320e+03 2.6430e+03]
 [5.9000e+01 1.9100e+02 2.6200e+02 3.7600e+02 4.5000e+02 7.2000e+02
  8.1000e+02 1.0610e+03 1.8430e+03 2.1770e+03 2.2260e+03 2.2470e+03
  2.2960e+03 2.5140e+03 2.6050e+03]
 [2.8000e+01 2.0970e+03 2.1730e+03 2.1770e+03 2.2120e+03 2.2300e+03
  2.2800e+03 2.2960e+03 2.3480e+03 2.4330e+03 2.4760e+03 2.5200e+03
  2.5660e+03 2.6380e+03 2.6620e+03]
 [1.1480e+03 1.2780e+03 1.4230e+03 1.5420e+03 1.6130e+03 1.7510e+03
  1.9180e+03 2.0500e+03 2.0760e+03 2.1720e+03 2.2470e+03 2.3340e+03
  2.4440e+03 2.4890e+03 2.7410e+03]
 [3.6600e+02 7.8000e+02 1.3000e+03 1.3080e+03 1.3340e+03 1.4230e+03
  1.4320e+03 1.4860e+03 1.6660e+03 1.8050e+03 1.9230e+03 2.0130e+03
  2.0850e+03 2.1810e+03 2.2800e+03]
 [9.2100e+02 1.2110e+03 1.2960e+03 1.3090e+03 1.3340e+03 1.4020e+03
  1.4700e+03 1.5780e+03 1.6470e+03 1.6970e+03 1.7630e+03 1.8410e+03
  1.9180e+03 1.9190e+03 2.3820e+03]
 [1.3000e+01 7.5000e+02 1.1580e+03 1.1970e+03 1.2610e+03 1.4230e+03
  1.4650e+03 1.4810e+03 1.5690e+03 1.5780e+03 1.6660e+03 1.7510e+03
  1.9190e+03 1.9820e+03 2.0040e+03]
 [1.9600e+02 2.8800e+02 3.1100e+02 3.4200e+02 3.5400e+02 3.7600e+02
  4.4100e+02 5.3300e+02 1.0250e+03 1.1480e+03 1.2230e+03 1.3080e+03
  1.5420e+03 1.5830e+03 1.6720e+03]
 [0.0000e+00 1.9200e+02 4.3300e+02 5.6000e+02 6.5500e+02 7.7000e+02
  8.1000e+02 9.3300e+02 9.7400e+02 9.9400e+02 1.1480e+03 1.1770e+03
  1.1890e+03 1.2700e+03 1.5690e+03]
 [2.6900e+02 3.5200e+02 3.6900e+02 4.0800e+02 4.8600e+02 5.9700e+02
  7.5000e+02 7.6600e+02 8.5200e+02 8.6400e+02 9.1400e+02 9.2000e+02
  1.0990e+03 1.1520e+03 1.4230e+03]
 [5.0000e+00 7.2000e+01 1.5700e+02 2.2100e+02 2.9400e+02 3.4200e+02
  3.8600e+02 4.7000e+02 5.5500e+02 6.0800e+02 6.2000e+02 6.2300e+02
  6.6200e+02 7.4600e+02 8.1900e+02]
 [0.0000e+00 3.0000e+00 1.8000e+01 5.8000e+01 1.3500e+02 1.7800e+02
  2.6900e+02 3.2000e+02 3.3700e+02 4.4000e+02 4.7300e+02 5.5600e+02
  7.4900e+02 9.8700e+02 1.4670e+03]]
