optimal_status: 0
solution: 15840.0
cpu_time: 3600.1004428863525
gap: 0.9188762626262627
upper_bound: 1285.0
lower_bound: 15840.0
cg_matrix: [[0. 1. 0. 1. 1. 0. 0. 1. 1. 1. 0. 1. 1. 1. 0. 1. 1. 1. 0. 0. 0. 0. 1. 1.
  0. 0. 1. 1. 0. 1.]
 [1. 0. 1. 0. 0. 1. 1. 0. 1. 1. 0. 1. 1. 0. 1. 1. 0. 1. 1. 0. 0. 0. 1. 1.
  0. 1. 1. 1. 1. 0.]
 [0. 1. 0. 1. 0. 1. 1. 0. 1. 1. 1. 0. 1. 0. 0. 0. 0. 0. 1. 0. 1. 0. 0. 1.
  0. 0. 0. 0. 1. 1.]
 [1. 0. 1. 0. 1. 0. 0. 1. 1. 1. 1. 0. 1. 0. 0. 1. 0. 1. 0. 1. 1. 1. 0. 0.
  0. 0. 1. 0. 0. 1.]
 [1. 0. 0. 1. 0. 1. 0. 1. 0. 0. 0. 0. 1. 1. 0. 1. 1. 1. 1. 1. 1. 0. 1. 1.
  0. 1. 0. 1. 0. 0.]
 [0. 1. 1. 0. 1. 0. 0. 1. 1. 0. 0. 1. 0. 1. 0. 0. 0. 1. 0. 1. 0. 1. 0. 0.
  1. 1. 0. 1. 1. 1.]
 [0. 1. 1. 0. 0. 0. 0. 0. 0. 1. 1. 1. 0. 1. 0. 1. 1. 0. 1. 0. 0. 1. 0. 0.
  1. 1. 0. 1. 0. 1.]
 [1. 0. 0. 1. 1. 1. 0. 0. 1. 1. 0. 0. 0. 1. 1. 0. 1. 1. 0. 0. 1. 1. 0. 0.
  1. 1. 0. 1. 0. 0.]
 [1. 1. 1. 1. 0. 1. 0. 1. 0. 0. 0. 1. 1. 0. 0. 1. 0. 1. 0. 0. 1. 1. 0. 0.
  0. 1. 0. 0. 0. 0.]
 [1. 1. 1. 1. 0. 0. 1. 1. 0. 0. 0. 0. 1. 1. 1. 0. 0. 1. 1. 1. 1. 1. 0. 1.
  1. 0. 0. 0. 0. 0.]
 [0. 0. 1. 1. 0. 0. 1. 0. 0. 0. 0. 0. 0. 0. 0. 0. 0. 1. 1. 1. 0. 0. 0. 1.
  1. 1. 0. 0. 0. 1.]
 [1. 1. 0. 0. 0. 1. 1. 0. 1. 0. 0. 0. 1. 0. 1. 1. 0. 1. 1. 1. 1. 1. 0. 1.
  0. 0. 0. 0. 0. 0.]
 [1. 1. 1. 1. 1. 0. 0. 0. 1. 1. 0. 1. 0. 1. 1. 0. 1. 0. 1. 1. 0. 1. 0. 0.
  1. 1. 0. 0. 0. 1.]
 [1. 0. 0. 0. 1. 1. 1. 1. 0. 1. 0. 0. 1. 0. 0. 1. 0. 1. 1. 0. 0. 1. 1. 0.
  0. 0. 1. 0. 0. 0.]
 [0. 1. 0. 0. 0. 0. 0. 1. 0. 1. 0. 1. 1. 0. 0. 0. 0. 1. 0. 0. 0. 0. 0. 1.
  1. 1. 1. 0. 0. 1.]
 [1. 1. 0. 1. 1. 0. 1. 0. 1. 0. 0. 1. 0. 1. 0. 0. 0. 0. 1. 0. 1. 1. 0. 0.
  0. 1. 0. 0. 1. 0.]
 [1. 0. 0. 0. 1. 0. 1. 1. 0. 0. 0. 0. 1. 0. 0. 0. 0. 1. 1. 0. 0. 1. 1. 1.
  1. 1. 1. 1. 0. 0.]
 [1. 1. 0. 1. 1. 1. 0. 1. 1. 1. 1. 1. 0. 1. 1. 0. 1. 0. 0. 0. 0. 1. 1. 1.
  0. 1. 0. 1. 0. 1.]
 [0. 1. 1. 0. 1. 0. 1. 0. 0. 1. 1. 1. 1. 1. 0. 1. 1. 0. 0. 1. 0. 1. 0. 0.
  0. 1. 1. 1. 1. 0.]
 [0. 0. 0. 1. 1. 1. 0. 0. 0. 1. 1. 1. 1. 0. 0. 0. 0. 0. 1. 0. 0. 1. 1. 0.
  0. 0. 1. 0. 1. 1.]
 [0. 0. 1. 1. 1. 0. 0. 1. 1. 1. 0. 1. 0. 0. 0. 1. 0. 0. 0. 0. 0. 0. 0. 0.
  0. 0. 0. 0. 0. 0.]
 [0. 0. 0. 1. 0. 1. 1. 1. 1. 1. 0. 1. 1. 1. 0. 1. 1. 1. 1. 1. 0. 0. 0. 0.
  0. 0. 0. 0. 0. 0.]
 [1. 1. 0. 0. 1. 0. 0. 0. 0. 0. 0. 0. 0. 1. 0. 0. 1. 1. 0. 1. 0. 0. 0. 0.
  0. 0. 0. 0. 0. 0.]
 [1. 1. 1. 0. 1. 0. 0. 0. 0. 1. 1. 1. 0. 0. 1. 0. 1. 1. 0. 0. 0. 0. 0. 0.
  0. 0. 0. 0. 0. 0.]
 [0. 0. 0. 0. 0. 1. 1. 1. 0. 1. 1. 0. 1. 0. 1. 0. 1. 0. 0. 0. 0. 0. 0. 0.
  0. 0. 0. 0. 0. 0.]
 [0. 1. 0. 0. 1. 1. 1. 1. 1. 0. 1. 0. 1. 0. 1. 1. 1. 1. 1. 0. 0. 0. 0. 0.
  0. 0. 0. 0. 0. 0.]
 [1. 1. 0. 1. 0. 0. 0. 0. 0. 0. 0. 0. 0. 1. 1. 0. 1. 0. 1. 1. 0. 0. 0. 0.
  0. 0. 0. 0. 0. 0.]
 [1. 1. 0. 0. 1. 1. 1. 1. 0. 0. 0. 0. 0. 0. 0. 0. 1. 1. 1. 0. 0. 0. 0. 0.
  0. 0. 0. 0. 0. 0.]
 [0. 1. 1. 0. 0. 1. 0. 0. 0. 0. 0. 0. 0. 0. 0. 1. 0. 0. 1. 1. 0. 0. 0. 0.
  0. 0. 0. 0. 0. 0.]
 [1. 0. 1. 1. 0. 1. 1. 0. 0. 0. 1. 0. 1. 0. 1. 0. 0. 1. 0. 1. 0. 0. 0. 0.
  0. 0. 0. 0. 0. 0.]]
start_times_array: [[13138. 13685. 13971. 14465. 14609. 14840. 14905. 14979. 15030. 15262.
  15284. 15310. 15363. 15399. 15465. 15575. 15631. 15645. 15686. 15755.]
 [   41. 13225. 13600. 13951. 14067. 14161. 14203. 14262. 14342. 14382.
  14542. 14662. 14717. 14742. 14766. 14932. 14993. 15107. 15253. 15491.]
 [12651. 12861. 12923. 13138. 13401. 13438. 13517. 13521. 13685. 13746.
  13781. 13884. 13910. 13934. 13971. 13979. 14164. 14637. 14840. 15205.]
 [  978. 11929. 12545. 12624. 12653. 12678. 12738. 12741. 12764. 12781.
  12803. 12848. 12958. 13030. 13082. 13225. 13301. 13385. 13600. 13820.]
 [11027. 11723. 11803. 11807. 11814. 11899. 11959. 12047. 12094. 12188.
  12199. 12274. 12337. 12445. 12508. 12512. 12691. 12872. 12950. 13281.]
 [  883.  1719. 10310. 10426. 10459. 10469. 10648. 10781. 10966. 11099.
  11187. 11253. 11332. 11526. 11570. 11618. 11645. 11692. 12034. 12395.]
 [  817.  9283.  9336.  9369.  9501.  9605.  9646.  9741.  9887.  9978.
   9985. 10004. 10086. 10179. 10235. 10279. 10326. 10913. 10975. 11027.]
 [ 7709.  9006.  9605.  9699.  9777.  9812.  9887. 10021. 10051. 10199.
  10211. 10355. 10440. 10458. 10529. 10604. 10746. 10876. 10913. 11430.]
 [  127.  7897.  8345.  8441.  8501.  8644.  8663.  8716.  8905.  8906.
   9050.  9120.  9176.  9283.  9378.  9468.  9719.  9979. 10120. 10203.]
 [  302.   412.   729.   855.  7277.  7973.  8020.  8488.  8499.  8591.
   8663.  8787.  8875.  8949.  9050.  9147.  9172.  9198.  9439.  9560.]
 [  849.  1043.  1105.  4800.  5103.  5304.  5352.  5401.  5482.  5519.
   6120.  6907.  6926.  8402.  8483.  8492.  8644.  8705.  8905.  8943.]
 [ 6223.  6844.  7077.  7156.  7634.  7862.  7951.  8027.  8137.  8206.
   8303.  8324.  8386.  8402.  8486.  8580.  8807.  8980.  9066.  9251.]
 [ 5679.  6284.  6378.  6411.  6917.  6948.  7020.  7181.  7189.  7365.
   7420.  7489.  7540.  7709.  7752.  7787.  7848.  7867.  8053.  8224.]
 [  101.  3277.  5217.  5749.  5950.  6083.  6137.  6141.  6143.  6166.
   6211.  6435.  6507.  6605.  6684.  6745.  6760.  6840.  7005.  7105.]
 [  473.  2006.  2222.  3124.  3183.  3277.  4657.  5217.  5276.  5339.
   5460.  5543.  5557.  5725.  5815.  5908.  5996.  6016.  6039.  6435.]
 [  548.  4816.  4854.  4947.  4995.  5125.  5276.  5375.  5412.  5491.
   5519.  5587.  5607.  5613.  5670.  5853.  6007.  6120.  6131.  6284.]
 [ 3551.  4519.  4564.  4800.  4809.  5103.  5119.  5246.  5265.  5284.
   5353.  5435.  5460.  5491.  5542.  5627.  5669.  5725.  5810.  5895.]
 [  694.   724.  2419.  2569.  2604.  2747.  2891.  2950.  2995.  3058.
   3098.  3108.  3189.  3231.  3368.  3434.  5006.  5007.  5022.  5148.]
 [ 1397.  3462.  3937.  3982.  3993.  4005.  4054.  4098.  4196.  4211.
   4354.  4452.  4500.  4657.  4747.  4767.  4787.  4869.  5032.  5064.]
 [  709.   812.  2419.  2747.  2891.  2947.  3008.  3053.  3146.  3178.
   3222.  3368.  3551.  3608.  3666.  3710.  3798.  3799.  3864.  4290.]
 [   41.    56.   215.   271.   380.   468.   915.  1029.  1137.  1188.
   1719.  1777.  2147.  2243.  2471.  2536.  2568.  2667.  2721.  2846.]
 [  915.  1036.  1055.  1123.  1276.  1353.  1638.  1819.  1915.  1980.
   2036.  2077.  2085.  2259.  2269.  2344.  2484.  2572.  2667.  3284.]
 [  851.   947.  1043.  1105.  1207.  1273.  1567.  1612.  1748.  1779.
   1829.  1841.  1901.  2090.  2147.  2215.  2259.  2275.  2330.  2484.]
 [  187.   526.   968.  1208.  1281.  1362.  1435.  1505.  1541.  1901.
   1904.  1993.  2005.  2077.  2123.  2194.  2321.  2403.  2473.  2794.]
 [    0.   255.   944.   946.  1219.  1276.  1301.  1373.  1453.  1523.
   1620.  1627.  1657.  1801.  1856.  1924.  1980.  1981.  2072.  2077.]
 [    0.   114.   120.   222.   319.   461.   944.  1158.  1170.  1244.
   1274.  1342.  1378.  1495.  1541.  1648.  1821.  1915.  2123.  2264.]
 [  198.   255.   310.   356.   412.   526.   779.   798.   871.   920.
   1029.  1083.  1137.  1187.  1219.  1259.  1327.  1495.  1653.  1703.]
 [  168.   221.   253.   302.   387.   404.   648.   734.   915.   991.
   1058.  1104.  1188.  1222.  1244.  1268.  1495.  1558.  1572.  2352.]
 [    0.   115.   198.   294.   425.   485.   623.   729.   734.   816.
    843.   851.   915.   931.   980.  1000.  1042.  1101.  1157.  1243.]
 [    0.    64.    84.   115.   129.   179.   272.   344.   418.   431.
    651.   669.   729.  1158.  1191.  1306.  1801.  2072.  2132.  2136.]]
