optimal_status: 0
solution: 3759.0
cpu_time: 3600.0737957954407
gap: 0.6622561603763283
upper_bound: 1269.5790931453819
lower_bound: 3759.0
cg_matrix: [[0. 0. 1. 1. 0. 1. 0. 0. 0. 0. 0. 1. 1. 0. 0. 0. 0. 0. 1. 1. 0. 0. 0. 0.
  0. 0. 0. 0. 0. 0.]
 [0. 0. 0. 1. 0. 0. 0. 0. 0. 0. 0. 0. 0. 0. 0. 1. 0. 0. 0. 0. 0. 0. 0. 0.
  0. 0. 0. 0. 0. 0.]
 [1. 0. 0. 0. 0. 0. 0. 0. 0. 0. 0. 0. 1. 1. 0. 0. 0. 1. 0. 1. 0. 0. 0. 0.
  1. 0. 0. 0. 0. 1.]
 [1. 1. 0. 0. 0. 0. 1. 0. 0. 0. 0. 0. 1. 0. 0. 0. 1. 0. 1. 1. 0. 0. 1. 0.
  0. 0. 0. 0. 0. 1.]
 [0. 0. 0. 0. 0. 0. 0. 0. 0. 0. 0. 0. 0. 0. 0. 1. 0. 0. 1. 0. 0. 0. 0. 0.
  0. 0. 0. 0. 0. 0.]
 [1. 0. 0. 0. 0. 0. 0. 0. 0. 0. 1. 0. 0. 0. 0. 0. 0. 0. 0. 0. 0. 0. 0. 0.
  0. 0. 1. 0. 0. 0.]
 [0. 0. 0. 1. 0. 0. 0. 0. 0. 0. 0. 0. 0. 0. 0. 1. 1. 0. 0. 0. 0. 0. 0. 0.
  0. 0. 0. 0. 0. 1.]
 [0. 0. 0. 0. 0. 0. 0. 0. 0. 1. 1. 0. 0. 0. 0. 0. 0. 1. 0. 0. 0. 0. 0. 0.
  0. 0. 0. 0. 0. 0.]
 [0. 0. 0. 0. 0. 0. 0. 0. 0. 0. 0. 0. 0. 0. 0. 0. 0. 0. 0. 0. 1. 1. 0. 0.
  0. 0. 0. 0. 0. 0.]
 [0. 0. 0. 0. 0. 0. 0. 1. 0. 0. 0. 0. 0. 1. 0. 0. 0. 0. 1. 0. 1. 0. 1. 0.
  0. 0. 0. 0. 1. 0.]
 [0. 0. 0. 0. 0. 1. 0. 1. 0. 0. 0. 1. 0. 0. 0. 0. 1. 0. 0. 0. 0. 0. 0. 0.
  0. 0. 1. 0. 0. 1.]
 [1. 0. 0. 0. 0. 0. 0. 0. 0. 0. 1. 0. 0. 0. 0. 0. 0. 0. 0. 0. 1. 0. 0. 0.
  0. 0. 0. 0. 0. 0.]
 [1. 0. 1. 1. 0. 0. 0. 0. 0. 0. 0. 0. 0. 1. 0. 1. 0. 1. 0. 1. 1. 0. 0. 1.
  0. 0. 0. 0. 0. 1.]
 [0. 0. 1. 0. 0. 0. 0. 0. 0. 1. 0. 0. 1. 0. 0. 1. 0. 0. 0. 0. 0. 0. 1. 0.
  0. 0. 0. 0. 0. 0.]
 [0. 0. 0. 0. 0. 0. 0. 0. 0. 0. 0. 0. 0. 0. 0. 0. 1. 0. 0. 1. 0. 1. 0. 0.
  0. 0. 0. 0. 0. 0.]
 [0. 1. 0. 0. 1. 0. 1. 0. 0. 0. 0. 0. 1. 1. 0. 0. 0. 0. 0. 0. 0. 0. 0. 0.
  0. 0. 0. 0. 0. 0.]
 [0. 0. 0. 1. 0. 0. 1. 0. 0. 0. 1. 0. 0. 0. 1. 0. 0. 0. 0. 0. 0. 0. 0. 0.
  0. 0. 0. 0. 0. 0.]
 [0. 0. 1. 0. 0. 0. 0. 1. 0. 0. 0. 0. 1. 0. 0. 0. 0. 0. 0. 0. 0. 0. 0. 0.
  0. 0. 0. 0. 0. 0.]
 [1. 0. 0. 1. 1. 0. 0. 0. 0. 1. 0. 0. 0. 0. 0. 0. 0. 0. 0. 0. 0. 0. 0. 0.
  0. 0. 0. 0. 0. 0.]
 [1. 0. 1. 1. 0. 0. 0. 0. 0. 0. 0. 0. 1. 0. 1. 0. 0. 0. 0. 0. 0. 0. 0. 0.
  0. 0. 0. 0. 0. 0.]
 [0. 0. 0. 0. 0. 0. 0. 0. 1. 1. 0. 1. 1. 0. 0. 0. 0. 0. 0. 0. 0. 0. 0. 0.
  0. 0. 0. 0. 0. 0.]
 [0. 0. 0. 0. 0. 0. 0. 0. 1. 0. 0. 0. 0. 0. 1. 0. 0. 0. 0. 0. 0. 0. 0. 0.
  0. 0. 0. 0. 0. 0.]
 [0. 0. 0. 1. 0. 0. 0. 0. 0. 1. 0. 0. 0. 1. 0. 0. 0. 0. 0. 0. 0. 0. 0. 0.
  0. 0. 0. 0. 0. 0.]
 [0. 0. 0. 0. 0. 0. 0. 0. 0. 0. 0. 0. 1. 0. 0. 0. 0. 0. 0. 0. 0. 0. 0. 0.
  0. 0. 0. 0. 0. 0.]
 [0. 0. 1. 0. 0. 0. 0. 0. 0. 0. 0. 0. 0. 0. 0. 0. 0. 0. 0. 0. 0. 0. 0. 0.
  0. 0. 0. 0. 0. 0.]
 [0. 0. 0. 0. 0. 0. 0. 0. 0. 0. 0. 0. 0. 0. 0. 0. 0. 0. 0. 0. 0. 0. 0. 0.
  0. 0. 0. 0. 0. 0.]
 [0. 0. 0. 0. 0. 1. 0. 0. 0. 0. 1. 0. 0. 0. 0. 0. 0. 0. 0. 0. 0. 0. 0. 0.
  0. 0. 0. 0. 0. 0.]
 [0. 0. 0. 0. 0. 0. 0. 0. 0. 0. 0. 0. 0. 0. 0. 0. 0. 0. 0. 0. 0. 0. 0. 0.
  0. 0. 0. 0. 0. 0.]
 [0. 0. 0. 0. 0. 0. 0. 0. 0. 1. 0. 0. 0. 0. 0. 0. 0. 0. 0. 0. 0. 0. 0. 0.
  0. 0. 0. 0. 0. 0.]
 [0. 0. 1. 1. 0. 0. 1. 0. 0. 0. 1. 0. 1. 0. 0. 0. 0. 0. 0. 0. 0. 0. 0. 0.
  0. 0. 0. 0. 0. 0.]]
start_times_array: [[7.840e+02 9.580e+02 1.054e+03 1.152e+03 1.429e+03 1.734e+03 1.946e+03
  2.156e+03 2.473e+03 2.643e+03 2.713e+03 2.734e+03 2.802e+03 3.432e+03
  3.651e+03]
 [0.000e+00 7.100e+01 3.910e+02 4.180e+02 6.180e+02 1.039e+03 1.096e+03
  1.634e+03 1.697e+03 2.102e+03 2.407e+03 2.961e+03 3.125e+03 3.329e+03
  3.579e+03]
 [2.680e+02 6.900e+02 8.600e+02 1.159e+03 1.379e+03 1.428e+03 1.512e+03
  1.826e+03 1.831e+03 2.062e+03 2.340e+03 2.508e+03 2.881e+03 3.112e+03
  3.203e+03]
 [2.680e+02 1.159e+03 1.406e+03 1.557e+03 1.826e+03 2.059e+03 2.204e+03
  2.319e+03 2.508e+03 3.237e+03 3.286e+03 3.366e+03 3.647e+03 3.714e+03
  3.756e+03]
 [1.350e+02 1.630e+02 5.460e+02 6.170e+02 9.410e+02 1.109e+03 1.459e+03
  1.634e+03 1.781e+03 2.285e+03 2.496e+03 2.583e+03 2.719e+03 2.773e+03
  3.676e+03]
 [2.800e+01 1.270e+02 2.250e+02 3.840e+02 4.620e+02 5.590e+02 9.620e+02
  1.343e+03 1.538e+03 1.623e+03 1.679e+03 1.704e+03 1.826e+03 3.306e+03
  3.513e+03]
 [2.000e+01 2.530e+02 5.260e+02 8.530e+02 9.510e+02 1.320e+03 1.709e+03
  2.017e+03 2.147e+03 2.448e+03 2.895e+03 3.112e+03 3.329e+03 3.550e+03
  3.755e+03]
 [6.100e+01 6.900e+02 9.400e+02 9.430e+02 1.117e+03 1.224e+03 1.745e+03
  1.802e+03 1.997e+03 2.919e+03 2.961e+03 3.286e+03 3.376e+03 3.405e+03
  3.476e+03]
 [0.000e+00 2.790e+02 5.700e+02 6.720e+02 7.660e+02 1.349e+03 1.528e+03
  1.701e+03 2.021e+03 2.089e+03 2.293e+03 2.569e+03 2.820e+03 2.863e+03
  3.193e+03]
 [1.700e+02 2.680e+02 3.460e+02 4.900e+02 5.170e+02 5.990e+02 1.136e+03
  1.604e+03 1.765e+03 2.021e+03 2.236e+03 2.506e+03 2.775e+03 2.820e+03
  3.306e+03]
 [2.300e+02 2.770e+02 2.850e+02 8.530e+02 1.159e+03 1.981e+03 2.159e+03
  2.183e+03 2.233e+03 2.254e+03 2.288e+03 2.325e+03 2.613e+03 3.571e+03
  3.647e+03]
 [7.000e+01 1.320e+02 5.170e+02 5.850e+02 6.150e+02 6.880e+02 6.900e+02
  9.770e+02 1.480e+03 1.543e+03 1.604e+03 1.826e+03 1.890e+03 2.066e+03
  3.193e+03]
 [7.300e+01 1.260e+02 1.350e+02 2.000e+02 4.180e+02 5.750e+02 6.410e+02
  9.710e+02 1.299e+03 1.873e+03 2.233e+03 2.586e+03 2.949e+03 3.016e+03
  3.329e+03]
 [0.000e+00 7.950e+02 1.680e+03 2.064e+03 2.328e+03 2.702e+03 2.771e+03
  2.942e+03 2.972e+03 3.402e+03 3.484e+03 3.489e+03 3.511e+03 3.550e+03
  3.552e+03]
 [1.890e+02 3.850e+02 5.750e+02 1.360e+03 1.555e+03 1.890e+03 2.062e+03
  2.143e+03 2.474e+03 2.531e+03 2.619e+03 2.925e+03 3.112e+03 3.237e+03
  3.662e+03]
 [3.100e+02 3.940e+02 4.710e+02 6.980e+02 7.930e+02 1.205e+03 1.379e+03
  1.554e+03 1.619e+03 2.340e+03 2.648e+03 3.199e+03 3.265e+03 3.526e+03
  3.647e+03]
 [0.000e+00 1.450e+02 4.340e+02 6.890e+02 6.950e+02 9.460e+02 1.003e+03
  1.076e+03 1.101e+03 2.577e+03 2.651e+03 3.029e+03 3.051e+03 3.199e+03
  3.432e+03]
 [0.000e+00 3.280e+02 3.750e+02 3.960e+02 4.900e+02 7.650e+02 2.064e+03
  2.167e+03 2.203e+03 2.755e+03 2.853e+03 3.104e+03 3.196e+03 3.425e+03
  3.526e+03]
 [0.000e+00 7.700e+01 1.060e+02 2.450e+02 4.040e+02 4.600e+02 8.640e+02
  1.249e+03 1.313e+03 2.086e+03 2.233e+03 2.925e+03 3.022e+03 3.115e+03
  3.632e+03]
 [5.400e+01 3.630e+02 4.760e+02 6.560e+02 8.950e+02 9.430e+02 9.620e+02
  1.232e+03 1.634e+03 2.089e+03 2.130e+03 2.754e+03 2.918e+03 3.513e+03
  3.579e+03]
 [1.100e+01 8.440e+02 9.380e+02 1.054e+03 1.082e+03 1.105e+03 1.224e+03
  1.234e+03 1.249e+03 1.412e+03 1.597e+03 2.345e+03 2.395e+03 2.643e+03
  3.104e+03]
 [1.400e+01 1.110e+02 1.130e+02 4.340e+02 5.200e+02 1.008e+03 1.101e+03
  1.429e+03 1.709e+03 1.831e+03 1.873e+03 1.947e+03 2.233e+03 3.039e+03
  3.432e+03]
 [3.730e+02 7.170e+02 9.210e+02 9.430e+02 1.232e+03 1.299e+03 1.429e+03
  1.443e+03 1.890e+03 2.407e+03 2.577e+03 2.605e+03 3.022e+03 3.029e+03
  3.166e+03]
 [9.000e+00 1.320e+02 5.420e+02 6.560e+02 7.840e+02 8.530e+02 1.429e+03
  1.680e+03 2.083e+03 2.353e+03 2.851e+03 2.972e+03 3.104e+03 3.265e+03
  3.644e+03]
 [2.000e+00 4.800e+01 3.280e+02 5.120e+02 5.810e+02 6.520e+02 9.150e+02
  1.009e+03 1.053e+03 1.232e+03 1.258e+03 2.596e+03 2.967e+03 3.289e+03
  3.715e+03]
 [1.170e+02 5.700e+02 6.560e+02 1.009e+03 1.070e+03 1.109e+03 1.234e+03
  1.319e+03 1.412e+03 1.721e+03 1.954e+03 2.089e+03 2.919e+03 3.314e+03
  3.753e+03]
 [0.000e+00 6.800e+01 1.630e+02 7.560e+02 9.870e+02 1.101e+03 1.429e+03
  1.743e+03 2.243e+03 2.990e+03 3.039e+03 3.063e+03 3.384e+03 3.431e+03
  3.465e+03]
 [1.260e+02 5.030e+02 7.850e+02 1.081e+03 1.429e+03 1.496e+03 1.634e+03
  1.765e+03 1.822e+03 1.826e+03 1.877e+03 1.900e+03 1.940e+03 2.236e+03
  2.333e+03]
 [0.000e+00 7.300e+01 1.100e+02 2.450e+02 4.100e+02 4.340e+02 7.730e+02
  9.710e+02 1.487e+03 1.709e+03 1.877e+03 2.159e+03 2.395e+03 2.408e+03
  2.577e+03]
 [3.850e+02 7.640e+02 1.054e+03 1.232e+03 1.429e+03 1.634e+03 1.731e+03
  2.083e+03 2.193e+03 2.435e+03 2.670e+03 2.771e+03 2.984e+03 3.432e+03
  3.488e+03]]
