optimal_status: 0
solution: 68294.0
cpu_time: 3600.257225036621
gap: 0.9726818250614281
upper_bound: 1865.667439254832
lower_bound: 68294.0
cg_matrix: [[0. 1. 1. 0. 1. 0. 1. 0. 1. 0. 1. 0. 1. 0. 1. 1. 0. 0. 0. 1. 0. 0. 0. 0.
  0. 0. 0. 1. 1. 1. 0. 1. 0. 0. 1. 1. 1. 1. 0. 1. 1. 1. 1. 0. 0. 1. 1. 0.
  1. 0. 1. 1. 1. 1. 1. 0. 1. 1. 0. 0. 0. 0. 0. 1. 1. 0. 1. 0. 1. 1. 1. 1.
  0. 1. 1. 1. 1. 1. 1. 1. 0. 0. 0. 1. 1. 1. 1. 0. 1. 0. 1. 1. 0. 1. 1. 0.
  0. 0. 0. 1.]
 [1. 0. 0. 1. 0. 0. 1. 0. 0. 1. 1. 0. 1. 0. 0. 1. 0. 1. 0. 0. 0. 0. 1. 1.
  1. 0. 1. 1. 0. 0. 1. 0. 0. 1. 1. 0. 1. 1. 1. 0. 1. 1. 0. 0. 1. 1. 0. 0.
  1. 1. 1. 1. 1. 1. 1. 1. 1. 0. 0. 1. 0. 0. 1. 1. 0. 1. 1. 1. 0. 0. 1. 1.
  0. 0. 1. 0. 1. 0. 0. 1. 1. 0. 1. 1. 1. 0. 1. 0. 0. 1. 1. 0. 1. 0. 1. 1.
  0. 1. 1. 0.]
 [1. 0. 0. 0. 0. 0. 1. 1. 0. 0. 0. 1. 0. 1. 1. 0. 1. 1. 0. 1. 1. 1. 1. 0.
  1. 1. 0. 1. 1. 0. 0. 1. 1. 1. 0. 1. 1. 0. 1. 0. 0. 0. 1. 1. 1. 1. 1. 0.
  1. 0. 1. 0. 0. 0. 1. 0. 0. 1. 1. 0. 0. 0. 0. 1. 0. 1. 1. 1. 0. 1. 1. 1.
  0. 0. 0. 1. 0. 0. 1. 1. 0. 1. 0. 0. 0. 0. 0. 1. 0. 0. 1. 1. 0. 1. 0. 1.
  1. 1. 0. 0.]
 [0. 1. 0. 0. 1. 0. 1. 1. 1. 0. 1. 0. 1. 1. 1. 0. 0. 1. 1. 0. 0. 0. 1. 0.
  1. 1. 1. 1. 1. 0. 1. 0. 0. 0. 0. 1. 1. 0. 0. 0. 0. 1. 0. 1. 0. 1. 1. 0.
  0. 1. 1. 0. 1. 0. 0. 1. 0. 0. 0. 0. 0. 0. 0. 1. 0. 1. 0. 0. 0. 0. 1. 0.
  1. 1. 0. 1. 1. 0. 1. 1. 0. 0. 1. 1. 0. 1. 1. 1. 1. 1. 0. 0. 1. 0. 1. 0.
  1. 0. 0. 1.]
 [1. 0. 0. 1. 0. 0. 1. 0. 1. 0. 1. 0. 0. 1. 1. 1. 0. 1. 0. 1. 1. 1. 1. 1.
  1. 1. 1. 0. 1. 1. 0. 1. 1. 0. 1. 0. 0. 0. 1. 1. 1. 1. 1. 0. 1. 1. 1. 0.
  1. 0. 0. 1. 0. 0. 1. 1. 1. 1. 0. 0. 1. 0. 0. 0. 1. 0. 0. 1. 1. 1. 0. 1.
  0. 0. 0. 0. 1. 1. 0. 0. 0. 0. 0. 1. 1. 1. 0. 1. 1. 0. 0. 1. 0. 1. 1. 1.
  0. 0. 1. 1.]
 [0. 0. 0. 0. 0. 0. 0. 0. 0. 0. 1. 1. 0. 0. 1. 1. 1. 0. 1. 1. 0. 0. 0. 1.
  1. 1. 0. 1. 1. 1. 0. 0. 1. 0. 0. 0. 0. 1. 0. 0. 1. 0. 1. 0. 0. 1. 0. 1.
  0. 0. 0. 1. 0. 1. 1. 1. 1. 1. 0. 0. 0. 1. 1. 0. 1. 1. 1. 0. 1. 1. 1. 1.
  0. 0. 0. 1. 0. 0. 0. 1. 0. 0. 1. 1. 1. 1. 0. 1. 1. 1. 1. 0. 1. 1. 0. 0.
  1. 0. 0. 1.]
 [1. 1. 1. 1. 1. 0. 0. 0. 1. 0. 1. 0. 1. 0. 1. 0. 0. 1. 0. 0. 0. 1. 0. 1.
  0. 0. 1. 1. 1. 1. 0. 1. 0. 1. 1. 1. 1. 0. 0. 0. 1. 0. 0. 0. 0. 1. 0. 1.
  0. 0. 1. 1. 1. 0. 0. 1. 0. 1. 1. 1. 0. 1. 1. 0. 0. 0. 1. 1. 1. 0. 1. 0.
  1. 0. 1. 0. 0. 1. 0. 1. 0. 0. 0. 0. 0. 0. 0. 0. 0. 0. 1. 0. 1. 0. 0. 0.
  1. 0. 1. 0.]
 [0. 0. 1. 1. 0. 0. 0. 0. 1. 1. 1. 0. 0. 1. 1. 0. 1. 1. 1. 0. 0. 1. 0. 1.
  0. 0. 1. 1. 1. 1. 0. 1. 0. 1. 1. 1. 0. 0. 0. 1. 0. 0. 1. 0. 0. 0. 1. 0.
  1. 0. 0. 0. 0. 1. 1. 0. 0. 0. 0. 1. 0. 1. 0. 1. 1. 0. 0. 0. 0. 1. 0. 1.
  0. 0. 1. 0. 0. 0. 0. 0. 1. 1. 1. 0. 1. 1. 1. 0. 1. 0. 0. 1. 1. 0. 0. 1.
  1. 1. 1. 0.]
 [1. 0. 0. 1. 1. 0. 1. 1. 0. 1. 0. 0. 1. 1. 1. 1. 1. 1. 0. 1. 1. 1. 0. 0.
  1. 1. 0. 0. 0. 1. 1. 0. 1. 1. 0. 0. 1. 0. 0. 1. 1. 0. 0. 1. 0. 0. 1. 1.
  1. 1. 0. 0. 1. 1. 0. 1. 0. 1. 0. 1. 1. 1. 0. 1. 0. 0. 0. 0. 1. 0. 0. 1.
  1. 0. 0. 1. 0. 0. 1. 1. 1. 0. 0. 1. 1. 1. 1. 1. 1. 0. 0. 1. 1. 1. 0. 1.
  0. 1. 1. 1.]
 [0. 1. 0. 0. 0. 0. 0. 1. 1. 0. 0. 1. 0. 1. 1. 0. 0. 1. 1. 1. 1. 0. 0. 1.
  1. 0. 0. 0. 1. 1. 0. 1. 0. 1. 0. 0. 1. 0. 1. 0. 1. 1. 0. 1. 1. 1. 1. 0.
  0. 0. 0. 1. 1. 1. 0. 0. 1. 0. 1. 0. 0. 0. 0. 0. 0. 1. 1. 1. 0. 0. 0. 0.
  0. 0. 1. 1. 1. 1. 0. 0. 1. 1. 0. 1. 1. 0. 1. 0. 1. 0. 0. 0. 1. 1. 1. 0.
  0. 0. 0. 1.]
 [1. 1. 0. 1. 1. 1. 1. 1. 0. 0. 0. 1. 0. 1. 1. 1. 0. 0. 0. 0. 0. 1. 1. 0.
  1. 0. 1. 1. 0. 1. 1. 0. 0. 0. 1. 1. 1. 1. 0. 1. 0. 0. 0. 1. 1. 0. 1. 1.
  1. 0. 0. 1. 0. 0. 0. 0. 1. 0. 0. 0. 1. 0. 1. 1. 0. 1. 1. 1. 1. 0. 1. 0.
  0. 0. 1. 1. 0. 1. 0. 0. 0. 1. 0. 0. 0. 0. 1. 0. 1. 1. 1. 1. 0. 1. 1. 1.
  1. 1. 1. 0.]
 [0. 0. 1. 0. 0. 1. 0. 0. 0. 1. 1. 0. 1. 0. 1. 0. 1. 1. 1. 0. 1. 0. 1. 1.
  1. 1. 0. 1. 0. 1. 0. 0. 1. 0. 0. 0. 0. 1. 1. 0. 1. 1. 0. 0. 1. 0. 1. 0.
  0. 1. 1. 0. 0. 0. 1. 0. 0. 0. 1. 1. 0. 0. 0. 0. 1. 0. 1. 1. 0. 1. 1. 0.
  0. 0. 1. 0. 1. 0. 1. 1. 1. 0. 0. 1. 1. 0. 0. 0. 0. 1. 0. 0. 0. 0. 0. 1.
  0. 0. 0. 1.]
 [1. 1. 0. 1. 0. 0. 1. 0. 1. 0. 0. 1. 0. 0. 1. 1. 0. 0. 0. 1. 0. 1. 0. 0.
  1. 1. 1. 0. 1. 0. 1. 1. 1. 1. 1. 1. 1. 0. 1. 1. 1. 0. 1. 0. 1. 0. 0. 1.
  1. 0. 1. 1. 0. 0. 1. 0. 0. 1. 1. 1. 0. 0. 0. 1. 1. 0. 1. 0. 1. 0. 0. 1.
  0. 1. 0. 1. 0. 1. 0. 0. 0. 0. 1. 0. 1. 1. 1. 1. 0. 1. 0. 0. 0. 0. 0. 0.
  1. 1. 1. 0.]
 [0. 0. 1. 1. 1. 0. 0. 1. 1. 1. 1. 0. 0. 0. 1. 1. 1. 0. 0. 1. 1. 1. 0. 1.
  1. 0. 1. 1. 1. 1. 0. 1. 1. 1. 1. 1. 0. 0. 0. 0. 1. 1. 0. 1. 1. 1. 1. 0.
  0. 1. 0. 1. 1. 0. 0. 0. 1. 0. 0. 1. 0. 1. 0. 1. 1. 0. 1. 0. 0. 1. 1. 0.
  0. 0. 1. 1. 0. 0. 0. 0. 0. 1. 0. 1. 1. 0. 0. 0. 0. 1. 0. 1. 1. 1. 1. 0.
  0. 0. 0. 0.]
 [1. 0. 1. 1. 1. 1. 1. 1. 1. 1. 1. 1. 1. 1. 0. 0. 0. 0. 1. 0. 0. 1. 0. 0.
  0. 1. 0. 1. 0. 1. 0. 0. 1. 0. 1. 0. 0. 0. 0. 0. 0. 1. 0. 1. 0. 1. 0. 0.
  0. 0. 0. 0. 1. 0. 1. 1. 1. 0. 0. 1. 1. 1. 0. 0. 1. 1. 0. 0. 0. 0. 0. 1.
  0. 1. 0. 0. 1. 0. 0. 1. 1. 1. 0. 0. 0. 0. 1. 0. 1. 0. 1. 0. 0. 1. 1. 0.
  1. 0. 0. 1.]
 [1. 1. 0. 0. 1. 1. 0. 0. 1. 0. 1. 0. 1. 1. 0. 0. 1. 1. 1. 1. 0. 0. 1. 1.
  0. 0. 0. 1. 0. 0. 1. 0. 0. 1. 1. 0. 1. 1. 0. 0. 0. 1. 1. 0. 1. 0. 0. 0.
  1. 0. 0. 0. 1. 1. 0. 0. 0. 0. 1. 1. 1. 0. 1. 1. 1. 0. 1. 0. 0. 0. 0. 1.
  0. 1. 0. 0. 0. 0. 1. 0. 1. 1. 1. 0. 0. 1. 1. 1. 0. 1. 1. 0. 1. 0. 1. 0.
  0. 0. 0. 0.]
 [0. 0. 1. 0. 0. 1. 0. 1. 1. 0. 0. 1. 0. 1. 0. 1. 0. 0. 1. 0. 1. 0. 0. 0.
  1. 0. 0. 1. 1. 1. 1. 1. 1. 1. 1. 0. 1. 1. 0. 0. 0. 0. 0. 1. 1. 0. 0. 1.
  1. 1. 0. 0. 1. 0. 1. 1. 0. 0. 1. 0. 0. 0. 1. 0. 1. 1. 0. 0. 0. 0. 1. 0.
  0. 1. 0. 0. 1. 1. 1. 1. 1. 1. 1. 0. 0. 0. 0. 1. 0. 0. 0. 1. 0. 1. 1. 0.
  0. 1. 0. 1.]
 [0. 1. 1. 1. 1. 0. 1. 1. 1. 1. 0. 1. 0. 0. 0. 1. 0. 0. 1. 0. 0. 1. 0. 1.
  0. 0. 1. 1. 0. 1. 1. 1. 0. 1. 1. 1. 0. 1. 1. 0. 1. 1. 1. 0. 0. 0. 0. 1.
  0. 0. 1. 0. 1. 0. 0. 0. 1. 0. 1. 0. 0. 1. 0. 0. 1. 1. 1. 0. 0. 1. 1. 0.
  1. 1. 1. 1. 0. 0. 1. 0. 0. 1. 0. 0. 1. 1. 0. 0. 1. 1. 0. 1. 1. 0. 0. 1.
  0. 0. 1. 0.]
 [0. 0. 0. 1. 0. 1. 0. 1. 0. 1. 0. 1. 0. 0. 1. 1. 1. 1. 0. 0. 0. 0. 0. 0.
  1. 0. 1. 1. 0. 1. 1. 0. 0. 0. 1. 0. 1. 1. 1. 0. 1. 0. 0. 0. 0. 0. 1. 1.
  0. 0. 1. 0. 1. 1. 0. 1. 0. 0. 0. 1. 0. 1. 0. 1. 1. 0. 1. 0. 0. 0. 0. 1.
  0. 0. 1. 1. 1. 1. 1. 1. 0. 0. 1. 1. 1. 0. 1. 1. 1. 0. 0. 0. 1. 0. 1. 0.
  0. 0. 0. 0.]
 [1. 0. 1. 0. 1. 1. 0. 0. 1. 1. 0. 0. 1. 1. 0. 1. 0. 0. 0. 0. 0. 1. 0. 1.
  0. 1. 1. 1. 1. 1. 1. 0. 1. 0. 1. 1. 0. 1. 1. 0. 0. 1. 0. 0. 0. 0. 0. 0.
  0. 0. 1. 1. 1. 1. 0. 1. 1. 1. 0. 0. 0. 1. 1. 1. 0. 0. 1. 1. 0. 0. 0. 1.
  1. 1. 0. 1. 1. 1. 1. 0. 0. 1. 0. 1. 0. 0. 1. 0. 1. 0. 1. 1. 0. 0. 0. 0.
  0. 1. 1. 1.]
 [0. 0. 1. 0. 1. 0. 0. 0. 1. 1. 0. 1. 0. 1. 0. 0. 1. 0. 0. 0. 0. 0. 0. 0.
  0. 0. 0. 0. 0. 0. 0. 0. 0. 0. 0. 0. 0. 0. 0. 0. 0. 0. 0. 0. 0. 0. 0. 0.
  0. 0. 0. 0. 0. 0. 0. 0. 0. 0. 0. 0. 0. 0. 0. 0. 0. 0. 0. 0. 0. 0. 0. 0.
  0. 0. 0. 0. 0. 0. 0. 0. 0. 0. 0. 0. 0. 0. 0. 0. 0. 0. 0. 0. 0. 0. 0. 0.
  0. 0. 0. 0.]
 [0. 0. 1. 0. 1. 0. 1. 1. 1. 0. 1. 0. 1. 1. 1. 0. 0. 1. 0. 1. 0. 0. 0. 0.
  0. 0. 0. 0. 0. 0. 0. 0. 0. 0. 0. 0. 0. 0. 0. 0. 0. 0. 0. 0. 0. 0. 0. 0.
  0. 0. 0. 0. 0. 0. 0. 0. 0. 0. 0. 0. 0. 0. 0. 0. 0. 0. 0. 0. 0. 0. 0. 0.
  0. 0. 0. 0. 0. 0. 0. 0. 0. 0. 0. 0. 0. 0. 0. 0. 0. 0. 0. 0. 0. 0. 0. 0.
  0. 0. 0. 0.]
 [0. 1. 1. 1. 1. 0. 0. 0. 0. 0. 1. 1. 0. 0. 0. 1. 0. 0. 0. 0. 0. 0. 0. 0.
  0. 0. 0. 0. 0. 0. 0. 0. 0. 0. 0. 0. 0. 0. 0. 0. 0. 0. 0. 0. 0. 0. 0. 0.
  0. 0. 0. 0. 0. 0. 0. 0. 0. 0. 0. 0. 0. 0. 0. 0. 0. 0. 0. 0. 0. 0. 0. 0.
  0. 0. 0. 0. 0. 0. 0. 0. 0. 0. 0. 0. 0. 0. 0. 0. 0. 0. 0. 0. 0. 0. 0. 0.
  0. 0. 0. 0.]
 [0. 1. 0. 0. 1. 1. 1. 1. 0. 1. 0. 1. 0. 1. 0. 1. 0. 1. 0. 1. 0. 0. 0. 0.
  0. 0. 0. 0. 0. 0. 0. 0. 0. 0. 0. 0. 0. 0. 0. 0. 0. 0. 0. 0. 0. 0. 0. 0.
  0. 0. 0. 0. 0. 0. 0. 0. 0. 0. 0. 0. 0. 0. 0. 0. 0. 0. 0. 0. 0. 0. 0. 0.
  0. 0. 0. 0. 0. 0. 0. 0. 0. 0. 0. 0. 0. 0. 0. 0. 0. 0. 0. 0. 0. 0. 0. 0.
  0. 0. 0. 0.]
 [0. 1. 1. 1. 1. 1. 0. 0. 1. 1. 1. 1. 1. 1. 0. 0. 1. 0. 1. 0. 0. 0. 0. 0.
  0. 0. 0. 0. 0. 0. 0. 0. 0. 0. 0. 0. 0. 0. 0. 0. 0. 0. 0. 0. 0. 0. 0. 0.
  0. 0. 0. 0. 0. 0. 0. 0. 0. 0. 0. 0. 0. 0. 0. 0. 0. 0. 0. 0. 0. 0. 0. 0.
  0. 0. 0. 0. 0. 0. 0. 0. 0. 0. 0. 0. 0. 0. 0. 0. 0. 0. 0. 0. 0. 0. 0. 0.
  0. 0. 0. 0.]
 [0. 0. 1. 1. 1. 1. 0. 0. 1. 0. 0. 1. 1. 0. 1. 0. 0. 0. 0. 1. 0. 0. 0. 0.
  0. 0. 0. 0. 0. 0. 0. 0. 0. 0. 0. 0. 0. 0. 0. 0. 0. 0. 0. 0. 0. 0. 0. 0.
  0. 0. 0. 0. 0. 0. 0. 0. 0. 0. 0. 0. 0. 0. 0. 0. 0. 0. 0. 0. 0. 0. 0. 0.
  0. 0. 0. 0. 0. 0. 0. 0. 0. 0. 0. 0. 0. 0. 0. 0. 0. 0. 0. 0. 0. 0. 0. 0.
  0. 0. 0. 0.]
 [0. 1. 0. 1. 1. 0. 1. 1. 0. 0. 1. 0. 1. 1. 0. 0. 0. 1. 1. 1. 0. 0. 0. 0.
  0. 0. 0. 0. 0. 0. 0. 0. 0. 0. 0. 0. 0. 0. 0. 0. 0. 0. 0. 0. 0. 0. 0. 0.
  0. 0. 0. 0. 0. 0. 0. 0. 0. 0. 0. 0. 0. 0. 0. 0. 0. 0. 0. 0. 0. 0. 0. 0.
  0. 0. 0. 0. 0. 0. 0. 0. 0. 0. 0. 0. 0. 0. 0. 0. 0. 0. 0. 0. 0. 0. 0. 0.
  0. 0. 0. 0.]
 [1. 1. 1. 1. 0. 1. 1. 1. 0. 0. 1. 1. 0. 1. 1. 1. 1. 1. 1. 1. 0. 0. 0. 0.
  0. 0. 0. 0. 0. 0. 0. 0. 0. 0. 0. 0. 0. 0. 0. 0. 0. 0. 0. 0. 0. 0. 0. 0.
  0. 0. 0. 0. 0. 0. 0. 0. 0. 0. 0. 0. 0. 0. 0. 0. 0. 0. 0. 0. 0. 0. 0. 0.
  0. 0. 0. 0. 0. 0. 0. 0. 0. 0. 0. 0. 0. 0. 0. 0. 0. 0. 0. 0. 0. 0. 0. 0.
  0. 0. 0. 0.]
 [1. 0. 1. 1. 1. 1. 1. 1. 0. 1. 0. 0. 1. 1. 0. 0. 1. 0. 0. 1. 0. 0. 0. 0.
  0. 0. 0. 0. 0. 0. 0. 0. 0. 0. 0. 0. 0. 0. 0. 0. 0. 0. 0. 0. 0. 0. 0. 0.
  0. 0. 0. 0. 0. 0. 0. 0. 0. 0. 0. 0. 0. 0. 0. 0. 0. 0. 0. 0. 0. 0. 0. 0.
  0. 0. 0. 0. 0. 0. 0. 0. 0. 0. 0. 0. 0. 0. 0. 0. 0. 0. 0. 0. 0. 0. 0. 0.
  0. 0. 0. 0.]
 [1. 0. 0. 0. 1. 1. 1. 1. 1. 1. 1. 1. 0. 1. 1. 0. 1. 1. 1. 1. 0. 0. 0. 0.
  0. 0. 0. 0. 0. 0. 0. 0. 0. 0. 0. 0. 0. 0. 0. 0. 0. 0. 0. 0. 0. 0. 0. 0.
  0. 0. 0. 0. 0. 0. 0. 0. 0. 0. 0. 0. 0. 0. 0. 0. 0. 0. 0. 0. 0. 0. 0. 0.
  0. 0. 0. 0. 0. 0. 0. 0. 0. 0. 0. 0. 0. 0. 0. 0. 0. 0. 0. 0. 0. 0. 0. 0.
  0. 0. 0. 0.]
 [0. 1. 0. 1. 0. 0. 0. 0. 1. 0. 1. 0. 1. 0. 0. 1. 1. 1. 1. 1. 0. 0. 0. 0.
  0. 0. 0. 0. 0. 0. 0. 0. 0. 0. 0. 0. 0. 0. 0. 0. 0. 0. 0. 0. 0. 0. 0. 0.
  0. 0. 0. 0. 0. 0. 0. 0. 0. 0. 0. 0. 0. 0. 0. 0. 0. 0. 0. 0. 0. 0. 0. 0.
  0. 0. 0. 0. 0. 0. 0. 0. 0. 0. 0. 0. 0. 0. 0. 0. 0. 0. 0. 0. 0. 0. 0. 0.
  0. 0. 0. 0.]
 [1. 0. 1. 0. 1. 0. 1. 1. 0. 1. 0. 0. 1. 1. 0. 0. 1. 1. 0. 0. 0. 0. 0. 0.
  0. 0. 0. 0. 0. 0. 0. 0. 0. 0. 0. 0. 0. 0. 0. 0. 0. 0. 0. 0. 0. 0. 0. 0.
  0. 0. 0. 0. 0. 0. 0. 0. 0. 0. 0. 0. 0. 0. 0. 0. 0. 0. 0. 0. 0. 0. 0. 0.
  0. 0. 0. 0. 0. 0. 0. 0. 0. 0. 0. 0. 0. 0. 0. 0. 0. 0. 0. 0. 0. 0. 0. 0.
  0. 0. 0. 0.]
 [0. 0. 1. 0. 1. 1. 0. 0. 1. 0. 0. 1. 1. 1. 1. 0. 1. 0. 0. 1. 0. 0. 0. 0.
  0. 0. 0. 0. 0. 0. 0. 0. 0. 0. 0. 0. 0. 0. 0. 0. 0. 0. 0. 0. 0. 0. 0. 0.
  0. 0. 0. 0. 0. 0. 0. 0. 0. 0. 0. 0. 0. 0. 0. 0. 0. 0. 0. 0. 0. 0. 0. 0.
  0. 0. 0. 0. 0. 0. 0. 0. 0. 0. 0. 0. 0. 0. 0. 0. 0. 0. 0. 0. 0. 0. 0. 0.
  0. 0. 0. 0.]
 [0. 1. 1. 0. 0. 0. 1. 1. 1. 1. 0. 0. 1. 1. 0. 1. 1. 1. 0. 0. 0. 0. 0. 0.
  0. 0. 0. 0. 0. 0. 0. 0. 0. 0. 0. 0. 0. 0. 0. 0. 0. 0. 0. 0. 0. 0. 0. 0.
  0. 0. 0. 0. 0. 0. 0. 0. 0. 0. 0. 0. 0. 0. 0. 0. 0. 0. 0. 0. 0. 0. 0. 0.
  0. 0. 0. 0. 0. 0. 0. 0. 0. 0. 0. 0. 0. 0. 0. 0. 0. 0. 0. 0. 0. 0. 0. 0.
  0. 0. 0. 0.]
 [1. 1. 0. 0. 1. 0. 1. 1. 0. 0. 1. 0. 1. 1. 1. 1. 1. 1. 1. 1. 0. 0. 0. 0.
  0. 0. 0. 0. 0. 0. 0. 0. 0. 0. 0. 0. 0. 0. 0. 0. 0. 0. 0. 0. 0. 0. 0. 0.
  0. 0. 0. 0. 0. 0. 0. 0. 0. 0. 0. 0. 0. 0. 0. 0. 0. 0. 0. 0. 0. 0. 0. 0.
  0. 0. 0. 0. 0. 0. 0. 0. 0. 0. 0. 0. 0. 0. 0. 0. 0. 0. 0. 0. 0. 0. 0. 0.
  0. 0. 0. 0.]
 [1. 0. 1. 1. 0. 0. 1. 1. 0. 0. 1. 0. 1. 1. 0. 0. 0. 1. 0. 1. 0. 0. 0. 0.
  0. 0. 0. 0. 0. 0. 0. 0. 0. 0. 0. 0. 0. 0. 0. 0. 0. 0. 0. 0. 0. 0. 0. 0.
  0. 0. 0. 0. 0. 0. 0. 0. 0. 0. 0. 0. 0. 0. 0. 0. 0. 0. 0. 0. 0. 0. 0. 0.
  0. 0. 0. 0. 0. 0. 0. 0. 0. 0. 0. 0. 0. 0. 0. 0. 0. 0. 0. 0. 0. 0. 0. 0.
  0. 0. 0. 0.]
 [1. 1. 1. 1. 0. 0. 1. 0. 1. 1. 1. 0. 1. 0. 0. 1. 1. 0. 1. 0. 0. 0. 0. 0.
  0. 0. 0. 0. 0. 0. 0. 0. 0. 0. 0. 0. 0. 0. 0. 0. 0. 0. 0. 0. 0. 0. 0. 0.
  0. 0. 0. 0. 0. 0. 0. 0. 0. 0. 0. 0. 0. 0. 0. 0. 0. 0. 0. 0. 0. 0. 0. 0.
  0. 0. 0. 0. 0. 0. 0. 0. 0. 0. 0. 0. 0. 0. 0. 0. 0. 0. 0. 0. 0. 0. 0. 0.
  0. 0. 0. 0.]
 [1. 1. 0. 0. 0. 1. 0. 0. 0. 0. 1. 1. 0. 0. 0. 1. 1. 1. 1. 1. 0. 0. 0. 0.
  0. 0. 0. 0. 0. 0. 0. 0. 0. 0. 0. 0. 0. 0. 0. 0. 0. 0. 0. 0. 0. 0. 0. 0.
  0. 0. 0. 0. 0. 0. 0. 0. 0. 0. 0. 0. 0. 0. 0. 0. 0. 0. 0. 0. 0. 0. 0. 0.
  0. 0. 0. 0. 0. 0. 0. 0. 0. 0. 0. 0. 0. 0. 0. 0. 0. 0. 0. 0. 0. 0. 0. 0.
  0. 0. 0. 0.]
 [0. 1. 1. 0. 1. 0. 0. 0. 0. 1. 0. 1. 1. 0. 0. 0. 0. 1. 1. 1. 0. 0. 0. 0.
  0. 0. 0. 0. 0. 0. 0. 0. 0. 0. 0. 0. 0. 0. 0. 0. 0. 0. 0. 0. 0. 0. 0. 0.
  0. 0. 0. 0. 0. 0. 0. 0. 0. 0. 0. 0. 0. 0. 0. 0. 0. 0. 0. 0. 0. 0. 0. 0.
  0. 0. 0. 0. 0. 0. 0. 0. 0. 0. 0. 0. 0. 0. 0. 0. 0. 0. 0. 0. 0. 0. 0. 0.
  0. 0. 0. 0.]
 [1. 0. 0. 0. 1. 0. 0. 1. 1. 0. 1. 0. 1. 0. 0. 0. 0. 0. 0. 0. 0. 0. 0. 0.
  0. 0. 0. 0. 0. 0. 0. 0. 0. 0. 0. 0. 0. 0. 0. 0. 0. 0. 0. 0. 0. 0. 0. 0.
  0. 0. 0. 0. 0. 0. 0. 0. 0. 0. 0. 0. 0. 0. 0. 0. 0. 0. 0. 0. 0. 0. 0. 0.
  0. 0. 0. 0. 0. 0. 0. 0. 0. 0. 0. 0. 0. 0. 0. 0. 0. 0. 0. 0. 0. 0. 0. 0.
  0. 0. 0. 0.]
 [1. 1. 0. 0. 1. 1. 1. 0. 1. 1. 0. 1. 1. 1. 0. 0. 0. 1. 1. 0. 0. 0. 0. 0.
  0. 0. 0. 0. 0. 0. 0. 0. 0. 0. 0. 0. 0. 0. 0. 0. 0. 0. 0. 0. 0. 0. 0. 0.
  0. 0. 0. 0. 0. 0. 0. 0. 0. 0. 0. 0. 0. 0. 0. 0. 0. 0. 0. 0. 0. 0. 0. 0.
  0. 0. 0. 0. 0. 0. 0. 0. 0. 0. 0. 0. 0. 0. 0. 0. 0. 0. 0. 0. 0. 0. 0. 0.
  0. 0. 0. 0.]
 [1. 1. 0. 1. 1. 0. 0. 0. 0. 1. 0. 1. 0. 1. 1. 1. 0. 1. 0. 1. 0. 0. 0. 0.
  0. 0. 0. 0. 0. 0. 0. 0. 0. 0. 0. 0. 0. 0. 0. 0. 0. 0. 0. 0. 0. 0. 0. 0.
  0. 0. 0. 0. 0. 0. 0. 0. 0. 0. 0. 0. 0. 0. 0. 0. 0. 0. 0. 0. 0. 0. 0. 0.
  0. 0. 0. 0. 0. 0. 0. 0. 0. 0. 0. 0. 0. 0. 0. 0. 0. 0. 0. 0. 0. 0. 0. 0.
  0. 0. 0. 0.]
 [1. 0. 1. 0. 1. 1. 0. 1. 0. 0. 0. 0. 1. 0. 0. 1. 0. 1. 0. 0. 0. 0. 0. 0.
  0. 0. 0. 0. 0. 0. 0. 0. 0. 0. 0. 0. 0. 0. 0. 0. 0. 0. 0. 0. 0. 0. 0. 0.
  0. 0. 0. 0. 0. 0. 0. 0. 0. 0. 0. 0. 0. 0. 0. 0. 0. 0. 0. 0. 0. 0. 0. 0.
  0. 0. 0. 0. 0. 0. 0. 0. 0. 0. 0. 0. 0. 0. 0. 0. 0. 0. 0. 0. 0. 0. 0. 0.
  0. 0. 0. 0.]
 [0. 0. 1. 1. 0. 0. 0. 0. 1. 1. 1. 0. 0. 1. 1. 0. 1. 0. 0. 0. 0. 0. 0. 0.
  0. 0. 0. 0. 0. 0. 0. 0. 0. 0. 0. 0. 0. 0. 0. 0. 0. 0. 0. 0. 0. 0. 0. 0.
  0. 0. 0. 0. 0. 0. 0. 0. 0. 0. 0. 0. 0. 0. 0. 0. 0. 0. 0. 0. 0. 0. 0. 0.
  0. 0. 0. 0. 0. 0. 0. 0. 0. 0. 0. 0. 0. 0. 0. 0. 0. 0. 0. 0. 0. 0. 0. 0.
  0. 0. 0. 0.]
 [0. 1. 1. 0. 1. 0. 0. 0. 0. 1. 1. 1. 1. 1. 0. 1. 1. 0. 0. 0. 0. 0. 0. 0.
  0. 0. 0. 0. 0. 0. 0. 0. 0. 0. 0. 0. 0. 0. 0. 0. 0. 0. 0. 0. 0. 0. 0. 0.
  0. 0. 0. 0. 0. 0. 0. 0. 0. 0. 0. 0. 0. 0. 0. 0. 0. 0. 0. 0. 0. 0. 0. 0.
  0. 0. 0. 0. 0. 0. 0. 0. 0. 0. 0. 0. 0. 0. 0. 0. 0. 0. 0. 0. 0. 0. 0. 0.
  0. 0. 0. 0.]
 [1. 1. 1. 1. 1. 1. 1. 0. 0. 1. 0. 0. 0. 1. 1. 0. 0. 0. 0. 0. 0. 0. 0. 0.
  0. 0. 0. 0. 0. 0. 0. 0. 0. 0. 0. 0. 0. 0. 0. 0. 0. 0. 0. 0. 0. 0. 0. 0.
  0. 0. 0. 0. 0. 0. 0. 0. 0. 0. 0. 0. 0. 0. 0. 0. 0. 0. 0. 0. 0. 0. 0. 0.
  0. 0. 0. 0. 0. 0. 0. 0. 0. 0. 0. 0. 0. 0. 0. 0. 0. 0. 0. 0. 0. 0. 0. 0.
  0. 0. 0. 0.]
 [1. 0. 1. 1. 1. 0. 0. 1. 1. 1. 1. 1. 0. 1. 0. 0. 0. 0. 1. 0. 0. 0. 0. 0.
  0. 0. 0. 0. 0. 0. 0. 0. 0. 0. 0. 0. 0. 0. 0. 0. 0. 0. 0. 0. 0. 0. 0. 0.
  0. 0. 0. 0. 0. 0. 0. 0. 0. 0. 0. 0. 0. 0. 0. 0. 0. 0. 0. 0. 0. 0. 0. 0.
  0. 0. 0. 0. 0. 0. 0. 0. 0. 0. 0. 0. 0. 0. 0. 0. 0. 0. 0. 0. 0. 0. 0. 0.
  0. 0. 0. 0.]
 [0. 0. 0. 0. 0. 1. 1. 0. 1. 0. 1. 0. 1. 0. 0. 0. 1. 1. 1. 0. 0. 0. 0. 0.
  0. 0. 0. 0. 0. 0. 0. 0. 0. 0. 0. 0. 0. 0. 0. 0. 0. 0. 0. 0. 0. 0. 0. 0.
  0. 0. 0. 0. 0. 0. 0. 0. 0. 0. 0. 0. 0. 0. 0. 0. 0. 0. 0. 0. 0. 0. 0. 0.
  0. 0. 0. 0. 0. 0. 0. 0. 0. 0. 0. 0. 0. 0. 0. 0. 0. 0. 0. 0. 0. 0. 0. 0.
  0. 0. 0. 0.]
 [1. 1. 1. 0. 1. 0. 0. 1. 1. 0. 1. 0. 1. 0. 0. 1. 1. 0. 0. 0. 0. 0. 0. 0.
  0. 0. 0. 0. 0. 0. 0. 0. 0. 0. 0. 0. 0. 0. 0. 0. 0. 0. 0. 0. 0. 0. 0. 0.
  0. 0. 0. 0. 0. 0. 0. 0. 0. 0. 0. 0. 0. 0. 0. 0. 0. 0. 0. 0. 0. 0. 0. 0.
  0. 0. 0. 0. 0. 0. 0. 0. 0. 0. 0. 0. 0. 0. 0. 0. 0. 0. 0. 0. 0. 0. 0. 0.
  0. 0. 0. 0.]
 [0. 1. 0. 1. 0. 0. 0. 0. 1. 0. 0. 1. 0. 1. 0. 0. 1. 0. 0. 0. 0. 0. 0. 0.
  0. 0. 0. 0. 0. 0. 0. 0. 0. 0. 0. 0. 0. 0. 0. 0. 0. 0. 0. 0. 0. 0. 0. 0.
  0. 0. 0. 0. 0. 0. 0. 0. 0. 0. 0. 0. 0. 0. 0. 0. 0. 0. 0. 0. 0. 0. 0. 0.
  0. 0. 0. 0. 0. 0. 0. 0. 0. 0. 0. 0. 0. 0. 0. 0. 0. 0. 0. 0. 0. 0. 0. 0.
  0. 0. 0. 0.]
 [1. 1. 1. 1. 0. 0. 1. 0. 0. 0. 0. 1. 1. 0. 0. 0. 0. 1. 1. 1. 0. 0. 0. 0.
  0. 0. 0. 0. 0. 0. 0. 0. 0. 0. 0. 0. 0. 0. 0. 0. 0. 0. 0. 0. 0. 0. 0. 0.
  0. 0. 0. 0. 0. 0. 0. 0. 0. 0. 0. 0. 0. 0. 0. 0. 0. 0. 0. 0. 0. 0. 0. 0.
  0. 0. 0. 0. 0. 0. 0. 0. 0. 0. 0. 0. 0. 0. 0. 0. 0. 0. 0. 0. 0. 0. 0. 0.
  0. 0. 0. 0.]
 [1. 1. 0. 0. 1. 1. 1. 0. 0. 1. 1. 0. 1. 1. 0. 0. 0. 0. 0. 1. 0. 0. 0. 0.
  0. 0. 0. 0. 0. 0. 0. 0. 0. 0. 0. 0. 0. 0. 0. 0. 0. 0. 0. 0. 0. 0. 0. 0.
  0. 0. 0. 0. 0. 0. 0. 0. 0. 0. 0. 0. 0. 0. 0. 0. 0. 0. 0. 0. 0. 0. 0. 0.
  0. 0. 0. 0. 0. 0. 0. 0. 0. 0. 0. 0. 0. 0. 0. 0. 0. 0. 0. 0. 0. 0. 0. 0.
  0. 0. 0. 0.]
 [1. 1. 0. 1. 0. 0. 1. 0. 1. 1. 0. 0. 0. 1. 1. 1. 1. 1. 1. 1. 0. 0. 0. 0.
  0. 0. 0. 0. 0. 0. 0. 0. 0. 0. 0. 0. 0. 0. 0. 0. 0. 0. 0. 0. 0. 0. 0. 0.
  0. 0. 0. 0. 0. 0. 0. 0. 0. 0. 0. 0. 0. 0. 0. 0. 0. 0. 0. 0. 0. 0. 0. 0.
  0. 0. 0. 0. 0. 0. 0. 0. 0. 0. 0. 0. 0. 0. 0. 0. 0. 0. 0. 0. 0. 0. 0. 0.
  0. 0. 0. 0.]
 [1. 1. 0. 0. 0. 1. 0. 1. 1. 1. 0. 0. 0. 0. 0. 1. 0. 0. 1. 1. 0. 0. 0. 0.
  0. 0. 0. 0. 0. 0. 0. 0. 0. 0. 0. 0. 0. 0. 0. 0. 0. 0. 0. 0. 0. 0. 0. 0.
  0. 0. 0. 0. 0. 0. 0. 0. 0. 0. 0. 0. 0. 0. 0. 0. 0. 0. 0. 0. 0. 0. 0. 0.
  0. 0. 0. 0. 0. 0. 0. 0. 0. 0. 0. 0. 0. 0. 0. 0. 0. 0. 0. 0. 0. 0. 0. 0.
  0. 0. 0. 0.]
 [1. 1. 1. 0. 1. 1. 0. 1. 0. 0. 0. 1. 1. 0. 1. 0. 1. 0. 0. 0. 0. 0. 0. 0.
  0. 0. 0. 0. 0. 0. 0. 0. 0. 0. 0. 0. 0. 0. 0. 0. 0. 0. 0. 0. 0. 0. 0. 0.
  0. 0. 0. 0. 0. 0. 0. 0. 0. 0. 0. 0. 0. 0. 0. 0. 0. 0. 0. 0. 0. 0. 0. 0.
  0. 0. 0. 0. 0. 0. 0. 0. 0. 0. 0. 0. 0. 0. 0. 0. 0. 0. 0. 0. 0. 0. 0. 0.
  0. 0. 0. 0.]
 [0. 1. 0. 1. 1. 1. 1. 0. 1. 0. 0. 0. 0. 0. 1. 0. 1. 0. 1. 1. 0. 0. 0. 0.
  0. 0. 0. 0. 0. 0. 0. 0. 0. 0. 0. 0. 0. 0. 0. 0. 0. 0. 0. 0. 0. 0. 0. 0.
  0. 0. 0. 0. 0. 0. 0. 0. 0. 0. 0. 0. 0. 0. 0. 0. 0. 0. 0. 0. 0. 0. 0. 0.
  0. 0. 0. 0. 0. 0. 0. 0. 0. 0. 0. 0. 0. 0. 0. 0. 0. 0. 0. 0. 0. 0. 0. 0.
  0. 0. 0. 0.]
 [1. 1. 0. 0. 1. 1. 0. 0. 0. 1. 1. 0. 0. 1. 1. 0. 0. 1. 0. 1. 0. 0. 0. 0.
  0. 0. 0. 0. 0. 0. 0. 0. 0. 0. 0. 0. 0. 0. 0. 0. 0. 0. 0. 0. 0. 0. 0. 0.
  0. 0. 0. 0. 0. 0. 0. 0. 0. 0. 0. 0. 0. 0. 0. 0. 0. 0. 0. 0. 0. 0. 0. 0.
  0. 0. 0. 0. 0. 0. 0. 0. 0. 0. 0. 0. 0. 0. 0. 0. 0. 0. 0. 0. 0. 0. 0. 0.
  0. 0. 0. 0.]
 [1. 0. 1. 0. 1. 1. 1. 0. 1. 0. 0. 0. 1. 0. 0. 0. 0. 0. 0. 1. 0. 0. 0. 0.
  0. 0. 0. 0. 0. 0. 0. 0. 0. 0. 0. 0. 0. 0. 0. 0. 0. 0. 0. 0. 0. 0. 0. 0.
  0. 0. 0. 0. 0. 0. 0. 0. 0. 0. 0. 0. 0. 0. 0. 0. 0. 0. 0. 0. 0. 0. 0. 0.
  0. 0. 0. 0. 0. 0. 0. 0. 0. 0. 0. 0. 0. 0. 0. 0. 0. 0. 0. 0. 0. 0. 0. 0.
  0. 0. 0. 0.]
 [0. 0. 1. 0. 0. 0. 1. 0. 0. 1. 0. 1. 1. 0. 0. 1. 1. 1. 0. 0. 0. 0. 0. 0.
  0. 0. 0. 0. 0. 0. 0. 0. 0. 0. 0. 0. 0. 0. 0. 0. 0. 0. 0. 0. 0. 0. 0. 0.
  0. 0. 0. 0. 0. 0. 0. 0. 0. 0. 0. 0. 0. 0. 0. 0. 0. 0. 0. 0. 0. 0. 0. 0.
  0. 0. 0. 0. 0. 0. 0. 0. 0. 0. 0. 0. 0. 0. 0. 0. 0. 0. 0. 0. 0. 0. 0. 0.
  0. 0. 0. 0.]
 [0. 1. 0. 0. 0. 0. 1. 1. 1. 0. 0. 1. 1. 1. 1. 1. 0. 0. 1. 0. 0. 0. 0. 0.
  0. 0. 0. 0. 0. 0. 0. 0. 0. 0. 0. 0. 0. 0. 0. 0. 0. 0. 0. 0. 0. 0. 0. 0.
  0. 0. 0. 0. 0. 0. 0. 0. 0. 0. 0. 0. 0. 0. 0. 0. 0. 0. 0. 0. 0. 0. 0. 0.
  0. 0. 0. 0. 0. 0. 0. 0. 0. 0. 0. 0. 0. 0. 0. 0. 0. 0. 0. 0. 0. 0. 0. 0.
  0. 0. 0. 0.]
 [0. 0. 0. 0. 1. 0. 0. 0. 1. 0. 1. 0. 0. 0. 1. 1. 0. 0. 0. 0. 0. 0. 0. 0.
  0. 0. 0. 0. 0. 0. 0. 0. 0. 0. 0. 0. 0. 0. 0. 0. 0. 0. 0. 0. 0. 0. 0. 0.
  0. 0. 0. 0. 0. 0. 0. 0. 0. 0. 0. 0. 0. 0. 0. 0. 0. 0. 0. 0. 0. 0. 0. 0.
  0. 0. 0. 0. 0. 0. 0. 0. 0. 0. 0. 0. 0. 0. 0. 0. 0. 0. 0. 0. 0. 0. 0. 0.
  0. 0. 0. 0.]
 [0. 0. 0. 0. 0. 1. 1. 1. 1. 0. 0. 0. 0. 1. 1. 0. 0. 1. 1. 1. 0. 0. 0. 0.
  0. 0. 0. 0. 0. 0. 0. 0. 0. 0. 0. 0. 0. 0. 0. 0. 0. 0. 0. 0. 0. 0. 0. 0.
  0. 0. 0. 0. 0. 0. 0. 0. 0. 0. 0. 0. 0. 0. 0. 0. 0. 0. 0. 0. 0. 0. 0. 0.
  0. 0. 0. 0. 0. 0. 0. 0. 0. 0. 0. 0. 0. 0. 0. 0. 0. 0. 0. 0. 0. 0. 0. 0.
  0. 0. 0. 0.]
 [0. 1. 0. 0. 0. 1. 1. 0. 0. 0. 1. 0. 0. 0. 0. 1. 1. 0. 0. 1. 0. 0. 0. 0.
  0. 0. 0. 0. 0. 0. 0. 0. 0. 0. 0. 0. 0. 0. 0. 0. 0. 0. 0. 0. 0. 0. 0. 0.
  0. 0. 0. 0. 0. 0. 0. 0. 0. 0. 0. 0. 0. 0. 0. 0. 0. 0. 0. 0. 0. 0. 0. 0.
  0. 0. 0. 0. 0. 0. 0. 0. 0. 0. 0. 0. 0. 0. 0. 0. 0. 0. 0. 0. 0. 0. 0. 0.
  0. 0. 0. 0.]
 [1. 1. 1. 1. 0. 0. 0. 1. 1. 0. 1. 0. 1. 1. 0. 1. 0. 0. 1. 1. 0. 0. 0. 0.
  0. 0. 0. 0. 0. 0. 0. 0. 0. 0. 0. 0. 0. 0. 0. 0. 0. 0. 0. 0. 0. 0. 0. 0.
  0. 0. 0. 0. 0. 0. 0. 0. 0. 0. 0. 0. 0. 0. 0. 0. 0. 0. 0. 0. 0. 0. 0. 0.
  0. 0. 0. 0. 0. 0. 0. 0. 0. 0. 0. 0. 0. 0. 0. 0. 0. 0. 0. 0. 0. 0. 0. 0.
  0. 0. 0. 0.]
 [1. 0. 0. 0. 1. 1. 0. 1. 0. 0. 0. 1. 1. 1. 1. 1. 1. 1. 1. 0. 0. 0. 0. 0.
  0. 0. 0. 0. 0. 0. 0. 0. 0. 0. 0. 0. 0. 0. 0. 0. 0. 0. 0. 0. 0. 0. 0. 0.
  0. 0. 0. 0. 0. 0. 0. 0. 0. 0. 0. 0. 0. 0. 0. 0. 0. 0. 0. 0. 0. 0. 0. 0.
  0. 0. 0. 0. 0. 0. 0. 0. 0. 0. 0. 0. 0. 0. 0. 0. 0. 0. 0. 0. 0. 0. 0. 0.
  0. 0. 0. 0.]
 [0. 1. 1. 1. 0. 1. 0. 0. 0. 1. 1. 0. 0. 0. 1. 0. 1. 1. 0. 0. 0. 0. 0. 0.
  0. 0. 0. 0. 0. 0. 0. 0. 0. 0. 0. 0. 0. 0. 0. 0. 0. 0. 0. 0. 0. 0. 0. 0.
  0. 0. 0. 0. 0. 0. 0. 0. 0. 0. 0. 0. 0. 0. 0. 0. 0. 0. 0. 0. 0. 0. 0. 0.
  0. 0. 0. 0. 0. 0. 0. 0. 0. 0. 0. 0. 0. 0. 0. 0. 0. 0. 0. 0. 0. 0. 0. 0.
  0. 0. 0. 0.]
 [1. 1. 1. 0. 0. 1. 1. 0. 0. 1. 1. 1. 1. 1. 0. 1. 0. 1. 1. 1. 0. 0. 0. 0.
  0. 0. 0. 0. 0. 0. 0. 0. 0. 0. 0. 0. 0. 0. 0. 0. 0. 0. 0. 0. 0. 0. 0. 0.
  0. 0. 0. 0. 0. 0. 0. 0. 0. 0. 0. 0. 0. 0. 0. 0. 0. 0. 0. 0. 0. 0. 0. 0.
  0. 0. 0. 0. 0. 0. 0. 0. 0. 0. 0. 0. 0. 0. 0. 0. 0. 0. 0. 0. 0. 0. 0. 0.
  0. 0. 0. 0.]
 [0. 1. 1. 0. 1. 0. 1. 0. 0. 1. 1. 1. 0. 0. 0. 0. 0. 0. 0. 1. 0. 0. 0. 0.
  0. 0. 0. 0. 0. 0. 0. 0. 0. 0. 0. 0. 0. 0. 0. 0. 0. 0. 0. 0. 0. 0. 0. 0.
  0. 0. 0. 0. 0. 0. 0. 0. 0. 0. 0. 0. 0. 0. 0. 0. 0. 0. 0. 0. 0. 0. 0. 0.
  0. 0. 0. 0. 0. 0. 0. 0. 0. 0. 0. 0. 0. 0. 0. 0. 0. 0. 0. 0. 0. 0. 0. 0.
  0. 0. 0. 0.]
 [1. 0. 0. 0. 1. 1. 1. 0. 1. 0. 1. 0. 1. 0. 0. 0. 0. 0. 0. 0. 0. 0. 0. 0.
  0. 0. 0. 0. 0. 0. 0. 0. 0. 0. 0. 0. 0. 0. 0. 0. 0. 0. 0. 0. 0. 0. 0. 0.
  0. 0. 0. 0. 0. 0. 0. 0. 0. 0. 0. 0. 0. 0. 0. 0. 0. 0. 0. 0. 0. 0. 0. 0.
  0. 0. 0. 0. 0. 0. 0. 0. 0. 0. 0. 0. 0. 0. 0. 0. 0. 0. 0. 0. 0. 0. 0. 0.
  0. 0. 0. 0.]
 [1. 0. 1. 0. 1. 1. 0. 1. 0. 0. 0. 1. 0. 1. 0. 0. 0. 1. 0. 0. 0. 0. 0. 0.
  0. 0. 0. 0. 0. 0. 0. 0. 0. 0. 0. 0. 0. 0. 0. 0. 0. 0. 0. 0. 0. 0. 0. 0.
  0. 0. 0. 0. 0. 0. 0. 0. 0. 0. 0. 0. 0. 0. 0. 0. 0. 0. 0. 0. 0. 0. 0. 0.
  0. 0. 0. 0. 0. 0. 0. 0. 0. 0. 0. 0. 0. 0. 0. 0. 0. 0. 0. 0. 0. 0. 0. 0.
  0. 0. 0. 0.]
 [1. 1. 1. 1. 0. 1. 1. 0. 0. 0. 1. 1. 0. 1. 0. 0. 1. 1. 0. 0. 0. 0. 0. 0.
  0. 0. 0. 0. 0. 0. 0. 0. 0. 0. 0. 0. 0. 0. 0. 0. 0. 0. 0. 0. 0. 0. 0. 0.
  0. 0. 0. 0. 0. 0. 0. 0. 0. 0. 0. 0. 0. 0. 0. 0. 0. 0. 0. 0. 0. 0. 0. 0.
  0. 0. 0. 0. 0. 0. 0. 0. 0. 0. 0. 0. 0. 0. 0. 0. 0. 0. 0. 0. 0. 0. 0. 0.
  0. 0. 0. 0.]
 [1. 1. 1. 0. 1. 1. 0. 1. 1. 0. 0. 0. 1. 0. 1. 1. 0. 0. 1. 1. 0. 0. 0. 0.
  0. 0. 0. 0. 0. 0. 0. 0. 0. 0. 0. 0. 0. 0. 0. 0. 0. 0. 0. 0. 0. 0. 0. 0.
  0. 0. 0. 0. 0. 0. 0. 0. 0. 0. 0. 0. 0. 0. 0. 0. 0. 0. 0. 0. 0. 0. 0. 0.
  0. 0. 0. 0. 0. 0. 0. 0. 0. 0. 0. 0. 0. 0. 0. 0. 0. 0. 0. 0. 0. 0. 0. 0.
  0. 0. 0. 0.]
 [0. 0. 0. 1. 0. 0. 1. 0. 1. 0. 0. 0. 0. 0. 0. 0. 0. 1. 0. 1. 0. 0. 0. 0.
  0. 0. 0. 0. 0. 0. 0. 0. 0. 0. 0. 0. 0. 0. 0. 0. 0. 0. 0. 0. 0. 0. 0. 0.
  0. 0. 0. 0. 0. 0. 0. 0. 0. 0. 0. 0. 0. 0. 0. 0. 0. 0. 0. 0. 0. 0. 0. 0.
  0. 0. 0. 0. 0. 0. 0. 0. 0. 0. 0. 0. 0. 0. 0. 0. 0. 0. 0. 0. 0. 0. 0. 0.
  0. 0. 0. 0.]
 [1. 0. 0. 1. 0. 0. 0. 0. 0. 0. 0. 0. 1. 0. 1. 1. 1. 1. 0. 1. 0. 0. 0. 0.
  0. 0. 0. 0. 0. 0. 0. 0. 0. 0. 0. 0. 0. 0. 0. 0. 0. 0. 0. 0. 0. 0. 0. 0.
  0. 0. 0. 0. 0. 0. 0. 0. 0. 0. 0. 0. 0. 0. 0. 0. 0. 0. 0. 0. 0. 0. 0. 0.
  0. 0. 0. 0. 0. 0. 0. 0. 0. 0. 0. 0. 0. 0. 0. 0. 0. 0. 0. 0. 0. 0. 0. 0.
  0. 0. 0. 0.]
 [1. 1. 0. 0. 0. 0. 1. 1. 0. 1. 1. 1. 0. 1. 0. 0. 0. 1. 1. 0. 0. 0. 0. 0.
  0. 0. 0. 0. 0. 0. 0. 0. 0. 0. 0. 0. 0. 0. 0. 0. 0. 0. 0. 0. 0. 0. 0. 0.
  0. 0. 0. 0. 0. 0. 0. 0. 0. 0. 0. 0. 0. 0. 0. 0. 0. 0. 0. 0. 0. 0. 0. 0.
  0. 0. 0. 0. 0. 0. 0. 0. 0. 0. 0. 0. 0. 0. 0. 0. 0. 0. 0. 0. 0. 0. 0. 0.
  0. 0. 0. 0.]
 [1. 0. 1. 1. 0. 1. 0. 0. 1. 1. 1. 0. 1. 1. 0. 0. 0. 1. 1. 1. 0. 0. 0. 0.
  0. 0. 0. 0. 0. 0. 0. 0. 0. 0. 0. 0. 0. 0. 0. 0. 0. 0. 0. 0. 0. 0. 0. 0.
  0. 0. 0. 0. 0. 0. 0. 0. 0. 0. 0. 0. 0. 0. 0. 0. 0. 0. 0. 0. 0. 0. 0. 0.
  0. 0. 0. 0. 0. 0. 0. 0. 0. 0. 0. 0. 0. 0. 0. 0. 0. 0. 0. 0. 0. 0. 0. 0.
  0. 0. 0. 0.]
 [1. 1. 0. 1. 1. 0. 0. 0. 0. 1. 0. 1. 0. 0. 1. 0. 1. 0. 1. 1. 0. 0. 0. 0.
  0. 0. 0. 0. 0. 0. 0. 0. 0. 0. 0. 0. 0. 0. 0. 0. 0. 0. 0. 0. 0. 0. 0. 0.
  0. 0. 0. 0. 0. 0. 0. 0. 0. 0. 0. 0. 0. 0. 0. 0. 0. 0. 0. 0. 0. 0. 0. 0.
  0. 0. 0. 0. 0. 0. 0. 0. 0. 0. 0. 0. 0. 0. 0. 0. 0. 0. 0. 0. 0. 0. 0. 0.
  0. 0. 0. 0.]
 [1. 0. 0. 0. 1. 0. 1. 0. 0. 1. 1. 0. 1. 0. 0. 0. 1. 0. 1. 1. 0. 0. 0. 0.
  0. 0. 0. 0. 0. 0. 0. 0. 0. 0. 0. 0. 0. 0. 0. 0. 0. 0. 0. 0. 0. 0. 0. 0.
  0. 0. 0. 0. 0. 0. 0. 0. 0. 0. 0. 0. 0. 0. 0. 0. 0. 0. 0. 0. 0. 0. 0. 0.
  0. 0. 0. 0. 0. 0. 0. 0. 0. 0. 0. 0. 0. 0. 0. 0. 0. 0. 0. 0. 0. 0. 0. 0.
  0. 0. 0. 0.]
 [1. 0. 1. 1. 0. 0. 0. 0. 1. 0. 0. 1. 0. 0. 0. 1. 1. 1. 1. 1. 0. 0. 0. 0.
  0. 0. 0. 0. 0. 0. 0. 0. 0. 0. 0. 0. 0. 0. 0. 0. 0. 0. 0. 0. 0. 0. 0. 0.
  0. 0. 0. 0. 0. 0. 0. 0. 0. 0. 0. 0. 0. 0. 0. 0. 0. 0. 0. 0. 0. 0. 0. 0.
  0. 0. 0. 0. 0. 0. 0. 0. 0. 0. 0. 0. 0. 0. 0. 0. 0. 0. 0. 0. 0. 0. 0. 0.
  0. 0. 0. 0.]
 [1. 1. 1. 1. 0. 1. 1. 0. 1. 0. 0. 1. 0. 0. 1. 0. 1. 0. 1. 0. 0. 0. 0. 0.
  0. 0. 0. 0. 0. 0. 0. 0. 0. 0. 0. 0. 0. 0. 0. 0. 0. 0. 0. 0. 0. 0. 0. 0.
  0. 0. 0. 0. 0. 0. 0. 0. 0. 0. 0. 0. 0. 0. 0. 0. 0. 0. 0. 0. 0. 0. 0. 0.
  0. 0. 0. 0. 0. 0. 0. 0. 0. 0. 0. 0. 0. 0. 0. 0. 0. 0. 0. 0. 0. 0. 0. 0.
  0. 0. 0. 0.]
 [0. 1. 0. 0. 0. 0. 0. 1. 1. 1. 0. 1. 0. 0. 1. 1. 1. 0. 0. 0. 0. 0. 0. 0.
  0. 0. 0. 0. 0. 0. 0. 0. 0. 0. 0. 0. 0. 0. 0. 0. 0. 0. 0. 0. 0. 0. 0. 0.
  0. 0. 0. 0. 0. 0. 0. 0. 0. 0. 0. 0. 0. 0. 0. 0. 0. 0. 0. 0. 0. 0. 0. 0.
  0. 0. 0. 0. 0. 0. 0. 0. 0. 0. 0. 0. 0. 0. 0. 0. 0. 0. 0. 0. 0. 0. 0. 0.
  0. 0. 0. 0.]
 [0. 0. 1. 0. 0. 0. 0. 1. 0. 1. 1. 0. 0. 1. 1. 1. 1. 1. 0. 1. 0. 0. 0. 0.
  0. 0. 0. 0. 0. 0. 0. 0. 0. 0. 0. 0. 0. 0. 0. 0. 0. 0. 0. 0. 0. 0. 0. 0.
  0. 0. 0. 0. 0. 0. 0. 0. 0. 0. 0. 0. 0. 0. 0. 0. 0. 0. 0. 0. 0. 0. 0. 0.
  0. 0. 0. 0. 0. 0. 0. 0. 0. 0. 0. 0. 0. 0. 0. 0. 0. 0. 0. 0. 0. 0. 0. 0.
  0. 0. 0. 0.]
 [0. 1. 0. 1. 0. 1. 0. 1. 0. 0. 0. 0. 1. 0. 0. 1. 1. 0. 1. 0. 0. 0. 0. 0.
  0. 0. 0. 0. 0. 0. 0. 0. 0. 0. 0. 0. 0. 0. 0. 0. 0. 0. 0. 0. 0. 0. 0. 0.
  0. 0. 0. 0. 0. 0. 0. 0. 0. 0. 0. 0. 0. 0. 0. 0. 0. 0. 0. 0. 0. 0. 0. 0.
  0. 0. 0. 0. 0. 0. 0. 0. 0. 0. 0. 0. 0. 0. 0. 0. 0. 0. 0. 0. 0. 0. 0. 0.
  0. 0. 0. 0.]
 [1. 1. 0. 1. 1. 1. 0. 0. 1. 1. 0. 1. 0. 1. 0. 0. 0. 0. 1. 1. 0. 0. 0. 0.
  0. 0. 0. 0. 0. 0. 0. 0. 0. 0. 0. 0. 0. 0. 0. 0. 0. 0. 0. 0. 0. 0. 0. 0.
  0. 0. 0. 0. 0. 0. 0. 0. 0. 0. 0. 0. 0. 0. 0. 0. 0. 0. 0. 0. 0. 0. 0. 0.
  0. 0. 0. 0. 0. 0. 0. 0. 0. 0. 0. 0. 0. 0. 0. 0. 0. 0. 0. 0. 0. 0. 0. 0.
  0. 0. 0. 0.]
 [1. 1. 0. 0. 1. 1. 0. 1. 1. 1. 0. 1. 1. 1. 0. 0. 0. 1. 1. 0. 0. 0. 0. 0.
  0. 0. 0. 0. 0. 0. 0. 0. 0. 0. 0. 0. 0. 0. 0. 0. 0. 0. 0. 0. 0. 0. 0. 0.
  0. 0. 0. 0. 0. 0. 0. 0. 0. 0. 0. 0. 0. 0. 0. 0. 0. 0. 0. 0. 0. 0. 0. 0.
  0. 0. 0. 0. 0. 0. 0. 0. 0. 0. 0. 0. 0. 0. 0. 0. 0. 0. 0. 0. 0. 0. 0. 0.
  0. 0. 0. 0.]
 [1. 0. 0. 1. 1. 1. 0. 1. 1. 0. 0. 0. 1. 0. 0. 1. 0. 1. 0. 0. 0. 0. 0. 0.
  0. 0. 0. 0. 0. 0. 0. 0. 0. 0. 0. 0. 0. 0. 0. 0. 0. 0. 0. 0. 0. 0. 0. 0.
  0. 0. 0. 0. 0. 0. 0. 0. 0. 0. 0. 0. 0. 0. 0. 0. 0. 0. 0. 0. 0. 0. 0. 0.
  0. 0. 0. 0. 0. 0. 0. 0. 0. 0. 0. 0. 0. 0. 0. 0. 0. 0. 0. 0. 0. 0. 0. 0.
  0. 0. 0. 0.]
 [1. 1. 0. 1. 0. 0. 0. 1. 1. 1. 1. 0. 1. 0. 1. 1. 0. 0. 1. 1. 0. 0. 0. 0.
  0. 0. 0. 0. 0. 0. 0. 0. 0. 0. 0. 0. 0. 0. 0. 0. 0. 0. 0. 0. 0. 0. 0. 0.
  0. 0. 0. 0. 0. 0. 0. 0. 0. 0. 0. 0. 0. 0. 0. 0. 0. 0. 0. 0. 0. 0. 0. 0.
  0. 0. 0. 0. 0. 0. 0. 0. 0. 0. 0. 0. 0. 0. 0. 0. 0. 0. 0. 0. 0. 0. 0. 0.
  0. 0. 0. 0.]
 [0. 0. 1. 1. 1. 1. 0. 0. 1. 0. 0. 0. 1. 0. 0. 1. 1. 0. 1. 0. 0. 0. 0. 0.
  0. 0. 0. 0. 0. 0. 0. 0. 0. 0. 0. 0. 0. 0. 0. 0. 0. 0. 0. 0. 0. 0. 0. 0.
  0. 0. 0. 0. 0. 0. 0. 0. 0. 0. 0. 0. 0. 0. 0. 0. 0. 0. 0. 0. 0. 0. 0. 0.
  0. 0. 0. 0. 0. 0. 0. 0. 0. 0. 0. 0. 0. 0. 0. 0. 0. 0. 0. 0. 0. 0. 0. 0.
  0. 0. 0. 0.]
 [1. 0. 0. 1. 1. 1. 0. 1. 1. 1. 1. 0. 0. 0. 1. 0. 0. 1. 1. 1. 0. 0. 0. 0.
  0. 0. 0. 0. 0. 0. 0. 0. 0. 0. 0. 0. 0. 0. 0. 0. 0. 0. 0. 0. 0. 0. 0. 0.
  0. 0. 0. 0. 0. 0. 0. 0. 0. 0. 0. 0. 0. 0. 0. 0. 0. 0. 0. 0. 0. 0. 0. 0.
  0. 0. 0. 0. 0. 0. 0. 0. 0. 0. 0. 0. 0. 0. 0. 0. 0. 0. 0. 0. 0. 0. 0. 0.
  0. 0. 0. 0.]
 [0. 1. 0. 1. 0. 1. 0. 0. 0. 0. 1. 1. 1. 1. 0. 1. 0. 1. 0. 0. 0. 0. 0. 0.
  0. 0. 0. 0. 0. 0. 0. 0. 0. 0. 0. 0. 0. 0. 0. 0. 0. 0. 0. 0. 0. 0. 0. 0.
  0. 0. 0. 0. 0. 0. 0. 0. 0. 0. 0. 0. 0. 0. 0. 0. 0. 0. 0. 0. 0. 0. 0. 0.
  0. 0. 0. 0. 0. 0. 0. 0. 0. 0. 0. 0. 0. 0. 0. 0. 0. 0. 0. 0. 0. 0. 0. 0.
  0. 0. 0. 0.]
 [1. 1. 1. 0. 0. 1. 1. 0. 0. 0. 1. 0. 0. 0. 1. 1. 0. 0. 0. 1. 0. 0. 0. 0.
  0. 0. 0. 0. 0. 0. 0. 0. 0. 0. 0. 0. 0. 0. 0. 0. 0. 0. 0. 0. 0. 0. 0. 0.
  0. 0. 0. 0. 0. 0. 0. 0. 0. 0. 0. 0. 0. 0. 0. 0. 0. 0. 0. 0. 0. 0. 0. 0.
  0. 0. 0. 0. 0. 0. 0. 0. 0. 0. 0. 0. 0. 0. 0. 0. 0. 0. 0. 0. 0. 0. 0. 0.
  0. 0. 0. 0.]
 [1. 0. 1. 0. 1. 0. 0. 1. 1. 0. 1. 0. 0. 1. 0. 0. 1. 1. 0. 1. 0. 0. 0. 0.
  0. 0. 0. 0. 0. 0. 0. 0. 0. 0. 0. 0. 0. 0. 0. 0. 0. 0. 0. 0. 0. 0. 0. 0.
  0. 0. 0. 0. 0. 0. 0. 0. 0. 0. 0. 0. 0. 0. 0. 0. 0. 0. 0. 0. 0. 0. 0. 0.
  0. 0. 0. 0. 0. 0. 0. 0. 0. 0. 0. 0. 0. 0. 0. 0. 0. 0. 0. 0. 0. 0. 0. 0.
  0. 0. 0. 0.]
 [0. 1. 0. 1. 0. 1. 1. 1. 1. 1. 0. 0. 0. 1. 0. 1. 0. 1. 1. 0. 0. 0. 0. 0.
  0. 0. 0. 0. 0. 0. 0. 0. 0. 0. 0. 0. 0. 0. 0. 0. 0. 0. 0. 0. 0. 0. 0. 0.
  0. 0. 0. 0. 0. 0. 0. 0. 0. 0. 0. 0. 0. 0. 0. 0. 0. 0. 0. 0. 0. 0. 0. 0.
  0. 0. 0. 0. 0. 0. 0. 0. 0. 0. 0. 0. 0. 0. 0. 0. 0. 0. 0. 0. 0. 0. 0. 0.
  0. 0. 0. 0.]
 [1. 0. 1. 0. 1. 1. 0. 0. 1. 1. 1. 0. 0. 1. 1. 0. 1. 0. 0. 0. 0. 0. 0. 0.
  0. 0. 0. 0. 0. 0. 0. 0. 0. 0. 0. 0. 0. 0. 0. 0. 0. 0. 0. 0. 0. 0. 0. 0.
  0. 0. 0. 0. 0. 0. 0. 0. 0. 0. 0. 0. 0. 0. 0. 0. 0. 0. 0. 0. 0. 0. 0. 0.
  0. 0. 0. 0. 0. 0. 0. 0. 0. 0. 0. 0. 0. 0. 0. 0. 0. 0. 0. 0. 0. 0. 0. 0.
  0. 0. 0. 0.]
 [1. 1. 0. 1. 1. 0. 0. 0. 0. 1. 1. 0. 0. 1. 1. 1. 1. 0. 1. 0. 0. 0. 0. 0.
  0. 0. 0. 0. 0. 0. 0. 0. 0. 0. 0. 0. 0. 0. 0. 0. 0. 0. 0. 0. 0. 0. 0. 0.
  0. 0. 0. 0. 0. 0. 0. 0. 0. 0. 0. 0. 0. 0. 0. 0. 0. 0. 0. 0. 0. 0. 0. 0.
  0. 0. 0. 0. 0. 0. 0. 0. 0. 0. 0. 0. 0. 0. 0. 0. 0. 0. 0. 0. 0. 0. 0. 0.
  0. 0. 0. 0.]
 [0. 1. 1. 0. 1. 0. 0. 1. 1. 0. 1. 1. 0. 0. 0. 0. 0. 1. 0. 0. 0. 0. 0. 0.
  0. 0. 0. 0. 0. 0. 0. 0. 0. 0. 0. 0. 0. 0. 0. 0. 0. 0. 0. 0. 0. 0. 0. 0.
  0. 0. 0. 0. 0. 0. 0. 0. 0. 0. 0. 0. 0. 0. 0. 0. 0. 0. 0. 0. 0. 0. 0. 0.
  0. 0. 0. 0. 0. 0. 0. 0. 0. 0. 0. 0. 0. 0. 0. 0. 0. 0. 0. 0. 0. 0. 0. 0.
  0. 0. 0. 0.]
 [0. 0. 1. 1. 0. 1. 1. 1. 0. 0. 1. 0. 1. 0. 1. 0. 0. 0. 0. 0. 0. 0. 0. 0.
  0. 0. 0. 0. 0. 0. 0. 0. 0. 0. 0. 0. 0. 0. 0. 0. 0. 0. 0. 0. 0. 0. 0. 0.
  0. 0. 0. 0. 0. 0. 0. 0. 0. 0. 0. 0. 0. 0. 0. 0. 0. 0. 0. 0. 0. 0. 0. 0.
  0. 0. 0. 0. 0. 0. 0. 0. 0. 0. 0. 0. 0. 0. 0. 0. 0. 0. 0. 0. 0. 0. 0. 0.
  0. 0. 0. 0.]
 [0. 1. 1. 0. 0. 0. 0. 1. 1. 0. 1. 0. 1. 0. 0. 0. 1. 0. 0. 1. 0. 0. 0. 0.
  0. 0. 0. 0. 0. 0. 0. 0. 0. 0. 0. 0. 0. 0. 0. 0. 0. 0. 0. 0. 0. 0. 0. 0.
  0. 0. 0. 0. 0. 0. 0. 0. 0. 0. 0. 0. 0. 0. 0. 0. 0. 0. 0. 0. 0. 0. 0. 0.
  0. 0. 0. 0. 0. 0. 0. 0. 0. 0. 0. 0. 0. 0. 0. 0. 0. 0. 0. 0. 0. 0. 0. 0.
  0. 0. 0. 0.]
 [0. 1. 0. 0. 1. 0. 1. 1. 1. 0. 1. 0. 1. 0. 0. 0. 0. 1. 0. 1. 0. 0. 0. 0.
  0. 0. 0. 0. 0. 0. 0. 0. 0. 0. 0. 0. 0. 0. 0. 0. 0. 0. 0. 0. 0. 0. 0. 0.
  0. 0. 0. 0. 0. 0. 0. 0. 0. 0. 0. 0. 0. 0. 0. 0. 0. 0. 0. 0. 0. 0. 0. 0.
  0. 0. 0. 0. 0. 0. 0. 0. 0. 0. 0. 0. 0. 0. 0. 0. 0. 0. 0. 0. 0. 0. 0. 0.
  0. 0. 0. 0.]
 [1. 0. 0. 1. 1. 1. 0. 0. 1. 1. 0. 1. 0. 0. 1. 0. 1. 0. 0. 1. 0. 0. 0. 0.
  0. 0. 0. 0. 0. 0. 0. 0. 0. 0. 0. 0. 0. 0. 0. 0. 0. 0. 0. 0. 0. 0. 0. 0.
  0. 0. 0. 0. 0. 0. 0. 0. 0. 0. 0. 0. 0. 0. 0. 0. 0. 0. 0. 0. 0. 0. 0. 0.
  0. 0. 0. 0. 0. 0. 0. 0. 0. 0. 0. 0. 0. 0. 0. 0. 0. 0. 0. 0. 0. 0. 0. 0.
  0. 0. 0. 0.]]
start_times_array: [[4.91360000e+04 4.91890000e+04 4.92370000e+04 4.92540000e+04
  4.93160000e+04 4.94040000e+04 4.95030000e+04 4.95260000e+04
  5.01180000e+04 5.01880000e+04 5.77350000e+04 5.77580000e+04
  5.78350000e+04 5.93880002e+04 6.25710000e+04 6.28080000e+04
  6.28660000e+04 6.31850000e+04 6.82170000e+04 6.82460000e+04]
 [6.67500000e+04 6.68660000e+04 6.69400000e+04 6.69750000e+04
  6.71680000e+04 6.72130000e+04 6.74100000e+04 6.75020000e+04
  6.75220000e+04 6.75800000e+04 6.75940000e+04 6.75990000e+04
  6.76920000e+04 6.77380000e+04 6.77740000e+04 6.78680000e+04
  6.79440000e+04 6.80070000e+04 6.81020000e+04 6.81680000e+04]
 [7.94400016e+03 6.46160000e+04 6.63640000e+04 6.66080000e+04
  6.66670000e+04 6.67270000e+04 6.67350000e+04 6.67500000e+04
  6.67600000e+04 6.67610000e+04 6.68390000e+04 6.68660000e+04
  6.69640000e+04 6.69990000e+04 6.70210000e+04 6.71010000e+04
  6.71780000e+04 6.72640000e+04 6.73270000e+04 6.73710000e+04]
 [6.57280000e+04 6.57430000e+04 6.57490000e+04 6.58110000e+04
  6.58780000e+04 6.59440000e+04 6.59820000e+04 6.60020000e+04
  6.60780000e+04 6.61720000e+04 6.62390000e+04 6.62730000e+04
  6.63320000e+04 6.63590000e+04 6.64200000e+04 6.64300000e+04
  6.64970000e+04 6.65180000e+04 6.66080000e+04 6.66810000e+04]
 [6.44500000e+04 6.44670000e+04 6.45040000e+04 6.45250000e+04
  6.50260000e+04 6.50330000e+04 6.50770000e+04 6.50990000e+04
  6.51490000e+04 6.51800000e+04 6.52620000e+04 6.53150000e+04
  6.53360000e+04 6.54250000e+04 6.54600000e+04 6.55080000e+04
  6.55240000e+04 6.55940000e+04 6.56870000e+04 6.57380000e+04]
 [6.18340000e+04 6.19060000e+04 6.40070000e+04 6.42090000e+04
  6.42500000e+04 6.43280000e+04 6.44020000e+04 6.44990000e+04
  6.45130000e+04 6.45610000e+04 6.46150000e+04 6.47060000e+04
  6.47980000e+04 6.48890000e+04 6.49530000e+04 6.50140000e+04
  6.50200000e+04 6.50260000e+04 6.50860000e+04 6.51510000e+04]
 [6.32760000e+04 6.33670000e+04 6.35060000e+04 6.35810000e+04
  6.35920000e+04 6.35990000e+04 6.36850000e+04 6.37550000e+04
  6.37810000e+04 6.38340000e+04 6.38390000e+04 6.39200000e+04
  6.39860000e+04 6.40430000e+04 6.41200000e+04 6.42090000e+04
  6.42580000e+04 6.42610000e+04 6.43200000e+04 6.44130000e+04]
 [6.25380000e+04 6.25710000e+04 6.27270000e+04 6.28080000e+04
  6.28430000e+04 6.29260000e+04 6.29540000e+04 6.30010000e+04
  6.30350000e+04 6.30580000e+04 6.31540000e+04 6.31850000e+04
  6.32790000e+04 6.33420000e+04 6.33630000e+04 6.33640000e+04
  6.34200000e+04 6.34560000e+04 6.35860000e+04 6.42220000e+04]
 [6.15480000e+04 6.15850000e+04 6.16550000e+04 6.16930000e+04
  6.17770000e+04 6.18020000e+04 6.18340000e+04 6.19060000e+04
  6.19430000e+04 6.19660000e+04 6.19800000e+04 6.20240000e+04
  6.20270000e+04 6.20520000e+04 6.21430000e+04 6.22400000e+04
  6.23280000e+04 6.23920000e+04 6.24730000e+04 6.26680000e+04]
 [6.05900000e+04 6.06300000e+04 6.06530000e+04 6.08110000e+04
  6.09480000e+04 6.10120000e+04 6.10210000e+04 6.10860000e+04
  6.11080000e+04 6.11790000e+04 6.12300000e+04 6.12370000e+04
  6.12440000e+04 6.12510000e+04 6.12850000e+04 6.13440000e+04
  6.13460000e+04 6.13910000e+04 6.14320000e+04 6.15280000e+04]
 [6.03630000e+04 6.04110000e+04 6.04740000e+04 6.05210000e+04
  6.05330000e+04 6.05890000e+04 6.06750000e+04 6.07610000e+04
  6.07620000e+04 6.07820000e+04 6.08620000e+04 6.09440000e+04
  6.09480000e+04 6.09560000e+04 6.10110000e+04 6.10960000e+04
  6.11710000e+04 6.11930000e+04 6.12300000e+04 6.16880000e+04]
 [5.92330000e+04 5.93090000e+04 5.93650000e+04 5.93840000e+04
  5.93910000e+04 5.94350000e+04 5.95250000e+04 5.95480000e+04
  5.95600000e+04 5.96170000e+04 5.97160000e+04 5.97910000e+04
  5.98130000e+04 5.98720000e+04 5.99680000e+04 5.99730000e+04
  6.00400000e+04 6.01340000e+04 6.01980000e+04 6.02860000e+04]
 [5.78940000e+04 5.79810000e+04 5.82080000e+04 5.82640000e+04
  5.82830000e+04 5.83810000e+04 5.84490000e+04 5.84960000e+04
  5.85930000e+04 5.86030000e+04 5.86740000e+04 5.87400000e+04
  5.87820000e+04 5.88030000e+04 5.88520000e+04 5.89390000e+04
  5.89880000e+04 5.90420000e+04 5.91160000e+04 5.92080000e+04]
 [5.76170000e+04 5.77350000e+04 5.77990000e+04 5.78200000e+04
  5.78640000e+04 5.78980000e+04 5.79410000e+04 5.79550000e+04
  5.80280000e+04 5.80660000e+04 5.81240000e+04 5.81760000e+04
  5.82020000e+04 5.82080000e+04 5.82640000e+04 5.83620000e+04
  5.83640000e+04 5.84620000e+04 5.85970000e+04 5.86880000e+04]
 [5.60410000e+04 5.60990000e+04 5.68290000e+04 5.69020000e+04
  5.69240000e+04 5.69890000e+04 5.70830000e+04 5.71810000e+04
  5.71940000e+04 5.72190000e+04 5.72850000e+04 5.73200000e+04
  5.73700000e+04 5.73780000e+04 5.74250000e+04 5.74580000e+04
  5.74820000e+04 5.75350000e+04 5.75740000e+04 5.76390000e+04]
 [5.58190000e+04 5.59180000e+04 5.59900000e+04 5.60300000e+04
  5.61180000e+04 5.61570000e+04 5.61830000e+04 5.62400000e+04
  5.63210000e+04 5.63840000e+04 5.64550000e+04 5.65480000e+04
  5.66070000e+04 5.66190000e+04 5.66900000e+04 5.67770000e+04
  5.69890000e+04 5.70560000e+04 5.70830000e+04 5.74980000e+04]
 [5.40960000e+04 5.48490000e+04 5.49360000e+04 5.50080000e+04
  5.50520000e+04 5.50720000e+04 5.51490000e+04 5.51970000e+04
  5.52310000e+04 5.52930000e+04 5.53570000e+04 5.53830000e+04
  5.54510000e+04 5.55430000e+04 5.55610000e+04 5.56120000e+04
  5.56550000e+04 5.56700000e+04 5.57400000e+04 5.57630000e+04]
 [5.40960000e+04 5.41020000e+04 5.41410000e+04 5.42060000e+04
  5.42530000e+04 5.43220000e+04 5.43390000e+04 5.43740000e+04
  5.44680000e+04 5.45200000e+04 5.45780000e+04 5.46410000e+04
  5.47040000e+04 5.47930000e+04 5.48490000e+04 5.48790000e+04
  5.49030000e+04 5.49400000e+04 5.49430000e+04 5.55030000e+04]
 [5.10070000e+04 5.29520000e+04 5.33620000e+04 5.33970000e+04
  5.34400000e+04 5.35360000e+04 5.35390000e+04 5.36200000e+04
  5.36300000e+04 5.36440000e+04 5.36760000e+04 5.37300000e+04
  5.37510000e+04 5.38080000e+04 5.38860000e+04 5.39420000e+04
  5.39500000e+04 5.40100000e+04 5.40470000e+04 5.40940000e+04]
 [5.25550000e+04 5.26660000e+04 5.27120000e+04 5.27870000e+04
  5.28000000e+04 5.28870000e+04 5.29470000e+04 5.30300000e+04
  5.30990000e+04 5.31310000e+04 5.31430000e+04 5.31450000e+04
  5.32340000e+04 5.32370000e+04 5.32490000e+04 5.32630000e+04
  5.33620000e+04 5.34310000e+04 5.34430000e+04 5.35220000e+04]
 [1.00000000e+00 5.22250000e+04 5.23080000e+04 5.23520000e+04
  5.23680000e+04 5.24170000e+04 5.25030000e+04 5.25430000e+04
  5.25830000e+04 5.26240000e+04 5.26600000e+04 5.27530000e+04
  5.27870000e+04 5.28750000e+04 5.29650000e+04 5.30640000e+04
  5.31010000e+04 5.31550000e+04 5.34350000e+04 5.34390000e+04]
 [7.90000000e+01 1.19000000e+02 1.86000000e+02 1.68000016e+03
  4.99580000e+04 5.18200000e+04 5.18220000e+04 5.18470000e+04
  5.18920000e+04 5.19240000e+04 5.20010000e+04 5.20990000e+04
  5.21010000e+04 5.21830000e+04 5.22750000e+04 5.23080000e+04
  5.23610000e+04 5.24140000e+04 5.24420000e+04 5.24690000e+04]
 [6.76000000e+02 5.06010000e+04 5.06600000e+04 5.08570000e+04
  5.09790000e+04 5.12370000e+04 5.13150000e+04 5.13290000e+04
  5.13640000e+04 5.14130000e+04 5.14190000e+04 5.14470000e+04
  5.14590000e+04 5.15320000e+04 5.15670000e+04 5.16310000e+04
  5.16880000e+04 5.17650000e+04 5.18290000e+04 5.23250000e+04]
 [4.48000000e+02 4.90530000e+04 5.01720000e+04 5.02760000e+04
  5.03130000e+04 5.06250000e+04 5.07030000e+04 5.07640000e+04
  5.08090000e+04 5.08600000e+04 5.09270000e+04 5.09610000e+04
  5.10060000e+04 5.10530000e+04 5.11390000e+04 5.12130000e+04
  5.12180000e+04 5.12850000e+04 5.13640000e+04 5.23150000e+04]
 [4.99060000e+04 5.00040000e+04 5.00270000e+04 5.00560000e+04
  5.01340000e+04 5.03660000e+04 5.03690000e+04 5.03960000e+04
  5.04780000e+04 5.05080000e+04 5.05980000e+04 5.06250000e+04
  5.07200000e+04 5.07280000e+04 5.07370000e+04 5.07950000e+04
  5.08360000e+04 5.08610000e+04 5.09480000e+04 5.09830000e+04]
 [1.64000000e+02 2.03000000e+02 2.65000000e+02 3.45000000e+02
  4.98050000e+04 4.98300000e+04 4.98730000e+04 4.99520000e+04
  5.00040000e+04 5.00160000e+04 5.00220000e+04 5.00890000e+04
  5.01350000e+04 5.01720000e+04 5.01860000e+04 5.02230000e+04
  5.02250000e+04 5.03070000e+04 5.03190000e+04 5.03570000e+04]
 [6.30000000e+01 4.88980000e+04 4.90130000e+04 4.90530000e+04
  4.90650000e+04 4.90740000e+04 4.91360000e+04 4.91630000e+04
  4.92310000e+04 4.92550000e+04 4.93340000e+04 4.93860000e+04
  4.94040000e+04 4.94610000e+04 4.95540000e+04 4.96150000e+04
  4.96300000e+04 4.96910000e+04 4.97120000e+04 5.02720000e+04]
 [4.83250000e+04 4.83790000e+04 4.84680000e+04 4.84980000e+04
  4.85020000e+04 4.85390000e+04 4.86110000e+04 4.86120000e+04
  4.86220000e+04 4.86870000e+04 4.87680000e+04 4.87900000e+04
  4.88070000e+04 4.88790000e+04 4.89200000e+04 4.89710000e+04
  4.90130000e+04 4.90340000e+04 4.90730000e+04 4.90740000e+04]
 [4.77460000e+04 4.78110000e+04 4.78930000e+04 4.79040000e+04
  4.79890000e+04 4.79970000e+04 4.80500000e+04 4.81390000e+04
  4.81680000e+04 4.82280000e+04 4.82500000e+04 4.82960000e+04
  4.83250000e+04 4.83470000e+04 4.84180000e+04 4.84530000e+04
  4.84590000e+04 4.85860000e+04 4.86630000e+04 4.87320000e+04]
 [4.69030000e+04 4.69460000e+04 4.69810000e+04 4.70650000e+04
  4.71330000e+04 4.72180000e+04 4.72210000e+04 4.72320000e+04
  4.72450000e+04 4.73110000e+04 4.73850000e+04 4.74150000e+04
  4.74690000e+04 4.74810000e+04 4.75750000e+04 4.76600000e+04
  4.77460000e+04 4.78200000e+04 4.78930000e+04 4.79810000e+04]
 [8.67300000e+03 4.61810000e+04 4.62120000e+04 4.62810000e+04
  4.63620000e+04 4.64140000e+04 4.64730000e+04 4.66090000e+04
  4.69390000e+04 4.70020000e+04 4.70370000e+04 4.70850000e+04
  4.71110000e+04 4.71550000e+04 4.72210000e+04 4.72530000e+04
  4.72570000e+04 4.73370000e+04 4.74690000e+04 4.76930000e+04]
 [6.14000000e+02 4.50820000e+04 4.59850000e+04 4.60480000e+04
  4.60730000e+04 4.60800000e+04 4.61020000e+04 4.61740000e+04
  4.62120000e+04 4.62750000e+04 4.63550000e+04 4.64200000e+04
  4.65040000e+04 4.65120000e+04 4.65300000e+04 4.66090000e+04
  4.66510000e+04 4.67450000e+04 4.68340000e+04 4.68630000e+04]
 [4.50180000e+04 4.51160000e+04 4.51920000e+04 4.52790000e+04
  4.53480000e+04 4.54130000e+04 4.54770000e+04 4.55350000e+04
  4.55420000e+04 4.55600000e+04 4.55670000e+04 4.55760000e+04
  4.56120000e+04 4.56600000e+04 4.57080000e+04 4.57910000e+04
  4.58340000e+04 4.58690000e+04 4.59530000e+04 4.61000000e+04]
 [4.37570000e+04 4.41950000e+04 4.42900000e+04 4.43820000e+04
  4.45600000e+04 4.46580000e+04 4.47420000e+04 4.47450000e+04
  4.48010000e+04 4.48320000e+04 4.48420000e+04 4.48770000e+04
  4.49240000e+04 4.50180000e+04 4.50790000e+04 4.51240000e+04
  4.51710000e+04 4.51750000e+04 4.51760000e+04 4.52110000e+04]
 [4.37560000e+04 4.37570000e+04 4.37790000e+04 4.38250000e+04
  4.39160000e+04 4.39940000e+04 4.40420000e+04 4.40740000e+04
  4.41670000e+04 4.41950000e+04 4.42860000e+04 4.43020000e+04
  4.43820000e+04 4.44300000e+04 4.44730000e+04 4.44840000e+04
  4.45520000e+04 4.45960000e+04 4.46470000e+04 4.46580000e+04]
 [4.20860000e+04 4.22030000e+04 4.22680000e+04 4.30550000e+04
  4.30630000e+04 4.31070000e+04 4.32050000e+04 4.32550000e+04
  4.32910000e+04 4.32960000e+04 4.33640000e+04 4.33700000e+04
  4.34190000e+04 4.34650000e+04 4.35200000e+04 4.35210000e+04
  4.36150000e+04 4.36280000e+04 4.36670000e+04 4.44050000e+04]
 [0.00000000e+00 6.80000000e+01 4.21990000e+04 4.22230000e+04
  4.22640000e+04 4.23610000e+04 4.24320000e+04 4.25240000e+04
  4.26150000e+04 4.26370000e+04 4.27340000e+04 4.27830000e+04
  4.28230000e+04 4.28600000e+04 4.28960000e+04 4.29190000e+04
  4.30020000e+04 4.31200000e+04 4.31910000e+04 4.33890000e+04]
 [4.00740000e+04 4.10800000e+04 4.11400000e+04 4.14260000e+04
  4.15860000e+04 4.17110000e+04 4.17320000e+04 4.17420000e+04
  4.18200000e+04 4.18950000e+04 4.19040000e+04 4.19740000e+04
  4.20100000e+04 4.20510000e+04 4.20590000e+04 4.20600000e+04
  4.20790000e+04 4.20800000e+04 4.20860000e+04 4.21530000e+04]
 [4.11350000e+04 4.11400000e+04 4.11690000e+04 4.12450000e+04
  4.12610000e+04 4.13420000e+04 4.13510000e+04 4.14450000e+04
  4.15270000e+04 4.15980000e+04 4.16030000e+04 4.16060000e+04
  4.16440000e+04 4.16690000e+04 4.17670000e+04 4.18120000e+04
  4.18740000e+04 4.19830000e+04 4.20410000e+04 4.30870000e+04]
 [2.66500027e+03 3.99750000e+04 4.11050000e+04 4.11350000e+04
  4.11580000e+04 4.12490000e+04 4.12810000e+04 4.13420000e+04
  4.13840000e+04 4.13950000e+04 4.14510000e+04 4.14840000e+04
  4.15140000e+04 4.15410000e+04 4.15600000e+04 4.15740000e+04
  4.16550000e+04 4.16760000e+04 4.17700000e+04 4.18270000e+04]
 [3.96710000e+04 3.98540000e+04 4.03230000e+04 4.03600000e+04
  4.04220000e+04 4.05010000e+04 4.05630000e+04 4.06340000e+04
  4.06520000e+04 4.07340000e+04 4.07410000e+04 4.07830000e+04
  4.08800000e+04 4.08900000e+04 4.08960000e+04 4.09210000e+04
  4.09910000e+04 4.10180000e+04 4.11920000e+04 4.13420000e+04]
 [5.00000000e+01 3.90450000e+04 3.90640000e+04 3.91000000e+04
  3.95180000e+04 3.96060000e+04 3.96730000e+04 3.96750000e+04
  3.97050000e+04 3.97880000e+04 3.98740000e+04 3.99710000e+04
  4.00040000e+04 4.00270000e+04 4.00320000e+04 4.00740000e+04
  4.01510000e+04 4.01980000e+04 4.02560000e+04 4.02790000e+04]
 [0.00000000e+00 1.69000000e+02 3.64000000e+02 4.55000000e+02
  3.85690000e+04 3.86230000e+04 3.89980000e+04 3.90280000e+04
  3.90370000e+04 3.90740000e+04 3.90770000e+04 3.91480000e+04
  3.91740000e+04 3.92720000e+04 3.93420000e+04 3.93770000e+04
  3.94320000e+04 3.95040000e+04 3.95510000e+04 3.95860000e+04]
 [6.81500000e+03 3.82060000e+04 3.82200000e+04 3.83160000e+04
  3.83770000e+04 3.83800000e+04 3.84100000e+04 3.85080000e+04
  3.85830000e+04 3.86240000e+04 3.87030000e+04 3.87990000e+04
  3.88720000e+04 3.89260000e+04 3.89980000e+04 3.90270000e+04
  3.90330000e+04 3.90640000e+04 3.90960000e+04 3.91300000e+04]
 [5.83000000e+02 1.45900000e+03 3.73100000e+04 3.74060000e+04
  3.74790000e+04 3.75730000e+04 3.76090000e+04 3.76380000e+04
  3.76760000e+04 3.77390000e+04 3.77530000e+04 3.77600000e+04
  3.77670000e+04 3.78230000e+04 3.78770000e+04 3.78840000e+04
  3.79670000e+04 3.80000000e+04 3.80600000e+04 3.81480000e+04]
 [4.00000000e+00 6.80000000e+01 3.98000000e+02 5.12000000e+02
  5.16000000e+02 3.68840000e+04 3.69070000e+04 3.69910000e+04
  3.70530000e+04 3.70610000e+04 3.71030000e+04 3.71990000e+04
  3.72250000e+04 3.72660000e+04 3.72680000e+04 3.72960000e+04
  3.73100000e+04 3.74090000e+04 3.74230000e+04 3.84250002e+04]
 [1.25000000e+02 3.61520000e+04 3.62510000e+04 3.62710000e+04
  3.63510000e+04 3.64110000e+04 3.64130000e+04 3.65110000e+04
  3.66080000e+04 3.66090000e+04 3.66100000e+04 3.66690000e+04
  3.66700000e+04 3.66960000e+04 3.67950000e+04 3.70230000e+04
  3.70750000e+04 3.70900000e+04 3.71370000e+04 3.72110000e+04]
 [4.81000000e+02 5.33000000e+02 8.05000000e+02 3.50160000e+04
  3.53080000e+04 3.53960000e+04 3.54630000e+04 3.55410000e+04
  3.56230000e+04 3.56410000e+04 3.57270000e+04 3.57540000e+04
  3.57880000e+04 3.58140000e+04 3.58440000e+04 3.58610000e+04
  3.58630000e+04 3.59500000e+04 3.60350000e+04 3.60750000e+04]
 [3.42180000e+04 3.42880000e+04 3.43860000e+04 3.44090000e+04
  3.44380000e+04 3.45260000e+04 3.45570000e+04 3.45640000e+04
  3.46560000e+04 3.46780000e+04 3.48310000e+04 3.48490000e+04
  3.48880000e+04 3.49450000e+04 3.50010000e+04 3.50090000e+04
  3.50100000e+04 3.50890000e+04 3.51790000e+04 3.52530000e+04]
 [9.40000000e+01 6.62000000e+02 6.91000000e+02 7.42000000e+02
  8.25000000e+02 9.16000000e+02 1.36900000e+03 3.41450000e+04
  3.41610000e+04 3.41840000e+04 3.41910000e+04 3.42690000e+04
  3.43250000e+04 3.43970000e+04 3.44580000e+04 3.46700000e+04
  3.46950000e+04 3.47580000e+04 3.48010000e+04 3.51260000e+04]
 [3.36860000e+04 3.37210000e+04 3.37330000e+04 3.38220000e+04
  3.38630000e+04 3.39330000e+04 3.39510000e+04 3.40210000e+04
  3.40900000e+04 3.40950000e+04 3.41540000e+04 3.41840000e+04
  3.42180000e+04 3.42410000e+04 3.42830000e+04 3.43280000e+04
  3.44200000e+04 3.45120000e+04 3.45720000e+04 3.46700000e+04]
 [1.73000000e+02 4.77000000e+02 3.27420000e+04 3.29840000e+04
  3.30340000e+04 3.30840000e+04 3.31230000e+04 3.31640000e+04
  3.31790000e+04 3.32010000e+04 3.32560000e+04 3.32930000e+04
  3.33000000e+04 3.33880000e+04 3.34460000e+04 3.35360000e+04
  3.36000000e+04 3.36070000e+04 3.36300000e+04 3.36490000e+04]
 [0.00000000e+00 3.18000000e+02 3.75000000e+02 5.27000000e+02
  3.23790000e+04 3.24000000e+04 3.24350000e+04 3.24670000e+04
  3.25650000e+04 3.26430000e+04 3.26930000e+04 3.27720000e+04
  3.28250000e+04 3.28650000e+04 3.28840000e+04 3.29090000e+04
  3.29930000e+04 3.30840000e+04 3.32560000e+04 3.35960000e+04]
 [9.60000000e+01 1.20000000e+03 1.73800000e+03 3.13810003e+04
  3.15580003e+04 3.16230000e+04 3.16590000e+04 3.17090000e+04
  3.17990000e+04 3.18970000e+04 3.19360000e+04 3.20300000e+04
  3.20940000e+04 3.21090000e+04 3.21380000e+04 3.21650000e+04
  3.22540000e+04 3.23040000e+04 3.23300000e+04 3.23680000e+04]
 [2.47600016e+03 3.02050000e+04 3.03420000e+04 3.07700000e+04
  3.08040000e+04 3.08980000e+04 3.09440000e+04 3.10180000e+04
  3.10630000e+04 3.11410000e+04 3.11820000e+04 3.12400000e+04
  3.12830000e+04 3.13540000e+04 3.14130000e+04 3.14380000e+04
  3.14930000e+04 3.15770000e+04 3.16250000e+04 3.29360000e+04]
 [4.32000000e+02 2.79810000e+04 2.88980000e+04 2.99470000e+04
  3.00280000e+04 3.00940000e+04 3.01930000e+04 3.02660000e+04
  3.03420000e+04 3.03490000e+04 3.04400000e+04 3.04730000e+04
  3.05200000e+04 3.05340000e+04 3.05850000e+04 3.06100000e+04
  3.06140000e+04 3.06290000e+04 3.06550000e+04 3.07340000e+04]
 [3.52500000e+03 2.89800000e+04 2.90770000e+04 2.90860000e+04
  2.94040000e+04 2.94540000e+04 2.94970000e+04 2.95520000e+04
  2.95840000e+04 2.96750000e+04 2.97500000e+04 2.98330000e+04
  2.98500000e+04 2.99050000e+04 2.99480000e+04 3.00280000e+04
  3.00900000e+04 3.01500000e+04 3.01530000e+04 3.02090000e+04]
 [7.30400000e+03 2.63990000e+04 2.85580000e+04 2.85900000e+04
  2.85970000e+04 2.86820000e+04 2.87420000e+04 2.87610000e+04
  2.87740000e+04 2.88280000e+04 2.88900000e+04 2.89370000e+04
  2.89480000e+04 2.89800000e+04 2.90290000e+04 2.90940000e+04
  2.91630000e+04 2.92300000e+04 2.93260000e+04 2.93330000e+04]
 [5.16000000e+02 2.74660000e+04 2.75200000e+04 2.75390000e+04
  2.75530000e+04 2.76210000e+04 2.78090000e+04 2.78100000e+04
  2.78720000e+04 2.79250000e+04 2.79760000e+04 2.80110000e+04
  2.80340000e+04 2.81220000e+04 2.81900000e+04 2.82430000e+04
  2.82820000e+04 2.83470000e+04 2.84110000e+04 2.85040000e+04]
 [7.90000000e+01 2.61040003e+04 2.63620000e+04 2.69950000e+04
  2.70680000e+04 2.71410000e+04 2.72120000e+04 2.72190000e+04
  2.72760000e+04 2.73710000e+04 2.74640000e+04 2.75200000e+04
  2.75870000e+04 2.76100000e+04 2.76400000e+04 2.77380000e+04
  2.77750000e+04 2.78090000e+04 2.81360000e+04 2.81810000e+04]
 [0.00000000e+00 5.00000000e+01 4.11000000e+02 2.45890000e+04
  2.61210002e+04 2.61710002e+04 2.63680000e+04 2.64050000e+04
  2.64150000e+04 2.64780000e+04 2.64880000e+04 2.65620000e+04
  2.66500000e+04 2.66820000e+04 2.67320000e+04 2.68250000e+04
  2.68660000e+04 2.69210000e+04 2.69260000e+04 2.76550000e+04]
 [9.70000000e+01 1.17000000e+02 1.52000000e+02 2.43000000e+02
  2.10900000e+03 2.16800000e+03 2.52320000e+04 2.56650000e+04
  2.57200000e+04 2.57830000e+04 2.57860000e+04 2.58570000e+04
  2.59240000e+04 2.59450000e+04 2.59530000e+04 2.61190000e+04
  2.62120000e+04 2.63070000e+04 2.63680000e+04 2.70670000e+04]
 [2.51580000e+04 2.52440000e+04 2.52900000e+04 2.53610000e+04
  2.54550000e+04 2.55390000e+04 2.56110000e+04 2.56620000e+04
  2.57370000e+04 2.57830000e+04 2.58000000e+04 2.58350000e+04
  2.58570000e+04 2.59000000e+04 2.59640000e+04 2.59680000e+04
  2.60000000e+04 2.60220000e+04 2.60930000e+04 2.62450000e+04]
 [2.65000000e+02 3.09000000e+02 1.18800000e+03 2.38930000e+04
  2.49270000e+04 2.49620000e+04 2.49680000e+04 2.50290000e+04
  2.51220000e+04 2.51400000e+04 2.52020000e+04 2.52440000e+04
  2.52670000e+04 2.52760000e+04 2.53470000e+04 2.54550000e+04
  2.55390000e+04 2.56290000e+04 2.56960000e+04 2.57880000e+04]
 [2.29790000e+04 2.33750003e+04 2.42770000e+04 2.44120000e+04
  2.44970000e+04 2.45890000e+04 2.45970000e+04 2.46420000e+04
  2.46800000e+04 2.47000000e+04 2.47380000e+04 2.48110000e+04
  2.48640000e+04 2.49080000e+04 2.49710000e+04 2.50460000e+04
  2.50870000e+04 2.51960000e+04 2.52770000e+04 2.55930000e+04]
 [7.00000000e+00 1.19000000e+02 2.32420002e+04 2.35390000e+04
  2.35880000e+04 2.36480000e+04 2.37070000e+04 2.37470000e+04
  2.38190000e+04 2.38500000e+04 2.38760000e+04 2.39310000e+04
  2.39340000e+04 2.39950000e+04 2.40520000e+04 2.41100000e+04
  2.41970000e+04 2.42850000e+04 2.43250000e+04 2.44190000e+04]
 [2.27400000e+04 2.27480000e+04 2.28170000e+04 2.28830000e+04
  2.29290000e+04 2.29510000e+04 2.30170000e+04 2.30300000e+04
  2.30370000e+04 2.30670000e+04 2.31310000e+04 2.31860000e+04
  2.32170000e+04 2.33130000e+04 2.33950000e+04 2.34550000e+04
  2.34690000e+04 2.35320000e+04 2.39060003e+04 2.39890000e+04]
 [4.19000000e+02 4.48000000e+02 4.58000000e+02 2.07490000e+04
  2.19200000e+04 2.20510000e+04 2.21480000e+04 2.23440000e+04
  2.24300000e+04 2.24930000e+04 2.25430000e+04 2.25920000e+04
  2.26190000e+04 2.26820000e+04 2.27630000e+04 2.27670000e+04
  2.28470000e+04 2.28560000e+04 2.29730000e+04 2.37360000e+04]
 [1.23000000e+02 1.59800000e+03 2.16390000e+04 2.16760000e+04
  2.17380000e+04 2.17940000e+04 2.18670000e+04 2.19210000e+04
  2.19910000e+04 2.20440000e+04 2.20510000e+04 2.20860000e+04
  2.21500000e+04 2.21720000e+04 2.22700000e+04 2.23110000e+04
  2.23170000e+04 2.24050000e+04 2.24250000e+04 2.30450000e+04]
 [1.46000000e+02 2.30000000e+02 1.64200016e+03 1.66300016e+03
  2.07200000e+04 2.07740000e+04 2.11930000e+04 2.12880000e+04
  2.13420000e+04 2.14050000e+04 2.14640000e+04 2.15380000e+04
  2.16280000e+04 2.16960000e+04 2.17940000e+04 2.18330000e+04
  2.19160000e+04 2.19210000e+04 2.19400000e+04 2.20140000e+04]
 [2.42700000e+03 2.05730000e+04 2.06140000e+04 2.06450000e+04
  2.06940000e+04 2.07930000e+04 2.08870000e+04 2.08960000e+04
  2.09650000e+04 2.10200000e+04 2.11120000e+04 2.11290000e+04
  2.12180000e+04 2.12910000e+04 2.13010000e+04 2.13990000e+04
  2.14370000e+04 2.14500000e+04 2.15910000e+04 2.19570000e+04]
 [9.00000000e+00 1.34500000e+03 1.65100016e+03 3.33100000e+03
  2.00270002e+04 2.00710000e+04 2.03390000e+04 2.04010000e+04
  2.04570000e+04 2.05770000e+04 2.06140000e+04 2.06460000e+04
  2.07950000e+04 2.08720000e+04 2.08980000e+04 2.09890000e+04
  2.09940000e+04 2.10270000e+04 2.11010000e+04 2.11910000e+04]
 [0.00000000e+00 1.18000000e+02 2.30000000e+02 1.79250000e+04
  1.98100000e+04 2.00260000e+04 2.01180000e+04 2.01360000e+04
  2.02270000e+04 2.02500000e+04 2.03460000e+04 2.04320000e+04
  2.04720000e+04 2.04890000e+04 2.05280000e+04 2.05770000e+04
  2.06080000e+04 2.06680000e+04 2.07210000e+04 2.07950000e+04]
 [9.47000000e+02 2.58000000e+03 1.92190000e+04 1.93080000e+04
  1.93980000e+04 1.94250000e+04 1.95090000e+04 1.95820000e+04
  1.96120000e+04 1.96630000e+04 1.96960000e+04 1.97800000e+04
  1.98010000e+04 1.98390000e+04 1.98680000e+04 1.99020000e+04
  1.99140000e+04 1.99710000e+04 2.00170000e+04 2.13340000e+04]
 [1.82380000e+04 1.84630000e+04 1.85020000e+04 1.85170000e+04
  1.85890000e+04 1.86540000e+04 1.86600000e+04 1.87590000e+04
  1.88420000e+04 1.89070000e+04 1.89910000e+04 1.90760000e+04
  1.91660000e+04 1.91890000e+04 1.92340000e+04 1.93370000e+04
  1.95960000e+04 1.96220000e+04 1.97190000e+04 1.97820000e+04]
 [6.54500000e+03 1.57950000e+04 1.80380000e+04 1.80860000e+04
  1.80940000e+04 1.81120000e+04 1.81260000e+04 1.81970000e+04
  1.82380000e+04 1.83140000e+04 1.83710000e+04 1.84430000e+04
  1.84660000e+04 1.85470000e+04 1.85970000e+04 1.86570000e+04
  1.86720000e+04 1.87050000e+04 1.89240000e+04 1.98220000e+04]
 [1.34400000e+03 1.60120003e+04 1.68540000e+04 1.69420000e+04
  1.70100000e+04 1.72240000e+04 1.72660000e+04 1.73260000e+04
  1.73550000e+04 1.74420000e+04 1.74990000e+04 1.75760000e+04
  1.75990000e+04 1.76900000e+04 1.77240000e+04 1.78200000e+04
  1.78420000e+04 1.79260000e+04 1.79520000e+04 1.80180000e+04]
 [8.20000000e+01 5.39900016e+03 1.64680000e+04 1.65020000e+04
  1.65330000e+04 1.65980000e+04 1.66410000e+04 1.66920000e+04
  1.67270000e+04 1.67690000e+04 1.68250000e+04 1.68540000e+04
  1.69330000e+04 1.69550000e+04 1.70210000e+04 1.70890000e+04
  1.71210000e+04 1.71420000e+04 1.72240000e+04 1.83770000e+04]
 [1.55800000e+04 1.56090000e+04 1.56330000e+04 1.56810000e+04
  1.56940000e+04 1.57870000e+04 1.58550000e+04 1.58720000e+04
  1.59230000e+04 1.59720000e+04 1.60480000e+04 1.60880000e+04
  1.61760000e+04 1.62610000e+04 1.63040000e+04 1.63600000e+04
  1.63910000e+04 1.66310000e+04 1.67190000e+04 1.67720000e+04]
 [6.08500016e+03 1.44680000e+04 1.49950000e+04 1.50310000e+04
  1.51170000e+04 1.51710000e+04 1.51910000e+04 1.52860000e+04
  1.53060000e+04 1.53630000e+04 1.54050000e+04 1.54080000e+04
  1.54630000e+04 1.54810000e+04 1.55200000e+04 1.56050000e+04
  1.57170000e+04 1.57380000e+04 1.59430000e+04 1.59500000e+04]
 [6.02000000e+02 1.13600000e+03 1.33810000e+04 1.46860000e+04
  1.47030000e+04 1.47050000e+04 1.47370000e+04 1.48310000e+04
  1.49020000e+04 1.49890000e+04 1.50340000e+04 1.50790000e+04
  1.51000000e+04 1.51910000e+04 1.52210000e+04 1.52540000e+04
  1.52740000e+04 1.53710000e+04 1.54660000e+04 1.55560000e+04]
 [1.30830000e+04 1.31400000e+04 1.32290000e+04 1.40060000e+04
  1.40270000e+04 1.40850000e+04 1.41630000e+04 1.41880000e+04
  1.42390000e+04 1.42460000e+04 1.42470000e+04 1.43080000e+04
  1.44000000e+04 1.44130000e+04 1.44860000e+04 1.45210000e+04
  1.45670000e+04 1.46280000e+04 1.46320000e+04 1.47000000e+04]
 [3.04500000e+03 1.33070000e+04 1.33860000e+04 1.34470000e+04
  1.34990000e+04 1.35730000e+04 1.36040000e+04 1.36750000e+04
  1.37730000e+04 1.37770000e+04 1.38390000e+04 1.38830000e+04
  1.39210000e+04 1.39460000e+04 1.39750000e+04 1.40150000e+04
  1.40450000e+04 1.41100000e+04 1.41890000e+04 1.44580000e+04]
 [0.00000000e+00 9.70000000e+01 7.36800000e+03 1.25210000e+04
  1.25550000e+04 1.26040000e+04 1.26290000e+04 1.26510000e+04
  1.27380000e+04 1.27840000e+04 1.27970000e+04 1.28930000e+04
  1.29910000e+04 1.30340000e+04 1.31140000e+04 1.31840000e+04
  1.31910000e+04 1.32880000e+04 1.33070000e+04 1.39980000e+04]
 [1.87000000e+02 1.15500000e+04 1.16430000e+04 1.17330000e+04
  1.18290000e+04 1.19040000e+04 1.19450000e+04 1.20130000e+04
  1.20560000e+04 1.21330000e+04 1.21650000e+04 1.22400000e+04
  1.22410000e+04 1.22690000e+04 1.22800000e+04 1.23700000e+04
  1.23750000e+04 1.23790000e+04 1.24420000e+04 1.39230000e+04]
 [8.94000000e+02 9.55000000e+02 1.02000000e+03 1.06800000e+03
  9.86600000e+03 1.07950000e+04 1.08390000e+04 1.08430000e+04
  1.08930000e+04 1.09590000e+04 1.10560000e+04 1.10820000e+04
  1.11670000e+04 1.12380000e+04 1.12900000e+04 1.13220000e+04
  1.14200000e+04 1.14800000e+04 1.15680000e+04 1.16430000e+04]
 [9.86700000e+03 9.96400000e+03 1.00180000e+04 1.00950000e+04
  1.00990000e+04 1.01790000e+04 1.02870000e+04 1.03040000e+04
  1.03540000e+04 1.03860000e+04 1.04300000e+04 1.05230000e+04
  1.05250000e+04 1.05300000e+04 1.05980000e+04 1.06760000e+04
  1.06970000e+04 1.07670000e+04 1.07850000e+04 1.08340000e+04]
 [9.32800000e+03 9.41400000e+03 9.43200000e+03 9.50300000e+03
  9.52200000e+03 9.53500000e+03 9.60700000e+03 9.61900000e+03
  9.68300000e+03 9.76100000e+03 9.79800000e+03 9.86700000e+03
  9.88000000e+03 9.95800000e+03 1.00180000e+04 1.00890000e+04
  1.01520000e+04 1.02290000e+04 1.02700000e+04 1.07630000e+04]
 [8.51500000e+03 8.53200000e+03 8.61200000e+03 8.70800000e+03
  8.75200000e+03 8.75400000e+03 8.84600000e+03 8.87800000e+03
  8.93500000e+03 9.00900000e+03 9.04100000e+03 9.08900000e+03
  9.15000000e+03 9.19700000e+03 9.27500000e+03 9.35600000e+03
  9.44200000e+03 9.47100000e+03 9.81900000e+03 9.98400000e+03]
 [7.49300000e+03 7.50100000e+03 7.58000000e+03 7.65100000e+03
  7.73800000e+03 7.73900000e+03 7.80000000e+03 7.88200000e+03
  7.88900000e+03 7.94200000e+03 8.01200000e+03 8.06600000e+03
  8.12800000e+03 8.20300000e+03 8.21600000e+03 8.26900000e+03
  8.32200000e+03 8.40000000e+03 8.49700000e+03 8.89600000e+03]
 [1.44200000e+03 5.93700000e+03 6.68900000e+03 6.78100000e+03
  6.84000000e+03 6.90200000e+03 6.91800000e+03 6.92200000e+03
  6.95100000e+03 6.96900000e+03 6.98900000e+03 7.04500000e+03
  7.12700000e+03 7.16000000e+03 7.23700000e+03 7.30100000e+03
  7.32600000e+03 7.40100000e+03 7.44700000e+03 8.26700000e+03]
 [6.01100000e+03 6.08200000e+03 6.15100000e+03 6.16000000e+03
  6.25200000e+03 6.32100000e+03 6.41200000e+03 6.47500000e+03
  6.47800000e+03 6.57400000e+03 6.58300000e+03 6.63100000e+03
  6.66000000e+03 6.67400000e+03 6.86100000e+03 6.87200000e+03
  6.87400000e+03 6.91700000e+03 7.07300000e+03 7.23000000e+03]
 [4.92000000e+03 4.99200000e+03 5.28900000e+03 5.30700000e+03
  5.38700000e+03 5.44200000e+03 5.48700000e+03 5.52100000e+03
  5.58800000e+03 5.64700000e+03 5.65200000e+03 5.69000000e+03
  5.78900000e+03 5.88000000e+03 5.89500000e+03 5.93700000e+03
  6.10300000e+03 6.12700000e+03 6.15000000e+03 6.26800000e+03]
 [4.52100000e+03 4.52400000e+03 4.54100000e+03 4.61900000e+03
  4.71900000e+03 4.78200000e+03 4.87400000e+03 4.90900000e+03
  4.97100000e+03 5.05700000e+03 5.06200000e+03 5.11700000e+03
  5.19400000e+03 5.28900000e+03 5.33800000e+03 5.34400000e+03
  5.40200000e+03 5.41800000e+03 5.49600000e+03 5.85700016e+03]
 [1.08000000e+02 1.33400000e+03 3.87400000e+03 3.90200000e+03
  3.97800000e+03 4.01600000e+03 4.11200000e+03 4.20300000e+03
  4.23500000e+03 4.32500000e+03 4.39800000e+03 4.45400000e+03
  4.52100000e+03 4.52500000e+03 4.58000000e+03 4.65700000e+03
  4.67700000e+03 4.72000000e+03 4.83000000e+03 5.24000000e+03]
 [0.00000000e+00 3.70000000e+01 4.43000000e+02 2.95400000e+03
  2.98700000e+03 3.08200000e+03 3.12300000e+03 3.13800000e+03
  3.20500000e+03 3.21500000e+03 3.30900000e+03 3.37200000e+03
  3.46900000e+03 3.52500000e+03 3.56700000e+03 3.60200000e+03
  3.66500000e+03 3.68100000e+03 3.77300000e+03 3.78600000e+03]
 [1.98600000e+03 2.00000000e+03 2.04100000e+03 2.12300000e+03
  2.17000000e+03 2.21900000e+03 2.27100000e+03 2.33500000e+03
  2.36000000e+03 2.37200000e+03 2.42800000e+03 2.47500000e+03
  2.51700000e+03 2.59400000e+03 2.68300000e+03 2.77500000e+03
  2.81600000e+03 2.89100000e+03 2.91400000e+03 2.95400000e+03]
 [0.00000000e+00 1.00000000e+02 2.88000000e+02 3.75000000e+02
  1.38500000e+03 1.47500000e+03 1.50400000e+03 1.58400000e+03
  1.66200000e+03 1.73800000e+03 1.75100000e+03 1.76300000e+03
  1.78600000e+03 1.85200000e+03 1.88200000e+03 1.94800000e+03
  2.00000000e+03 2.06700000e+03 2.10900000e+03 2.59900000e+03]
 [0.00000000e+00 1.10000000e+02 1.47000000e+02 8.65000000e+02
  8.94000000e+02 9.81000000e+02 9.99000000e+02 1.08100000e+03
  1.15600000e+03 1.18800000e+03 1.23300000e+03 1.25200000e+03
  1.27500000e+03 1.34400000e+03 1.34500000e+03 1.43700000e+03
  1.44600000e+03 1.47500000e+03 1.51200000e+03 1.52000000e+03]
 [0.00000000e+00 7.90000000e+01 1.18000000e+02 1.64000000e+02
  2.59000000e+02 2.63000000e+02 3.18000000e+02 3.98000000e+02
  4.77000000e+02 5.12000000e+02 5.23000000e+02 5.27000000e+02
  5.51000000e+02 6.14000000e+02 6.28000000e+02 6.62000000e+02
  6.76000000e+02 7.33000000e+02 7.91000000e+02 8.05000000e+02]]
