optimal_status: 0
solution: 14609.0
cpu_time: 3606.3634989261627
gap: 0.8954374435623055
upper_bound: 1527.5543869982785
lower_bound: 14609.0
cg_matrix: [[0. 1. 0. 0. 0. 0. 1. 1. 1. 0. 1. 0. 0. 1. 1. 0. 1. 1. 1. 0. 1. 1. 0. 0.
  1. 1. 1. 1. 0. 1. 1. 1. 1. 1. 1. 1. 1. 1. 1. 0. 1. 1. 1. 1. 1. 1. 1. 0.
  1. 1.]
 [1. 0. 1. 0. 1. 1. 1. 1. 1. 1. 0. 1. 1. 1. 1. 1. 1. 1. 1. 1. 1. 1. 1. 1.
  1. 1. 1. 1. 1. 1. 1. 1. 1. 1. 1. 1. 1. 1. 1. 1. 1. 1. 1. 1. 1. 1. 1. 1.
  1. 1.]
 [0. 1. 0. 1. 1. 0. 1. 1. 1. 0. 1. 1. 1. 1. 1. 1. 1. 0. 1. 1. 1. 1. 1. 0.
  1. 1. 0. 1. 1. 0. 0. 1. 1. 1. 1. 1. 1. 1. 1. 1. 0. 1. 1. 1. 1. 1. 1. 1.
  1. 1.]
 [0. 0. 1. 0. 1. 0. 1. 0. 1. 1. 1. 1. 1. 0. 1. 1. 1. 1. 1. 1. 0. 1. 1. 0.
  1. 1. 1. 0. 1. 1. 1. 1. 1. 1. 1. 1. 1. 1. 1. 1. 1. 0. 1. 1. 1. 1. 1. 0.
  0. 1.]
 [0. 1. 1. 1. 0. 1. 1. 1. 0. 1. 1. 1. 1. 1. 1. 1. 1. 1. 0. 1. 1. 1. 1. 1.
  1. 0. 1. 1. 1. 1. 1. 1. 1. 1. 0. 1. 0. 1. 0. 0. 1. 1. 1. 0. 1. 0. 1. 0.
  1. 1.]
 [0. 1. 0. 0. 1. 0. 1. 1. 0. 1. 0. 0. 1. 0. 1. 1. 1. 0. 1. 1. 0. 1. 1. 1.
  1. 1. 1. 1. 1. 1. 1. 1. 1. 1. 1. 1. 0. 0. 1. 1. 1. 1. 1. 1. 0. 1. 1. 1.
  1. 1.]
 [1. 1. 1. 1. 1. 1. 0. 1. 1. 1. 1. 1. 1. 1. 0. 1. 0. 1. 1. 1. 0. 0. 1. 1.
  0. 1. 0. 0. 0. 0. 1. 0. 0. 0. 1. 1. 1. 1. 1. 1. 1. 1. 1. 1. 1. 1. 1. 1.
  1. 1.]
 [1. 1. 1. 0. 1. 1. 1. 0. 0. 1. 1. 1. 1. 1. 0. 1. 1. 1. 1. 1. 1. 1. 1. 1.
  1. 0. 1. 1. 0. 1. 1. 1. 1. 1. 0. 1. 0. 1. 1. 1. 1. 1. 1. 1. 1. 1. 0. 1.
  0. 1.]
 [1. 1. 1. 1. 0. 0. 1. 0. 0. 0. 1. 1. 1. 1. 1. 1. 1. 1. 1. 1. 1. 1. 0. 1.
  1. 1. 0. 1. 1. 1. 1. 1. 1. 0. 1. 0. 0. 0. 1. 0. 1. 1. 1. 1. 0. 0. 1. 0.
  0. 1.]
 [0. 1. 0. 1. 1. 1. 1. 1. 0. 0. 0. 0. 1. 1. 1. 0. 1. 1. 1. 1. 0. 1. 1. 1.
  1. 1. 1. 1. 1. 0. 0. 1. 1. 1. 1. 1. 1. 1. 1. 1. 1. 0. 1. 1. 1. 1. 1. 1.
  1. 1.]
 [1. 0. 1. 1. 1. 0. 1. 1. 1. 0. 0. 0. 1. 0. 1. 1. 0. 1. 0. 1. 1. 1. 1. 1.
  1. 1. 1. 1. 1. 1. 1. 1. 1. 1. 1. 1. 1. 1. 1. 1. 1. 1. 0. 1. 1. 1. 1. 0.
  1. 1.]
 [0. 1. 1. 1. 1. 0. 1. 1. 1. 0. 0. 0. 1. 1. 1. 0. 1. 1. 1. 1. 0. 1. 1. 1.
  0. 0. 1. 1. 1. 1. 1. 0. 1. 1. 1. 0. 1. 1. 0. 0. 1. 1. 1. 1. 1. 1. 1. 1.
  1. 1.]
 [0. 1. 1. 1. 1. 1. 1. 1. 1. 1. 1. 1. 0. 1. 1. 1. 1. 1. 0. 0. 1. 0. 0. 1.
  1. 1. 1. 0. 1. 1. 1. 1. 0. 1. 0. 0. 1. 1. 1. 1. 1. 1. 1. 1. 1. 1. 1. 0.
  1. 1.]
 [1. 1. 1. 0. 1. 0. 1. 1. 1. 1. 0. 1. 1. 0. 1. 1. 1. 1. 1. 1. 1. 1. 1. 1.
  0. 1. 0. 1. 1. 1. 1. 1. 1. 1. 1. 0. 1. 0. 1. 1. 1. 0. 1. 1. 1. 1. 1. 1.
  1. 1.]
 [1. 1. 1. 1. 1. 1. 0. 0. 1. 1. 1. 1. 1. 1. 0. 1. 1. 1. 1. 1. 1. 1. 1. 1.
  0. 1. 1. 1. 1. 1. 1. 1. 1. 1. 0. 1. 1. 1. 1. 1. 1. 0. 1. 1. 1. 1. 1. 1.
  1. 1.]
 [0. 1. 1. 1. 1. 1. 1. 1. 1. 0. 1. 0. 1. 1. 1. 0. 0. 0. 0. 0. 0. 0. 0. 0.
  0. 0. 0. 0. 0. 0. 0. 0. 0. 0. 0. 0. 0. 0. 0. 0. 0. 0. 0. 0. 0. 0. 0. 0.
  0. 0.]
 [1. 1. 1. 1. 1. 1. 0. 1. 1. 1. 0. 1. 1. 1. 1. 0. 0. 0. 0. 0. 0. 0. 0. 0.
  0. 0. 0. 0. 0. 0. 0. 0. 0. 0. 0. 0. 0. 0. 0. 0. 0. 0. 0. 0. 0. 0. 0. 0.
  0. 0.]
 [1. 1. 0. 1. 1. 0. 1. 1. 1. 1. 1. 1. 1. 1. 1. 0. 0. 0. 0. 0. 0. 0. 0. 0.
  0. 0. 0. 0. 0. 0. 0. 0. 0. 0. 0. 0. 0. 0. 0. 0. 0. 0. 0. 0. 0. 0. 0. 0.
  0. 0.]
 [1. 1. 1. 1. 0. 1. 1. 1. 1. 1. 0. 1. 0. 1. 1. 0. 0. 0. 0. 0. 0. 0. 0. 0.
  0. 0. 0. 0. 0. 0. 0. 0. 0. 0. 0. 0. 0. 0. 0. 0. 0. 0. 0. 0. 0. 0. 0. 0.
  0. 0.]
 [0. 1. 1. 1. 1. 1. 1. 1. 1. 1. 1. 1. 0. 1. 1. 0. 0. 0. 0. 0. 0. 0. 0. 0.
  0. 0. 0. 0. 0. 0. 0. 0. 0. 0. 0. 0. 0. 0. 0. 0. 0. 0. 0. 0. 0. 0. 0. 0.
  0. 0.]
 [1. 1. 1. 0. 1. 0. 0. 1. 1. 0. 1. 0. 1. 1. 1. 0. 0. 0. 0. 0. 0. 0. 0. 0.
  0. 0. 0. 0. 0. 0. 0. 0. 0. 0. 0. 0. 0. 0. 0. 0. 0. 0. 0. 0. 0. 0. 0. 0.
  0. 0.]
 [1. 1. 1. 1. 1. 1. 0. 1. 1. 1. 1. 1. 0. 1. 1. 0. 0. 0. 0. 0. 0. 0. 0. 0.
  0. 0. 0. 0. 0. 0. 0. 0. 0. 0. 0. 0. 0. 0. 0. 0. 0. 0. 0. 0. 0. 0. 0. 0.
  0. 0.]
 [0. 1. 1. 1. 1. 1. 1. 1. 0. 1. 1. 1. 0. 1. 1. 0. 0. 0. 0. 0. 0. 0. 0. 0.
  0. 0. 0. 0. 0. 0. 0. 0. 0. 0. 0. 0. 0. 0. 0. 0. 0. 0. 0. 0. 0. 0. 0. 0.
  0. 0.]
 [0. 1. 0. 0. 1. 1. 1. 1. 1. 1. 1. 1. 1. 1. 1. 0. 0. 0. 0. 0. 0. 0. 0. 0.
  0. 0. 0. 0. 0. 0. 0. 0. 0. 0. 0. 0. 0. 0. 0. 0. 0. 0. 0. 0. 0. 0. 0. 0.
  0. 0.]
 [1. 1. 1. 1. 1. 1. 0. 1. 1. 1. 1. 0. 1. 0. 0. 0. 0. 0. 0. 0. 0. 0. 0. 0.
  0. 0. 0. 0. 0. 0. 0. 0. 0. 0. 0. 0. 0. 0. 0. 0. 0. 0. 0. 0. 0. 0. 0. 0.
  0. 0.]
 [1. 1. 1. 1. 0. 1. 1. 0. 1. 1. 1. 0. 1. 1. 1. 0. 0. 0. 0. 0. 0. 0. 0. 0.
  0. 0. 0. 0. 0. 0. 0. 0. 0. 0. 0. 0. 0. 0. 0. 0. 0. 0. 0. 0. 0. 0. 0. 0.
  0. 0.]
 [1. 1. 0. 1. 1. 1. 0. 1. 0. 1. 1. 1. 1. 0. 1. 0. 0. 0. 0. 0. 0. 0. 0. 0.
  0. 0. 0. 0. 0. 0. 0. 0. 0. 0. 0. 0. 0. 0. 0. 0. 0. 0. 0. 0. 0. 0. 0. 0.
  0. 0.]
 [1. 1. 1. 0. 1. 1. 0. 1. 1. 1. 1. 1. 0. 1. 1. 0. 0. 0. 0. 0. 0. 0. 0. 0.
  0. 0. 0. 0. 0. 0. 0. 0. 0. 0. 0. 0. 0. 0. 0. 0. 0. 0. 0. 0. 0. 0. 0. 0.
  0. 0.]
 [0. 1. 1. 1. 1. 1. 0. 0. 1. 1. 1. 1. 1. 1. 1. 0. 0. 0. 0. 0. 0. 0. 0. 0.
  0. 0. 0. 0. 0. 0. 0. 0. 0. 0. 0. 0. 0. 0. 0. 0. 0. 0. 0. 0. 0. 0. 0. 0.
  0. 0.]
 [1. 1. 0. 1. 1. 1. 0. 1. 1. 0. 1. 1. 1. 1. 1. 0. 0. 0. 0. 0. 0. 0. 0. 0.
  0. 0. 0. 0. 0. 0. 0. 0. 0. 0. 0. 0. 0. 0. 0. 0. 0. 0. 0. 0. 0. 0. 0. 0.
  0. 0.]
 [1. 1. 0. 1. 1. 1. 1. 1. 1. 0. 1. 1. 1. 1. 1. 0. 0. 0. 0. 0. 0. 0. 0. 0.
  0. 0. 0. 0. 0. 0. 0. 0. 0. 0. 0. 0. 0. 0. 0. 0. 0. 0. 0. 0. 0. 0. 0. 0.
  0. 0.]
 [1. 1. 1. 1. 1. 1. 0. 1. 1. 1. 1. 0. 1. 1. 1. 0. 0. 0. 0. 0. 0. 0. 0. 0.
  0. 0. 0. 0. 0. 0. 0. 0. 0. 0. 0. 0. 0. 0. 0. 0. 0. 0. 0. 0. 0. 0. 0. 0.
  0. 0.]
 [1. 1. 1. 1. 1. 1. 0. 1. 1. 1. 1. 1. 0. 1. 1. 0. 0. 0. 0. 0. 0. 0. 0. 0.
  0. 0. 0. 0. 0. 0. 0. 0. 0. 0. 0. 0. 0. 0. 0. 0. 0. 0. 0. 0. 0. 0. 0. 0.
  0. 0.]
 [1. 1. 1. 1. 1. 1. 0. 1. 0. 1. 1. 1. 1. 1. 1. 0. 0. 0. 0. 0. 0. 0. 0. 0.
  0. 0. 0. 0. 0. 0. 0. 0. 0. 0. 0. 0. 0. 0. 0. 0. 0. 0. 0. 0. 0. 0. 0. 0.
  0. 0.]
 [1. 1. 1. 1. 0. 1. 1. 0. 1. 1. 1. 1. 0. 1. 0. 0. 0. 0. 0. 0. 0. 0. 0. 0.
  0. 0. 0. 0. 0. 0. 0. 0. 0. 0. 0. 0. 0. 0. 0. 0. 0. 0. 0. 0. 0. 0. 0. 0.
  0. 0.]
 [1. 1. 1. 1. 1. 1. 1. 1. 0. 1. 1. 0. 0. 0. 1. 0. 0. 0. 0. 0. 0. 0. 0. 0.
  0. 0. 0. 0. 0. 0. 0. 0. 0. 0. 0. 0. 0. 0. 0. 0. 0. 0. 0. 0. 0. 0. 0. 0.
  0. 0.]
 [1. 1. 1. 1. 0. 0. 1. 0. 0. 1. 1. 1. 1. 1. 1. 0. 0. 0. 0. 0. 0. 0. 0. 0.
  0. 0. 0. 0. 0. 0. 0. 0. 0. 0. 0. 0. 0. 0. 0. 0. 0. 0. 0. 0. 0. 0. 0. 0.
  0. 0.]
 [1. 1. 1. 1. 1. 0. 1. 1. 0. 1. 1. 1. 1. 0. 1. 0. 0. 0. 0. 0. 0. 0. 0. 0.
  0. 0. 0. 0. 0. 0. 0. 0. 0. 0. 0. 0. 0. 0. 0. 0. 0. 0. 0. 0. 0. 0. 0. 0.
  0. 0.]
 [1. 1. 1. 1. 0. 1. 1. 1. 1. 1. 1. 0. 1. 1. 1. 0. 0. 0. 0. 0. 0. 0. 0. 0.
  0. 0. 0. 0. 0. 0. 0. 0. 0. 0. 0. 0. 0. 0. 0. 0. 0. 0. 0. 0. 0. 0. 0. 0.
  0. 0.]
 [0. 1. 1. 1. 0. 1. 1. 1. 0. 1. 1. 0. 1. 1. 1. 0. 0. 0. 0. 0. 0. 0. 0. 0.
  0. 0. 0. 0. 0. 0. 0. 0. 0. 0. 0. 0. 0. 0. 0. 0. 0. 0. 0. 0. 0. 0. 0. 0.
  0. 0.]
 [1. 1. 0. 1. 1. 1. 1. 1. 1. 1. 1. 1. 1. 1. 1. 0. 0. 0. 0. 0. 0. 0. 0. 0.
  0. 0. 0. 0. 0. 0. 0. 0. 0. 0. 0. 0. 0. 0. 0. 0. 0. 0. 0. 0. 0. 0. 0. 0.
  0. 0.]
 [1. 1. 1. 0. 1. 1. 1. 1. 1. 0. 1. 1. 1. 0. 0. 0. 0. 0. 0. 0. 0. 0. 0. 0.
  0. 0. 0. 0. 0. 0. 0. 0. 0. 0. 0. 0. 0. 0. 0. 0. 0. 0. 0. 0. 0. 0. 0. 0.
  0. 0.]
 [1. 1. 1. 1. 1. 1. 1. 1. 1. 1. 0. 1. 1. 1. 1. 0. 0. 0. 0. 0. 0. 0. 0. 0.
  0. 0. 0. 0. 0. 0. 0. 0. 0. 0. 0. 0. 0. 0. 0. 0. 0. 0. 0. 0. 0. 0. 0. 0.
  0. 0.]
 [1. 1. 1. 1. 0. 1. 1. 1. 1. 1. 1. 1. 1. 1. 1. 0. 0. 0. 0. 0. 0. 0. 0. 0.
  0. 0. 0. 0. 0. 0. 0. 0. 0. 0. 0. 0. 0. 0. 0. 0. 0. 0. 0. 0. 0. 0. 0. 0.
  0. 0.]
 [1. 1. 1. 1. 1. 0. 1. 1. 0. 1. 1. 1. 1. 1. 1. 0. 0. 0. 0. 0. 0. 0. 0. 0.
  0. 0. 0. 0. 0. 0. 0. 0. 0. 0. 0. 0. 0. 0. 0. 0. 0. 0. 0. 0. 0. 0. 0. 0.
  0. 0.]
 [1. 1. 1. 1. 0. 1. 1. 1. 0. 1. 1. 1. 1. 1. 1. 0. 0. 0. 0. 0. 0. 0. 0. 0.
  0. 0. 0. 0. 0. 0. 0. 0. 0. 0. 0. 0. 0. 0. 0. 0. 0. 0. 0. 0. 0. 0. 0. 0.
  0. 0.]
 [1. 1. 1. 1. 1. 1. 1. 0. 1. 1. 1. 1. 1. 1. 1. 0. 0. 0. 0. 0. 0. 0. 0. 0.
  0. 0. 0. 0. 0. 0. 0. 0. 0. 0. 0. 0. 0. 0. 0. 0. 0. 0. 0. 0. 0. 0. 0. 0.
  0. 0.]
 [0. 1. 1. 0. 0. 1. 1. 1. 0. 1. 0. 1. 0. 1. 1. 0. 0. 0. 0. 0. 0. 0. 0. 0.
  0. 0. 0. 0. 0. 0. 0. 0. 0. 0. 0. 0. 0. 0. 0. 0. 0. 0. 0. 0. 0. 0. 0. 0.
  0. 0.]
 [1. 1. 1. 0. 1. 1. 1. 0. 0. 1. 1. 1. 1. 1. 1. 0. 0. 0. 0. 0. 0. 0. 0. 0.
  0. 0. 0. 0. 0. 0. 0. 0. 0. 0. 0. 0. 0. 0. 0. 0. 0. 0. 0. 0. 0. 0. 0. 0.
  0. 0.]
 [1. 1. 1. 1. 1. 1. 1. 1. 1. 1. 1. 1. 1. 1. 1. 0. 0. 0. 0. 0. 0. 0. 0. 0.
  0. 0. 0. 0. 0. 0. 0. 0. 0. 0. 0. 0. 0. 0. 0. 0. 0. 0. 0. 0. 0. 0. 0. 0.
  0. 0.]]
start_times_array: [[6.1500e+02 9.8300e+02 1.3649e+04 1.3714e+04 1.3795e+04 1.4008e+04
  1.4090e+04 1.4132e+04 1.4274e+04 1.4324e+04 1.4353e+04 1.4461e+04
  1.4514e+04 1.4566e+04 1.4585e+04]
 [1.2290e+04 1.2846e+04 1.3224e+04 1.3301e+04 1.3374e+04 1.3450e+04
  1.3537e+04 1.3598e+04 1.3734e+04 1.3871e+04 1.3970e+04 1.4142e+04
  1.4240e+04 1.4383e+04 1.4417e+04]
 [1.2356e+04 1.2385e+04 1.2530e+04 1.2593e+04 1.2608e+04 1.2683e+04
  1.2710e+04 1.2808e+04 1.2922e+04 1.2979e+04 1.3059e+04 1.3115e+04
  1.3169e+04 1.3649e+04 1.3684e+04]
 [1.7050e+03 1.8660e+03 1.1579e+04 1.1756e+04 1.1881e+04 1.1895e+04
  1.1954e+04 1.2035e+04 1.2105e+04 1.2290e+04 1.2465e+04 1.3224e+04
  1.3374e+04 1.3469e+04 1.3536e+04]
 [1.0921e+04 1.0942e+04 1.1020e+04 1.1023e+04 1.1154e+04 1.1164e+04
  1.1322e+04 1.1420e+04 1.1432e+04 1.1487e+04 1.1646e+04 1.1688e+04
  1.1814e+04 1.1960e+04 1.2193e+04]
 [9.8080e+03 9.9890e+03 1.0055e+04 1.0135e+04 1.0187e+04 1.0263e+04
  1.0332e+04 1.0429e+04 1.0499e+04 1.0723e+04 1.0761e+04 1.0837e+04
  1.1099e+04 1.1229e+04 1.1881e+04]
 [9.3040e+03 9.3850e+03 9.4380e+03 9.5640e+03 9.6480e+03 9.6810e+03
  9.8380e+03 9.8900e+03 9.9010e+03 9.9030e+03 9.9100e+03 1.0151e+04
  1.0553e+04 1.0631e+04 1.1210e+04]
 [8.3790e+03 8.6980e+03 8.7760e+03 8.8380e+03 8.8550e+03 8.8930e+03
  8.9590e+03 9.0270e+03 9.0330e+03 9.0930e+03 9.2570e+03 9.4750e+03
  9.5380e+03 9.7500e+03 1.0009e+04]
 [8.2480e+03 8.2670e+03 8.3090e+03 8.4790e+03 8.5300e+03 8.5910e+03
  8.7100e+03 8.7820e+03 8.8020e+03 8.8870e+03 8.9820e+03 9.0190e+03
  9.0400e+03 9.1340e+03 9.4750e+03]
 [7.4250e+03 7.4700e+03 7.5580e+03 7.7160e+03 7.8430e+03 7.9200e+03
  7.9580e+03 8.0180e+03 8.1590e+03 8.2090e+03 8.2740e+03 8.4300e+03
  8.4970e+03 9.1860e+03 1.0308e+04]
 [5.4100e+02 4.8280e+03 5.4720e+03 5.6390e+03 7.0810e+03 7.2840e+03
  7.4250e+03 7.4800e+03 7.5640e+03 7.6600e+03 7.8430e+03 8.2710e+03
  8.3750e+03 8.4070e+03 8.6070e+03]
 [6.5680e+03 7.2840e+03 7.3330e+03 7.4250e+03 7.4820e+03 7.4980e+03
  7.5050e+03 7.5180e+03 7.5360e+03 7.6320e+03 7.7160e+03 7.8430e+03
  7.9130e+03 8.0070e+03 8.1590e+03]
 [6.3000e+02 2.6830e+03 2.7490e+03 6.3420e+03 6.4470e+03 6.8330e+03
  6.9080e+03 6.9790e+03 7.0670e+03 7.1370e+03 7.1730e+03 7.2610e+03
  7.3730e+03 7.7690e+03 8.0810e+03]
 [4.6230e+03 5.6490e+03 5.7180e+03 5.8230e+03 5.8430e+03 5.8800e+03
  6.0050e+03 6.1660e+03 6.2000e+03 6.2540e+03 6.3010e+03 6.3140e+03
  6.3690e+03 6.5260e+03 6.6490e+03]
 [1.5500e+03 4.6690e+03 4.8440e+03 5.1240e+03 5.2740e+03 5.3300e+03
  5.4070e+03 5.5140e+03 5.5220e+03 5.5740e+03 5.6270e+03 5.7420e+03
  5.9330e+03 6.0870e+03 6.7350e+03]
 [8.9500e+02 3.2580e+03 3.2680e+03 3.3660e+03 4.0290e+03 4.1610e+03
  4.2520e+03 4.5690e+03 4.7570e+03 4.7850e+03 4.9680e+03 5.0240e+03
  5.2140e+03 5.2290e+03 5.2500e+03]
 [4.1000e+01 5.6900e+02 4.2660e+03 4.3450e+03 4.3580e+03 4.4060e+03
  4.4840e+03 4.5510e+03 4.7570e+03 4.8810e+03 4.9450e+03 4.9660e+03
  5.1990e+03 5.4280e+03 5.6390e+03]
 [2.2000e+02 1.9630e+03 3.6520e+03 3.7220e+03 3.7650e+03 3.8970e+03
  3.9620e+03 4.3790e+03 4.4560e+03 4.4980e+03 4.7570e+03 4.8810e+03
  4.9510e+03 5.0290e+03 5.0440e+03]
 [0.0000e+00 2.7000e+01 5.4000e+01 8.3700e+02 2.0050e+03 3.3810e+03
  3.4800e+03 3.5070e+03 4.0490e+03 4.3450e+03 4.3560e+03 4.4010e+03
  4.4670e+03 4.5680e+03 4.7570e+03]
 [1.9200e+02 3.1400e+02 1.1420e+03 3.5000e+03 3.5840e+03 3.6760e+03
  3.6800e+03 3.7420e+03 3.8900e+03 4.2160e+03 4.3760e+03 4.4440e+03
  4.4490e+03 4.4800e+03 4.5630e+03]
 [1.2300e+02 7.6800e+02 3.3120e+03 3.3660e+03 3.4450e+03 3.4850e+03
  3.5620e+03 3.6520e+03 3.8960e+03 4.0570e+03 4.1850e+03 4.2340e+03
  4.3990e+03 4.5020e+03 4.5660e+03]
 [4.6400e+02 8.4200e+02 9.5200e+02 3.5840e+03 3.6830e+03 3.7220e+03
  3.9860e+03 4.0970e+03 4.1910e+03 4.2700e+03 4.4060e+03 4.5670e+03
  4.5910e+03 4.7570e+03 4.9330e+03]
 [9.3000e+01 1.3500e+02 2.4900e+02 6.8900e+02 9.8500e+02 2.1730e+03
  3.7190e+03 3.8030e+03 4.0440e+03 4.0520e+03 4.0840e+03 4.1810e+03
  4.2730e+03 4.3470e+03 4.7960e+03]
 [2.8360e+03 2.8500e+03 3.3000e+03 3.3120e+03 3.3650e+03 3.6270e+03
  3.6840e+03 3.7380e+03 3.8000e+03 3.9940e+03 4.0920e+03 4.1560e+03
  4.1880e+03 4.2090e+03 4.5140e+03]
 [0.0000e+00 8.0000e+00 6.2000e+01 9.5000e+01 4.0700e+02 1.0290e+03
  2.9560e+03 3.0350e+03 3.0980e+03 3.7960e+03 3.9290e+03 3.9950e+03
  4.2300e+03 4.2320e+03 4.3430e+03]
 [3.4700e+02 3.4450e+03 3.4800e+03 3.5500e+03 3.6300e+03 3.7510e+03
  3.8140e+03 3.9040e+03 3.9980e+03 4.0540e+03 4.0810e+03 4.1730e+03
  4.5960e+03 4.7570e+03 4.8810e+03]
 [0.0000e+00 3.2370e+03 3.2500e+03 3.3050e+03 3.3740e+03 3.4710e+03
  3.5030e+03 3.6130e+03 3.6430e+03 3.7220e+03 3.8560e+03 3.9350e+03
  3.9600e+03 4.2420e+03 4.2510e+03]
 [1.2730e+03 1.3900e+03 1.7030e+03 1.7620e+03 3.0540e+03 3.0950e+03
  3.3500e+03 3.3650e+03 3.3710e+03 3.4490e+03 3.6900e+03 3.8300e+03
  3.9120e+03 3.9330e+03 4.4740e+03]
 [5.4000e+01 1.5900e+02 1.7400e+02 3.7100e+02 2.8370e+03 3.0360e+03
  3.1720e+03 3.4590e+03 3.4800e+03 3.5220e+03 3.6120e+03 3.7330e+03
  3.8000e+03 4.1910e+03 4.2250e+03]
 [9.9000e+01 2.7940e+03 2.8770e+03 3.0490e+03 3.0860e+03 3.1570e+03
  3.1630e+03 3.2150e+03 3.2300e+03 3.3100e+03 3.3180e+03 3.4150e+03
  3.5330e+03 3.5980e+03 3.6270e+03]
 [1.1000e+01 4.5400e+02 1.0540e+03 1.1110e+03 1.3100e+03 2.8570e+03
  2.8920e+03 3.1060e+03 3.1630e+03 3.2060e+03 3.3040e+03 3.3660e+03
  3.4150e+03 3.7880e+03 3.8930e+03]
 [0.0000e+00 9.3000e+01 1.7300e+02 3.0200e+02 3.4600e+02 3.6600e+02
  4.9000e+02 7.9400e+02 8.6200e+02 1.0050e+03 1.0580e+03 1.2070e+03
  1.2760e+03 3.8020e+03 4.1030e+03]
 [0.0000e+00 2.0400e+02 3.2500e+02 3.4700e+02 4.4500e+02 5.1600e+02
  8.5500e+02 9.0100e+02 1.2260e+03 2.5990e+03 2.7240e+03 2.9740e+03
  3.0470e+03 3.3530e+03 3.3920e+03]
 [3.0200e+02 3.7900e+02 3.9800e+02 7.6000e+02 8.4700e+02 8.9600e+02
  1.1870e+03 1.4720e+03 2.8630e+03 2.9490e+03 2.9990e+03 3.0870e+03
  3.1490e+03 3.1630e+03 3.2150e+03]
 [6.7000e+01 7.3800e+02 2.6460e+03 2.7020e+03 2.7880e+03 2.8370e+03
  2.8530e+03 2.9060e+03 2.9990e+03 3.0860e+03 3.1580e+03 3.1900e+03
  3.1910e+03 3.2620e+03 3.2660e+03]
 [5.7600e+02 7.7100e+02 8.5500e+02 1.0810e+03 1.2680e+03 1.2900e+03
  2.5330e+03 2.5610e+03 2.8020e+03 2.8530e+03 2.9080e+03 2.9880e+03
  2.9980e+03 3.1500e+03 3.2890e+03]
 [2.7000e+01 9.6000e+01 3.6600e+02 4.4300e+02 9.0700e+02 1.0120e+03
  1.0540e+03 1.2520e+03 1.3100e+03 2.5220e+03 2.6080e+03 2.8070e+03
  2.8960e+03 2.9300e+03 2.9730e+03]
 [0.0000e+00 2.2000e+01 1.1500e+02 2.0940e+03 2.1120e+03 2.1580e+03
  2.2460e+03 2.2560e+03 2.3460e+03 2.4260e+03 2.4790e+03 2.5200e+03
  2.6180e+03 2.6460e+03 2.6580e+03]
 [7.0100e+02 1.9390e+03 1.9580e+03 2.0410e+03 2.0990e+03 2.1600e+03
  2.1670e+03 2.2620e+03 2.2790e+03 2.3600e+03 2.4290e+03 2.5050e+03
  2.5170e+03 2.5880e+03 2.6490e+03]
 [6.0000e+00 1.0300e+02 2.9200e+02 1.2890e+03 1.3680e+03 1.4590e+03
  1.5080e+03 1.6490e+03 1.7770e+03 1.9390e+03 2.0360e+03 2.0640e+03
  2.1090e+03 2.1580e+03 2.2030e+03]
 [1.4700e+02 2.3300e+02 2.6700e+02 4.9900e+02 1.1760e+03 1.3740e+03
  1.4500e+03 1.4770e+03 1.6080e+03 1.6240e+03 1.7770e+03 1.9390e+03
  2.0200e+03 2.2720e+03 2.4660e+03]
 [9.3600e+02 1.0120e+03 1.1100e+03 1.1550e+03 1.1900e+03 1.2840e+03
  1.3870e+03 1.4290e+03 1.4440e+03 1.5560e+03 1.6480e+03 1.8870e+03
  1.9850e+03 2.0460e+03 2.1200e+03]
 [7.1000e+01 4.6600e+02 5.6200e+02 8.2000e+02 8.6500e+02 1.0550e+03
  1.1200e+03 1.2950e+03 1.2990e+03 1.3340e+03 1.3430e+03 1.3730e+03
  1.6080e+03 1.7770e+03 1.9390e+03]
 [0.0000e+00 6.8000e+01 4.7400e+02 7.9400e+02 8.6800e+02 9.9600e+02
  1.2280e+03 1.3140e+03 1.4290e+03 1.5170e+03 1.5960e+03 1.6350e+03
  1.7770e+03 1.9430e+03 2.0250e+03]
 [3.6200e+02 4.4200e+02 7.0100e+02 7.7900e+02 8.9500e+02 9.9600e+02
  1.0050e+03 1.0720e+03 1.1100e+03 1.1860e+03 1.2710e+03 1.3680e+03
  1.3870e+03 1.4560e+03 1.5070e+03]
 [6.0000e+00 1.3500e+02 1.9200e+02 2.6700e+02 4.2500e+02 4.3100e+02
  4.6200e+02 7.6100e+02 8.5800e+02 1.0330e+03 1.1200e+03 1.2240e+03
  1.2590e+03 1.3570e+03 1.5320e+03]
 [0.0000e+00 1.3300e+02 2.1800e+02 3.6700e+02 4.8800e+02 7.1200e+02
  8.1100e+02 8.8900e+02 8.9000e+02 9.9600e+02 1.0230e+03 1.0990e+03
  1.1910e+03 1.2710e+03 1.3740e+03]
 [0.0000e+00 5.6000e+01 1.3300e+02 2.8400e+02 7.8000e+02 9.0800e+02
  1.0000e+03 1.0170e+03 1.0890e+03 1.2470e+03 1.6270e+03 1.9090e+03
  1.9140e+03 1.9170e+03 1.9300e+03]
 [9.6000e+01 1.7400e+02 2.6000e+02 3.1500e+02 3.6100e+02 3.7500e+02
  4.3300e+02 7.6200e+02 8.2400e+02 1.1970e+03 1.3140e+03 1.5070e+03
  1.8570e+03 1.9290e+03 1.9620e+03]
 [0.0000e+00 8.0000e+00 1.0300e+02 1.7600e+02 2.1400e+02 2.2000e+02
  4.0700e+02 4.9400e+02 5.7300e+02 7.8600e+02 1.0490e+03 1.3860e+03
  1.4820e+03 2.2180e+03 2.5610e+03]]
