optimal_status: 0
solution: 40087.0
cpu_time: 3601.4434411525726
gap: 0.9663530141270468
upper_bound: 1348.8067226890757
lower_bound: 40087.0
cg_matrix: [[0. 1. 1. 1. 1. 1. 0. 0. 1. 0. 1. 1. 0. 1. 1. 1. 1. 1. 1. 1. 1. 1. 1. 1.
  1. 1. 1. 1. 0. 0. 1. 1. 1. 1. 1. 1. 1. 1. 1. 1. 0. 0. 0. 1. 1. 1. 1. 1.
  1. 1.]
 [1. 0. 1. 0. 1. 0. 0. 1. 1. 1. 1. 1. 1. 1. 0. 1. 1. 1. 1. 1. 1. 1. 1. 1.
  1. 0. 1. 1. 1. 0. 1. 0. 1. 0. 1. 1. 1. 1. 1. 0. 1. 1. 1. 0. 1. 1. 1. 1.
  0. 1.]
 [1. 1. 0. 1. 0. 0. 1. 1. 1. 1. 1. 1. 1. 0. 1. 0. 0. 1. 1. 1. 1. 0. 1. 0.
  1. 1. 1. 0. 1. 0. 1. 0. 0. 0. 0. 0. 1. 1. 0. 0. 0. 1. 1. 1. 1. 1. 1. 1.
  1. 1.]
 [1. 0. 1. 0. 1. 1. 1. 1. 0. 1. 1. 1. 0. 1. 0. 1. 1. 1. 0. 0. 0. 1. 0. 1.
  1. 1. 1. 1. 1. 0. 1. 1. 1. 1. 1. 1. 0. 0. 1. 1. 1. 1. 1. 1. 1. 0. 1. 1.
  1. 1.]
 [1. 1. 0. 1. 0. 1. 1. 1. 0. 1. 0. 1. 1. 1. 1. 1. 0. 1. 1. 1. 1. 0. 1. 1.
  1. 1. 1. 1. 1. 1. 1. 1. 1. 1. 1. 1. 1. 0. 1. 1. 1. 0. 1. 1. 1. 1. 0. 1.
  1. 1.]
 [1. 0. 0. 1. 1. 0. 0. 1. 1. 1. 0. 1. 1. 0. 1. 1. 1. 1. 1. 1. 1. 1. 1. 1.
  1. 0. 1. 1. 0. 1. 0. 0. 1. 1. 0. 1. 1. 1. 1. 1. 1. 1. 1. 1. 0. 0. 1. 1.
  1. 1.]
 [0. 0. 1. 1. 1. 0. 0. 1. 0. 1. 1. 0. 1. 1. 1. 1. 1. 1. 1. 1. 1. 1. 1. 0.
  1. 0. 1. 0. 1. 1. 0. 1. 0. 1. 1. 0. 1. 1. 0. 1. 1. 1. 1. 1. 1. 1. 1. 1.
  1. 1.]
 [0. 1. 1. 1. 1. 1. 1. 0. 1. 1. 1. 0. 1. 1. 1. 0. 1. 0. 1. 1. 1. 1. 1. 0.
  1. 1. 1. 1. 0. 1. 0. 1. 1. 0. 0. 1. 1. 1. 1. 1. 1. 1. 1. 1. 0. 1. 0. 1.
  1. 1.]
 [1. 1. 1. 0. 0. 1. 0. 1. 0. 0. 1. 1. 1. 1. 1. 1. 1. 0. 1. 1. 0. 1. 1. 0.
  1. 1. 1. 0. 1. 0. 0. 1. 1. 0. 1. 1. 1. 0. 0. 1. 1. 1. 1. 0. 1. 1. 0. 1.
  1. 1.]
 [0. 1. 1. 1. 1. 1. 1. 1. 0. 0. 1. 1. 1. 1. 1. 1. 1. 0. 1. 0. 1. 1. 1. 0.
  1. 1. 1. 1. 1. 1. 1. 0. 0. 1. 0. 1. 1. 0. 1. 1. 1. 1. 1. 1. 1. 1. 0. 0.
  0. 1.]
 [1. 1. 1. 1. 0. 0. 1. 1. 1. 1. 0. 1. 1. 0. 0. 1. 1. 0. 0. 1. 0. 0. 1. 1.
  0. 1. 0. 0. 1. 1. 1. 1. 1. 1. 1. 1. 1. 0. 1. 1. 1. 1. 1. 1. 1. 1. 1. 1.
  1. 1.]
 [1. 1. 1. 1. 1. 1. 0. 0. 1. 1. 1. 0. 1. 1. 1. 1. 0. 1. 1. 1. 0. 1. 1. 1.
  1. 0. 1. 1. 1. 1. 1. 1. 1. 1. 0. 0. 1. 1. 1. 0. 1. 1. 1. 1. 0. 1. 0. 1.
  1. 1.]
 [0. 1. 1. 0. 1. 1. 1. 1. 1. 1. 1. 1. 0. 1. 1. 1. 1. 0. 1. 1. 1. 1. 1. 1.
  1. 1. 0. 1. 1. 1. 0. 1. 1. 1. 1. 0. 1. 1. 1. 1. 1. 1. 1. 1. 1. 1. 1. 0.
  1. 1.]
 [1. 1. 0. 1. 1. 0. 1. 1. 1. 1. 0. 1. 1. 0. 0. 1. 0. 1. 1. 0. 1. 0. 1. 1.
  1. 1. 0. 1. 1. 1. 0. 1. 1. 1. 1. 1. 1. 0. 0. 1. 1. 1. 1. 1. 0. 1. 1. 1.
  1. 0.]
 [1. 0. 1. 0. 1. 1. 1. 1. 1. 1. 0. 1. 1. 0. 0. 1. 1. 1. 0. 1. 1. 1. 1. 0.
  1. 1. 1. 1. 1. 1. 1. 1. 1. 1. 1. 1. 0. 1. 1. 0. 0. 1. 0. 1. 1. 1. 0. 1.
  1. 1.]
 [1. 1. 0. 1. 1. 1. 1. 0. 1. 1. 1. 1. 1. 1. 1. 0. 1. 0. 1. 1. 1. 0. 1. 0.
  0. 1. 1. 1. 1. 1. 1. 1. 1. 0. 1. 1. 1. 0. 0. 1. 1. 1. 1. 1. 1. 1. 1. 1.
  1. 1.]
 [1. 1. 0. 1. 0. 1. 1. 1. 1. 1. 1. 0. 1. 0. 1. 1. 0. 1. 1. 1. 0. 0. 1. 1.
  1. 1. 0. 1. 1. 0. 1. 0. 1. 1. 0. 1. 0. 1. 1. 1. 1. 1. 0. 1. 0. 1. 1. 1.
  0. 1.]
 [1. 1. 1. 1. 1. 1. 1. 0. 0. 0. 0. 1. 0. 1. 1. 0. 1. 0. 1. 1. 1. 0. 1. 1.
  1. 1. 1. 1. 1. 0. 1. 1. 1. 1. 1. 1. 1. 1. 0. 1. 1. 1. 1. 1. 1. 1. 1. 1.
  1. 1.]
 [1. 1. 1. 0. 1. 1. 1. 1. 1. 1. 0. 1. 1. 1. 0. 1. 1. 1. 0. 1. 1. 1. 1. 1.
  1. 1. 1. 1. 1. 1. 0. 1. 1. 1. 0. 0. 0. 1. 1. 1. 0. 1. 1. 0. 1. 1. 1. 0.
  0. 1.]
 [1. 1. 1. 0. 1. 1. 1. 1. 1. 0. 1. 1. 1. 0. 1. 1. 1. 1. 1. 0. 1. 1. 1. 0.
  1. 1. 1. 1. 1. 1. 1. 1. 1. 0. 1. 1. 1. 1. 0. 1. 1. 0. 1. 1. 1. 0. 1. 1.
  1. 0.]
 [1. 1. 1. 0. 1. 1. 1. 1. 0. 1. 0. 0. 1. 1. 1. 1. 0. 1. 1. 1. 0. 0. 0. 0.
  0. 0. 0. 0. 0. 0. 0. 0. 0. 0. 0. 0. 0. 0. 0. 0. 0. 0. 0. 0. 0. 0. 0. 0.
  0. 0.]
 [1. 1. 0. 1. 0. 1. 1. 1. 1. 1. 0. 1. 1. 0. 1. 0. 0. 0. 1. 1. 0. 0. 0. 0.
  0. 0. 0. 0. 0. 0. 0. 0. 0. 0. 0. 0. 0. 0. 0. 0. 0. 0. 0. 0. 0. 0. 0. 0.
  0. 0.]
 [1. 1. 1. 0. 1. 1. 1. 1. 1. 1. 1. 1. 1. 1. 1. 1. 1. 1. 1. 1. 0. 0. 0. 0.
  0. 0. 0. 0. 0. 0. 0. 0. 0. 0. 0. 0. 0. 0. 0. 0. 0. 0. 0. 0. 0. 0. 0. 0.
  0. 0.]
 [1. 1. 0. 1. 1. 1. 0. 0. 0. 0. 1. 1. 1. 1. 0. 0. 1. 1. 1. 0. 0. 0. 0. 0.
  0. 0. 0. 0. 0. 0. 0. 0. 0. 0. 0. 0. 0. 0. 0. 0. 0. 0. 0. 0. 0. 0. 0. 0.
  0. 0.]
 [1. 1. 1. 1. 1. 1. 1. 1. 1. 1. 0. 1. 1. 1. 1. 0. 1. 1. 1. 1. 0. 0. 0. 0.
  0. 0. 0. 0. 0. 0. 0. 0. 0. 0. 0. 0. 0. 0. 0. 0. 0. 0. 0. 0. 0. 0. 0. 0.
  0. 0.]
 [1. 0. 1. 1. 1. 0. 0. 1. 1. 1. 1. 0. 1. 1. 1. 1. 1. 1. 1. 1. 0. 0. 0. 0.
  0. 0. 0. 0. 0. 0. 0. 0. 0. 0. 0. 0. 0. 0. 0. 0. 0. 0. 0. 0. 0. 0. 0. 0.
  0. 0.]
 [1. 1. 1. 1. 1. 1. 1. 1. 1. 1. 0. 1. 0. 0. 1. 1. 0. 1. 1. 1. 0. 0. 0. 0.
  0. 0. 0. 0. 0. 0. 0. 0. 0. 0. 0. 0. 0. 0. 0. 0. 0. 0. 0. 0. 0. 0. 0. 0.
  0. 0.]
 [1. 1. 0. 1. 1. 1. 0. 1. 0. 1. 0. 1. 1. 1. 1. 1. 1. 1. 1. 1. 0. 0. 0. 0.
  0. 0. 0. 0. 0. 0. 0. 0. 0. 0. 0. 0. 0. 0. 0. 0. 0. 0. 0. 0. 0. 0. 0. 0.
  0. 0.]
 [0. 1. 1. 1. 1. 0. 1. 0. 1. 1. 1. 1. 1. 1. 1. 1. 1. 1. 1. 1. 0. 0. 0. 0.
  0. 0. 0. 0. 0. 0. 0. 0. 0. 0. 0. 0. 0. 0. 0. 0. 0. 0. 0. 0. 0. 0. 0. 0.
  0. 0.]
 [0. 0. 0. 0. 1. 1. 1. 1. 0. 1. 1. 1. 1. 1. 1. 1. 0. 0. 1. 1. 0. 0. 0. 0.
  0. 0. 0. 0. 0. 0. 0. 0. 0. 0. 0. 0. 0. 0. 0. 0. 0. 0. 0. 0. 0. 0. 0. 0.
  0. 0.]
 [1. 1. 1. 1. 1. 0. 0. 0. 0. 1. 1. 1. 0. 0. 1. 1. 1. 1. 0. 1. 0. 0. 0. 0.
  0. 0. 0. 0. 0. 0. 0. 0. 0. 0. 0. 0. 0. 0. 0. 0. 0. 0. 0. 0. 0. 0. 0. 0.
  0. 0.]
 [1. 0. 0. 1. 1. 0. 1. 1. 1. 0. 1. 1. 1. 1. 1. 1. 0. 1. 1. 1. 0. 0. 0. 0.
  0. 0. 0. 0. 0. 0. 0. 0. 0. 0. 0. 0. 0. 0. 0. 0. 0. 0. 0. 0. 0. 0. 0. 0.
  0. 0.]
 [1. 1. 0. 1. 1. 1. 0. 1. 1. 0. 1. 1. 1. 1. 1. 1. 1. 1. 1. 1. 0. 0. 0. 0.
  0. 0. 0. 0. 0. 0. 0. 0. 0. 0. 0. 0. 0. 0. 0. 0. 0. 0. 0. 0. 0. 0. 0. 0.
  0. 0.]
 [1. 0. 0. 1. 1. 1. 1. 0. 0. 1. 1. 1. 1. 1. 1. 0. 1. 1. 1. 0. 0. 0. 0. 0.
  0. 0. 0. 0. 0. 0. 0. 0. 0. 0. 0. 0. 0. 0. 0. 0. 0. 0. 0. 0. 0. 0. 0. 0.
  0. 0.]
 [1. 1. 0. 1. 1. 0. 1. 0. 1. 0. 1. 0. 1. 1. 1. 1. 0. 1. 0. 1. 0. 0. 0. 0.
  0. 0. 0. 0. 0. 0. 0. 0. 0. 0. 0. 0. 0. 0. 0. 0. 0. 0. 0. 0. 0. 0. 0. 0.
  0. 0.]
 [1. 1. 0. 1. 1. 1. 0. 1. 1. 1. 1. 0. 0. 1. 1. 1. 1. 1. 0. 1. 0. 0. 0. 0.
  0. 0. 0. 0. 0. 0. 0. 0. 0. 0. 0. 0. 0. 0. 0. 0. 0. 0. 0. 0. 0. 0. 0. 0.
  0. 0.]
 [1. 1. 1. 0. 1. 1. 1. 1. 1. 1. 1. 1. 1. 1. 0. 1. 0. 1. 0. 1. 0. 0. 0. 0.
  0. 0. 0. 0. 0. 0. 0. 0. 0. 0. 0. 0. 0. 0. 0. 0. 0. 0. 0. 0. 0. 0. 0. 0.
  0. 0.]
 [1. 1. 1. 0. 0. 1. 1. 1. 0. 0. 0. 1. 1. 0. 1. 0. 1. 1. 1. 1. 0. 0. 0. 0.
  0. 0. 0. 0. 0. 0. 0. 0. 0. 0. 0. 0. 0. 0. 0. 0. 0. 0. 0. 0. 0. 0. 0. 0.
  0. 0.]
 [1. 1. 0. 1. 1. 1. 0. 1. 0. 1. 1. 1. 1. 0. 1. 0. 1. 0. 1. 0. 0. 0. 0. 0.
  0. 0. 0. 0. 0. 0. 0. 0. 0. 0. 0. 0. 0. 0. 0. 0. 0. 0. 0. 0. 0. 0. 0. 0.
  0. 0.]
 [1. 0. 0. 1. 1. 1. 1. 1. 1. 1. 1. 0. 1. 1. 0. 1. 1. 1. 1. 1. 0. 0. 0. 0.
  0. 0. 0. 0. 0. 0. 0. 0. 0. 0. 0. 0. 0. 0. 0. 0. 0. 0. 0. 0. 0. 0. 0. 0.
  0. 0.]
 [0. 1. 0. 1. 1. 1. 1. 1. 1. 1. 1. 1. 1. 1. 0. 1. 1. 1. 0. 1. 0. 0. 0. 0.
  0. 0. 0. 0. 0. 0. 0. 0. 0. 0. 0. 0. 0. 0. 0. 0. 0. 0. 0. 0. 0. 0. 0. 0.
  0. 0.]
 [0. 1. 1. 1. 0. 1. 1. 1. 1. 1. 1. 1. 1. 1. 1. 1. 1. 1. 1. 0. 0. 0. 0. 0.
  0. 0. 0. 0. 0. 0. 0. 0. 0. 0. 0. 0. 0. 0. 0. 0. 0. 0. 0. 0. 0. 0. 0. 0.
  0. 0.]
 [0. 1. 1. 1. 1. 1. 1. 1. 1. 1. 1. 1. 1. 1. 0. 1. 0. 1. 1. 1. 0. 0. 0. 0.
  0. 0. 0. 0. 0. 0. 0. 0. 0. 0. 0. 0. 0. 0. 0. 0. 0. 0. 0. 0. 0. 0. 0. 0.
  0. 0.]
 [1. 0. 1. 1. 1. 1. 1. 1. 0. 1. 1. 1. 1. 1. 1. 1. 1. 1. 0. 1. 0. 0. 0. 0.
  0. 0. 0. 0. 0. 0. 0. 0. 0. 0. 0. 0. 0. 0. 0. 0. 0. 0. 0. 0. 0. 0. 0. 0.
  0. 0.]
 [1. 1. 1. 1. 1. 0. 1. 0. 1. 1. 1. 0. 1. 0. 1. 1. 0. 1. 1. 1. 0. 0. 0. 0.
  0. 0. 0. 0. 0. 0. 0. 0. 0. 0. 0. 0. 0. 0. 0. 0. 0. 0. 0. 0. 0. 0. 0. 0.
  0. 0.]
 [1. 1. 1. 0. 1. 0. 1. 1. 1. 1. 1. 1. 1. 1. 1. 1. 1. 1. 1. 0. 0. 0. 0. 0.
  0. 0. 0. 0. 0. 0. 0. 0. 0. 0. 0. 0. 0. 0. 0. 0. 0. 0. 0. 0. 0. 0. 0. 0.
  0. 0.]
 [1. 1. 1. 1. 0. 1. 1. 0. 0. 0. 1. 0. 1. 1. 0. 1. 1. 1. 1. 1. 0. 0. 0. 0.
  0. 0. 0. 0. 0. 0. 0. 0. 0. 0. 0. 0. 0. 0. 0. 0. 0. 0. 0. 0. 0. 0. 0. 0.
  0. 0.]
 [1. 1. 1. 1. 1. 1. 1. 1. 1. 0. 1. 1. 0. 1. 1. 1. 1. 1. 0. 1. 0. 0. 0. 0.
  0. 0. 0. 0. 0. 0. 0. 0. 0. 0. 0. 0. 0. 0. 0. 0. 0. 0. 0. 0. 0. 0. 0. 0.
  0. 0.]
 [1. 0. 1. 1. 1. 1. 1. 1. 1. 0. 1. 1. 1. 1. 1. 1. 0. 1. 0. 1. 0. 0. 0. 0.
  0. 0. 0. 0. 0. 0. 0. 0. 0. 0. 0. 0. 0. 0. 0. 0. 0. 0. 0. 0. 0. 0. 0. 0.
  0. 0.]
 [1. 1. 1. 1. 1. 1. 1. 1. 1. 1. 1. 1. 1. 0. 1. 1. 1. 1. 1. 0. 0. 0. 0. 0.
  0. 0. 0. 0. 0. 0. 0. 0. 0. 0. 0. 0. 0. 0. 0. 0. 0. 0. 0. 0. 0. 0. 0. 0.
  0. 0.]]
start_times_array: [[39068.         39105.         39169.         39184.
  39236.         39307.         39345.         39398.
  39468.         39544.         39620.         39681.
  39691.         39742.         39801.         39813.
  39887.         39948.         40000.         40068.        ]
 [38156.         38243.         38314.         38346.
  38364.         38373.         38472.         38557.
  38651.         38692.         38693.         38711.
  38809.         38811.         38858.         38915.
  38959.         38984.         39032.         39044.        ]
 [37253.         37377.         37432.         37457.
  37481.         37524.         37588.         37628.
  37665.         37695.         37766.         37830.
  37843.         37876.         37902.         37944.
  38008.         38063.         38139.         38235.        ]
 [36307.         36338.         36360.         36398.
  36407.         36491.         36559.         36594.
  36688.         36767.         36846.         36886.
  36925.         36934.         36970.         37052.
  37091.         37124.         37167.         37303.        ]
 [35415.         35432.         35505.         35560.
  35590.         35618.         35653.         35725.
  35755.         35805.         35808.         35892.
  35964.         35968.         36041.         36095.
  36110.         36174.         36217.         36227.        ]
 [33596.         33651.         34371.         34435.
  34529.         34618.         34639.         34670.
  34752.         34806.         34822.         34830.
  34929.         34999.         35021.         35110.
  35175.         35231.         35323.         35338.        ]
 [33509.         33550.         33554.         33596.
  33677.         33759.         33815.         33894.
  33991.         34038.         34129.         34177.
  34263.         34291.         34371.         34460.
  34551.         34595.         34662.         34758.        ]
 [32757.         32784.         32880.         32923.
  32946.         32996.         33074.         33120.
  33133.         33187.         33207.         33244.
  33266.         33279.         33332.         33336.
  33389.         33396.         33449.         33505.        ]
 [31683.00026406 31711.00026406 31794.00026406 31946.
  32027.00026406 32142.         32153.         32169.
  32224.         32302.         32357.         32434.
  32466.         32493.         32539.         32556.
  32601.         32641.         32735.         32745.        ]
 [31162.         31267.         31348.         31433.
  31520.         31557.         31587.         31619.
  31629.         31701.         31800.         31823.
  31855.         31882.         31914.         31991.
  31997.         32057.         32171.         32250.        ]
 [30198.         30287.         30295.         30380.
  30429.         30483.         30496.         30528.
  30561.         30614.         30690.         30773.
  30848.         30877.         30956.         31021.
  31071.         31108.         31126.         31221.        ]
 [29242.         29293.         29298.         29304.
  29368.         29401.         29415.         29457.
  29469.         29561.         29629.         29723.
  29752.         29841.         29881.         29891.
  29934.         29942.         30024.         30112.        ]
 [28111.         28144.         28229.         28241.
  28297.         28358.         28364.         28441.
  28505.         28545.         28558.         28644.
  28682.         28771.         28869.         28911.
  29004.         29090.         29187.         29220.        ]
 [26314.         27222.         27267.         27366.
  27446.         27454.         27530.         27572.
  27586.         27667.         27752.         27840.
  27856.         27904.         27927.         27954.
  28003.         28045.         28050.         28118.        ]
 [26185.         26221.         26314.         26394.
  26428.         26458.         26511.         26602.
  26604.         26693.         26724.         26785.
  26820.         26889.         26917.         26933.
  27003.         27091.         27092.         27189.        ]
 [25245.         25293.         25314.         25378.
  25428.         25507.         25533.         25553.
  25564.         25580.         25583.         25644.
  25673.         25770.         25836.         25934.
  25985.         26039.         26089.         26281.        ]
 [24175.         24236.         24252.         24282.
  24312.         24408.         24443.         24463.
  24526.         24587.         24602.         24647.
  24710.         24776.         24837.         24907.
  24982.         25071.         25168.         25185.        ]
 [23295.         23427.         23468.         23477.
  23485.         23511.         23580.         23635.
  23665.         23672.         23699.         23758.
  23791.         23809.         23886.         23943.
  24033.         24057.         24098.         24104.        ]
 [22529.         22590.         22617.         22663.
  22693.         22739.         22754.         22778.
  22877.         22921.         22922.         22938.
  22949.         22964.         23002.         23056.
  23069.         23142.         23210.         23373.        ]
 [21482.         21496.         21529.         21594.
  21691.         21765.         21820.         21838.
  21914.         21988.         22058.         22136.
  22151.         22191.         22213.         22269.
  22337.         22368.         22421.         22440.        ]
 [20223.         20284.         20381.         20473.
  20537.         20626.         20677.         20745.
  20828.         20849.         20854.         20859.
  20944.         21011.         21105.         21202.
  21273.         21312.         21370.         21400.        ]
 [19278.         19360.         19380.         19462.
  19687.         19758.         19849.         19910.
  19929.         19996.         20074.         20127.
  20183.         20223.         20274.         20320.
  20415.         20473.         20485.         20587.        ]
 [18806.         18903.         18993.         19027.
  19126.         19154.         19238.         19303.
  19360.         19389.         19476.         19489.
  19512.         19563.         19651.         19687.
  19694.         19728.         19790.         20285.        ]
 [18044.00020998 18263.00020998 18384.         18475.
  18505.         18574.         18576.         18672.
  18693.         18774.         18806.         18885.
  18931.         19023.         19111.         19114.
  19134.         19187.         19455.         20445.        ]
 [17607.00020998 17628.         17652.         17702.
  17728.         17795.         17859.         17893.
  17966.         17995.         18051.         18058.
  18128.         18182.         18229.         18311.
  18341.         18358.         18450.         18452.        ]
 [16994.         17035.         17114.         17186.
  17274.         17275.         17339.         17438.
  17470.         17525.         17605.         17633.
  17720.         17785.         17821.         17893.
  17898.         17911.         17967.         18380.        ]
 [15606.         15763.         15848.         16431.
  16495.         16555.         16636.         16680.
  16723.         16732.         16736.         16797.
  16821.         16883.         16939.         16956.
  16965.         17294.         17563.         17626.        ]
 [15322.         15386.         15454.         15548.
  15594.         15610.         15620.         15701.
  15720.         15811.         15886.         15981.
  16002.         16052.         16134.         16136.
  16209.         16264.         16357.         16396.        ]
 [14229.         14298.         14819.         15147.
  15198.         15226.         15302.         15303.
  15306.         15312.         15386.         15397.
  15456.         15547.         15557.         15592.
  15701.         15728.         16024.         16299.        ]
 [14063.         14104.         14149.         14202.
  14215.         14307.         14363.         14405.
  14453.         14520.         14617.         14697.
  14754.         14834.         14844.         14934.
  14960.         15028.         15063.         15501.        ]
 [13282.         13325.         13393.         13421.
  13497.         13529.         13549.         13638.
  13666.         13712.         13729.         13770.
  13802.         13839.         13871.         13919.
  13966.         13998.         14000.         14026.        ]
 [11540.         11623.         12271.         12359.
  12383.         12452.         12532.         12625.
  12679.         12769.         12784.         12847.
  12918.         13002.         13080.         13142.
  13226.         13385.         13467.         13719.        ]
 [ 9841.         11443.         11777.         11852.
  11875.         11968.         12016.         12027.
  12045.         12134.         12230.         12300.
  12399.         12451.         12521.         12544.
  12629.         12681.         12762.         12779.        ]
 [ 9279.         11060.         11115.         11163.
  11248.         11265.         11344.         11417.
  11436.         11458.         11495.         11507.
  11526.         11535.         11540.         11544.
  11629.         11717.         11763.         11773.        ]
 [10166.         10364.         10400.         10490.
  10553.         10601.         10605.         10620.
  10635.         10650.         10689.         10762.
  10851.         10909.         10989.         11060.
  11114.         11139.         11472.         11556.        ]
 [ 8674.          9556.          9604.          9692.
   9763.         10106.         10131.         10164.
  10252.         10314.         10365.         10414.
  10490.         10512.         10559.         10622.
  10683.         10699.         10709.         11092.        ]
 [ 7282.          8995.          9036.          9318.
   9366.          9448.          9500.          9546.
   9613.          9676.          9692.          9716.
   9748.          9836.          9910.          9923.
   9947.         10029.         10057.         10636.        ]
 [ 8316.          8372.          8604.          8958.
   9051.          9073.          9135.          9185.
   9187.          9202.          9301.          9321.
   9366.          9372.          9453.          9466.
   9517.          9529.          9602.          9657.        ]
 [ 7200.          8268.          8280.          8372.
   8395.          8494.          8505.          8604.
   8692.          8714.          8732.          8761.
   8814.          8870.          8926.          8969.
   9022.          9032.          9141.          9360.        ]
 [ 7246.          7295.          7519.          7544.
   7584.          7604.          7614.          7710.
   7718.          7766.          7857.          7945.
   7975.          8065.          8118.          8143.
   8175.          8218.          8487.          8490.        ]
 [ 5750.          5840.          5882.          5902.
   6856.          6917.          7006.          7008.
   7065.          7091.          7168.          7200.
   7241.          7330.          7375.          7430.
   7467.          7533.          7548.          7549.        ]
 [ 5513.          6494.          6533.          6559.
   6644.          6705.          6759.          6786.
   6811.          6842.          6889.          6943.
   6959.          7036.          7065.          7136.
   7160.          7246.          7314.          7390.        ]
 [ 3175.          4826.00021003  5338.00021003  5357.00021003
   5632.          5693.          5764.          5840.
   5892.          5910.          5937.          6034.
   6108.          6124.          6134.          6206.
   6267.          6315.          6411.          6494.        ]
 [ 3161.          4533.          4556.          4637.
   4690.          4773.          4866.          4952.
   4997.          5068.          5077.          5171.
   5262.          5352.          5386.          5461.
   5462.          5535.          5618.          5834.        ]
 [ 3366.          3384.          3832.          3854.
   3887.          3896.          3953.          3995.
   3996.          4005.          4050.          4070.
   4094.          4162.          4248.          4307.
   4397.          4453.          4494.          5025.        ]
 [ 2856.          3049.          3116.          3161.
   3179.          3248.          3274.          3312.
   3313.          3384.          3448.          3477.
   3554.          3604.          3627.          3651.
   3718.          3798.          3953.          4049.        ]
 [ 2194.          2233.          2278.          2338.
   2403.          2470.          2561.          2660.
   2756.          2759.          2770.          2771.
   2785.          2879.          2888.          2901.
   2983.          2991.          3319.00021004  3722.        ]
 [ 1233.          1351.          1401.          1456.
   1510.          1556.          1608.          1652.
   1655.          1726.          1806.          1813.
   1879.          1904.          1909.          1953.
   1997.          2073.          2156.          2897.        ]
 [  456.           525.           557.           604.
    665.           736.           775.           831.
    900.           932.           992.          1014.
   1082.          1100.          1109.          1185.
   1229.          1268.          1290.          1306.        ]
 [    0.            48.           140.           202.
    250.           343.           370.           450.
    498.           583.           645.           669.
    736.           824.           853.           858.
    861.           938.           992.          1246.        ]]
