optimal_status: 0
solution: 5075.0
cpu_time: 3600.0871200561523
gap: 0.7824795610028522
upper_bound: 1103.9162279105246
lower_bound: 5075.0
cg_matrix: [[0. 0. 0. 0. 1. 1. 1. 0. 1. 1. 1. 0. 1. 0. 0. 0. 0. 0. 0. 1.]
 [0. 0. 0. 0. 0. 1. 0. 1. 1. 1. 0. 0. 0. 0. 1. 1. 1. 1. 0. 0.]
 [0. 0. 0. 0. 0. 1. 0. 1. 1. 1. 0. 0. 0. 1. 0. 0. 1. 1. 0. 1.]
 [0. 0. 0. 0. 0. 0. 1. 1. 0. 0. 0. 1. 0. 1. 1. 1. 0. 1. 1. 0.]
 [1. 0. 0. 0. 0. 1. 1. 0. 0. 0. 1. 1. 0. 1. 0. 1. 0. 1. 0. 0.]
 [1. 1. 1. 0. 1. 0. 0. 1. 0. 0. 1. 0. 0. 0. 1. 1. 1. 0. 1. 1.]
 [1. 0. 0. 1. 1. 0. 0. 0. 1. 0. 0. 0. 0. 1. 0. 0. 0. 0. 1. 1.]
 [0. 1. 1. 1. 0. 1. 0. 0. 1. 1. 1. 1. 0. 0. 1. 1. 0. 0. 0. 0.]
 [1. 1. 1. 0. 0. 0. 1. 1. 0. 1. 1. 1. 1. 0. 0. 1. 1. 0. 1. 0.]
 [1. 1. 1. 0. 0. 0. 0. 1. 1. 0. 1. 0. 0. 1. 1. 1. 1. 0. 1. 1.]
 [1. 0. 0. 0. 1. 1. 0. 1. 1. 1. 0. 0. 0. 1. 0. 0. 0. 0. 0. 0.]
 [0. 0. 0. 1. 1. 0. 0. 1. 1. 0. 0. 0. 1. 0. 1. 0. 0. 1. 0. 1.]
 [1. 0. 0. 0. 0. 0. 0. 0. 1. 0. 0. 1. 0. 0. 0. 1. 0. 0. 1. 0.]
 [0. 0. 1. 1. 1. 0. 1. 0. 0. 1. 1. 0. 0. 0. 1. 0. 1. 0. 1. 0.]
 [0. 1. 0. 1. 0. 1. 0. 1. 0. 1. 0. 1. 0. 1. 0. 0. 0. 1. 1. 0.]
 [0. 1. 0. 1. 1. 1. 0. 1. 1. 1. 0. 0. 1. 0. 0. 0. 0. 0. 0. 0.]
 [0. 1. 1. 0. 0. 1. 0. 0. 1. 1. 0. 0. 0. 1. 0. 0. 0. 0. 0. 0.]
 [0. 1. 1. 1. 1. 0. 0. 0. 0. 0. 0. 1. 0. 0. 1. 0. 0. 0. 0. 0.]
 [0. 0. 0. 1. 0. 1. 1. 0. 1. 1. 0. 0. 1. 1. 1. 0. 0. 0. 0. 0.]
 [1. 0. 1. 0. 0. 1. 1. 0. 0. 1. 0. 1. 0. 0. 0. 0. 0. 0. 0. 0.]]
start_times_array: [[4.270e+02 5.110e+02 7.790e+02 1.717e+03 1.983e+03 2.337e+03 2.640e+03
  2.952e+03 3.068e+03 3.605e+03 4.135e+03 4.268e+03 4.437e+03 4.609e+03
  4.879e+03]
 [6.100e+01 3.580e+02 3.800e+02 5.250e+02 8.420e+02 1.178e+03 1.302e+03
  1.393e+03 1.475e+03 2.351e+03 3.605e+03 4.201e+03 4.531e+03 4.588e+03
  4.692e+03]
 [3.120e+02 3.850e+02 8.420e+02 8.900e+02 1.132e+03 1.181e+03 1.241e+03
  1.313e+03 1.973e+03 2.074e+03 2.373e+03 2.990e+03 3.493e+03 3.556e+03
  4.879e+03]
 [4.000e+00 7.900e+01 1.007e+03 1.101e+03 1.572e+03 1.647e+03 2.173e+03
  2.705e+03 2.858e+03 2.899e+03 2.990e+03 3.165e+03 3.237e+03 4.299e+03
  4.374e+03]
 [1.790e+02 1.920e+02 3.120e+02 3.850e+02 1.138e+03 1.572e+03 1.666e+03
  2.173e+03 2.479e+03 2.532e+03 2.652e+03 2.685e+03 2.982e+03 3.155e+03
  3.220e+03]
 [0.000e+00 6.990e+02 9.400e+02 2.113e+03 2.225e+03 2.746e+03 2.818e+03
  2.835e+03 3.434e+03 3.970e+03 4.058e+03 4.346e+03 4.780e+03 4.797e+03
  4.985e+03]
 [0.000e+00 2.300e+02 3.290e+02 6.990e+02 8.730e+02 1.043e+03 1.886e+03
  2.081e+03 2.385e+03 2.548e+03 2.765e+03 3.382e+03 3.471e+03 3.538e+03
  4.780e+03]
 [2.570e+02 4.270e+02 4.560e+02 6.000e+02 7.870e+02 1.256e+03 1.489e+03
  1.717e+03 3.064e+03 3.348e+03 3.684e+03 3.855e+03 3.915e+03 4.135e+03
  4.174e+03]
 [4.900e+01 6.260e+02 1.007e+03 1.635e+03 1.705e+03 1.806e+03 2.238e+03
  2.652e+03 2.848e+03 2.938e+03 3.277e+03 3.769e+03 3.878e+03 4.064e+03
  4.844e+03]
 [6.990e+02 9.400e+02 1.561e+03 2.148e+03 2.386e+03 2.746e+03 2.935e+03
  3.217e+03 3.434e+03 3.970e+03 4.346e+03 4.780e+03 4.814e+03 4.840e+03
  4.985e+03]
 [9.000e+01 8.500e+02 1.043e+03 1.205e+03 1.309e+03 1.327e+03 1.400e+03
  1.468e+03 1.886e+03 2.548e+03 2.899e+03 3.372e+03 3.493e+03 3.506e+03
  3.522e+03]
 [9.360e+02 1.054e+03 1.387e+03 1.973e+03 1.980e+03 2.043e+03 2.337e+03
  2.361e+03 2.407e+03 2.559e+03 2.906e+03 3.372e+03 3.970e+03 4.011e+03
  4.381e+03]
 [4.000e+00 6.100e+01 1.530e+02 6.990e+02 1.101e+03 1.886e+03 2.092e+03
  2.540e+03 2.982e+03 3.220e+03 4.296e+03 4.531e+03 4.577e+03 4.682e+03
  4.688e+03]
 [5.000e+00 5.030e+02 6.000e+02 6.980e+02 1.256e+03 1.409e+03 1.697e+03
  2.238e+03 3.277e+03 3.353e+03 4.064e+03 4.201e+03 4.477e+03 4.575e+03
  4.844e+03]
 [1.140e+02 1.870e+02 3.120e+02 3.260e+02 1.030e+03 1.313e+03 1.370e+03
  1.806e+03 1.902e+03 2.632e+03 2.958e+03 3.047e+03 3.506e+03 3.585e+03
  3.753e+03]
 [1.140e+02 1.306e+03 2.337e+03 2.559e+03 3.372e+03 3.493e+03 3.572e+03
  3.596e+03 3.797e+03 4.235e+03 4.437e+03 4.504e+03 4.879e+03 4.899e+03
  4.918e+03]
 [4.270e+02 1.043e+03 1.886e+03 1.950e+03 2.063e+03 2.337e+03 2.446e+03
  3.684e+03 3.797e+03 3.935e+03 4.155e+03 4.299e+03 4.437e+03 4.611e+03
  4.748e+03]
 [2.570e+02 6.000e+02 1.049e+03 1.489e+03 1.697e+03 1.713e+03 1.783e+03
  1.958e+03 2.113e+03 2.225e+03 2.765e+03 2.925e+03 3.684e+03 3.844e+03
  3.915e+03]
 [3.620e+02 4.540e+02 7.790e+02 7.870e+02 1.194e+03 1.482e+03 1.783e+03
  1.964e+03 2.361e+03 2.446e+03 3.068e+03 3.365e+03 3.605e+03 3.653e+03
  3.913e+03]
 [7.000e+01 7.900e+01 1.560e+02 5.690e+02 6.280e+02 1.256e+03 3.155e+03
  3.277e+03 3.314e+03 3.747e+03 3.855e+03 3.935e+03 4.180e+03 4.510e+03
  4.682e+03]]
