optimal_status: 0
solution: 3775.0
cpu_time: 3600.3603670597076
gap: 0.648989839525167
upper_bound: 1325.0633557924946
lower_bound: 3775.0
cg_matrix: [[0. 0. 0. 0. 0. 0. 0. 0. 0. 0. 0. 0. 0. 0. 0. 0. 0. 1. 0. 0. 0. 0. 0. 0.
  0. 0. 0. 0. 0. 0.]
 [0. 0. 0. 0. 0. 0. 1. 0. 0. 0. 0. 1. 1. 0. 0. 0. 1. 0. 1. 0. 0. 0. 1. 0.
  0. 1. 0. 0. 1. 1.]
 [0. 0. 0. 0. 1. 0. 0. 0. 0. 1. 0. 0. 0. 0. 0. 0. 0. 1. 1. 0. 0. 0. 0. 0.
  0. 0. 0. 0. 0. 0.]
 [0. 0. 0. 0. 0. 0. 0. 1. 1. 0. 0. 0. 0. 1. 0. 0. 0. 0. 0. 0. 1. 1. 1. 0.
  0. 0. 0. 0. 0. 1.]
 [0. 0. 1. 0. 0. 0. 0. 0. 1. 0. 1. 0. 0. 0. 0. 0. 0. 1. 0. 0. 0. 0. 0. 0.
  0. 0. 0. 0. 0. 0.]
 [0. 0. 0. 0. 0. 0. 0. 0. 0. 1. 0. 0. 0. 1. 0. 0. 0. 0. 0. 1. 0. 0. 0. 1.
  0. 0. 0. 0. 1. 0.]
 [0. 1. 0. 0. 0. 0. 0. 0. 0. 0. 1. 1. 1. 0. 0. 0. 0. 0. 0. 0. 0. 0. 0. 0.
  0. 0. 0. 0. 0. 0.]
 [0. 0. 0. 1. 0. 0. 0. 0. 0. 1. 0. 0. 0. 0. 0. 0. 1. 0. 0. 0. 0. 0. 0. 0.
  0. 0. 1. 0. 0. 0.]
 [0. 0. 0. 1. 1. 0. 0. 0. 0. 0. 0. 0. 0. 0. 0. 0. 0. 0. 1. 0. 0. 0. 0. 0.
  0. 0. 0. 0. 1. 0.]
 [0. 0. 1. 0. 0. 1. 0. 1. 0. 0. 1. 0. 0. 0. 0. 0. 0. 1. 0. 0. 0. 0. 0. 0.
  0. 0. 0. 1. 1. 0.]
 [0. 0. 0. 0. 1. 0. 1. 0. 0. 1. 0. 0. 0. 0. 0. 0. 0. 1. 0. 0. 1. 0. 0. 0.
  0. 0. 0. 0. 0. 1.]
 [0. 1. 0. 0. 0. 0. 1. 0. 0. 0. 0. 0. 0. 0. 0. 0. 0. 0. 0. 1. 1. 0. 1. 0.
  0. 0. 1. 0. 0. 0.]
 [0. 1. 0. 0. 0. 0. 1. 0. 0. 0. 0. 0. 0. 0. 0. 1. 0. 0. 1. 0. 0. 0. 0. 0.
  0. 0. 0. 0. 0. 0.]
 [0. 0. 0. 1. 0. 1. 0. 0. 0. 0. 0. 0. 0. 0. 1. 1. 0. 0. 0. 0. 0. 0. 0. 1.
  0. 0. 0. 0. 0. 0.]
 [0. 0. 0. 0. 0. 0. 0. 0. 0. 0. 0. 0. 0. 1. 0. 0. 1. 1. 0. 0. 0. 0. 0. 1.
  0. 0. 0. 0. 1. 0.]
 [0. 0. 0. 0. 0. 0. 0. 0. 0. 0. 0. 0. 1. 1. 0. 0. 0. 0. 0. 0. 0. 0. 0. 0.
  0. 0. 0. 0. 0. 0.]
 [0. 1. 0. 0. 0. 0. 0. 1. 0. 0. 0. 0. 0. 0. 1. 0. 0. 0. 0. 0. 0. 0. 0. 0.
  0. 0. 0. 0. 0. 0.]
 [1. 0. 1. 0. 1. 0. 0. 0. 0. 1. 1. 0. 0. 0. 1. 0. 0. 0. 0. 0. 0. 0. 0. 0.
  0. 0. 0. 0. 0. 0.]
 [0. 1. 1. 0. 0. 0. 0. 0. 1. 0. 0. 0. 1. 0. 0. 0. 0. 0. 0. 0. 0. 0. 0. 0.
  0. 0. 0. 0. 0. 0.]
 [0. 0. 0. 0. 0. 1. 0. 0. 0. 0. 0. 1. 0. 0. 0. 0. 0. 0. 0. 0. 0. 0. 0. 0.
  0. 0. 0. 0. 0. 0.]
 [0. 0. 0. 1. 0. 0. 0. 0. 0. 0. 1. 1. 0. 0. 0. 0. 0. 0. 0. 0. 0. 0. 0. 0.
  0. 0. 0. 0. 0. 0.]
 [0. 0. 0. 1. 0. 0. 0. 0. 0. 0. 0. 0. 0. 0. 0. 0. 0. 0. 0. 0. 0. 0. 0. 0.
  0. 0. 0. 0. 0. 0.]
 [0. 1. 0. 1. 0. 0. 0. 0. 0. 0. 0. 1. 0. 0. 0. 0. 0. 0. 0. 0. 0. 0. 0. 0.
  0. 0. 0. 0. 0. 0.]
 [0. 0. 0. 0. 0. 1. 0. 0. 0. 0. 0. 0. 0. 1. 1. 0. 0. 0. 0. 0. 0. 0. 0. 0.
  0. 0. 0. 0. 0. 0.]
 [0. 0. 0. 0. 0. 0. 0. 0. 0. 0. 0. 0. 0. 0. 0. 0. 0. 0. 0. 0. 0. 0. 0. 0.
  0. 0. 0. 0. 0. 0.]
 [0. 1. 0. 0. 0. 0. 0. 0. 0. 0. 0. 0. 0. 0. 0. 0. 0. 0. 0. 0. 0. 0. 0. 0.
  0. 0. 0. 0. 0. 0.]
 [0. 0. 0. 0. 0. 0. 0. 1. 0. 0. 0. 1. 0. 0. 0. 0. 0. 0. 0. 0. 0. 0. 0. 0.
  0. 0. 0. 0. 0. 0.]
 [0. 0. 0. 0. 0. 0. 0. 0. 0. 1. 0. 0. 0. 0. 0. 0. 0. 0. 0. 0. 0. 0. 0. 0.
  0. 0. 0. 0. 0. 0.]
 [0. 1. 0. 0. 0. 1. 0. 0. 1. 1. 0. 0. 0. 0. 1. 0. 0. 0. 0. 0. 0. 0. 0. 0.
  0. 0. 0. 0. 0. 0.]
 [0. 1. 0. 1. 0. 0. 0. 0. 0. 0. 1. 0. 0. 0. 0. 0. 0. 0. 0. 0. 0. 0. 0. 0.
  0. 0. 0. 0. 0. 0.]]
start_times_array: [[0.000e+00 2.230e+02 8.560e+02 9.540e+02 1.529e+03 1.580e+03 1.887e+03
  2.062e+03 2.109e+03 2.360e+03 2.430e+03 2.791e+03 2.823e+03 2.902e+03
  3.218e+03]
 [0.000e+00 2.330e+02 4.100e+02 6.140e+02 7.320e+02 7.450e+02 8.020e+02
  1.225e+03 1.541e+03 1.654e+03 2.595e+03 2.933e+03 3.178e+03 3.538e+03
  3.575e+03]
 [1.100e+01 5.610e+02 8.600e+02 1.218e+03 1.291e+03 1.375e+03 1.376e+03
  1.947e+03 1.972e+03 2.113e+03 2.115e+03 2.749e+03 2.777e+03 3.046e+03
  3.124e+03]
 [5.150e+02 6.100e+02 8.050e+02 1.028e+03 1.756e+03 1.803e+03 1.895e+03
  2.352e+03 2.708e+03 2.829e+03 2.878e+03 2.926e+03 3.276e+03 3.660e+03
  3.701e+03]
 [1.990e+02 4.070e+02 4.330e+02 7.330e+02 1.090e+03 1.565e+03 1.661e+03
  1.890e+03 1.962e+03 2.058e+03 2.440e+03 2.927e+03 2.992e+03 3.463e+03
  3.489e+03]
 [1.750e+02 5.200e+02 5.560e+02 5.740e+02 6.520e+02 9.150e+02 1.218e+03
  1.760e+03 2.338e+03 2.423e+03 2.766e+03 2.798e+03 3.154e+03 3.331e+03
  3.599e+03]
 [3.180e+02 4.130e+02 1.136e+03 1.288e+03 1.391e+03 1.579e+03 1.829e+03
  2.097e+03 2.277e+03 2.451e+03 2.879e+03 3.341e+03 3.428e+03 3.677e+03
  3.774e+03]
 [7.540e+02 1.288e+03 1.422e+03 1.559e+03 1.827e+03 1.924e+03 2.016e+03
  2.073e+03 2.253e+03 2.440e+03 2.618e+03 2.807e+03 2.992e+03 3.060e+03
  3.400e+03]
 [5.040e+02 9.320e+02 1.126e+03 1.225e+03 1.424e+03 1.502e+03 1.846e+03
  1.972e+03 2.113e+03 2.572e+03 2.777e+03 3.050e+03 3.124e+03 3.167e+03
  3.549e+03]
 [3.400e+02 4.150e+02 4.930e+02 1.099e+03 1.136e+03 1.468e+03 1.672e+03
  1.846e+03 2.036e+03 2.210e+03 2.286e+03 2.502e+03 2.573e+03 3.450e+03
  3.688e+03]
 [0.000e+00 4.700e+01 5.200e+02 8.560e+02 9.410e+02 9.520e+02 9.680e+02
  1.126e+03 1.952e+03 2.139e+03 2.173e+03 2.360e+03 2.829e+03 3.204e+03
  3.549e+03]
 [5.520e+02 1.443e+03 1.745e+03 1.813e+03 1.924e+03 2.007e+03 2.009e+03
  2.061e+03 2.139e+03 2.199e+03 2.352e+03 2.720e+03 2.826e+03 3.088e+03
  3.480e+03]
 [1.740e+02 2.270e+02 4.280e+02 4.930e+02 5.610e+02 8.600e+02 9.260e+02
  9.730e+02 1.056e+03 1.457e+03 3.092e+03 3.252e+03 3.318e+03 3.450e+03
  3.640e+03]
 [6.100e+01 1.461e+03 1.526e+03 2.104e+03 2.246e+03 2.580e+03 2.690e+03
  2.791e+03 2.914e+03 2.992e+03 3.074e+03 3.079e+03 3.101e+03 3.116e+03
  3.293e+03]
 [2.000e+00 1.780e+02 3.560e+02 4.800e+02 5.560e+02 1.691e+03 2.219e+03
  2.363e+03 2.425e+03 2.769e+03 2.798e+03 2.933e+03 3.193e+03 3.374e+03
  3.394e+03]
 [6.140e+02 9.490e+02 1.136e+03 1.191e+03 1.361e+03 1.363e+03 1.580e+03
  1.618e+03 1.803e+03 1.895e+03 2.019e+03 2.258e+03 2.324e+03 3.180e+03
  3.223e+03]
 [1.370e+02 1.504e+03 1.748e+03 1.818e+03 1.824e+03 1.846e+03 1.851e+03
  2.036e+03 2.161e+03 2.286e+03 2.482e+03 2.573e+03 2.708e+03 2.827e+03
  2.900e+03]
 [7.600e+01 1.370e+02 1.570e+02 2.270e+02 2.490e+02 2.710e+02 6.350e+02
  8.140e+02 8.260e+02 9.920e+02 2.258e+03 2.338e+03 2.353e+03 2.632e+03
  2.683e+03]
 [7.100e+01 3.730e+02 3.760e+02 3.870e+02 6.590e+02 8.300e+02 1.745e+03
  2.274e+03 2.352e+03 2.409e+03 2.479e+03 2.829e+03 3.357e+03 3.677e+03
  3.731e+03]
 [0.000e+00 1.120e+02 7.330e+02 8.330e+02 8.670e+02 1.028e+03 1.043e+03
  1.052e+03 1.119e+03 1.286e+03 1.376e+03 1.876e+03 2.108e+03 2.878e+03
  3.640e+03]
 [5.500e+01 1.189e+03 1.291e+03 1.340e+03 1.368e+03 1.391e+03 1.422e+03
  1.541e+03 1.565e+03 1.827e+03 2.000e+03 2.302e+03 3.009e+03 3.280e+03
  3.356e+03]
 [8.500e+01 3.060e+02 3.080e+02 3.840e+02 4.430e+02 7.120e+02 9.000e+02
  9.930e+02 1.111e+03 1.175e+03 1.283e+03 1.300e+03 1.499e+03 1.672e+03
  3.219e+03]
 [7.100e+01 1.550e+02 2.110e+02 8.280e+02 8.670e+02 9.550e+02 9.930e+02
  1.136e+03 1.296e+03 2.253e+03 2.451e+03 2.482e+03 2.777e+03 3.309e+03
  3.409e+03]
 [0.000e+00 1.340e+02 2.490e+02 2.820e+02 4.110e+02 7.720e+02 1.011e+03
  1.110e+03 1.377e+03 2.012e+03 2.482e+03 2.649e+03 2.865e+03 2.902e+03
  2.975e+03]
 [8.800e+01 1.340e+02 1.670e+02 2.710e+02 3.400e+02 5.470e+02 1.125e+03
  1.368e+03 1.745e+03 1.746e+03 1.827e+03 2.180e+03 2.482e+03 2.837e+03
  2.939e+03]
 [1.500e+02 3.180e+02 4.040e+02 8.480e+02 9.530e+02 9.920e+02 1.110e+03
  1.299e+03 1.307e+03 1.324e+03 1.772e+03 1.813e+03 1.852e+03 1.873e+03
  2.769e+03]
 [0.000e+00 4.700e+01 1.370e+02 4.030e+02 5.000e+02 6.350e+02 8.600e+02
  9.090e+02 1.005e+03 1.144e+03 1.193e+03 1.217e+03 1.645e+03 1.688e+03
  1.722e+03]
 [9.900e+01 8.480e+02 9.300e+02 1.005e+03 1.605e+03 1.760e+03 1.823e+03
  1.923e+03 1.981e+03 1.985e+03 2.073e+03 2.346e+03 2.386e+03 3.122e+03
  3.219e+03]
 [7.100e+01 1.340e+02 7.150e+02 8.280e+02 8.420e+02 8.660e+02 1.028e+03
  1.328e+03 1.579e+03 1.980e+03 2.668e+03 2.846e+03 2.920e+03 3.252e+03
  3.640e+03]
 [1.370e+02 3.180e+02 4.260e+02 6.830e+02 1.319e+03 1.436e+03 1.967e+03
  2.064e+03 2.128e+03 2.160e+03 2.786e+03 2.992e+03 3.090e+03 3.122e+03
  3.401e+03]]
