optimal_status: 0
solution: 6293.0
cpu_time: 3600.265070915222
gap: 0.8314345647660153
upper_bound: 1060.7822839274659
lower_bound: 6293.0
cg_matrix: [[0. 1. 0. 1. 1. 1. 1. 1. 1. 1. 1. 1. 1. 1. 1.]
 [1. 0. 0. 0. 1. 0. 1. 0. 1. 0. 1. 1. 0. 0. 1.]
 [0. 0. 0. 0. 1. 1. 1. 1. 1. 1. 1. 1. 0. 1. 1.]
 [1. 0. 0. 0. 0. 1. 1. 1. 1. 1. 1. 1. 1. 0. 1.]
 [1. 1. 1. 0. 0. 1. 0. 1. 1. 0. 0. 1. 1. 1. 1.]
 [1. 0. 1. 1. 1. 0. 1. 1. 1. 1. 1. 1. 1. 0. 0.]
 [1. 1. 1. 1. 0. 1. 0. 1. 0. 1. 1. 1. 1. 1. 0.]
 [1. 0. 1. 1. 1. 1. 1. 0. 0. 1. 1. 1. 1. 1. 1.]
 [1. 1. 1. 1. 1. 1. 0. 0. 0. 1. 0. 1. 1. 0. 1.]
 [1. 0. 1. 1. 0. 1. 1. 1. 1. 0. 1. 1. 0. 1. 1.]
 [1. 1. 1. 1. 0. 1. 1. 1. 0. 1. 0. 0. 1. 1. 1.]
 [1. 1. 1. 1. 1. 1. 1. 1. 1. 1. 0. 0. 1. 1. 1.]
 [1. 0. 0. 1. 1. 1. 1. 1. 1. 0. 1. 1. 0. 1. 0.]
 [1. 0. 1. 0. 1. 0. 1. 1. 0. 1. 1. 1. 1. 0. 1.]
 [1. 1. 1. 1. 1. 0. 0. 1. 1. 1. 1. 1. 0. 1. 0.]]
start_times_array: [[ 471.          785.          836.         1422.         2018.
  2079.         2546.         2793.         3652.         4030.
  4949.         5183.         5881.         5951.         6091.        ]
 [ 201.          878.         1343.         1625.         1746.
  1871.         2169.         3003.         3244.         3328.
  3389.         4216.         4272.         4387.         5813.        ]
 [ 449.          879.87096795  886.87096795 2018.         3304.
  4030.         4222.         4957.         4993.         5657.
  5830.         5869.         5913.         5915.         6091.        ]
 [  57.          250.         1252.         1802.         1836.
  1855.         2374.         3296.         3337.         4222.
  4604.         5019.         5098.         5572.         6116.        ]
 [ 277.         1185.         1802.         1810.         1839.
  1952.         2125.         2150.         2418.         3855.
  4536.         4629.         4657.         4687.         5376.        ]
 [ 701.         1746.         2826.         3056.         3569.87096795
  3946.         4356.         4714.         4825.         4858.
  4873.         5059.         5753.         6207.         6262.        ]
 [ 550.         1161.         1537.         1554.         1938.
  2872.         2940.         3149.         3171.         3855.
  4318.         4840.         4847.         4927.         5439.        ]
 [ 115.          201.         1059.         1119.         1400.
  1453.         1874.         2289.         2341.         2489.
  3243.         3799.         4796.         5289.         5837.        ]
 [   9.          222.          353.          423.          543.
   611.         1031.         1461.         1994.         2289.
  2489.         2872.         2919.         3159.         5281.        ]
 [ 317.          667.          888.87096795 1336.         1630.87096795
  2169.         3003.         3725.         3902.         4209.
  4404.         4445.         4478.         4510.         5376.        ]
 [ 127.          189.          970.         1677.         1714.
  2125.         2148.         3473.         3679.         4115.
  4629.         4718.         5239.         6001.         6080.        ]
 [ 127.          970.         1677.         1720.         2634.
  2731.         3465.         3505.         4123.         4718.
  5239.         5536.         5544.         5742.         6004.87096794]
 [   0.          322.          344.          463.          615.
   669.          878.         1601.         2161.         2163.
  2226.         4396.         4494.         5427.         5665.        ]
 [   9.          222.          358.         2366.         3565.
  4298.         4714.         4858.         5019.         5101.
  5148.         5281.         5565.         6182.         6282.        ]
 [ 623.         1161.         1601.         1938.         3068.
  3102.         3435.         3946.         4010.         4014.
  4318.         5419.         5514.         5753.         6221.        ]]
