optimal_status: 0
solution: 5545.0
cpu_time: 3600.1893639564514
gap: 0.8005354239886161
upper_bound: 1106.0310739831236
lower_bound: 5545.0
cg_matrix: [[0. 1. 1. 1. 1. 1. 0. 0. 1. 1. 0. 1. 0. 1. 1. 1. 0. 0. 1. 1.]
 [1. 0. 0. 1. 1. 0. 1. 1. 1. 0. 1. 1. 1. 0. 1. 0. 0. 0. 0. 1.]
 [1. 0. 0. 1. 1. 0. 1. 1. 1. 1. 0. 0. 0. 0. 0. 1. 1. 0. 1. 0.]
 [1. 1. 1. 0. 1. 0. 0. 0. 0. 0. 1. 0. 0. 1. 0. 0. 1. 1. 0. 0.]
 [1. 1. 1. 1. 0. 1. 0. 0. 1. 0. 0. 1. 1. 0. 1. 0. 1. 0. 0. 1.]
 [1. 0. 0. 0. 1. 0. 1. 1. 1. 1. 0. 0. 0. 1. 0. 0. 1. 0. 0. 1.]
 [0. 1. 1. 0. 0. 1. 0. 0. 0. 1. 1. 1. 1. 0. 0. 1. 1. 0. 1. 1.]
 [0. 1. 1. 0. 0. 1. 0. 0. 1. 0. 1. 1. 0. 1. 0. 0. 1. 0. 0. 0.]
 [1. 1. 1. 0. 1. 1. 0. 1. 0. 0. 1. 0. 1. 0. 0. 0. 0. 0. 0. 0.]
 [1. 0. 1. 0. 0. 1. 1. 0. 0. 0. 0. 1. 0. 1. 0. 0. 1. 0. 1. 0.]
 [0. 1. 0. 1. 0. 0. 1. 1. 1. 0. 0. 1. 1. 1. 1. 1. 0. 1. 1. 1.]
 [1. 1. 0. 0. 1. 0. 1. 1. 0. 1. 1. 0. 1. 1. 1. 1. 0. 0. 0. 1.]
 [0. 1. 0. 0. 1. 0. 1. 0. 1. 0. 1. 1. 0. 1. 0. 1. 1. 1. 0. 0.]
 [1. 0. 0. 1. 0. 1. 0. 1. 0. 1. 1. 1. 1. 0. 0. 0. 1. 1. 0. 0.]
 [1. 1. 0. 0. 1. 0. 0. 0. 0. 0. 1. 1. 0. 0. 0. 1. 0. 0. 1. 0.]
 [1. 0. 1. 0. 0. 0. 1. 0. 0. 0. 1. 1. 1. 0. 1. 0. 0. 0. 0. 0.]
 [0. 0. 1. 1. 1. 1. 1. 1. 0. 1. 0. 0. 1. 1. 0. 0. 0. 0. 0. 0.]
 [0. 0. 0. 1. 0. 0. 0. 0. 0. 0. 1. 0. 1. 1. 0. 0. 0. 0. 0. 0.]
 [1. 0. 1. 0. 0. 0. 1. 0. 0. 1. 1. 0. 0. 0. 1. 0. 0. 0. 0. 0.]
 [1. 1. 0. 0. 1. 1. 1. 0. 0. 0. 1. 1. 0. 0. 0. 0. 0. 0. 0. 0.]]
start_times_array: [[ 382.  734.  792. 1699. 1865. 2388. 2424. 2436. 2703. 3279. 3374. 4277.
  4305. 4929. 5002.]
 [ 193.  234.  617.  990. 1747. 2977. 3122. 3930. 4135. 4149. 4417. 4813.
  5135. 5329. 5352.]
 [ 120.  466.  502.  617.  863.  955. 1174. 2322. 2923. 3122. 3871. 4021.
  4204. 4444. 5404.]
 [   0.  681. 1151. 1422. 1617. 2077. 2127. 2863. 3161. 3541. 3548. 3636.
  4095. 5254. 5495.]
 [  58.   71.   86.  103.  550. 1327. 2223. 2260. 3439. 3492. 3508. 3740.
  3801. 4862. 5192.]
 [   0.  863. 1151. 1747. 1811. 2081. 2243. 2466. 2510. 3122. 3871. 3963.
  4487. 4779. 5356.]
 [  54.   58.  550. 1336. 1918. 2388. 2418. 3013. 3080. 3439. 3470. 4378.
  4712. 4862. 4929.]
 [  54.  382. 1422. 1491. 1692. 1865. 1911. 2547. 3439. 3536. 3705. 4095.
  4712. 4862. 4927.]
 [ 222.  256.  346.  664.  943. 1612. 1964. 2153. 3560. 3857. 4542. 4613.
  4641. 5260. 5507.]
 [ 285. 1043. 1581. 2153. 2547. 2607. 3210. 3213. 3553. 3705. 5135. 5226.
  5260. 5286. 5495.]
 [ 734. 1246. 1517. 3279. 3311. 3784. 4055. 4064. 4277. 4960. 5018. 5192.
  5408. 5421. 5544.]
 [ 466.  943. 1151. 2074. 2483. 2790. 2839. 2863. 3633. 3857. 4021. 4575.
  4671. 4847. 5054.]
 [   0.   45.  823. 1422. 1841. 2546. 2624. 3126. 3145. 4040. 4247. 4496.
  4779. 5254. 5437.]
 [ 109.  537.  583.  716.  990. 1092. 1336. 2260. 2923. 2999. 3011. 4149.
  4378. 4476. 4542.]
 [ 120.  285.  664. 2021. 2053. 2322. 2466. 2607. 3013. 4204. 4378. 4410.
  4496. 4712. 4722.]
 [1015. 1612. 1725. 2081. 2162. 3705. 3930. 3954. 3963. 4095. 4137. 4417.
  5135. 5260. 5318.]
 [ 193. 1238. 1517. 1783. 2004. 2063. 2695. 3273. 3358. 3633. 4270. 4316.
  4672. 4960. 5329.]
 [  54. 1174. 1612. 1918. 2001. 2017. 2379. 2418. 2433. 2493. 3329. 4575.
  4847. 5054. 5125.]
 [ 193.  355.  912. 1725. 2072. 2243. 2483. 2790. 3161. 3879. 4575. 4813.
  5054. 5290. 5357.]
 [ 120.  285. 1065. 1421. 2004. 2017. 2153. 2312. 2923. 3210. 3553. 3705.
  4184. 5254. 5446.]]
