optimal_status: 0
solution: 2792.0
cpu_time: 3600.217122077942
gap: 0.5744985673352504
upper_bound: 1187.999999999981
lower_bound: 2792.0
cg_matrix: [[0. 0. 1. 0. 0. 0. 0. 0. 0. 0. 0. 0. 0. 0. 0.]
 [0. 0. 0. 0. 0. 1. 0. 0. 0. 1. 1. 1. 0. 0. 0.]
 [1. 0. 0. 1. 0. 0. 1. 1. 0. 1. 0. 0. 0. 0. 1.]
 [0. 0. 1. 0. 0. 1. 0. 0. 0. 1. 1. 0. 0. 0. 0.]
 [0. 0. 0. 0. 0. 1. 0. 0. 0. 0. 0. 1. 1. 1. 0.]
 [0. 1. 0. 1. 1. 0. 0. 1. 1. 0. 1. 0. 0. 0. 1.]
 [0. 0. 1. 0. 0. 0. 0. 1. 0. 0. 0. 1. 0. 0. 0.]
 [0. 0. 1. 0. 0. 1. 1. 0. 0. 1. 0. 1. 1. 0. 0.]
 [0. 0. 0. 0. 0. 1. 0. 0. 0. 1. 0. 0. 0. 0. 0.]
 [0. 1. 1. 1. 0. 0. 0. 1. 1. 0. 1. 0. 0. 1. 0.]
 [0. 1. 0. 1. 0. 1. 0. 0. 0. 1. 0. 0. 0. 0. 1.]
 [0. 1. 0. 0. 1. 0. 1. 1. 0. 0. 0. 0. 1. 0. 0.]
 [0. 0. 0. 0. 1. 0. 0. 1. 0. 0. 0. 1. 0. 1. 0.]
 [0. 0. 0. 0. 1. 0. 0. 0. 0. 1. 0. 0. 1. 0. 0.]
 [0. 0. 1. 0. 0. 1. 0. 0. 0. 0. 1. 0. 0. 0. 0.]]
start_times_array: [[ 335.  425.  485.  495.  795.  948. 1126. 1290. 1315. 1522. 1582. 1648.
  1944. 2538. 2596.]
 [ 109.  374.  549.  746. 1042. 1279. 1314. 1351. 1379. 2033. 2213. 2278.
  2289. 2527. 2609.]
 [   5.  172.  239.  635.  861. 1198. 1462. 1662. 1852. 1872. 2388. 2421.
  2500. 2669. 2709.]
 [ 159.  335.  352.  538.  742.  766. 1057. 1318. 1388. 1761. 2044. 2219.
  2559. 2621. 2628.]
 [  82.  314.  554.  617.  817.  998. 1075. 1318. 1377. 1402. 1728. 2029.
  2460. 2533. 2628.]
 [   0.  254.  442.  635.  732.  923. 1480. 1568. 1637. 1895. 1937. 2128.
  2312. 2647. 2730.]
 [  62.  470.  727.  944.  990. 1034. 1039. 1047. 1279. 1522. 1575. 1937.
  2121. 2183. 2318.]
 [ 112.  338.  538.  817. 1072. 1349. 1440. 1461. 1750. 2029. 2048. 2107.
  2268. 2410. 2538.]
 [ 349.  538.  584.  886. 1279. 1390. 1695. 1758. 1983. 2051. 2103. 2226.
  2400. 2491. 2515.]
 [   0.   39.   74.   95.  469.  535.  726.  944. 1135. 1522. 1586. 2119.
  2309. 2326. 2632.]
 [ 177.  212.  651.  782.  850. 1200. 1227. 1441. 1695. 1736. 1852. 1861.
  1983. 2388. 2429.]
 [  28.  178.  210.  245.  255.  402.  630.  650.  658. 1146. 1208. 1653.
  1685. 1695. 1846.]
 [   0.   51.  175.  481.  728.  931. 1039. 1273. 1473. 1554. 1562. 1606.
  1648. 2006. 2166.]
 [  28.  178.  284.  366.  630.  701.  794.  847.  854. 1209. 1813. 1873.
  1970. 2256. 2388.]
 [ 136.  344.  546.  584.  995. 1079. 1126. 1313. 1761. 2034. 2202. 2270.
  2550. 2572. 2602.]]
