optimal_status: 0
solution: 6459.0
cpu_time: 3600.186110973358
gap: 0.7210175302402491
upper_bound: 1801.9477721782316
lower_bound: 6459.0
cg_matrix: [[0. 0. 0. 0. 0. 0. 0. 0. 0. 0. 0. 0. 0. 0. 0. 0. 0. 0. 0. 0. 0. 1. 1. 1.
  0. 0. 0. 0. 0. 0. 0. 0. 0. 1. 0. 0. 0. 0. 1. 1. 0. 0. 0. 1. 0. 1. 0. 0.
  0. 0.]
 [0. 0. 1. 0. 0. 1. 0. 1. 0. 0. 0. 0. 1. 0. 1. 0. 1. 0. 1. 0. 0. 1. 0. 1.
  0. 0. 0. 0. 0. 0. 1. 0. 0. 0. 0. 0. 0. 0. 1. 0. 0. 0. 0. 0. 0. 0. 1. 0.
  1. 0.]
 [0. 1. 0. 0. 0. 0. 0. 0. 0. 0. 0. 0. 0. 0. 0. 1. 0. 0. 1. 0. 0. 0. 0. 1.
  0. 0. 0. 0. 0. 0. 0. 0. 0. 0. 0. 0. 0. 0. 0. 0. 0. 0. 0. 0. 0. 1. 0. 0.
  0. 0.]
 [0. 0. 0. 0. 0. 0. 0. 0. 0. 0. 0. 0. 0. 0. 0. 0. 0. 1. 1. 0. 0. 0. 0. 1.
  0. 1. 1. 1. 1. 1. 0. 0. 0. 0. 0. 0. 1. 0. 0. 0. 0. 0. 0. 0. 1. 1. 1. 0.
  1. 1.]
 [0. 0. 0. 0. 0. 1. 0. 0. 0. 0. 0. 0. 0. 0. 0. 1. 0. 0. 0. 0. 0. 0. 0. 0.
  0. 0. 0. 0. 1. 1. 1. 1. 0. 0. 1. 0. 0. 0. 0. 0. 1. 1. 1. 1. 0. 0. 0. 1.
  0. 1.]
 [0. 1. 0. 0. 1. 0. 0. 0. 0. 0. 0. 0. 1. 0. 0. 1. 0. 1. 1. 0. 1. 0. 0. 0.
  0. 0. 0. 1. 0. 0. 0. 0. 1. 0. 1. 0. 1. 0. 1. 0. 0. 0. 0. 0. 0. 0. 0. 0.
  0. 0.]
 [0. 0. 0. 0. 0. 0. 0. 1. 0. 0. 0. 0. 0. 0. 1. 0. 0. 0. 0. 0. 0. 0. 0. 0.
  1. 0. 0. 0. 0. 0. 0. 0. 0. 0. 0. 0. 0. 0. 0. 0. 0. 0. 0. 0. 0. 0. 0. 0.
  1. 0.]
 [0. 1. 0. 0. 0. 0. 1. 0. 0. 1. 0. 0. 0. 0. 0. 0. 1. 0. 0. 1. 0. 0. 0. 1.
  0. 0. 0. 0. 0. 0. 0. 0. 0. 0. 0. 0. 0. 0. 0. 0. 0. 1. 0. 1. 1. 0. 0. 1.
  0. 0.]
 [0. 0. 0. 0. 0. 0. 0. 0. 0. 0. 0. 0. 0. 0. 0. 0. 0. 0. 0. 0. 0. 0. 0. 0.
  1. 0. 0. 1. 0. 1. 0. 0. 0. 0. 0. 0. 0. 0. 0. 0. 1. 0. 0. 0. 0. 0. 1. 0.
  0. 0.]
 [0. 0. 0. 0. 0. 0. 0. 1. 0. 0. 1. 0. 0. 0. 0. 0. 0. 1. 0. 0. 0. 0. 0. 1.
  0. 0. 0. 0. 0. 0. 0. 0. 0. 0. 0. 1. 1. 1. 1. 0. 1. 1. 0. 0. 1. 0. 0. 1.
  0. 0.]
 [0. 0. 0. 0. 0. 0. 0. 0. 0. 1. 0. 0. 0. 1. 0. 1. 0. 0. 0. 0. 0. 1. 0. 0.
  1. 1. 0. 0. 0. 0. 0. 1. 0. 1. 0. 0. 0. 0. 0. 0. 0. 0. 0. 0. 0. 0. 0. 0.
  1. 1.]
 [0. 0. 0. 0. 0. 0. 0. 0. 0. 0. 0. 0. 0. 0. 0. 0. 0. 0. 0. 0. 0. 0. 0. 0.
  0. 1. 1. 0. 0. 0. 0. 0. 0. 0. 0. 1. 0. 0. 0. 0. 0. 1. 0. 1. 0. 1. 0. 1.
  0. 0.]
 [0. 1. 0. 0. 0. 1. 0. 0. 0. 0. 0. 0. 0. 0. 1. 1. 0. 0. 0. 0. 1. 0. 0. 0.
  0. 0. 0. 0. 0. 0. 0. 0. 0. 0. 1. 0. 0. 1. 0. 0. 0. 1. 0. 0. 0. 0. 0. 0.
  0. 0.]
 [0. 0. 0. 0. 0. 0. 0. 0. 0. 0. 1. 0. 0. 0. 1. 0. 0. 0. 0. 0. 0. 1. 1. 0.
  0. 0. 1. 1. 1. 0. 0. 0. 0. 0. 1. 0. 0. 0. 1. 0. 0. 0. 0. 0. 0. 0. 0. 0.
  1. 0.]
 [0. 1. 0. 0. 0. 0. 1. 0. 0. 0. 0. 0. 1. 1. 0. 1. 0. 0. 0. 1. 0. 1. 0. 0.
  0. 0. 0. 0. 0. 0. 0. 0. 0. 0. 1. 1. 0. 0. 1. 0. 0. 0. 0. 0. 0. 0. 1. 0.
  0. 1.]
 [0. 0. 1. 0. 1. 1. 0. 0. 0. 0. 1. 0. 1. 0. 1. 0. 0. 0. 0. 0. 0. 0. 0. 0.
  0. 0. 0. 0. 0. 0. 0. 0. 0. 0. 0. 0. 0. 0. 0. 0. 0. 0. 0. 0. 0. 0. 0. 0.
  0. 0.]
 [0. 1. 0. 0. 0. 0. 0. 1. 0. 0. 0. 0. 0. 0. 0. 0. 0. 0. 0. 0. 0. 0. 0. 0.
  0. 0. 0. 0. 0. 0. 0. 0. 0. 0. 0. 0. 0. 0. 0. 0. 0. 0. 0. 0. 0. 0. 0. 0.
  0. 0.]
 [0. 0. 0. 1. 0. 1. 0. 0. 0. 1. 0. 0. 0. 0. 0. 0. 0. 0. 0. 0. 0. 0. 0. 0.
  0. 0. 0. 0. 0. 0. 0. 0. 0. 0. 0. 0. 0. 0. 0. 0. 0. 0. 0. 0. 0. 0. 0. 0.
  0. 0.]
 [0. 1. 1. 1. 0. 1. 0. 0. 0. 0. 0. 0. 0. 0. 0. 0. 0. 0. 0. 0. 0. 0. 0. 0.
  0. 0. 0. 0. 0. 0. 0. 0. 0. 0. 0. 0. 0. 0. 0. 0. 0. 0. 0. 0. 0. 0. 0. 0.
  0. 0.]
 [0. 0. 0. 0. 0. 0. 0. 1. 0. 0. 0. 0. 0. 0. 1. 0. 0. 0. 0. 0. 0. 0. 0. 0.
  0. 0. 0. 0. 0. 0. 0. 0. 0. 0. 0. 0. 0. 0. 0. 0. 0. 0. 0. 0. 0. 0. 0. 0.
  0. 0.]
 [0. 0. 0. 0. 0. 1. 0. 0. 0. 0. 0. 0. 1. 0. 0. 0. 0. 0. 0. 0. 0. 0. 0. 0.
  0. 0. 0. 0. 0. 0. 0. 0. 0. 0. 0. 0. 0. 0. 0. 0. 0. 0. 0. 0. 0. 0. 0. 0.
  0. 0.]
 [1. 1. 0. 0. 0. 0. 0. 0. 0. 0. 1. 0. 0. 1. 1. 0. 0. 0. 0. 0. 0. 0. 0. 0.
  0. 0. 0. 0. 0. 0. 0. 0. 0. 0. 0. 0. 0. 0. 0. 0. 0. 0. 0. 0. 0. 0. 0. 0.
  0. 0.]
 [1. 0. 0. 0. 0. 0. 0. 0. 0. 0. 0. 0. 0. 1. 0. 0. 0. 0. 0. 0. 0. 0. 0. 0.
  0. 0. 0. 0. 0. 0. 0. 0. 0. 0. 0. 0. 0. 0. 0. 0. 0. 0. 0. 0. 0. 0. 0. 0.
  0. 0.]
 [1. 1. 1. 1. 0. 0. 0. 1. 0. 1. 0. 0. 0. 0. 0. 0. 0. 0. 0. 0. 0. 0. 0. 0.
  0. 0. 0. 0. 0. 0. 0. 0. 0. 0. 0. 0. 0. 0. 0. 0. 0. 0. 0. 0. 0. 0. 0. 0.
  0. 0.]
 [0. 0. 0. 0. 0. 0. 1. 0. 1. 0. 1. 0. 0. 0. 0. 0. 0. 0. 0. 0. 0. 0. 0. 0.
  0. 0. 0. 0. 0. 0. 0. 0. 0. 0. 0. 0. 0. 0. 0. 0. 0. 0. 0. 0. 0. 0. 0. 0.
  0. 0.]
 [0. 0. 0. 1. 0. 0. 0. 0. 0. 0. 1. 1. 0. 0. 0. 0. 0. 0. 0. 0. 0. 0. 0. 0.
  0. 0. 0. 0. 0. 0. 0. 0. 0. 0. 0. 0. 0. 0. 0. 0. 0. 0. 0. 0. 0. 0. 0. 0.
  0. 0.]
 [0. 0. 0. 1. 0. 0. 0. 0. 0. 0. 0. 1. 0. 1. 0. 0. 0. 0. 0. 0. 0. 0. 0. 0.
  0. 0. 0. 0. 0. 0. 0. 0. 0. 0. 0. 0. 0. 0. 0. 0. 0. 0. 0. 0. 0. 0. 0. 0.
  0. 0.]
 [0. 0. 0. 1. 0. 1. 0. 0. 1. 0. 0. 0. 0. 1. 0. 0. 0. 0. 0. 0. 0. 0. 0. 0.
  0. 0. 0. 0. 0. 0. 0. 0. 0. 0. 0. 0. 0. 0. 0. 0. 0. 0. 0. 0. 0. 0. 0. 0.
  0. 0.]
 [0. 0. 0. 1. 1. 0. 0. 0. 0. 0. 0. 0. 0. 1. 0. 0. 0. 0. 0. 0. 0. 0. 0. 0.
  0. 0. 0. 0. 0. 0. 0. 0. 0. 0. 0. 0. 0. 0. 0. 0. 0. 0. 0. 0. 0. 0. 0. 0.
  0. 0.]
 [0. 0. 0. 1. 1. 0. 0. 0. 1. 0. 0. 0. 0. 0. 0. 0. 0. 0. 0. 0. 0. 0. 0. 0.
  0. 0. 0. 0. 0. 0. 0. 0. 0. 0. 0. 0. 0. 0. 0. 0. 0. 0. 0. 0. 0. 0. 0. 0.
  0. 0.]
 [0. 1. 0. 0. 1. 0. 0. 0. 0. 0. 0. 0. 0. 0. 0. 0. 0. 0. 0. 0. 0. 0. 0. 0.
  0. 0. 0. 0. 0. 0. 0. 0. 0. 0. 0. 0. 0. 0. 0. 0. 0. 0. 0. 0. 0. 0. 0. 0.
  0. 0.]
 [0. 0. 0. 0. 1. 0. 0. 0. 0. 0. 1. 0. 0. 0. 0. 0. 0. 0. 0. 0. 0. 0. 0. 0.
  0. 0. 0. 0. 0. 0. 0. 0. 0. 0. 0. 0. 0. 0. 0. 0. 0. 0. 0. 0. 0. 0. 0. 0.
  0. 0.]
 [0. 0. 0. 0. 0. 1. 0. 0. 0. 0. 0. 0. 0. 0. 0. 0. 0. 0. 0. 0. 0. 0. 0. 0.
  0. 0. 0. 0. 0. 0. 0. 0. 0. 0. 0. 0. 0. 0. 0. 0. 0. 0. 0. 0. 0. 0. 0. 0.
  0. 0.]
 [1. 0. 0. 0. 0. 0. 0. 0. 0. 0. 1. 0. 0. 0. 0. 0. 0. 0. 0. 0. 0. 0. 0. 0.
  0. 0. 0. 0. 0. 0. 0. 0. 0. 0. 0. 0. 0. 0. 0. 0. 0. 0. 0. 0. 0. 0. 0. 0.
  0. 0.]
 [0. 0. 0. 0. 1. 1. 0. 0. 0. 0. 0. 0. 1. 1. 1. 0. 0. 0. 0. 0. 0. 0. 0. 0.
  0. 0. 0. 0. 0. 0. 0. 0. 0. 0. 0. 0. 0. 0. 0. 0. 0. 0. 0. 0. 0. 0. 0. 0.
  0. 0.]
 [0. 0. 0. 0. 0. 0. 0. 0. 0. 1. 0. 1. 0. 0. 1. 0. 0. 0. 0. 0. 0. 0. 0. 0.
  0. 0. 0. 0. 0. 0. 0. 0. 0. 0. 0. 0. 0. 0. 0. 0. 0. 0. 0. 0. 0. 0. 0. 0.
  0. 0.]
 [0. 0. 0. 1. 0. 1. 0. 0. 0. 1. 0. 0. 0. 0. 0. 0. 0. 0. 0. 0. 0. 0. 0. 0.
  0. 0. 0. 0. 0. 0. 0. 0. 0. 0. 0. 0. 0. 0. 0. 0. 0. 0. 0. 0. 0. 0. 0. 0.
  0. 0.]
 [0. 0. 0. 0. 0. 0. 0. 0. 0. 1. 0. 0. 1. 0. 0. 0. 0. 0. 0. 0. 0. 0. 0. 0.
  0. 0. 0. 0. 0. 0. 0. 0. 0. 0. 0. 0. 0. 0. 0. 0. 0. 0. 0. 0. 0. 0. 0. 0.
  0. 0.]
 [1. 1. 0. 0. 0. 1. 0. 0. 0. 1. 0. 0. 0. 1. 1. 0. 0. 0. 0. 0. 0. 0. 0. 0.
  0. 0. 0. 0. 0. 0. 0. 0. 0. 0. 0. 0. 0. 0. 0. 0. 0. 0. 0. 0. 0. 0. 0. 0.
  0. 0.]
 [1. 0. 0. 0. 0. 0. 0. 0. 0. 0. 0. 0. 0. 0. 0. 0. 0. 0. 0. 0. 0. 0. 0. 0.
  0. 0. 0. 0. 0. 0. 0. 0. 0. 0. 0. 0. 0. 0. 0. 0. 0. 0. 0. 0. 0. 0. 0. 0.
  0. 0.]
 [0. 0. 0. 0. 1. 0. 0. 0. 1. 1. 0. 0. 0. 0. 0. 0. 0. 0. 0. 0. 0. 0. 0. 0.
  0. 0. 0. 0. 0. 0. 0. 0. 0. 0. 0. 0. 0. 0. 0. 0. 0. 0. 0. 0. 0. 0. 0. 0.
  0. 0.]
 [0. 0. 0. 0. 1. 0. 0. 1. 0. 1. 0. 1. 1. 0. 0. 0. 0. 0. 0. 0. 0. 0. 0. 0.
  0. 0. 0. 0. 0. 0. 0. 0. 0. 0. 0. 0. 0. 0. 0. 0. 0. 0. 0. 0. 0. 0. 0. 0.
  0. 0.]
 [0. 0. 0. 0. 1. 0. 0. 0. 0. 0. 0. 0. 0. 0. 0. 0. 0. 0. 0. 0. 0. 0. 0. 0.
  0. 0. 0. 0. 0. 0. 0. 0. 0. 0. 0. 0. 0. 0. 0. 0. 0. 0. 0. 0. 0. 0. 0. 0.
  0. 0.]
 [1. 0. 0. 0. 1. 0. 0. 1. 0. 0. 0. 1. 0. 0. 0. 0. 0. 0. 0. 0. 0. 0. 0. 0.
  0. 0. 0. 0. 0. 0. 0. 0. 0. 0. 0. 0. 0. 0. 0. 0. 0. 0. 0. 0. 0. 0. 0. 0.
  0. 0.]
 [0. 0. 0. 1. 0. 0. 0. 1. 0. 1. 0. 0. 0. 0. 0. 0. 0. 0. 0. 0. 0. 0. 0. 0.
  0. 0. 0. 0. 0. 0. 0. 0. 0. 0. 0. 0. 0. 0. 0. 0. 0. 0. 0. 0. 0. 0. 0. 0.
  0. 0.]
 [1. 0. 1. 1. 0. 0. 0. 0. 0. 0. 0. 1. 0. 0. 0. 0. 0. 0. 0. 0. 0. 0. 0. 0.
  0. 0. 0. 0. 0. 0. 0. 0. 0. 0. 0. 0. 0. 0. 0. 0. 0. 0. 0. 0. 0. 0. 0. 0.
  0. 0.]
 [0. 1. 0. 1. 0. 0. 0. 0. 1. 0. 0. 0. 0. 0. 1. 0. 0. 0. 0. 0. 0. 0. 0. 0.
  0. 0. 0. 0. 0. 0. 0. 0. 0. 0. 0. 0. 0. 0. 0. 0. 0. 0. 0. 0. 0. 0. 0. 0.
  0. 0.]
 [0. 0. 0. 0. 1. 0. 0. 1. 0. 1. 0. 1. 0. 0. 0. 0. 0. 0. 0. 0. 0. 0. 0. 0.
  0. 0. 0. 0. 0. 0. 0. 0. 0. 0. 0. 0. 0. 0. 0. 0. 0. 0. 0. 0. 0. 0. 0. 0.
  0. 0.]
 [0. 1. 0. 1. 0. 0. 1. 0. 0. 0. 1. 0. 0. 1. 0. 0. 0. 0. 0. 0. 0. 0. 0. 0.
  0. 0. 0. 0. 0. 0. 0. 0. 0. 0. 0. 0. 0. 0. 0. 0. 0. 0. 0. 0. 0. 0. 0. 0.
  0. 0.]
 [0. 0. 0. 1. 1. 0. 0. 0. 0. 0. 1. 0. 0. 0. 1. 0. 0. 0. 0. 0. 0. 0. 0. 0.
  0. 0. 0. 0. 0. 0. 0. 0. 0. 0. 0. 0. 0. 0. 0. 0. 0. 0. 0. 0. 0. 0. 0. 0.
  0. 0.]]
start_times_array: [[3476.         3614.         3669.         3854.         3938.
  3976.         4083.         4112.         4159.         4253.
  4416.         4776.         4896.         5220.0957265  5656.0957265 ]
 [  98.         5367.         5514.         5722.         5840.
  5893.         5931.         5975.         6029.         6036.
  6091.         6187.         6309.         6367.         6395.        ]
 [ 356.          468.          581.         3866.         4771.
  4829.         4878.         4979.         5000.         5093.
  5230.         5601.         5762.         6048.         6254.        ]
 [ 933.         4533.         4580.         4662.         4733.
  5069.         5093.         5403.         5514.         5563.
  5674.0957265  5743.0957265  6222.0957265  6247.0957265  6407.        ]
 [ 948.         1315.         1403.         5132.         5354.
  5361.         5514.         5720.         5840.         5886.0957265
  6125.         6162.         6201.0957265  6285.0957265  6370.0957265 ]
 [4645.         4694.         4736.         4798.         4968.
  4982.         5007.         5069.         5135.         5236.
  5243.         5430.         5610.         5817.         6013.        ]
 [1272.         4030.         4327.         4424.         5514.
  5848.         5931.         5970.         6014.         6057.
  6155.         6254.         6256.         6303.         6400.        ]
 [1365.         3423.         4527.         4954.         5018.
  5076.         5202.         5220.         5260.         5354.
  5426.         5450.         5601.         5664.         5766.        ]
 [ 202.          393.          569.          600.         2900.
  3066.         3121.         3208.         3322.         3475.
  3498.         4094.         4538.         4673.         4744.        ]
 [3334.         3660.         4030.         4142.         4631.
  4637.         4687.         4818.         4911.         4937.
  5140.         5216.         5514.         5527.         6013.        ]
 [ 860.         3579.         3691.         3885.         3937.
  4105.         4230.         4304.         4453.         4535.
  4580.         4753.         4954.         5028.         5220.        ]
 [1355.         3026.         3214.         3307.         3344.
  3395.         3401.         3492.         3675.         3755.
  3793.         3817.         3832.         3871.         3926.        ]
 [3614.         3789.         3817.         4030.         4083.
  4196.         4203.         4217.         4327.         4357.
  4404.         4454.         4508.         4555.         4884.        ]
 [ 905.         1025.         1346.         1449.         1451.
  3796.         4030.         4079.         4133.         4196.
  4357.         4452.         4501.         4527.         4818.        ]
 [ 779.          952.          971.         1234.         3227.
  3265.         3476.         3544.         3628.         3704.
  3734.         3866.         3964.         3973.         4246.        ]
 [  45.          109.          204.         2228.         2489.
  2694.         2853.         2937.         2986.         3080.
  3154.         3172.         3194.         3322.         3395.        ]
 [  12.          236.          241.          335.          643.3126457
  2439.         2836.         3036.         3140.         3222.
  3691.         3733.         3734.         3806.         4030.        ]
 [ 295.          367.          412.         1040.         2084.
  2087.         2169.         2229.         2285.         2782.
  2858.         2922.         3120.         3152.         3285.        ]
 [1990.         2195.         2480.         2575.         2588.
  2887.         2935.         2987.         3049.         3139.
  3153.         3380.         3482.         3531.         3563.        ]
 [   0.           72.           92.          100.          314.
   399.          432.          462.          533.          607.
   916.         1076.         1261.         2161.         3050.        ]
 [ 375.         1543.         1745.         1838.         1926.
  1930.         2667.         2799.         2810.         2889.
  2935.         3009.         3197.         3342.         3445.        ]
 [ 269.         1537.         1975.         2182.         2579.
  2730.         2774.         2856.         2904.         2991.
  3078.         3079.         3137.         3322.         3395.        ]
 [ 100.          314.          335.          398.          504.
  2311.         2397.         2474.         2570.         2581.
  2608.         2680.         2749.         2796.         3544.        ]
 [ 119.          909.         1621.         2236.         2294.
  2341.         2431.         2464.         2489.         2511.
  2690.         2764.         2827.         3166.         3302.        ]
 [  22.          313.          597.          686.          783.
   867.          905.          995.         2236.         2307.
  2465.         2511.         2766.         2836.         2992.        ]
 [1817.         2126.         2176.         2236.         2251.
  2317.         2372.         2397.         2522.         2694.
  2775.         2890.         2986.         3008.         3210.        ]
 [ 204.          295.          445.          578.3126457   836.
  1942.         2018.         2306.         2312.         2397.
  2426.         2573.         2737.         2891.         2957.        ]
 [  50.          161.          298.          433.          532.
   726.         1428.         1632.         1805.         2014.
  2283.         2379.         2461.         2701.         3394.        ]
 [   0.           28.          455.06967223  546.          597.
   678.         1117.         1577.         1784.         2004.
  2084.         2240.         2251.         2381.         2517.        ]
 [1478.         1998.         2036.         2126.         2144.
  2153.         2186.         2229.         2288.         2340.
  2431.         2488.         2542.         2557.         2642.        ]
 [  36.          210.          358.          478.          696.
   792.         1125.         1505.         1965.         2106.
  2480.         2678.         2767.         2778.         2780.        ]
 [   0.           65.          157.          188.         1132.
  1692.         1741.         1819.         1958.         2036.
  2043.         2136.         2419.         2796.         2922.        ]
 [  50.          146.          163.          247.          295.
   404.          489.          586.          867.          905.
  1646.         1706.         1743.         1760.         2490.        ]
 [  48.          217.         1234.         1440.         1574.
  1620.         1643.         1867.         2059.         2226.
  2271.         2317.         2397.         2401.         2511.        ]
 [   0.           73.          335.          425.          528.
   634.          729.          880.         1537.         1566.
  1583.         1595.         1702.         1919.         2525.        ]
 [ 104.          871.         1084.         1639.         1753.
  1827.         1863.         1943.         2015.         2035.
  2144.         2381.         2426.         2566.         2665.        ]
 [ 295.          334.          382.          453.          674.
   738.          890.         1693.         1784.         1802.
  1982.         2014.         2100.         2216.         2614.        ]
 [   0.          160.          281.          331.          399.
   479.          644.41483306  930.         1052.         1599.
  1774.         2047.         2294.         2483.         2581.        ]
 [ 157.         1133.         1292.         1566.         1595.
  1693.         1697.         1756.         1773.         1791.
  1863.         2043.         2169.         2320.         2505.        ]
 [  81.          223.          430.          532.          988.
  1079.         1444.         1492.         1493.         1809.
  1943.         2021.         2094.         2157.         2158.        ]
 [   0.          656.          909.         1070.         1143.
  1473.         1665.         1799.         1883.         1972.
  1976.         2061.         2138.         2552.         2616.        ]
 [  47.          393.         1259.         1492.         1500.
  1576.         1650.         1760.         1828.         1838.
  1930.         1997.         2030.         2081.         2135.        ]
 [  98.          159.          255.          336.          476.
   503.          504.          649.         1035.         1451.
  1584.         1636.         1664.         1782.         1944.        ]
 [ 143.          229.          264.          596.3126457   645.3126457
   682.          738.         1493.         1601.         1643.
  1889.         1966.         1980.         2080.         2186.        ]
 [   0.          105.          284.          542.06967223  641.
   726.          891.         1069.         1187.         1471.
  1643.         1741.         1827.         1883.         2111.        ]
 [ 254.          838.         1026.         1127.         1222.
  1254.         1287.         1440.         1462.         1534.
  1630.         1713.         1904.         2030.         2173.        ]
 [ 116.          666.          763.          869.         1026.
  1073.         1261.         1307.         1389.         1426.
  1444.         1511.         1528.         1584.         1936.        ]
 [   0.           72.          107.          182.          247.
   783.          820.          873.          913.          996.
  1020.         1124.         1176.         1206.         1800.        ]
 [   0.          133.          223.          261.          358.
   462.          476.          561.          634.          741.
   867.          887.         1091.         1140.         1144.        ]
 [   0.           69.          133.          235.          238.
   342.          441.          515.          571.          600.
   696.          869.         1108.         1216.         1269.        ]]
