optimal_status: 0
solution: 37427.0
cpu_time: 3604.9613349437714
gap: 0.9642626951945912
upper_bound: 1337.540106952037
lower_bound: 37427.0
cg_matrix: [[0. 1. 1. 1. 1. 1. 1. 1. 1. 1. 1. 1. 1. 1. 0. 0. 0. 1. 1. 1. 1. 1. 1. 0.
  1. 1. 1. 1. 0. 0. 1. 1. 1. 1. 1. 1. 1. 0. 0. 1. 1. 1. 1. 1. 1. 1. 1. 1.
  0. 1.]
 [1. 0. 1. 1. 0. 0. 1. 1. 1. 0. 1. 1. 1. 1. 1. 0. 1. 0. 0. 1. 1. 1. 1. 1.
  0. 1. 1. 0. 1. 1. 1. 1. 1. 1. 1. 1. 0. 1. 1. 1. 1. 1. 1. 1. 0. 1. 1. 1.
  0. 1.]
 [1. 1. 0. 1. 1. 1. 0. 0. 1. 1. 0. 0. 0. 1. 1. 1. 1. 1. 0. 1. 1. 0. 1. 0.
  1. 0. 0. 1. 1. 1. 1. 1. 1. 1. 1. 1. 1. 1. 1. 1. 1. 0. 1. 1. 1. 1. 1. 1.
  1. 0.]
 [1. 1. 1. 0. 1. 1. 1. 0. 1. 1. 0. 1. 0. 1. 1. 1. 1. 1. 1. 1. 1. 1. 1. 1.
  0. 1. 1. 1. 1. 1. 1. 1. 1. 1. 1. 1. 1. 1. 1. 1. 1. 0. 1. 1. 1. 1. 1. 1.
  1. 1.]
 [1. 0. 1. 1. 0. 0. 1. 1. 1. 1. 1. 1. 1. 1. 1. 0. 0. 1. 1. 1. 0. 1. 1. 0.
  1. 1. 1. 1. 0. 1. 1. 1. 1. 0. 1. 1. 1. 0. 0. 1. 1. 1. 1. 1. 1. 1. 1. 1.
  1. 1.]
 [1. 0. 1. 1. 0. 0. 1. 1. 1. 1. 1. 1. 0. 1. 1. 1. 1. 0. 1. 1. 1. 1. 1. 1.
  1. 0. 1. 1. 1. 1. 1. 1. 0. 1. 1. 1. 1. 1. 1. 1. 1. 1. 1. 1. 1. 1. 1. 1.
  1. 1.]
 [1. 1. 0. 1. 1. 1. 0. 1. 1. 1. 0. 1. 1. 1. 1. 1. 1. 1. 0. 1. 0. 1. 1. 1.
  1. 1. 1. 1. 1. 1. 1. 1. 1. 1. 1. 1. 1. 1. 0. 1. 0. 1. 0. 1. 1. 1. 0. 1.
  1. 1.]
 [1. 1. 0. 0. 1. 1. 1. 0. 1. 1. 0. 1. 1. 1. 1. 1. 1. 1. 1. 1. 0. 1. 0. 1.
  1. 0. 0. 1. 1. 1. 1. 1. 1. 0. 1. 0. 1. 1. 1. 1. 1. 1. 1. 0. 1. 1. 1. 1.
  1. 1.]
 [1. 1. 1. 1. 1. 1. 1. 1. 0. 1. 1. 1. 1. 1. 1. 1. 1. 1. 1. 1. 0. 0. 0. 1.
  1. 1. 1. 1. 1. 1. 0. 1. 1. 1. 1. 1. 1. 1. 1. 1. 1. 1. 1. 0. 1. 1. 1. 1.
  1. 1.]
 [1. 0. 1. 1. 1. 1. 1. 1. 1. 0. 0. 1. 1. 0. 0. 1. 1. 1. 1. 1. 1. 1. 1. 1.
  0. 1. 1. 1. 1. 0. 1. 1. 1. 1. 1. 1. 1. 1. 0. 1. 0. 1. 1. 1. 0. 0. 0. 0.
  1. 0.]
 [1. 1. 0. 0. 1. 1. 0. 0. 1. 0. 0. 1. 1. 1. 0. 0. 1. 1. 1. 1. 1. 1. 1. 0.
  0. 1. 1. 1. 1. 1. 1. 1. 1. 1. 1. 1. 1. 1. 1. 1. 0. 1. 1. 1. 1. 1. 1. 0.
  1. 1.]
 [1. 1. 0. 1. 1. 1. 1. 1. 1. 1. 1. 0. 0. 0. 1. 1. 1. 0. 1. 1. 1. 1. 1. 1.
  1. 1. 0. 1. 1. 1. 1. 1. 1. 1. 1. 1. 1. 1. 1. 0. 0. 1. 0. 1. 1. 1. 1. 1.
  1. 1.]
 [1. 1. 0. 0. 1. 0. 1. 1. 1. 1. 1. 0. 0. 1. 1. 0. 1. 0. 0. 1. 1. 1. 1. 1.
  1. 0. 0. 1. 1. 1. 0. 1. 1. 1. 1. 0. 0. 1. 1. 1. 1. 0. 1. 0. 1. 0. 1. 1.
  0. 1.]
 [1. 1. 1. 1. 1. 1. 1. 1. 1. 0. 1. 0. 1. 0. 1. 1. 1. 1. 1. 1. 0. 1. 1. 1.
  1. 1. 1. 1. 1. 1. 1. 0. 0. 1. 1. 1. 1. 1. 1. 1. 0. 1. 1. 1. 1. 1. 1. 1.
  1. 1.]
 [0. 1. 1. 1. 1. 1. 1. 1. 1. 0. 0. 1. 1. 1. 0. 1. 1. 1. 1. 1. 1. 1. 1. 1.
  1. 1. 0. 1. 1. 1. 1. 1. 1. 1. 1. 1. 1. 1. 1. 0. 1. 0. 1. 1. 1. 1. 0. 0.
  0. 1.]
 [0. 0. 1. 1. 0. 1. 1. 1. 1. 1. 0. 1. 0. 1. 1. 0. 1. 1. 1. 1. 1. 1. 1. 1.
  0. 1. 1. 1. 0. 1. 1. 1. 1. 1. 1. 1. 1. 1. 1. 1. 0. 1. 1. 1. 1. 1. 0. 1.
  0. 0.]
 [0. 1. 1. 1. 0. 1. 1. 1. 1. 1. 1. 1. 1. 1. 1. 1. 0. 0. 0. 0. 0. 0. 0. 1.
  1. 1. 1. 1. 1. 0. 0. 1. 1. 1. 1. 1. 1. 1. 1. 1. 1. 1. 1. 1. 1. 1. 1. 1.
  1. 1.]
 [1. 0. 1. 1. 1. 0. 1. 1. 1. 1. 1. 0. 0. 1. 1. 1. 0. 0. 1. 1. 1. 0. 1. 1.
  0. 1. 0. 0. 1. 0. 1. 1. 0. 1. 1. 1. 1. 1. 1. 1. 1. 1. 1. 1. 1. 1. 1. 1.
  1. 1.]
 [1. 0. 0. 1. 1. 1. 0. 1. 1. 1. 1. 1. 0. 1. 1. 1. 0. 1. 0. 1. 1. 0. 1. 1.
  1. 1. 1. 1. 1. 0. 1. 1. 1. 0. 1. 0. 1. 0. 1. 0. 0. 1. 1. 0. 0. 1. 1. 1.
  1. 1.]
 [1. 1. 1. 1. 1. 1. 1. 1. 1. 1. 1. 1. 1. 1. 1. 1. 0. 1. 1. 0. 0. 1. 0. 1.
  1. 1. 1. 1. 1. 1. 0. 1. 1. 1. 0. 1. 1. 0. 1. 0. 0. 1. 1. 1. 1. 1. 1. 0.
  0. 1.]
 [1. 1. 1. 1. 0. 1. 0. 0. 0. 1. 1. 1. 1. 0. 1. 1. 0. 1. 1. 0. 0. 0. 0. 0.
  0. 0. 0. 0. 0. 0. 0. 0. 0. 0. 0. 0. 0. 0. 0. 0. 0. 0. 0. 0. 0. 0. 0. 0.
  0. 0.]
 [1. 1. 0. 1. 1. 1. 1. 1. 0. 1. 1. 1. 1. 1. 1. 1. 0. 0. 0. 1. 0. 0. 0. 0.
  0. 0. 0. 0. 0. 0. 0. 0. 0. 0. 0. 0. 0. 0. 0. 0. 0. 0. 0. 0. 0. 0. 0. 0.
  0. 0.]
 [1. 1. 1. 1. 1. 1. 1. 0. 0. 1. 1. 1. 1. 1. 1. 1. 0. 1. 1. 0. 0. 0. 0. 0.
  0. 0. 0. 0. 0. 0. 0. 0. 0. 0. 0. 0. 0. 0. 0. 0. 0. 0. 0. 0. 0. 0. 0. 0.
  0. 0.]
 [0. 1. 0. 1. 0. 1. 1. 1. 1. 1. 0. 1. 1. 1. 1. 1. 1. 1. 1. 1. 0. 0. 0. 0.
  0. 0. 0. 0. 0. 0. 0. 0. 0. 0. 0. 0. 0. 0. 0. 0. 0. 0. 0. 0. 0. 0. 0. 0.
  0. 0.]
 [1. 0. 1. 0. 1. 1. 1. 1. 1. 0. 0. 1. 1. 1. 1. 0. 1. 0. 1. 1. 0. 0. 0. 0.
  0. 0. 0. 0. 0. 0. 0. 0. 0. 0. 0. 0. 0. 0. 0. 0. 0. 0. 0. 0. 0. 0. 0. 0.
  0. 0.]
 [1. 1. 0. 1. 1. 0. 1. 0. 1. 1. 1. 1. 0. 1. 1. 1. 1. 1. 1. 1. 0. 0. 0. 0.
  0. 0. 0. 0. 0. 0. 0. 0. 0. 0. 0. 0. 0. 0. 0. 0. 0. 0. 0. 0. 0. 0. 0. 0.
  0. 0.]
 [1. 1. 0. 1. 1. 1. 1. 0. 1. 1. 1. 0. 0. 1. 0. 1. 1. 0. 1. 1. 0. 0. 0. 0.
  0. 0. 0. 0. 0. 0. 0. 0. 0. 0. 0. 0. 0. 0. 0. 0. 0. 0. 0. 0. 0. 0. 0. 0.
  0. 0.]
 [1. 0. 1. 1. 1. 1. 1. 1. 1. 1. 1. 1. 1. 1. 1. 1. 1. 0. 1. 1. 0. 0. 0. 0.
  0. 0. 0. 0. 0. 0. 0. 0. 0. 0. 0. 0. 0. 0. 0. 0. 0. 0. 0. 0. 0. 0. 0. 0.
  0. 0.]
 [0. 1. 1. 1. 0. 1. 1. 1. 1. 1. 1. 1. 1. 1. 1. 0. 1. 1. 1. 1. 0. 0. 0. 0.
  0. 0. 0. 0. 0. 0. 0. 0. 0. 0. 0. 0. 0. 0. 0. 0. 0. 0. 0. 0. 0. 0. 0. 0.
  0. 0.]
 [0. 1. 1. 1. 1. 1. 1. 1. 1. 0. 1. 1. 1. 1. 1. 1. 0. 0. 0. 1. 0. 0. 0. 0.
  0. 0. 0. 0. 0. 0. 0. 0. 0. 0. 0. 0. 0. 0. 0. 0. 0. 0. 0. 0. 0. 0. 0. 0.
  0. 0.]
 [1. 1. 1. 1. 1. 1. 1. 1. 0. 1. 1. 1. 0. 1. 1. 1. 0. 1. 1. 0. 0. 0. 0. 0.
  0. 0. 0. 0. 0. 0. 0. 0. 0. 0. 0. 0. 0. 0. 0. 0. 0. 0. 0. 0. 0. 0. 0. 0.
  0. 0.]
 [1. 1. 1. 1. 1. 1. 1. 1. 1. 1. 1. 1. 1. 0. 1. 1. 1. 1. 1. 1. 0. 0. 0. 0.
  0. 0. 0. 0. 0. 0. 0. 0. 0. 0. 0. 0. 0. 0. 0. 0. 0. 0. 0. 0. 0. 0. 0. 0.
  0. 0.]
 [1. 1. 1. 1. 1. 0. 1. 1. 1. 1. 1. 1. 1. 0. 1. 1. 1. 0. 1. 1. 0. 0. 0. 0.
  0. 0. 0. 0. 0. 0. 0. 0. 0. 0. 0. 0. 0. 0. 0. 0. 0. 0. 0. 0. 0. 0. 0. 0.
  0. 0.]
 [1. 1. 1. 1. 0. 1. 1. 0. 1. 1. 1. 1. 1. 1. 1. 1. 1. 1. 0. 1. 0. 0. 0. 0.
  0. 0. 0. 0. 0. 0. 0. 0. 0. 0. 0. 0. 0. 0. 0. 0. 0. 0. 0. 0. 0. 0. 0. 0.
  0. 0.]
 [1. 1. 1. 1. 1. 1. 1. 1. 1. 1. 1. 1. 1. 1. 1. 1. 1. 1. 1. 0. 0. 0. 0. 0.
  0. 0. 0. 0. 0. 0. 0. 0. 0. 0. 0. 0. 0. 0. 0. 0. 0. 0. 0. 0. 0. 0. 0. 0.
  0. 0.]
 [1. 1. 1. 1. 1. 1. 1. 0. 1. 1. 1. 1. 0. 1. 1. 1. 1. 1. 0. 1. 0. 0. 0. 0.
  0. 0. 0. 0. 0. 0. 0. 0. 0. 0. 0. 0. 0. 0. 0. 0. 0. 0. 0. 0. 0. 0. 0. 0.
  0. 0.]
 [1. 0. 1. 1. 1. 1. 1. 1. 1. 1. 1. 1. 0. 1. 1. 1. 1. 1. 1. 1. 0. 0. 0. 0.
  0. 0. 0. 0. 0. 0. 0. 0. 0. 0. 0. 0. 0. 0. 0. 0. 0. 0. 0. 0. 0. 0. 0. 0.
  0. 0.]
 [0. 1. 1. 1. 0. 1. 1. 1. 1. 1. 1. 1. 1. 1. 1. 1. 1. 1. 0. 0. 0. 0. 0. 0.
  0. 0. 0. 0. 0. 0. 0. 0. 0. 0. 0. 0. 0. 0. 0. 0. 0. 0. 0. 0. 0. 0. 0. 0.
  0. 0.]
 [0. 1. 1. 1. 0. 1. 0. 1. 1. 0. 1. 1. 1. 1. 1. 1. 1. 1. 1. 1. 0. 0. 0. 0.
  0. 0. 0. 0. 0. 0. 0. 0. 0. 0. 0. 0. 0. 0. 0. 0. 0. 0. 0. 0. 0. 0. 0. 0.
  0. 0.]
 [1. 1. 1. 1. 1. 1. 1. 1. 1. 1. 1. 0. 1. 1. 0. 1. 1. 1. 0. 0. 0. 0. 0. 0.
  0. 0. 0. 0. 0. 0. 0. 0. 0. 0. 0. 0. 0. 0. 0. 0. 0. 0. 0. 0. 0. 0. 0. 0.
  0. 0.]
 [1. 1. 1. 1. 1. 1. 0. 1. 1. 0. 0. 0. 1. 0. 1. 0. 1. 1. 0. 0. 0. 0. 0. 0.
  0. 0. 0. 0. 0. 0. 0. 0. 0. 0. 0. 0. 0. 0. 0. 0. 0. 0. 0. 0. 0. 0. 0. 0.
  0. 0.]
 [1. 1. 0. 0. 1. 1. 1. 1. 1. 1. 1. 1. 0. 1. 0. 1. 1. 1. 1. 1. 0. 0. 0. 0.
  0. 0. 0. 0. 0. 0. 0. 0. 0. 0. 0. 0. 0. 0. 0. 0. 0. 0. 0. 0. 0. 0. 0. 0.
  0. 0.]
 [1. 1. 1. 1. 1. 1. 0. 1. 1. 1. 1. 0. 1. 1. 1. 1. 1. 1. 1. 1. 0. 0. 0. 0.
  0. 0. 0. 0. 0. 0. 0. 0. 0. 0. 0. 0. 0. 0. 0. 0. 0. 0. 0. 0. 0. 0. 0. 0.
  0. 0.]
 [1. 1. 1. 1. 1. 1. 1. 0. 0. 1. 1. 1. 0. 1. 1. 1. 1. 1. 0. 1. 0. 0. 0. 0.
  0. 0. 0. 0. 0. 0. 0. 0. 0. 0. 0. 0. 0. 0. 0. 0. 0. 0. 0. 0. 0. 0. 0. 0.
  0. 0.]
 [1. 0. 1. 1. 1. 1. 1. 1. 1. 0. 1. 1. 1. 1. 1. 1. 1. 1. 0. 1. 0. 0. 0. 0.
  0. 0. 0. 0. 0. 0. 0. 0. 0. 0. 0. 0. 0. 0. 0. 0. 0. 0. 0. 0. 0. 0. 0. 0.
  0. 0.]
 [1. 1. 1. 1. 1. 1. 1. 1. 1. 0. 1. 1. 0. 1. 1. 1. 1. 1. 1. 1. 0. 0. 0. 0.
  0. 0. 0. 0. 0. 0. 0. 0. 0. 0. 0. 0. 0. 0. 0. 0. 0. 0. 0. 0. 0. 0. 0. 0.
  0. 0.]
 [1. 1. 1. 1. 1. 1. 0. 1. 1. 0. 1. 1. 1. 1. 0. 0. 1. 1. 1. 1. 0. 0. 0. 0.
  0. 0. 0. 0. 0. 0. 0. 0. 0. 0. 0. 0. 0. 0. 0. 0. 0. 0. 0. 0. 0. 0. 0. 0.
  0. 0.]
 [1. 1. 1. 1. 1. 1. 1. 1. 1. 0. 0. 1. 1. 1. 0. 1. 1. 1. 1. 0. 0. 0. 0. 0.
  0. 0. 0. 0. 0. 0. 0. 0. 0. 0. 0. 0. 0. 0. 0. 0. 0. 0. 0. 0. 0. 0. 0. 0.
  0. 0.]
 [0. 0. 1. 1. 1. 1. 1. 1. 1. 1. 1. 1. 0. 1. 0. 0. 1. 1. 1. 0. 0. 0. 0. 0.
  0. 0. 0. 0. 0. 0. 0. 0. 0. 0. 0. 0. 0. 0. 0. 0. 0. 0. 0. 0. 0. 0. 0. 0.
  0. 0.]
 [1. 1. 0. 1. 1. 1. 1. 1. 1. 0. 1. 1. 1. 1. 1. 0. 1. 1. 1. 1. 0. 0. 0. 0.
  0. 0. 0. 0. 0. 0. 0. 0. 0. 0. 0. 0. 0. 0. 0. 0. 0. 0. 0. 0. 0. 0. 0. 0.
  0. 0.]]
start_times_array: [[3.65110000e+04 3.66650000e+04 3.67150000e+04 3.67190000e+04
  3.67530000e+04 3.67890000e+04 3.68580000e+04 3.69100000e+04
  3.69540000e+04 3.69960000e+04 3.70080000e+04 3.70580000e+04
  3.70700000e+04 3.71410000e+04 3.72300000e+04 3.72610000e+04
  3.72750000e+04 3.72880000e+04 3.73410000e+04 3.73840000e+04]
 [3.54280000e+04 3.54550000e+04 3.54730000e+04 3.55430000e+04
  3.56270000e+04 3.56350000e+04 3.56970000e+04 3.57880000e+04
  3.58120000e+04 3.59060000e+04 3.60040000e+04 3.60820000e+04
  3.61720000e+04 3.61730000e+04 3.61970000e+04 3.62930000e+04
  3.63540000e+04 3.64440000e+04 3.65860000e+04 3.65930000e+04]
 [3.42250000e+04 3.43700000e+04 3.44540000e+04 3.45490000e+04
  3.45810000e+04 3.45890000e+04 3.46320000e+04 3.46690000e+04
  3.46940000e+04 3.47040000e+04 3.47890000e+04 3.48670000e+04
  3.49430000e+04 3.50370000e+04 3.50970000e+04 3.51340000e+04
  3.52020000e+04 3.52130000e+04 3.52790000e+04 3.53450000e+04]
 [3.33290000e+04 3.33940000e+04 3.35060000e+04 3.35720000e+04
  3.35760000e+04 3.36100000e+04 3.36650000e+04 3.37000000e+04
  3.37320000e+04 3.38100000e+04 3.38620000e+04 3.38720000e+04
  3.39300000e+04 3.39390000e+04 3.40120000e+04 3.40300000e+04
  3.40820000e+04 3.41390000e+04 3.41980000e+04 3.42810000e+04]
 [3.24350000e+04 3.24660000e+04 3.26820000e+04 3.27270000e+04
  3.27480000e+04 3.28220000e+04 3.28290000e+04 3.28720000e+04
  3.29070000e+04 3.29300000e+04 3.29930000e+04 3.30050000e+04
  3.30970000e+04 3.31750000e+04 3.31840000e+04 3.32140000e+04
  3.32360000e+04 3.32550000e+04 3.33250000e+04 3.34890000e+04]
 [3.18060000e+04 3.18590000e+04 3.19100000e+04 3.19450000e+04
  3.19560000e+04 3.20110000e+04 3.20290000e+04 3.21180000e+04
  3.22090000e+04 3.22250000e+04 3.23070000e+04 3.23910000e+04
  3.23950000e+04 3.23970000e+04 3.24920000e+04 3.25090000e+04
  3.26010000e+04 3.26820000e+04 3.27880000e+04 3.29820000e+04]
 [3.07560000e+04 3.08480000e+04 3.08950000e+04 3.09050000e+04
  3.09520000e+04 3.09560000e+04 3.10310000e+04 3.10720000e+04
  3.11230000e+04 3.11250000e+04 3.11980000e+04 3.12500000e+04
  3.12880000e+04 3.13320000e+04 3.13550000e+04 3.13860000e+04
  3.14760000e+04 3.15660000e+04 3.16470000e+04 3.17220000e+04]
 [2.96850000e+04 2.97160000e+04 2.97360000e+04 2.97680000e+04
  2.98220000e+04 2.98320000e+04 2.99280000e+04 2.99340000e+04
  3.00150000e+04 3.00880000e+04 3.01630000e+04 3.02580000e+04
  3.03390000e+04 3.03700000e+04 3.04510000e+04 3.05410000e+04
  3.05740000e+04 3.06380000e+04 3.07340000e+04 3.07550000e+04]
 [2.87150000e+04 2.87820000e+04 2.88430000e+04 2.88610000e+04
  2.89420000e+04 2.90190000e+04 2.90540000e+04 2.90660000e+04
  2.90940000e+04 2.91760000e+04 2.91860000e+04 2.92570000e+04
  2.93510000e+04 2.94020000e+04 2.94560000e+04 2.94810000e+04
  2.95180000e+04 2.95520000e+04 2.95540000e+04 2.96250000e+04]
 [2.76410000e+04 2.77820000e+04 2.78600000e+04 2.78930000e+04
  2.79470000e+04 2.79670000e+04 2.80420000e+04 2.81300000e+04
  2.81650000e+04 2.82350000e+04 2.82700000e+04 2.83230000e+04
  2.83590000e+04 2.84410000e+04 2.84670000e+04 2.84910000e+04
  2.85190000e+04 2.85290000e+04 2.86270000e+04 2.87130000e+04]
 [2.73920000e+04 2.75340000e+04 2.75360000e+04 2.76320000e+04
  2.76980000e+04 2.77010000e+04 2.77820000e+04 2.77860000e+04
  2.78390000e+04 2.78510000e+04 2.78870000e+04 2.79480000e+04
  2.80260000e+04 2.80510000e+04 2.81260000e+04 2.81700000e+04
  2.81820000e+04 2.83640000e+04 2.83870000e+04 2.84280000e+04]
 [2.48290000e+04 2.61750003e+04 2.63350003e+04 2.64560000e+04
  2.66810000e+04 2.67550000e+04 2.68490000e+04 2.68730000e+04
  2.68910000e+04 2.68990000e+04 2.69890000e+04 2.70440000e+04
  2.71110000e+04 2.71630000e+04 2.71660000e+04 2.71940000e+04
  2.72230000e+04 2.72960000e+04 2.74220000e+04 2.74790000e+04]
 [2.58650000e+04 2.59310000e+04 2.60600000e+04 2.61480000e+04
  2.62060000e+04 2.62110000e+04 2.62920000e+04 2.63850000e+04
  2.64800000e+04 2.65160000e+04 2.65670000e+04 2.66200000e+04
  2.66810000e+04 2.67530000e+04 2.68160000e+04 2.68520000e+04
  2.69000000e+04 2.69960000e+04 2.70880000e+04 2.72210000e+04]
 [2.45410000e+04 2.48290000e+04 2.48740000e+04 2.49650000e+04
  2.49890000e+04 2.50660000e+04 2.51370000e+04 2.51490000e+04
  2.52400000e+04 2.53080000e+04 2.53630000e+04 2.54510000e+04
  2.55270000e+04 2.56160000e+04 2.56300000e+04 2.57220000e+04
  2.57860000e+04 2.58520000e+04 2.58830000e+04 2.60030000e+04]
 [2.37260000e+04 2.38180000e+04 2.38360000e+04 2.38920000e+04
  2.39610000e+04 2.40470000e+04 2.40700000e+04 2.41030000e+04
  2.41890000e+04 2.42410000e+04 2.43120000e+04 2.44090000e+04
  2.44180000e+04 2.44340000e+04 2.44720000e+04 2.45960000e+04
  2.46300000e+04 2.46730000e+04 2.46740000e+04 2.47450000e+04]
 [2.26960000e+04 2.27550000e+04 2.28380000e+04 2.28490000e+04
  2.28700000e+04 2.29170000e+04 2.29690000e+04 2.30470000e+04
  2.31190000e+04 2.32050000e+04 2.32330000e+04 2.33140000e+04
  2.33190000e+04 2.33480000e+04 2.33840000e+04 2.33910000e+04
  2.34590000e+04 2.34870000e+04 2.35840000e+04 2.36330000e+04]
 [2.18480000e+04 2.18820000e+04 2.19020000e+04 2.19340000e+04
  2.21500000e+04 2.22090000e+04 2.22620000e+04 2.23540000e+04
  2.23550000e+04 2.23630000e+04 2.23730000e+04 2.23830000e+04
  2.24080000e+04 2.24160000e+04 2.24690000e+04 2.24940000e+04
  2.25730000e+04 2.26580000e+04 2.26860000e+04 2.28050000e+04]
 [2.15230000e+04 2.15600000e+04 2.16110000e+04 2.16900000e+04
  2.16960000e+04 2.17240000e+04 2.17640000e+04 2.17830000e+04
  2.18430000e+04 2.18570000e+04 2.18690000e+04 2.19000000e+04
  2.19250000e+04 2.19400000e+04 2.20240000e+04 2.21070000e+04
  2.21920000e+04 2.22790000e+04 2.23130000e+04 2.26040000e+04]
 [2.08070000e+04 2.08620000e+04 2.08650000e+04 2.08770000e+04
  2.09160000e+04 2.09210000e+04 2.09490000e+04 2.10000000e+04
  2.10680000e+04 2.11040000e+04 2.11100000e+04 2.11220000e+04
  2.11760000e+04 2.12370000e+04 2.12480000e+04 2.13470000e+04
  2.13860000e+04 2.14390000e+04 2.14420000e+04 2.14750000e+04]
 [1.95410000e+04 1.95790000e+04 1.96600000e+04 1.97440000e+04
  1.97560000e+04 1.97920000e+04 1.98880000e+04 1.99550000e+04
  2.00010000e+04 2.00910000e+04 2.01690000e+04 2.01910000e+04
  2.02740000e+04 2.03590000e+04 2.04560000e+04 2.05060000e+04
  2.05840000e+04 2.06750000e+04 2.07580000e+04 2.08310000e+04]
 [1.89650000e+04 1.89750000e+04 1.90170000e+04 1.90460000e+04
  1.90470000e+04 1.91350000e+04 1.91420000e+04 1.91530000e+04
  1.91940000e+04 1.92450000e+04 1.92850000e+04 1.93750000e+04
  1.93950000e+04 1.94370000e+04 1.94770000e+04 1.95020000e+04
  1.95330000e+04 1.95490000e+04 1.96350000e+04 1.97190000e+04]
 [1.79830000e+04 1.79950000e+04 1.80650000e+04 1.82680000e+04
  1.83450000e+04 1.83630000e+04 1.83760000e+04 1.84460000e+04
  1.84810000e+04 1.85780000e+04 1.86280000e+04 1.86600000e+04
  1.87480000e+04 1.88460000e+04 1.88830000e+04 1.89930000e+04
  1.92010000e+04 1.92220000e+04 1.93150000e+04 1.94480000e+04]
 [1.71410000e+04 1.71550000e+04 1.76870000e+04 1.77830000e+04
  1.78080000e+04 1.78800000e+04 1.79180000e+04 1.79610000e+04
  1.80290000e+04 1.80670000e+04 1.80850000e+04 1.81200000e+04
  1.81690000e+04 1.82680000e+04 1.83160000e+04 1.84030000e+04
  1.84140000e+04 1.84300000e+04 1.85260000e+04 1.87620000e+04]
 [1.64990000e+04 1.65050000e+04 1.65280000e+04 1.66250000e+04
  1.69970000e+04 1.70290000e+04 1.71060000e+04 1.74770000e+04
  1.75390000e+04 1.75540000e+04 1.76260000e+04 1.76740000e+04
  1.77080000e+04 1.77590000e+04 1.77830000e+04 1.78540000e+04
  1.78720000e+04 1.78770000e+04 1.79140000e+04 1.79700000e+04]
 [1.60690000e+04 1.60790000e+04 1.61170000e+04 1.63220000e+04
  1.67670000e+04 1.68500000e+04 1.68900000e+04 1.69330000e+04
  1.69970000e+04 1.70880000e+04 1.70890000e+04 1.71370000e+04
  1.72170000e+04 1.72320000e+04 1.72530000e+04 1.72800000e+04
  1.72960000e+04 1.73560000e+04 1.74010000e+04 1.74660000e+04]
 [1.47730000e+04 1.49220000e+04 1.49260000e+04 1.50920000e+04
  1.59580000e+04 1.59850000e+04 1.63620000e+04 1.63820000e+04
  1.64280000e+04 1.65190000e+04 1.65280000e+04 1.65520000e+04
  1.66500000e+04 1.66780000e+04 1.66800000e+04 1.67560000e+04
  1.67780000e+04 1.68660000e+04 1.69330000e+04 1.69650000e+04]
 [1.41380000e+04 1.41610000e+04 1.56570000e+04 1.57190000e+04
  1.57680000e+04 1.58660000e+04 1.59270000e+04 1.59860000e+04
  1.60240000e+04 1.60370000e+04 1.60420000e+04 1.61170000e+04
  1.61910000e+04 1.62560000e+04 1.63220000e+04 1.63820000e+04
  1.63960000e+04 1.64750000e+04 1.65520000e+04 1.66290000e+04]
 [1.39930000e+04 1.41030000e+04 1.45920000e+04 1.46880000e+04
  1.48220000e+04 1.48590000e+04 1.48930000e+04 1.49220000e+04
  1.49340000e+04 1.50230000e+04 1.50920000e+04 1.51660000e+04
  1.52180000e+04 1.53160000e+04 1.53330000e+04 1.54190000e+04
  1.54950000e+04 1.55910000e+04 1.57800000e+04 1.60050000e+04]
 [1.27890000e+04 1.29480000e+04 1.32200000e+04 1.33190000e+04
  1.44670000e+04 1.45410000e+04 1.46240000e+04 1.46270000e+04
  1.47230000e+04 1.47670000e+04 1.47900000e+04 1.47930000e+04
  1.48110000e+04 1.48140000e+04 1.48720000e+04 1.49100000e+04
  1.49340000e+04 1.50250000e+04 1.50610000e+04 1.54910003e+04]
 [9.31900000e+03 1.22010000e+04 1.22240000e+04 1.25510000e+04
  1.25620000e+04 1.26150000e+04 1.26920000e+04 1.39280000e+04
  1.39930000e+04 1.40700000e+04 1.41180000e+04 1.41610000e+04
  1.42060000e+04 1.42890000e+04 1.42960000e+04 1.43890000e+04
  1.44540000e+04 1.45370000e+04 1.45450000e+04 1.45500000e+04]
 [1.22210000e+04 1.27170000e+04 1.31990000e+04 1.32290000e+04
  1.33190000e+04 1.33810000e+04 1.33960000e+04 1.34090000e+04
  1.34120000e+04 1.34610000e+04 1.35510000e+04 1.36060000e+04
  1.36710000e+04 1.37560000e+04 1.38430000e+04 1.38670000e+04
  1.39280000e+04 1.39780000e+04 1.40260000e+04 1.41030000e+04]
 [1.21790000e+04 1.22610000e+04 1.23520000e+04 1.24220000e+04
  1.24300000e+04 1.24750000e+04 1.24990000e+04 1.25620000e+04
  1.26480000e+04 1.26640000e+04 1.27320000e+04 1.27890000e+04
  1.28070000e+04 1.28670000e+04 1.29480000e+04 1.29510000e+04
  1.29680000e+04 1.30360000e+04 1.31330000e+04 1.31750000e+04]
 [9.37000000e+03 1.09640000e+04 1.15390000e+04 1.15640000e+04
  1.16250000e+04 1.17350000e+04 1.17650000e+04 1.18510000e+04
  1.18720000e+04 1.19600000e+04 1.20430000e+04 1.21150000e+04
  1.22010000e+04 1.22210000e+04 1.24210000e+04 1.24600000e+04
  1.25310000e+04 1.25830000e+04 1.26200000e+04 1.31350000e+04]
 [9.86100000e+03 1.02610000e+04 1.03100000e+04 1.08700000e+04
  1.09140000e+04 1.13400000e+04 1.13840000e+04 1.14030000e+04
  1.14540000e+04 1.15370000e+04 1.15390000e+04 1.15600000e+04
  1.15730000e+04 1.16230000e+04 1.16400000e+04 1.17350000e+04
  1.18180000e+04 1.20140000e+04 1.20430000e+04 1.21350000e+04]
 [9.73600000e+03 9.75800000e+03 9.83100000e+03 1.03060000e+04
  1.03100000e+04 1.03320000e+04 1.04310000e+04 1.05300000e+04
  1.05950000e+04 1.06490000e+04 1.07210000e+04 1.07800000e+04
  1.08780000e+04 1.09220000e+04 1.09410000e+04 1.09640000e+04
  1.10590000e+04 1.11460000e+04 1.12150000e+04 1.12830000e+04]
 [9.02200000e+03 9.19000000e+03 9.26900000e+03 9.36400000e+03
  9.71300000e+03 9.75100000e+03 9.78700000e+03 9.82400000e+03
  9.84500000e+03 9.90700000e+03 9.95500000e+03 1.00330000e+04
  1.00510000e+04 1.01210000e+04 1.01990000e+04 1.02000000e+04
  1.02210000e+04 1.03060000e+04 1.03450000e+04 1.04970000e+04]
 [8.42800000e+03 8.48400000e+03 8.98900000e+03 9.02200000e+03
  9.10200000e+03 9.17000000e+03 9.23000000e+03 9.27100000e+03
  9.35300000e+03 9.37000000e+03 9.45900000e+03 9.51800000e+03
  9.58900000e+03 9.63800000e+03 9.71300000e+03 9.76300000e+03
  9.78500000e+03 9.96800000e+03 1.03050003e+04 1.09420000e+04]
 [7.89900000e+03 7.97100000e+03 8.04300000e+03 8.05400000e+03
  8.06900000e+03 8.14100000e+03 8.20600000e+03 8.26200000e+03
  8.33900000e+03 8.40700000e+03 8.42400000e+03 8.48300000e+03
  8.50000000e+03 8.56800000e+03 8.63700000e+03 8.70800000e+03
  8.76800000e+03 8.80700000e+03 8.84900000e+03 8.92700000e+03]
 [6.90100000e+03 7.07600000e+03 7.10300000e+03 7.11900000e+03
  7.14200000e+03 7.15400000e+03 7.77900000e+03 7.85100000e+03
  7.89900000e+03 7.93400000e+03 7.98700000e+03 7.99600000e+03
  8.07600000e+03 8.14400000e+03 8.24000000e+03 8.30200000e+03
  8.32500000e+03 8.33900000e+03 8.72800000e+03 8.74000000e+03]
 [6.60400000e+03 6.84800000e+03 6.90100000e+03 6.97700000e+03
  7.07400000e+03 7.14500000e+03 7.22600000e+03 7.25400000e+03
  7.32400000e+03 7.39100000e+03 7.41700000e+03 7.51400000e+03
  7.52500000e+03 7.60200000e+03 7.65800000e+03 7.72000000e+03
  7.76100000e+03 7.81100000e+03 7.87300000e+03 7.90800000e+03]
 [5.84000000e+03 6.15700000e+03 6.16000000e+03 6.19200000e+03
  6.20200000e+03 6.29500000e+03 6.29700000e+03 6.36000000e+03
  6.36400000e+03 6.57900000e+03 6.59700000e+03 6.68200000e+03
  6.71000000e+03 6.76500000e+03 6.84500000e+03 6.90400000e+03
  6.97800000e+03 7.02900000e+03 7.12500000e+03 8.09800000e+03]
 [5.73100000e+03 5.76300000e+03 5.84000000e+03 5.88900000e+03
  5.96500000e+03 5.97100000e+03 6.06400000e+03 6.12100000e+03
  6.13200000e+03 6.20100000e+03 6.23600000e+03 6.29500000e+03
  6.31500000e+03 6.33700000e+03 6.35000000e+03 6.38500000e+03
  6.48400000e+03 6.57900000e+03 6.67800000e+03 6.75200000e+03]
 [4.25800000e+03 4.67900000e+03 4.71700000e+03 4.79700000e+03
  4.82200000e+03 4.89500000e+03 4.95100000e+03 5.03800000e+03
  5.48800000e+03 5.49000000e+03 5.57000000e+03 5.61300000e+03
  5.66300000e+03 5.85800000e+03 5.87000000e+03 5.97600000e+03
  6.00100000e+03 6.01800000e+03 6.07000000e+03 6.10100000e+03]
 [2.30900000e+03 4.31300000e+03 4.52400000e+03 4.58100000e+03
  4.67900000e+03 4.72700000e+03 4.75300000e+03 4.78300000e+03
  4.80300000e+03 4.87700000e+03 4.92400000e+03 5.02300000e+03
  5.10100000e+03 5.19800000e+03 5.29200000e+03 5.37200000e+03
  5.44600000e+03 5.48800000e+03 5.76200000e+03 5.80800000e+03]
 [1.67000000e+03 1.72400000e+03 3.72500000e+03 3.82100000e+03
  3.86000000e+03 3.86100000e+03 3.95900000e+03 4.00200000e+03
  4.05900000e+03 4.08800000e+03 4.16400000e+03 4.20000000e+03
  4.25800000e+03 4.35100000e+03 4.36800000e+03 4.40600000e+03
  4.48700000e+03 4.56100000e+03 4.66600000e+03 4.70500000e+03]
 [1.85900000e+03 1.93900000e+03 2.59000000e+03 2.67400000e+03
  3.02100000e+03 3.07500000e+03 3.10500000e+03 3.19100000e+03
  3.27100000e+03 3.27700000e+03 3.34900000e+03 3.41400000e+03
  3.45900000e+03 3.54800000e+03 3.61500000e+03 3.62100000e+03
  3.64900000e+03 3.72500000e+03 3.75300000e+03 4.06000000e+03]
 [2.30800000e+03 2.38500000e+03 2.45900000e+03 2.46700000e+03
  2.56300000e+03 2.58300000e+03 2.59000000e+03 2.61600000e+03
  2.64100000e+03 2.65900000e+03 2.74300000e+03 2.77200000e+03
  2.86400000e+03 2.88200000e+03 2.92000000e+03 3.01300000e+03
  3.02100000e+03 3.28200000e+03 3.46700000e+03 3.63200000e+03]
 [1.46200000e+03 1.49800000e+03 1.53900000e+03 1.61100000e+03
  1.64200000e+03 1.92300000e+03 1.97500000e+03 1.98900000e+03
  2.04800000e+03 2.14500000e+03 2.21600000e+03 2.30800000e+03
  2.35800000e+03 2.36200000e+03 2.45800000e+03 2.46400000e+03
  2.77100000e+03 2.79200000e+03 2.86200000e+03 3.66100000e+03]
 [7.04000000e+02 7.28000000e+02 9.38000000e+02 1.02200000e+03
  1.07900000e+03 1.13800000e+03 1.23200000e+03 1.26300000e+03
  1.36100000e+03 1.39800000e+03 1.46200000e+03 1.53100000e+03
  1.58700000e+03 1.65800000e+03 1.68100000e+03 1.71100000e+03
  1.80800000e+03 1.89400000e+03 1.92300000e+03 2.54100000e+03]
 [0.00000000e+00 3.30000000e+01 1.14000000e+02 1.72000000e+02
  2.53000000e+02 2.55000000e+02 2.80000000e+02 2.97000000e+02
  2.98000000e+02 3.70000000e+02 4.03000000e+02 4.21000000e+02
  4.43000000e+02 4.87000000e+02 5.15000000e+02 5.84000000e+02
  6.76000000e+02 7.66000000e+02 8.09000000e+02 8.62000000e+02]]
