optimal_status: 0
solution: 10020.0
cpu_time: 3601.692270040512
gap: 0.8636720915006114
upper_bound: 1366.0056431638727
lower_bound: 10020.0
cg_matrix: [[0. 1. 0. 0. 1. 0. 1. 1. 0. 0. 1. 1. 1. 1. 0. 1. 0. 1. 0. 1.]
 [1. 0. 0. 1. 1. 0. 1. 0. 1. 1. 1. 1. 1. 1. 0. 0. 0. 1. 0. 1.]
 [0. 0. 0. 0. 0. 0. 0. 0. 1. 1. 0. 1. 0. 1. 1. 1. 0. 1. 0. 1.]
 [0. 1. 0. 0. 0. 1. 0. 1. 0. 0. 1. 0. 1. 1. 0. 1. 0. 0. 0. 0.]
 [1. 1. 0. 0. 0. 1. 1. 0. 0. 1. 1. 1. 1. 1. 0. 1. 1. 1. 1. 1.]
 [0. 0. 0. 1. 1. 0. 1. 0. 1. 1. 1. 1. 1. 0. 0. 0. 1. 0. 1. 0.]
 [1. 1. 0. 0. 1. 1. 0. 1. 1. 1. 0. 1. 0. 1. 0. 1. 1. 0. 0. 1.]
 [1. 0. 0. 1. 0. 0. 1. 0. 0. 0. 1. 0. 1. 0. 1. 1. 0. 0. 1. 0.]
 [0. 1. 1. 0. 0. 1. 1. 0. 0. 0. 1. 0. 1. 0. 0. 1. 1. 0. 1. 0.]
 [0. 1. 1. 0. 1. 1. 1. 0. 0. 0. 1. 0. 1. 0. 1. 1. 0. 0. 1. 0.]
 [1. 1. 0. 1. 1. 1. 0. 1. 1. 1. 0. 1. 1. 1. 0. 0. 1. 1. 0. 1.]
 [1. 1. 1. 0. 1. 1. 1. 0. 0. 0. 1. 0. 0. 0. 0. 0. 1. 1. 0. 1.]
 [1. 1. 0. 1. 1. 1. 0. 1. 1. 1. 1. 0. 0. 1. 1. 0. 1. 1. 1. 0.]
 [1. 1. 1. 1. 1. 0. 1. 0. 0. 0. 1. 0. 1. 0. 1. 0. 0. 1. 1. 0.]
 [0. 0. 1. 0. 0. 0. 0. 1. 0. 1. 0. 0. 1. 1. 0. 1. 0. 1. 0. 0.]
 [1. 0. 1. 1. 1. 0. 1. 1. 1. 1. 0. 0. 0. 0. 1. 0. 0. 0. 0. 0.]
 [0. 0. 0. 0. 1. 1. 1. 0. 1. 0. 1. 1. 1. 0. 0. 0. 0. 1. 0. 1.]
 [1. 1. 1. 0. 1. 0. 0. 0. 0. 0. 1. 1. 1. 1. 1. 0. 1. 0. 1. 0.]
 [0. 0. 0. 0. 1. 1. 0. 1. 1. 1. 0. 0. 1. 1. 0. 0. 0. 1. 0. 1.]
 [1. 1. 1. 0. 1. 0. 1. 0. 0. 0. 1. 1. 0. 0. 0. 0. 1. 0. 1. 0.]]
start_times_array: [[ 1245.          2919.          3115.          3606.
   4134.          4143.          4152.          4406.
   4928.          5102.59016392  5303.          6650.
   7345.          8193.          8317.          8481.
   9177.          9714.          9847.          9927.        ]
 [ 1999.          2142.          2190.          2534.
   2566.          2896.          3071.          3332.
   4191.          5216.          5229.          5377.
   5489.          6189.          6334.          6399.
   6736.          6908.          7437.          7893.        ]
 [  198.           412.           693.          1265.
   1485.          1540.          1690.          2196.
   2662.          3243.          3261.          3424.
   3804.          4134.          4138.          4608.
   4941.          5377.          9343.          9683.        ]
 [  117.           866.          1732.          2079.
   2111.          2227.          2292.          2449.
   5027.          5077.          5434.          6549.
   7538.          8002.          8145.          8176.
   8283.          8982.          9360.59016392  9692.        ]
 [ 1690.          2074.          2355.          2964.
   3033.          3654.          4233.          4607.
   5771.          6549.          7204.          7426.
   7534.          8570.          9082.          9350.
   9443.          9541.          9697.          9768.        ]
 [   17.           198.           428.          1056.
   2534.          2771.          3080.          3743.
   3969.          4026.          4079.          6864.
   7341.          7437.          7716.          8029.
   8119.          8857.          9847.          9916.        ]
 [ 1098.          1485.          2357.          2662.
   2871.          3288.          5581.          5631.
   5738.          6100.          6465.          6861.
   7269.          7944.          8037.          8286.
   8661.          8676.          8944.          9011.        ]
 [   41.            74.            94.           172.
    428.           493.           537.           924.
    982.          1075.          2773.          3168.
   5771.          6028.          6082.          7002.
   7471.          7514.          8206.          8262.        ]
 [  563.           866.           982.          1342.
   1431.          1834.          2074.          2279.
   4240.          4451.          4705.          5115.
   5771.          7540.          7824.          8145.
   8180.          8205.          8240.          8719.        ]
 [   81.           114.          1771.          1846.
   2293.          3144.          3567.          4690.
   4734.          4771.          5043.          5076.
   5151.          5330.          5672.          6289.
   6643.          7004.          9452.          9474.        ]
 [    0.           328.           354.           957.
   2357.          2634.          2849.          3663.
   4055.          4314.          4838.          6100.
   6465.          7269.          7632.          8387.
   8788.          9562.          9658.          9739.        ]
 [  617.           791.           982.          1383.
   1618.          2333.          2721.          3168.
   4485.          4532.          4795.          5847.
   5922.          6004.          6280.          6762.
   7004.          7796.          9268.          9452.        ]
 [  621.           791.          1485.          2668.
   3221.          3476.          5408.          5568.
   5852.          5922.          7944.          7957.
   8037.          8661.          8944.          8990.
   9016.          9278.          9301.         10001.        ]
 [ 1329.          1411.          1771.          1872.
   1957.          1966.          2740.          2766.
   3168.          3889.          4079.          6004.
   7004.          7113.          7796.          8026.
   8658.          8659.          8719.          9268.        ]
 [   16.           247.          1098.          2279.
   2342.          2409.          2896.          3654.
   3868.          4838.          5238.          6217.
   6786.          6998.          7112.          7204.
   7206.          8283.          8439.          8481.        ]
 [   45.          1147.          2534.          2575.
   2721.          3071.          3221.          3259.
   4055.          4532.          5011.          5216.
   5471.          5568.          6334.          6395.
   6736.          6864.          6907.          7437.        ]
 [  205.           522.           683.           730.
    891.          2190.          3821.          3913.
   4686.          4913.          5011.          5047.
   5077.          5085.          5110.          5229.
   5489.          8324.          8608.          8625.        ]
 [  129.          1139.          1811.          1905.
   2293.          3353.          3566.          3743.
   3962.          5452.          5672.          5704.
   6643.          6861.          7043.          7341.
   7716.          8198.          8648.          8857.        ]
 [  205.           295.           328.           396.
    656.           752.          1265.          3424.
   3661.          3821.          4145.          4529.
   6100.          6334.          6957.          7269.
   7635.          8286.          8355.          8608.        ]
 [  107.           311.           438.           513.
    563.           607.          1889.          1921.
   2771.          2780.          3198.          3492.
   4705.          5327.          6864.          6906.
   7015.          7112.          8100.          8198.        ]]
