optimal_status: 0
solution: 10976.0
cpu_time: 3601.7584280967712
gap: 0.9019679300291545
upper_bound: 1075.9999999999998
lower_bound: 10976.0
cg_matrix: [[0. 1. 1. 1. 1. 1. 1. 0. 1. 0. 1. 1. 1. 1. 1. 1. 1. 1. 1. 1. 1. 1. 1. 1.
  1. 0. 0. 1. 1. 1.]
 [1. 0. 1. 1. 0. 1. 1. 1. 1. 1. 1. 1. 1. 1. 1. 1. 0. 0. 0. 1. 1. 1. 1. 0.
  0. 1. 1. 1. 1. 1.]
 [1. 1. 0. 1. 0. 1. 1. 1. 1. 0. 1. 1. 1. 1. 1. 1. 1. 1. 1. 1. 1. 1. 0. 1.
  1. 1. 1. 1. 0. 1.]
 [1. 1. 1. 0. 0. 1. 1. 1. 1. 1. 1. 0. 1. 1. 1. 0. 1. 1. 1. 0. 1. 1. 1. 0.
  1. 1. 1. 1. 0. 1.]
 [1. 0. 0. 0. 0. 1. 1. 1. 1. 1. 1. 1. 1. 1. 0. 1. 1. 1. 1. 1. 1. 1. 1. 0.
  1. 1. 1. 1. 1. 1.]
 [1. 1. 1. 1. 1. 0. 1. 0. 1. 0. 1. 1. 1. 1. 1. 0. 0. 1. 1. 1. 1. 0. 1. 0.
  1. 0. 1. 1. 1. 0.]
 [1. 1. 1. 1. 1. 1. 0. 1. 1. 1. 1. 1. 1. 0. 1. 1. 1. 0. 1. 1. 0. 0. 1. 1.
  1. 1. 1. 1. 0. 1.]
 [0. 1. 1. 1. 1. 0. 1. 0. 1. 1. 1. 1. 1. 1. 1. 1. 1. 1. 1. 1. 1. 1. 1. 1.
  1. 0. 0. 1. 1. 1.]
 [1. 1. 1. 1. 1. 1. 1. 1. 0. 0. 0. 1. 1. 1. 1. 1. 1. 1. 1. 0. 1. 1. 1. 1.
  1. 1. 0. 1. 1. 0.]
 [0. 1. 0. 1. 1. 0. 1. 1. 0. 0. 1. 1. 1. 0. 0. 1. 1. 1. 0. 1. 0. 1. 1. 1.
  1. 1. 1. 1. 0. 1.]
 [1. 1. 1. 1. 1. 1. 1. 1. 0. 1. 0. 1. 1. 1. 1. 1. 1. 0. 1. 1. 1. 1. 1. 1.
  1. 1. 1. 1. 0. 1.]
 [1. 1. 1. 0. 1. 1. 1. 1. 1. 1. 1. 0. 1. 1. 1. 1. 1. 1. 1. 1. 1. 0. 0. 1.
  1. 0. 0. 1. 1. 1.]
 [1. 1. 1. 1. 1. 1. 1. 1. 1. 1. 1. 1. 0. 1. 1. 1. 1. 1. 0. 0. 1. 1. 0. 1.
  1. 1. 0. 1. 1. 0.]
 [1. 1. 1. 1. 1. 1. 0. 1. 1. 0. 1. 1. 1. 0. 1. 1. 1. 1. 0. 1. 1. 1. 1. 1.
  1. 1. 1. 1. 1. 1.]
 [1. 1. 1. 1. 0. 1. 1. 1. 1. 0. 1. 1. 1. 1. 0. 0. 1. 1. 1. 1. 0. 1. 1. 1.
  1. 1. 1. 1. 1. 1.]
 [1. 1. 1. 0. 1. 0. 1. 1. 1. 1. 1. 1. 1. 1. 0. 0. 0. 0. 0. 0. 0. 0. 0. 0.
  0. 0. 0. 0. 0. 0.]
 [1. 0. 1. 1. 1. 0. 1. 1. 1. 1. 1. 1. 1. 1. 1. 0. 0. 0. 0. 0. 0. 0. 0. 0.
  0. 0. 0. 0. 0. 0.]
 [1. 0. 1. 1. 1. 1. 0. 1. 1. 1. 0. 1. 1. 1. 1. 0. 0. 0. 0. 0. 0. 0. 0. 0.
  0. 0. 0. 0. 0. 0.]
 [1. 0. 1. 1. 1. 1. 1. 1. 1. 0. 1. 1. 0. 0. 1. 0. 0. 0. 0. 0. 0. 0. 0. 0.
  0. 0. 0. 0. 0. 0.]
 [1. 1. 1. 0. 1. 1. 1. 1. 0. 1. 1. 1. 0. 1. 1. 0. 0. 0. 0. 0. 0. 0. 0. 0.
  0. 0. 0. 0. 0. 0.]
 [1. 1. 1. 1. 1. 1. 0. 1. 1. 0. 1. 1. 1. 1. 0. 0. 0. 0. 0. 0. 0. 0. 0. 0.
  0. 0. 0. 0. 0. 0.]
 [1. 1. 1. 1. 1. 0. 0. 1. 1. 1. 1. 0. 1. 1. 1. 0. 0. 0. 0. 0. 0. 0. 0. 0.
  0. 0. 0. 0. 0. 0.]
 [1. 1. 0. 1. 1. 1. 1. 1. 1. 1. 1. 0. 0. 1. 1. 0. 0. 0. 0. 0. 0. 0. 0. 0.
  0. 0. 0. 0. 0. 0.]
 [1. 0. 1. 0. 0. 0. 1. 1. 1. 1. 1. 1. 1. 1. 1. 0. 0. 0. 0. 0. 0. 0. 0. 0.
  0. 0. 0. 0. 0. 0.]
 [1. 0. 1. 1. 1. 1. 1. 1. 1. 1. 1. 1. 1. 1. 1. 0. 0. 0. 0. 0. 0. 0. 0. 0.
  0. 0. 0. 0. 0. 0.]
 [0. 1. 1. 1. 1. 0. 1. 0. 1. 1. 1. 0. 1. 1. 1. 0. 0. 0. 0. 0. 0. 0. 0. 0.
  0. 0. 0. 0. 0. 0.]
 [0. 1. 1. 1. 1. 1. 1. 0. 0. 1. 1. 0. 0. 1. 1. 0. 0. 0. 0. 0. 0. 0. 0. 0.
  0. 0. 0. 0. 0. 0.]
 [1. 1. 1. 1. 1. 1. 1. 1. 1. 1. 1. 1. 1. 1. 1. 0. 0. 0. 0. 0. 0. 0. 0. 0.
  0. 0. 0. 0. 0. 0.]
 [1. 1. 0. 0. 1. 1. 0. 1. 1. 0. 0. 1. 1. 1. 1. 0. 0. 0. 0. 0. 0. 0. 0. 0.
  0. 0. 0. 0. 0. 0.]
 [1. 1. 1. 1. 1. 0. 1. 1. 0. 1. 1. 1. 0. 1. 1. 0. 0. 0. 0. 0. 0. 0. 0. 0.
  0. 0. 0. 0. 0. 0.]]
start_times_array: [[ 9157.  9380.  9494.  9673.  9831. 10085. 10204. 10226. 10292. 10493.
  10584. 10607. 10717. 10829. 10921.]
 [  731.  1734.  1813.  9502.  9761.  9803.  9951. 10103. 10163. 10278.
  10367. 10526. 10676. 10855. 10975.]
 [ 4707.  5020.  8582.  8868.  8947.  9040.  9238.  9263.  9439.  9561.
   9845.  9924. 10058. 10064. 10759.]
 [  673.  8399.  8462.  8518.  8545.  8698.  8831.  8985.  9016.  9084.
   9256.  9308.  9639. 10026. 10466.]
 [ 2131.  8009.  8399.  8480.  8503.  8705.  8717.  8831.  8990.  9079.
   9532.  9552.  9587.  9622.  9656.]
 [ 5941.  6107.  7364.  7581.  7651.  7682.  7757.  7839.  7907.  8042.
   8175.  8238.  8319.  8628.  8749.]
 [ 2608.  2707.  6504.  6804.  7163.  7249.  7259.  7347.  7422.  7444.
   7489.  7756.  7870.  7972.  8132.]
 [ 6169.  6255.  6430.  6615.  6885.  6927.  7021.  7086.  7266.  7370.
   7411.  7581.  7626.  8110.  8319.]
 [ 4483.  5483.  5573.  5643.  5753.  5790.  5846.  5867.  6005.  6068.
   6118.  6347.  6726.  6955.  7080.]
 [ 1691.  1941.  4707.  5420.  5460.  5579.  5609.  5753.  5800.  5931.
   5955.  6078.  6347.  6567.  6955.]
 [ 4356.  4419.  4436.  4837.  4864.  5130.  5198.  5368.  5505.  5600.
   5682.  5831.  5890.  6014.  6708.]
 [ 3412.  3735.  4090.  4172.  4218.  4283.  4623.  4744.  4945.  5083.
   5137.  5217.  5303.  5431.  5732.]
 [ 2494.  2557.  2899.  3070.  3380.  3493.  3555.  3826.  3930.  3983.
   4100.  4162.  4495.  4580.  4682.]
 [ 1640.  1889.  2104.  2300.  2350.  2566.  2647.  2833.  2980.  3152.
   3203.  3351.  3648.  3889.  4082.]
 [ 1542.  1632.  1666.  1941.  1998.  2021.  2111.  2131.  2137.  2168.
   2210.  2418.  2735.  3107.  3265.]
 [   77.   282.   735.   899.  1195.  1243.  1294.  1336.  1375.  1457.
   1458.  1596.  2008.  2226.  2418.]
 [   54.   153.   323.   336.   733.   742.   956.  1013.  1038.  1130.
   1336.  1423.  1792.  1877.  2026.]
 [    0.    55.   165.   188.   406.   994.  1127.  1192.  1228.  1243.
   1423.  1470.  1729.  1810.  1935.]
 [    0.   124.   261.   793.   810.   880.   899.   968.  1100.  1130.
   1227.  1375.  1411.  1729.  1783.]
 [   90.   272.   337.   341.   762.   893.  1038.  1041.  1140.  1192.
   1309.  1358.  1400.  1418.  1475.]
 [   20.   198.   735.   736.   812.   822.   824.  1012.  1022.  1119.
   1122.  1190.  1288.  1319.  2004.]
 [   90.   153.   196.   588.   904.   924.   952.  1119.  1195.  1235.
   1311.  1338.  1425.  1438.  1475.]
 [    0.    20.   226.   315.   409.   473.   518.   593.   832.   839.
    931.   989.  1038.  1162.  1243.]
 [    0.    83.   183.   253.   319.   358.   443.   541.   730.   824.
    843.   888.   933.  1121.  1159.]
 [   55.   177.   212.   379.   501.   521.   585.   731.   937.  1083.
   1171.  1238.  1470.  1729.  1789.]
 [   88.   179.   204.   230.   261.   314.   367.   375.   390.   545.
    651.   735.  1042.  1092.  1186.]
 [   35.   136.   198.   288.   509.   562.   579.   660.   812.   904.
    996.  1079.  1158.  1171.  1403.]
 [    0.   134.   250.   311.   392.   406.   497.   598.   659.   671.
    735.   771.   867.  1008.  1022.]
 [    0.    54.   136.   210.   355.   464.   593.   599.   709.   735.
    950.  1044.  1069.  1122.  1173.]
 [    0.   120.   206.   253.   314.   392.   426.   493.   735.   824.
    996.  1065.  1316.  1403.  1425.]]
