optimal_status: 0
solution: 7949.0
cpu_time: 3600.190658092499
gap: 0.8476595132254836
upper_bound: 1210.954529370631
lower_bound: 7949.0
cg_matrix: [[0. 1. 0. 0. 1. 1. 1. 1. 1. 0. 0. 0. 1. 0. 0. 1. 1. 0. 0. 1. 0. 1. 1. 1.
  0. 0. 1. 1. 0. 1.]
 [1. 0. 0. 0. 1. 1. 1. 0. 1. 0. 0. 0. 0. 0. 0. 0. 0. 1. 1. 1. 0. 0. 1. 0.
  1. 1. 0. 0. 1. 1.]
 [0. 0. 0. 0. 0. 1. 1. 0. 1. 0. 1. 1. 0. 1. 0. 0. 1. 0. 0. 1. 0. 0. 0. 0.
  1. 1. 1. 1. 1. 0.]
 [0. 0. 0. 0. 1. 1. 0. 1. 0. 0. 1. 0. 1. 1. 0. 0. 0. 1. 1. 0. 0. 0. 0. 1.
  0. 1. 1. 0. 1. 0.]
 [1. 1. 0. 1. 0. 1. 0. 0. 0. 1. 1. 0. 0. 1. 0. 0. 1. 1. 0. 0. 1. 0. 0. 1.
  0. 0. 0. 1. 0. 0.]
 [1. 1. 1. 1. 1. 0. 1. 1. 0. 1. 1. 0. 1. 1. 0. 1. 0. 0. 0. 0. 0. 0. 1. 0.
  0. 0. 1. 0. 1. 1.]
 [1. 1. 1. 0. 0. 1. 0. 1. 1. 0. 0. 0. 0. 0. 1. 1. 1. 0. 0. 0. 0. 0. 1. 1.
  0. 0. 1. 1. 1. 1.]
 [1. 0. 0. 1. 0. 1. 1. 0. 1. 1. 0. 0. 0. 0. 0. 0. 1. 0. 1. 0. 0. 0. 0. 0.
  0. 0. 1. 1. 1. 0.]
 [1. 1. 1. 0. 0. 0. 1. 1. 0. 0. 1. 0. 1. 0. 0. 1. 1. 1. 0. 0. 1. 0. 1. 1.
  1. 0. 1. 1. 1. 1.]
 [0. 0. 0. 0. 1. 1. 0. 1. 0. 0. 0. 0. 0. 0. 1. 1. 1. 0. 0. 1. 1. 1. 1. 1.
  1. 0. 0. 0. 1. 1.]
 [0. 0. 1. 1. 1. 1. 0. 0. 1. 0. 0. 0. 0. 1. 1. 1. 1. 1. 1. 0. 0. 1. 0. 0.
  0. 1. 1. 1. 1. 0.]
 [0. 0. 1. 0. 0. 0. 0. 0. 0. 0. 0. 0. 1. 1. 0. 1. 1. 1. 1. 1. 1. 1. 0. 1.
  0. 1. 0. 0. 1. 1.]
 [1. 0. 0. 1. 0. 1. 0. 0. 1. 0. 0. 1. 0. 0. 0. 1. 0. 1. 1. 0. 0. 1. 1. 1.
  0. 0. 0. 0. 0. 1.]
 [0. 0. 1. 1. 1. 1. 0. 0. 0. 0. 1. 1. 0. 0. 0. 0. 1. 0. 1. 1. 0. 0. 0. 1.
  0. 0. 0. 0. 0. 1.]
 [0. 0. 0. 0. 0. 0. 1. 0. 0. 1. 1. 0. 0. 0. 0. 0. 0. 0. 0. 1. 0. 1. 1. 1.
  0. 0. 0. 1. 1. 1.]
 [1. 0. 0. 0. 0. 1. 1. 0. 1. 1. 1. 1. 1. 0. 0. 0. 0. 0. 0. 0. 0. 0. 0. 0.
  0. 0. 0. 0. 0. 0.]
 [1. 0. 1. 0. 1. 0. 1. 1. 1. 1. 1. 1. 0. 1. 0. 0. 0. 0. 0. 0. 0. 0. 0. 0.
  0. 0. 0. 0. 0. 0.]
 [0. 1. 0. 1. 1. 0. 0. 0. 1. 0. 1. 1. 1. 0. 0. 0. 0. 0. 0. 0. 0. 0. 0. 0.
  0. 0. 0. 0. 0. 0.]
 [0. 1. 0. 1. 0. 0. 0. 1. 0. 0. 1. 1. 1. 1. 0. 0. 0. 0. 0. 0. 0. 0. 0. 0.
  0. 0. 0. 0. 0. 0.]
 [1. 1. 1. 0. 0. 0. 0. 0. 0. 1. 0. 1. 0. 1. 1. 0. 0. 0. 0. 0. 0. 0. 0. 0.
  0. 0. 0. 0. 0. 0.]
 [0. 0. 0. 0. 1. 0. 0. 0. 1. 1. 0. 1. 0. 0. 0. 0. 0. 0. 0. 0. 0. 0. 0. 0.
  0. 0. 0. 0. 0. 0.]
 [1. 0. 0. 0. 0. 0. 0. 0. 0. 1. 1. 1. 1. 0. 1. 0. 0. 0. 0. 0. 0. 0. 0. 0.
  0. 0. 0. 0. 0. 0.]
 [1. 1. 0. 0. 0. 1. 1. 0. 1. 1. 0. 0. 1. 0. 1. 0. 0. 0. 0. 0. 0. 0. 0. 0.
  0. 0. 0. 0. 0. 0.]
 [1. 0. 0. 1. 1. 0. 1. 0. 1. 1. 0. 1. 1. 1. 1. 0. 0. 0. 0. 0. 0. 0. 0. 0.
  0. 0. 0. 0. 0. 0.]
 [0. 1. 1. 0. 0. 0. 0. 0. 1. 1. 0. 0. 0. 0. 0. 0. 0. 0. 0. 0. 0. 0. 0. 0.
  0. 0. 0. 0. 0. 0.]
 [0. 1. 1. 1. 0. 0. 0. 0. 0. 0. 1. 1. 0. 0. 0. 0. 0. 0. 0. 0. 0. 0. 0. 0.
  0. 0. 0. 0. 0. 0.]
 [1. 0. 1. 1. 0. 1. 1. 1. 1. 0. 1. 0. 0. 0. 0. 0. 0. 0. 0. 0. 0. 0. 0. 0.
  0. 0. 0. 0. 0. 0.]
 [1. 0. 1. 0. 1. 0. 1. 1. 1. 0. 1. 0. 0. 0. 1. 0. 0. 0. 0. 0. 0. 0. 0. 0.
  0. 0. 0. 0. 0. 0.]
 [0. 1. 1. 1. 0. 1. 1. 1. 1. 1. 1. 1. 0. 0. 1. 0. 0. 0. 0. 0. 0. 0. 0. 0.
  0. 0. 0. 0. 0. 0.]
 [1. 1. 0. 0. 0. 1. 1. 0. 1. 1. 0. 1. 1. 1. 1. 0. 0. 0. 0. 0. 0. 0. 0. 0.
  0. 0. 0. 0. 0. 0.]]
start_times_array: [[6.896e+03 7.102e+03 7.129e+03 7.282e+03 7.358e+03 7.434e+03 7.450e+03
  7.488e+03 7.560e+03 7.640e+03 7.771e+03 7.868e+03 7.873e+03 7.917e+03
  7.926e+03]
 [5.210e+02 5.680e+02 7.600e+02 9.710e+02 1.055e+03 1.225e+03 1.594e+03
  1.602e+03 1.732e+03 2.141e+03 6.497e+03 6.618e+03 6.900e+03 7.036e+03
  7.734e+03]
 [6.475e+03 6.562e+03 6.616e+03 6.692e+03 6.772e+03 6.789e+03 6.790e+03
  6.816e+03 6.852e+03 6.864e+03 6.920e+03 6.991e+03 7.112e+03 7.154e+03
  7.392e+03]
 [1.670e+02 7.760e+02 6.618e+03 6.896e+03 7.102e+03 7.282e+03 7.332e+03
  7.430e+03 7.480e+03 7.499e+03 7.581e+03 7.587e+03 7.682e+03 7.878e+03
  7.915e+03]
 [5.000e+00 5.398e+03 6.312e+03 6.475e+03 6.499e+03 6.554e+03 6.612e+03
  6.710e+03 6.788e+03 6.824e+03 6.880e+03 6.955e+03 6.977e+03 7.061e+03
  7.219e+03]
 [5.009e+03 5.046e+03 5.202e+03 5.515e+03 5.637e+03 5.730e+03 5.884e+03
  5.979e+03 5.989e+03 6.012e+03 6.060e+03 6.144e+03 6.208e+03 6.222e+03
  6.406e+03]
 [9.280e+02 4.637e+03 4.858e+03 4.971e+03 5.021e+03 5.105e+03 5.108e+03
  5.297e+03 5.374e+03 5.380e+03 5.422e+03 5.439e+03 5.608e+03 5.762e+03
  5.825e+03]
 [3.694e+03 4.323e+03 4.386e+03 4.516e+03 4.575e+03 4.631e+03 4.638e+03
  4.761e+03 4.804e+03 4.831e+03 4.885e+03 4.928e+03 4.960e+03 5.001e+03
  5.737e+03]
 [2.236e+03 2.632e+03 3.317e+03 3.476e+03 3.951e+03 3.980e+03 4.186e+03
  4.249e+03 4.274e+03 4.382e+03 4.413e+03 4.480e+03 4.507e+03 4.686e+03
  5.006e+03]
 [1.732e+03 3.198e+03 3.305e+03 3.357e+03 3.396e+03 3.483e+03 3.570e+03
  3.606e+03 3.692e+03 3.708e+03 3.914e+03 3.915e+03 3.940e+03 4.186e+03
  4.413e+03]
 [0.000e+00 5.230e+02 1.557e+03 3.272e+03 3.413e+03 3.548e+03 3.617e+03
  3.652e+03 3.674e+03 3.764e+03 3.810e+03 3.877e+03 4.020e+03 4.083e+03
  4.107e+03]
 [5.210e+02 7.620e+02 8.080e+02 3.593e+03 4.136e+03 4.187e+03 4.275e+03
  4.345e+03 4.527e+03 4.585e+03 4.605e+03 4.629e+03 4.667e+03 4.701e+03
  4.792e+03]
 [5.900e+02 5.940e+02 5.980e+02 7.870e+02 9.280e+02 9.950e+02 3.179e+03
  3.249e+03 3.396e+03 3.508e+03 3.564e+03 3.674e+03 3.847e+03 4.020e+03
  4.086e+03]
 [2.622e+03 2.829e+03 2.910e+03 2.969e+03 3.007e+03 3.059e+03 3.066e+03
  3.099e+03 3.145e+03 3.295e+03 3.333e+03 3.347e+03 3.476e+03 3.940e+03
  4.430e+03]
 [5.670e+02 7.410e+02 1.457e+03 2.366e+03 2.533e+03 2.619e+03 2.632e+03
  2.726e+03 2.751e+03 2.801e+03 2.877e+03 2.966e+03 3.007e+03 3.068e+03
  3.099e+03]
 [8.000e+01 9.120e+02 1.344e+03 1.388e+03 1.522e+03 1.975e+03 2.536e+03
  2.588e+03 2.726e+03 2.824e+03 2.897e+03 2.989e+03 3.033e+03 3.089e+03
  3.379e+03]
 [4.400e+01 5.900e+02 1.658e+03 1.802e+03 1.882e+03 1.971e+03 2.032e+03
  2.066e+03 2.150e+03 2.189e+03 2.262e+03 2.332e+03 2.416e+03 2.487e+03
  2.531e+03]
 [1.500e+01 1.270e+02 3.130e+02 6.320e+02 1.388e+03 1.515e+03 1.634e+03
  1.678e+03 1.849e+03 1.857e+03 1.934e+03 1.991e+03 2.250e+03 2.330e+03
  2.524e+03]
 [1.500e+01 1.110e+02 1.640e+02 3.190e+02 3.680e+02 4.440e+02 1.080e+03
  1.152e+03 1.634e+03 1.824e+03 1.980e+03 2.138e+03 2.140e+03 2.231e+03
  2.533e+03]
 [2.800e+01 1.334e+03 1.425e+03 1.634e+03 1.730e+03 1.806e+03 1.872e+03
  1.934e+03 1.956e+03 1.979e+03 2.071e+03 2.231e+03 2.262e+03 2.272e+03
  2.444e+03]
 [1.500e+01 1.120e+02 1.360e+02 1.590e+02 2.290e+02 2.860e+02 4.040e+02
  6.490e+02 9.590e+02 1.025e+03 1.106e+03 1.226e+03 1.304e+03 1.368e+03
  1.404e+03]
 [5.000e+00 8.700e+01 1.220e+02 2.120e+02 2.790e+02 3.490e+02 8.730e+02
  1.055e+03 1.131e+03 1.225e+03 1.365e+03 1.399e+03 1.658e+03 2.272e+03
  2.453e+03]
 [8.290e+02 1.080e+03 1.135e+03 1.259e+03 1.320e+03 1.325e+03 1.342e+03
  1.374e+03 1.636e+03 1.673e+03 1.855e+03 1.872e+03 2.027e+03 2.069e+03
  2.330e+03]
 [2.640e+02 3.730e+02 4.740e+02 6.450e+02 1.050e+03 1.080e+03 1.109e+03
  1.131e+03 1.157e+03 1.319e+03 1.332e+03 1.391e+03 1.618e+03 1.707e+03
  1.848e+03]
 [2.120e+02 3.490e+02 4.620e+02 6.160e+02 7.410e+02 7.490e+02 1.080e+03
  1.146e+03 1.166e+03 1.259e+03 1.295e+03 1.373e+03 1.425e+03 1.512e+03
  2.094e+03]
 [1.200e+01 4.300e+01 1.920e+02 3.030e+02 3.750e+02 6.160e+02 7.200e+02
  1.090e+03 1.177e+03 1.259e+03 1.342e+03 1.431e+03 1.514e+03 2.231e+03
  2.349e+03]
 [1.600e+01 9.200e+01 2.230e+02 2.860e+02 4.790e+02 6.970e+02 7.870e+02
  1.131e+03 1.226e+03 1.233e+03 1.300e+03 1.315e+03 1.503e+03 1.747e+03
  2.006e+03]
 [1.500e+01 2.900e+01 1.220e+02 3.430e+02 3.580e+02 4.420e+02 4.620e+02
  5.510e+02 5.590e+02 8.290e+02 8.980e+02 1.029e+03 1.119e+03 1.200e+03
  1.236e+03]
 [1.300e+01 7.000e+01 1.570e+02 1.650e+02 2.110e+02 2.230e+02 2.580e+02
  2.640e+02 3.600e+02 4.420e+02 4.790e+02 6.160e+02 1.080e+03 1.146e+03
  1.305e+03]
 [0.000e+00 4.000e+00 1.300e+01 2.900e+01 8.800e+01 1.170e+02 1.560e+02
  2.110e+02 2.290e+02 2.990e+02 3.130e+02 3.600e+02 4.430e+02 6.420e+02
  1.100e+03]]
