optimal_status: 0
solution: 5469.0
cpu_time: 3600.698674917221
gap: 0.6806512235201987
upper_bound: 1746.5184585680333
lower_bound: 5469.0
cg_matrix: [[0. 0. 0. 0. 1. 0. 0. 0. 0. 0. 0. 1. 1. 1. 1. 0. 0. 0. 0. 0. 1. 0. 0. 0.
  0. 0. 0. 0. 0. 1. 0. 0. 1. 0. 0. 0. 1. 0. 0. 1. 0. 0. 0. 0. 0. 0. 0. 0.
  0. 0.]
 [0. 0. 0. 0. 0. 0. 0. 1. 0. 0. 0. 0. 0. 0. 1. 0. 0. 0. 0. 0. 0. 0. 0. 0.
  0. 0. 1. 0. 0. 0. 0. 0. 0. 0. 0. 0. 0. 0. 1. 0. 0. 1. 1. 1. 1. 0. 1. 0.
  1. 0.]
 [0. 0. 0. 0. 0. 0. 0. 1. 0. 0. 0. 0. 0. 1. 0. 1. 0. 0. 0. 0. 0. 0. 0. 0.
  0. 0. 1. 1. 0. 0. 0. 0. 0. 0. 1. 0. 1. 0. 0. 0. 0. 0. 0. 0. 0. 0. 1. 0.
  0. 0.]
 [0. 0. 0. 0. 0. 0. 0. 1. 0. 0. 0. 0. 1. 0. 0. 0. 1. 0. 1. 0. 0. 0. 0. 0.
  0. 0. 0. 0. 0. 0. 0. 0. 1. 0. 0. 0. 1. 0. 0. 0. 0. 0. 0. 0. 0. 0. 0. 0.
  0. 1.]
 [1. 0. 0. 0. 0. 0. 0. 0. 0. 0. 0. 0. 0. 0. 0. 0. 0. 0. 1. 0. 0. 1. 1. 0.
  0. 0. 0. 1. 0. 0. 0. 0. 0. 0. 0. 0. 0. 1. 0. 1. 0. 0. 1. 0. 0. 1. 0. 0.
  0. 0.]
 [0. 0. 0. 0. 0. 0. 0. 1. 0. 0. 0. 0. 1. 1. 1. 0. 0. 1. 1. 0. 0. 0. 0. 0.
  0. 0. 0. 0. 0. 0. 0. 1. 1. 0. 1. 0. 0. 0. 0. 0. 1. 0. 0. 0. 0. 0. 1. 1.
  0. 0.]
 [0. 0. 0. 0. 0. 0. 0. 0. 0. 0. 0. 1. 1. 0. 1. 1. 0. 0. 0. 0. 1. 0. 1. 0.
  0. 1. 0. 0. 0. 0. 0. 0. 0. 1. 0. 0. 0. 0. 1. 0. 0. 0. 0. 0. 0. 0. 1. 0.
  1. 0.]
 [0. 1. 1. 1. 0. 1. 0. 0. 1. 0. 1. 0. 0. 0. 0. 1. 0. 0. 0. 0. 1. 0. 0. 0.
  0. 0. 1. 1. 1. 0. 0. 1. 1. 0. 0. 0. 0. 0. 0. 0. 1. 0. 1. 0. 0. 1. 0. 0.
  1. 0.]
 [0. 0. 0. 0. 0. 0. 0. 1. 0. 0. 0. 1. 1. 0. 0. 0. 0. 0. 0. 0. 0. 0. 0. 0.
  0. 0. 0. 0. 1. 0. 1. 0. 0. 0. 0. 0. 0. 1. 0. 0. 1. 0. 0. 0. 1. 0. 0. 1.
  0. 1.]
 [0. 0. 0. 0. 0. 0. 0. 0. 0. 0. 1. 0. 1. 0. 0. 0. 0. 1. 1. 0. 1. 0. 0. 0.
  0. 0. 0. 0. 0. 0. 0. 0. 0. 0. 0. 1. 0. 0. 0. 0. 0. 0. 0. 0. 0. 0. 0. 1.
  0. 0.]
 [0. 0. 0. 0. 0. 0. 0. 1. 0. 1. 0. 0. 0. 0. 0. 0. 0. 0. 0. 1. 0. 0. 0. 0.
  1. 0. 0. 0. 0. 0. 0. 0. 1. 0. 0. 1. 0. 0. 0. 0. 1. 0. 0. 0. 0. 0. 0. 1.
  0. 0.]
 [1. 0. 0. 0. 0. 0. 1. 0. 1. 0. 0. 0. 1. 1. 0. 0. 0. 0. 0. 0. 0. 0. 0. 0.
  0. 1. 0. 0. 0. 0. 0. 0. 1. 0. 1. 0. 1. 0. 0. 0. 0. 0. 0. 0. 0. 0. 1. 0.
  0. 0.]
 [1. 0. 0. 1. 0. 1. 1. 0. 1. 1. 0. 1. 0. 0. 0. 0. 0. 0. 0. 0. 0. 0. 0. 0.
  1. 1. 0. 0. 0. 0. 0. 0. 0. 0. 0. 0. 0. 0. 0. 0. 1. 0. 0. 1. 0. 0. 0. 0.
  0. 0.]
 [1. 0. 1. 0. 0. 1. 0. 0. 0. 0. 0. 1. 0. 0. 0. 0. 0. 0. 0. 0. 1. 0. 0. 0.
  0. 0. 0. 0. 0. 0. 0. 0. 0. 0. 0. 0. 0. 0. 0. 0. 0. 0. 0. 0. 1. 0. 0. 0.
  0. 0.]
 [1. 1. 0. 0. 0. 1. 1. 0. 0. 0. 0. 0. 0. 0. 0. 0. 0. 0. 0. 0. 0. 1. 0. 0.
  0. 0. 0. 0. 1. 0. 0. 0. 0. 1. 1. 0. 0. 1. 0. 0. 0. 0. 0. 0. 0. 1. 0. 0.
  0. 0.]
 [0. 0. 1. 0. 0. 0. 1. 1. 0. 0. 0. 0. 0. 0. 0. 0. 0. 0. 0. 0. 0. 0. 0. 0.
  0. 0. 0. 0. 0. 0. 0. 0. 0. 0. 0. 0. 0. 0. 0. 0. 0. 0. 0. 0. 0. 0. 0. 0.
  0. 0.]
 [0. 0. 0. 1. 0. 0. 0. 0. 0. 0. 0. 0. 0. 0. 0. 0. 0. 0. 0. 0. 0. 0. 0. 0.
  0. 0. 0. 0. 0. 0. 0. 0. 0. 0. 0. 0. 0. 0. 0. 0. 0. 0. 0. 0. 0. 0. 0. 0.
  0. 0.]
 [0. 0. 0. 0. 0. 1. 0. 0. 0. 1. 0. 0. 0. 0. 0. 0. 0. 0. 0. 0. 0. 0. 0. 0.
  0. 0. 0. 0. 0. 0. 0. 0. 0. 0. 0. 0. 0. 0. 0. 0. 0. 0. 0. 0. 0. 0. 0. 0.
  0. 0.]
 [0. 0. 0. 1. 1. 1. 0. 0. 0. 1. 0. 0. 0. 0. 0. 0. 0. 0. 0. 0. 0. 0. 0. 0.
  0. 0. 0. 0. 0. 0. 0. 0. 0. 0. 0. 0. 0. 0. 0. 0. 0. 0. 0. 0. 0. 0. 0. 0.
  0. 0.]
 [0. 0. 0. 0. 0. 0. 0. 0. 0. 0. 1. 0. 0. 0. 0. 0. 0. 0. 0. 0. 0. 0. 0. 0.
  0. 0. 0. 0. 0. 0. 0. 0. 0. 0. 0. 0. 0. 0. 0. 0. 0. 0. 0. 0. 0. 0. 0. 0.
  0. 0.]
 [1. 0. 0. 0. 0. 0. 1. 1. 0. 1. 0. 0. 0. 1. 0. 0. 0. 0. 0. 0. 0. 0. 0. 0.
  0. 0. 0. 0. 0. 0. 0. 0. 0. 0. 0. 0. 0. 0. 0. 0. 0. 0. 0. 0. 0. 0. 0. 0.
  0. 0.]
 [0. 0. 0. 0. 1. 0. 0. 0. 0. 0. 0. 0. 0. 0. 1. 0. 0. 0. 0. 0. 0. 0. 0. 0.
  0. 0. 0. 0. 0. 0. 0. 0. 0. 0. 0. 0. 0. 0. 0. 0. 0. 0. 0. 0. 0. 0. 0. 0.
  0. 0.]
 [0. 0. 0. 0. 1. 0. 1. 0. 0. 0. 0. 0. 0. 0. 0. 0. 0. 0. 0. 0. 0. 0. 0. 0.
  0. 0. 0. 0. 0. 0. 0. 0. 0. 0. 0. 0. 0. 0. 0. 0. 0. 0. 0. 0. 0. 0. 0. 0.
  0. 0.]
 [0. 0. 0. 0. 0. 0. 0. 0. 0. 0. 0. 0. 0. 0. 0. 0. 0. 0. 0. 0. 0. 0. 0. 0.
  0. 0. 0. 0. 0. 0. 0. 0. 0. 0. 0. 0. 0. 0. 0. 0. 0. 0. 0. 0. 0. 0. 0. 0.
  0. 0.]
 [0. 0. 0. 0. 0. 0. 0. 0. 0. 0. 1. 0. 1. 0. 0. 0. 0. 0. 0. 0. 0. 0. 0. 0.
  0. 0. 0. 0. 0. 0. 0. 0. 0. 0. 0. 0. 0. 0. 0. 0. 0. 0. 0. 0. 0. 0. 0. 0.
  0. 0.]
 [0. 0. 0. 0. 0. 0. 1. 0. 0. 0. 0. 1. 1. 0. 0. 0. 0. 0. 0. 0. 0. 0. 0. 0.
  0. 0. 0. 0. 0. 0. 0. 0. 0. 0. 0. 0. 0. 0. 0. 0. 0. 0. 0. 0. 0. 0. 0. 0.
  0. 0.]
 [0. 1. 1. 0. 0. 0. 0. 1. 0. 0. 0. 0. 0. 0. 0. 0. 0. 0. 0. 0. 0. 0. 0. 0.
  0. 0. 0. 0. 0. 0. 0. 0. 0. 0. 0. 0. 0. 0. 0. 0. 0. 0. 0. 0. 0. 0. 0. 0.
  0. 0.]
 [0. 0. 1. 0. 1. 0. 0. 1. 0. 0. 0. 0. 0. 0. 0. 0. 0. 0. 0. 0. 0. 0. 0. 0.
  0. 0. 0. 0. 0. 0. 0. 0. 0. 0. 0. 0. 0. 0. 0. 0. 0. 0. 0. 0. 0. 0. 0. 0.
  0. 0.]
 [0. 0. 0. 0. 0. 0. 0. 1. 1. 0. 0. 0. 0. 0. 1. 0. 0. 0. 0. 0. 0. 0. 0. 0.
  0. 0. 0. 0. 0. 0. 0. 0. 0. 0. 0. 0. 0. 0. 0. 0. 0. 0. 0. 0. 0. 0. 0. 0.
  0. 0.]
 [1. 0. 0. 0. 0. 0. 0. 0. 0. 0. 0. 0. 0. 0. 0. 0. 0. 0. 0. 0. 0. 0. 0. 0.
  0. 0. 0. 0. 0. 0. 0. 0. 0. 0. 0. 0. 0. 0. 0. 0. 0. 0. 0. 0. 0. 0. 0. 0.
  0. 0.]
 [0. 0. 0. 0. 0. 0. 0. 0. 1. 0. 0. 0. 0. 0. 0. 0. 0. 0. 0. 0. 0. 0. 0. 0.
  0. 0. 0. 0. 0. 0. 0. 0. 0. 0. 0. 0. 0. 0. 0. 0. 0. 0. 0. 0. 0. 0. 0. 0.
  0. 0.]
 [0. 0. 0. 0. 0. 1. 0. 1. 0. 0. 0. 0. 0. 0. 0. 0. 0. 0. 0. 0. 0. 0. 0. 0.
  0. 0. 0. 0. 0. 0. 0. 0. 0. 0. 0. 0. 0. 0. 0. 0. 0. 0. 0. 0. 0. 0. 0. 0.
  0. 0.]
 [1. 0. 0. 1. 0. 1. 0. 1. 0. 0. 1. 1. 0. 0. 0. 0. 0. 0. 0. 0. 0. 0. 0. 0.
  0. 0. 0. 0. 0. 0. 0. 0. 0. 0. 0. 0. 0. 0. 0. 0. 0. 0. 0. 0. 0. 0. 0. 0.
  0. 0.]
 [0. 0. 0. 0. 0. 0. 1. 0. 0. 0. 0. 0. 0. 0. 1. 0. 0. 0. 0. 0. 0. 0. 0. 0.
  0. 0. 0. 0. 0. 0. 0. 0. 0. 0. 0. 0. 0. 0. 0. 0. 0. 0. 0. 0. 0. 0. 0. 0.
  0. 0.]
 [0. 0. 1. 0. 0. 1. 0. 0. 0. 0. 0. 1. 0. 0. 1. 0. 0. 0. 0. 0. 0. 0. 0. 0.
  0. 0. 0. 0. 0. 0. 0. 0. 0. 0. 0. 0. 0. 0. 0. 0. 0. 0. 0. 0. 0. 0. 0. 0.
  0. 0.]
 [0. 0. 0. 0. 0. 0. 0. 0. 0. 1. 1. 0. 0. 0. 0. 0. 0. 0. 0. 0. 0. 0. 0. 0.
  0. 0. 0. 0. 0. 0. 0. 0. 0. 0. 0. 0. 0. 0. 0. 0. 0. 0. 0. 0. 0. 0. 0. 0.
  0. 0.]
 [1. 0. 1. 1. 0. 0. 0. 0. 0. 0. 0. 1. 0. 0. 0. 0. 0. 0. 0. 0. 0. 0. 0. 0.
  0. 0. 0. 0. 0. 0. 0. 0. 0. 0. 0. 0. 0. 0. 0. 0. 0. 0. 0. 0. 0. 0. 0. 0.
  0. 0.]
 [0. 0. 0. 0. 1. 0. 0. 0. 1. 0. 0. 0. 0. 0. 1. 0. 0. 0. 0. 0. 0. 0. 0. 0.
  0. 0. 0. 0. 0. 0. 0. 0. 0. 0. 0. 0. 0. 0. 0. 0. 0. 0. 0. 0. 0. 0. 0. 0.
  0. 0.]
 [0. 1. 0. 0. 0. 0. 1. 0. 0. 0. 0. 0. 0. 0. 0. 0. 0. 0. 0. 0. 0. 0. 0. 0.
  0. 0. 0. 0. 0. 0. 0. 0. 0. 0. 0. 0. 0. 0. 0. 0. 0. 0. 0. 0. 0. 0. 0. 0.
  0. 0.]
 [1. 0. 0. 0. 1. 0. 0. 0. 0. 0. 0. 0. 0. 0. 0. 0. 0. 0. 0. 0. 0. 0. 0. 0.
  0. 0. 0. 0. 0. 0. 0. 0. 0. 0. 0. 0. 0. 0. 0. 0. 0. 0. 0. 0. 0. 0. 0. 0.
  0. 0.]
 [0. 0. 0. 0. 0. 1. 0. 1. 1. 0. 1. 0. 1. 0. 0. 0. 0. 0. 0. 0. 0. 0. 0. 0.
  0. 0. 0. 0. 0. 0. 0. 0. 0. 0. 0. 0. 0. 0. 0. 0. 0. 0. 0. 0. 0. 0. 0. 0.
  0. 0.]
 [0. 1. 0. 0. 0. 0. 0. 0. 0. 0. 0. 0. 0. 0. 0. 0. 0. 0. 0. 0. 0. 0. 0. 0.
  0. 0. 0. 0. 0. 0. 0. 0. 0. 0. 0. 0. 0. 0. 0. 0. 0. 0. 0. 0. 0. 0. 0. 0.
  0. 0.]
 [0. 1. 0. 0. 1. 0. 0. 1. 0. 0. 0. 0. 0. 0. 0. 0. 0. 0. 0. 0. 0. 0. 0. 0.
  0. 0. 0. 0. 0. 0. 0. 0. 0. 0. 0. 0. 0. 0. 0. 0. 0. 0. 0. 0. 0. 0. 0. 0.
  0. 0.]
 [0. 1. 0. 0. 0. 0. 0. 0. 0. 0. 0. 0. 1. 0. 0. 0. 0. 0. 0. 0. 0. 0. 0. 0.
  0. 0. 0. 0. 0. 0. 0. 0. 0. 0. 0. 0. 0. 0. 0. 0. 0. 0. 0. 0. 0. 0. 0. 0.
  0. 0.]
 [0. 1. 0. 0. 0. 0. 0. 0. 1. 0. 0. 0. 0. 1. 0. 0. 0. 0. 0. 0. 0. 0. 0. 0.
  0. 0. 0. 0. 0. 0. 0. 0. 0. 0. 0. 0. 0. 0. 0. 0. 0. 0. 0. 0. 0. 0. 0. 0.
  0. 0.]
 [0. 0. 0. 0. 1. 0. 0. 1. 0. 0. 0. 0. 0. 0. 1. 0. 0. 0. 0. 0. 0. 0. 0. 0.
  0. 0. 0. 0. 0. 0. 0. 0. 0. 0. 0. 0. 0. 0. 0. 0. 0. 0. 0. 0. 0. 0. 0. 0.
  0. 0.]
 [0. 1. 1. 0. 0. 1. 1. 0. 0. 0. 0. 1. 0. 0. 0. 0. 0. 0. 0. 0. 0. 0. 0. 0.
  0. 0. 0. 0. 0. 0. 0. 0. 0. 0. 0. 0. 0. 0. 0. 0. 0. 0. 0. 0. 0. 0. 0. 0.
  0. 0.]
 [0. 0. 0. 0. 0. 1. 0. 0. 1. 1. 1. 0. 0. 0. 0. 0. 0. 0. 0. 0. 0. 0. 0. 0.
  0. 0. 0. 0. 0. 0. 0. 0. 0. 0. 0. 0. 0. 0. 0. 0. 0. 0. 0. 0. 0. 0. 0. 0.
  0. 0.]
 [0. 1. 0. 0. 0. 0. 1. 1. 0. 0. 0. 0. 0. 0. 0. 0. 0. 0. 0. 0. 0. 0. 0. 0.
  0. 0. 0. 0. 0. 0. 0. 0. 0. 0. 0. 0. 0. 0. 0. 0. 0. 0. 0. 0. 0. 0. 0. 0.
  0. 0.]
 [0. 0. 0. 1. 0. 0. 0. 0. 1. 0. 0. 0. 0. 0. 0. 0. 0. 0. 0. 0. 0. 0. 0. 0.
  0. 0. 0. 0. 0. 0. 0. 0. 0. 0. 0. 0. 0. 0. 0. 0. 0. 0. 0. 0. 0. 0. 0. 0.
  0. 0.]]
start_times_array: [[8.34000000e+02 1.39500000e+03 1.43800000e+03 1.74800000e+03
  2.33100000e+03 2.94700000e+03 2.96800000e+03 3.15700000e+03
  3.27900000e+03 3.34200000e+03 3.91900000e+03 4.34300000e+03
  4.61100000e+03 4.94600000e+03 5.19500000e+03]
 [3.47000000e+02 5.08000000e+02 6.55000000e+02 1.13800000e+03
  1.45400000e+03 1.80300000e+03 2.21300000e+03 2.93700000e+03
  3.27900000e+03 3.28900000e+03 3.59600000e+03 4.08700000e+03
  4.43900000e+03 4.61100000e+03 5.25100000e+03]
 [3.09000000e+02 5.21000000e+02 8.02000000e+02 1.30300000e+03
  1.64500000e+03 1.76500000e+03 1.78200000e+03 2.50700000e+03
  2.76000000e+03 3.27900000e+03 3.67700000e+03 4.57100000e+03
  4.98800000e+03 5.24500000e+03 5.40900000e+03]
 [2.00000000e+00 1.12900000e+03 1.98300000e+03 2.15900000e+03
  2.16100000e+03 2.66600000e+03 3.25500000e+03 3.45100000e+03
  3.71000000e+03 3.76500000e+03 3.96800000e+03 4.40400000e+03
  4.55200000e+03 5.12400000e+03 5.30400000e+03]
 [8.10000000e+01 1.61000000e+02 3.20000000e+02 5.71000000e+02
  8.80000000e+02 1.12900000e+03 1.32000000e+03 1.50500000e+03
  1.68900000e+03 1.84700000e+03 2.66600000e+03 2.78400000e+03
  3.03600000e+03 3.22200000e+03 3.58600000e+03]
 [3.60000000e+01 3.18000000e+02 6.33000000e+02 1.27200000e+03
  1.39500000e+03 1.76500000e+03 2.03000000e+03 2.03600000e+03
  2.33100000e+03 2.66600000e+03 3.07200000e+03 3.71100000e+03
  4.24200000e+03 4.42700000e+03 5.12600000e+03]
 [8.10000000e+01 2.27000000e+02 5.93000000e+02 7.47000000e+02
  1.05800000e+03 1.80300000e+03 2.13900000e+03 2.67300000e+03
  2.82500000e+03 3.48100000e+03 3.78300000e+03 4.20500000e+03
  4.61100000e+03 4.83500000e+03 5.14000000e+03]
 [1.55000000e+02 2.52000000e+02 4.16000000e+02 7.13000000e+02
  9.96000000e+02 1.58100000e+03 1.94900000e+03 2.56900000e+03
  2.98800000e+03 3.39000000e+03 3.64500000e+03 4.03900000e+03
  4.32600000e+03 4.90700000e+03 5.33900000e+03]
 [5.02000000e+02 8.19000000e+02 9.78000000e+02 1.14100000e+03
  1.99900000e+03 2.34100000e+03 2.67300000e+03 3.14500000e+03
  3.45100000e+03 3.69800000e+03 4.17300000e+03 4.45700000e+03
  4.66800000e+03 4.99500000e+03 5.30400000e+03]
 [0.00000000e+00 1.33000000e+02 3.57000000e+02 7.43000000e+02
  9.72000000e+02 1.12900000e+03 1.45400000e+03 2.15700000e+03
  2.58200000e+03 2.88200000e+03 3.25500000e+03 3.78300000e+03
  4.58800000e+03 4.83500000e+03 5.22200000e+03]
 [7.90000000e+01 6.33000000e+02 8.56000000e+02 1.39500000e+03
  1.66700000e+03 1.99900000e+03 2.33100000e+03 2.50300000e+03
  2.66600000e+03 3.07200000e+03 3.52600000e+03 3.95700000e+03
  4.37100000e+03 4.66800000e+03 5.27600000e+03]
 [2.00000000e+00 2.34000000e+02 3.18000000e+02 5.34000000e+02
  6.25000000e+02 8.80000000e+02 1.48000000e+03 1.64500000e+03
  2.50800000e+03 2.64200000e+03 2.74600000e+03 3.50800000e+03
  4.08300000e+03 4.37100000e+03 5.39200000e+03]
 [1.56000000e+02 4.19000000e+02 1.33600000e+03 1.57700000e+03
  1.86900000e+03 2.24800000e+03 2.42100000e+03 2.99500000e+03
  3.20600000e+03 3.57700000e+03 3.99400000e+03 3.99800000e+03
  4.30200000e+03 4.50300000e+03 5.22700000e+03]
 [7.40000000e+01 3.63000000e+02 1.10800000e+03 1.15400000e+03
  1.52100000e+03 1.57700000e+03 2.42200000e+03 2.82500000e+03
  3.17400000e+03 3.57700000e+03 3.98300000e+03 4.50300000e+03
  4.68300000e+03 4.88700000e+03 5.36400000e+03]
 [3.56000000e+02 1.66100000e+03 2.09700000e+03 2.42100000e+03
  2.58200000e+03 2.89800000e+03 2.99500000e+03 3.18100000e+03
  3.64500000e+03 3.86700000e+03 4.29600000e+03 4.30400000e+03
  4.57100000e+03 4.90700000e+03 5.00100000e+03]
 [1.14800000e+03 1.21300000e+03 1.98300000e+03 2.10900000e+03
  2.21500000e+03 2.72600000e+03 2.88200000e+03 3.07200000e+03
  3.69500000e+03 4.08700000e+03 4.25400000e+03 4.75500000e+03
  5.07500000e+03 5.19300000e+03 5.27600000e+03]
 [2.27000000e+02 3.77000000e+02 4.27000000e+02 4.61000000e+02
  9.05000000e+02 2.48000000e+03 2.56500000e+03 2.57400000e+03
  3.33300000e+03 3.83300000e+03 4.15200000e+03 4.29400000e+03
  4.29600000e+03 4.30200000e+03 5.00700054e+03]
 [8.10000000e+01 3.20000000e+02 4.41000000e+02 2.36000000e+03
  2.72300000e+03 2.94600000e+03 2.96800000e+03 3.15800000e+03
  3.48200000e+03 3.99800000e+03 4.36100000e+03 4.39900000e+03
  4.96700000e+03 5.21500000e+03 5.39900000e+03]
 [1.08900000e+03 1.86900000e+03 1.92400000e+03 1.94900000e+03
  2.09900000e+03 2.36000000e+03 2.39200000e+03 2.75500000e+03
  2.93700000e+03 3.34200000e+03 3.39700000e+03 3.87600000e+03
  4.08700000e+03 4.66800000e+03 5.22700000e+03]
 [6.89000000e+02 7.23000000e+02 1.48000000e+03 1.57900000e+03
  1.86100000e+03 2.06700000e+03 2.13900000e+03 2.51200000e+03
  2.56900000e+03 2.80700000e+03 3.33300000e+03 3.63800000e+03
  3.87600000e+03 4.03900000e+03 4.90200054e+03]
 [2.70000000e+02 3.09000000e+02 6.25000000e+02 9.10000000e+02
  1.21300000e+03 1.86900000e+03 2.07400000e+03 2.24500000e+03
  2.73400000e+03 3.07200000e+03 3.67700000e+03 3.74700000e+03
  4.08700000e+03 4.68400000e+03 5.07500000e+03]
 [2.14000000e+02 7.03000000e+02 7.25000000e+02 9.70000000e+02
  1.27200000e+03 1.46300000e+03 1.99900000e+03 2.13900000e+03
  2.48000000e+03 2.90100000e+03 3.43000000e+03 3.71100000e+03
  4.20500000e+03 4.61100000e+03 5.05100000e+03]
 [1.30000000e+01 6.10000000e+01 2.56000000e+02 6.52000000e+02
  1.14800000e+03 1.43800000e+03 1.58100000e+03 2.03000000e+03
  2.34200000e+03 2.87100000e+03 2.94700000e+03 3.71100000e+03
  4.30400000e+03 4.38600000e+03 4.45600000e+03]
 [7.40000000e+01 1.21000000e+02 4.10000000e+02 6.18000000e+02
  7.13000000e+02 7.93000000e+02 2.15700000e+03 2.38700000e+03
  2.55100000e+03 2.63800000e+03 2.96600000e+03 3.77500000e+03
  3.83300000e+03 4.38600000e+03 4.58800000e+03]
 [2.52000000e+02 6.87000000e+02 9.10000000e+02 1.52100000e+03
  2.06700000e+03 2.25700000e+03 2.53500000e+03 3.32000000e+03
  3.72700000e+03 4.03900000e+03 4.38100000e+03 4.55200000e+03
  4.75500000e+03 4.78300000e+03 5.39900000e+03]
 [6.85000000e+02 9.81000000e+02 1.14800000e+03 1.55200000e+03
  1.56700000e+03 1.95200000e+03 1.98600000e+03 2.03800000e+03
  2.25700000e+03 2.87100000e+03 3.91200000e+03 4.03300000e+03
  4.25400000e+03 4.68300000e+03 4.85700000e+03]
 [4.20000000e+01 6.70000000e+01 8.98000000e+02 1.34900000e+03
  2.09500000e+03 2.31200000e+03 2.66600000e+03 2.85400000e+03
  3.45100000e+03 3.50200000e+03 3.53600000e+03 3.71200000e+03
  4.48700000e+03 5.07500000e+03 5.40000000e+03]
 [1.14800000e+03 1.24100000e+03 2.18900000e+03 2.82400000e+03
  3.09000000e+03 3.37000000e+03 3.48800000e+03 3.48900000e+03
  3.69500000e+03 3.79500000e+03 4.08700000e+03 4.19300000e+03
  4.68400000e+03 5.15600000e+03 5.27600000e+03]
 [1.00000000e+00 7.90000000e+01 5.34000000e+02 8.30000000e+02
  1.08900000e+03 1.28100000e+03 1.34100000e+03 2.27400000e+03
  2.74600000e+03 3.07200000e+03 3.28900000e+03 3.46600000e+03
  3.76500000e+03 4.81500000e+03 5.05100000e+03]
 [0.00000000e+00 5.90000000e+01 1.23600000e+03 1.53900000e+03
  2.21500000e+03 2.27000000e+03 2.42100000e+03 2.45000000e+03
  2.48300000e+03 2.99500000e+03 3.43000000e+03 3.58600000e+03
  4.12700000e+03 4.86300000e+03 5.33600000e+03]
 [1.30000000e+01 2.80000000e+02 3.86000000e+02 5.34000000e+02
  7.55000000e+02 8.30000000e+02 1.80100000e+03 2.15600000e+03
  2.77200000e+03 3.20600000e+03 3.27900000e+03 3.59600000e+03
  3.69700000e+03 3.83500000e+03 4.73300000e+03]
 [1.00000000e+00 3.20000000e+02 8.02000000e+02 1.08900000e+03
  1.09700000e+03 1.64400000e+03 2.07200000e+03 2.72300000e+03
  2.88500000e+03 3.17400000e+03 3.45100000e+03 4.08700000e+03
  4.39900000e+03 4.40800000e+03 5.04500000e+03]
 [0.00000000e+00 3.47000000e+02 3.67000000e+02 8.02000000e+02
  1.22300000e+03 1.46300000e+03 2.07400000e+03 2.25200000e+03
  2.90700000e+03 3.17400000e+03 3.67700000e+03 3.86600000e+03
  4.14700000e+03 4.75500000e+03 4.81500000e+03]
 [1.20000000e+02 2.34000000e+02 6.33000000e+02 8.21000000e+02
  8.98000000e+02 1.18300000e+03 1.73700000e+03 2.21500000e+03
  2.48000000e+03 3.05100000e+03 3.71100000e+03 4.13200000e+03
  4.73300000e+03 4.79600000e+03 5.33200000e+03]
 [9.20000000e+01 4.08000000e+02 4.41000000e+02 6.89000000e+02
  9.78000000e+02 1.73700000e+03 2.24500000e+03 2.36000000e+03
  2.48000000e+03 2.90100000e+03 3.42800000e+03 3.91900000e+03
  3.98100000e+03 4.50300000e+03 4.79600000e+03]
 [1.56000000e+02 2.52000000e+02 4.41000000e+02 6.87000000e+02
  7.03000000e+02 1.18300000e+03 1.57900000e+03 1.86300000e+03
  1.93500000e+03 2.25700000e+03 2.78400000e+03 2.95200000e+03
  3.87600000e+03 4.27700000e+03 5.33900000e+03]
 [7.40000000e+01 3.63000000e+02 4.10000000e+02 6.85000000e+02
  7.23000000e+02 2.82500000e+03 2.85800000e+03 3.17400000e+03
  3.57700000e+03 3.88600000e+03 4.66100000e+03 4.84500000e+03
  4.86300000e+03 5.21700000e+03 5.27600000e+03]
 [2.00000000e+00 1.10000000e+01 2.50000000e+01 9.40000000e+01
  1.58600000e+03 1.86200000e+03 1.94500000e+03 2.18100000e+03
  2.48300000e+03 2.74600000e+03 3.51400000e+03 3.76500000e+03
  3.83500000e+03 4.76400000e+03 5.12400000e+03]
 [4.15000000e+02 8.80000000e+02 1.05200000e+03 1.63200000e+03
  1.95300000e+03 1.97200000e+03 2.31900000e+03 2.98800000e+03
  3.13000000e+03 3.43600000e+03 3.86600000e+03 4.15200000e+03
  4.25400000e+03 4.29300000e+03 5.30200000e+03]
 [0.00000000e+00 8.60000000e+01 2.14000000e+02 3.84000000e+02
  6.87000000e+02 9.70000000e+02 1.14400000e+03 1.58100000e+03
  1.97000000e+03 2.03300000e+03 2.50800000e+03 2.72600000e+03
  2.82400000e+03 3.47800000e+03 3.63800000e+03]
 [2.70000000e+02 8.02000000e+02 8.30000000e+02 1.45400000e+03
  2.13100000e+03 2.16500000e+03 2.20300000e+03 2.74600000e+03
  3.37400000e+03 3.78000000e+03 4.08700000e+03 4.55200000e+03
  4.75500000e+03 4.80100000e+03 4.98800000e+03]
 [0.00000000e+00 4.50000000e+01 1.56000000e+02 8.37000000e+02
  9.05000000e+02 1.10800000e+03 1.55600000e+03 1.63500000e+03
  2.07200000e+03 2.98800000e+03 3.32000000e+03 3.87600000e+03
  4.48700000e+03 5.16900000e+03 5.44000000e+03]
 [0.00000000e+00 5.93000000e+02 1.64400000e+03 1.98300000e+03
  2.03600000e+03 2.06700000e+03 2.29400000e+03 3.09000000e+03
  3.32000000e+03 3.74700000e+03 4.49400000e+03 4.82100000e+03
  4.98800000e+03 5.03800000e+03 5.04800000e+03]
 [2.27000000e+02 4.16000000e+02 7.47000000e+02 8.50000000e+02
  9.51000000e+02 1.68900000e+03 2.09700000e+03 2.36000000e+03
  2.66500000e+03 3.14500000e+03 3.32000000e+03 3.48100000e+03
  3.48200000e+03 4.16700000e+03 4.34900000e+03]
 [1.32000000e+02 1.05800000e+03 1.86100000e+03 1.98300000e+03
  2.09500000e+03 2.18100000e+03 2.74600000e+03 2.74800000e+03
  2.77000000e+03 3.07200000e+03 3.46600000e+03 3.64500000e+03
  3.76500000e+03 4.20700000e+03 5.03900000e+03]
 [5.14000000e+02 5.85000000e+02 6.07000000e+02 9.70000000e+02
  1.13700000e+03 1.28300000e+03 1.74800000e+03 2.48000000e+03
  2.82400000e+03 2.87100000e+03 2.90100000e+03 3.45100000e+03
  4.08700000e+03 5.05100000e+03 5.13200000e+03]
 [1.58000000e+02 3.63000000e+02 3.77000000e+02 1.15400000e+03
  1.55200000e+03 1.73200000e+03 1.86900000e+03 1.95200000e+03
  2.55800000e+03 3.25200000e+03 3.43500000e+03 3.99000000e+03
  4.29600000e+03 4.90700000e+03 4.97700000e+03]
 [1.56000000e+02 5.34000000e+02 6.18000000e+02 1.33600000e+03
  1.86100000e+03 1.94600000e+03 2.24500000e+03 2.51200000e+03
  2.97800000e+03 3.34200000e+03 3.64500000e+03 4.03900000e+03
  4.40800000e+03 4.57100000e+03 5.03900000e+03]
 [0.00000000e+00 6.25000000e+02 8.30000000e+02 1.30300000e+03
  1.34900000e+03 1.36200000e+03 1.70700000e+03 1.80100000e+03
  1.98300000e+03 2.29400000e+03 3.07200000e+03 3.88300000e+03
  4.25400000e+03 4.29300000e+03 4.98800000e+03]
 [5.00000000e+00 3.40000000e+01 9.40000000e+01 3.57000000e+02
  9.96000000e+02 1.22300000e+03 1.80300000e+03 2.43000000e+03
  2.45200000e+03 3.77500000e+03 3.79500000e+03 3.99000000e+03
  4.26500000e+03 4.52800000e+03 4.88200000e+03]]
