optimal_status: 0
solution: 9919.0
cpu_time: 3600.07381606102
gap: 0.882715804089155
upper_bound: 1163.3419392396725
lower_bound: 9919.0
cg_matrix: [[0. 1. 1. 1. 1. 1. 1. 1. 1. 1. 1. 1. 1. 0. 1. 1. 1. 1. 0. 1.]
 [1. 0. 1. 1. 1. 1. 1. 1. 1. 1. 0. 1. 0. 1. 1. 1. 1. 0. 0. 0.]
 [1. 1. 0. 1. 1. 1. 1. 1. 1. 1. 1. 1. 1. 1. 1. 1. 1. 1. 1. 1.]
 [1. 1. 1. 0. 1. 0. 1. 1. 1. 1. 1. 1. 1. 0. 0. 0. 0. 1. 1. 1.]
 [1. 1. 1. 1. 0. 1. 1. 1. 1. 1. 1. 1. 1. 0. 1. 1. 1. 0. 1. 1.]
 [1. 1. 1. 0. 1. 0. 1. 0. 1. 1. 0. 1. 1. 1. 1. 0. 1. 0. 1. 1.]
 [1. 1. 1. 1. 1. 1. 0. 0. 1. 1. 1. 1. 1. 1. 1. 1. 1. 1. 1. 1.]
 [1. 1. 1. 1. 1. 0. 0. 0. 1. 0. 1. 1. 1. 1. 1. 0. 0. 1. 1. 0.]
 [1. 1. 1. 1. 1. 1. 1. 1. 0. 1. 1. 1. 1. 1. 1. 1. 1. 0. 1. 1.]
 [1. 1. 1. 1. 1. 1. 1. 0. 1. 0. 0. 1. 0. 1. 1. 1. 1. 1. 1. 1.]
 [1. 0. 1. 1. 1. 0. 1. 1. 1. 0. 0. 0. 1. 0. 1. 1. 1. 1. 1. 1.]
 [1. 1. 1. 1. 1. 1. 1. 1. 1. 1. 0. 0. 1. 1. 1. 1. 1. 0. 1. 1.]
 [1. 0. 1. 1. 1. 1. 1. 1. 1. 0. 1. 1. 0. 1. 0. 1. 1. 1. 1. 1.]
 [0. 1. 1. 0. 0. 1. 1. 1. 1. 1. 0. 1. 1. 0. 0. 1. 1. 0. 1. 1.]
 [1. 1. 1. 0. 1. 1. 1. 1. 1. 1. 1. 1. 0. 0. 0. 1. 0. 1. 1. 1.]
 [1. 1. 1. 0. 1. 0. 1. 0. 1. 1. 1. 1. 1. 1. 1. 0. 0. 0. 0. 0.]
 [1. 1. 1. 0. 1. 1. 1. 0. 1. 1. 1. 1. 1. 1. 0. 0. 0. 0. 0. 0.]
 [1. 0. 1. 1. 0. 0. 1. 1. 0. 1. 1. 0. 1. 0. 1. 0. 0. 0. 0. 0.]
 [0. 0. 1. 1. 1. 1. 1. 1. 1. 1. 1. 1. 1. 1. 1. 0. 0. 0. 0. 0.]
 [1. 0. 1. 1. 1. 1. 1. 0. 1. 1. 1. 1. 1. 1. 1. 0. 0. 0. 0. 0.]]
start_times_array: [[ 556.  611. 8844. 9055. 9402. 9410. 9431. 9495. 9502. 9582. 9669. 9728.
  9736. 9827. 9838.]
 [ 295. 8388. 8651. 8768. 8892. 8901. 8924. 9004. 9114. 9160. 9263. 9331.
  9382. 9397. 9587.]
 [7857. 7941. 8038. 8153. 8223. 8256. 8287. 8307. 8346. 8464. 8497. 8567.
  8691. 8714. 9208.]
 [6222. 6348. 6592. 6606. 6642. 7253. 7274. 7368. 7379. 7461. 7553. 7692.
  7777. 7854. 8064.]
 [5535. 5736. 6207. 6664. 6700. 6796. 6895. 6976. 7000. 7059. 7148. 7159.
  7227. 7277. 7605.]
 [4834. 5627. 5647. 5769. 5911. 6159. 6200. 6222. 6289. 6366. 6411. 6485.
  6576. 6663. 7172.]
 [4153. 4249. 4985. 5143. 5177. 5254. 5322. 5407. 5434. 5436. 5618. 5868.
  6006. 6034. 6067.]
 [ 114.  237. 3812. 4249. 4990. 5322. 5438. 5794. 5911. 5995. 6080. 6081.
  6167. 6282. 6430.]
 [3562. 4065. 4231. 4396. 4486. 4543. 4638. 4655. 4688. 4749. 4798. 4885.
  4923. 5070. 5886.]
 [ 677. 2428. 3252. 3422. 3466. 3625. 3718. 3812. 3869. 3934. 4023. 4076.
  4188. 4320. 5032.]
 [ 677. 2701. 2767. 2775. 2912. 2996. 3011. 3468. 3579. 3636. 3652. 3716.
  3729. 4002. 4100.]
 [2661. 2682. 2752. 2794. 2892. 2975. 2980. 2996. 3072. 3139. 3185. 3339.
  3579. 3689. 3786.]
 [2029. 2211. 2253. 2302. 2356. 2414. 2422. 2463. 2477. 2512. 2521. 2595.
  2611. 2823. 3252.]
 [1376. 1445. 1535. 1552. 1570. 1615. 1663. 1694. 1723. 1750. 1835. 1906.
  1998. 2018. 2125.]
 [1466. 1507. 1531. 1613. 1737. 1931. 2006. 2040. 2120. 2191. 2245. 2250.
  2292. 2300. 2335.]
 [  79.  142.  210.  391.  444.  759.  813.  829.  847.  852.  895.  947.
  1035. 1102. 1181.]
 [  46.  103.  381.  759.  829.  885.  909. 1004. 1016. 1112. 1139. 1194.
  1247. 1288. 1353.]
 [   0.   79.  411.  759.  828.  844.  900. 1065. 1163. 1175. 1249. 1337.
  1340. 1376. 1663.]
 [   0.   38.  190.  295.  316.  396.  493.  558.  603.  912. 1004. 1102.
  1156. 1247. 1326.]
 [   0.   34.  114.  140.  202.  284.  322.  411.  444.  494.  759. 1002.
  1112. 1200. 1230.]]
