optimal_status: 0
solution: 6724.0
cpu_time: 3600.164193868637
gap: 0.7423406437413671
upper_bound: 1732.5015114830476
lower_bound: 6724.0
cg_matrix: [[0. 0. 0. 0. 0. 0. 0. 0. 0. 0. 0. 1. 0. 0. 1. 0. 0. 1. 0. 0. 0. 0. 0. 1.
  0. 0. 0. 0. 0. 0. 0. 0. 0. 0. 0. 0. 1. 0. 0. 0. 0. 1. 1. 1. 0. 1. 0. 1.
  0. 1.]
 [0. 0. 0. 1. 1. 0. 0. 1. 1. 0. 1. 1. 0. 0. 0. 0. 0. 0. 0. 0. 1. 0. 0. 0.
  0. 1. 0. 0. 0. 0. 1. 0. 0. 0. 1. 1. 0. 0. 0. 0. 0. 0. 0. 1. 1. 0. 0. 0.
  0. 0.]
 [0. 0. 0. 1. 0. 0. 0. 1. 0. 0. 0. 0. 0. 0. 0. 1. 0. 0. 0. 0. 0. 0. 0. 0.
  0. 0. 0. 0. 0. 1. 0. 0. 0. 0. 1. 0. 1. 0. 0. 1. 1. 0. 0. 1. 0. 0. 0. 0.
  0. 1.]
 [0. 1. 1. 0. 0. 0. 0. 0. 0. 0. 0. 0. 0. 0. 1. 1. 0. 0. 0. 1. 0. 1. 1. 0.
  0. 0. 0. 0. 0. 0. 0. 0. 0. 0. 0. 0. 0. 1. 0. 0. 0. 0. 0. 0. 1. 0. 0. 0.
  0. 0.]
 [0. 1. 0. 0. 0. 0. 0. 0. 0. 1. 0. 1. 0. 1. 0. 0. 0. 0. 0. 0. 0. 0. 1. 0.
  0. 0. 0. 0. 1. 0. 0. 1. 0. 1. 0. 1. 0. 0. 0. 1. 0. 0. 1. 1. 0. 0. 1. 0.
  1. 0.]
 [0. 0. 0. 0. 0. 0. 0. 0. 0. 0. 0. 0. 0. 0. 0. 0. 1. 0. 0. 0. 1. 0. 0. 0.
  0. 0. 0. 0. 0. 0. 0. 0. 0. 0. 0. 0. 0. 1. 0. 0. 0. 0. 1. 0. 0. 0. 0. 0.
  1. 0.]
 [0. 0. 0. 0. 0. 0. 0. 1. 0. 0. 1. 0. 0. 0. 1. 0. 1. 0. 0. 0. 1. 0. 0. 0.
  0. 0. 0. 0. 0. 0. 1. 0. 0. 0. 0. 1. 0. 0. 1. 0. 0. 0. 0. 0. 0. 0. 0. 1.
  0. 1.]
 [0. 1. 1. 0. 0. 0. 1. 0. 0. 1. 1. 0. 0. 1. 1. 1. 0. 0. 0. 0. 0. 0. 0. 1.
  0. 0. 0. 0. 1. 0. 1. 1. 0. 1. 1. 0. 0. 0. 0. 0. 1. 0. 1. 0. 0. 0. 1. 0.
  1. 0.]
 [0. 1. 0. 0. 0. 0. 0. 0. 0. 0. 1. 1. 0. 0. 1. 0. 0. 0. 0. 1. 0. 0. 1. 1.
  0. 0. 1. 0. 0. 1. 0. 0. 0. 0. 0. 0. 0. 0. 0. 1. 0. 0. 0. 1. 0. 1. 0. 0.
  0. 0.]
 [0. 0. 0. 0. 1. 0. 0. 1. 0. 0. 0. 1. 0. 0. 1. 0. 0. 0. 0. 0. 0. 0. 0. 1.
  0. 1. 0. 0. 1. 0. 1. 0. 0. 1. 0. 0. 0. 0. 0. 1. 0. 0. 0. 0. 0. 0. 0. 0.
  0. 0.]
 [0. 1. 0. 0. 0. 0. 1. 1. 1. 0. 0. 0. 0. 0. 1. 0. 1. 0. 0. 0. 0. 0. 0. 0.
  0. 0. 0. 0. 1. 0. 0. 0. 0. 1. 0. 1. 0. 0. 0. 0. 1. 0. 0. 0. 1. 0. 0. 0.
  0. 1.]
 [1. 1. 0. 0. 1. 0. 0. 0. 1. 1. 0. 0. 0. 0. 0. 0. 0. 1. 0. 0. 0. 1. 0. 0.
  0. 0. 0. 0. 0. 0. 1. 0. 1. 0. 0. 0. 0. 0. 0. 0. 0. 0. 1. 0. 0. 0. 0. 0.
  0. 1.]
 [0. 0. 0. 0. 0. 0. 0. 0. 0. 0. 0. 0. 0. 0. 0. 1. 0. 0. 0. 0. 0. 0. 1. 0.
  0. 0. 0. 1. 1. 0. 0. 0. 0. 0. 0. 1. 1. 0. 0. 0. 1. 0. 0. 1. 0. 1. 0. 0.
  0. 0.]
 [0. 0. 0. 0. 1. 0. 0. 1. 0. 0. 0. 0. 0. 0. 0. 1. 0. 1. 0. 0. 0. 0. 0. 0.
  0. 0. 0. 1. 0. 0. 0. 0. 0. 0. 0. 0. 0. 0. 0. 0. 1. 1. 0. 0. 0. 0. 0. 0.
  0. 0.]
 [1. 0. 0. 1. 0. 0. 1. 1. 1. 1. 1. 0. 0. 0. 0. 0. 0. 1. 0. 0. 0. 0. 0. 1.
  0. 1. 0. 0. 0. 0. 1. 0. 0. 0. 1. 1. 0. 0. 0. 0. 0. 0. 0. 0. 0. 0. 0. 0.
  0. 0.]
 [0. 0. 1. 1. 0. 0. 0. 1. 0. 0. 0. 0. 1. 1. 0. 0. 0. 0. 0. 0. 0. 0. 0. 0.
  0. 0. 0. 0. 0. 0. 0. 0. 0. 0. 0. 0. 0. 0. 0. 0. 0. 0. 0. 0. 0. 0. 0. 0.
  0. 0.]
 [0. 0. 0. 0. 0. 1. 1. 0. 0. 0. 1. 0. 0. 0. 0. 0. 0. 0. 0. 0. 0. 0. 0. 0.
  0. 0. 0. 0. 0. 0. 0. 0. 0. 0. 0. 0. 0. 0. 0. 0. 0. 0. 0. 0. 0. 0. 0. 0.
  0. 0.]
 [1. 0. 0. 0. 0. 0. 0. 0. 0. 0. 0. 1. 0. 1. 1. 0. 0. 0. 0. 0. 0. 0. 0. 0.
  0. 0. 0. 0. 0. 0. 0. 0. 0. 0. 0. 0. 0. 0. 0. 0. 0. 0. 0. 0. 0. 0. 0. 0.
  0. 0.]
 [0. 0. 0. 0. 0. 0. 0. 0. 0. 0. 0. 0. 0. 0. 0. 0. 0. 0. 0. 0. 0. 0. 0. 0.
  0. 0. 0. 0. 0. 0. 0. 0. 0. 0. 0. 0. 0. 0. 0. 0. 0. 0. 0. 0. 0. 0. 0. 0.
  0. 0.]
 [0. 0. 0. 1. 0. 0. 0. 0. 1. 0. 0. 0. 0. 0. 0. 0. 0. 0. 0. 0. 0. 0. 0. 0.
  0. 0. 0. 0. 0. 0. 0. 0. 0. 0. 0. 0. 0. 0. 0. 0. 0. 0. 0. 0. 0. 0. 0. 0.
  0. 0.]
 [0. 1. 0. 0. 0. 1. 1. 0. 0. 0. 0. 0. 0. 0. 0. 0. 0. 0. 0. 0. 0. 0. 0. 0.
  0. 0. 0. 0. 0. 0. 0. 0. 0. 0. 0. 0. 0. 0. 0. 0. 0. 0. 0. 0. 0. 0. 0. 0.
  0. 0.]
 [0. 0. 0. 1. 0. 0. 0. 0. 0. 0. 0. 1. 0. 0. 0. 0. 0. 0. 0. 0. 0. 0. 0. 0.
  0. 0. 0. 0. 0. 0. 0. 0. 0. 0. 0. 0. 0. 0. 0. 0. 0. 0. 0. 0. 0. 0. 0. 0.
  0. 0.]
 [0. 0. 0. 1. 1. 0. 0. 0. 1. 0. 0. 0. 1. 0. 0. 0. 0. 0. 0. 0. 0. 0. 0. 0.
  0. 0. 0. 0. 0. 0. 0. 0. 0. 0. 0. 0. 0. 0. 0. 0. 0. 0. 0. 0. 0. 0. 0. 0.
  0. 0.]
 [1. 0. 0. 0. 0. 0. 0. 1. 1. 1. 0. 0. 0. 0. 1. 0. 0. 0. 0. 0. 0. 0. 0. 0.
  0. 0. 0. 0. 0. 0. 0. 0. 0. 0. 0. 0. 0. 0. 0. 0. 0. 0. 0. 0. 0. 0. 0. 0.
  0. 0.]
 [0. 0. 0. 0. 0. 0. 0. 0. 0. 0. 0. 0. 0. 0. 0. 0. 0. 0. 0. 0. 0. 0. 0. 0.
  0. 0. 0. 0. 0. 0. 0. 0. 0. 0. 0. 0. 0. 0. 0. 0. 0. 0. 0. 0. 0. 0. 0. 0.
  0. 0.]
 [0. 1. 0. 0. 0. 0. 0. 0. 0. 1. 0. 0. 0. 0. 1. 0. 0. 0. 0. 0. 0. 0. 0. 0.
  0. 0. 0. 0. 0. 0. 0. 0. 0. 0. 0. 0. 0. 0. 0. 0. 0. 0. 0. 0. 0. 0. 0. 0.
  0. 0.]
 [0. 0. 0. 0. 0. 0. 0. 0. 1. 0. 0. 0. 0. 0. 0. 0. 0. 0. 0. 0. 0. 0. 0. 0.
  0. 0. 0. 0. 0. 0. 0. 0. 0. 0. 0. 0. 0. 0. 0. 0. 0. 0. 0. 0. 0. 0. 0. 0.
  0. 0.]
 [0. 0. 0. 0. 0. 0. 0. 0. 0. 0. 0. 0. 1. 1. 0. 0. 0. 0. 0. 0. 0. 0. 0. 0.
  0. 0. 0. 0. 0. 0. 0. 0. 0. 0. 0. 0. 0. 0. 0. 0. 0. 0. 0. 0. 0. 0. 0. 0.
  0. 0.]
 [0. 0. 0. 0. 1. 0. 0. 1. 0. 1. 1. 0. 1. 0. 0. 0. 0. 0. 0. 0. 0. 0. 0. 0.
  0. 0. 0. 0. 0. 0. 0. 0. 0. 0. 0. 0. 0. 0. 0. 0. 0. 0. 0. 0. 0. 0. 0. 0.
  0. 0.]
 [0. 0. 1. 0. 0. 0. 0. 0. 1. 0. 0. 0. 0. 0. 0. 0. 0. 0. 0. 0. 0. 0. 0. 0.
  0. 0. 0. 0. 0. 0. 0. 0. 0. 0. 0. 0. 0. 0. 0. 0. 0. 0. 0. 0. 0. 0. 0. 0.
  0. 0.]
 [0. 1. 0. 0. 0. 0. 1. 1. 0. 1. 0. 1. 0. 0. 1. 0. 0. 0. 0. 0. 0. 0. 0. 0.
  0. 0. 0. 0. 0. 0. 0. 0. 0. 0. 0. 0. 0. 0. 0. 0. 0. 0. 0. 0. 0. 0. 0. 0.
  0. 0.]
 [0. 0. 0. 0. 1. 0. 0. 1. 0. 0. 0. 0. 0. 0. 0. 0. 0. 0. 0. 0. 0. 0. 0. 0.
  0. 0. 0. 0. 0. 0. 0. 0. 0. 0. 0. 0. 0. 0. 0. 0. 0. 0. 0. 0. 0. 0. 0. 0.
  0. 0.]
 [0. 0. 0. 0. 0. 0. 0. 0. 0. 0. 0. 1. 0. 0. 0. 0. 0. 0. 0. 0. 0. 0. 0. 0.
  0. 0. 0. 0. 0. 0. 0. 0. 0. 0. 0. 0. 0. 0. 0. 0. 0. 0. 0. 0. 0. 0. 0. 0.
  0. 0.]
 [0. 0. 0. 0. 1. 0. 0. 1. 0. 1. 1. 0. 0. 0. 0. 0. 0. 0. 0. 0. 0. 0. 0. 0.
  0. 0. 0. 0. 0. 0. 0. 0. 0. 0. 0. 0. 0. 0. 0. 0. 0. 0. 0. 0. 0. 0. 0. 0.
  0. 0.]
 [0. 1. 1. 0. 0. 0. 0. 1. 0. 0. 0. 0. 0. 0. 1. 0. 0. 0. 0. 0. 0. 0. 0. 0.
  0. 0. 0. 0. 0. 0. 0. 0. 0. 0. 0. 0. 0. 0. 0. 0. 0. 0. 0. 0. 0. 0. 0. 0.
  0. 0.]
 [0. 1. 0. 0. 1. 0. 1. 0. 0. 0. 1. 0. 1. 0. 1. 0. 0. 0. 0. 0. 0. 0. 0. 0.
  0. 0. 0. 0. 0. 0. 0. 0. 0. 0. 0. 0. 0. 0. 0. 0. 0. 0. 0. 0. 0. 0. 0. 0.
  0. 0.]
 [1. 0. 1. 0. 0. 0. 0. 0. 0. 0. 0. 0. 1. 0. 0. 0. 0. 0. 0. 0. 0. 0. 0. 0.
  0. 0. 0. 0. 0. 0. 0. 0. 0. 0. 0. 0. 0. 0. 0. 0. 0. 0. 0. 0. 0. 0. 0. 0.
  0. 0.]
 [0. 0. 0. 1. 0. 1. 0. 0. 0. 0. 0. 0. 0. 0. 0. 0. 0. 0. 0. 0. 0. 0. 0. 0.
  0. 0. 0. 0. 0. 0. 0. 0. 0. 0. 0. 0. 0. 0. 0. 0. 0. 0. 0. 0. 0. 0. 0. 0.
  0. 0.]
 [0. 0. 0. 0. 0. 0. 1. 0. 0. 0. 0. 0. 0. 0. 0. 0. 0. 0. 0. 0. 0. 0. 0. 0.
  0. 0. 0. 0. 0. 0. 0. 0. 0. 0. 0. 0. 0. 0. 0. 0. 0. 0. 0. 0. 0. 0. 0. 0.
  0. 0.]
 [0. 0. 1. 0. 1. 0. 0. 0. 1. 1. 0. 0. 0. 0. 0. 0. 0. 0. 0. 0. 0. 0. 0. 0.
  0. 0. 0. 0. 0. 0. 0. 0. 0. 0. 0. 0. 0. 0. 0. 0. 0. 0. 0. 0. 0. 0. 0. 0.
  0. 0.]
 [0. 0. 1. 0. 0. 0. 0. 1. 0. 0. 1. 0. 1. 1. 0. 0. 0. 0. 0. 0. 0. 0. 0. 0.
  0. 0. 0. 0. 0. 0. 0. 0. 0. 0. 0. 0. 0. 0. 0. 0. 0. 0. 0. 0. 0. 0. 0. 0.
  0. 0.]
 [1. 0. 0. 0. 0. 0. 0. 0. 0. 0. 0. 0. 0. 1. 0. 0. 0. 0. 0. 0. 0. 0. 0. 0.
  0. 0. 0. 0. 0. 0. 0. 0. 0. 0. 0. 0. 0. 0. 0. 0. 0. 0. 0. 0. 0. 0. 0. 0.
  0. 0.]
 [1. 0. 0. 0. 1. 1. 0. 1. 0. 0. 0. 1. 0. 0. 0. 0. 0. 0. 0. 0. 0. 0. 0. 0.
  0. 0. 0. 0. 0. 0. 0. 0. 0. 0. 0. 0. 0. 0. 0. 0. 0. 0. 0. 0. 0. 0. 0. 0.
  0. 0.]
 [1. 1. 1. 0. 1. 0. 0. 0. 1. 0. 0. 0. 1. 0. 0. 0. 0. 0. 0. 0. 0. 0. 0. 0.
  0. 0. 0. 0. 0. 0. 0. 0. 0. 0. 0. 0. 0. 0. 0. 0. 0. 0. 0. 0. 0. 0. 0. 0.
  0. 0.]
 [0. 1. 0. 1. 0. 0. 0. 0. 0. 0. 1. 0. 0. 0. 0. 0. 0. 0. 0. 0. 0. 0. 0. 0.
  0. 0. 0. 0. 0. 0. 0. 0. 0. 0. 0. 0. 0. 0. 0. 0. 0. 0. 0. 0. 0. 0. 0. 0.
  0. 0.]
 [1. 0. 0. 0. 0. 0. 0. 0. 1. 0. 0. 0. 1. 0. 0. 0. 0. 0. 0. 0. 0. 0. 0. 0.
  0. 0. 0. 0. 0. 0. 0. 0. 0. 0. 0. 0. 0. 0. 0. 0. 0. 0. 0. 0. 0. 0. 0. 0.
  0. 0.]
 [0. 0. 0. 0. 1. 0. 0. 1. 0. 0. 0. 0. 0. 0. 0. 0. 0. 0. 0. 0. 0. 0. 0. 0.
  0. 0. 0. 0. 0. 0. 0. 0. 0. 0. 0. 0. 0. 0. 0. 0. 0. 0. 0. 0. 0. 0. 0. 0.
  0. 0.]
 [1. 0. 0. 0. 0. 0. 1. 0. 0. 0. 0. 0. 0. 0. 0. 0. 0. 0. 0. 0. 0. 0. 0. 0.
  0. 0. 0. 0. 0. 0. 0. 0. 0. 0. 0. 0. 0. 0. 0. 0. 0. 0. 0. 0. 0. 0. 0. 0.
  0. 0.]
 [0. 0. 0. 0. 1. 1. 0. 1. 0. 0. 0. 0. 0. 0. 0. 0. 0. 0. 0. 0. 0. 0. 0. 0.
  0. 0. 0. 0. 0. 0. 0. 0. 0. 0. 0. 0. 0. 0. 0. 0. 0. 0. 0. 0. 0. 0. 0. 0.
  0. 0.]
 [1. 0. 1. 0. 0. 0. 1. 0. 0. 0. 1. 1. 0. 0. 0. 0. 0. 0. 0. 0. 0. 0. 0. 0.
  0. 0. 0. 0. 0. 0. 0. 0. 0. 0. 0. 0. 0. 0. 0. 0. 0. 0. 0. 0. 0. 0. 0. 0.
  0. 0.]]
start_times_array: [[3.867e+03 3.935e+03 4.101e+03 4.108e+03 4.309e+03 5.872e+03 5.946e+03
  5.976e+03 6.082e+03 6.121e+03 6.317e+03 6.380e+03 6.613e+03 6.672e+03
  6.709e+03]
 [1.860e+02 1.708e+03 1.939e+03 2.110e+03 5.151e+03 5.354e+03 5.421e+03
  5.515e+03 5.685e+03 5.905e+03 6.080e+03 6.485e+03 6.571e+03 6.615e+03
  6.685e+03]
 [6.770e+02 9.090e+02 5.895e+03 5.923e+03 5.974e+03 5.997e+03 6.080e+03
  6.090e+03 6.247e+03 6.385e+03 6.487e+03 6.549e+03 6.590e+03 6.604e+03
  6.676e+03]
 [3.801e+03 3.848e+03 3.911e+03 4.322e+03 4.385e+03 4.470e+03 5.432e+03
  5.565e+03 5.773e+03 5.848e+03 5.872e+03 6.031e+03 6.161e+03 6.288e+03
  6.399e+03]
 [7.200e+01 4.964e+03 5.029e+03 5.032e+03 5.214e+03 5.432e+03 5.775e+03
  5.801e+03 5.825e+03 5.829e+03 5.872e+03 6.130e+03 6.182e+03 6.249e+03
  6.354e+03]
 [6.570e+02 3.247e+03 3.348e+03 3.429e+03 3.783e+03 3.834e+03 4.368e+03
  4.727e+03 5.205e+03 5.300e+03 5.318e+03 5.333e+03 6.045e+03 6.119e+03
  6.673e+03]
 [7.200e+01 8.510e+02 4.542e+03 5.153e+03 5.293e+03 5.319e+03 5.331e+03
  5.513e+03 5.897e+03 5.999e+03 6.081e+03 6.243e+03 6.317e+03 6.329e+03
  6.354e+03]
 [4.220e+03 4.575e+03 4.641e+03 4.672e+03 4.923e+03 4.942e+03 5.039e+03
  5.097e+03 5.214e+03 5.288e+03 5.430e+03 5.591e+03 5.777e+03 5.799e+03
  6.163e+03]
 [4.218e+03 4.307e+03 4.529e+03 4.603e+03 4.680e+03 4.739e+03 4.778e+03
  4.925e+03 4.977e+03 5.041e+03 5.075e+03 5.212e+03 5.284e+03 5.432e+03
  6.333e+03]
 [3.218e+03 3.261e+03 3.709e+03 3.803e+03 3.903e+03 4.174e+03 4.178e+03
  4.288e+03 4.359e+03 4.451e+03 4.531e+03 4.767e+03 4.844e+03 5.683e+03
  5.948e+03]
 [3.247e+03 3.580e+03 3.702e+03 3.801e+03 3.840e+03 3.901e+03 3.913e+03
  4.099e+03 4.133e+03 4.383e+03 4.445e+03 4.474e+03 4.478e+03 4.814e+03
  4.876e+03]
 [4.160e+02 1.816e+03 2.391e+03 2.516e+03 2.997e+03 3.006e+03 3.067e+03
  3.131e+03 3.133e+03 3.348e+03 3.463e+03 3.639e+03 3.718e+03 3.724e+03
  4.012e+03]
 [5.910e+02 9.650e+02 3.037e+03 3.116e+03 3.124e+03 3.209e+03 3.636e+03
  3.728e+03 3.881e+03 4.006e+03 4.135e+03 4.220e+03 4.333e+03 4.682e+03
  4.770e+03]
 [7.850e+02 3.067e+03 3.180e+03 3.490e+03 3.639e+03 3.718e+03 3.730e+03
  3.817e+03 3.991e+03 4.196e+03 4.288e+03 4.377e+03 4.451e+03 4.655e+03
  5.293e+03]
 [2.366e+03 2.938e+03 2.984e+03 3.054e+03 3.304e+03 3.316e+03 3.356e+03
  3.416e+03 3.423e+03 3.471e+03 3.637e+03 3.658e+03 3.722e+03 4.010e+03
  4.064e+03]
 [2.200e+01 1.860e+02 1.524e+03 1.741e+03 2.048e+03 2.285e+03 2.441e+03
  2.478e+03 2.511e+03 2.630e+03 2.697e+03 2.773e+03 2.827e+03 2.904e+03
  3.367e+03]
 [9.300e+02 9.930e+02 1.284e+03 1.532e+03 2.637e+03 2.717e+03 2.804e+03
  2.857e+03 2.931e+03 3.136e+03 3.180e+03 3.254e+03 3.490e+03 4.220e+03
  4.282e+03]
 [0.000e+00 7.500e+01 1.500e+02 1.236e+03 1.342e+03 1.414e+03 1.483e+03
  2.071e+03 2.478e+03 2.658e+03 2.830e+03 2.958e+03 2.980e+03 3.239e+03
  3.562e+03]
 [9.160e+02 1.450e+03 2.023e+03 2.165e+03 2.392e+03 2.630e+03 2.661e+03
  2.742e+03 2.773e+03 2.835e+03 2.859e+03 3.006e+03 3.096e+03 3.114e+03
  3.116e+03]
 [2.360e+02 2.860e+02 4.160e+02 6.320e+02 6.920e+02 2.024e+03 2.676e+03
  2.712e+03 2.839e+03 2.951e+03 3.044e+03 3.145e+03 3.153e+03 3.247e+03
  3.646e+03]
 [0.000e+00 7.800e+02 2.228e+03 2.267e+03 2.625e+03 2.741e+03 2.767e+03
  2.888e+03 2.975e+03 3.017e+03 3.041e+03 3.108e+03 3.138e+03 3.155e+03
  3.256e+03]
 [4.100e+01 2.100e+02 5.890e+02 7.050e+02 7.980e+02 1.233e+03 1.612e+03
  1.877e+03 1.972e+03 2.024e+03 2.783e+03 2.814e+03 2.898e+03 2.918e+03
  2.931e+03]
 [8.400e+01 2.640e+02 3.590e+02 4.230e+02 2.195e+03 2.203e+03 2.336e+03
  2.532e+03 2.579e+03 2.790e+03 2.904e+03 3.322e+03 3.409e+03 3.476e+03
  3.546e+03]
 [1.570e+02 3.240e+02 3.410e+02 6.330e+02 9.430e+02 1.056e+03 1.192e+03
  1.547e+03 1.895e+03 1.951e+03 1.954e+03 2.097e+03 2.537e+03 2.629e+03
  2.809e+03]
 [0.000e+00 1.790e+02 2.120e+02 2.860e+02 3.780e+02 4.300e+02 5.200e+02
  5.620e+02 7.340e+02 1.261e+03 2.369e+03 2.449e+03 2.472e+03 2.543e+03
  3.116e+03]
 [0.000e+00 3.450e+02 9.010e+02 9.480e+02 2.166e+03 2.337e+03 2.441e+03
  2.481e+03 2.532e+03 2.588e+03 2.669e+03 2.714e+03 2.741e+03 2.800e+03
  3.150e+03]
 [4.400e+01 2.720e+02 4.780e+02 9.380e+02 9.930e+02 1.070e+03 1.306e+03
  1.412e+03 1.435e+03 1.600e+03 1.628e+03 1.933e+03 2.060e+03 2.120e+03
  2.231e+03]
 [6.200e+01 3.410e+02 6.920e+02 7.410e+02 9.100e+02 1.155e+03 1.333e+03
  1.818e+03 1.931e+03 2.017e+03 2.371e+03 2.477e+03 2.572e+03 2.875e+03
  2.953e+03]
 [1.275e+03 1.434e+03 1.609e+03 1.879e+03 1.913e+03 1.972e+03 2.110e+03
  2.289e+03 2.327e+03 2.407e+03 2.436e+03 2.712e+03 2.812e+03 2.845e+03
  3.304e+03]
 [7.510e+02 9.590e+02 1.150e+03 1.461e+03 1.493e+03 1.523e+03 1.703e+03
  1.971e+03 2.066e+03 2.108e+03 2.207e+03 2.231e+03 2.267e+03 2.337e+03
  2.595e+03]
 [3.400e+01 6.730e+02 1.013e+03 1.114e+03 1.435e+03 1.485e+03 1.532e+03
  1.608e+03 1.873e+03 2.166e+03 2.265e+03 2.605e+03 2.738e+03 2.755e+03
  2.885e+03]
 [8.400e+01 4.460e+02 5.360e+02 1.314e+03 1.728e+03 1.847e+03 1.907e+03
  1.939e+03 1.952e+03 2.017e+03 2.105e+03 2.200e+03 2.213e+03 2.548e+03
  2.661e+03]
 [3.100e+01 5.300e+01 9.300e+01 2.570e+02 3.520e+02 5.630e+02 6.350e+02
  7.560e+02 1.873e+03 1.918e+03 2.287e+03 2.467e+03 2.767e+03 2.797e+03
  3.256e+03]
 [5.360e+02 1.071e+03 1.210e+03 1.219e+03 1.383e+03 1.504e+03 1.954e+03
  2.013e+03 2.077e+03 2.129e+03 2.344e+03 2.360e+03 2.418e+03 2.591e+03
  2.803e+03]
 [7.000e+01 1.155e+03 1.177e+03 1.841e+03 1.926e+03 2.013e+03 2.047e+03
  2.166e+03 2.228e+03 2.287e+03 2.418e+03 2.504e+03 2.548e+03 2.560e+03
  2.711e+03]
 [0.000e+00 1.160e+02 2.480e+02 3.510e+02 3.760e+02 3.840e+02 7.850e+02
  9.980e+02 1.409e+03 1.501e+03 1.791e+03 1.971e+03 2.066e+03 2.237e+03
  2.483e+03]
 [0.000e+00 7.200e+01 2.770e+02 3.480e+02 5.190e+02 1.007e+03 1.295e+03
  1.388e+03 1.461e+03 1.649e+03 1.689e+03 1.726e+03 1.785e+03 1.887e+03
  2.124e+03]
 [0.000e+00 3.800e+02 1.077e+03 1.317e+03 1.594e+03 1.691e+03 1.708e+03
  1.710e+03 1.776e+03 1.846e+03 1.918e+03 1.985e+03 2.112e+03 2.206e+03
  2.220e+03]
 [0.000e+00 2.670e+02 4.060e+02 5.030e+02 5.170e+02 5.530e+02 5.850e+02
  6.220e+02 6.690e+02 7.530e+02 9.370e+02 9.860e+02 1.090e+03 1.162e+03
  1.236e+03]
 [0.000e+00 1.360e+02 1.186e+03 1.284e+03 1.334e+03 1.391e+03 1.421e+03
  1.485e+03 1.539e+03 1.623e+03 1.652e+03 1.708e+03 1.805e+03 2.091e+03
  2.097e+03]
 [6.970e+02 9.980e+02 1.041e+03 1.081e+03 1.146e+03 1.192e+03 1.334e+03
  1.376e+03 1.494e+03 1.524e+03 1.609e+03 1.691e+03 1.805e+03 1.879e+03
  2.198e+03]
 [0.000e+00 1.170e+02 3.760e+02 4.460e+02 5.440e+02 5.900e+02 8.790e+02
  1.000e+03 1.151e+03 1.405e+03 1.504e+03 1.524e+03 1.794e+03 1.939e+03
  2.827e+03]
 [1.600e+01 2.790e+02 2.930e+02 5.980e+02 6.320e+02 8.400e+02 9.120e+02
  9.620e+02 9.940e+02 1.000e+03 1.129e+03 1.368e+03 1.642e+03 1.728e+03
  1.791e+03]
 [9.100e+01 2.480e+02 4.970e+02 7.800e+02 1.038e+03 1.219e+03 1.284e+03
  1.333e+03 1.395e+03 1.504e+03 1.628e+03 1.791e+03 1.821e+03 1.869e+03
  1.985e+03]
 [0.000e+00 4.400e+01 3.800e+02 7.810e+02 9.490e+02 9.520e+02 9.860e+02
  1.077e+03 1.155e+03 1.177e+03 1.275e+03 1.461e+03 1.524e+03 1.608e+03
  1.971e+03]
 [9.500e+01 1.860e+02 4.680e+02 6.970e+02 8.500e+02 8.990e+02 1.008e+03
  1.056e+03 1.114e+03 1.166e+03 1.192e+03 1.285e+03 1.395e+03 1.494e+03
  1.539e+03]
 [5.000e+00 2.000e+02 2.770e+02 3.090e+02 4.260e+02 6.170e+02 7.310e+02
  8.010e+02 8.990e+02 9.860e+02 1.071e+03 1.192e+03 1.368e+03 1.440e+03
  1.613e+03]
 [2.480e+02 2.930e+02 3.810e+02 5.540e+02 6.140e+02 9.090e+02 9.190e+02
  9.490e+02 9.860e+02 9.950e+02 1.114e+03 1.186e+03 1.335e+03 1.351e+03
  1.765e+03]
 [2.000e+01 8.400e+01 2.420e+02 2.670e+02 3.590e+02 4.480e+02 5.030e+02
  5.540e+02 7.340e+02 7.740e+02 8.260e+02 8.880e+02 9.650e+02 9.660e+02
  1.324e+03]
 [6.000e+00 9.500e+01 2.200e+02 2.770e+02 3.350e+02 3.540e+02 4.810e+02
  4.920e+02 5.620e+02 6.170e+02 6.970e+02 7.810e+02 9.490e+02 1.041e+03
  1.167e+03]]
