optimal_status: 0
solution: 6465.0
cpu_time: 3600.1551899909973
gap: 0.799827702773825
upper_bound: 1294.1139015672218
lower_bound: 6465.0
cg_matrix: [[0. 0. 1. 1. 0. 0. 0. 1. 0. 1. 0. 0. 0. 1. 0. 0. 1. 1. 0. 0. 0. 0. 0. 1.
  1. 1. 0. 1. 1. 0.]
 [0. 0. 0. 1. 0. 0. 1. 1. 1. 0. 0. 1. 1. 1. 1. 1. 1. 1. 1. 1. 0. 0. 0. 1.
  1. 0. 1. 1. 0. 0.]
 [1. 0. 0. 0. 0. 0. 1. 0. 0. 0. 1. 0. 0. 0. 0. 0. 0. 0. 0. 0. 1. 1. 1. 0.
  1. 1. 1. 0. 0. 1.]
 [1. 1. 0. 0. 1. 1. 1. 0. 0. 0. 1. 1. 1. 1. 1. 1. 1. 0. 1. 1. 1. 0. 1. 1.
  0. 0. 1. 0. 0. 1.]
 [0. 0. 0. 1. 0. 0. 0. 1. 1. 1. 1. 1. 0. 0. 0. 0. 1. 1. 0. 0. 1. 0. 1. 1.
  0. 1. 1. 1. 0. 1.]
 [0. 0. 0. 1. 0. 0. 0. 0. 0. 1. 1. 0. 1. 1. 1. 1. 1. 0. 0. 0. 1. 1. 1. 1.
  0. 0. 0. 1. 1. 1.]
 [0. 1. 1. 1. 0. 0. 0. 0. 1. 1. 1. 1. 1. 0. 1. 0. 1. 1. 1. 0. 0. 1. 0. 1.
  1. 0. 0. 0. 1. 1.]
 [1. 1. 0. 0. 1. 0. 0. 0. 1. 0. 1. 0. 0. 0. 1. 0. 0. 1. 0. 0. 1. 0. 0. 0.
  0. 1. 0. 1. 0. 1.]
 [0. 1. 0. 0. 1. 0. 1. 1. 0. 1. 0. 0. 0. 1. 0. 0. 0. 0. 1. 0. 0. 1. 1. 0.
  1. 0. 0. 0. 1. 1.]
 [1. 0. 0. 0. 1. 1. 1. 0. 1. 0. 1. 1. 0. 1. 0. 0. 0. 0. 1. 0. 0. 1. 0. 0.
  0. 0. 0. 0. 1. 1.]
 [0. 0. 1. 1. 1. 1. 1. 1. 0. 1. 0. 0. 0. 0. 1. 1. 1. 1. 1. 0. 0. 1. 1. 1.
  0. 1. 1. 0. 1. 1.]
 [0. 1. 0. 1. 1. 0. 1. 0. 0. 1. 0. 0. 0. 0. 1. 1. 1. 0. 1. 0. 0. 1. 1. 0.
  0. 1. 1. 0. 0. 0.]
 [0. 1. 0. 1. 0. 1. 1. 0. 0. 0. 0. 0. 0. 1. 0. 0. 0. 1. 0. 0. 0. 0. 0. 1.
  1. 1. 0. 0. 1. 0.]
 [1. 1. 0. 1. 0. 1. 0. 0. 1. 1. 0. 0. 1. 0. 0. 1. 1. 1. 0. 0. 1. 1. 1. 1.
  0. 1. 1. 0. 0. 0.]
 [0. 1. 0. 1. 0. 1. 1. 1. 0. 0. 1. 1. 0. 0. 0. 1. 0. 1. 0. 0. 1. 0. 0. 0.
  0. 1. 0. 0. 1. 0.]
 [0. 1. 0. 1. 0. 1. 0. 0. 0. 0. 1. 1. 0. 1. 1. 0. 0. 0. 0. 0. 0. 0. 0. 0.
  0. 0. 0. 0. 0. 0.]
 [1. 1. 0. 1. 1. 1. 1. 0. 0. 0. 1. 1. 0. 1. 0. 0. 0. 0. 0. 0. 0. 0. 0. 0.
  0. 0. 0. 0. 0. 0.]
 [1. 1. 0. 0. 1. 0. 1. 1. 0. 0. 1. 0. 1. 1. 1. 0. 0. 0. 0. 0. 0. 0. 0. 0.
  0. 0. 0. 0. 0. 0.]
 [0. 1. 0. 1. 0. 0. 1. 0. 1. 1. 1. 1. 0. 0. 0. 0. 0. 0. 0. 0. 0. 0. 0. 0.
  0. 0. 0. 0. 0. 0.]
 [0. 1. 0. 1. 0. 0. 0. 0. 0. 0. 0. 0. 0. 0. 0. 0. 0. 0. 0. 0. 0. 0. 0. 0.
  0. 0. 0. 0. 0. 0.]
 [0. 0. 1. 1. 1. 1. 0. 1. 0. 0. 0. 0. 0. 1. 1. 0. 0. 0. 0. 0. 0. 0. 0. 0.
  0. 0. 0. 0. 0. 0.]
 [0. 0. 1. 0. 0. 1. 1. 0. 1. 1. 1. 1. 0. 1. 0. 0. 0. 0. 0. 0. 0. 0. 0. 0.
  0. 0. 0. 0. 0. 0.]
 [0. 0. 1. 1. 1. 1. 0. 0. 1. 0. 1. 1. 0. 1. 0. 0. 0. 0. 0. 0. 0. 0. 0. 0.
  0. 0. 0. 0. 0. 0.]
 [1. 1. 0. 1. 1. 1. 1. 0. 0. 0. 1. 0. 1. 1. 0. 0. 0. 0. 0. 0. 0. 0. 0. 0.
  0. 0. 0. 0. 0. 0.]
 [1. 1. 1. 0. 0. 0. 1. 0. 1. 0. 0. 0. 1. 0. 0. 0. 0. 0. 0. 0. 0. 0. 0. 0.
  0. 0. 0. 0. 0. 0.]
 [1. 0. 1. 0. 1. 0. 0. 1. 0. 0. 1. 1. 1. 1. 1. 0. 0. 0. 0. 0. 0. 0. 0. 0.
  0. 0. 0. 0. 0. 0.]
 [0. 1. 1. 1. 1. 0. 0. 0. 0. 0. 1. 1. 0. 1. 0. 0. 0. 0. 0. 0. 0. 0. 0. 0.
  0. 0. 0. 0. 0. 0.]
 [1. 1. 0. 0. 1. 1. 0. 1. 0. 0. 0. 0. 0. 0. 0. 0. 0. 0. 0. 0. 0. 0. 0. 0.
  0. 0. 0. 0. 0. 0.]
 [1. 0. 0. 0. 0. 1. 1. 0. 1. 1. 1. 0. 1. 0. 1. 0. 0. 0. 0. 0. 0. 0. 0. 0.
  0. 0. 0. 0. 0. 0.]
 [0. 0. 1. 1. 1. 1. 1. 1. 1. 1. 1. 0. 0. 0. 0. 0. 0. 0. 0. 0. 0. 0. 0. 0.
  0. 0. 0. 0. 0. 0.]]
start_times_array: [[ 647. 1206. 1372. 1380. 3947. 4101. 4539. 5949. 6143. 6218. 6251. 6274.
  6343. 6385. 6411.]
 [3747. 4257. 4886. 5037. 5519. 5629. 5685. 5949. 6009. 6186. 6200. 6299.
  6357. 6398. 6464.]
 [ 332. 4038. 4245. 4422. 4501. 4610. 4654. 4672. 4784. 5471. 5549. 5629.
  5870. 5876. 6001.]
 [1053. 3879. 4042. 4632. 5431. 5468. 5561. 5598. 5657. 5797. 5870. 5877.
  6050. 6084. 6116.]
 [3947. 4101. 4134. 4215. 4336. 4362. 4374. 4406. 4543. 4706. 4932. 5268.
  5303. 5383. 5519.]
 [1976. 2040. 2348. 2572. 3595. 3967. 4132. 4214. 4362. 4427. 4522. 5079.
  5160. 5240. 5349.]
 [2125. 4010. 4101. 4164. 4336. 4576. 4586. 4593. 4717. 4739. 5257. 5349.
  5350. 5760. 6143.]
 [ 232. 1111. 1675. 1973. 2125. 2167. 2347. 2730. 3595. 3836. 5257. 5338.
  5567. 5657. 5781.]
 [ 343. 1585. 1764. 2547. 2807. 4466. 4522. 4632. 4784. 4847. 5000. 5096.
  5179. 5417. 5679.]
 [ 221. 1114. 2844. 2936. 3086. 3655. 3772. 3845. 3892. 3923. 4042. 4245.
  4886. 4952. 5037.]
 [1372. 1435. 2066. 2320. 2642. 2723. 2825. 2947. 3167. 3241. 3295. 3431.
  3490. 3531. 3676.]
 [ 262.  496. 2041. 2055. 2341. 2572. 2645. 2704. 2947. 3022. 3189. 3504.
  3590. 3718. 3751.]
 [ 728.  791. 2798. 2879. 2924. 3069. 3160. 3253. 3443. 3496. 3626. 3729.
  3751. 3836. 3942.]
 [ 827. 1834. 1881. 2051. 2101. 2267. 2406. 2642. 2708. 2956. 3007. 3131.
  3316. 3688. 3739.]
 [ 626.  777. 1560. 1834. 1898. 1921. 1926. 1950. 2247. 2278. 2406. 2871.
  3069. 3250. 3345.]
 [  91.  343.  716.  853.  948.  991. 1181. 1223. 1265. 1347. 1623. 1721.
  1757. 2169. 2494.]
 [  54.   68.  249.  465.  638.  788. 1468. 1527. 1552. 1617. 1677. 1776.
  1891. 2224. 2494.]
 [ 145.  221.  340.  357.  447.  493.  582.  853.  886.  911. 1060. 1300.
  1479. 1755. 1891.]
 [ 102.  355.  399.  479.  589.  659.  879.  983. 1233. 1275. 1452. 1534.
  1675. 1719. 1991.]
 [ 151.  256.  298.  302.  328.  436.  493.  504.  563.  726. 1195. 1406.
  1684. 1745. 1915.]
 [  20.   22.  449.  510.  614.  624.  948. 1023. 1203. 1336. 1389. 1407.
  1503. 1750. 1956.]
 [   0.  215.  372.  621.  706.  791.  857. 1013. 1181. 1296. 1452. 1479.
  1714. 1727. 1888.]
 [   0.   20.  160.  376.  626.  690.  729.  853. 1046. 1111. 1271. 1296.
  1345. 1900. 2169.]
 [   0.   83.  105.  186.  252.  291.  342.  461.  553.  819.  887.  938.
   965. 1190. 1585.]
 [   0.   87.  168.  230.  315.  424.  516.  612.  800. 1023. 1111. 1468.
  1471. 1525. 1694.]
 [   0.   91.  115.  120.  151.  435.  488.  600.  615.  881.  991. 1470.
  1623. 1752. 2195.]
 [   0.  188.  412.  587.  678.  731.  853.  925.  961. 1244. 1343. 1359.
  1452. 1465. 1677.]
 [   0.   83.  145.  206.  318.  332.  401.  435.  496.  508.  942. 1060.
  1553. 1659. 1752.]
 [   0.  106.  402.  470.  553.  800.  881.  901.  969.  991. 1013. 1181.
  1319. 1534. 1675.]
 [   0.   67.  139.  186.  369.  519.  624.  691.  849.  938. 1007. 1206.
  1263. 1350. 1483.]]
