optimal_status: 0
solution: 22641.0
cpu_time: 3601.459105014801
gap: 0.9410361733138995
upper_bound: 1335.0
lower_bound: 22641.0
cg_matrix: [[0. 1. 1. 0. 1. 1. 1. 1. 0. 1. 1. 1. 1. 1. 1. 0. 0. 0. 1. 1. 1. 0. 1. 1.
  1. 1. 1. 1. 1. 1.]
 [1. 0. 1. 1. 1. 0. 1. 1. 1. 0. 0. 1. 1. 1. 0. 1. 1. 0. 1. 1. 0. 0. 1. 1.
  1. 1. 1. 1. 1. 1.]
 [1. 1. 0. 1. 1. 1. 0. 1. 0. 0. 1. 1. 1. 1. 0. 1. 1. 0. 1. 1. 1. 1. 0. 1.
  0. 1. 1. 0. 1. 1.]
 [0. 1. 1. 0. 0. 1. 1. 1. 1. 1. 1. 1. 1. 1. 1. 1. 1. 1. 0. 1. 1. 0. 1. 1.
  1. 1. 1. 1. 1. 1.]
 [1. 1. 1. 0. 0. 1. 1. 1. 1. 0. 1. 0. 1. 1. 1. 1. 0. 0. 1. 0. 1. 0. 1. 1.
  1. 1. 1. 1. 1. 1.]
 [1. 0. 1. 1. 1. 0. 0. 1. 1. 1. 0. 1. 1. 1. 0. 1. 0. 1. 1. 1. 0. 1. 1. 1.
  1. 1. 1. 1. 1. 0.]
 [1. 1. 0. 1. 1. 0. 0. 1. 1. 0. 0. 0. 0. 1. 1. 1. 1. 1. 1. 1. 0. 1. 1. 1.
  1. 1. 0. 0. 1. 1.]
 [1. 1. 1. 1. 1. 1. 1. 0. 1. 1. 0. 0. 1. 1. 1. 1. 1. 1. 1. 1. 1. 1. 1. 0.
  0. 0. 1. 1. 1. 1.]
 [0. 1. 0. 1. 1. 1. 1. 1. 0. 1. 1. 1. 0. 1. 1. 1. 1. 1. 1. 1. 1. 1. 1. 1.
  0. 1. 1. 1. 0. 1.]
 [1. 0. 0. 1. 0. 1. 0. 1. 1. 0. 1. 1. 1. 1. 1. 1. 1. 1. 0. 1. 1. 1. 1. 1.
  1. 1. 0. 1. 1. 1.]
 [1. 0. 1. 1. 1. 0. 0. 0. 1. 1. 0. 1. 1. 1. 0. 1. 1. 1. 1. 0. 0. 1. 1. 1.
  1. 1. 1. 1. 1. 0.]
 [1. 1. 1. 1. 0. 1. 0. 0. 1. 1. 1. 0. 1. 1. 1. 1. 1. 1. 1. 1. 1. 1. 1. 0.
  1. 1. 1. 1. 1. 1.]
 [1. 1. 1. 1. 1. 1. 0. 1. 0. 1. 1. 1. 0. 1. 1. 1. 1. 1. 1. 1. 1. 1. 1. 1.
  1. 1. 1. 1. 1. 1.]
 [1. 1. 1. 1. 1. 1. 1. 1. 1. 1. 1. 1. 1. 0. 1. 1. 1. 0. 0. 1. 1. 0. 1. 1.
  1. 1. 1. 1. 0. 0.]
 [1. 0. 0. 1. 1. 0. 1. 1. 1. 1. 0. 1. 1. 1. 0. 1. 1. 0. 0. 1. 1. 1. 1. 1.
  1. 0. 1. 0. 1. 1.]
 [0. 1. 1. 1. 1. 1. 1. 1. 1. 1. 1. 1. 1. 1. 1. 0. 1. 0. 0. 1. 1. 1. 1. 1.
  1. 0. 1. 0. 0. 1.]
 [0. 1. 1. 1. 0. 0. 1. 1. 1. 1. 1. 1. 1. 1. 1. 1. 0. 1. 1. 0. 1. 1. 1. 1.
  1. 1. 1. 1. 1. 1.]
 [0. 0. 0. 1. 0. 1. 1. 1. 1. 1. 1. 1. 1. 0. 0. 0. 1. 0. 1. 1. 1. 1. 1. 1.
  1. 1. 1. 1. 1. 1.]
 [1. 1. 1. 0. 1. 1. 1. 1. 1. 0. 1. 1. 1. 0. 0. 0. 1. 1. 0. 0. 0. 0. 1. 0.
  1. 0. 1. 1. 1. 1.]
 [1. 1. 1. 1. 0. 1. 1. 1. 1. 1. 0. 1. 1. 1. 1. 1. 0. 1. 0. 0. 1. 1. 1. 1.
  1. 1. 1. 1. 1. 1.]
 [1. 0. 1. 1. 1. 0. 0. 1. 1. 1. 0. 1. 1. 1. 1. 1. 1. 1. 0. 1. 0. 0. 0. 0.
  0. 0. 0. 0. 0. 0.]
 [0. 0. 1. 0. 0. 1. 1. 1. 1. 1. 1. 1. 1. 0. 1. 1. 1. 1. 0. 1. 0. 0. 0. 0.
  0. 0. 0. 0. 0. 0.]
 [1. 1. 0. 1. 1. 1. 1. 1. 1. 1. 1. 1. 1. 1. 1. 1. 1. 1. 1. 1. 0. 0. 0. 0.
  0. 0. 0. 0. 0. 0.]
 [1. 1. 1. 1. 1. 1. 1. 0. 1. 1. 1. 0. 1. 1. 1. 1. 1. 1. 0. 1. 0. 0. 0. 0.
  0. 0. 0. 0. 0. 0.]
 [1. 1. 0. 1. 1. 1. 1. 0. 0. 1. 1. 1. 1. 1. 1. 1. 1. 1. 1. 1. 0. 0. 0. 0.
  0. 0. 0. 0. 0. 0.]
 [1. 1. 1. 1. 1. 1. 1. 0. 1. 1. 1. 1. 1. 1. 0. 0. 1. 1. 0. 1. 0. 0. 0. 0.
  0. 0. 0. 0. 0. 0.]
 [1. 1. 1. 1. 1. 1. 0. 1. 1. 0. 1. 1. 1. 1. 1. 1. 1. 1. 1. 1. 0. 0. 0. 0.
  0. 0. 0. 0. 0. 0.]
 [1. 1. 0. 1. 1. 1. 0. 1. 1. 1. 1. 1. 1. 1. 0. 0. 1. 1. 1. 1. 0. 0. 0. 0.
  0. 0. 0. 0. 0. 0.]
 [1. 1. 1. 1. 1. 1. 1. 1. 0. 1. 1. 1. 1. 0. 1. 0. 1. 1. 1. 1. 0. 0. 0. 0.
  0. 0. 0. 0. 0. 0.]
 [1. 1. 1. 1. 1. 0. 1. 1. 1. 1. 0. 1. 1. 0. 1. 1. 1. 1. 1. 1. 0. 0. 0. 0.
  0. 0. 0. 0. 0. 0.]]
start_times_array: [[2.00000000e+01 6.20000000e+01 1.66600000e+03 2.63500000e+03
  3.51200000e+03 5.14800000e+03 6.36100000e+03 6.51100000e+03
  6.58300000e+03 6.83600000e+03 1.24170000e+04 1.42760000e+04
  1.61230000e+04 1.63060000e+04 1.73220000e+04 1.83690000e+04
  1.94120000e+04 2.09700000e+04 2.19090000e+04 2.25480000e+04]
 [3.96000000e+02 2.13300000e+03 2.19800000e+03 2.21300000e+03
  2.37200000e+03 2.38600000e+03 2.53500000e+03 2.60600000e+03
  2.69600000e+03 3.69700000e+03 9.47300000e+03 1.10570000e+04
  1.28360000e+04 1.43370000e+04 1.44960000e+04 1.77030000e+04
  1.88000000e+04 1.88190000e+04 2.02410000e+04 2.07860000e+04]
 [6.59000000e+02 1.44300000e+03 3.06200000e+03 4.31200000e+03
  4.57700000e+03 7.53500000e+03 8.28500000e+03 9.13700000e+03
  9.95000000e+03 1.23330000e+04 1.31540000e+04 1.33050000e+04
  1.66420000e+04 1.67220000e+04 1.68480000e+04 1.87770000e+04
  1.89160000e+04 1.89980000e+04 2.01230000e+04 2.07660000e+04]
 [8.30000000e+01 3.47600000e+03 3.56700000e+03 3.58900000e+03
  4.39300000e+03 6.53700000e+03 8.21600000e+03 9.55400000e+03
  1.06240000e+04 1.16530000e+04 1.20590000e+04 1.42760000e+04
  1.43990000e+04 1.44160000e+04 1.46620000e+04 1.49100000e+04
  1.82650000e+04 1.83610000e+04 2.02740000e+04 2.15500000e+04]
 [0.00000000e+00 4.74000000e+02 5.80000000e+02 6.23000000e+02
  1.85300000e+03 4.91300000e+03 5.11200000e+03 5.24500000e+03
  5.43200000e+03 1.06240000e+04 1.11530000e+04 1.17440000e+04
  1.18320000e+04 1.78610000e+04 1.80020000e+04 1.80210000e+04
  1.95070000e+04 2.05870000e+04 2.12360000e+04 2.17930000e+04]
 [2.53000000e+02 2.13300000e+03 3.38600000e+03 3.91200000e+03
  4.66100000e+03 4.74500000e+03 4.81300000e+03 4.83900000e+03
  5.12900000e+03 9.29900000e+03 9.47300000e+03 1.19370000e+04
  1.25270000e+04 1.25940000e+04 1.52120000e+04 1.62660000e+04
  1.72610000e+04 1.81700000e+04 1.88000000e+04 1.93350000e+04]
 [3.00000000e+00 5.25000000e+02 1.32400000e+03 1.48700000e+03
  1.60100000e+03 3.89100000e+03 4.15200000e+03 4.17100000e+03
  4.34200000e+03 7.19400000e+03 7.19800000e+03 7.21100000e+03
  8.60000000e+03 8.89800000e+03 1.04090000e+04 1.08530000e+04
  1.14830000e+04 1.49660000e+04 1.64640000e+04 1.84900000e+04]
 [1.07000000e+02 2.44000000e+03 3.33400000e+03 3.39300000e+03
  3.46400000e+03 4.98400000e+03 7.10100000e+03 7.65100000e+03
  8.02300000e+03 1.05720000e+04 1.11440000e+04 1.14350000e+04
  1.22390000e+04 1.37980000e+04 1.53470000e+04 1.64350000e+04
  1.68980000e+04 1.79400000e+04 1.82730000e+04 1.87220000e+04]
 [7.39000000e+02 2.74400000e+03 3.97500000e+03 5.35100000e+03
  5.58000000e+03 6.19900000e+03 9.10400000e+03 1.05370000e+04
  1.13510000e+04 1.24170000e+04 1.34690000e+04 1.36260000e+04
  1.38990000e+04 1.55030000e+04 1.71710000e+04 1.89600000e+04
  1.94070000e+04 1.99400000e+04 2.12400000e+04 2.22880000e+04]
 [3.10000000e+01 3.64000000e+02 1.59200000e+03 2.60500000e+03
  3.85000000e+03 5.44600000e+03 7.21000000e+03 7.36200000e+03
  7.70000000e+03 7.82400000e+03 8.11800000e+03 1.34870000e+04
  1.42650000e+04 1.43370000e+04 1.50380000e+04 1.50940000e+04
  1.64840000e+04 1.80950000e+04 1.95070000e+04 1.96540000e+04]
 [1.71000000e+02 4.24000000e+02 1.15100000e+03 3.69700000e+03
  5.71400000e+03 7.10100000e+03 7.29700000e+03 9.72200000e+03
  1.02410000e+04 1.03760000e+04 1.04420000e+04 1.19810000e+04
  1.31150000e+04 1.35800000e+04 1.37530000e+04 1.65690000e+04
  1.68850000e+04 1.70230000e+04 1.74230000e+04 1.75110000e+04]
 [1.38000000e+02 5.24000000e+02 1.94100000e+03 2.92000000e+03
  4.91300000e+03 6.04000000e+03 7.19400000e+03 8.03400000e+03
  9.39100000e+03 9.78700000e+03 9.83400000e+03 1.26810000e+04
  1.41260000e+04 1.51780000e+04 1.62130000e+04 1.79400000e+04
  1.84380000e+04 1.84760000e+04 1.85600000e+04 1.90350000e+04]
 [7.30000000e+02 7.97000000e+02 1.29600000e+03 3.81300000e+03
  5.04700000e+03 6.70200000e+03 7.91200000e+03 8.87900000e+03
  9.77000000e+03 9.77100000e+03 1.08510000e+04 1.15210000e+04
  1.30850000e+04 1.32560000e+04 1.45760000e+04 1.55030000e+04
  1.56010000e+04 1.56210000e+04 1.56470000e+04 1.56760000e+04]
 [1.19700000e+03 2.99000000e+03 4.00100000e+03 4.02300000e+03
  6.97500000e+03 7.62300000e+03 8.36000000e+03 1.02610000e+04
  1.21190000e+04 1.27570000e+04 1.29990000e+04 1.66850000e+04
  1.70130000e+04 1.70270000e+04 1.95640000e+04 1.96340000e+04
  2.00250000e+04 2.00960000e+04 2.03820000e+04 2.05360000e+04]
 [3.00000000e+02 3.85000000e+02 8.77000000e+02 1.15300000e+03
  2.13300000e+03 2.31800000e+03 3.65000000e+03 3.66100000e+03
  3.70900000e+03 3.71100000e+03 1.10560000e+04 1.28060000e+04
  1.33050000e+04 1.58340000e+04 1.60430000e+04 1.62660000e+04
  1.67920000e+04 1.97250000e+04 1.97850000e+04 2.07660000e+04]
 [1.36200000e+03 2.11500000e+03 3.16000000e+03 3.28400000e+03
  5.03000000e+03 5.15400000e+03 5.51600000e+03 5.96400000e+03
  6.36300000e+03 9.40800000e+03 1.00580000e+04 1.01580000e+04
  1.07940000e+04 1.09870000e+04 1.12600000e+04 1.14600000e+04
  1.59680000e+04 1.69350000e+04 1.69990000e+04 1.70950000e+04]
 [2.53000000e+02 4.73000000e+02 8.17000000e+02 1.49300000e+03
  5.82200000e+03 5.85800000e+03 6.10000000e+03 6.63600000e+03
  6.91400000e+03 8.73000000e+03 1.04680000e+04 1.14380000e+04
  1.17590000e+04 1.33850000e+04 1.36560000e+04 1.75550000e+04
  1.81700000e+04 1.86450000e+04 1.92510000e+04 1.93500000e+04]
 [3.96000000e+02 1.22300000e+03 1.39800000e+03 4.05600000e+03
  5.43200000e+03 5.94300000e+03 6.24200000e+03 8.45800000e+03
  9.57600000e+03 1.01580000e+04 1.13950000e+04 1.17480000e+04
  1.21690000e+04 1.27570000e+04 1.28540000e+04 1.70910000e+04
  1.84520000e+04 1.88440000e+04 1.97980000e+04 2.03280000e+04]
 [3.00000000e+02 3.92000000e+02 9.28000000e+02 3.62100000e+03
  4.39300000e+03 7.39100000e+03 8.47400000e+03 8.93600000e+03
  1.14550000e+04 1.19100000e+04 1.24020000e+04 1.29890000e+04
  1.50380000e+04 1.58290000e+04 1.59230000e+04 1.59780000e+04
  1.60300000e+04 1.63120000e+04 1.66840000e+04 1.73390000e+04]
 [4.50000000e+01 1.49300000e+03 3.23700000e+03 4.48200000e+03
  5.62300000e+03 5.78000000e+03 6.89300000e+03 8.14700000e+03
  8.72400000e+03 1.00690000e+04 1.17590000e+04 1.18250000e+04
  1.36170000e+04 1.36560000e+04 1.40190000e+04 1.42020000e+04
  1.93570000e+04 1.99910000e+04 2.05000000e+04 2.13780000e+04]
 [1.03300000e+03 2.04700000e+03 4.25600000e+03 5.63700000e+03
  5.87100000e+03 8.80200000e+03 1.03560000e+04 1.15890000e+04
  1.16780000e+04 1.18930000e+04 1.19850000e+04 1.24020000e+04
  1.25040000e+04 1.25870000e+04 1.31720000e+04 1.32350000e+04
  2.20290000e+04 2.23750000e+04 2.23980000e+04 2.25400000e+04]
 [5.92000000e+02 1.81900000e+03 2.63500000e+03 3.60700000e+03
  3.64400000e+03 4.39300000e+03 5.83700000e+03 5.87100000e+03
  7.57800000e+03 7.67000000e+03 7.81700000e+03 7.94500000e+03
  1.15570000e+04 1.24910000e+04 1.26580000e+04 1.29010000e+04
  1.29950000e+04 1.31790000e+04 1.91340000e+04 1.91400000e+04]
 [2.11000000e+02 2.02500000e+03 2.23200000e+03 2.26000000e+03
  2.36300000e+03 3.06200000e+03 4.26000000e+03 8.28500000e+03
  8.65200000e+03 1.09400000e+04 1.23260000e+04 1.29010000e+04
  1.54180000e+04 1.63670000e+04 1.67220000e+04 1.73920000e+04
  1.91270000e+04 1.98530000e+04 2.08900000e+04 2.18250000e+04]
 [9.59000000e+02 1.81900000e+03 1.91900000e+03 2.01700000e+03
  2.10300000e+03 2.46900000e+03 7.78600000e+03 8.65200000e+03
  8.71200000e+03 1.07090000e+04 1.22600000e+04 1.25960000e+04
  1.26510000e+04 1.29620000e+04 1.32470000e+04 1.76770000e+04
  1.90350000e+04 1.91310000e+04 2.03410000e+04 2.12790000e+04]
 [8.00000000e+00 9.83999997e+02 1.07700000e+03 1.44300000e+03
  4.67300000e+03 5.34300000e+03 5.58200000e+03 6.10800000e+03
  1.00540000e+04 1.12960000e+04 1.16060000e+04 1.36260000e+04
  1.39020000e+04 1.54120000e+04 1.55760000e+04 1.77780000e+04
  1.92170000e+04 2.01190000e+04 2.17230000e+04 2.22880000e+04]
 [9.49999997e+02 2.83500000e+03 2.90300000e+03 3.22800000e+03
  4.67300000e+03 6.42000000e+03 6.66500000e+03 8.41900000e+03
  8.47400000e+03 8.56900000e+03 8.65200000e+03 8.93600000e+03
  1.58340000e+04 1.58740000e+04 1.59760000e+04 1.60720000e+04
  1.63100000e+04 1.64250000e+04 1.64460000e+04 1.67980000e+04]
 [9.85999997e+02 1.71700000e+03 2.03600000e+03 2.04000000e+03
  2.23200000e+03 5.52100000e+03 5.63700000e+03 8.53300000e+03
  8.60600000e+03 8.80200000e+03 9.22000000e+03 9.62100000e+03
  9.89900000e+03 9.97500000e+03 1.04070000e+04 1.87050000e+04
  1.92170000e+04 1.99050000e+04 2.02070000e+04 2.06670000e+04]
 [9.76999997e+02 1.45500000e+03 4.15200000e+03 4.36000000e+03
  4.88100000e+03 5.51600000e+03 5.63700000e+03 7.94200000e+03
  8.28500000e+03 8.53300000e+03 8.56100000e+03 1.25970000e+04
  1.29010000e+04 1.57370000e+04 1.58210000e+04 1.63510000e+04
  1.87770000e+04 1.88870000e+04 1.92250000e+04 1.97070000e+04]
 [2.11000000e+02 1.70000000e+03 2.73600000e+03 3.15800000e+03
  5.83700000e+03 5.87100000e+03 6.10800000e+03 8.53300000e+03
  9.99600000e+03 1.02610000e+04 1.03570000e+04 1.35410000e+04
  1.46060000e+04 1.57370000e+04 1.58130000e+04 1.63950000e+04
  1.89290000e+04 1.91270000e+04 2.14590000e+04 2.14740000e+04]
 [2.08000000e+02 9.59000000e+02 1.70000000e+03 3.93300000e+03
  4.82700000e+03 5.68100000e+03 6.10800000e+03 9.91500000e+03
  9.97500000e+03 1.03410000e+04 1.35410000e+04 1.51230000e+04
  1.52120000e+04 1.52130000e+04 1.80390000e+04 1.91270000e+04
  2.04810000e+04 2.06670000e+04 2.08540000e+04 2.09850000e+04]]
