optimal_status: 0
solution: 25252.0
cpu_time: 3600.8137052059174
gap: 0.9537152055278818
upper_bound: 1168.7836300099293
lower_bound: 25252.0
cg_matrix: [[0. 1. 0. 1. 1. 1. 1. 1. 1. 1. 1. 1. 1. 1. 0. 1. 1. 1. 1. 0. 1. 1. 1. 1.
  1. 1. 1. 1. 1. 0. 1. 1. 1. 1. 1. 0. 1. 1. 1. 0. 1. 1. 1. 1. 0. 0. 1. 1.
  1. 1.]
 [1. 0. 1. 1. 1. 1. 0. 1. 1. 1. 1. 1. 1. 1. 1. 1. 0. 0. 1. 1. 1. 1. 1. 0.
  1. 1. 1. 1. 1. 1. 1. 1. 1. 1. 1. 1. 1. 1. 0. 1. 1. 1. 0. 0. 1. 1. 1. 0.
  1. 1.]
 [0. 1. 0. 1. 1. 1. 1. 0. 1. 1. 0. 1. 1. 1. 0. 1. 0. 0. 1. 1. 0. 1. 0. 1.
  1. 1. 0. 1. 1. 1. 0. 1. 1. 1. 0. 1. 1. 1. 0. 1. 0. 1. 0. 1. 1. 1. 1. 0.
  1. 1.]
 [1. 1. 1. 0. 1. 1. 1. 1. 1. 1. 1. 1. 0. 1. 1. 0. 1. 0. 1. 1. 1. 0. 1. 1.
  1. 1. 1. 1. 1. 1. 1. 1. 1. 0. 0. 1. 1. 1. 1. 0. 1. 1. 0. 1. 1. 1. 1. 1.
  1. 1.]
 [1. 1. 1. 1. 0. 1. 1. 1. 1. 0. 1. 1. 0. 1. 0. 1. 1. 1. 1. 0. 1. 1. 0. 1.
  1. 0. 1. 0. 1. 1. 1. 1. 1. 0. 1. 1. 1. 1. 1. 0. 1. 1. 0. 1. 1. 1. 1. 0.
  0. 0.]
 [1. 1. 1. 1. 1. 0. 1. 1. 1. 1. 1. 1. 1. 1. 1. 0. 1. 0. 1. 1. 0. 0. 1. 1.
  1. 1. 1. 0. 1. 1. 0. 1. 1. 0. 1. 1. 1. 1. 0. 1. 1. 1. 1. 1. 1. 1. 1. 0.
  0. 1.]
 [1. 0. 1. 1. 1. 1. 0. 1. 1. 0. 1. 1. 1. 1. 1. 1. 1. 1. 1. 1. 0. 1. 1. 1.
  1. 1. 0. 1. 1. 1. 1. 1. 1. 1. 1. 1. 1. 0. 1. 0. 1. 1. 1. 1. 1. 1. 1. 1.
  1. 0.]
 [1. 1. 0. 1. 1. 1. 1. 0. 1. 0. 1. 1. 1. 1. 0. 0. 1. 1. 1. 1. 1. 1. 0. 1.
  1. 1. 1. 1. 0. 0. 1. 1. 0. 1. 1. 1. 1. 1. 0. 0. 1. 1. 1. 1. 0. 0. 1. 1.
  1. 1.]
 [1. 1. 1. 1. 1. 1. 1. 1. 0. 1. 1. 1. 1. 1. 1. 1. 0. 0. 1. 0. 1. 1. 1. 1.
  1. 1. 1. 0. 1. 0. 1. 1. 1. 1. 1. 1. 1. 1. 1. 1. 1. 0. 1. 1. 1. 1. 0. 1.
  1. 1.]
 [1. 1. 1. 1. 0. 1. 0. 0. 1. 0. 1. 0. 0. 0. 1. 1. 0. 1. 1. 1. 1. 1. 1. 1.
  1. 1. 1. 1. 1. 0. 1. 1. 1. 1. 1. 0. 1. 0. 1. 1. 1. 1. 1. 1. 1. 1. 1. 1.
  1. 1.]
 [1. 1. 0. 1. 1. 1. 1. 1. 1. 1. 0. 1. 1. 1. 1. 0. 1. 1. 1. 0. 1. 1. 1. 1.
  1. 0. 1. 0. 1. 1. 1. 1. 1. 1. 1. 1. 1. 0. 1. 1. 1. 1. 1. 1. 0. 0. 1. 1.
  1. 1.]
 [1. 1. 1. 1. 1. 1. 1. 1. 1. 0. 1. 0. 0. 0. 1. 1. 1. 1. 1. 1. 1. 0. 1. 0.
  1. 1. 1. 0. 1. 0. 1. 1. 1. 1. 1. 1. 0. 1. 1. 0. 1. 1. 1. 1. 1. 0. 0. 1.
  1. 1.]
 [1. 1. 1. 0. 0. 1. 1. 1. 1. 0. 1. 0. 0. 0. 1. 1. 0. 1. 1. 0. 1. 1. 1. 1.
  0. 1. 1. 1. 1. 1. 1. 1. 1. 1. 0. 1. 0. 1. 1. 1. 1. 1. 1. 1. 1. 0. 0. 1.
  1. 1.]
 [1. 1. 1. 1. 1. 1. 1. 1. 1. 0. 1. 0. 0. 0. 1. 1. 1. 1. 1. 1. 0. 1. 1. 1.
  1. 0. 1. 1. 0. 1. 1. 1. 1. 1. 0. 1. 1. 1. 1. 0. 0. 1. 0. 1. 1. 1. 1. 1.
  1. 1.]
 [0. 1. 0. 1. 0. 1. 1. 0. 1. 1. 1. 1. 1. 1. 0. 1. 1. 1. 1. 1. 0. 1. 1. 0.
  1. 1. 1. 1. 1. 1. 0. 1. 1. 0. 0. 1. 1. 1. 0. 1. 1. 1. 1. 1. 0. 1. 0. 1.
  0. 1.]
 [1. 1. 1. 0. 1. 0. 1. 0. 1. 1. 0. 1. 1. 1. 1. 0. 0. 0. 0. 0. 0. 0. 0. 0.
  0. 0. 0. 0. 0. 0. 0. 0. 0. 0. 0. 0. 0. 0. 0. 0. 0. 0. 0. 0. 0. 0. 0. 0.
  0. 0.]
 [1. 0. 0. 1. 1. 1. 1. 1. 0. 0. 1. 1. 0. 1. 1. 0. 0. 0. 0. 0. 0. 0. 0. 0.
  0. 0. 0. 0. 0. 0. 0. 0. 0. 0. 0. 0. 0. 0. 0. 0. 0. 0. 0. 0. 0. 0. 0. 0.
  0. 0.]
 [1. 0. 0. 0. 1. 0. 1. 1. 0. 1. 1. 1. 1. 1. 1. 0. 0. 0. 0. 0. 0. 0. 0. 0.
  0. 0. 0. 0. 0. 0. 0. 0. 0. 0. 0. 0. 0. 0. 0. 0. 0. 0. 0. 0. 0. 0. 0. 0.
  0. 0.]
 [1. 1. 1. 1. 1. 1. 1. 1. 1. 1. 1. 1. 1. 1. 1. 0. 0. 0. 0. 0. 0. 0. 0. 0.
  0. 0. 0. 0. 0. 0. 0. 0. 0. 0. 0. 0. 0. 0. 0. 0. 0. 0. 0. 0. 0. 0. 0. 0.
  0. 0.]
 [0. 1. 1. 1. 0. 1. 1. 1. 0. 1. 0. 1. 0. 1. 1. 0. 0. 0. 0. 0. 0. 0. 0. 0.
  0. 0. 0. 0. 0. 0. 0. 0. 0. 0. 0. 0. 0. 0. 0. 0. 0. 0. 0. 0. 0. 0. 0. 0.
  0. 0.]
 [1. 1. 0. 1. 1. 0. 0. 1. 1. 1. 1. 1. 1. 0. 0. 0. 0. 0. 0. 0. 0. 0. 0. 0.
  0. 0. 0. 0. 0. 0. 0. 0. 0. 0. 0. 0. 0. 0. 0. 0. 0. 0. 0. 0. 0. 0. 0. 0.
  0. 0.]
 [1. 1. 1. 0. 1. 0. 1. 1. 1. 1. 1. 0. 1. 1. 1. 0. 0. 0. 0. 0. 0. 0. 0. 0.
  0. 0. 0. 0. 0. 0. 0. 0. 0. 0. 0. 0. 0. 0. 0. 0. 0. 0. 0. 0. 0. 0. 0. 0.
  0. 0.]
 [1. 1. 0. 1. 0. 1. 1. 0. 1. 1. 1. 1. 1. 1. 1. 0. 0. 0. 0. 0. 0. 0. 0. 0.
  0. 0. 0. 0. 0. 0. 0. 0. 0. 0. 0. 0. 0. 0. 0. 0. 0. 0. 0. 0. 0. 0. 0. 0.
  0. 0.]
 [1. 0. 1. 1. 1. 1. 1. 1. 1. 1. 1. 0. 1. 1. 0. 0. 0. 0. 0. 0. 0. 0. 0. 0.
  0. 0. 0. 0. 0. 0. 0. 0. 0. 0. 0. 0. 0. 0. 0. 0. 0. 0. 0. 0. 0. 0. 0. 0.
  0. 0.]
 [1. 1. 1. 1. 1. 1. 1. 1. 1. 1. 1. 1. 0. 1. 1. 0. 0. 0. 0. 0. 0. 0. 0. 0.
  0. 0. 0. 0. 0. 0. 0. 0. 0. 0. 0. 0. 0. 0. 0. 0. 0. 0. 0. 0. 0. 0. 0. 0.
  0. 0.]
 [1. 1. 1. 1. 0. 1. 1. 1. 1. 1. 0. 1. 1. 0. 1. 0. 0. 0. 0. 0. 0. 0. 0. 0.
  0. 0. 0. 0. 0. 0. 0. 0. 0. 0. 0. 0. 0. 0. 0. 0. 0. 0. 0. 0. 0. 0. 0. 0.
  0. 0.]
 [1. 1. 0. 1. 1. 1. 0. 1. 1. 1. 1. 1. 1. 1. 1. 0. 0. 0. 0. 0. 0. 0. 0. 0.
  0. 0. 0. 0. 0. 0. 0. 0. 0. 0. 0. 0. 0. 0. 0. 0. 0. 0. 0. 0. 0. 0. 0. 0.
  0. 0.]
 [1. 1. 1. 1. 0. 0. 1. 1. 0. 1. 0. 0. 1. 1. 1. 0. 0. 0. 0. 0. 0. 0. 0. 0.
  0. 0. 0. 0. 0. 0. 0. 0. 0. 0. 0. 0. 0. 0. 0. 0. 0. 0. 0. 0. 0. 0. 0. 0.
  0. 0.]
 [1. 1. 1. 1. 1. 1. 1. 0. 1. 1. 1. 1. 1. 0. 1. 0. 0. 0. 0. 0. 0. 0. 0. 0.
  0. 0. 0. 0. 0. 0. 0. 0. 0. 0. 0. 0. 0. 0. 0. 0. 0. 0. 0. 0. 0. 0. 0. 0.
  0. 0.]
 [0. 1. 1. 1. 1. 1. 1. 0. 0. 0. 1. 0. 1. 1. 1. 0. 0. 0. 0. 0. 0. 0. 0. 0.
  0. 0. 0. 0. 0. 0. 0. 0. 0. 0. 0. 0. 0. 0. 0. 0. 0. 0. 0. 0. 0. 0. 0. 0.
  0. 0.]
 [1. 1. 0. 1. 1. 0. 1. 1. 1. 1. 1. 1. 1. 1. 0. 0. 0. 0. 0. 0. 0. 0. 0. 0.
  0. 0. 0. 0. 0. 0. 0. 0. 0. 0. 0. 0. 0. 0. 0. 0. 0. 0. 0. 0. 0. 0. 0. 0.
  0. 0.]
 [1. 1. 1. 1. 1. 1. 1. 1. 1. 1. 1. 1. 1. 1. 1. 0. 0. 0. 0. 0. 0. 0. 0. 0.
  0. 0. 0. 0. 0. 0. 0. 0. 0. 0. 0. 0. 0. 0. 0. 0. 0. 0. 0. 0. 0. 0. 0. 0.
  0. 0.]
 [1. 1. 1. 1. 1. 1. 1. 0. 1. 1. 1. 1. 1. 1. 1. 0. 0. 0. 0. 0. 0. 0. 0. 0.
  0. 0. 0. 0. 0. 0. 0. 0. 0. 0. 0. 0. 0. 0. 0. 0. 0. 0. 0. 0. 0. 0. 0. 0.
  0. 0.]
 [1. 1. 1. 0. 0. 0. 1. 1. 1. 1. 1. 1. 1. 1. 0. 0. 0. 0. 0. 0. 0. 0. 0. 0.
  0. 0. 0. 0. 0. 0. 0. 0. 0. 0. 0. 0. 0. 0. 0. 0. 0. 0. 0. 0. 0. 0. 0. 0.
  0. 0.]
 [1. 1. 0. 0. 1. 1. 1. 1. 1. 1. 1. 1. 0. 0. 0. 0. 0. 0. 0. 0. 0. 0. 0. 0.
  0. 0. 0. 0. 0. 0. 0. 0. 0. 0. 0. 0. 0. 0. 0. 0. 0. 0. 0. 0. 0. 0. 0. 0.
  0. 0.]
 [0. 1. 1. 1. 1. 1. 1. 1. 1. 0. 1. 1. 1. 1. 1. 0. 0. 0. 0. 0. 0. 0. 0. 0.
  0. 0. 0. 0. 0. 0. 0. 0. 0. 0. 0. 0. 0. 0. 0. 0. 0. 0. 0. 0. 0. 0. 0. 0.
  0. 0.]
 [1. 1. 1. 1. 1. 1. 1. 1. 1. 1. 1. 0. 0. 1. 1. 0. 0. 0. 0. 0. 0. 0. 0. 0.
  0. 0. 0. 0. 0. 0. 0. 0. 0. 0. 0. 0. 0. 0. 0. 0. 0. 0. 0. 0. 0. 0. 0. 0.
  0. 0.]
 [1. 1. 1. 1. 1. 1. 0. 1. 1. 0. 0. 1. 1. 1. 1. 0. 0. 0. 0. 0. 0. 0. 0. 0.
  0. 0. 0. 0. 0. 0. 0. 0. 0. 0. 0. 0. 0. 0. 0. 0. 0. 0. 0. 0. 0. 0. 0. 0.
  0. 0.]
 [1. 0. 0. 1. 1. 0. 1. 0. 1. 1. 1. 1. 1. 1. 0. 0. 0. 0. 0. 0. 0. 0. 0. 0.
  0. 0. 0. 0. 0. 0. 0. 0. 0. 0. 0. 0. 0. 0. 0. 0. 0. 0. 0. 0. 0. 0. 0. 0.
  0. 0.]
 [0. 1. 1. 0. 0. 1. 0. 0. 1. 1. 1. 0. 1. 0. 1. 0. 0. 0. 0. 0. 0. 0. 0. 0.
  0. 0. 0. 0. 0. 0. 0. 0. 0. 0. 0. 0. 0. 0. 0. 0. 0. 0. 0. 0. 0. 0. 0. 0.
  0. 0.]
 [1. 1. 0. 1. 1. 1. 1. 1. 1. 1. 1. 1. 1. 0. 1. 0. 0. 0. 0. 0. 0. 0. 0. 0.
  0. 0. 0. 0. 0. 0. 0. 0. 0. 0. 0. 0. 0. 0. 0. 0. 0. 0. 0. 0. 0. 0. 0. 0.
  0. 0.]
 [1. 1. 1. 1. 1. 1. 1. 1. 0. 1. 1. 1. 1. 1. 1. 0. 0. 0. 0. 0. 0. 0. 0. 0.
  0. 0. 0. 0. 0. 0. 0. 0. 0. 0. 0. 0. 0. 0. 0. 0. 0. 0. 0. 0. 0. 0. 0. 0.
  0. 0.]
 [1. 0. 0. 0. 0. 1. 1. 1. 1. 1. 1. 1. 1. 0. 1. 0. 0. 0. 0. 0. 0. 0. 0. 0.
  0. 0. 0. 0. 0. 0. 0. 0. 0. 0. 0. 0. 0. 0. 0. 0. 0. 0. 0. 0. 0. 0. 0. 0.
  0. 0.]
 [1. 0. 1. 1. 1. 1. 1. 1. 1. 1. 1. 1. 1. 1. 1. 0. 0. 0. 0. 0. 0. 0. 0. 0.
  0. 0. 0. 0. 0. 0. 0. 0. 0. 0. 0. 0. 0. 0. 0. 0. 0. 0. 0. 0. 0. 0. 0. 0.
  0. 0.]
 [0. 1. 1. 1. 1. 1. 1. 0. 1. 1. 0. 1. 1. 1. 0. 0. 0. 0. 0. 0. 0. 0. 0. 0.
  0. 0. 0. 0. 0. 0. 0. 0. 0. 0. 0. 0. 0. 0. 0. 0. 0. 0. 0. 0. 0. 0. 0. 0.
  0. 0.]
 [0. 1. 1. 1. 1. 1. 1. 0. 1. 1. 0. 0. 0. 1. 1. 0. 0. 0. 0. 0. 0. 0. 0. 0.
  0. 0. 0. 0. 0. 0. 0. 0. 0. 0. 0. 0. 0. 0. 0. 0. 0. 0. 0. 0. 0. 0. 0. 0.
  0. 0.]
 [1. 1. 1. 1. 1. 1. 1. 1. 0. 1. 1. 0. 0. 1. 0. 0. 0. 0. 0. 0. 0. 0. 0. 0.
  0. 0. 0. 0. 0. 0. 0. 0. 0. 0. 0. 0. 0. 0. 0. 0. 0. 0. 0. 0. 0. 0. 0. 0.
  0. 0.]
 [1. 0. 0. 1. 0. 0. 1. 1. 1. 1. 1. 1. 1. 1. 1. 0. 0. 0. 0. 0. 0. 0. 0. 0.
  0. 0. 0. 0. 0. 0. 0. 0. 0. 0. 0. 0. 0. 0. 0. 0. 0. 0. 0. 0. 0. 0. 0. 0.
  0. 0.]
 [1. 1. 1. 1. 0. 0. 1. 1. 1. 1. 1. 1. 1. 1. 0. 0. 0. 0. 0. 0. 0. 0. 0. 0.
  0. 0. 0. 0. 0. 0. 0. 0. 0. 0. 0. 0. 0. 0. 0. 0. 0. 0. 0. 0. 0. 0. 0. 0.
  0. 0.]
 [1. 1. 1. 1. 0. 1. 0. 1. 1. 1. 1. 1. 1. 1. 1. 0. 0. 0. 0. 0. 0. 0. 0. 0.
  0. 0. 0. 0. 0. 0. 0. 0. 0. 0. 0. 0. 0. 0. 0. 0. 0. 0. 0. 0. 0. 0. 0. 0.
  0. 0.]]
start_times_array: [[2.4354e+04 2.4575e+04 2.4669e+04 2.4694e+04 2.4793e+04 2.4883e+04
  2.4904e+04 2.4931e+04 2.4948e+04 2.4964e+04 2.5052e+04 2.5116e+04
  2.5125e+04 2.5175e+04 2.5230e+04]
 [2.3854e+04 2.3863e+04 2.3902e+04 2.3960e+04 2.3976e+04 2.4074e+04
  2.4132e+04 2.4213e+04 2.4264e+04 2.4274e+04 2.4305e+04 2.4400e+04
  2.4465e+04 2.4513e+04 2.4618e+04]
 [2.3061e+04 2.3115e+04 2.3161e+04 2.3257e+04 2.3303e+04 2.3319e+04
  2.3336e+04 2.3408e+04 2.3459e+04 2.3492e+04 2.3583e+04 2.3601e+04
  2.3685e+04 2.3772e+04 2.3803e+04]
 [2.2388e+04 2.2391e+04 2.2485e+04 2.2576e+04 2.2578e+04 2.2628e+04
  2.2717e+04 2.2795e+04 2.2800e+04 2.2830e+04 2.2840e+04 2.2862e+04
  2.2938e+04 2.2988e+04 2.3033e+04]
 [2.1552e+04 2.1633e+04 2.1775e+04 2.1832e+04 2.1846e+04 2.1936e+04
  2.1944e+04 2.1996e+04 2.2072e+04 2.2131e+04 2.2146e+04 2.2185e+04
  2.2225e+04 2.2279e+04 2.2336e+04]
 [2.0911e+04 2.0942e+04 2.0944e+04 2.1000e+04 2.1064e+04 2.1119e+04
  2.1215e+04 2.1221e+04 2.1257e+04 2.1286e+04 2.1343e+04 2.1429e+04
  2.1498e+04 2.1557e+04 2.1686e+04]
 [2.0122e+04 2.0161e+04 2.0168e+04 2.0200e+04 2.0274e+04 2.0364e+04
  2.0430e+04 2.0506e+04 2.0559e+04 2.0605e+04 2.0632e+04 2.0715e+04
  2.0764e+04 2.0836e+04 2.0858e+04]
 [1.9093e+04 1.9252e+04 1.9270e+04 1.9356e+04 1.9445e+04 1.9538e+04
  1.9601e+04 1.9635e+04 1.9732e+04 1.9816e+04 1.9877e+04 1.9909e+04
  1.9957e+04 1.9980e+04 2.0061e+04]
 [1.8306e+04 1.8495e+04 1.8506e+04 1.8524e+04 1.8578e+04 1.8674e+04
  1.8741e+04 1.8814e+04 1.8875e+04 1.8890e+04 1.8957e+04 1.8991e+04
  1.9028e+04 1.9176e+04 1.9220e+04]
 [1.7539e+04 1.7618e+04 1.7641e+04 1.7692e+04 1.7752e+04 1.7761e+04
  1.7815e+04 1.7900e+04 1.7988e+04 1.8071e+04 1.8126e+04 1.8213e+04
  1.8338e+04 1.8418e+04 1.8490e+04]
 [1.6734e+04 1.6788e+04 1.6842e+04 1.6896e+04 1.6955e+04 1.7004e+04
  1.7072e+04 1.7128e+04 1.7137e+04 1.7160e+04 1.7218e+04 1.7306e+04
  1.7388e+04 1.7398e+04 1.7485e+04]
 [1.5452e+04 1.5843e+04 1.5927e+04 1.5956e+04 1.6015e+04 1.6075e+04
  1.6173e+04 1.6214e+04 1.6301e+04 1.6328e+04 1.6359e+04 1.6438e+04
  1.6507e+04 1.6571e+04 1.6657e+04]
 [1.5252e+04 1.5452e+04 1.5513e+04 1.5546e+04 1.5601e+04 1.5725e+04
  1.5734e+04 1.5821e+04 1.5840e+04 1.5889e+04 1.5957e+04 1.5961e+04
  1.5985e+04 1.6026e+04 1.6075e+04]
 [1.5252e+04 1.5452e+04 1.5475e+04 1.5587e+04 1.5628e+04 1.5684e+04
  1.5752e+04 1.5833e+04 1.5882e+04 1.6026e+04 1.6093e+04 1.6182e+04
  1.6242e+04 1.6243e+04 1.6301e+04]
 [1.4753e+04 1.4796e+04 1.4872e+04 1.4914e+04 1.4973e+04 1.5023e+04
  1.5026e+04 1.5052e+04 1.5093e+04 1.5159e+04 1.5211e+04 1.5219e+04
  1.5323e+04 1.5363e+04 1.5402e+04]
 [1.3072e+04 1.3912e+04 1.3942e+04 1.4166e+04 1.4180e+04 1.4244e+04
  1.4278e+04 1.4313e+04 1.4379e+04 1.4522e+04 1.4567e+04 1.4603e+04
  1.4683e+04 1.4688e+04 1.4690e+04]
 [1.3019e+04 1.3072e+04 1.3878e+04 1.3912e+04 1.3965e+04 1.4008e+04
  1.4093e+04 1.4102e+04 1.4166e+04 1.4258e+04 1.4323e+04 1.4338e+04
  1.4339e+04 1.4345e+04 1.4440e+04]
 [1.0906e+04 1.2227e+04 1.2254e+04 1.3279e+04 1.3341e+04 1.3442e+04
  1.3448e+04 1.3566e+04 1.3601e+04 1.3658e+04 1.3734e+04 1.3772e+04
  1.3800e+04 1.3878e+04 1.3885e+04]
 [1.2903e+04 1.2943e+04 1.2998e+04 1.3019e+04 1.3079e+04 1.3166e+04
  1.3174e+04 1.3212e+04 1.3231e+04 1.3256e+04 1.3311e+04 1.3350e+04
  1.3442e+04 1.3472e+04 1.3566e+04]
 [1.1908e+04 1.2715e+04 1.2733e+04 1.2832e+04 1.2860e+04 1.2862e+04
  1.2903e+04 1.2938e+04 1.2944e+04 1.3014e+04 1.3030e+04 1.3125e+04
  1.3184e+04 1.3191e+04 1.3279e+04]
 [1.2113e+04 1.2152e+04 1.2200e+04 1.2227e+04 1.2254e+04 1.2277e+04
  1.2357e+04 1.2392e+04 1.2459e+04 1.2481e+04 1.2566e+04 1.2636e+04
  1.2672e+04 1.2715e+04 1.2795e+04]
 [1.1523e+04 1.1538e+04 1.1560e+04 1.1653e+04 1.1738e+04 1.1747e+04
  1.1785e+04 1.1883e+04 1.1908e+04 1.1972e+04 1.2017e+04 1.2113e+04
  1.2149e+04 1.2186e+04 1.2232e+04]
 [1.0883e+04 1.0906e+04 1.0926e+04 1.0982e+04 1.1073e+04 1.1118e+04
  1.1185e+04 1.1191e+04 1.1260e+04 1.1371e+04 1.1447e+04 1.1452e+04
  1.1523e+04 1.1605e+04 1.1675e+04]
 [1.0310e+04 1.0346e+04 1.0439e+04 1.0462e+04 1.0475e+04 1.0555e+04
  1.0978e+04 1.1073e+04 1.1154e+04 1.1198e+04 1.1242e+04 1.1327e+04
  1.1385e+04 1.1447e+04 1.1465e+04]
 [1.0250e+04 1.0310e+04 1.0378e+04 1.0462e+04 1.0497e+04 1.0589e+04
  1.0651e+04 1.0745e+04 1.0834e+04 1.0835e+04 1.0883e+04 1.0919e+04
  1.0954e+04 1.0982e+04 1.1019e+04]
 [8.6330e+03 9.1870e+03 9.4530e+03 9.5150e+03 9.5300e+03 9.5380e+03
  9.9660e+03 9.9870e+03 1.0015e+04 1.0087e+04 1.0152e+04 1.0234e+04
  1.0250e+04 1.0290e+04 1.0462e+04]
 [8.0370e+03 9.4390e+03 9.4530e+03 9.5060e+03 9.5260e+03 9.6250e+03
  9.6550e+03 9.7030e+03 9.7120e+03 9.7630e+03 9.7750e+03 9.8350e+03
  9.8860e+03 9.9660e+03 1.0047e+04]
 [8.5100e+03 8.5710e+03 8.6330e+03 8.6660e+03 8.7270e+03 8.8000e+03
  8.8030e+03 9.1680e+03 9.1870e+03 9.2670e+03 9.3070e+03 9.3230e+03
  9.3460e+03 9.3530e+03 9.4350e+03]
 [8.2400e+03 8.2700e+03 8.3460e+03 8.4410e+03 8.5040e+03 8.5560e+03
  8.6160e+03 8.7020e+03 8.7690e+03 8.7950e+03 8.8200e+03 8.9050e+03
  8.9170e+03 9.0030e+03 9.0950e+03]
 [7.2020e+03 7.2590e+03 7.6050e+03 7.7110e+03 7.9110e+03 7.9660e+03
  7.9690e+03 8.0040e+03 8.0370e+03 8.0610e+03 8.1530e+03 8.2040e+03
  8.2700e+03 8.3080e+03 8.4510e+03]
 [7.0650e+03 7.5510e+03 7.6050e+03 7.6780e+03 7.7440e+03 7.7670e+03
  7.8420e+03 7.9110e+03 8.0040e+03 8.0680e+03 8.1140e+03 8.1580e+03
  8.2390e+03 8.6240e+03 8.7020e+03]
 [5.8360e+03 6.8830e+03 6.9780e+03 7.0060e+03 7.0140e+03 7.0730e+03
  7.3150e+03 7.4020e+03 7.4860e+03 7.5080e+03 7.5510e+03 7.6360e+03
  7.7350e+03 7.8090e+03 7.8200e+03]
 [4.7300e+03 6.1780e+03 6.6650e+03 6.7140e+03 6.7460e+03 6.7950e+03
  6.8120e+03 6.8830e+03 6.9620e+03 6.9870e+03 7.0650e+03 7.0980e+03
  7.1180e+03 7.2020e+03 7.2620e+03]
 [6.2450e+03 6.2570e+03 6.3020e+03 6.3830e+03 6.4120e+03 6.4530e+03
  6.5400e+03 6.5970e+03 6.6650e+03 6.7440e+03 6.8410e+03 6.8570e+03
  6.9180e+03 6.9810e+03 7.0060e+03]
 [5.6640e+03 5.9240e+03 5.9570e+03 6.0370e+03 6.1130e+03 6.1870e+03
  6.1900e+03 6.2450e+03 6.2770e+03 6.2970e+03 6.3740e+03 6.4340e+03
  6.5400e+03 6.6100e+03 6.6780e+03]
 [5.2930e+03 5.7050e+03 5.7180e+03 5.7910e+03 5.8070e+03 5.8130e+03
  5.8360e+03 5.9240e+03 5.9960e+03 6.0330e+03 6.0660e+03 6.1640e+03
  6.1780e+03 6.2590e+03 6.4120e+03]
 [4.5840e+03 4.7780e+03 4.9160e+03 5.0380e+03 5.0760e+03 5.3790e+03
  5.4120e+03 5.4610e+03 5.4700e+03 5.5210e+03 5.5470e+03 5.6460e+03
  5.6640e+03 5.7050e+03 5.7330e+03]
 [4.7290e+03 4.7300e+03 4.7440e+03 4.7780e+03 4.8270e+03 4.8380e+03
  4.9160e+03 4.9240e+03 4.9320e+03 5.0000e+03 5.0380e+03 5.1100e+03
  5.1800e+03 5.2120e+03 5.2930e+03]
 [3.5700e+03 3.6630e+03 3.6990e+03 3.7050e+03 4.1720e+03 4.2740e+03
  4.3030e+03 4.3270e+03 4.4110e+03 4.4640e+03 4.4810e+03 4.5310e+03
  4.5840e+03 4.6080e+03 4.6670e+03]
 [2.4120e+03 3.4290e+03 3.7200e+03 3.8090e+03 3.8910e+03 3.9300e+03
  4.0120e+03 4.0470e+03 4.1050e+03 4.1680e+03 4.1720e+03 4.2360e+03
  4.2440e+03 4.2740e+03 4.3270e+03]
 [2.1130e+03 3.3450e+03 3.3620e+03 3.3880e+03 3.4610e+03 3.4950e+03
  3.5330e+03 3.6120e+03 3.6830e+03 3.6990e+03 3.8440e+03 3.9300e+03
  3.9600e+03 4.0060e+03 4.0320e+03]
 [1.0640e+03 1.1340e+03 1.8700e+03 3.0300e+03 3.0980e+03 3.1460e+03
  3.1760e+03 3.2550e+03 3.3450e+03 3.4290e+03 3.4770e+03 3.5560e+03
  3.5700e+03 3.6120e+03 3.6940e+03]
 [2.3690e+03 2.3700e+03 2.9350e+03 2.9800e+03 2.9830e+03 2.9900e+03
  3.0050e+03 3.0270e+03 3.0980e+03 3.1170e+03 3.2780e+03 3.3330e+03
  3.3450e+03 3.3950e+03 3.4050e+03]
 [2.5200e+02 2.1600e+03 2.1630e+03 2.2240e+03 2.2580e+03 2.8630e+03
  2.9350e+03 3.0050e+03 3.1170e+03 3.2040e+03 3.2400e+03 3.3280e+03
  3.3290e+03 3.3320e+03 3.5930e+03]
 [3.5000e+02 2.2450e+03 2.2950e+03 2.3690e+03 2.3850e+03 2.4710e+03
  2.5030e+03 2.5050e+03 2.5270e+03 2.5490e+03 2.6220e+03 2.6380e+03
  2.6460e+03 2.7100e+03 2.7800e+03]
 [1.0770e+03 1.1340e+03 1.2360e+03 1.8710e+03 1.8730e+03 1.8830e+03
  1.9200e+03 1.9660e+03 2.0550e+03 2.0860e+03 2.1130e+03 2.1600e+03
  2.2450e+03 2.3310e+03 2.4120e+03]
 [1.1000e+01 5.2900e+02 8.3600e+02 1.4930e+03 1.5800e+03 1.6140e+03
  1.6470e+03 1.6840e+03 1.7620e+03 1.8460e+03 1.8730e+03 1.9190e+03
  2.0120e+03 2.0870e+03 2.2360e+03]
 [5.6600e+02 7.6100e+02 8.4500e+02 8.6000e+02 9.9200e+02 1.0770e+03
  1.1300e+03 1.1590e+03 1.2290e+03 1.2790e+03 1.3720e+03 1.3950e+03
  1.4930e+03 1.4950e+03 1.5120e+03]
 [0.0000e+00 4.4700e+02 4.5400e+02 5.2400e+02 5.4300e+02 5.5600e+02
  5.7900e+02 6.7300e+02 6.7500e+02 7.3000e+02 8.2300e+02 9.0000e+02
  9.9200e+02 1.0310e+03 1.1590e+03]
 [0.0000e+00 2.9000e+01 8.9000e+01 1.1600e+02 1.7300e+02 2.5200e+02
  3.1900e+02 3.8500e+02 4.0700e+02 4.3400e+02 4.5400e+02 4.5900e+02
  6.7300e+02 7.5200e+02 7.6100e+02]]
