optimal_status: 0
solution: 2964.9999997032796
cpu_time: 3600.16446185112
gap: 0.6169837002249317
upper_bound: 1135.6433287194288
lower_bound: 2964.9999997032796
cg_matrix: [[0. 0. 0. 0. 0. 0. 0. 0. 0. 0. 0. 0. 0. 0. 0. 0. 0. 0. 0. 0.]
 [0. 0. 0. 0. 0. 1. 1. 1. 0. 0. 0. 0. 0. 0. 1. 0. 0. 0. 0. 0.]
 [0. 0. 0. 1. 0. 0. 0. 0. 0. 0. 0. 0. 1. 0. 0. 0. 0. 1. 0. 0.]
 [0. 0. 1. 0. 0. 0. 0. 0. 0. 0. 0. 1. 0. 0. 0. 0. 0. 0. 1. 0.]
 [0. 0. 0. 0. 0. 0. 0. 1. 0. 0. 1. 1. 1. 0. 1. 0. 0. 0. 0. 0.]
 [0. 1. 0. 0. 0. 0. 1. 1. 1. 0. 0. 0. 0. 1. 0. 0. 1. 0. 0. 1.]
 [0. 1. 0. 0. 0. 1. 0. 0. 1. 0. 0. 0. 0. 0. 0. 0. 1. 0. 0. 0.]
 [0. 1. 0. 0. 1. 1. 0. 0. 0. 0. 0. 0. 0. 1. 0. 0. 1. 0. 0. 1.]
 [0. 0. 0. 0. 0. 1. 1. 0. 0. 0. 0. 0. 0. 0. 0. 0. 0. 0. 0. 0.]
 [0. 0. 0. 0. 0. 0. 0. 0. 0. 0. 0. 0. 0. 1. 0. 0. 1. 1. 1. 0.]
 [0. 0. 0. 0. 1. 0. 0. 0. 0. 0. 0. 0. 1. 0. 1. 0. 0. 0. 0. 0.]
 [0. 0. 0. 1. 1. 0. 0. 0. 0. 0. 0. 0. 0. 0. 1. 0. 0. 0. 0. 0.]
 [0. 0. 1. 0. 1. 0. 0. 0. 0. 0. 1. 0. 0. 1. 1. 0. 0. 1. 0. 0.]
 [0. 0. 0. 0. 0. 1. 0. 1. 0. 1. 0. 0. 1. 0. 0. 0. 0. 0. 0. 0.]
 [0. 1. 0. 0. 1. 0. 0. 0. 0. 0. 1. 1. 1. 0. 0. 1. 0. 0. 0. 0.]
 [0. 0. 0. 0. 0. 0. 0. 0. 0. 0. 0. 0. 0. 0. 1. 0. 0. 0. 0. 0.]
 [0. 0. 0. 0. 0. 1. 1. 1. 0. 1. 0. 0. 0. 0. 0. 0. 0. 0. 0. 0.]
 [0. 0. 1. 0. 0. 0. 0. 0. 0. 1. 0. 0. 1. 0. 0. 0. 0. 0. 0. 0.]
 [0. 0. 0. 1. 0. 0. 0. 0. 0. 1. 0. 0. 0. 0. 0. 0. 0. 0. 0. 0.]
 [0. 0. 0. 0. 0. 1. 0. 1. 0. 0. 0. 0. 0. 0. 0. 0. 0. 0. 0. 0.]]
start_times_array: [[ 294.         364.         370.         417.         483.
   497.         532.         766.         908.         915.
   972.        1027.        1045.        1323.9999997 1532.       ]
 [ 756.         786.         972.         991.        1197.
  1617.9999997 1781.9999997 1844.9999997 2007.9999997 2017.9999997
  2032.9999997 2275.9999997 2350.9999997 2430.9999997 2667.9999997]
 [ 114.         292.         353.         455.         522.
   568.        1010.        1088.        1107.        1142.
  1212.        1398.        2611.9999997 2685.9999997 2904.9999997]
 [ 156.         741.        1488.        1560.        1577.
  1692.        1968.9999997 2052.9999997 2184.9999997 2274.9999997
  2301.9999997 2314.9999997 2510.9999997 2513.9999997 2838.9999997]
 [   0.         399.         977.        1057.        1552.9999997
  1994.9999997 2070.9999997 2076.9999997 2088.9999997 2114.9999997
  2142.9999997 2308.9999997 2346.9999997 2660.9999997 2922.9999997]
 [  61.         417.         504.         993.        1012.
  1457.        1542.        2105.9999997 2156.9999997 2638.9999997
  2764.9999997 2766.9999997 2884.9999997 2885.9999997 2910.9999997]
 [ 164.         183.         661.         915.        1096.
  1325.9999997 1703.        1919.9999997 2174.9999997 2514.9999997
  2569.9999997 2580.9999997 2599.9999997 2779.9999997 2847.9999997]
 [ 209.         563.         661.         672.         675.
   929.        1097.        1311.        1401.        1698.9999997
  1906.9999997 2514.9999997 2779.9999997 2781.9999997 2857.9999997]
 [ 307.         760.         827.         937.        1100.
  1277.9999997 1396.9999997 1605.        1624.        1663.
  1777.9999997 1820.9999997 2007.9999997 2254.9999997 2346.9999997]
 [ 169.         558.        1010.        1064.        1093.
  1197.        1206.        1280.        1398.        1483.
  1906.9999997 1982.9999997 2605.9999997 2800.9999997 2939.9999997]
 [  47.         114.         220.         616.         719.
   884.        1197.        1308.        1380.9999997 1781.9999997
  1942.9999997 2275.9999997 2401.9999997 2589.9999997 2693.9999997]
 [  38.         252.         646.        1198.9999997 1277.9999997
  1380.9999997 1604.        1781.9999997 1904.9999997 2425.9999997
  2570.9999997 2693.9999997 2720.9999997 2764.9999997 2820.9999997]
 [  50.         515.         690.         786.         852.
  1273.        1602.9999997 1610.9999997 1636.9999997 1848.9999997
  2425.9999997 2487.9999997 2529.9999997 2783.9999997 2839.9999997]
 [   0.           3.          10.         266.         359.
  1116.        1994.9999997 2052.9999997 2073.9999997 2174.9999997
  2256.9999997 2314.9999997 2372.9999997 2676.9999997 2865.9999997]
 [ 154.         311.         467.         539.        1081.
  1119.        1323.9999997 1339.9999997 1396.9999997 1489.9999997
  1527.9999997 1730.9999997 2128.9999997 2177.9999997 2861.9999997]
 [   0.          61.          84.          94.         220.
   413.         670.         672.         940.         972.
  1827.9999997 1968.9999997 2275.9999997 2344.9999997 2385.9999997]
 [   0.         138.         266.         332.         732.
   766.         781.         840.         972.        1117.
  1788.9999997 1837.9999997 2007.9999997 2254.9999997 2693.9999997]
 [ 359.         516.         638.         719.         741.
   915.         994.        1326.        1741.9999997 1770.9999997
  1796.9999997 1994.9999997 2052.9999997 2143.9999997 2184.9999997]
 [   3.          45.         399.         624.         649.
   825.         942.         950.        1116.        1604.
  1778.        1789.        2123.9999997 2461.9999997 2676.9999997]
 [ 157.         247.         250.         334.         708.
   839.        1119.        1142.        1214.        1781.9999997
  1982.9999997 2174.9999997 2217.9999997 2425.9999997 2667.9999997]]
