optimal_status: 0
solution: 4012.9999995976054
cpu_time: 3600.0595228672028
gap: 0.666583603255889
upper_bound: 1337.9999999999527
lower_bound: 4012.9999995976054
cg_matrix: [[0. 0. 0. 0. 0. 0. 0. 0. 0. 0. 1. 0. 0. 0. 0. 0. 0. 0. 0. 1.]
 [0. 0. 0. 1. 0. 0. 0. 0. 1. 0. 1. 0. 0. 1. 0. 0. 1. 0. 0. 0.]
 [0. 0. 0. 0. 0. 0. 0. 1. 0. 1. 0. 0. 1. 0. 0. 0. 0. 1. 0. 0.]
 [0. 1. 0. 0. 1. 0. 1. 0. 0. 0. 0. 0. 0. 0. 0. 0. 0. 1. 0. 0.]
 [0. 0. 0. 1. 0. 1. 0. 0. 1. 0. 1. 1. 0. 1. 0. 0. 0. 0. 0. 1.]
 [0. 0. 0. 0. 1. 0. 0. 0. 0. 0. 0. 0. 0. 0. 1. 1. 0. 0. 0. 0.]
 [0. 0. 0. 1. 0. 0. 0. 0. 1. 1. 1. 0. 0. 0. 0. 0. 1. 0. 0. 0.]
 [0. 0. 1. 0. 0. 0. 0. 0. 0. 0. 1. 0. 1. 1. 0. 0. 1. 0. 0. 1.]
 [0. 1. 0. 0. 1. 0. 1. 0. 0. 1. 1. 0. 0. 0. 0. 0. 0. 0. 0. 0.]
 [0. 0. 1. 0. 0. 0. 1. 0. 1. 0. 0. 0. 0. 0. 0. 0. 0. 0. 0. 0.]
 [1. 1. 0. 0. 1. 0. 1. 1. 1. 0. 0. 0. 0. 0. 0. 1. 0. 0. 0. 0.]
 [0. 0. 0. 0. 1. 0. 0. 0. 0. 0. 0. 0. 1. 0. 0. 0. 1. 1. 0. 0.]
 [0. 0. 1. 0. 0. 0. 0. 1. 0. 0. 0. 1. 0. 1. 0. 1. 1. 0. 0. 0.]
 [0. 1. 0. 0. 1. 0. 0. 1. 0. 0. 0. 0. 1. 0. 0. 0. 0. 1. 0. 0.]
 [0. 0. 0. 0. 0. 1. 0. 0. 0. 0. 0. 0. 0. 0. 0. 0. 0. 0. 0. 0.]
 [0. 0. 0. 0. 0. 1. 0. 0. 0. 0. 1. 0. 1. 0. 0. 0. 0. 0. 0. 0.]
 [0. 1. 0. 0. 0. 0. 1. 1. 0. 0. 0. 1. 1. 0. 0. 0. 0. 0. 0. 0.]
 [0. 0. 1. 1. 0. 0. 0. 0. 0. 0. 0. 1. 0. 1. 0. 0. 0. 0. 1. 0.]
 [0. 0. 0. 0. 0. 0. 0. 0. 0. 0. 0. 0. 0. 0. 0. 0. 0. 1. 0. 1.]
 [1. 0. 0. 0. 1. 0. 0. 1. 0. 0. 0. 0. 0. 0. 0. 0. 0. 0. 1. 0.]]
start_times_array: [[1.180e+02 1.480e+02 5.320e+02 5.660e+02 7.460e+02 1.213e+03 1.309e+03
  1.334e+03 1.383e+03 1.450e+03 1.857e+03 1.877e+03 2.485e+03 2.705e+03
  2.756e+03 2.806e+03 2.950e+03 2.971e+03 3.159e+03 3.233e+03]
 [3.110e+02 6.240e+02 8.010e+02 8.040e+02 1.285e+03 1.475e+03 1.483e+03
  1.498e+03 1.857e+03 2.213e+03 2.288e+03 2.485e+03 2.785e+03 2.853e+03
  2.916e+03 2.957e+03 2.994e+03 3.127e+03 3.545e+03 3.609e+03]
 [0.000e+00 8.200e+01 1.180e+02 3.020e+02 7.510e+02 9.210e+02 1.110e+03
  1.142e+03 1.158e+03 1.221e+03 1.365e+03 1.674e+03 1.784e+03 1.885e+03
  1.930e+03 2.593e+03 3.260e+03 3.371e+03 3.440e+03 3.847e+03]
 [4.900e+01 1.630e+02 7.090e+02 1.103e+03 1.146e+03 1.232e+03 1.674e+03
  1.744e+03 1.955e+03 2.026e+03 2.140e+03 2.563e+03 2.593e+03 2.597e+03
  2.666e+03 3.215e+03 3.243e+03 3.473e+03 3.669e+03 3.751e+03]
 [1.000e+00 1.980e+02 3.300e+02 3.430e+02 6.310e+02 8.010e+02 1.026e+03
  1.286e+03 1.435e+03 1.857e+03 1.902e+03 2.070e+03 2.285e+03 2.485e+03
  2.794e+03 2.832e+03 3.125e+03 3.539e+03 3.575e+03 3.937e+03]
 [3.000e+00 7.900e+01 2.390e+02 4.450e+02 6.620e+02 8.670e+02 9.840e+02
  1.007e+03 1.099e+03 1.137e+03 1.666e+03 1.939e+03 2.390e+03 2.720e+03
  2.912e+03 3.020e+03 3.215e+03 3.515e+03 3.627e+03 3.857e+03]
 [0.000e+00 3.110e+02 3.330e+02 4.320e+02 6.240e+02 8.350e+02 1.005e+03
  1.299e+03 1.497e+03 1.832e+03 1.871e+03 2.051e+03 2.285e+03 2.816e+03
  2.909e+03 3.003e+03 3.293e+03 3.545e+03 3.937e+03 3.991e+03]
 [6.000e+00 2.300e+02 2.320e+02 3.840e+02 5.840e+02 8.040e+02 8.200e+02
  1.003e+03 1.228e+03 1.383e+03 1.764e+03 2.002e+03 2.213e+03 2.323e+03
  2.794e+03 2.853e+03 2.890e+03 2.950e+03 3.656e+03 3.721e+03]
 [1.250e+02 1.820e+02 5.320e+02 1.186e+03 1.353e+03 1.729e+03 1.820e+03
  1.931e+03 1.992e+03 2.242e+03 2.381e+03 2.401e+03 2.596e+03 2.705e+03
  3.233e+03 3.457e+03 3.627e+03 3.689e+03 3.888e+03 3.917e+03]
 [6.000e+00 2.060e+02 4.540e+02 7.090e+02 8.020e+02 8.050e+02 9.140e+02
  1.028e+03 1.435e+03 1.577e+03 1.590e+03 1.849e+03 2.084e+03 2.162e+03
  2.505e+03 3.041e+03 3.094e+03 3.100e+03 3.348e+03 3.748e+03]
 [2.500e+01 1.090e+02 2.390e+02 4.440e+02 9.190e+02 1.098e+03 1.586e+03
  1.664e+03 1.834e+03 1.950e+03 1.957e+03 2.119e+03 2.544e+03 2.577e+03
  2.587e+03 2.620e+03 3.037e+03 3.215e+03 3.363e+03 3.763e+03]
 [3.020e+02 5.980e+02 8.670e+02 9.940e+02 1.257e+03 1.365e+03 1.578e+03
  1.632e+03 2.001e+03 2.127e+03 2.194e+03 2.203e+03 2.643e+03 2.917e+03
  2.970e+03 3.018e+03 3.260e+03 3.312e+03 3.652e+03 3.733e+03]
 [2.500e+01 2.580e+02 4.440e+02 6.310e+02 1.060e+03 1.475e+03 1.543e+03
  1.564e+03 1.626e+03 2.078e+03 2.377e+03 2.503e+03 2.686e+03 2.722e+03
  3.127e+03 3.223e+03 3.255e+03 3.545e+03 3.591e+03 3.931e+03]
 [4.900e+01 1.400e+02 7.040e+02 9.320e+02 1.103e+03 1.586e+03 1.671e+03
  1.784e+03 2.266e+03 2.404e+03 2.544e+03 2.593e+03 3.037e+03 3.363e+03
  3.440e+03 3.763e+03 3.789e+03 3.834e+03 3.851e+03 3.853e+03]
 [1.900e+01 3.400e+01 1.320e+02 2.280e+02 3.490e+02 8.060e+02 8.450e+02
  1.026e+03 1.354e+03 1.433e+03 1.587e+03 2.029e+03 2.470e+03 2.569e+03
  2.593e+03 2.799e+03 2.909e+03 3.360e+03 3.651e+03 3.710e+03]
 [0.000e+00 1.350e+02 2.220e+02 3.730e+02 5.320e+02 7.340e+02 7.510e+02
  1.230e+03 1.424e+03 1.500e+03 1.741e+03 1.857e+03 2.007e+03 2.238e+03
  2.310e+03 2.794e+03 2.977e+03 3.280e+03 3.470e+03 3.652e+03]
 [5.200e+01 1.190e+02 1.280e+02 1.680e+02 5.020e+02 7.090e+02 9.600e+02
  1.090e+03 1.129e+03 1.144e+03 1.443e+03 1.929e+03 2.396e+03 2.548e+03
  3.057e+03 3.387e+03 3.467e+03 3.777e+03 3.857e+03 3.887e+03]
 [6.000e+00 2.060e+02 3.730e+02 3.990e+02 4.990e+02 1.005e+03 1.282e+03
  1.432e+03 1.440e+03 1.510e+03 1.848e+03 1.910e+03 2.070e+03 2.305e+03
  2.460e+03 2.581e+03 2.743e+03 2.816e+03 3.529e+03 3.930e+03]
 [8.800e+01 2.050e+02 5.880e+02 6.230e+02 8.040e+02 1.738e+03 1.931e+03
  1.973e+03 2.105e+03 2.254e+03 2.487e+03 2.503e+03 2.685e+03 2.908e+03
  2.917e+03 3.125e+03 3.654e+03 3.857e+03 3.929e+03 4.005e+03]
 [2.500e+01 5.200e+01 6.960e+02 7.750e+02 9.170e+02 9.970e+02 1.179e+03
  1.532e+03 1.623e+03 1.818e+03 1.969e+03 2.391e+03 2.581e+03 2.630e+03
  3.027e+03 3.331e+03 3.440e+03 3.625e+03 3.763e+03 3.767e+03]]
