optimal_status: 0
solution: 5170.0
cpu_time: 3600.138060092926
gap: 0.7844544702385471
upper_bound: 1114.3703888667114
lower_bound: 5170.0
cg_matrix: [[0. 1. 0. 0. 1. 0. 0. 0. 0. 1. 1. 1. 0. 1. 0. 1. 1. 1. 0. 0.]
 [1. 0. 0. 1. 1. 1. 1. 0. 1. 1. 0. 0. 0. 1. 1. 0. 1. 0. 0. 0.]
 [0. 0. 0. 1. 0. 0. 1. 1. 1. 0. 0. 1. 0. 0. 0. 1. 1. 0. 1. 0.]
 [0. 1. 1. 0. 1. 1. 0. 1. 1. 1. 1. 1. 0. 0. 0. 1. 1. 1. 0. 1.]
 [1. 1. 0. 1. 0. 0. 1. 1. 0. 1. 1. 0. 1. 0. 0. 0. 1. 0. 0. 1.]
 [0. 1. 0. 1. 0. 0. 0. 1. 1. 0. 0. 0. 1. 0. 0. 1. 0. 1. 1. 0.]
 [0. 1. 1. 0. 1. 0. 0. 1. 1. 0. 1. 0. 0. 1. 0. 1. 0. 0. 0. 0.]
 [0. 0. 1. 1. 1. 1. 1. 0. 0. 1. 1. 0. 0. 1. 0. 0. 1. 0. 0. 1.]
 [0. 1. 1. 1. 0. 1. 1. 0. 0. 1. 0. 0. 0. 0. 1. 0. 1. 0. 0. 1.]
 [1. 1. 0. 1. 1. 0. 0. 1. 1. 0. 1. 1. 0. 0. 0. 0. 0. 1. 1. 1.]
 [1. 0. 0. 1. 1. 0. 1. 1. 0. 1. 0. 0. 1. 0. 0. 0. 1. 1. 0. 0.]
 [1. 0. 1. 1. 0. 0. 0. 0. 0. 1. 0. 0. 1. 0. 0. 1. 1. 1. 1. 0.]
 [0. 0. 0. 0. 1. 1. 0. 0. 0. 0. 1. 1. 0. 0. 1. 0. 1. 1. 0. 1.]
 [1. 1. 0. 0. 0. 0. 1. 1. 0. 0. 0. 0. 0. 0. 0. 0. 1. 0. 1. 1.]
 [0. 1. 0. 0. 0. 0. 0. 0. 1. 0. 0. 0. 1. 0. 0. 1. 1. 1. 1. 0.]
 [1. 0. 1. 1. 0. 1. 1. 0. 0. 0. 0. 1. 0. 0. 1. 0. 0. 0. 0. 0.]
 [1. 1. 1. 1. 1. 0. 0. 1. 1. 0. 1. 1. 1. 1. 1. 0. 0. 0. 0. 0.]
 [1. 0. 0. 1. 0. 1. 0. 0. 0. 1. 1. 1. 1. 0. 1. 0. 0. 0. 0. 0.]
 [0. 0. 1. 0. 0. 1. 0. 0. 0. 1. 0. 1. 0. 1. 1. 0. 0. 0. 0. 0.]
 [0. 0. 0. 1. 1. 0. 0. 1. 1. 1. 0. 0. 1. 1. 0. 0. 0. 0. 0. 0.]]
start_times_array: [[  33.  389.  411.  598.  789. 2053. 2225. 2595. 3107. 3229. 3496. 3567.
  4244. 4477. 4776.]
 [ 302.  962. 1104. 1249. 1250. 2222. 2238. 2747. 3200. 3376. 3393. 3405.
  4385. 4574. 4752.]
 [ 107.  302.  509.  582.  731. 1129. 1157. 2419. 2440. 3129. 3641. 3808.
  3810. 4050. 4737.]
 [  33.  166.  447.  789. 1553. 1605. 1785. 2041. 2080. 3877. 3957. 4479.
  4549. 4792. 4901.]
 [  14.  663.  923. 1708. 1777. 1909. 2005. 2508. 2896. 3030. 3298. 4001.
  4092. 4155. 4838.]
 [ 509.  645. 1181. 1403. 1425. 1950. 2005. 2448. 2827. 3465. 3497. 3641.
  4155. 4776. 5124.]
 [  29.  204. 1403. 1493. 1785. 2053. 2129. 2670. 2937. 3104. 4212. 4477.
  4507. 4666. 4792.]
 [   0.  341. 1272. 1358. 1689. 2237. 2315. 2585. 3218. 3507. 3568. 4142.
  4300. 4574. 5043.]
 [   0.  389.  826. 1324. 2486. 2585. 2618. 2890. 3229. 3507. 3718. 4001.
  4312. 4609. 4619.]
 [ 111.  206.  543.  897. 1021. 1181. 1403. 1502. 2419. 2827. 2937. 3148.
  4666. 4923. 5124.]
 [ 500.  644.  865.  948. 2019. 2448. 3386. 3483. 3631. 3679. 3715. 3794.
  3808. 4385. 5020.]
 [  21.  645.  926. 1950. 2318. 2486. 2554. 2582. 2761. 3386. 4001. 4142.
  4386. 4838. 4913.]
 [ 789. 2041. 2237. 2408. 2595. 2653. 2890. 3107. 3138. 3143. 3879. 4271.
  4312. 4507. 4737.]
 [ 111.  846.  904. 1503. 1749. 1950. 2040. 2419. 3298. 3678. 3740. 3792.
  3867. 3877. 3906.]
 [  21.  509.  647. 1181. 1403. 1474. 1483. 1493. 1587. 3641. 3792. 3839.
  4477. 4776. 4872.]
 [ 308.  713.  831.  962. 1042. 1154. 1251. 1323. 1341. 1371. 1689. 3631.
  4300. 4928. 5033.]
 [ 206. 1018. 1835. 2145. 2685. 2726. 2739. 2937. 3104. 3311. 3584. 4131.
  4212. 4666. 4928.]
 [   0.  290.  713. 1104. 1249. 1835. 2685. 2779. 2821. 3298. 3580. 4609.
  4991. 5043. 5106.]
 [ 308.  395.  411.  618.  788.  962. 1680. 1770. 1865. 2053. 2133. 2230.
  2408. 2595. 4991.]
 [ 308.  362.  598. 1104. 1187. 1835. 2145. 2193. 3311. 3584. 3612. 4212.
  4246. 4385. 4819.]]
