optimal_status: 0
solution: 15498.0
cpu_time: 3600.7642419338226
gap: 0.8752755408902557
upper_bound: 1932.979667282817
lower_bound: 15498.0
cg_matrix: [[0. 0. 0. 1. 0. 0. 1. 0. 0. 0. 0. 0. 0. 0. 0. 0. 1. 0. 1. 0. 0. 0. 0. 0.
  0. 0. 0. 0. 1. 0. 1. 0. 0. 0. 0. 0. 0. 0. 1. 0. 0. 0. 0. 0. 0. 0. 0. 0.
  1. 1.]
 [0. 0. 0. 1. 0. 0. 0. 0. 0. 0. 0. 1. 0. 0. 1. 0. 0. 1. 0. 0. 0. 0. 1. 0.
  0. 0. 1. 0. 0. 1. 0. 1. 0. 0. 0. 0. 0. 0. 0. 0. 1. 0. 0. 0. 0. 0. 1. 0.
  0. 0.]
 [0. 0. 0. 1. 0. 0. 0. 0. 1. 1. 0. 1. 0. 0. 0. 1. 0. 0. 0. 0. 0. 0. 0. 0.
  0. 0. 0. 1. 0. 1. 0. 1. 0. 0. 0. 1. 0. 1. 0. 1. 0. 0. 0. 0. 0. 0. 0. 0.
  0. 0.]
 [1. 1. 1. 0. 0. 0. 0. 0. 0. 0. 0. 0. 0. 0. 1. 0. 1. 0. 0. 0. 0. 1. 0. 0.
  0. 0. 0. 0. 0. 0. 0. 0. 0. 0. 0. 0. 1. 0. 1. 0. 0. 0. 0. 0. 0. 0. 0. 0.
  0. 0.]
 [0. 0. 0. 0. 0. 1. 0. 0. 0. 0. 0. 0. 0. 0. 0. 0. 0. 0. 0. 1. 0. 0. 0. 0.
  0. 0. 0. 0. 1. 1. 0. 0. 0. 0. 0. 0. 1. 0. 0. 0. 0. 0. 1. 0. 0. 0. 1. 0.
  0. 0.]
 [0. 0. 0. 0. 1. 0. 1. 0. 1. 0. 0. 0. 0. 1. 0. 1. 0. 0. 0. 0. 0. 0. 0. 0.
  0. 1. 0. 0. 1. 0. 0. 0. 0. 0. 0. 0. 0. 0. 1. 0. 0. 0. 0. 0. 0. 0. 0. 1.
  1. 1.]
 [1. 0. 0. 0. 0. 1. 0. 0. 0. 1. 0. 0. 0. 1. 0. 0. 0. 0. 1. 0. 0. 1. 1. 0.
  1. 0. 1. 0. 0. 0. 1. 0. 0. 1. 0. 0. 0. 0. 0. 0. 0. 0. 0. 1. 0. 0. 0. 1.
  0. 1.]
 [0. 0. 0. 0. 0. 0. 0. 0. 0. 0. 0. 0. 0. 0. 0. 0. 0. 0. 0. 0. 1. 0. 0. 0.
  0. 1. 0. 0. 1. 0. 0. 0. 0. 0. 0. 0. 0. 1. 0. 0. 0. 0. 0. 0. 0. 0. 0. 0.
  0. 0.]
 [0. 0. 1. 0. 0. 1. 0. 0. 0. 1. 1. 0. 0. 0. 0. 0. 0. 1. 0. 0. 0. 1. 0. 0.
  0. 0. 1. 1. 0. 0. 0. 0. 0. 0. 0. 1. 1. 1. 0. 1. 1. 0. 1. 0. 1. 0. 1. 0.
  1. 0.]
 [0. 0. 1. 0. 0. 0. 1. 0. 1. 0. 0. 0. 0. 0. 0. 0. 0. 0. 0. 0. 0. 0. 0. 0.
  0. 0. 0. 1. 1. 0. 0. 0. 0. 0. 1. 0. 0. 0. 0. 0. 0. 0. 0. 0. 0. 1. 1. 0.
  0. 0.]
 [0. 0. 0. 0. 0. 0. 0. 0. 1. 0. 0. 0. 0. 1. 0. 0. 0. 0. 1. 0. 0. 0. 0. 0.
  0. 1. 0. 1. 0. 0. 0. 0. 0. 0. 0. 0. 0. 0. 1. 0. 0. 0. 0. 0. 0. 0. 1. 0.
  0. 0.]
 [0. 1. 1. 0. 0. 0. 0. 0. 0. 0. 0. 0. 0. 0. 0. 0. 0. 1. 0. 1. 0. 1. 0. 0.
  1. 0. 1. 0. 0. 0. 0. 0. 0. 0. 0. 1. 0. 0. 0. 0. 0. 0. 1. 1. 0. 0. 0. 0.
  0. 1.]
 [0. 0. 0. 0. 0. 0. 0. 0. 0. 0. 0. 0. 0. 0. 1. 0. 0. 0. 0. 0. 1. 1. 0. 0.
  0. 0. 0. 0. 0. 0. 0. 0. 0. 0. 1. 1. 0. 0. 0. 0. 1. 0. 0. 1. 0. 1. 0. 0.
  0. 0.]
 [0. 0. 0. 0. 0. 1. 1. 0. 0. 0. 1. 0. 0. 0. 0. 0. 1. 0. 0. 1. 0. 0. 0. 0.
  0. 0. 0. 0. 1. 0. 0. 0. 1. 0. 1. 1. 0. 0. 0. 0. 0. 0. 0. 1. 0. 0. 0. 0.
  0. 0.]
 [0. 1. 0. 1. 0. 0. 0. 0. 0. 0. 0. 0. 1. 0. 0. 0. 0. 0. 0. 0. 0. 0. 0. 0.
  1. 1. 1. 0. 0. 0. 0. 1. 0. 1. 0. 0. 0. 0. 0. 1. 0. 0. 0. 0. 0. 0. 0. 0.
  0. 0.]
 [0. 0. 1. 0. 0. 1. 0. 0. 0. 0. 0. 0. 0. 0. 0. 0. 0. 1. 0. 0. 0. 0. 0. 0.
  0. 0. 0. 0. 0. 1. 0. 0. 1. 0. 0. 0. 0. 0. 0. 0. 1. 0. 1. 0. 0. 1. 1. 0.
  0. 0.]
 [1. 0. 0. 1. 0. 0. 0. 0. 0. 0. 0. 0. 0. 1. 0. 0. 0. 0. 0. 0. 0. 1. 0. 0.
  0. 0. 0. 1. 0. 0. 0. 0. 0. 0. 0. 0. 0. 0. 0. 1. 1. 0. 0. 0. 1. 0. 0. 0.
  0. 0.]
 [0. 1. 0. 0. 0. 0. 0. 0. 1. 0. 0. 1. 0. 0. 0. 1. 0. 0. 0. 1. 0. 1. 1. 1.
  1. 0. 0. 0. 0. 0. 0. 0. 1. 1. 0. 0. 0. 1. 1. 0. 0. 0. 0. 1. 1. 0. 0. 0.
  0. 0.]
 [1. 0. 0. 0. 0. 0. 1. 0. 0. 0. 1. 0. 0. 0. 0. 0. 0. 0. 0. 1. 1. 0. 0. 1.
  0. 0. 1. 0. 0. 1. 0. 0. 0. 0. 0. 0. 0. 0. 0. 0. 1. 0. 0. 0. 0. 0. 0. 0.
  0. 1.]
 [0. 0. 0. 0. 1. 0. 0. 0. 0. 0. 0. 1. 0. 1. 0. 0. 0. 1. 1. 0. 0. 0. 1. 0.
  0. 1. 0. 0. 0. 0. 1. 1. 0. 0. 0. 0. 0. 1. 0. 1. 0. 1. 0. 0. 0. 0. 0. 0.
  0. 0.]
 [0. 0. 0. 0. 0. 0. 0. 1. 0. 0. 0. 0. 1. 0. 0. 0. 0. 0. 1. 0. 0. 0. 0. 0.
  0. 0. 0. 0. 0. 0. 0. 0. 0. 0. 0. 0. 0. 0. 0. 0. 0. 0. 0. 0. 0. 0. 0. 0.
  0. 0.]
 [0. 0. 0. 1. 0. 0. 1. 0. 1. 0. 0. 1. 1. 0. 0. 0. 1. 1. 0. 0. 0. 0. 0. 0.
  0. 0. 0. 0. 0. 0. 0. 0. 0. 0. 0. 0. 0. 0. 0. 0. 0. 0. 0. 0. 0. 0. 0. 0.
  0. 0.]
 [0. 1. 0. 0. 0. 0. 1. 0. 0. 0. 0. 0. 0. 0. 0. 0. 0. 1. 0. 1. 0. 0. 0. 0.
  0. 0. 0. 0. 0. 0. 0. 0. 0. 0. 0. 0. 0. 0. 0. 0. 0. 0. 0. 0. 0. 0. 0. 0.
  0. 0.]
 [0. 0. 0. 0. 0. 0. 0. 0. 0. 0. 0. 0. 0. 0. 0. 0. 0. 1. 1. 0. 0. 0. 0. 0.
  0. 0. 0. 0. 0. 0. 0. 0. 0. 0. 0. 0. 0. 0. 0. 0. 0. 0. 0. 0. 0. 0. 0. 0.
  0. 0.]
 [0. 0. 0. 0. 0. 0. 1. 0. 0. 0. 0. 1. 0. 0. 1. 0. 0. 1. 0. 0. 0. 0. 0. 0.
  0. 0. 0. 0. 0. 0. 0. 0. 0. 0. 0. 0. 0. 0. 0. 0. 0. 0. 0. 0. 0. 0. 0. 0.
  0. 0.]
 [0. 0. 0. 0. 0. 1. 0. 1. 0. 0. 1. 0. 0. 0. 1. 0. 0. 0. 0. 1. 0. 0. 0. 0.
  0. 0. 0. 0. 0. 0. 0. 0. 0. 0. 0. 0. 0. 0. 0. 0. 0. 0. 0. 0. 0. 0. 0. 0.
  0. 0.]
 [0. 1. 0. 0. 0. 0. 1. 0. 1. 0. 0. 1. 0. 0. 1. 0. 0. 0. 1. 0. 0. 0. 0. 0.
  0. 0. 0. 0. 0. 0. 0. 0. 0. 0. 0. 0. 0. 0. 0. 0. 0. 0. 0. 0. 0. 0. 0. 0.
  0. 0.]
 [0. 0. 1. 0. 0. 0. 0. 0. 1. 1. 1. 0. 0. 0. 0. 0. 1. 0. 0. 0. 0. 0. 0. 0.
  0. 0. 0. 0. 0. 0. 0. 0. 0. 0. 0. 0. 0. 0. 0. 0. 0. 0. 0. 0. 0. 0. 0. 0.
  0. 0.]
 [1. 0. 0. 0. 1. 1. 0. 1. 0. 1. 0. 0. 0. 1. 0. 0. 0. 0. 0. 0. 0. 0. 0. 0.
  0. 0. 0. 0. 0. 0. 0. 0. 0. 0. 0. 0. 0. 0. 0. 0. 0. 0. 0. 0. 0. 0. 0. 0.
  0. 0.]
 [0. 1. 1. 0. 1. 0. 0. 0. 0. 0. 0. 0. 0. 0. 0. 1. 0. 0. 1. 0. 0. 0. 0. 0.
  0. 0. 0. 0. 0. 0. 0. 0. 0. 0. 0. 0. 0. 0. 0. 0. 0. 0. 0. 0. 0. 0. 0. 0.
  0. 0.]
 [1. 0. 0. 0. 0. 0. 1. 0. 0. 0. 0. 0. 0. 0. 0. 0. 0. 0. 0. 1. 0. 0. 0. 0.
  0. 0. 0. 0. 0. 0. 0. 0. 0. 0. 0. 0. 0. 0. 0. 0. 0. 0. 0. 0. 0. 0. 0. 0.
  0. 0.]
 [0. 1. 1. 0. 0. 0. 0. 0. 0. 0. 0. 0. 0. 0. 1. 0. 0. 0. 0. 1. 0. 0. 0. 0.
  0. 0. 0. 0. 0. 0. 0. 0. 0. 0. 0. 0. 0. 0. 0. 0. 0. 0. 0. 0. 0. 0. 0. 0.
  0. 0.]
 [0. 0. 0. 0. 0. 0. 0. 0. 0. 0. 0. 0. 0. 1. 0. 1. 0. 1. 0. 0. 0. 0. 0. 0.
  0. 0. 0. 0. 0. 0. 0. 0. 0. 0. 0. 0. 0. 0. 0. 0. 0. 0. 0. 0. 0. 0. 0. 0.
  0. 0.]
 [0. 0. 0. 0. 0. 0. 1. 0. 0. 0. 0. 0. 0. 0. 1. 0. 0. 1. 0. 0. 0. 0. 0. 0.
  0. 0. 0. 0. 0. 0. 0. 0. 0. 0. 0. 0. 0. 0. 0. 0. 0. 0. 0. 0. 0. 0. 0. 0.
  0. 0.]
 [0. 0. 0. 0. 0. 0. 0. 0. 0. 1. 0. 0. 1. 1. 0. 0. 0. 0. 0. 0. 0. 0. 0. 0.
  0. 0. 0. 0. 0. 0. 0. 0. 0. 0. 0. 0. 0. 0. 0. 0. 0. 0. 0. 0. 0. 0. 0. 0.
  0. 0.]
 [0. 0. 1. 0. 0. 0. 0. 0. 1. 0. 0. 1. 1. 1. 0. 0. 0. 0. 0. 0. 0. 0. 0. 0.
  0. 0. 0. 0. 0. 0. 0. 0. 0. 0. 0. 0. 0. 0. 0. 0. 0. 0. 0. 0. 0. 0. 0. 0.
  0. 0.]
 [0. 0. 0. 1. 1. 0. 0. 0. 1. 0. 0. 0. 0. 0. 0. 0. 0. 0. 0. 0. 0. 0. 0. 0.
  0. 0. 0. 0. 0. 0. 0. 0. 0. 0. 0. 0. 0. 0. 0. 0. 0. 0. 0. 0. 0. 0. 0. 0.
  0. 0.]
 [0. 0. 1. 0. 0. 0. 0. 1. 1. 0. 0. 0. 0. 0. 0. 0. 0. 1. 0. 1. 0. 0. 0. 0.
  0. 0. 0. 0. 0. 0. 0. 0. 0. 0. 0. 0. 0. 0. 0. 0. 0. 0. 0. 0. 0. 0. 0. 0.
  0. 0.]
 [1. 0. 0. 1. 0. 1. 0. 0. 0. 0. 1. 0. 0. 0. 0. 0. 0. 1. 0. 0. 0. 0. 0. 0.
  0. 0. 0. 0. 0. 0. 0. 0. 0. 0. 0. 0. 0. 0. 0. 0. 0. 0. 0. 0. 0. 0. 0. 0.
  0. 0.]
 [0. 0. 1. 0. 0. 0. 0. 0. 1. 0. 0. 0. 0. 0. 1. 0. 1. 0. 0. 1. 0. 0. 0. 0.
  0. 0. 0. 0. 0. 0. 0. 0. 0. 0. 0. 0. 0. 0. 0. 0. 0. 0. 0. 0. 0. 0. 0. 0.
  0. 0.]
 [0. 1. 0. 0. 0. 0. 0. 0. 1. 0. 0. 0. 1. 0. 0. 1. 1. 0. 1. 0. 0. 0. 0. 0.
  0. 0. 0. 0. 0. 0. 0. 0. 0. 0. 0. 0. 0. 0. 0. 0. 0. 0. 0. 0. 0. 0. 0. 0.
  0. 0.]
 [0. 0. 0. 0. 0. 0. 0. 0. 0. 0. 0. 0. 0. 0. 0. 0. 0. 0. 0. 1. 0. 0. 0. 0.
  0. 0. 0. 0. 0. 0. 0. 0. 0. 0. 0. 0. 0. 0. 0. 0. 0. 0. 0. 0. 0. 0. 0. 0.
  0. 0.]
 [0. 0. 0. 0. 1. 0. 0. 0. 1. 0. 0. 1. 0. 0. 0. 1. 0. 0. 0. 0. 0. 0. 0. 0.
  0. 0. 0. 0. 0. 0. 0. 0. 0. 0. 0. 0. 0. 0. 0. 0. 0. 0. 0. 0. 0. 0. 0. 0.
  0. 0.]
 [0. 0. 0. 0. 0. 0. 1. 0. 0. 0. 0. 1. 1. 1. 0. 0. 0. 1. 0. 0. 0. 0. 0. 0.
  0. 0. 0. 0. 0. 0. 0. 0. 0. 0. 0. 0. 0. 0. 0. 0. 0. 0. 0. 0. 0. 0. 0. 0.
  0. 0.]
 [0. 0. 0. 0. 0. 0. 0. 0. 1. 0. 0. 0. 0. 0. 0. 0. 1. 1. 0. 0. 0. 0. 0. 0.
  0. 0. 0. 0. 0. 0. 0. 0. 0. 0. 0. 0. 0. 0. 0. 0. 0. 0. 0. 0. 0. 0. 0. 0.
  0. 0.]
 [0. 0. 0. 0. 0. 0. 0. 0. 0. 1. 0. 0. 1. 0. 0. 1. 0. 0. 0. 0. 0. 0. 0. 0.
  0. 0. 0. 0. 0. 0. 0. 0. 0. 0. 0. 0. 0. 0. 0. 0. 0. 0. 0. 0. 0. 0. 0. 0.
  0. 0.]
 [0. 1. 0. 0. 1. 0. 0. 0. 1. 1. 1. 0. 0. 0. 0. 1. 0. 0. 0. 0. 0. 0. 0. 0.
  0. 0. 0. 0. 0. 0. 0. 0. 0. 0. 0. 0. 0. 0. 0. 0. 0. 0. 0. 0. 0. 0. 0. 0.
  0. 0.]
 [0. 0. 0. 0. 0. 1. 1. 0. 0. 0. 0. 0. 0. 0. 0. 0. 0. 0. 0. 0. 0. 0. 0. 0.
  0. 0. 0. 0. 0. 0. 0. 0. 0. 0. 0. 0. 0. 0. 0. 0. 0. 0. 0. 0. 0. 0. 0. 0.
  0. 0.]
 [1. 0. 0. 0. 0. 1. 0. 0. 1. 0. 0. 0. 0. 0. 0. 0. 0. 0. 0. 0. 0. 0. 0. 0.
  0. 0. 0. 0. 0. 0. 0. 0. 0. 0. 0. 0. 0. 0. 0. 0. 0. 0. 0. 0. 0. 0. 0. 0.
  0. 0.]
 [1. 0. 0. 0. 0. 1. 1. 0. 0. 0. 0. 1. 0. 0. 0. 0. 0. 0. 1. 0. 0. 0. 0. 0.
  0. 0. 0. 0. 0. 0. 0. 0. 0. 0. 0. 0. 0. 0. 0. 0. 0. 0. 0. 0. 0. 0. 0. 0.
  0. 0.]]
start_times_array: [[1.88600000e+03 1.36690000e+04 1.38180000e+04 1.44270000e+04
  1.44600000e+04 1.44840000e+04 1.45560000e+04 1.46310000e+04
  1.46920000e+04 1.46940000e+04 1.48160000e+04 1.48830000e+04
  1.49330000e+04 1.49980000e+04 1.50750000e+04 1.51400000e+04
  1.51750000e+04 1.52430000e+04 1.53190000e+04 1.54170000e+04]
 [1.37230000e+04 1.43150000e+04 1.44010000e+04 1.44270000e+04
  1.44690000e+04 1.45190000e+04 1.45320000e+04 1.46240000e+04
  1.46390000e+04 1.47160000e+04 1.47900000e+04 1.48380000e+04
  1.48920000e+04 1.49380000e+04 1.49980000e+04 1.50810000e+04
  1.52270000e+04 1.52280000e+04 1.53190000e+04 1.54380000e+04]
 [1.37230000e+04 1.37900000e+04 1.38530000e+04 1.43780000e+04
  1.44430000e+04 1.45190000e+04 1.45700000e+04 1.46440000e+04
  1.46600000e+04 1.47160000e+04 1.48920000e+04 1.49790000e+04
  1.50450000e+04 1.50970000e+04 1.51070000e+04 1.51590000e+04
  1.52440000e+04 1.53450000e+04 1.54090000e+04 1.54490000e+04]
 [1.71000000e+02 2.46000000e+02 5.61000000e+02 5.88000000e+02
  1.25560000e+04 1.26430000e+04 1.27240000e+04 1.28140000e+04
  1.29060000e+04 1.29330000e+04 1.29840000e+04 1.32560000e+04
  1.32980000e+04 1.33190000e+04 1.33960000e+04 1.34670000e+04
  1.34720000e+04 1.35490000e+04 1.36300000e+04 1.36910000e+04]
 [0.00000000e+00 1.35600000e+04 1.35730000e+04 1.36620000e+04
  1.37070000e+04 1.37660000e+04 1.38560000e+04 1.39420000e+04
  1.40130000e+04 1.40180000e+04 1.40720000e+04 1.41140000e+04
  1.41740000e+04 1.42060000e+04 1.42220000e+04 1.43080000e+04
  1.43780000e+04 1.43850000e+04 1.44380000e+04 1.49290000e+04]
 [1.38800000e+03 1.50300000e+03 1.69300000e+03 1.27480000e+04
  1.27910000e+04 1.28170000e+04 1.28360000e+04 1.29160000e+04
  1.29910000e+04 1.30600000e+04 1.31000000e+04 1.31170000e+04
  1.31200000e+04 1.32160000e+04 1.32980000e+04 1.33240000e+04
  1.33470000e+04 1.34440000e+04 1.34670000e+04 1.35320000e+04]
 [1.22400000e+03 1.30700000e+03 1.48400000e+03 1.73700000e+03
  1.97900000e+03 1.19550000e+04 1.20490000e+04 1.20980000e+04
  1.21360000e+04 1.21740000e+04 1.22070000e+04 1.23000000e+04
  1.23630000e+04 1.24140000e+04 1.24880000e+04 1.25560000e+04
  1.25600000e+04 1.25890000e+04 1.26420000e+04 1.27270000e+04]
 [0.00000000e+00 2.26000000e+02 2.34000000e+02 2.39000000e+02
  2.68000000e+02 3.00000000e+02 3.34000000e+02 4.80000000e+02
  4.90000000e+02 7.16000000e+02 7.86000000e+02 8.75000000e+02
  1.04100000e+03 1.10300000e+03 1.18200000e+03 9.94100000e+03
  9.94300000e+03 1.17460000e+04 1.18350000e+04 1.19210000e+04]
 [1.48400000e+03 1.17920000e+04 1.20060000e+04 1.20130000e+04
  1.20330000e+04 1.20420000e+04 1.21340000e+04 1.21570000e+04
  1.22330000e+04 1.23040000e+04 1.23240000e+04 1.23450000e+04
  1.24170000e+04 1.24880000e+04 1.25800000e+04 1.26720000e+04
  1.26890000e+04 1.26980000e+04 1.28930000e+04 1.30260000e+04]
 [5.36000000e+02 1.04100000e+03 1.19500000e+03 1.09460000e+04
  1.10450000e+04 1.11250000e+04 1.11520000e+04 1.13880000e+04
  1.14240000e+04 1.14550000e+04 1.15180000e+04 1.15520000e+04
  1.15780000e+04 1.16760000e+04 1.17230000e+04 1.18390000e+04
  1.18440000e+04 1.18990000e+04 1.19210000e+04 1.19360000e+04]
 [1.07100000e+04 1.07870000e+04 1.07990000e+04 1.08950000e+04
  1.09790000e+04 1.10010000e+04 1.10170000e+04 1.10760000e+04
  1.11700000e+04 1.12390000e+04 1.13070000e+04 1.13880000e+04
  1.14010000e+04 1.14460000e+04 1.15070000e+04 1.15340000e+04
  1.15600000e+04 1.15780000e+04 1.16640000e+04 1.19210000e+04]
 [8.90700000e+03 9.82600000e+03 9.90700000e+03 9.90900000e+03
  9.93800000e+03 9.99900000e+03 1.00010000e+04 1.04440000e+04
  1.05220000e+04 1.06320000e+04 1.07000000e+04 1.07390000e+04
  1.08070000e+04 1.08460000e+04 1.09380000e+04 1.11700000e+04
  1.12490000e+04 1.13450000e+04 1.13560000e+04 1.14320000e+04]
 [9.60900000e+03 1.00620000e+04 1.01240000e+04 1.01340000e+04
  1.05370504e+04 1.07100000e+04 1.07710000e+04 1.08950000e+04
  1.09460000e+04 1.10270000e+04 1.11020000e+04 1.11390000e+04
  1.12350000e+04 1.13070000e+04 1.13520000e+04 1.13960000e+04
  1.14390000e+04 1.15180000e+04 1.15620000e+04 1.16560000e+04]
 [9.61800000e+03 9.64100000e+03 9.71100000e+03 9.88200000e+03
  9.88600000e+03 9.97200000e+03 1.00620000e+04 1.01480000e+04
  1.02310000e+04 1.03060000e+04 1.03520000e+04 1.04440000e+04
  1.05380000e+04 1.05610000e+04 1.05900000e+04 1.05960000e+04
  1.05990000e+04 1.06320000e+04 1.06440000e+04 1.06950000e+04]
 [2.39000000e+02 4.80000000e+02 5.35000000e+02 5.92000000e+02
  9.29000000e+02 1.04100000e+03 1.09900000e+03 1.18500000e+03
  1.25500000e+03 1.55800000e+03 6.69500000e+03 8.26100000e+03
  8.29300000e+03 8.87600000e+03 8.91100000e+03 8.94800000e+03
  9.02200000e+03 9.47600000e+03 9.56100000e+03 9.57500000e+03]
 [1.97900000e+03 2.03400000e+03 2.10200000e+03 2.10300000e+03
  2.34300000e+03 2.42600000e+03 8.70900000e+03 9.34100000e+03
  9.38000000e+03 9.47600000e+03 9.55700000e+03 9.88200000e+03
  9.97900000e+03 1.00200000e+04 1.00990000e+04 1.02310000e+04
  1.03040000e+04 1.03400000e+04 1.03680000e+04 1.04320000e+04]
 [6.19100000e+03 7.73300000e+03 8.70900000e+03 8.75000000e+03
  8.79600000e+03 8.87600000e+03 8.97500000e+03 9.07400000e+03
  9.13300000e+03 9.14700000e+03 9.23300000e+03 9.30200000e+03
  9.32600000e+03 9.38000000e+03 9.41400000e+03 9.44600000e+03
  9.54400000e+03 9.73500000e+03 9.80200000e+03 9.82600000e+03]
 [4.21000000e+02 8.15200000e+03 8.18400000e+03 8.26100000e+03
  8.34200000e+03 8.37700000e+03 8.41500000e+03 8.45300000e+03
  8.49100000e+03 8.55200000e+03 8.63900000e+03 8.75700000e+03
  8.83600000e+03 8.86100000e+03 8.93400000e+03 9.07400000e+03
  9.09200000e+03 9.16800000e+03 9.26600000e+03 9.45300000e+03]
 [1.38800000e+03 1.50300000e+03 8.15200000e+03 8.17400000e+03
  8.23200000e+03 8.25800000e+03 8.28400000e+03 8.37700000e+03
  8.46600000e+03 8.47500000e+03 8.51000000e+03 8.56400000e+03
  8.63900000e+03 8.71100000e+03 8.80200000e+03 8.80600000e+03
  8.86700000e+03 8.94200000e+03 8.98400000e+03 9.06900000e+03]
 [8.75000000e+02 5.92100000e+03 6.70900000e+03 7.16100000e+03
  7.24700000e+03 7.26100000e+03 7.32300000e+03 7.37600000e+03
  7.43500000e+03 7.46200000e+03 7.54800000e+03 7.55800000e+03
  7.64500000e+03 7.74400000e+03 7.74800000e+03 7.83200000e+03
  7.89400000e+03 7.96800000e+03 7.99800000e+03 8.06600000e+03]
 [5.34100000e+03 5.34200000e+03 5.39500000e+03 5.47900000e+03
  5.93600000e+03 5.97800000e+03 6.05100000e+03 7.46200000e+03
  7.55300000e+03 7.62300000e+03 7.67600000e+03 7.73300000e+03
  7.76900000e+03 7.84500000e+03 7.84900000e+03 7.92500000e+03
  7.94700000e+03 8.01700000e+03 8.08400000e+03 8.15800000e+03]
 [0.00000000e+00 8.00000000e+01 5.63000000e+02 5.92000000e+02
  6.53000000e+02 7.35000000e+02 8.16000000e+02 8.94000000e+02
  9.59000000e+02 9.61000000e+02 1.05200000e+03 1.11400000e+03
  1.15500000e+03 1.38800000e+03 1.83000000e+03 2.06500000e+03
  2.07000000e+03 4.07800000e+03 4.14900000e+03 6.31100000e+03]
 [0.00000000e+00 3.10000000e+01 9.90000000e+01 2.68000000e+02
  3.06600000e+03 4.36300000e+03 4.62600000e+03 6.22300000e+03
  6.32100000e+03 6.40700000e+03 6.41700000e+03 6.48700000e+03
  6.54600000e+03 6.63500000e+03 6.75800000e+03 6.84100000e+03
  6.87100000e+03 6.92700000e+03 7.02600000e+03 7.09400000e+03]
 [4.60000000e+01 4.43000000e+02 5.17000000e+02 5.87800000e+03
  6.12400000e+03 6.18000000e+03 6.24400000e+03 6.31100000e+03
  6.38800000e+03 6.47200000e+03 6.48200000e+03 6.51700000e+03
  6.66200000e+03 6.67400000e+03 6.76500000e+03 6.80100000e+03
  6.88500000e+03 6.88600000e+03 6.92700000e+03 7.02600000e+03]
 [1.02000000e+02 2.46000000e+02 2.56000000e+02 3.39000000e+02
  3.97000000e+02 6.22000000e+02 6.78000000e+02 7.61000000e+02
  8.38000000e+02 5.16900000e+03 5.39000000e+03 5.48500000e+03
  5.84100000e+03 5.92200000e+03 6.26700000e+03 6.27200000e+03
  6.32100000e+03 6.33100000e+03 6.37200000e+03 6.46900000e+03]
 [1.30000000e+02 1.85000000e+02 3.81000000e+02 5.61000000e+02
  6.22000000e+02 8.63000000e+02 1.00800000e+03 4.00600000e+03
  5.14200000e+03 5.56100000e+03 5.56600000e+03 5.75000000e+03
  5.77500000e+03 5.84100000e+03 6.18400000e+03 6.27200000e+03
  6.36200000e+03 6.54600000e+03 6.60500000e+03 6.75800000e+03]
 [6.22000000e+02 6.91000000e+02 2.58800000e+03 2.89600000e+03
  4.95100000e+03 5.18700000e+03 5.80100000e+03 5.83900000e+03
  5.86100000e+03 5.95600000e+03 6.05400000e+03 6.06000000e+03
  6.32000000e+03 6.40700000e+03 6.45300000e+03 6.52400000e+03
  6.56500000e+03 6.60500000e+03 6.64000000e+03 6.66200000e+03]
 [3.30000000e+03 3.67800000e+03 4.20400000e+03 4.65700000e+03
  5.45800000e+03 5.52200000e+03 5.58900000e+03 5.60200000e+03
  5.67600000e+03 5.75000000e+03 5.83900000e+03 5.87800000e+03
  5.93100000e+03 5.98600000e+03 6.05400000e+03 6.14700000e+03
  6.18400000e+03 6.26700000e+03 6.38800000e+03 6.44200000e+03]
 [4.19300000e+03 4.32500000e+03 4.90000000e+03 4.90600000e+03
  4.95100000e+03 5.04200000e+03 5.11900000e+03 5.13100000e+03
  5.22700000e+03 5.25100000e+03 5.34100000e+03 5.39500000e+03
  5.44700000e+03 5.49600000e+03 5.59300000e+03 5.67300000e+03
  5.75700000e+03 5.80100000e+03 5.83800000e+03 5.93100000e+03]
 [4.00900000e+03 4.07800000e+03 4.15100000e+03 4.19800000e+03
  4.26600000e+03 4.40600000e+03 4.42900000e+03 4.51500000e+03
  4.92700000e+03 4.96800000e+03 5.04800000e+03 5.10500000e+03
  5.15000000e+03 5.16900000e+03 5.24500000e+03 5.33400000e+03
  5.35500000e+03 5.36000000e+03 5.42400000e+03 5.49600000e+03]
 [0.00000000e+00 8.10000000e+01 4.10600000e+03 4.20900000e+03
  4.28800000e+03 4.29700000e+03 4.36300000e+03 4.90600000e+03
  4.92700000e+03 4.96200000e+03 5.05900000e+03 5.14200000e+03
  5.18700000e+03 5.20500000e+03 5.22600000e+03 5.24500000e+03
  5.28200000e+03 5.37500000e+03 5.45800000e+03 5.51200000e+03]
 [0.00000000e+00 4.60000000e+01 5.80000000e+01 2.46000000e+02
  3.38000000e+02 3.70000000e+02 3.85000000e+02 3.13600000e+03
  4.42300000e+03 4.45200000e+03 4.52800000e+03 4.59300000e+03
  4.63200000e+03 4.70500000e+03 4.75900000e+03 4.82200000e+03
  4.90000000e+03 4.91800000e+03 5.04200000e+03 5.04500000e+03]
 [3.00000000e+00 1.01000000e+02 2.56000000e+02 4.35000000e+02
  2.43000000e+03 3.39500000e+03 3.39800000e+03 3.41500000e+03
  3.50900000e+03 4.63800000e+03 4.65700000e+03 4.74800000e+03
  4.80600000e+03 4.81400000e+03 5.04500000e+03 5.10500000e+03
  5.11000000e+03 5.22600000e+03 5.33400000e+03 5.94900000e+03]
 [3.78200000e+03 3.97100000e+03 4.03400000e+03 4.07400000e+03
  4.16200000e+03 4.18200000e+03 4.19300000e+03 4.20900000e+03
  4.26400000e+03 4.32500000e+03 4.40600000e+03 4.42300000e+03
  4.43900000e+03 4.56900000e+03 4.61500000e+03 4.70000000e+03
  4.78900000e+03 4.79000000e+03 4.81200000e+03 4.87100000e+03]
 [1.98000000e+02 3.04000000e+02 3.90000000e+02 5.06000000e+02
  5.32000000e+02 5.92000000e+02 3.64400000e+03 3.88900000e+03
  3.97000000e+03 4.01400000e+03 4.06200000e+03 4.07900000e+03
  4.15100000e+03 4.28800000e+03 4.33400000e+03 4.38000000e+03
  4.46000000e+03 4.61500000e+03 4.63200000e+03 4.68900000e+03]
 [1.62000000e+02 7.80000000e+02 3.22900000e+03 3.30500000e+03
  3.34600000e+03 3.34900000e+03 3.41600000e+03 3.51100000e+03
  3.61400000e+03 3.64300000e+03 3.69100000e+03 3.75100000e+03
  3.81800000e+03 3.84600000e+03 3.97000000e+03 4.00600000e+03
  4.05300000e+03 4.13100000e+03 4.21400000e+03 4.24600000e+03]
 [2.71900000e+03 2.77700000e+03 2.88900000e+03 3.20500000e+03
  3.54500000e+03 3.59000000e+03 3.60900000e+03 3.66000000e+03
  3.69900000e+03 3.79300000e+03 3.83400000e+03 3.89600000e+03
  3.97100000e+03 4.00700000e+03 4.01200000e+03 4.09200000e+03
  4.13900000e+03 4.17500000e+03 4.19800000e+03 4.20400000e+03]
 [2.90400000e+03 3.04300000e+03 3.10700000e+03 3.10800000e+03
  3.17300000e+03 3.17500000e+03 3.26200000e+03 3.30700000e+03
  3.38000000e+03 3.41000000e+03 3.47700000e+03 3.54500000e+03
  3.57800000e+03 3.61300000e+03 3.67800000e+03 3.76000000e+03
  3.85300000e+03 3.88900000e+03 3.90700000e+03 3.94600000e+03]
 [1.79100000e+03 2.96500000e+03 2.98200000e+03 2.99000000e+03
  3.01900000e+03 3.04500000e+03 3.11000000e+03 3.13600000e+03
  3.15300000e+03 3.20500000e+03 3.22900000e+03 3.31600000e+03
  3.38300000e+03 3.47100000e+03 3.57800000e+03 3.61400000e+03
  3.64400000e+03 3.74100000e+03 3.76000000e+03 3.85700000e+03]
 [2.27800000e+03 2.34200000e+03 2.40300000e+03 2.46200000e+03
  2.52900000e+03 2.73000000e+03 2.81000000e+03 2.89300000e+03
  2.89800000e+03 2.94800000e+03 2.99000000e+03 3.07000000e+03
  3.13900000e+03 3.22500000e+03 3.23900000e+03 3.32300000e+03
  3.36400000e+03 3.48300000e+03 3.69900000e+03 3.78700000e+03]
 [1.59500000e+03 1.65600000e+03 1.72500000e+03 2.17900000e+03
  2.26200000e+03 2.51700000e+03 2.57300000e+03 2.65800000e+03
  2.73000000e+03 2.76700000e+03 2.82300000e+03 2.91700000e+03
  2.98200000e+03 3.00100000e+03 3.04300000e+03 3.11000000e+03
  3.19800000e+03 3.20000000e+03 3.34400000e+03 3.47100000e+03]
 [7.00000000e+01 2.17900000e+03 2.20700000e+03 2.34200000e+03
  2.43300000e+03 2.50100000e+03 2.52800000e+03 2.57000000e+03
  2.66900000e+03 2.67600000e+03 2.69900000e+03 2.72600000e+03
  2.74200000e+03 2.82800000e+03 2.88900000e+03 2.91700000e+03
  2.97900000e+03 3.09400000e+03 3.32300000e+03 3.41600000e+03]
 [1.80000000e+01 1.64500000e+03 1.66500000e+03 1.71800000e+03
  1.87600000e+03 1.89000000e+03 1.94700000e+03 2.17900000e+03
  2.25700000e+03 2.32000000e+03 2.33200000e+03 2.34200000e+03
  2.46200000e+03 2.57200000e+03 2.57300000e+03 2.64000000e+03
  2.82800000e+03 2.94800000e+03 2.99000000e+03 3.07000000e+03]
 [1.34000000e+02 1.10300000e+03 1.38800000e+03 1.50300000e+03
  1.55800000e+03 1.63300000e+03 1.79100000e+03 1.82700000e+03
  1.87600000e+03 2.06500000e+03 2.15800000e+03 2.21000000e+03
  2.30400000e+03 2.38700000e+03 2.43300000e+03 2.52800000e+03
  2.58800000e+03 2.68000000e+03 2.74100000e+03 2.77200000e+03]
 [3.00000000e+02 1.50100000e+03 1.52700000e+03 1.56500000e+03
  1.62600000e+03 1.69300000e+03 1.75300000e+03 2.06500000e+03
  2.07200000e+03 2.09200000e+03 2.09900000e+03 2.21000000e+03
  2.28600000e+03 2.34300000e+03 2.42600000e+03 2.46500000e+03
  2.52900000e+03 2.68000000e+03 2.74200000e+03 3.13900000e+03]
 [1.37000000e+02 3.70000000e+02 8.38000000e+02 9.29000000e+02
  9.71000000e+02 1.22400000e+03 1.29700000e+03 1.33100000e+03
  1.41200000e+03 1.43100000e+03 1.49500000e+03 1.54900000e+03
  1.64500000e+03 1.73400000e+03 1.73700000e+03 1.79200000e+03
  1.88600000e+03 2.00000000e+03 2.02400000e+03 2.17900000e+03]
 [9.40000000e+01 1.71000000e+02 2.39000000e+02 5.86000000e+02
  7.13000000e+02 1.11500000e+03 1.18900000e+03 1.22400000e+03
  1.25300000e+03 1.28700000e+03 1.30200000e+03 1.34800000e+03
  1.50100000e+03 1.56700000e+03 1.59500000e+03 1.66200000e+03
  1.77000000e+03 1.83000000e+03 1.86900000e+03 1.93400000e+03]
 [0.00000000e+00 9.40000000e+01 1.71000000e+02 2.07000000e+02
  3.19000000e+02 3.57000000e+02 3.76000000e+02 4.47000000e+02
  5.63000000e+02 6.06000000e+02 7.16000000e+02 7.49000000e+02
  8.43000000e+02 8.94000000e+02 9.27000000e+02 1.04100000e+03
  1.07800000e+03 1.07900000e+03 1.11400000e+03 1.59500000e+03]
 [4.60000000e+01 7.00000000e+01 1.37000000e+02 1.98000000e+02
  3.21000000e+02 3.39000000e+02 6.22000000e+02 7.13000000e+02
  7.86000000e+02 8.19000000e+02 9.15000000e+02 9.74000000e+02
  1.03700000e+03 1.07700000e+03 1.08200000e+03 1.09900000e+03
  1.14400000e+03 1.22400000e+03 1.27700000e+03 1.30100000e+03]
 [0.00000000e+00 3.10000000e+01 1.71000000e+02 1.85000000e+02
  2.49000000e+02 3.38000000e+02 3.81000000e+02 4.74000000e+02
  5.06000000e+02 5.38000000e+02 5.64000000e+02 5.87000000e+02
  6.91000000e+02 7.80000000e+02 8.21000000e+02 9.27000000e+02
  1.01400000e+03 1.04000000e+03 1.15500000e+03 1.59500000e+03]]
