optimal_status: 0
solution: 8722.0
cpu_time: 3600.9038050174713
gap: 0.8509516166016982
upper_bound: 1299.999999999989
lower_bound: 8722.0
cg_matrix: [[0. 1. 0. 0. 1. 1. 1. 1. 1. 1. 0. 0. 0. 0. 0. 1. 1. 0. 1. 1.]
 [1. 0. 0. 1. 0. 1. 0. 1. 0. 1. 0. 1. 0. 0. 0. 0. 1. 1. 0. 0.]
 [0. 0. 0. 0. 1. 0. 0. 0. 1. 0. 0. 0. 0. 0. 0. 1. 0. 0. 1. 1.]
 [0. 1. 0. 0. 1. 0. 1. 0. 0. 1. 1. 1. 1. 1. 1. 1. 1. 0. 0. 1.]
 [1. 0. 1. 1. 0. 0. 0. 0. 1. 1. 1. 1. 1. 0. 0. 0. 1. 1. 1. 1.]
 [1. 1. 0. 0. 0. 0. 0. 0. 0. 1. 1. 1. 1. 0. 0. 1. 0. 1. 0. 1.]
 [1. 0. 0. 1. 0. 0. 0. 0. 1. 1. 0. 1. 1. 1. 1. 1. 1. 1. 0. 1.]
 [1. 1. 0. 0. 0. 0. 0. 0. 0. 0. 0. 1. 1. 1. 0. 1. 1. 0. 0. 0.]
 [1. 0. 1. 0. 1. 0. 1. 0. 0. 1. 0. 0. 0. 1. 1. 1. 1. 0. 0. 0.]
 [1. 1. 0. 1. 1. 1. 1. 0. 1. 0. 1. 0. 0. 1. 0. 0. 0. 0. 1. 1.]
 [0. 0. 0. 1. 1. 1. 0. 0. 0. 1. 0. 1. 1. 0. 0. 1. 0. 1. 0. 0.]
 [0. 1. 0. 1. 1. 1. 1. 1. 0. 0. 1. 0. 0. 1. 0. 1. 1. 1. 1. 1.]
 [0. 0. 0. 1. 1. 1. 1. 1. 0. 0. 1. 0. 0. 0. 0. 1. 1. 0. 1. 1.]
 [0. 0. 0. 1. 0. 0. 1. 1. 1. 1. 0. 1. 0. 0. 0. 1. 1. 1. 0. 1.]
 [0. 0. 0. 1. 0. 0. 1. 0. 1. 0. 0. 0. 0. 0. 0. 0. 1. 1. 1. 0.]
 [1. 0. 1. 1. 0. 1. 1. 1. 1. 0. 1. 1. 1. 1. 0. 0. 0. 1. 0. 0.]
 [1. 1. 0. 1. 1. 0. 1. 1. 1. 0. 0. 1. 1. 1. 1. 0. 0. 1. 0. 1.]
 [0. 1. 0. 0. 1. 1. 1. 0. 0. 0. 1. 1. 0. 1. 1. 1. 1. 0. 1. 0.]
 [1. 0. 1. 0. 1. 0. 0. 0. 0. 1. 0. 1. 1. 0. 1. 0. 0. 1. 0. 0.]
 [1. 0. 1. 1. 1. 1. 1. 0. 0. 1. 0. 1. 1. 1. 0. 0. 1. 0. 0. 0.]]
start_times_array: [[7.670e+02 1.431e+03 1.493e+03 1.581e+03 1.662e+03 1.895e+03 2.124e+03
  7.720e+03 7.897e+03 7.961e+03 8.180e+03 8.240e+03 8.332e+03 8.362e+03
  8.386e+03 8.528e+03 8.574e+03 8.581e+03 8.662e+03 8.712e+03]
 [1.000e+01 1.040e+02 2.630e+02 3.320e+02 4.350e+02 8.380e+02 1.332e+03
  7.099e+03 7.359e+03 7.822e+03 7.859e+03 7.988e+03 8.060e+03 8.114e+03
  8.283e+03 8.328e+03 8.447e+03 8.508e+03 8.596e+03 8.645e+03]
 [7.670e+02 1.000e+03 1.059e+03 1.164e+03 1.425e+03 1.581e+03 1.922e+03
  2.092e+03 2.161e+03 2.201e+03 2.258e+03 2.603e+03 2.723e+03 3.609e+03
  4.860e+03 7.545e+03 7.613e+03 7.638e+03 7.641e+03 7.862e+03]
 [7.570e+02 1.256e+03 5.083e+03 5.898e+03 6.720e+03 6.918e+03 7.242e+03
  7.326e+03 7.421e+03 7.431e+03 7.452e+03 7.571e+03 7.629e+03 7.720e+03
  7.727e+03 7.897e+03 8.332e+03 8.423e+03 8.528e+03 8.673e+03]
 [6.950e+02 1.323e+03 1.411e+03 1.413e+03 2.432e+03 2.500e+03 3.013e+03
  3.131e+03 3.249e+03 6.585e+03 6.660e+03 6.864e+03 7.000e+03 7.183e+03
  7.359e+03 7.369e+03 7.478e+03 7.822e+03 7.988e+03 8.040e+03]
 [5.630e+02 2.962e+03 4.951e+03 6.316e+03 6.345e+03 6.537e+03 6.593e+03
  6.660e+03 6.661e+03 6.730e+03 6.819e+03 6.836e+03 6.922e+03 6.973e+03
  7.168e+03 7.208e+03 7.240e+03 7.426e+03 7.483e+03 7.486e+03]
 [4.383e+03 4.951e+03 5.038e+03 5.175e+03 5.237e+03 5.334e+03 6.588e+03
  6.591e+03 6.661e+03 6.862e+03 7.000e+03 7.020e+03 7.183e+03 7.224e+03
  7.236e+03 7.359e+03 7.404e+03 7.429e+03 7.478e+03 7.822e+03]
 [0.000e+00 2.200e+01 1.525e+03 4.952e+03 4.974e+03 4.983e+03 5.175e+03
  5.204e+03 5.207e+03 5.334e+03 5.411e+03 5.610e+03 5.858e+03 6.067e+03
  6.282e+03 6.591e+03 6.613e+03 6.717e+03 6.814e+03 6.999e+03]
 [0.000e+00 3.000e+00 4.350e+02 4.690e+02 4.730e+02 7.570e+02 4.218e+03
  4.308e+03 4.527e+03 4.545e+03 5.898e+03 6.151e+03 6.486e+03 6.720e+03
  6.797e+03 6.918e+03 6.973e+03 7.099e+03 7.242e+03 7.639e+03]
 [1.014e+03 1.948e+03 2.118e+03 4.764e+03 5.125e+03 5.268e+03 5.456e+03
  5.605e+03 5.612e+03 5.672e+03 5.721e+03 5.813e+03 5.872e+03 5.967e+03
  6.064e+03 6.207e+03 6.235e+03 6.354e+03 6.400e+03 6.404e+03]
 [7.900e+01 2.630e+02 3.620e+02 4.540e+02 6.480e+02 2.315e+03 4.337e+03
  4.434e+03 4.857e+03 4.984e+03 5.175e+03 5.334e+03 5.365e+03 5.541e+03
  5.544e+03 5.574e+03 6.151e+03 6.324e+03 6.486e+03 6.638e+03]
 [2.911e+03 3.063e+03 3.609e+03 3.680e+03 3.986e+03 4.042e+03 4.218e+03
  4.259e+03 4.285e+03 4.502e+03 4.590e+03 4.764e+03 4.767e+03 4.799e+03
  4.835e+03 4.836e+03 4.849e+03 5.125e+03 5.268e+03 5.605e+03]
 [1.000e+03 1.581e+03 1.924e+03 2.130e+03 3.348e+03 3.431e+03 3.609e+03
  3.991e+03 4.058e+03 4.175e+03 4.476e+03 4.567e+03 4.617e+03 4.639e+03
  4.648e+03 4.660e+03 4.688e+03 4.716e+03 4.764e+03 5.653e+03]
 [3.330e+02 6.950e+02 1.000e+03 1.386e+03 3.013e+03 3.128e+03 3.219e+03
  3.238e+03 3.348e+03 3.434e+03 3.852e+03 3.865e+03 4.087e+03 4.175e+03
  4.337e+03 4.429e+03 4.496e+03 4.687e+03 4.857e+03 5.541e+03]
 [1.814e+03 2.432e+03 3.013e+03 3.089e+03 3.131e+03 3.411e+03 3.450e+03
  3.496e+03 3.557e+03 3.574e+03 3.615e+03 3.841e+03 3.899e+03 4.429e+03
  4.600e+03 4.660e+03 4.835e+03 5.125e+03 5.247e+03 5.353e+03]
 [1.280e+02 9.620e+02 1.814e+03 1.891e+03 2.020e+03 2.227e+03 2.338e+03
  2.370e+03 2.468e+03 2.512e+03 2.577e+03 2.639e+03 2.741e+03 2.801e+03
  2.891e+03 3.288e+03 3.517e+03 3.761e+03 3.914e+03 4.117e+03]
 [1.700e+02 3.980e+02 5.670e+02 6.860e+02 1.227e+03 1.242e+03 2.020e+03
  2.197e+03 2.290e+03 2.369e+03 2.639e+03 2.660e+03 2.728e+03 2.737e+03
  2.788e+03 2.813e+03 2.870e+03 2.962e+03 3.761e+03 4.815e+03]
 [2.900e+01 2.130e+02 5.390e+02 7.570e+02 8.620e+02 1.160e+03 1.425e+03
  1.440e+03 1.470e+03 1.489e+03 1.525e+03 1.589e+03 1.665e+03 1.705e+03
  1.737e+03 1.906e+03 1.968e+03 2.093e+03 2.100e+03 2.599e+03]
 [0.000e+00 9.200e+01 1.460e+02 1.530e+02 2.120e+02 2.630e+02 3.330e+02
  4.250e+02 4.640e+02 5.580e+02 6.510e+02 9.050e+02 9.590e+02 1.099e+03
  1.153e+03 1.238e+03 2.358e+03 2.639e+03 2.813e+03 3.170e+03]
 [0.000e+00 3.100e+01 4.000e+01 1.160e+02 1.850e+02 2.290e+02 2.680e+02
  3.160e+02 4.350e+02 4.390e+02 4.520e+02 5.390e+02 6.180e+02 8.340e+02
  9.180e+02 1.099e+03 1.100e+03 1.104e+03 1.525e+03 1.729e+03]]
