optimal_status: 0
solution: 5597.0
cpu_time: 3600.0794060230255
gap: 0.799236878094514
upper_bound: 1123.6711933050044
lower_bound: 5597.0
cg_matrix: [[0. 0. 1. 1. 0. 1. 0. 0. 1. 0. 0. 0. 1. 0. 1. 1. 0. 0. 1. 1.]
 [0. 0. 0. 0. 1. 1. 1. 0. 0. 0. 0. 0. 0. 1. 1. 0. 1. 0. 0. 1.]
 [1. 0. 0. 0. 1. 1. 0. 1. 0. 1. 1. 1. 1. 0. 1. 1. 1. 0. 1. 1.]
 [1. 0. 0. 0. 1. 1. 0. 1. 1. 1. 0. 0. 1. 0. 1. 1. 1. 1. 1. 1.]
 [0. 1. 1. 1. 0. 1. 1. 1. 0. 1. 0. 0. 0. 0. 1. 0. 1. 1. 0. 1.]
 [1. 1. 1. 1. 1. 0. 0. 1. 1. 0. 1. 1. 0. 0. 1. 0. 0. 0. 1. 1.]
 [0. 1. 0. 0. 1. 0. 0. 0. 1. 1. 0. 1. 1. 1. 1. 0. 1. 1. 0. 1.]
 [0. 0. 1. 1. 1. 1. 0. 0. 1. 0. 0. 0. 0. 0. 1. 1. 1. 1. 1. 1.]
 [1. 0. 0. 1. 0. 1. 1. 1. 0. 0. 0. 1. 1. 1. 0. 1. 1. 0. 0. 1.]
 [0. 0. 1. 1. 1. 0. 1. 0. 0. 0. 1. 1. 1. 0. 0. 1. 1. 1. 0. 1.]
 [0. 0. 1. 0. 0. 1. 0. 0. 0. 1. 0. 1. 0. 0. 1. 0. 1. 1. 0. 0.]
 [0. 0. 1. 0. 0. 1. 1. 0. 1. 1. 1. 0. 0. 0. 1. 0. 0. 1. 0. 0.]
 [1. 0. 1. 1. 0. 0. 1. 0. 1. 1. 0. 0. 0. 1. 0. 1. 0. 0. 0. 0.]
 [0. 1. 0. 0. 0. 0. 1. 0. 1. 0. 0. 0. 1. 0. 1. 0. 0. 1. 0. 0.]
 [1. 1. 1. 1. 1. 1. 1. 1. 0. 0. 1. 1. 0. 1. 0. 1. 0. 1. 1. 1.]
 [1. 0. 1. 1. 0. 0. 0. 1. 1. 1. 0. 0. 1. 0. 1. 0. 0. 0. 0. 0.]
 [0. 1. 1. 1. 1. 0. 1. 1. 1. 1. 1. 0. 0. 0. 0. 0. 0. 0. 0. 0.]
 [0. 0. 0. 1. 1. 0. 1. 1. 0. 1. 1. 1. 0. 1. 1. 0. 0. 0. 0. 0.]
 [1. 0. 1. 1. 0. 1. 0. 1. 0. 0. 0. 0. 0. 0. 1. 0. 0. 0. 0. 0.]
 [1. 1. 1. 1. 1. 1. 1. 1. 1. 1. 0. 0. 0. 0. 1. 0. 0. 0. 0. 0.]]
start_times_array: [[  38.  426. 1156. 1704. 1884. 2342. 2363. 2961. 3485. 3751. 4187. 4246.
  4254. 5170. 5496.]
 [   0.  944. 1203. 1356. 1432. 1465. 2330. 2410. 2661. 3039. 3485. 3553.
  3740. 3755. 4959.]
 [1800. 2427. 2681. 3039. 3384. 3417. 3448. 3565. 3841. 4058. 4402. 4959.
  5147. 5300. 5354.]
 [ 114.  862. 1236. 1465. 1682. 1800. 1881. 2055. 2427. 3381. 3841. 4387.
  4959. 5147. 5300.]
 [ 318.  401.  811.  826. 1704. 2231. 2887. 3186. 3322. 4096. 4255. 4308.
  4759. 5043. 5409.]
 [ 492.  543.  563. 1583. 1960. 2524. 2565. 2820. 3109. 3796. 3893. 3967.
  4535. 4622. 5203.]
 [ 561.  862. 1156. 1243. 1807. 2470. 3087. 3456. 3483. 3842. 3941. 4535.
  4553. 4581. 5300.]
 [  38.  434.  944.  981. 1156. 1250. 2330. 3473. 3712. 4187. 4321. 4785.
  5170. 5496. 5577.]
 [ 284.  301.  318. 1009. 1099. 1346. 1763. 2674. 2887. 3565. 3614. 4058.
  4650. 4712. 5403.]
 [   0.  435. 1010. 1097. 1289. 1401. 1979. 2078. 2762. 3740. 4185. 4614.
  4691. 5170. 5559.]
 [ 120.  852.  925.  962. 1190. 1274. 2240. 2333. 2887. 3186. 3468. 4096.
  4473. 4860. 5413.]
 [  86.  365.  810.  933. 1465. 1704. 1747. 1884. 3317. 3694. 4109. 4227.
  4785. 4831. 4923.]
 [ 174.  519.  699.  748. 1616. 2244. 2252. 2316. 2538. 2573. 3231. 3305.
  3321. 3650. 4013.]
 [ 105.  336.  426.  456.  474. 1298. 1548. 1579. 1780. 3371. 3760. 4096.
  4188. 4437. 4828.]
 [ 174.  294. 1020. 1102. 1441. 2066. 2141. 2740. 2968. 3604. 4091. 4345.
  4623. 4631. 4666.]
 [ 336.  399.  561.  646. 1501. 1562. 1895. 2293. 2311. 2631. 2863. 3109.
  3897. 4096. 4535.]
 [ 174.  191.  228.  741. 1501. 1596. 1884. 2066. 2135. 2538. 2707. 3241.
  3977. 4322. 5277.]
 [ 215.  555.  652.  741. 1385. 2175. 2538. 2619. 3039. 3210. 3229. 3565.
  3658. 3950. 4017.]
 [   0.  218.  318.  380.  685.  765. 1346. 1895. 2572. 3186. 3278. 3658.
  4096. 5043. 5409.]
 [ 215.  667.  723.  749. 1501. 2193. 2572. 2707. 3210. 3260. 3658. 4472.
  4871. 5134. 5258.]]
