optimal_status: 0
solution: 11605.0
cpu_time: 3600.336266040802
gap: 0.8833243232895546
upper_bound: 1354.02122822472
lower_bound: 11605.0
cg_matrix: [[0. 0. 1. 0. 0. 1. 1. 0. 1. 1. 0. 1. 1. 1. 0. 1. 1. 1. 0. 1.]
 [0. 0. 1. 1. 0. 0. 0. 0. 0. 0. 0. 0. 1. 1. 0. 1. 1. 0. 1. 1.]
 [1. 1. 0. 1. 0. 1. 1. 1. 1. 1. 1. 0. 0. 0. 1. 1. 1. 0. 0. 1.]
 [0. 1. 1. 0. 0. 0. 1. 1. 0. 1. 1. 0. 0. 1. 0. 0. 1. 1. 1. 1.]
 [0. 0. 0. 0. 0. 1. 0. 1. 0. 1. 0. 1. 1. 0. 0. 1. 0. 1. 1. 0.]
 [1. 0. 1. 0. 1. 0. 0. 1. 1. 1. 0. 1. 1. 0. 1. 1. 1. 1. 1. 0.]
 [1. 0. 1. 1. 0. 0. 0. 1. 1. 0. 0. 1. 0. 0. 0. 0. 1. 1. 1. 0.]
 [0. 0. 1. 1. 1. 1. 1. 0. 1. 0. 0. 0. 1. 0. 0. 1. 1. 0. 1. 1.]
 [1. 0. 1. 0. 0. 1. 1. 1. 0. 1. 1. 0. 0. 0. 1. 0. 1. 0. 1. 1.]
 [1. 0. 1. 1. 1. 1. 0. 0. 1. 0. 1. 0. 0. 0. 1. 0. 1. 1. 1. 1.]
 [0. 0. 1. 1. 0. 0. 0. 0. 1. 1. 0. 1. 0. 1. 1. 0. 0. 1. 1. 1.]
 [1. 0. 0. 0. 1. 1. 1. 0. 0. 0. 1. 0. 0. 0. 1. 1. 0. 0. 0. 1.]
 [1. 1. 0. 0. 1. 1. 0. 1. 0. 0. 0. 0. 0. 0. 1. 1. 0. 1. 0. 1.]
 [1. 1. 0. 1. 0. 0. 0. 0. 0. 0. 1. 0. 0. 0. 1. 1. 1. 0. 1. 0.]
 [0. 0. 1. 0. 0. 1. 0. 0. 1. 1. 1. 1. 1. 1. 0. 0. 0. 1. 1. 0.]
 [1. 1. 1. 0. 1. 1. 0. 1. 0. 0. 0. 1. 1. 1. 0. 0. 1. 0. 0. 1.]
 [1. 1. 1. 1. 0. 1. 1. 1. 1. 1. 0. 0. 0. 1. 0. 1. 0. 0. 0. 1.]
 [1. 0. 0. 1. 1. 1. 1. 0. 0. 1. 1. 0. 1. 0. 1. 0. 0. 0. 1. 1.]
 [0. 1. 0. 1. 1. 1. 1. 1. 1. 1. 1. 0. 0. 1. 1. 0. 0. 1. 0. 0.]
 [1. 1. 1. 1. 0. 0. 0. 1. 1. 1. 1. 1. 1. 0. 0. 1. 1. 1. 0. 0.]]
start_times_array: [[  670.  2377. 10269. 10561. 10648. 10787. 10801. 10831. 10922. 11069.
  11101. 11160. 11180. 11206. 11241. 11324. 11349. 11397. 11448. 11506.]
 [ 1153.  1324.  1358.  1564.  1607.  1931.  4515.  4670. 10269. 10294.
  10561. 10787. 10793. 10794. 10825. 11069. 11101. 11148. 11239. 11313.]
 [ 1034.  1198.  2232.  9597.  9628.  9718.  9803.  9824.  9861. 10017.
  10044. 10077. 10078. 10151. 10186. 10311. 10390. 10469. 10743. 10991.]
 [  991.  2458.  2820.  3047.  3131.  3208.  3328.  3391.  3580.  4702.
   8945.  9063.  9265.  9330.  9442.  9476.  9496.  9554.  9747.  9943.]
 [ 2587.  2658.  2774.  8723.  8801.  9476.  9597.  9669.  9752.  9803.
   9994. 10077. 10090. 10121. 10212. 10252. 10257. 10348. 10372. 10468.]
 [    0.  3462.  3580.  4157.  4803.  5210.  8543.  8636.  8641.  8934.
   8999.  9076.  9132.  9198.  9259.  9341.  9359.  9441.  9514.  9943.]
 [    0.   828.  2729.  2896.  2959.  3235.  3392.  7948.  8543.  8611.
   8686.  8739.  8934.  8995.  9074.  9172.  9228.  9273.  9344.  9359.]
 [ 3232.  6757.  7334.  7668.  7735.  7777.  7855.  7914.  7916.  7958.
   8085.  8182.  8259.  8331.  8365.  8410.  8436.  8515.  8827.  8915.]
 [ 1564.  6310.  6338.  6535.  6656.  6673.  6855.  6923.  6949.  6981.
   7066.  7164.  7223.  7290.  7353.  7433.  7503.  7598.  7768.  8036.]
 [ 4224.  4315.  4726.  5148.  5344.  5434.  5622.  5680.  5774.  5785.
   5850.  5946.  6022.  6101.  6161.  6259.  6437.  6630.  6757.  7668.]
 [ 2108.  2543.  3677.  4515.  4581.  4638.  4694.  4772.  4852.  4863.
   5098.  5210.  5247.  5339.  5451.  5559.  6080.  6212.  6218.  7777.]
 [ 1324.  3407.  3748.  3761.  3811.  3834.  3909.  3933.  4032.  4104.
   4194.  4288.  4313.  4334.  4391.  4407.  4702.  4941.  5148.  5190.]
 [  731.  1034.  1390.  1464.  1657.  2108.  3761.  3909.  3995.  4032.
   4588.  4726.  4727.  4811.  4860.  5238.  5282.  5332.  5559.  5785.]
 [ 2665.  3232.  3272.  3405.  3497.  3585.  3645.  3748.  3819.  3892.
   3953.  3984.  4078.  4139.  4224.  4315.  4413.  4707.  4941.  5464.]
 [ 2462.  2530.  2552.  2582.  2729.  2775.  2783.  2824.  2907.  2940.
   2959.  3034.  3071.  3088.  3117.  3122.  3302.  3398.  5025.  6220.]
 [  985.  1134.  1314.  2159.  2226.  2458.  2500.  2684.  2767.  2853.
   2904.  2959.  3038.  3062.  3064.  3152.  3302.  3339.  3560.  3677.]
 [  736.  1101.  1158.  1266.  1286.  1288.  1390.  1478.  1502.  1651.
   1719.  1786.  1839.  1846.  2010.  2076.  2122.  2144.  2450.  2587.]
 [ 1114.  1202.  1290.  1535.  1607.  1616.  1665.  1741.  1839.  1916.
   1976.  2069.  2200.  2293.  2364.  2385.  2670.  2714.  4707.  5464.]
 [   83.   176.   258.   294.   376.   404.   456.   478.   511.   588.
    615.   677.   736.   788.   789.   906.  1004.  1066.  1390.  1765.]
 [    0.    15.    53.   176.   208.   220.   261.   342.   421.   511.
    523.   541.   578.   579.   825.   898.   903.  3462.  4157.  4424.]]
