optimal_status: 0
solution: 4130.0
cpu_time: 3600.1699368953705
gap: 0.7486261186431125
upper_bound: 1038.1741300039457
lower_bound: 4130.0
cg_matrix: [[0. 0. 0. 1. 1. 0. 1. 0. 0. 1. 1. 0. 0. 0. 0. 0. 0. 1. 1. 1.]
 [0. 0. 1. 0. 1. 0. 1. 0. 0. 1. 0. 0. 0. 0. 1. 0. 0. 1. 0. 1.]
 [0. 1. 0. 0. 0. 0. 1. 0. 0. 0. 0. 0. 1. 0. 1. 0. 0. 0. 0. 1.]
 [1. 0. 0. 0. 1. 1. 1. 0. 1. 0. 0. 1. 1. 0. 0. 1. 1. 1. 0. 0.]
 [1. 1. 0. 1. 0. 0. 0. 1. 1. 1. 1. 1. 0. 0. 1. 0. 0. 1. 0. 0.]
 [0. 0. 0. 1. 0. 0. 1. 1. 0. 1. 1. 0. 0. 0. 0. 0. 0. 1. 1. 1.]
 [1. 1. 1. 1. 0. 1. 0. 0. 0. 1. 1. 1. 1. 1. 1. 0. 1. 0. 0. 1.]
 [0. 0. 0. 0. 1. 1. 0. 0. 0. 0. 0. 0. 0. 0. 0. 0. 1. 0. 0. 0.]
 [0. 0. 0. 1. 1. 0. 0. 0. 0. 1. 1. 1. 1. 1. 0. 0. 1. 0. 1. 0.]
 [1. 1. 0. 0. 1. 1. 1. 0. 1. 0. 1. 1. 0. 1. 0. 1. 0. 1. 0. 0.]
 [1. 0. 0. 0. 1. 1. 1. 0. 1. 1. 0. 0. 0. 0. 1. 1. 0. 0. 1. 1.]
 [0. 0. 0. 1. 1. 0. 1. 0. 1. 1. 0. 0. 0. 0. 0. 1. 0. 1. 1. 0.]
 [0. 0. 1. 1. 0. 0. 1. 0. 1. 0. 0. 0. 0. 1. 1. 1. 0. 1. 0. 0.]
 [0. 0. 0. 0. 0. 0. 1. 0. 1. 1. 0. 0. 1. 0. 0. 0. 0. 0. 1. 0.]
 [0. 1. 1. 0. 1. 0. 1. 0. 0. 0. 1. 0. 1. 0. 0. 1. 0. 1. 1. 0.]
 [0. 0. 0. 1. 0. 0. 0. 0. 0. 1. 1. 1. 1. 0. 1. 0. 0. 0. 0. 0.]
 [0. 0. 0. 1. 0. 0. 1. 1. 1. 0. 0. 0. 0. 0. 0. 0. 0. 0. 0. 0.]
 [1. 1. 0. 1. 1. 1. 0. 0. 0. 1. 0. 1. 1. 0. 1. 0. 0. 0. 0. 0.]
 [1. 0. 0. 0. 0. 1. 0. 0. 1. 0. 1. 1. 0. 1. 1. 0. 0. 0. 0. 0.]
 [1. 1. 1. 0. 0. 1. 1. 0. 0. 0. 1. 0. 0. 0. 0. 0. 0. 0. 0. 0.]]
start_times_array: [[ 136.  227.  622.  932. 1444. 1680. 2073. 2589. 2876. 3222. 3236. 3273.
  3358. 3359. 3992.]
 [ 136.  417.  716. 1444. 1521. 1808. 2090. 2154. 2160. 2259. 2382. 2864.
  3898. 3993. 4027.]
 [ 534.  756.  759.  995. 1263. 1321. 1831. 2272. 2333. 2453. 2940. 3036.
  3066. 3230. 3358.]
 [  33.  372.  529. 1006. 1313. 1357. 1631. 1898. 2275. 2803. 3002. 3112.
  3163. 3487. 3731.]
 [ 626.  838. 1030. 1400. 1545. 1582. 1930. 2469. 3061. 3172. 3198. 3526.
  3688. 3729. 3802.]
 [ 201.  626.  681.  932. 1129. 1444. 2071. 2152. 2469. 2610. 2876. 3238.
  3361. 3529. 3679.]
 [  72. 1030. 1400. 1404. 1710. 1930. 2213. 2531. 2679. 3194. 3295. 3593.
  3692. 3717. 3796.]
 [  80.  417.  782.  899.  927. 1268. 1364. 1751. 2170. 2211. 2305. 2382.
  2718. 2781. 2971.]
 [  52.  115.  771.  960. 1452. 1712. 2071. 2610. 2679. 2751. 3211. 3268.
  3677. 3794. 3968.]
 [   0.  346.  529.  997. 1313. 1598. 2027. 2245. 2275. 2554. 3112. 3454.
  3650. 3731. 4064.]
 [ 290.  452.  710.  915. 1237. 1302. 1808. 2160. 2259. 2449. 2669. 2779.
  2790. 2971. 3903.]
 [ 213.  438.  609.  923. 1129. 1808. 2259. 2360. 2593. 2904. 3367. 3602.
  3610. 3898. 3931.]
 [ 626.  924.  926.  948. 1387. 1569. 1680. 1956. 2000. 2389. 2659. 2889.
  3137. 3489. 3528.]
 [  17.  221.  283.  445. 1417. 1450. 1808. 1858. 2445. 2556. 2844. 2933.
  2971. 3367. 3613.]
 [ 213.  494.  808.  960. 1168. 1218. 1631. 1677. 2042. 2344. 2564. 2622.
  3253. 3265. 3606.]
 [  70.  173.  417.  824. 1030. 1123. 1400. 1491. 1710. 2728. 3061. 3172.
  3295. 3970. 4045.]
 [ 286.  335.  655.  714. 1124. 1198. 1541. 1956. 2003. 2445. 2865. 3035.
  3061. 3380. 3536.]
 [  17.   52.  115.  286.  725. 1065. 1228. 2172. 2193. 2669. 2834. 3005.
  3295. 3326. 4033.]
 [ 355.  556.  598.  835. 1058. 1541. 1927. 1935. 1970. 2275. 3061. 3156.
  3705. 3804. 4064.]
 [   0.   19.  337.  771.  860.  881. 1181. 1588. 1956. 2305. 2340. 2355.
  3120. 3446. 4033.]]
