optimal_status: 0
solution: 3680.0
cpu_time: 3600.132840156555
gap: 0.6583167130471425
upper_bound: 1257.3944959865157
lower_bound: 3680.0
cg_matrix: [[0. 0. 0. 0. 0. 0. 0. 0. 0. 1. 0. 1. 0. 1. 0. 0. 0. 0. 0. 0. 1. 0. 0. 0.
  0. 1. 0. 0. 0. 0.]
 [0. 0. 1. 0. 0. 1. 1. 0. 0. 0. 1. 0. 0. 0. 1. 0. 1. 1. 0. 0. 0. 0. 0. 0.
  0. 1. 0. 0. 0. 0.]
 [0. 1. 0. 0. 0. 0. 1. 0. 0. 1. 0. 0. 0. 0. 0. 0. 0. 0. 1. 0. 0. 0. 0. 0.
  0. 0. 0. 1. 0. 0.]
 [0. 0. 0. 0. 0. 0. 0. 0. 0. 0. 0. 0. 0. 0. 0. 0. 1. 0. 1. 0. 1. 0. 0. 0.
  0. 0. 0. 1. 0. 0.]
 [0. 0. 0. 0. 0. 0. 0. 0. 0. 0. 1. 0. 1. 0. 0. 0. 0. 0. 0. 0. 0. 0. 0. 1.
  0. 0. 0. 0. 0. 0.]
 [0. 1. 0. 0. 0. 0. 1. 0. 0. 1. 0. 0. 0. 0. 0. 0. 1. 1. 0. 0. 0. 0. 0. 0.
  0. 0. 0. 0. 0. 0.]
 [0. 1. 1. 0. 0. 1. 0. 0. 0. 0. 0. 0. 0. 1. 0. 0. 1. 0. 0. 0. 0. 0. 0. 0.
  0. 0. 0. 1. 0. 0.]
 [0. 0. 0. 0. 0. 0. 0. 0. 0. 0. 0. 1. 1. 0. 0. 0. 0. 1. 0. 0. 0. 0. 0. 0.
  0. 0. 1. 0. 0. 0.]
 [0. 0. 0. 0. 0. 0. 0. 0. 0. 0. 0. 1. 1. 0. 0. 0. 1. 0. 0. 1. 0. 0. 0. 0.
  1. 1. 0. 1. 1. 1.]
 [1. 0. 1. 0. 0. 1. 0. 0. 0. 0. 0. 0. 0. 0. 1. 0. 0. 1. 1. 0. 0. 0. 0. 0.
  0. 1. 0. 0. 0. 0.]
 [0. 1. 0. 0. 1. 0. 0. 0. 0. 0. 0. 1. 1. 0. 1. 0. 0. 0. 0. 0. 0. 0. 0. 0.
  0. 1. 0. 0. 0. 0.]
 [1. 0. 0. 0. 0. 0. 0. 1. 1. 0. 1. 0. 1. 0. 1. 0. 0. 0. 0. 0. 0. 1. 0. 0.
  0. 0. 0. 0. 0. 0.]
 [0. 0. 0. 0. 1. 0. 0. 1. 1. 0. 1. 1. 0. 0. 0. 0. 0. 1. 0. 0. 0. 0. 0. 0.
  0. 0. 1. 1. 0. 0.]
 [1. 0. 0. 0. 0. 0. 1. 0. 0. 0. 0. 0. 0. 0. 0. 0. 0. 0. 0. 0. 0. 0. 0. 0.
  0. 0. 0. 0. 0. 0.]
 [0. 1. 0. 0. 0. 0. 0. 0. 0. 1. 1. 1. 0. 0. 0. 0. 1. 1. 0. 1. 0. 1. 0. 0.
  0. 0. 1. 1. 0. 0.]
 [0. 0. 0. 0. 0. 0. 0. 0. 0. 0. 0. 0. 0. 0. 0. 0. 0. 0. 0. 0. 0. 0. 0. 0.
  0. 0. 0. 0. 0. 0.]
 [0. 1. 0. 1. 0. 1. 1. 0. 1. 0. 0. 0. 0. 0. 1. 0. 0. 0. 0. 0. 0. 0. 0. 0.
  0. 0. 0. 0. 0. 0.]
 [0. 1. 0. 0. 0. 1. 0. 1. 0. 1. 0. 0. 1. 0. 1. 0. 0. 0. 0. 0. 0. 0. 0. 0.
  0. 0. 0. 0. 0. 0.]
 [0. 0. 1. 1. 0. 0. 0. 0. 0. 1. 0. 0. 0. 0. 0. 0. 0. 0. 0. 0. 0. 0. 0. 0.
  0. 0. 0. 0. 0. 0.]
 [0. 0. 0. 0. 0. 0. 0. 0. 1. 0. 0. 0. 0. 0. 1. 0. 0. 0. 0. 0. 0. 0. 0. 0.
  0. 0. 0. 0. 0. 0.]
 [1. 0. 0. 1. 0. 0. 0. 0. 0. 0. 0. 0. 0. 0. 0. 0. 0. 0. 0. 0. 0. 0. 0. 0.
  0. 0. 0. 0. 0. 0.]
 [0. 0. 0. 0. 0. 0. 0. 0. 0. 0. 0. 1. 0. 0. 1. 0. 0. 0. 0. 0. 0. 0. 0. 0.
  0. 0. 0. 0. 0. 0.]
 [0. 0. 0. 0. 0. 0. 0. 0. 0. 0. 0. 0. 0. 0. 0. 0. 0. 0. 0. 0. 0. 0. 0. 0.
  0. 0. 0. 0. 0. 0.]
 [0. 0. 0. 0. 1. 0. 0. 0. 0. 0. 0. 0. 0. 0. 0. 0. 0. 0. 0. 0. 0. 0. 0. 0.
  0. 0. 0. 0. 0. 0.]
 [0. 0. 0. 0. 0. 0. 0. 0. 1. 0. 0. 0. 0. 0. 0. 0. 0. 0. 0. 0. 0. 0. 0. 0.
  0. 0. 0. 0. 0. 0.]
 [1. 1. 0. 0. 0. 0. 0. 0. 1. 1. 1. 0. 0. 0. 0. 0. 0. 0. 0. 0. 0. 0. 0. 0.
  0. 0. 0. 0. 0. 0.]
 [0. 0. 0. 0. 0. 0. 0. 1. 0. 0. 0. 0. 1. 0. 1. 0. 0. 0. 0. 0. 0. 0. 0. 0.
  0. 0. 0. 0. 0. 0.]
 [0. 0. 1. 1. 0. 0. 1. 0. 1. 0. 0. 0. 1. 0. 1. 0. 0. 0. 0. 0. 0. 0. 0. 0.
  0. 0. 0. 0. 0. 0.]
 [0. 0. 0. 0. 0. 0. 0. 0. 1. 0. 0. 0. 0. 0. 0. 0. 0. 0. 0. 0. 0. 0. 0. 0.
  0. 0. 0. 0. 0. 0.]
 [0. 0. 0. 0. 0. 0. 0. 0. 1. 0. 0. 0. 0. 0. 0. 0. 0. 0. 0. 0. 0. 0. 0. 0.
  0. 0. 0. 0. 0. 0.]]
start_times_array: [[6.250e+02 7.240e+02 7.900e+02 8.210e+02 1.241e+03 1.375e+03 1.800e+03
  1.884e+03 1.969e+03 2.267e+03 2.320e+03 2.434e+03 2.618e+03 2.738e+03
  3.321e+03]
 [5.700e+02 8.180e+02 1.003e+03 1.095e+03 1.814e+03 1.996e+03 2.185e+03
  2.245e+03 2.680e+03 2.815e+03 3.240e+03 3.382e+03 3.522e+03 3.650e+03
  3.675e+03]
 [1.470e+02 2.110e+02 3.810e+02 1.163e+03 1.437e+03 1.743e+03 1.908e+03
  2.005e+03 2.313e+03 2.353e+03 2.484e+03 2.592e+03 3.011e+03 3.104e+03
  3.299e+03]
 [4.140e+02 4.840e+02 9.070e+02 1.148e+03 1.232e+03 1.316e+03 1.591e+03
  1.752e+03 1.800e+03 2.185e+03 3.083e+03 3.181e+03 3.198e+03 3.630e+03
  3.661e+03]
 [2.750e+02 7.690e+02 1.063e+03 1.186e+03 1.284e+03 1.693e+03 1.707e+03
  1.798e+03 1.854e+03 2.211e+03 2.371e+03 2.446e+03 2.529e+03 2.538e+03
  2.587e+03]
 [1.310e+02 9.360e+02 1.111e+03 1.201e+03 1.423e+03 1.446e+03 1.709e+03
  2.045e+03 2.091e+03 2.586e+03 2.739e+03 3.104e+03 3.171e+03 3.544e+03
  3.632e+03]
 [2.010e+02 3.740e+02 4.840e+02 5.890e+02 1.241e+03 1.283e+03 1.366e+03
  1.515e+03 1.564e+03 1.608e+03 2.108e+03 2.745e+03 2.900e+03 3.058e+03
  3.453e+03]
 [6.300e+01 1.160e+02 6.110e+02 7.620e+02 7.880e+02 9.360e+02 1.186e+03
  1.370e+03 1.436e+03 1.504e+03 1.567e+03 1.876e+03 1.991e+03 2.263e+03
  2.428e+03]
 [9.100e+02 1.196e+03 1.387e+03 1.429e+03 1.446e+03 1.508e+03 1.798e+03
  1.988e+03 2.263e+03 2.430e+03 2.738e+03 3.058e+03 3.104e+03 3.434e+03
  3.601e+03]
 [0.000e+00 2.800e+01 2.750e+02 5.060e+02 5.770e+02 7.670e+02 1.001e+03
  1.021e+03 1.264e+03 1.563e+03 1.999e+03 2.119e+03 2.155e+03 2.840e+03
  2.865e+03]
 [6.300e+01 6.630e+02 7.240e+02 1.386e+03 1.446e+03 1.553e+03 1.921e+03
  1.970e+03 2.277e+03 2.474e+03 2.528e+03 2.739e+03 2.939e+03 3.308e+03
  3.418e+03]
 [0.000e+00 1.900e+02 2.630e+02 1.025e+03 1.268e+03 1.283e+03 2.211e+03
  2.376e+03 2.681e+03 2.717e+03 2.828e+03 2.995e+03 3.036e+03 3.211e+03
  3.630e+03]
 [3.450e+02 5.210e+02 1.109e+03 1.337e+03 1.473e+03 1.638e+03 1.709e+03
  1.723e+03 2.049e+03 2.141e+03 2.884e+03 3.362e+03 3.490e+03 3.529e+03
  3.578e+03]
 [0.000e+00 1.470e+02 2.220e+02 3.260e+02 4.140e+02 9.200e+02 1.003e+03
  1.061e+03 1.109e+03 1.695e+03 2.529e+03 2.815e+03 2.964e+03 3.182e+03
  3.443e+03]
 [1.550e+02 4.040e+02 9.560e+02 1.113e+03 1.206e+03 1.358e+03 1.726e+03
  2.005e+03 2.021e+03 2.430e+03 2.586e+03 3.058e+03 3.156e+03 3.182e+03
  3.553e+03]
 [5.100e+01 2.340e+02 5.570e+02 6.300e+02 7.040e+02 7.240e+02 9.670e+02
  1.001e+03 1.264e+03 2.174e+03 2.618e+03 2.873e+03 3.036e+03 3.285e+03
  3.471e+03]
 [0.000e+00 2.000e+00 2.170e+02 2.570e+02 3.140e+02 5.060e+02 1.485e+03
  2.335e+03 2.449e+03 2.530e+03 2.969e+03 3.003e+03 3.011e+03 3.249e+03
  3.321e+03]
 [1.900e+02 1.960e+02 4.360e+02 7.040e+02 8.420e+02 1.664e+03 1.908e+03
  1.988e+03 2.277e+03 2.335e+03 2.474e+03 2.501e+03 2.964e+03 3.271e+03
  3.286e+03]
 [1.160e+02 6.250e+02 8.200e+02 1.358e+03 1.496e+03 1.650e+03 1.875e+03
  1.957e+03 2.391e+03 2.501e+03 2.684e+03 2.739e+03 2.816e+03 2.824e+03
  2.948e+03]
 [2.000e+00 1.140e+02 1.900e+02 3.090e+02 5.960e+02 1.587e+03 1.638e+03
  1.650e+03 1.908e+03 2.141e+03 2.240e+03 2.335e+03 2.365e+03 2.828e+03
  3.371e+03]
 [1.600e+02 2.440e+02 3.440e+02 9.860e+02 1.473e+03 1.516e+03 1.724e+03
  1.766e+03 1.781e+03 1.999e+03 2.529e+03 2.680e+03 3.021e+03 3.457e+03
  3.466e+03]
 [7.000e+01 3.510e+02 4.430e+02 9.440e+02 1.444e+03 1.516e+03 1.823e+03
  2.280e+03 2.353e+03 2.428e+03 2.449e+03 2.507e+03 3.362e+03 3.457e+03
  3.482e+03]
 [0.000e+00 1.000e+01 4.900e+01 9.800e+01 3.200e+02 3.910e+02 5.060e+02
  6.280e+02 8.470e+02 9.360e+02 1.111e+03 1.191e+03 1.441e+03 1.814e+03
  2.575e+03]
 [0.000e+00 1.320e+02 3.240e+02 3.920e+02 4.890e+02 5.750e+02 6.560e+02
  6.940e+02 8.210e+02 1.236e+03 1.485e+03 1.528e+03 2.123e+03 2.681e+03
  2.943e+03]
 [0.000e+00 9.800e+01 1.950e+02 2.600e+02 3.530e+02 4.550e+02 4.840e+02
  5.450e+02 6.250e+02 7.030e+02 1.016e+03 1.111e+03 1.564e+03 1.993e+03
  2.021e+03]
 [1.150e+02 1.540e+02 2.010e+02 3.680e+02 4.020e+02 4.740e+02 8.060e+02
  9.860e+02 1.663e+03 1.698e+03 1.702e+03 2.005e+03 2.529e+03 2.668e+03
  2.996e+03]
 [2.110e+02 4.360e+02 1.272e+03 1.328e+03 1.678e+03 1.702e+03 1.816e+03
  1.893e+03 2.267e+03 2.488e+03 2.668e+03 2.771e+03 2.828e+03 3.020e+03
  3.211e+03]
 [8.100e+01 2.730e+02 3.410e+02 4.740e+02 4.820e+02 5.060e+02 6.250e+02
  6.940e+02 7.080e+02 7.800e+02 9.860e+02 1.055e+03 1.664e+03 3.240e+03
  3.355e+03]
 [1.000e+01 2.790e+02 3.000e+02 4.520e+02 5.160e+02 6.090e+02 8.420e+02
  8.940e+02 1.326e+03 1.902e+03 2.041e+03 2.561e+03 2.913e+03 2.996e+03
  3.284e+03]
 [0.000e+00 1.470e+02 2.800e+02 4.040e+02 4.860e+02 6.450e+02 7.640e+02
  1.564e+03 1.784e+03 1.795e+03 2.203e+03 2.904e+03 2.977e+03 3.003e+03
  3.239e+03]]
