optimal_status: 0
solution: 57326.0
cpu_time: 3601.4033110141754
gap: 0.9478073412880276
upper_bound: 2991.996353322532
lower_bound: 57326.0
cg_matrix: [[0. 0. 0. 0. 0. 0. 0. 0. 1. 0. 0. 1. 0. 1. 0. 0. 0. 0. 0. 0. 0. 1. 0. 0.
  0. 0. 0. 0. 0. 1. 0. 0. 1. 0. 0. 0. 0. 0. 0. 1. 0. 0. 0. 0. 0. 0. 0. 0.
  0. 1. 0. 0. 1. 1. 0. 0. 1. 1. 0. 0. 1. 0. 0. 1. 0. 1. 0. 0. 1. 1. 0. 0.
  0. 0. 0. 0. 0. 0. 0. 0. 0. 0. 0. 0. 0. 0. 0. 0. 0. 0. 1. 0. 0. 0. 0. 0.
  0. 0. 0. 0.]
 [0. 0. 0. 1. 0. 0. 1. 0. 0. 0. 0. 0. 0. 1. 0. 0. 0. 0. 0. 1. 0. 0. 0. 1.
  1. 0. 0. 0. 0. 0. 1. 0. 0. 0. 0. 1. 1. 0. 0. 0. 1. 1. 0. 0. 0. 1. 0. 0.
  1. 0. 0. 1. 0. 0. 1. 0. 0. 0. 0. 1. 0. 0. 0. 0. 1. 0. 0. 0. 0. 0. 1. 0.
  0. 0. 0. 0. 0. 0. 0. 0. 0. 0. 0. 1. 1. 0. 0. 1. 0. 0. 0. 0. 0. 0. 0. 0.
  0. 0. 0. 0.]
 [0. 0. 0. 0. 0. 0. 0. 0. 1. 0. 0. 0. 0. 1. 0. 0. 0. 0. 0. 0. 0. 0. 0. 0.
  0. 1. 0. 0. 0. 1. 0. 0. 0. 0. 0. 0. 0. 0. 0. 0. 0. 0. 1. 1. 0. 0. 0. 1.
  0. 0. 0. 1. 0. 0. 0. 0. 0. 0. 0. 1. 1. 1. 0. 0. 1. 1. 1. 0. 1. 0. 1. 1.
  0. 0. 0. 0. 0. 0. 0. 0. 0. 1. 1. 1. 0. 0. 0. 0. 1. 1. 1. 0. 0. 0. 0. 0.
  0. 0. 0. 0.]
 [0. 1. 0. 0. 0. 0. 0. 0. 0. 0. 0. 0. 0. 0. 0. 0. 0. 0. 0. 0. 1. 0. 0. 0.
  0. 0. 0. 0. 1. 0. 0. 0. 0. 0. 0. 0. 0. 1. 1. 0. 0. 0. 0. 0. 0. 0. 0. 0.
  1. 0. 0. 0. 0. 0. 0. 0. 0. 0. 0. 1. 0. 1. 0. 0. 0. 0. 0. 1. 0. 0. 0. 0.
  0. 0. 0. 1. 1. 0. 0. 1. 0. 0. 0. 0. 0. 0. 1. 0. 0. 0. 1. 0. 1. 0. 1. 0.
  0. 1. 0. 1.]
 [0. 0. 0. 0. 0. 0. 0. 0. 0. 0. 0. 0. 0. 0. 0. 0. 0. 0. 0. 0. 0. 0. 0. 0.
  0. 0. 0. 1. 0. 0. 1. 0. 1. 0. 0. 0. 1. 0. 0. 0. 1. 0. 0. 1. 0. 1. 0. 0.
  0. 0. 0. 0. 0. 0. 0. 0. 0. 0. 0. 0. 0. 0. 1. 0. 0. 0. 0. 1. 0. 0. 0. 0.
  0. 0. 0. 0. 0. 0. 0. 0. 0. 0. 0. 0. 0. 0. 0. 0. 0. 0. 0. 0. 0. 0. 0. 0.
  1. 1. 0. 0.]
 [0. 0. 0. 0. 0. 0. 0. 1. 0. 0. 0. 0. 0. 0. 0. 0. 1. 1. 0. 0. 0. 1. 0. 0.
  0. 0. 1. 0. 0. 1. 0. 0. 0. 1. 0. 0. 1. 0. 0. 0. 0. 0. 0. 1. 0. 0. 0. 0.
  0. 0. 0. 0. 0. 0. 0. 1. 0. 0. 0. 0. 0. 1. 0. 0. 0. 0. 0. 0. 0. 0. 1. 1.
  0. 0. 0. 0. 0. 0. 0. 0. 0. 0. 0. 0. 0. 0. 0. 0. 0. 0. 0. 0. 0. 0. 0. 0.
  0. 0. 1. 1.]
 [0. 1. 0. 0. 0. 0. 0. 0. 0. 0. 0. 0. 0. 0. 0. 0. 0. 0. 0. 0. 0. 0. 0. 0.
  0. 1. 0. 0. 0. 0. 0. 0. 0. 0. 0. 0. 0. 0. 1. 0. 0. 0. 0. 0. 0. 0. 0. 0.
  0. 1. 0. 1. 0. 0. 0. 0. 1. 0. 1. 1. 0. 0. 0. 0. 0. 0. 0. 1. 0. 0. 0. 1.
  0. 0. 0. 0. 1. 0. 0. 1. 0. 1. 1. 0. 0. 0. 0. 0. 0. 0. 1. 0. 0. 0. 0. 0.
  0. 0. 0. 0.]
 [0. 0. 0. 0. 0. 1. 0. 0. 0. 0. 0. 0. 0. 0. 0. 0. 0. 0. 0. 0. 0. 0. 1. 0.
  0. 0. 0. 0. 0. 0. 1. 0. 0. 0. 1. 0. 0. 0. 1. 0. 0. 1. 0. 0. 0. 0. 0. 0.
  0. 0. 0. 0. 0. 0. 0. 0. 0. 0. 0. 0. 0. 0. 0. 0. 0. 0. 0. 0. 0. 0. 0. 0.
  0. 0. 0. 0. 0. 0. 0. 1. 0. 0. 1. 0. 1. 0. 0. 0. 0. 0. 0. 0. 1. 1. 0. 0.
  0. 0. 0. 1.]
 [1. 0. 1. 0. 0. 0. 0. 0. 0. 1. 0. 0. 0. 0. 0. 1. 0. 0. 0. 0. 0. 0. 0. 0.
  0. 0. 0. 0. 0. 0. 0. 0. 0. 0. 0. 1. 0. 0. 0. 0. 0. 0. 0. 0. 0. 0. 0. 0.
  0. 0. 0. 0. 0. 0. 0. 0. 0. 0. 0. 1. 0. 0. 0. 0. 0. 0. 0. 0. 0. 1. 0. 0.
  0. 0. 0. 0. 0. 0. 0. 0. 0. 0. 0. 0. 0. 0. 0. 0. 1. 1. 1. 0. 0. 0. 1. 0.
  0. 1. 0. 0.]
 [0. 0. 0. 0. 0. 0. 0. 0. 1. 0. 1. 0. 0. 0. 1. 0. 0. 1. 0. 1. 0. 1. 0. 0.
  0. 0. 0. 1. 0. 0. 0. 0. 0. 0. 1. 0. 0. 0. 0. 0. 1. 0. 0. 0. 0. 0. 0. 1.
  1. 0. 0. 0. 0. 0. 0. 0. 0. 0. 0. 0. 0. 0. 0. 1. 0. 0. 0. 0. 0. 0. 1. 0.
  0. 1. 0. 0. 0. 0. 0. 0. 0. 0. 0. 0. 0. 0. 0. 1. 0. 0. 0. 0. 0. 0. 0. 0.
  0. 0. 0. 0.]
 [0. 0. 0. 0. 0. 0. 0. 0. 0. 1. 0. 0. 0. 1. 0. 0. 0. 0. 0. 0. 0. 1. 0. 0.
  0. 0. 0. 0. 0. 1. 1. 0. 0. 0. 0. 0. 1. 0. 1. 0. 1. 0. 1. 0. 0. 1. 0. 0.
  0. 0. 1. 0. 0. 0. 1. 0. 1. 0. 0. 0. 0. 0. 0. 0. 0. 0. 0. 1. 0. 0. 0. 0.
  0. 1. 0. 0. 1. 1. 0. 0. 0. 1. 1. 0. 0. 0. 1. 0. 0. 1. 0. 0. 0. 0. 0. 1.
  0. 0. 0. 0.]
 [1. 0. 0. 0. 0. 0. 0. 0. 0. 0. 0. 0. 1. 0. 1. 1. 0. 0. 0. 0. 1. 0. 0. 0.
  0. 0. 0. 1. 0. 0. 0. 0. 1. 0. 0. 0. 1. 0. 0. 0. 0. 0. 0. 0. 1. 0. 0. 0.
  0. 1. 1. 0. 0. 0. 0. 0. 0. 1. 1. 1. 1. 0. 1. 0. 0. 1. 0. 0. 0. 0. 1. 0.
  0. 0. 0. 1. 0. 0. 0. 0. 0. 0. 0. 0. 0. 0. 1. 0. 0. 0. 0. 0. 0. 0. 0. 0.
  0. 1. 0. 1.]
 [0. 0. 0. 0. 0. 0. 0. 0. 0. 0. 0. 1. 0. 1. 0. 1. 0. 0. 0. 0. 0. 0. 0. 0.
  0. 0. 0. 0. 0. 0. 0. 0. 0. 1. 0. 1. 0. 1. 0. 0. 0. 0. 0. 1. 0. 0. 0. 0.
  0. 0. 0. 0. 1. 1. 0. 0. 0. 0. 0. 0. 0. 0. 0. 0. 0. 0. 0. 1. 0. 0. 0. 1.
  0. 1. 0. 1. 0. 0. 0. 0. 0. 0. 1. 0. 1. 1. 0. 0. 0. 0. 0. 0. 1. 0. 1. 0.
  1. 1. 0. 0.]
 [1. 1. 1. 0. 0. 0. 0. 0. 0. 0. 1. 0. 1. 0. 0. 0. 1. 1. 0. 0. 0. 0. 0. 0.
  0. 0. 0. 0. 0. 1. 0. 0. 0. 0. 0. 0. 0. 0. 0. 1. 0. 0. 0. 1. 1. 0. 0. 0.
  1. 0. 0. 0. 1. 0. 0. 0. 1. 0. 0. 0. 0. 0. 0. 0. 0. 0. 0. 0. 0. 0. 1. 1.
  0. 0. 1. 1. 0. 1. 0. 0. 0. 1. 0. 0. 0. 1. 0. 0. 0. 0. 0. 1. 0. 0. 0. 0.
  0. 0. 0. 0.]
 [0. 0. 0. 0. 0. 0. 0. 0. 0. 1. 0. 1. 0. 0. 0. 1. 0. 1. 0. 0. 0. 0. 0. 0.
  0. 0. 0. 1. 0. 0. 0. 0. 0. 0. 0. 0. 0. 0. 1. 0. 1. 0. 0. 0. 1. 0. 0. 0.
  0. 0. 0. 0. 0. 0. 0. 0. 0. 0. 1. 0. 0. 0. 0. 0. 0. 1. 0. 0. 0. 0. 0. 0.
  1. 0. 1. 1. 1. 1. 1. 1. 0. 0. 0. 0. 0. 0. 0. 1. 0. 0. 0. 0. 0. 0. 1. 0.
  0. 0. 1. 0.]
 [0. 0. 0. 0. 0. 0. 0. 0. 1. 0. 0. 1. 1. 0. 1. 0. 0. 0. 1. 1. 0. 1. 0. 0.
  0. 0. 1. 0. 0. 0. 0. 0. 1. 0. 0. 0. 0. 0. 0. 0. 0. 0. 0. 1. 0. 0. 1. 0.
  1. 1. 0. 0. 0. 0. 1. 1. 0. 0. 0. 0. 1. 0. 0. 1. 0. 0. 1. 1. 1. 1. 1. 0.
  0. 1. 1. 0. 0. 0. 0. 0. 0. 0. 0. 0. 0. 0. 1. 0. 0. 0. 0. 0. 0. 0. 0. 0.
  1. 0. 0. 0.]
 [0. 0. 0. 0. 0. 1. 0. 0. 0. 0. 0. 0. 0. 1. 0. 0. 0. 1. 0. 0. 0. 0. 0. 0.
  0. 0. 0. 0. 0. 0. 0. 1. 0. 0. 0. 0. 0. 0. 0. 0. 0. 0. 0. 0. 0. 0. 0. 0.
  0. 0. 1. 1. 1. 0. 0. 1. 0. 0. 0. 0. 0. 0. 0. 0. 0. 0. 1. 0. 0. 0. 0. 0.
  0. 1. 0. 0. 0. 0. 0. 0. 0. 1. 0. 0. 0. 1. 0. 0. 0. 0. 1. 1. 0. 0. 0. 0.
  1. 0. 0. 1.]
 [0. 0. 0. 0. 0. 1. 0. 0. 0. 1. 0. 0. 0. 1. 1. 0. 1. 0. 1. 0. 0. 0. 0. 0.
  1. 0. 0. 0. 1. 0. 0. 0. 0. 0. 0. 0. 0. 0. 0. 0. 0. 0. 1. 0. 0. 0. 1. 0.
  0. 1. 1. 0. 0. 0. 0. 0. 0. 0. 0. 0. 0. 0. 1. 0. 0. 0. 0. 0. 1. 0. 1. 0.
  0. 0. 0. 0. 0. 0. 0. 0. 0. 0. 0. 0. 0. 0. 1. 0. 0. 1. 1. 0. 0. 0. 0. 0.
  0. 0. 0. 0.]
 [0. 0. 0. 0. 0. 0. 0. 0. 0. 0. 0. 0. 0. 0. 0. 1. 0. 1. 0. 0. 0. 0. 1. 0.
  0. 1. 0. 1. 0. 0. 0. 0. 0. 0. 0. 1. 0. 0. 0. 0. 0. 0. 0. 0. 0. 0. 0. 0.
  0. 0. 0. 0. 0. 0. 0. 0. 0. 0. 0. 0. 0. 0. 0. 0. 0. 1. 0. 1. 0. 1. 0. 0.
  1. 0. 0. 0. 0. 0. 0. 0. 0. 1. 0. 1. 0. 0. 0. 0. 0. 0. 1. 1. 0. 1. 0. 0.
  1. 0. 0. 0.]
 [0. 1. 0. 0. 0. 0. 0. 0. 0. 1. 0. 0. 0. 0. 0. 1. 0. 0. 0. 0. 0. 1. 0. 0.
  0. 0. 0. 1. 0. 0. 0. 0. 1. 1. 0. 0. 0. 0. 0. 0. 0. 0. 0. 0. 0. 0. 0. 0.
  1. 1. 1. 0. 0. 1. 0. 0. 0. 0. 0. 1. 0. 0. 0. 1. 0. 1. 0. 0. 0. 0. 0. 0.
  0. 0. 0. 0. 0. 1. 0. 1. 0. 0. 0. 0. 1. 0. 0. 0. 0. 0. 1. 0. 1. 0. 1. 1.
  0. 0. 0. 0.]
 [0. 0. 0. 1. 0. 0. 0. 0. 0. 0. 0. 1. 0. 0. 0. 0. 0. 0. 0. 0. 0. 0. 0. 0.
  0. 0. 0. 0. 0. 0. 0. 0. 0. 0. 0. 0. 0. 0. 0. 0. 0. 0. 0. 0. 0. 0. 0. 0.
  0. 0. 0. 0. 0. 0. 0. 0. 0. 0. 0. 0. 0. 0. 0. 0. 0. 0. 0. 0. 0. 0. 0. 0.
  0. 0. 0. 0. 0. 0. 0. 0. 0. 0. 0. 0. 0. 0. 0. 0. 0. 0. 0. 0. 0. 0. 0. 0.
  0. 0. 0. 0.]
 [1. 0. 0. 0. 0. 1. 0. 0. 0. 1. 1. 0. 0. 0. 0. 1. 0. 0. 0. 1. 0. 0. 0. 0.
  0. 0. 0. 0. 0. 0. 0. 0. 0. 0. 0. 0. 0. 0. 0. 0. 0. 0. 0. 0. 0. 0. 0. 0.
  0. 0. 0. 0. 0. 0. 0. 0. 0. 0. 0. 0. 0. 0. 0. 0. 0. 0. 0. 0. 0. 0. 0. 0.
  0. 0. 0. 0. 0. 0. 0. 0. 0. 0. 0. 0. 0. 0. 0. 0. 0. 0. 0. 0. 0. 0. 0. 0.
  0. 0. 0. 0.]
 [0. 0. 0. 0. 0. 0. 0. 1. 0. 0. 0. 0. 0. 0. 0. 0. 0. 0. 1. 0. 0. 0. 0. 0.
  0. 0. 0. 0. 0. 0. 0. 0. 0. 0. 0. 0. 0. 0. 0. 0. 0. 0. 0. 0. 0. 0. 0. 0.
  0. 0. 0. 0. 0. 0. 0. 0. 0. 0. 0. 0. 0. 0. 0. 0. 0. 0. 0. 0. 0. 0. 0. 0.
  0. 0. 0. 0. 0. 0. 0. 0. 0. 0. 0. 0. 0. 0. 0. 0. 0. 0. 0. 0. 0. 0. 0. 0.
  0. 0. 0. 0.]
 [0. 1. 0. 0. 0. 0. 0. 0. 0. 0. 0. 0. 0. 0. 0. 0. 0. 0. 0. 0. 0. 0. 0. 0.
  0. 0. 0. 0. 0. 0. 0. 0. 0. 0. 0. 0. 0. 0. 0. 0. 0. 0. 0. 0. 0. 0. 0. 0.
  0. 0. 0. 0. 0. 0. 0. 0. 0. 0. 0. 0. 0. 0. 0. 0. 0. 0. 0. 0. 0. 0. 0. 0.
  0. 0. 0. 0. 0. 0. 0. 0. 0. 0. 0. 0. 0. 0. 0. 0. 0. 0. 0. 0. 0. 0. 0. 0.
  0. 0. 0. 0.]
 [0. 1. 0. 0. 0. 0. 0. 0. 0. 0. 0. 0. 0. 0. 0. 0. 0. 1. 0. 0. 0. 0. 0. 0.
  0. 0. 0. 0. 0. 0. 0. 0. 0. 0. 0. 0. 0. 0. 0. 0. 0. 0. 0. 0. 0. 0. 0. 0.
  0. 0. 0. 0. 0. 0. 0. 0. 0. 0. 0. 0. 0. 0. 0. 0. 0. 0. 0. 0. 0. 0. 0. 0.
  0. 0. 0. 0. 0. 0. 0. 0. 0. 0. 0. 0. 0. 0. 0. 0. 0. 0. 0. 0. 0. 0. 0. 0.
  0. 0. 0. 0.]
 [0. 0. 1. 0. 0. 0. 1. 0. 0. 0. 0. 0. 0. 0. 0. 0. 0. 0. 1. 0. 0. 0. 0. 0.
  0. 0. 0. 0. 0. 0. 0. 0. 0. 0. 0. 0. 0. 0. 0. 0. 0. 0. 0. 0. 0. 0. 0. 0.
  0. 0. 0. 0. 0. 0. 0. 0. 0. 0. 0. 0. 0. 0. 0. 0. 0. 0. 0. 0. 0. 0. 0. 0.
  0. 0. 0. 0. 0. 0. 0. 0. 0. 0. 0. 0. 0. 0. 0. 0. 0. 0. 0. 0. 0. 0. 0. 0.
  0. 0. 0. 0.]
 [0. 0. 0. 0. 0. 1. 0. 0. 0. 0. 0. 0. 0. 0. 0. 1. 0. 0. 0. 0. 0. 0. 0. 0.
  0. 0. 0. 0. 0. 0. 0. 0. 0. 0. 0. 0. 0. 0. 0. 0. 0. 0. 0. 0. 0. 0. 0. 0.
  0. 0. 0. 0. 0. 0. 0. 0. 0. 0. 0. 0. 0. 0. 0. 0. 0. 0. 0. 0. 0. 0. 0. 0.
  0. 0. 0. 0. 0. 0. 0. 0. 0. 0. 0. 0. 0. 0. 0. 0. 0. 0. 0. 0. 0. 0. 0. 0.
  0. 0. 0. 0.]
 [0. 0. 0. 0. 1. 0. 0. 0. 0. 1. 0. 1. 0. 0. 1. 0. 0. 0. 1. 1. 0. 0. 0. 0.
  0. 0. 0. 0. 0. 0. 0. 0. 0. 0. 0. 0. 0. 0. 0. 0. 0. 0. 0. 0. 0. 0. 0. 0.
  0. 0. 0. 0. 0. 0. 0. 0. 0. 0. 0. 0. 0. 0. 0. 0. 0. 0. 0. 0. 0. 0. 0. 0.
  0. 0. 0. 0. 0. 0. 0. 0. 0. 0. 0. 0. 0. 0. 0. 0. 0. 0. 0. 0. 0. 0. 0. 0.
  0. 0. 0. 0.]
 [0. 0. 0. 1. 0. 0. 0. 0. 0. 0. 0. 0. 0. 0. 0. 0. 0. 1. 0. 0. 0. 0. 0. 0.
  0. 0. 0. 0. 0. 0. 0. 0. 0. 0. 0. 0. 0. 0. 0. 0. 0. 0. 0. 0. 0. 0. 0. 0.
  0. 0. 0. 0. 0. 0. 0. 0. 0. 0. 0. 0. 0. 0. 0. 0. 0. 0. 0. 0. 0. 0. 0. 0.
  0. 0. 0. 0. 0. 0. 0. 0. 0. 0. 0. 0. 0. 0. 0. 0. 0. 0. 0. 0. 0. 0. 0. 0.
  0. 0. 0. 0.]
 [1. 0. 1. 0. 0. 1. 0. 0. 0. 0. 1. 0. 0. 1. 0. 0. 0. 0. 0. 0. 0. 0. 0. 0.
  0. 0. 0. 0. 0. 0. 0. 0. 0. 0. 0. 0. 0. 0. 0. 0. 0. 0. 0. 0. 0. 0. 0. 0.
  0. 0. 0. 0. 0. 0. 0. 0. 0. 0. 0. 0. 0. 0. 0. 0. 0. 0. 0. 0. 0. 0. 0. 0.
  0. 0. 0. 0. 0. 0. 0. 0. 0. 0. 0. 0. 0. 0. 0. 0. 0. 0. 0. 0. 0. 0. 0. 0.
  0. 0. 0. 0.]
 [0. 1. 0. 0. 1. 0. 0. 1. 0. 0. 1. 0. 0. 0. 0. 0. 0. 0. 0. 0. 0. 0. 0. 0.
  0. 0. 0. 0. 0. 0. 0. 0. 0. 0. 0. 0. 0. 0. 0. 0. 0. 0. 0. 0. 0. 0. 0. 0.
  0. 0. 0. 0. 0. 0. 0. 0. 0. 0. 0. 0. 0. 0. 0. 0. 0. 0. 0. 0. 0. 0. 0. 0.
  0. 0. 0. 0. 0. 0. 0. 0. 0. 0. 0. 0. 0. 0. 0. 0. 0. 0. 0. 0. 0. 0. 0. 0.
  0. 0. 0. 0.]
 [0. 0. 0. 0. 0. 0. 0. 0. 0. 0. 0. 0. 0. 0. 0. 0. 1. 0. 0. 0. 0. 0. 0. 0.
  0. 0. 0. 0. 0. 0. 0. 0. 0. 0. 0. 0. 0. 0. 0. 0. 0. 0. 0. 0. 0. 0. 0. 0.
  0. 0. 0. 0. 0. 0. 0. 0. 0. 0. 0. 0. 0. 0. 0. 0. 0. 0. 0. 0. 0. 0. 0. 0.
  0. 0. 0. 0. 0. 0. 0. 0. 0. 0. 0. 0. 0. 0. 0. 0. 0. 0. 0. 0. 0. 0. 0. 0.
  0. 0. 0. 0.]
 [1. 0. 0. 0. 1. 0. 0. 0. 0. 0. 0. 1. 0. 0. 0. 1. 0. 0. 0. 1. 0. 0. 0. 0.
  0. 0. 0. 0. 0. 0. 0. 0. 0. 0. 0. 0. 0. 0. 0. 0. 0. 0. 0. 0. 0. 0. 0. 0.
  0. 0. 0. 0. 0. 0. 0. 0. 0. 0. 0. 0. 0. 0. 0. 0. 0. 0. 0. 0. 0. 0. 0. 0.
  0. 0. 0. 0. 0. 0. 0. 0. 0. 0. 0. 0. 0. 0. 0. 0. 0. 0. 0. 0. 0. 0. 0. 0.
  0. 0. 0. 0.]
 [0. 0. 0. 0. 0. 1. 0. 0. 0. 0. 0. 0. 1. 0. 0. 0. 0. 0. 0. 1. 0. 0. 0. 0.
  0. 0. 0. 0. 0. 0. 0. 0. 0. 0. 0. 0. 0. 0. 0. 0. 0. 0. 0. 0. 0. 0. 0. 0.
  0. 0. 0. 0. 0. 0. 0. 0. 0. 0. 0. 0. 0. 0. 0. 0. 0. 0. 0. 0. 0. 0. 0. 0.
  0. 0. 0. 0. 0. 0. 0. 0. 0. 0. 0. 0. 0. 0. 0. 0. 0. 0. 0. 0. 0. 0. 0. 0.
  0. 0. 0. 0.]
 [0. 0. 0. 0. 0. 0. 0. 1. 0. 1. 0. 0. 0. 0. 0. 0. 0. 0. 0. 0. 0. 0. 0. 0.
  0. 0. 0. 0. 0. 0. 0. 0. 0. 0. 0. 0. 0. 0. 0. 0. 0. 0. 0. 0. 0. 0. 0. 0.
  0. 0. 0. 0. 0. 0. 0. 0. 0. 0. 0. 0. 0. 0. 0. 0. 0. 0. 0. 0. 0. 0. 0. 0.
  0. 0. 0. 0. 0. 0. 0. 0. 0. 0. 0. 0. 0. 0. 0. 0. 0. 0. 0. 0. 0. 0. 0. 0.
  0. 0. 0. 0.]
 [0. 1. 0. 0. 0. 0. 0. 0. 1. 0. 0. 0. 1. 0. 0. 0. 0. 0. 1. 0. 0. 0. 0. 0.
  0. 0. 0. 0. 0. 0. 0. 0. 0. 0. 0. 0. 0. 0. 0. 0. 0. 0. 0. 0. 0. 0. 0. 0.
  0. 0. 0. 0. 0. 0. 0. 0. 0. 0. 0. 0. 0. 0. 0. 0. 0. 0. 0. 0. 0. 0. 0. 0.
  0. 0. 0. 0. 0. 0. 0. 0. 0. 0. 0. 0. 0. 0. 0. 0. 0. 0. 0. 0. 0. 0. 0. 0.
  0. 0. 0. 0.]
 [0. 1. 0. 0. 1. 1. 0. 0. 0. 0. 1. 1. 0. 0. 0. 0. 0. 0. 0. 0. 0. 0. 0. 0.
  0. 0. 0. 0. 0. 0. 0. 0. 0. 0. 0. 0. 0. 0. 0. 0. 0. 0. 0. 0. 0. 0. 0. 0.
  0. 0. 0. 0. 0. 0. 0. 0. 0. 0. 0. 0. 0. 0. 0. 0. 0. 0. 0. 0. 0. 0. 0. 0.
  0. 0. 0. 0. 0. 0. 0. 0. 0. 0. 0. 0. 0. 0. 0. 0. 0. 0. 0. 0. 0. 0. 0. 0.
  0. 0. 0. 0.]
 [0. 0. 0. 1. 0. 0. 0. 0. 0. 0. 0. 0. 1. 0. 0. 0. 0. 0. 0. 0. 0. 0. 0. 0.
  0. 0. 0. 0. 0. 0. 0. 0. 0. 0. 0. 0. 0. 0. 0. 0. 0. 0. 0. 0. 0. 0. 0. 0.
  0. 0. 0. 0. 0. 0. 0. 0. 0. 0. 0. 0. 0. 0. 0. 0. 0. 0. 0. 0. 0. 0. 0. 0.
  0. 0. 0. 0. 0. 0. 0. 0. 0. 0. 0. 0. 0. 0. 0. 0. 0. 0. 0. 0. 0. 0. 0. 0.
  0. 0. 0. 0.]
 [0. 0. 0. 1. 0. 0. 1. 1. 0. 0. 1. 0. 0. 0. 1. 0. 0. 0. 0. 0. 0. 0. 0. 0.
  0. 0. 0. 0. 0. 0. 0. 0. 0. 0. 0. 0. 0. 0. 0. 0. 0. 0. 0. 0. 0. 0. 0. 0.
  0. 0. 0. 0. 0. 0. 0. 0. 0. 0. 0. 0. 0. 0. 0. 0. 0. 0. 0. 0. 0. 0. 0. 0.
  0. 0. 0. 0. 0. 0. 0. 0. 0. 0. 0. 0. 0. 0. 0. 0. 0. 0. 0. 0. 0. 0. 0. 0.
  0. 0. 0. 0.]
 [1. 0. 0. 0. 0. 0. 0. 0. 0. 0. 0. 0. 0. 1. 0. 0. 0. 0. 0. 0. 0. 0. 0. 0.
  0. 0. 0. 0. 0. 0. 0. 0. 0. 0. 0. 0. 0. 0. 0. 0. 0. 0. 0. 0. 0. 0. 0. 0.
  0. 0. 0. 0. 0. 0. 0. 0. 0. 0. 0. 0. 0. 0. 0. 0. 0. 0. 0. 0. 0. 0. 0. 0.
  0. 0. 0. 0. 0. 0. 0. 0. 0. 0. 0. 0. 0. 0. 0. 0. 0. 0. 0. 0. 0. 0. 0. 0.
  0. 0. 0. 0.]
 [0. 1. 0. 0. 1. 0. 0. 0. 0. 1. 1. 0. 0. 0. 1. 0. 0. 0. 0. 0. 0. 0. 0. 0.
  0. 0. 0. 0. 0. 0. 0. 0. 0. 0. 0. 0. 0. 0. 0. 0. 0. 0. 0. 0. 0. 0. 0. 0.
  0. 0. 0. 0. 0. 0. 0. 0. 0. 0. 0. 0. 0. 0. 0. 0. 0. 0. 0. 0. 0. 0. 0. 0.
  0. 0. 0. 0. 0. 0. 0. 0. 0. 0. 0. 0. 0. 0. 0. 0. 0. 0. 0. 0. 0. 0. 0. 0.
  0. 0. 0. 0.]
 [0. 1. 0. 0. 0. 0. 0. 1. 0. 0. 0. 0. 0. 0. 0. 0. 0. 0. 0. 0. 0. 0. 0. 0.
  0. 0. 0. 0. 0. 0. 0. 0. 0. 0. 0. 0. 0. 0. 0. 0. 0. 0. 0. 0. 0. 0. 0. 0.
  0. 0. 0. 0. 0. 0. 0. 0. 0. 0. 0. 0. 0. 0. 0. 0. 0. 0. 0. 0. 0. 0. 0. 0.
  0. 0. 0. 0. 0. 0. 0. 0. 0. 0. 0. 0. 0. 0. 0. 0. 0. 0. 0. 0. 0. 0. 0. 0.
  0. 0. 0. 0.]
 [0. 0. 1. 0. 0. 0. 0. 0. 0. 0. 1. 0. 0. 0. 0. 0. 0. 1. 0. 0. 0. 0. 0. 0.
  0. 0. 0. 0. 0. 0. 0. 0. 0. 0. 0. 0. 0. 0. 0. 0. 0. 0. 0. 0. 0. 0. 0. 0.
  0. 0. 0. 0. 0. 0. 0. 0. 0. 0. 0. 0. 0. 0. 0. 0. 0. 0. 0. 0. 0. 0. 0. 0.
  0. 0. 0. 0. 0. 0. 0. 0. 0. 0. 0. 0. 0. 0. 0. 0. 0. 0. 0. 0. 0. 0. 0. 0.
  0. 0. 0. 0.]
 [0. 0. 1. 0. 1. 1. 0. 0. 0. 0. 0. 0. 1. 1. 0. 1. 0. 0. 0. 0. 0. 0. 0. 0.
  0. 0. 0. 0. 0. 0. 0. 0. 0. 0. 0. 0. 0. 0. 0. 0. 0. 0. 0. 0. 0. 0. 0. 0.
  0. 0. 0. 0. 0. 0. 0. 0. 0. 0. 0. 0. 0. 0. 0. 0. 0. 0. 0. 0. 0. 0. 0. 0.
  0. 0. 0. 0. 0. 0. 0. 0. 0. 0. 0. 0. 0. 0. 0. 0. 0. 0. 0. 0. 0. 0. 0. 0.
  0. 0. 0. 0.]
 [0. 0. 0. 0. 0. 0. 0. 0. 0. 0. 0. 1. 0. 1. 1. 0. 0. 0. 0. 0. 0. 0. 0. 0.
  0. 0. 0. 0. 0. 0. 0. 0. 0. 0. 0. 0. 0. 0. 0. 0. 0. 0. 0. 0. 0. 0. 0. 0.
  0. 0. 0. 0. 0. 0. 0. 0. 0. 0. 0. 0. 0. 0. 0. 0. 0. 0. 0. 0. 0. 0. 0. 0.
  0. 0. 0. 0. 0. 0. 0. 0. 0. 0. 0. 0. 0. 0. 0. 0. 0. 0. 0. 0. 0. 0. 0. 0.
  0. 0. 0. 0.]
 [0. 1. 0. 0. 1. 0. 0. 0. 0. 0. 1. 0. 0. 0. 0. 0. 0. 0. 0. 0. 0. 0. 0. 0.
  0. 0. 0. 0. 0. 0. 0. 0. 0. 0. 0. 0. 0. 0. 0. 0. 0. 0. 0. 0. 0. 0. 0. 0.
  0. 0. 0. 0. 0. 0. 0. 0. 0. 0. 0. 0. 0. 0. 0. 0. 0. 0. 0. 0. 0. 0. 0. 0.
  0. 0. 0. 0. 0. 0. 0. 0. 0. 0. 0. 0. 0. 0. 0. 0. 0. 0. 0. 0. 0. 0. 0. 0.
  0. 0. 0. 0.]
 [0. 0. 0. 0. 0. 0. 0. 0. 0. 0. 0. 0. 0. 0. 0. 1. 0. 1. 0. 0. 0. 0. 0. 0.
  0. 0. 0. 0. 0. 0. 0. 0. 0. 0. 0. 0. 0. 0. 0. 0. 0. 0. 0. 0. 0. 0. 0. 0.
  0. 0. 0. 0. 0. 0. 0. 0. 0. 0. 0. 0. 0. 0. 0. 0. 0. 0. 0. 0. 0. 0. 0. 0.
  0. 0. 0. 0. 0. 0. 0. 0. 0. 0. 0. 0. 0. 0. 0. 0. 0. 0. 0. 0. 0. 0. 0. 0.
  0. 0. 0. 0.]
 [0. 0. 1. 0. 0. 0. 0. 0. 0. 1. 0. 0. 0. 0. 0. 0. 0. 0. 0. 0. 0. 0. 0. 0.
  0. 0. 0. 0. 0. 0. 0. 0. 0. 0. 0. 0. 0. 0. 0. 0. 0. 0. 0. 0. 0. 0. 0. 0.
  0. 0. 0. 0. 0. 0. 0. 0. 0. 0. 0. 0. 0. 0. 0. 0. 0. 0. 0. 0. 0. 0. 0. 0.
  0. 0. 0. 0. 0. 0. 0. 0. 0. 0. 0. 0. 0. 0. 0. 0. 0. 0. 0. 0. 0. 0. 0. 0.
  0. 0. 0. 0.]
 [0. 1. 0. 1. 0. 0. 0. 0. 0. 1. 0. 0. 0. 1. 0. 1. 0. 0. 0. 1. 0. 0. 0. 0.
  0. 0. 0. 0. 0. 0. 0. 0. 0. 0. 0. 0. 0. 0. 0. 0. 0. 0. 0. 0. 0. 0. 0. 0.
  0. 0. 0. 0. 0. 0. 0. 0. 0. 0. 0. 0. 0. 0. 0. 0. 0. 0. 0. 0. 0. 0. 0. 0.
  0. 0. 0. 0. 0. 0. 0. 0. 0. 0. 0. 0. 0. 0. 0. 0. 0. 0. 0. 0. 0. 0. 0. 0.
  0. 0. 0. 0.]
 [1. 0. 0. 0. 0. 0. 1. 0. 0. 0. 0. 1. 0. 0. 0. 1. 0. 1. 0. 1. 0. 0. 0. 0.
  0. 0. 0. 0. 0. 0. 0. 0. 0. 0. 0. 0. 0. 0. 0. 0. 0. 0. 0. 0. 0. 0. 0. 0.
  0. 0. 0. 0. 0. 0. 0. 0. 0. 0. 0. 0. 0. 0. 0. 0. 0. 0. 0. 0. 0. 0. 0. 0.
  0. 0. 0. 0. 0. 0. 0. 0. 0. 0. 0. 0. 0. 0. 0. 0. 0. 0. 0. 0. 0. 0. 0. 0.
  0. 0. 0. 0.]
 [0. 0. 0. 0. 0. 0. 0. 0. 0. 0. 1. 1. 0. 0. 0. 0. 1. 1. 0. 1. 0. 0. 0. 0.
  0. 0. 0. 0. 0. 0. 0. 0. 0. 0. 0. 0. 0. 0. 0. 0. 0. 0. 0. 0. 0. 0. 0. 0.
  0. 0. 0. 0. 0. 0. 0. 0. 0. 0. 0. 0. 0. 0. 0. 0. 0. 0. 0. 0. 0. 0. 0. 0.
  0. 0. 0. 0. 0. 0. 0. 0. 0. 0. 0. 0. 0. 0. 0. 0. 0. 0. 0. 0. 0. 0. 0. 0.
  0. 0. 0. 0.]
 [0. 1. 1. 0. 0. 0. 1. 0. 0. 0. 0. 0. 0. 0. 0. 0. 1. 0. 0. 0. 0. 0. 0. 0.
  0. 0. 0. 0. 0. 0. 0. 0. 0. 0. 0. 0. 0. 0. 0. 0. 0. 0. 0. 0. 0. 0. 0. 0.
  0. 0. 0. 0. 0. 0. 0. 0. 0. 0. 0. 0. 0. 0. 0. 0. 0. 0. 0. 0. 0. 0. 0. 0.
  0. 0. 0. 0. 0. 0. 0. 0. 0. 0. 0. 0. 0. 0. 0. 0. 0. 0. 0. 0. 0. 0. 0. 0.
  0. 0. 0. 0.]
 [1. 0. 0. 0. 0. 0. 0. 0. 0. 0. 0. 0. 1. 1. 0. 0. 1. 0. 0. 0. 0. 0. 0. 0.
  0. 0. 0. 0. 0. 0. 0. 0. 0. 0. 0. 0. 0. 0. 0. 0. 0. 0. 0. 0. 0. 0. 0. 0.
  0. 0. 0. 0. 0. 0. 0. 0. 0. 0. 0. 0. 0. 0. 0. 0. 0. 0. 0. 0. 0. 0. 0. 0.
  0. 0. 0. 0. 0. 0. 0. 0. 0. 0. 0. 0. 0. 0. 0. 0. 0. 0. 0. 0. 0. 0. 0. 0.
  0. 0. 0. 0.]
 [1. 0. 0. 0. 0. 0. 0. 0. 0. 0. 0. 0. 1. 0. 0. 0. 0. 0. 0. 1. 0. 0. 0. 0.
  0. 0. 0. 0. 0. 0. 0. 0. 0. 0. 0. 0. 0. 0. 0. 0. 0. 0. 0. 0. 0. 0. 0. 0.
  0. 0. 0. 0. 0. 0. 0. 0. 0. 0. 0. 0. 0. 0. 0. 0. 0. 0. 0. 0. 0. 0. 0. 0.
  0. 0. 0. 0. 0. 0. 0. 0. 0. 0. 0. 0. 0. 0. 0. 0. 0. 0. 0. 0. 0. 0. 0. 0.
  0. 0. 0. 0.]
 [0. 1. 0. 0. 0. 0. 0. 0. 0. 0. 1. 0. 0. 0. 0. 1. 0. 0. 0. 0. 0. 0. 0. 0.
  0. 0. 0. 0. 0. 0. 0. 0. 0. 0. 0. 0. 0. 0. 0. 0. 0. 0. 0. 0. 0. 0. 0. 0.
  0. 0. 0. 0. 0. 0. 0. 0. 0. 0. 0. 0. 0. 0. 0. 0. 0. 0. 0. 0. 0. 0. 0. 0.
  0. 0. 0. 0. 0. 0. 0. 0. 0. 0. 0. 0. 0. 0. 0. 0. 0. 0. 0. 0. 0. 0. 0. 0.
  0. 0. 0. 0.]
 [0. 0. 0. 0. 0. 1. 0. 0. 0. 0. 0. 0. 0. 0. 0. 1. 1. 0. 0. 0. 0. 0. 0. 0.
  0. 0. 0. 0. 0. 0. 0. 0. 0. 0. 0. 0. 0. 0. 0. 0. 0. 0. 0. 0. 0. 0. 0. 0.
  0. 0. 0. 0. 0. 0. 0. 0. 0. 0. 0. 0. 0. 0. 0. 0. 0. 0. 0. 0. 0. 0. 0. 0.
  0. 0. 0. 0. 0. 0. 0. 0. 0. 0. 0. 0. 0. 0. 0. 0. 0. 0. 0. 0. 0. 0. 0. 0.
  0. 0. 0. 0.]
 [1. 0. 0. 0. 0. 0. 1. 0. 0. 0. 1. 0. 0. 1. 0. 0. 0. 0. 0. 0. 0. 0. 0. 0.
  0. 0. 0. 0. 0. 0. 0. 0. 0. 0. 0. 0. 0. 0. 0. 0. 0. 0. 0. 0. 0. 0. 0. 0.
  0. 0. 0. 0. 0. 0. 0. 0. 0. 0. 0. 0. 0. 0. 0. 0. 0. 0. 0. 0. 0. 0. 0. 0.
  0. 0. 0. 0. 0. 0. 0. 0. 0. 0. 0. 0. 0. 0. 0. 0. 0. 0. 0. 0. 0. 0. 0. 0.
  0. 0. 0. 0.]
 [1. 0. 0. 0. 0. 0. 0. 0. 0. 0. 0. 1. 0. 0. 0. 0. 0. 0. 0. 0. 0. 0. 0. 0.
  0. 0. 0. 0. 0. 0. 0. 0. 0. 0. 0. 0. 0. 0. 0. 0. 0. 0. 0. 0. 0. 0. 0. 0.
  0. 0. 0. 0. 0. 0. 0. 0. 0. 0. 0. 0. 0. 0. 0. 0. 0. 0. 0. 0. 0. 0. 0. 0.
  0. 0. 0. 0. 0. 0. 0. 0. 0. 0. 0. 0. 0. 0. 0. 0. 0. 0. 0. 0. 0. 0. 0. 0.
  0. 0. 0. 0.]
 [0. 0. 0. 0. 0. 0. 1. 0. 0. 0. 0. 1. 0. 0. 1. 0. 0. 0. 0. 0. 0. 0. 0. 0.
  0. 0. 0. 0. 0. 0. 0. 0. 0. 0. 0. 0. 0. 0. 0. 0. 0. 0. 0. 0. 0. 0. 0. 0.
  0. 0. 0. 0. 0. 0. 0. 0. 0. 0. 0. 0. 0. 0. 0. 0. 0. 0. 0. 0. 0. 0. 0. 0.
  0. 0. 0. 0. 0. 0. 0. 0. 0. 0. 0. 0. 0. 0. 0. 0. 0. 0. 0. 0. 0. 0. 0. 0.
  0. 0. 0. 0.]
 [0. 1. 1. 1. 0. 0. 1. 0. 1. 0. 0. 1. 0. 0. 0. 0. 0. 0. 0. 1. 0. 0. 0. 0.
  0. 0. 0. 0. 0. 0. 0. 0. 0. 0. 0. 0. 0. 0. 0. 0. 0. 0. 0. 0. 0. 0. 0. 0.
  0. 0. 0. 0. 0. 0. 0. 0. 0. 0. 0. 0. 0. 0. 0. 0. 0. 0. 0. 0. 0. 0. 0. 0.
  0. 0. 0. 0. 0. 0. 0. 0. 0. 0. 0. 0. 0. 0. 0. 0. 0. 0. 0. 0. 0. 0. 0. 0.
  0. 0. 0. 0.]
 [1. 0. 1. 0. 0. 0. 0. 0. 0. 0. 0. 1. 0. 0. 0. 1. 0. 0. 0. 0. 0. 0. 0. 0.
  0. 0. 0. 0. 0. 0. 0. 0. 0. 0. 0. 0. 0. 0. 0. 0. 0. 0. 0. 0. 0. 0. 0. 0.
  0. 0. 0. 0. 0. 0. 0. 0. 0. 0. 0. 0. 0. 0. 0. 0. 0. 0. 0. 0. 0. 0. 0. 0.
  0. 0. 0. 0. 0. 0. 0. 0. 0. 0. 0. 0. 0. 0. 0. 0. 0. 0. 0. 0. 0. 0. 0. 0.
  0. 0. 0. 0.]
 [0. 0. 1. 1. 0. 1. 0. 0. 0. 0. 0. 0. 0. 0. 0. 0. 0. 0. 0. 0. 0. 0. 0. 0.
  0. 0. 0. 0. 0. 0. 0. 0. 0. 0. 0. 0. 0. 0. 0. 0. 0. 0. 0. 0. 0. 0. 0. 0.
  0. 0. 0. 0. 0. 0. 0. 0. 0. 0. 0. 0. 0. 0. 0. 0. 0. 0. 0. 0. 0. 0. 0. 0.
  0. 0. 0. 0. 0. 0. 0. 0. 0. 0. 0. 0. 0. 0. 0. 0. 0. 0. 0. 0. 0. 0. 0. 0.
  0. 0. 0. 0.]
 [0. 0. 0. 0. 1. 0. 0. 0. 0. 0. 0. 1. 0. 0. 0. 0. 0. 1. 0. 0. 0. 0. 0. 0.
  0. 0. 0. 0. 0. 0. 0. 0. 0. 0. 0. 0. 0. 0. 0. 0. 0. 0. 0. 0. 0. 0. 0. 0.
  0. 0. 0. 0. 0. 0. 0. 0. 0. 0. 0. 0. 0. 0. 0. 0. 0. 0. 0. 0. 0. 0. 0. 0.
  0. 0. 0. 0. 0. 0. 0. 0. 0. 0. 0. 0. 0. 0. 0. 0. 0. 0. 0. 0. 0. 0. 0. 0.
  0. 0. 0. 0.]
 [1. 0. 0. 0. 0. 0. 0. 0. 0. 1. 0. 0. 0. 0. 0. 1. 0. 0. 0. 1. 0. 0. 0. 0.
  0. 0. 0. 0. 0. 0. 0. 0. 0. 0. 0. 0. 0. 0. 0. 0. 0. 0. 0. 0. 0. 0. 0. 0.
  0. 0. 0. 0. 0. 0. 0. 0. 0. 0. 0. 0. 0. 0. 0. 0. 0. 0. 0. 0. 0. 0. 0. 0.
  0. 0. 0. 0. 0. 0. 0. 0. 0. 0. 0. 0. 0. 0. 0. 0. 0. 0. 0. 0. 0. 0. 0. 0.
  0. 0. 0. 0.]
 [0. 1. 1. 0. 0. 0. 0. 0. 0. 0. 0. 0. 0. 0. 0. 0. 0. 0. 0. 0. 0. 0. 0. 0.
  0. 0. 0. 0. 0. 0. 0. 0. 0. 0. 0. 0. 0. 0. 0. 0. 0. 0. 0. 0. 0. 0. 0. 0.
  0. 0. 0. 0. 0. 0. 0. 0. 0. 0. 0. 0. 0. 0. 0. 0. 0. 0. 0. 0. 0. 0. 0. 0.
  0. 0. 0. 0. 0. 0. 0. 0. 0. 0. 0. 0. 0. 0. 0. 0. 0. 0. 0. 0. 0. 0. 0. 0.
  0. 0. 0. 0.]
 [1. 0. 1. 0. 0. 0. 0. 0. 0. 0. 0. 1. 0. 0. 1. 0. 0. 0. 1. 1. 0. 0. 0. 0.
  0. 0. 0. 0. 0. 0. 0. 0. 0. 0. 0. 0. 0. 0. 0. 0. 0. 0. 0. 0. 0. 0. 0. 0.
  0. 0. 0. 0. 0. 0. 0. 0. 0. 0. 0. 0. 0. 0. 0. 0. 0. 0. 0. 0. 0. 0. 0. 0.
  0. 0. 0. 0. 0. 0. 0. 0. 0. 0. 0. 0. 0. 0. 0. 0. 0. 0. 0. 0. 0. 0. 0. 0.
  0. 0. 0. 0.]
 [0. 0. 1. 0. 0. 0. 0. 0. 0. 0. 0. 0. 0. 0. 0. 1. 1. 0. 0. 0. 0. 0. 0. 0.
  0. 0. 0. 0. 0. 0. 0. 0. 0. 0. 0. 0. 0. 0. 0. 0. 0. 0. 0. 0. 0. 0. 0. 0.
  0. 0. 0. 0. 0. 0. 0. 0. 0. 0. 0. 0. 0. 0. 0. 0. 0. 0. 0. 0. 0. 0. 0. 0.
  0. 0. 0. 0. 0. 0. 0. 0. 0. 0. 0. 0. 0. 0. 0. 0. 0. 0. 0. 0. 0. 0. 0. 0.
  0. 0. 0. 0.]
 [0. 0. 0. 1. 1. 0. 1. 0. 0. 0. 1. 0. 1. 0. 0. 1. 0. 0. 1. 0. 0. 0. 0. 0.
  0. 0. 0. 0. 0. 0. 0. 0. 0. 0. 0. 0. 0. 0. 0. 0. 0. 0. 0. 0. 0. 0. 0. 0.
  0. 0. 0. 0. 0. 0. 0. 0. 0. 0. 0. 0. 0. 0. 0. 0. 0. 0. 0. 0. 0. 0. 0. 0.
  0. 0. 0. 0. 0. 0. 0. 0. 0. 0. 0. 0. 0. 0. 0. 0. 0. 0. 0. 0. 0. 0. 0. 0.
  0. 0. 0. 0.]
 [1. 0. 1. 0. 0. 0. 0. 0. 0. 0. 0. 0. 0. 0. 0. 1. 0. 1. 0. 0. 0. 0. 0. 0.
  0. 0. 0. 0. 0. 0. 0. 0. 0. 0. 0. 0. 0. 0. 0. 0. 0. 0. 0. 0. 0. 0. 0. 0.
  0. 0. 0. 0. 0. 0. 0. 0. 0. 0. 0. 0. 0. 0. 0. 0. 0. 0. 0. 0. 0. 0. 0. 0.
  0. 0. 0. 0. 0. 0. 0. 0. 0. 0. 0. 0. 0. 0. 0. 0. 0. 0. 0. 0. 0. 0. 0. 0.
  0. 0. 0. 0.]
 [1. 0. 0. 0. 0. 0. 0. 0. 1. 0. 0. 0. 0. 0. 0. 1. 0. 0. 1. 0. 0. 0. 0. 0.
  0. 0. 0. 0. 0. 0. 0. 0. 0. 0. 0. 0. 0. 0. 0. 0. 0. 0. 0. 0. 0. 0. 0. 0.
  0. 0. 0. 0. 0. 0. 0. 0. 0. 0. 0. 0. 0. 0. 0. 0. 0. 0. 0. 0. 0. 0. 0. 0.
  0. 0. 0. 0. 0. 0. 0. 0. 0. 0. 0. 0. 0. 0. 0. 0. 0. 0. 0. 0. 0. 0. 0. 0.
  0. 0. 0. 0.]
 [0. 1. 1. 0. 0. 1. 0. 0. 0. 1. 0. 1. 0. 1. 0. 1. 0. 1. 0. 0. 0. 0. 0. 0.
  0. 0. 0. 0. 0. 0. 0. 0. 0. 0. 0. 0. 0. 0. 0. 0. 0. 0. 0. 0. 0. 0. 0. 0.
  0. 0. 0. 0. 0. 0. 0. 0. 0. 0. 0. 0. 0. 0. 0. 0. 0. 0. 0. 0. 0. 0. 0. 0.
  0. 0. 0. 0. 0. 0. 0. 0. 0. 0. 0. 0. 0. 0. 0. 0. 0. 0. 0. 0. 0. 0. 0. 0.
  0. 0. 0. 0.]
 [0. 0. 1. 0. 0. 1. 1. 0. 0. 0. 0. 0. 1. 1. 0. 0. 0. 0. 0. 0. 0. 0. 0. 0.
  0. 0. 0. 0. 0. 0. 0. 0. 0. 0. 0. 0. 0. 0. 0. 0. 0. 0. 0. 0. 0. 0. 0. 0.
  0. 0. 0. 0. 0. 0. 0. 0. 0. 0. 0. 0. 0. 0. 0. 0. 0. 0. 0. 0. 0. 0. 0. 0.
  0. 0. 0. 0. 0. 0. 0. 0. 0. 0. 0. 0. 0. 0. 0. 0. 0. 0. 0. 0. 0. 0. 0. 0.
  0. 0. 0. 0.]
 [0. 0. 0. 0. 0. 0. 0. 0. 0. 0. 0. 0. 0. 0. 1. 0. 0. 0. 1. 0. 0. 0. 0. 0.
  0. 0. 0. 0. 0. 0. 0. 0. 0. 0. 0. 0. 0. 0. 0. 0. 0. 0. 0. 0. 0. 0. 0. 0.
  0. 0. 0. 0. 0. 0. 0. 0. 0. 0. 0. 0. 0. 0. 0. 0. 0. 0. 0. 0. 0. 0. 0. 0.
  0. 0. 0. 0. 0. 0. 0. 0. 0. 0. 0. 0. 0. 0. 0. 0. 0. 0. 0. 0. 0. 0. 0. 0.
  0. 0. 0. 0.]
 [0. 0. 0. 0. 0. 0. 0. 0. 0. 1. 1. 0. 1. 0. 0. 1. 1. 0. 0. 0. 0. 0. 0. 0.
  0. 0. 0. 0. 0. 0. 0. 0. 0. 0. 0. 0. 0. 0. 0. 0. 0. 0. 0. 0. 0. 0. 0. 0.
  0. 0. 0. 0. 0. 0. 0. 0. 0. 0. 0. 0. 0. 0. 0. 0. 0. 0. 0. 0. 0. 0. 0. 0.
  0. 0. 0. 0. 0. 0. 0. 0. 0. 0. 0. 0. 0. 0. 0. 0. 0. 0. 0. 0. 0. 0. 0. 0.
  0. 0. 0. 0.]
 [0. 0. 0. 0. 0. 0. 0. 0. 0. 0. 0. 0. 0. 1. 1. 1. 0. 0. 0. 0. 0. 0. 0. 0.
  0. 0. 0. 0. 0. 0. 0. 0. 0. 0. 0. 0. 0. 0. 0. 0. 0. 0. 0. 0. 0. 0. 0. 0.
  0. 0. 0. 0. 0. 0. 0. 0. 0. 0. 0. 0. 0. 0. 0. 0. 0. 0. 0. 0. 0. 0. 0. 0.
  0. 0. 0. 0. 0. 0. 0. 0. 0. 0. 0. 0. 0. 0. 0. 0. 0. 0. 0. 0. 0. 0. 0. 0.
  0. 0. 0. 0.]
 [0. 0. 0. 1. 0. 0. 0. 0. 0. 0. 0. 1. 1. 1. 1. 0. 0. 0. 0. 0. 0. 0. 0. 0.
  0. 0. 0. 0. 0. 0. 0. 0. 0. 0. 0. 0. 0. 0. 0. 0. 0. 0. 0. 0. 0. 0. 0. 0.
  0. 0. 0. 0. 0. 0. 0. 0. 0. 0. 0. 0. 0. 0. 0. 0. 0. 0. 0. 0. 0. 0. 0. 0.
  0. 0. 0. 0. 0. 0. 0. 0. 0. 0. 0. 0. 0. 0. 0. 0. 0. 0. 0. 0. 0. 0. 0. 0.
  0. 0. 0. 0.]
 [0. 0. 0. 1. 0. 0. 1. 0. 0. 0. 1. 0. 0. 0. 1. 0. 0. 0. 0. 0. 0. 0. 0. 0.
  0. 0. 0. 0. 0. 0. 0. 0. 0. 0. 0. 0. 0. 0. 0. 0. 0. 0. 0. 0. 0. 0. 0. 0.
  0. 0. 0. 0. 0. 0. 0. 0. 0. 0. 0. 0. 0. 0. 0. 0. 0. 0. 0. 0. 0. 0. 0. 0.
  0. 0. 0. 0. 0. 0. 0. 0. 0. 0. 0. 0. 0. 0. 0. 0. 0. 0. 0. 0. 0. 0. 0. 0.
  0. 0. 0. 0.]
 [0. 0. 0. 0. 0. 0. 0. 0. 0. 0. 1. 0. 0. 1. 1. 0. 0. 0. 0. 1. 0. 0. 0. 0.
  0. 0. 0. 0. 0. 0. 0. 0. 0. 0. 0. 0. 0. 0. 0. 0. 0. 0. 0. 0. 0. 0. 0. 0.
  0. 0. 0. 0. 0. 0. 0. 0. 0. 0. 0. 0. 0. 0. 0. 0. 0. 0. 0. 0. 0. 0. 0. 0.
  0. 0. 0. 0. 0. 0. 0. 0. 0. 0. 0. 0. 0. 0. 0. 0. 0. 0. 0. 0. 0. 0. 0. 0.
  0. 0. 0. 0.]
 [0. 0. 0. 0. 0. 0. 0. 0. 0. 0. 0. 0. 0. 0. 1. 0. 0. 0. 0. 0. 0. 0. 0. 0.
  0. 0. 0. 0. 0. 0. 0. 0. 0. 0. 0. 0. 0. 0. 0. 0. 0. 0. 0. 0. 0. 0. 0. 0.
  0. 0. 0. 0. 0. 0. 0. 0. 0. 0. 0. 0. 0. 0. 0. 0. 0. 0. 0. 0. 0. 0. 0. 0.
  0. 0. 0. 0. 0. 0. 0. 0. 0. 0. 0. 0. 0. 0. 0. 0. 0. 0. 0. 0. 0. 0. 0. 0.
  0. 0. 0. 0.]
 [0. 0. 0. 1. 0. 0. 1. 1. 0. 0. 0. 0. 0. 0. 1. 0. 0. 0. 0. 1. 0. 0. 0. 0.
  0. 0. 0. 0. 0. 0. 0. 0. 0. 0. 0. 0. 0. 0. 0. 0. 0. 0. 0. 0. 0. 0. 0. 0.
  0. 0. 0. 0. 0. 0. 0. 0. 0. 0. 0. 0. 0. 0. 0. 0. 0. 0. 0. 0. 0. 0. 0. 0.
  0. 0. 0. 0. 0. 0. 0. 0. 0. 0. 0. 0. 0. 0. 0. 0. 0. 0. 0. 0. 0. 0. 0. 0.
  0. 0. 0. 0.]
 [0. 0. 0. 0. 0. 0. 0. 0. 0. 0. 0. 0. 0. 0. 0. 0. 0. 0. 0. 0. 0. 0. 0. 0.
  0. 0. 0. 0. 0. 0. 0. 0. 0. 0. 0. 0. 0. 0. 0. 0. 0. 0. 0. 0. 0. 0. 0. 0.
  0. 0. 0. 0. 0. 0. 0. 0. 0. 0. 0. 0. 0. 0. 0. 0. 0. 0. 0. 0. 0. 0. 0. 0.
  0. 0. 0. 0. 0. 0. 0. 0. 0. 0. 0. 0. 0. 0. 0. 0. 0. 0. 0. 0. 0. 0. 0. 0.
  0. 0. 0. 0.]
 [0. 0. 1. 0. 0. 0. 1. 0. 0. 0. 1. 0. 0. 1. 0. 0. 1. 0. 1. 0. 0. 0. 0. 0.
  0. 0. 0. 0. 0. 0. 0. 0. 0. 0. 0. 0. 0. 0. 0. 0. 0. 0. 0. 0. 0. 0. 0. 0.
  0. 0. 0. 0. 0. 0. 0. 0. 0. 0. 0. 0. 0. 0. 0. 0. 0. 0. 0. 0. 0. 0. 0. 0.
  0. 0. 0. 0. 0. 0. 0. 0. 0. 0. 0. 0. 0. 0. 0. 0. 0. 0. 0. 0. 0. 0. 0. 0.
  0. 0. 0. 0.]
 [0. 0. 1. 0. 0. 0. 1. 1. 0. 0. 1. 0. 1. 0. 0. 0. 0. 0. 0. 0. 0. 0. 0. 0.
  0. 0. 0. 0. 0. 0. 0. 0. 0. 0. 0. 0. 0. 0. 0. 0. 0. 0. 0. 0. 0. 0. 0. 0.
  0. 0. 0. 0. 0. 0. 0. 0. 0. 0. 0. 0. 0. 0. 0. 0. 0. 0. 0. 0. 0. 0. 0. 0.
  0. 0. 0. 0. 0. 0. 0. 0. 0. 0. 0. 0. 0. 0. 0. 0. 0. 0. 0. 0. 0. 0. 0. 0.
  0. 0. 0. 0.]
 [0. 1. 1. 0. 0. 0. 0. 0. 0. 0. 0. 0. 0. 0. 0. 0. 0. 0. 1. 0. 0. 0. 0. 0.
  0. 0. 0. 0. 0. 0. 0. 0. 0. 0. 0. 0. 0. 0. 0. 0. 0. 0. 0. 0. 0. 0. 0. 0.
  0. 0. 0. 0. 0. 0. 0. 0. 0. 0. 0. 0. 0. 0. 0. 0. 0. 0. 0. 0. 0. 0. 0. 0.
  0. 0. 0. 0. 0. 0. 0. 0. 0. 0. 0. 0. 0. 0. 0. 0. 0. 0. 0. 0. 0. 0. 0. 0.
  0. 0. 0. 0.]
 [0. 1. 0. 0. 0. 0. 0. 1. 0. 0. 0. 0. 1. 0. 0. 0. 0. 0. 0. 1. 0. 0. 0. 0.
  0. 0. 0. 0. 0. 0. 0. 0. 0. 0. 0. 0. 0. 0. 0. 0. 0. 0. 0. 0. 0. 0. 0. 0.
  0. 0. 0. 0. 0. 0. 0. 0. 0. 0. 0. 0. 0. 0. 0. 0. 0. 0. 0. 0. 0. 0. 0. 0.
  0. 0. 0. 0. 0. 0. 0. 0. 0. 0. 0. 0. 0. 0. 0. 0. 0. 0. 0. 0. 0. 0. 0. 0.
  0. 0. 0. 0.]
 [0. 0. 0. 0. 0. 0. 0. 0. 0. 0. 0. 0. 1. 1. 0. 0. 1. 0. 0. 0. 0. 0. 0. 0.
  0. 0. 0. 0. 0. 0. 0. 0. 0. 0. 0. 0. 0. 0. 0. 0. 0. 0. 0. 0. 0. 0. 0. 0.
  0. 0. 0. 0. 0. 0. 0. 0. 0. 0. 0. 0. 0. 0. 0. 0. 0. 0. 0. 0. 0. 0. 0. 0.
  0. 0. 0. 0. 0. 0. 0. 0. 0. 0. 0. 0. 0. 0. 0. 0. 0. 0. 0. 0. 0. 0. 0. 0.
  0. 0. 0. 0.]
 [0. 0. 0. 1. 0. 0. 0. 0. 0. 0. 1. 1. 0. 0. 0. 1. 0. 1. 0. 0. 0. 0. 0. 0.
  0. 0. 0. 0. 0. 0. 0. 0. 0. 0. 0. 0. 0. 0. 0. 0. 0. 0. 0. 0. 0. 0. 0. 0.
  0. 0. 0. 0. 0. 0. 0. 0. 0. 0. 0. 0. 0. 0. 0. 0. 0. 0. 0. 0. 0. 0. 0. 0.
  0. 0. 0. 0. 0. 0. 0. 0. 0. 0. 0. 0. 0. 0. 0. 0. 0. 0. 0. 0. 0. 0. 0. 0.
  0. 0. 0. 0.]
 [0. 1. 0. 0. 0. 0. 0. 0. 0. 1. 0. 0. 0. 0. 1. 0. 0. 0. 0. 0. 0. 0. 0. 0.
  0. 0. 0. 0. 0. 0. 0. 0. 0. 0. 0. 0. 0. 0. 0. 0. 0. 0. 0. 0. 0. 0. 0. 0.
  0. 0. 0. 0. 0. 0. 0. 0. 0. 0. 0. 0. 0. 0. 0. 0. 0. 0. 0. 0. 0. 0. 0. 0.
  0. 0. 0. 0. 0. 0. 0. 0. 0. 0. 0. 0. 0. 0. 0. 0. 0. 0. 0. 0. 0. 0. 0. 0.
  0. 0. 0. 0.]
 [0. 0. 1. 0. 0. 0. 0. 0. 1. 0. 0. 0. 0. 0. 0. 0. 0. 0. 0. 0. 0. 0. 0. 0.
  0. 0. 0. 0. 0. 0. 0. 0. 0. 0. 0. 0. 0. 0. 0. 0. 0. 0. 0. 0. 0. 0. 0. 0.
  0. 0. 0. 0. 0. 0. 0. 0. 0. 0. 0. 0. 0. 0. 0. 0. 0. 0. 0. 0. 0. 0. 0. 0.
  0. 0. 0. 0. 0. 0. 0. 0. 0. 0. 0. 0. 0. 0. 0. 0. 0. 0. 0. 0. 0. 0. 0. 0.
  0. 0. 0. 0.]
 [0. 0. 1. 0. 0. 0. 0. 0. 1. 0. 1. 0. 0. 0. 0. 0. 0. 1. 0. 0. 0. 0. 0. 0.
  0. 0. 0. 0. 0. 0. 0. 0. 0. 0. 0. 0. 0. 0. 0. 0. 0. 0. 0. 0. 0. 0. 0. 0.
  0. 0. 0. 0. 0. 0. 0. 0. 0. 0. 0. 0. 0. 0. 0. 0. 0. 0. 0. 0. 0. 0. 0. 0.
  0. 0. 0. 0. 0. 0. 0. 0. 0. 0. 0. 0. 0. 0. 0. 0. 0. 0. 0. 0. 0. 0. 0. 0.
  0. 0. 0. 0.]
 [1. 0. 1. 1. 0. 0. 1. 0. 1. 0. 0. 0. 0. 0. 0. 0. 1. 1. 1. 1. 0. 0. 0. 0.
  0. 0. 0. 0. 0. 0. 0. 0. 0. 0. 0. 0. 0. 0. 0. 0. 0. 0. 0. 0. 0. 0. 0. 0.
  0. 0. 0. 0. 0. 0. 0. 0. 0. 0. 0. 0. 0. 0. 0. 0. 0. 0. 0. 0. 0. 0. 0. 0.
  0. 0. 0. 0. 0. 0. 0. 0. 0. 0. 0. 0. 0. 0. 0. 0. 0. 0. 0. 0. 0. 0. 0. 0.
  0. 0. 0. 0.]
 [0. 0. 0. 0. 0. 0. 0. 0. 0. 0. 0. 0. 0. 1. 0. 0. 1. 0. 1. 0. 0. 0. 0. 0.
  0. 0. 0. 0. 0. 0. 0. 0. 0. 0. 0. 0. 0. 0. 0. 0. 0. 0. 0. 0. 0. 0. 0. 0.
  0. 0. 0. 0. 0. 0. 0. 0. 0. 0. 0. 0. 0. 0. 0. 0. 0. 0. 0. 0. 0. 0. 0. 0.
  0. 0. 0. 0. 0. 0. 0. 0. 0. 0. 0. 0. 0. 0. 0. 0. 0. 0. 0. 0. 0. 0. 0. 0.
  0. 0. 0. 0.]
 [0. 0. 0. 1. 0. 0. 0. 1. 0. 0. 0. 0. 1. 0. 0. 0. 0. 0. 0. 1. 0. 0. 0. 0.
  0. 0. 0. 0. 0. 0. 0. 0. 0. 0. 0. 0. 0. 0. 0. 0. 0. 0. 0. 0. 0. 0. 0. 0.
  0. 0. 0. 0. 0. 0. 0. 0. 0. 0. 0. 0. 0. 0. 0. 0. 0. 0. 0. 0. 0. 0. 0. 0.
  0. 0. 0. 0. 0. 0. 0. 0. 0. 0. 0. 0. 0. 0. 0. 0. 0. 0. 0. 0. 0. 0. 0. 0.
  0. 0. 0. 0.]
 [0. 0. 0. 0. 0. 0. 0. 1. 0. 0. 0. 0. 0. 0. 0. 0. 0. 0. 1. 0. 0. 0. 0. 0.
  0. 0. 0. 0. 0. 0. 0. 0. 0. 0. 0. 0. 0. 0. 0. 0. 0. 0. 0. 0. 0. 0. 0. 0.
  0. 0. 0. 0. 0. 0. 0. 0. 0. 0. 0. 0. 0. 0. 0. 0. 0. 0. 0. 0. 0. 0. 0. 0.
  0. 0. 0. 0. 0. 0. 0. 0. 0. 0. 0. 0. 0. 0. 0. 0. 0. 0. 0. 0. 0. 0. 0. 0.
  0. 0. 0. 0.]
 [0. 0. 0. 1. 0. 0. 0. 0. 1. 0. 0. 0. 1. 0. 1. 0. 0. 0. 0. 1. 0. 0. 0. 0.
  0. 0. 0. 0. 0. 0. 0. 0. 0. 0. 0. 0. 0. 0. 0. 0. 0. 0. 0. 0. 0. 0. 0. 0.
  0. 0. 0. 0. 0. 0. 0. 0. 0. 0. 0. 0. 0. 0. 0. 0. 0. 0. 0. 0. 0. 0. 0. 0.
  0. 0. 0. 0. 0. 0. 0. 0. 0. 0. 0. 0. 0. 0. 0. 0. 0. 0. 0. 0. 0. 0. 0. 0.
  0. 0. 0. 0.]
 [0. 0. 0. 0. 0. 0. 0. 0. 0. 0. 1. 0. 0. 0. 0. 0. 0. 0. 0. 1. 0. 0. 0. 0.
  0. 0. 0. 0. 0. 0. 0. 0. 0. 0. 0. 0. 0. 0. 0. 0. 0. 0. 0. 0. 0. 0. 0. 0.
  0. 0. 0. 0. 0. 0. 0. 0. 0. 0. 0. 0. 0. 0. 0. 0. 0. 0. 0. 0. 0. 0. 0. 0.
  0. 0. 0. 0. 0. 0. 0. 0. 0. 0. 0. 0. 0. 0. 0. 0. 0. 0. 0. 0. 0. 0. 0. 0.
  0. 0. 0. 0.]
 [0. 0. 0. 0. 1. 0. 0. 0. 0. 0. 0. 0. 1. 0. 0. 1. 1. 0. 1. 0. 0. 0. 0. 0.
  0. 0. 0. 0. 0. 0. 0. 0. 0. 0. 0. 0. 0. 0. 0. 0. 0. 0. 0. 0. 0. 0. 0. 0.
  0. 0. 0. 0. 0. 0. 0. 0. 0. 0. 0. 0. 0. 0. 0. 0. 0. 0. 0. 0. 0. 0. 0. 0.
  0. 0. 0. 0. 0. 0. 0. 0. 0. 0. 0. 0. 0. 0. 0. 0. 0. 0. 0. 0. 0. 0. 0. 0.
  0. 0. 0. 0.]
 [0. 0. 0. 1. 1. 0. 0. 0. 1. 0. 0. 1. 1. 0. 0. 0. 0. 0. 0. 0. 0. 0. 0. 0.
  0. 0. 0. 0. 0. 0. 0. 0. 0. 0. 0. 0. 0. 0. 0. 0. 0. 0. 0. 0. 0. 0. 0. 0.
  0. 0. 0. 0. 0. 0. 0. 0. 0. 0. 0. 0. 0. 0. 0. 0. 0. 0. 0. 0. 0. 0. 0. 0.
  0. 0. 0. 0. 0. 0. 0. 0. 0. 0. 0. 0. 0. 0. 0. 0. 0. 0. 0. 0. 0. 0. 0. 0.
  0. 0. 0. 0.]
 [0. 0. 0. 0. 0. 1. 0. 0. 0. 0. 0. 0. 0. 0. 1. 0. 0. 0. 0. 0. 0. 0. 0. 0.
  0. 0. 0. 0. 0. 0. 0. 0. 0. 0. 0. 0. 0. 0. 0. 0. 0. 0. 0. 0. 0. 0. 0. 0.
  0. 0. 0. 0. 0. 0. 0. 0. 0. 0. 0. 0. 0. 0. 0. 0. 0. 0. 0. 0. 0. 0. 0. 0.
  0. 0. 0. 0. 0. 0. 0. 0. 0. 0. 0. 0. 0. 0. 0. 0. 0. 0. 0. 0. 0. 0. 0. 0.
  0. 0. 0. 0.]
 [0. 0. 0. 1. 0. 1. 0. 1. 0. 0. 0. 1. 0. 0. 0. 0. 1. 0. 0. 0. 0. 0. 0. 0.
  0. 0. 0. 0. 0. 0. 0. 0. 0. 0. 0. 0. 0. 0. 0. 0. 0. 0. 0. 0. 0. 0. 0. 0.
  0. 0. 0. 0. 0. 0. 0. 0. 0. 0. 0. 0. 0. 0. 0. 0. 0. 0. 0. 0. 0. 0. 0. 0.
  0. 0. 0. 0. 0. 0. 0. 0. 0. 0. 0. 0. 0. 0. 0. 0. 0. 0. 0. 0. 0. 0. 0. 0.
  0. 0. 0. 0.]]
start_times_array: [[2.80500000e+04 2.81030000e+04 2.81430000e+04 2.82250000e+04
  2.91050000e+04 2.92600000e+04 2.93460000e+04 3.84950000e+04
  5.41540000e+04 5.47680000e+04 5.47750000e+04 5.50950000e+04
  5.53430000e+04 5.54040000e+04 5.54580000e+04 5.56810000e+04
  5.57730000e+04 5.58590000e+04 5.58640000e+04 5.73150000e+04]
 [5.59950000e+04 5.63040000e+04 5.63540000e+04 5.63930000e+04
  5.64740000e+04 5.65250000e+04 5.66170000e+04 5.66820000e+04
  5.67020000e+04 5.67770000e+04 5.68370000e+04 5.69320000e+04
  5.69600000e+04 5.69740000e+04 5.70020000e+04 5.70560000e+04
  5.71110000e+04 5.72020000e+04 5.72050000e+04 5.72330000e+04]
 [5.53390000e+04 5.53910000e+04 5.54580000e+04 5.55220000e+04
  5.56050000e+04 5.56420000e+04 5.56630000e+04 5.56730000e+04
  5.57350000e+04 5.58960000e+04 5.59820000e+04 5.60530000e+04
  5.60960000e+04 5.61200000e+04 5.61250000e+04 5.62030000e+04
  5.62130000e+04 5.62530000e+04 5.63040000e+04 5.68760000e+04]
 [5.33070000e+04 5.42250000e+04 5.43110000e+04 5.50390000e+04
  5.51190000e+04 5.52730000e+04 5.52900000e+04 5.53390000e+04
  5.56210000e+04 5.56470000e+04 5.56810000e+04 5.56830000e+04
  5.57000000e+04 5.57470000e+04 5.58150000e+04 5.58360000e+04
  5.58440000e+04 5.58520000e+04 5.59030000e+04 5.59240000e+04]
 [5.35670000e+04 5.40390000e+04 5.45060000e+04 5.45860000e+04
  5.46740000e+04 5.46900000e+04 5.47480000e+04 5.47680000e+04
  5.48290000e+04 5.48710000e+04 5.49600000e+04 5.50390000e+04
  5.51260000e+04 5.51990000e+04 5.52730000e+04 5.52900000e+04
  5.53430000e+04 5.54240000e+04 5.55090000e+04 5.55640000e+04]
 [1.38700000e+03 1.46000000e+03 5.37330000e+04 5.37590000e+04
  5.38160000e+04 5.38610000e+04 5.39010000e+04 5.39470000e+04
  5.39620000e+04 5.41140000e+04 5.44370000e+04 5.44570000e+04
  5.45260000e+04 5.45420000e+04 5.45710000e+04 5.46190000e+04
  5.46570000e+04 5.46630000e+04 5.46810000e+04 5.47430000e+04]
 [5.31330000e+04 5.33870000e+04 5.34760000e+04 5.35670000e+04
  5.36630000e+04 5.37290000e+04 5.37780000e+04 5.38660000e+04
  5.39280000e+04 5.40140000e+04 5.40940000e+04 5.41070000e+04
  5.41650000e+04 5.42460000e+04 5.43160000e+04 5.43640000e+04
  5.44250000e+04 5.44370000e+04 5.45060000e+04 5.49920000e+04]
 [5.20390000e+04 5.21170000e+04 5.24570000e+04 5.24830000e+04
  5.25430000e+04 5.25810000e+04 5.26470000e+04 5.27230000e+04
  5.28080000e+04 5.28470000e+04 5.29430000e+04 5.29620000e+04
  5.30370000e+04 5.30420000e+04 5.31330000e+04 5.31470000e+04
  5.31930000e+04 5.32200000e+04 5.32890000e+04 5.33840000e+04]
 [5.18330000e+04 5.18340000e+04 5.19330000e+04 5.21050000e+04
  5.21220000e+04 5.21730000e+04 5.22360000e+04 5.23180000e+04
  5.23970000e+04 5.24570000e+04 5.25180000e+04 5.26100000e+04
  5.26680000e+04 5.26810000e+04 5.26830000e+04 5.26860000e+04
  5.27600000e+04 5.38270000e+04 5.38610000e+04 5.41530000e+04]
 [5.08730000e+04 5.09570000e+04 5.10340000e+04 5.10460000e+04
  5.10820000e+04 5.11460000e+04 5.11810000e+04 5.12470000e+04
  5.13330000e+04 5.14310000e+04 5.14850000e+04 5.14960000e+04
  5.15370000e+04 5.15520000e+04 5.16390000e+04 5.17150000e+04
  5.17480000e+04 5.20300000e+04 5.20420000e+04 5.20430000e+04]
 [4.98310000e+04 5.00420000e+04 5.00590000e+04 5.00800000e+04
  5.01730000e+04 5.02120000e+04 5.02600000e+04 5.03060000e+04
  5.03660000e+04 5.03750000e+04 5.04360000e+04 5.04790000e+04
  5.05260000e+04 5.05730000e+04 5.06650000e+04 5.06670000e+04
  5.07440000e+04 5.08020000e+04 5.08910000e+04 5.09070000e+04]
 [2.69300000e+03 4.90640000e+04 4.91990000e+04 4.92310000e+04
  4.93270000e+04 4.93850000e+04 4.94090000e+04 4.94650000e+04
  4.95280000e+04 4.96020000e+04 4.96030000e+04 4.96450000e+04
  4.97290000e+04 4.97850000e+04 4.98290000e+04 4.98870000e+04
  4.98880000e+04 4.98930000e+04 4.99460000e+04 4.99900000e+04]
 [4.79880000e+04 4.80910000e+04 4.81070000e+04 4.81440000e+04
  4.82040000e+04 4.82580000e+04 4.82900000e+04 4.83590000e+04
  4.83840000e+04 4.84320000e+04 4.85040000e+04 4.85810000e+04
  4.86100000e+04 4.86740000e+04 4.86840000e+04 4.87370000e+04
  4.88270000e+04 4.88980000e+04 4.89820000e+04 4.91060000e+04]
 [4.54070000e+04 4.63530000e+04 4.70150000e+04 4.71140000e+04
  4.71630000e+04 4.72420000e+04 4.72490000e+04 4.72810000e+04
  4.73700000e+04 4.73820000e+04 4.74040000e+04 4.74580000e+04
  4.75460000e+04 4.76150000e+04 4.76800000e+04 4.77750000e+04
  4.78590000e+04 4.78910000e+04 4.79550000e+04 4.80360000e+04]
 [4.63270000e+04 4.64240000e+04 4.64730000e+04 4.64840000e+04
  4.65630000e+04 4.66490000e+04 4.67160000e+04 4.67670000e+04
  4.68470000e+04 4.68760000e+04 4.69510000e+04 4.70150000e+04
  4.70740000e+04 4.71930000e+04 4.73300000e+04 4.74220000e+04
  4.74250000e+04 4.75190000e+04 4.76490000e+04 4.88150000e+04]
 [4.54070000e+04 4.54820000e+04 4.55020000e+04 4.55890000e+04
  4.56560000e+04 4.57260000e+04 4.57490000e+04 4.58420000e+04
  4.58730000e+04 4.59450000e+04 4.59610000e+04 4.59970000e+04
  4.60020000e+04 4.60610000e+04 4.61360000e+04 4.62210000e+04
  4.62450000e+04 4.62740000e+04 4.62790000e+04 4.63260000e+04]
 [4.44710000e+04 4.44950000e+04 4.45080000e+04 4.45350000e+04
  4.45560000e+04 4.45850000e+04 4.46040000e+04 4.46950000e+04
  4.47320000e+04 4.48250000e+04 4.49010000e+04 4.49760000e+04
  4.49910000e+04 4.50610000e+04 4.51310000e+04 4.52220000e+04
  4.52790000e+04 4.52970000e+04 4.53050000e+04 4.53340000e+04]
 [4.32200000e+04 4.34310000e+04 4.34460000e+04 4.35220000e+04
  4.35230000e+04 4.36160000e+04 4.37030000e+04 4.37630000e+04
  4.38300000e+04 4.38570000e+04 4.39480000e+04 4.39930000e+04
  4.40210000e+04 4.40280000e+04 4.40960000e+04 4.41930000e+04
  4.41990000e+04 4.42490000e+04 4.43200000e+04 4.43720000e+04]
 [2.54500000e+03 2.78400000e+03 4.14940000e+04 4.25080000e+04
  4.25960000e+04 4.26120000e+04 4.26150000e+04 4.26640000e+04
  4.27260000e+04 4.28220000e+04 4.28480000e+04 4.28910000e+04
  4.29220000e+04 4.29970000e+04 4.30320000e+04 4.31040000e+04
  4.31410000e+04 4.32360000e+04 4.33300000e+04 4.34240000e+04]
 [1.25550000e+04 4.20660000e+04 4.20870000e+04 4.21790000e+04
  4.22390000e+04 4.22810000e+04 4.22900000e+04 4.23830000e+04
  4.24510000e+04 4.24790000e+04 4.25080000e+04 4.25530000e+04
  4.26470000e+04 4.27440000e+04 4.29310000e+04 4.29360000e+04
  4.30020000e+04 4.30870000e+04 4.31260000e+04 4.40770000e+04]
 [1.46200000e+03 2.04700000e+03 2.08000000e+03 2.10100000e+03
  2.16400000e+03 2.22000000e+03 2.31000000e+03 5.02600000e+03
  5.03800000e+03 4.18180000e+04 4.18690000e+04 4.19680000e+04
  4.20660000e+04 4.21340000e+04 4.21420000e+04 4.22030000e+04
  4.22860000e+04 4.23440000e+04 4.23520000e+04 4.23940000e+04]
 [3.03500000e+03 3.97600000e+03 4.09420000e+04 4.09800000e+04
  4.10200000e+04 4.10770000e+04 4.11390000e+04 4.11890000e+04
  4.12100000e+04 4.12980000e+04 4.13570000e+04 4.14390000e+04
  4.15350000e+04 4.16040000e+04 4.16150000e+04 4.16640000e+04
  4.16650000e+04 4.17210000e+04 4.19430000e+04 4.19640000e+04]
 [4.01730000e+04 4.02260000e+04 4.06420000e+04 4.07900000e+04
  4.08760000e+04 4.09420000e+04 4.10270000e+04 4.10290000e+04
  4.12480000e+04 4.12710000e+04 4.12990000e+04 4.13150000e+04
  4.13500000e+04 4.14050000e+04 4.14400000e+04 4.14910000e+04
  4.15100000e+04 4.15350000e+04 4.15890000e+04 4.15950000e+04]
 [3.92640000e+04 4.03740000e+04 4.04370000e+04 4.04400000e+04
  4.05070000e+04 4.05890000e+04 4.06190000e+04 4.07180000e+04
  4.07750000e+04 4.08450000e+04 4.09120000e+04 4.09940000e+04
  4.10310000e+04 4.10470000e+04 4.10940000e+04 4.11840000e+04
  4.12550000e+04 4.13290000e+04 4.14040000e+04 4.15350000e+04]
 [1.74790000e+04 4.01330000e+04 4.02070000e+04 4.02080000e+04
  4.02510000e+04 4.02930000e+04 4.03280000e+04 4.04340000e+04
  4.05260000e+04 4.06190000e+04 4.06670000e+04 4.06890000e+04
  4.07650000e+04 4.07900000e+04 4.08320000e+04 4.08970000e+04
  4.09000000e+04 4.10940000e+04 4.11890000e+04 4.12480000e+04]
 [1.55000000e+02 8.99000000e+02 3.95170000e+04 3.96240000e+04
  3.97170000e+04 3.97250000e+04 3.97320000e+04 3.98110000e+04
  3.98680000e+04 3.99630000e+04 4.00310000e+04 4.00980000e+04
  4.01130000e+04 4.01710000e+04 4.01730000e+04 4.02070000e+04
  4.03020000e+04 4.03740000e+04 4.04700000e+04 4.05000000e+04]
 [2.19899999e+03 3.91650000e+04 3.91870000e+04 3.92680000e+04
  3.93310000e+04 3.94260000e+04 3.94280000e+04 3.94500000e+04
  3.95310000e+04 3.95330000e+04 3.96240000e+04 3.96310000e+04
  3.96670000e+04 3.96940000e+04 3.97810000e+04 3.98350000e+04
  3.98590000e+04 3.98630000e+04 3.99570000e+04 3.99640000e+04]
 [3.57000000e+02 1.24690000e+04 3.81280000e+04 3.82500000e+04
  3.83410000e+04 3.83710000e+04 3.83890000e+04 3.84260000e+04
  3.84610000e+04 3.84650000e+04 3.86020000e+04 3.86680000e+04
  3.87250000e+04 3.87760000e+04 3.88170000e+04 3.89070000e+04
  3.89310000e+04 3.89590000e+04 3.90530000e+04 3.91330000e+04]
 [0.00000000e+00 3.75030000e+04 3.75430000e+04 3.76460000e+04
  3.77940000e+04 3.78350000e+04 3.80420000e+04 3.81280000e+04
  3.81350000e+04 3.81950000e+04 3.82360000e+04 3.82470000e+04
  3.82830000e+04 3.83030000e+04 3.83260000e+04 3.84070000e+04
  3.84340000e+04 3.84870000e+04 3.84950000e+04 3.85910000e+04]
 [2.63000000e+02 4.00000000e+02 8.64000000e+02 9.01000000e+02
  9.71000000e+02 3.78230000e+04 3.78660000e+04 3.79020000e+04
  3.79830000e+04 3.80380000e+04 3.80420000e+04 3.81020000e+04
  3.81220000e+04 3.81530000e+04 3.82190000e+04 3.82280000e+04
  3.82500000e+04 3.82560000e+04 3.83400000e+04 3.95020000e+04]
 [7.69800000e+03 3.63500000e+04 3.63620000e+04 3.70720000e+04
  3.73790000e+04 3.74310000e+04 3.74940000e+04 3.75030000e+04
  3.75090000e+04 3.75270000e+04 3.76240000e+04 3.77060000e+04
  3.77180000e+04 3.77800000e+04 3.78230000e+04 3.79110000e+04
  3.79150000e+04 3.79230000e+04 3.80120000e+04 3.80610000e+04]
 [6.65000000e+02 7.34000000e+02 3.46900000e+04 3.69100000e+04
  3.70610000e+04 3.71320000e+04 3.72140000e+04 3.72670000e+04
  3.73580000e+04 3.73970000e+04 3.74490000e+04 3.74940000e+04
  3.75520000e+04 3.75530000e+04 3.75720000e+04 3.75790000e+04
  3.77470000e+04 3.78300000e+04 3.79230000e+04 3.80700000e+04]
 [3.61150000e+04 3.64910000e+04 3.65690000e+04 3.66240000e+04
  3.66860000e+04 3.66870000e+04 3.67200000e+04 3.67460000e+04
  3.67660000e+04 3.67870000e+04 3.68860000e+04 3.68940000e+04
  3.69850000e+04 3.70610000e+04 3.71130000e+04 3.71460000e+04
  3.71610000e+04 3.72330000e+04 3.72670000e+04 3.73010000e+04]
 [3.49890000e+04 3.51280000e+04 3.51480000e+04 3.52020000e+04
  3.58010000e+04 3.59010000e+04 3.59290000e+04 3.59880000e+04
  3.60510000e+04 3.61460000e+04 3.61780000e+04 3.62010000e+04
  3.62290000e+04 3.62760000e+04 3.63210000e+04 3.63490000e+04
  3.63950000e+04 3.64200000e+04 3.64730000e+04 3.67760000e+04]
 [4.44100000e+03 3.46340000e+04 3.46470000e+04 3.49920000e+04
  3.50000000e+04 3.50980000e+04 3.51730000e+04 3.52440000e+04
  3.53040000e+04 3.53240000e+04 3.53390000e+04 3.53500000e+04
  3.54150000e+04 3.54710000e+04 3.55600000e+04 3.56080000e+04
  3.56910000e+04 3.57670000e+04 3.58490000e+04 3.59010000e+04]
 [3.22080000e+04 3.41300000e+04 3.41500000e+04 3.44510000e+04
  3.44610000e+04 3.44840000e+04 3.45630000e+04 3.46340000e+04
  3.46460000e+04 3.46890000e+04 3.47040000e+04 3.47660000e+04
  3.47850000e+04 3.47890000e+04 3.48350000e+04 3.49050000e+04
  3.51180000e+04 3.51630000e+04 3.51870000e+04 3.52170000e+04]
 [3.26800000e+04 3.38660000e+04 3.39240000e+04 3.39290000e+04
  3.39580000e+04 3.39780000e+04 3.40560000e+04 3.40990000e+04
  3.41330000e+04 3.41860000e+04 3.42580000e+04 3.42700000e+04
  3.42960000e+04 3.43080000e+04 3.43480000e+04 3.44220000e+04
  3.44510000e+04 3.44940000e+04 3.46730000e+04 3.46850000e+04]
 [2.09100000e+03 2.15300000e+03 3.28220000e+04 3.29820000e+04
  3.30020000e+04 3.35940000e+04 3.36380000e+04 3.37320000e+04
  3.37380000e+04 3.38210000e+04 3.39060000e+04 3.39200000e+04
  3.39910000e+04 3.39960000e+04 3.40030000e+04 3.40560000e+04
  3.40990000e+04 3.41010000e+04 3.41120000e+04 3.41860000e+04]
 [3.15250000e+04 3.26410000e+04 3.28100000e+04 3.28970000e+04
  3.29310000e+04 3.29410000e+04 3.31810000e+04 3.32100000e+04
  3.32510000e+04 3.32810000e+04 3.33390000e+04 3.33730000e+04
  3.34560000e+04 3.34710000e+04 3.35010000e+04 3.35290000e+04
  3.35530000e+04 3.35930000e+04 3.36030000e+04 3.37810000e+04]
 [3.14280000e+04 3.18380000e+04 3.23980000e+04 3.24830000e+04
  3.27470000e+04 3.27530000e+04 3.27690000e+04 3.27740000e+04
  3.27980000e+04 3.28100000e+04 3.28430000e+04 3.28730000e+04
  3.29070000e+04 3.29410000e+04 3.29580000e+04 3.31430000e+04
  3.31810000e+04 3.32300000e+04 3.33080000e+04 3.33790000e+04]
 [3.05950000e+04 3.21680000e+04 3.22080000e+04 3.22360000e+04
  3.23200000e+04 3.23980000e+04 3.24910000e+04 3.25300000e+04
  3.25440000e+04 3.26010000e+04 3.26530000e+04 3.27470000e+04
  3.27570000e+04 3.27920000e+04 3.28890000e+04 3.29820000e+04
  3.30690000e+04 3.31160000e+04 3.31430000e+04 3.33550000e+04]
 [6.60000000e+02 2.77170000e+04 3.03090000e+04 3.03720000e+04
  3.13280000e+04 3.13540000e+04 3.14300000e+04 3.14830000e+04
  3.15250000e+04 3.15330000e+04 3.15400000e+04 3.16170000e+04
  3.17540000e+04 3.17970000e+04 3.18490000e+04 3.18810000e+04
  3.19040000e+04 3.19360000e+04 3.19860000e+04 3.20850000e+04]
 [2.90420000e+04 2.95640000e+04 3.10840000e+04 3.11670000e+04
  3.12000000e+04 3.12900000e+04 3.13140000e+04 3.13350000e+04
  3.14300000e+04 3.14410000e+04 3.14970000e+04 3.15180000e+04
  3.15550000e+04 3.16270000e+04 3.16320000e+04 3.17260000e+04
  3.17540000e+04 3.17800000e+04 3.18470000e+04 3.18990000e+04]
 [1.57700000e+03 2.82900000e+03 2.85920000e+04 2.86540000e+04
  2.98190000e+04 3.03240000e+04 3.03420000e+04 3.04080000e+04
  3.04930000e+04 3.08920000e+04 3.09970000e+04 3.10840000e+04
  3.11250000e+04 3.12030000e+04 3.12730000e+04 3.12750000e+04
  3.12900000e+04 3.13030000e+04 3.13280000e+04 3.13720000e+04]
 [8.69000000e+02 9.22000000e+02 4.15999999e+03 3.00490000e+04
  3.01260000e+04 3.01470000e+04 3.01930000e+04 3.02230000e+04
  3.03120000e+04 3.03680000e+04 3.04390000e+04 3.04620000e+04
  3.04930000e+04 3.05190000e+04 3.05950000e+04 3.06650000e+04
  3.07580000e+04 3.08440000e+04 3.09180000e+04 3.09970000e+04]
 [2.75640000e+04 2.93960000e+04 2.94680000e+04 2.95640000e+04
  2.96160000e+04 2.96200000e+04 2.96370000e+04 2.96620000e+04
  2.97540000e+04 2.98210000e+04 2.98980000e+04 2.99600000e+04
  2.99710000e+04 2.99740000e+04 3.00490000e+04 3.00700000e+04
  3.01490000e+04 3.02390000e+04 3.03090000e+04 3.04870000e+04]
 [9.84000000e+02 1.21800000e+03 1.46000000e+03 2.88440000e+04
  2.89620000e+04 2.89960000e+04 2.90420000e+04 2.90490000e+04
  2.90710000e+04 2.91070000e+04 2.91430000e+04 2.91540000e+04
  2.92490000e+04 2.92600000e+04 2.93290000e+04 2.93370000e+04
  2.93930000e+04 2.94260000e+04 2.94950000e+04 2.95820000e+04]
 [2.82000000e+02 3.13000000e+02 4.90000000e+02 5.17000000e+02
  5.32000000e+02 5.83000000e+02 6.59000000e+02 8.17000000e+02
  1.05500000e+03 2.18800000e+03 2.78370000e+04 2.79530000e+04
  2.85930000e+04 2.87310000e+04 2.87400000e+04 2.88200000e+04
  2.88870000e+04 2.89620000e+04 2.91710000e+04 2.92750000e+04]
 [2.77330000e+04 2.78170000e+04 2.79110000e+04 2.79720000e+04
  2.80620000e+04 2.80710000e+04 2.81430000e+04 2.82090000e+04
  2.82140000e+04 2.82900000e+04 2.83310000e+04 2.84180000e+04
  2.84980000e+04 2.85480000e+04 2.85930000e+04 2.86880000e+04
  2.87000000e+04 2.87320000e+04 2.87840000e+04 2.88120000e+04]
 [2.84000000e+03 2.66840000e+04 2.67770000e+04 2.71210000e+04
  2.71730000e+04 2.72150000e+04 2.72620000e+04 2.73390000e+04
  2.74320000e+04 2.74590000e+04 2.75210000e+04 2.75450000e+04
  2.75820000e+04 2.75860000e+04 2.76610000e+04 2.77170000e+04
  2.77330000e+04 2.78090000e+04 2.78730000e+04 2.80390000e+04]
 [4.05500000e+03 2.56450000e+04 2.58630000e+04 2.67750000e+04
  2.68220000e+04 2.68620000e+04 2.69070000e+04 2.69550000e+04
  2.69820000e+04 2.70450000e+04 2.70740000e+04 2.71100000e+04
  2.71350000e+04 2.72090000e+04 2.72280000e+04 2.72480000e+04
  2.73260000e+04 2.73770000e+04 2.74090000e+04 2.74780000e+04]
 [1.32400000e+03 1.39500000e+03 1.40200000e+03 1.65900000e+03
  1.71200000e+03 2.60890000e+04 2.61280000e+04 2.62140000e+04
  2.63910000e+04 2.64830000e+04 2.64880000e+04 2.65970000e+04
  2.66600000e+04 2.67020000e+04 2.67770000e+04 2.68230000e+04
  2.68260000e+04 2.69240000e+04 2.70450000e+04 2.70510000e+04]
 [5.40000000e+01 6.27000000e+02 7.16000000e+02 7.53000000e+02
  2.47850000e+04 2.52500000e+04 2.54510000e+04 2.60140000e+04
  2.60890000e+04 2.61460000e+04 2.62250000e+04 2.63160000e+04
  2.63930000e+04 2.64100000e+04 2.64960000e+04 2.65540000e+04
  2.65970000e+04 2.66120000e+04 2.67020000e+04 2.67300000e+04]
 [2.50480000e+04 2.50510000e+04 2.50820000e+04 2.51530000e+04
  2.52040000e+04 2.52100000e+04 2.52470000e+04 2.52510000e+04
  2.53580000e+04 2.54560000e+04 2.55530000e+04 2.56110000e+04
  2.56300000e+04 2.57140000e+04 2.57170000e+04 2.58130000e+04
  2.58630000e+04 2.58840000e+04 2.59700000e+04 2.60140000e+04]
 [5.88000000e+02 9.13000000e+02 1.15600000e+03 1.18800000e+03
  1.67300000e+03 2.49070000e+04 2.49760000e+04 2.50220000e+04
  2.50230000e+04 2.51160000e+04 2.51970000e+04 2.52150000e+04
  2.52790000e+04 2.53190000e+04 2.54670000e+04 2.55530000e+04
  2.56450000e+04 2.57140000e+04 2.57830000e+04 2.58000000e+04]
 [2.41630000e+04 2.42610000e+04 2.43410000e+04 2.43490000e+04
  2.44470000e+04 2.45030000e+04 2.45500000e+04 2.45760000e+04
  2.46060000e+04 2.46550000e+04 2.47100000e+04 2.47850000e+04
  2.48510000e+04 2.48950000e+04 2.49070000e+04 2.49670000e+04
  2.50480000e+04 2.51300000e+04 2.51680000e+04 2.51970000e+04]
 [5.72000000e+02 7.52000000e+02 1.04600000e+03 1.07800000e+03
  1.19800000e+03 1.69500000e+03 2.40270000e+04 2.41280000e+04
  2.41630000e+04 2.42040000e+04 2.42440000e+04 2.43090000e+04
  2.44720000e+04 2.44880000e+04 2.45080000e+04 2.45940000e+04
  2.46790000e+04 2.47280000e+04 2.48140000e+04 2.48850000e+04]
 [1.80400000e+03 2.01400000e+04 2.07520000e+04 2.09380000e+04
  2.30590000e+04 2.30790000e+04 2.31440000e+04 2.31940000e+04
  2.33340000e+04 2.34300000e+04 2.34920000e+04 2.35390000e+04
  2.36280000e+04 2.36670000e+04 2.37350000e+04 2.37630000e+04
  2.38330000e+04 2.38620000e+04 2.39550000e+04 2.40490000e+04]
 [3.82100000e+03 2.27610000e+04 2.28340000e+04 2.28540000e+04
  2.28800000e+04 2.28910000e+04 2.29370000e+04 2.29720000e+04
  2.30590000e+04 2.31430000e+04 2.32380000e+04 2.33220000e+04
  2.34190000e+04 2.34690000e+04 2.34790000e+04 2.35780000e+04
  2.36750000e+04 2.37610000e+04 2.38440000e+04 2.38710000e+04]
 [7.81300000e+03 2.08210000e+04 2.14420000e+04 2.18960000e+04
  2.19760000e+04 2.20540000e+04 2.20640000e+04 2.21170000e+04
  2.21270000e+04 2.22260000e+04 2.23110000e+04 2.23910000e+04
  2.23980000e+04 2.24220000e+04 2.24880000e+04 2.25800000e+04
  2.26540000e+04 2.27520000e+04 2.27610000e+04 2.27910000e+04]
 [4.14200000e+03 1.92490000e+04 1.93370000e+04 1.94150000e+04
  2.07780000e+04 2.08700000e+04 2.09080000e+04 2.14990000e+04
  2.15630000e+04 2.16340000e+04 2.16930000e+04 2.17040000e+04
  2.17360000e+04 2.18070000e+04 2.18690000e+04 2.18960000e+04
  2.19160000e+04 2.19700000e+04 2.20130000e+04 2.26810000e+04]
 [5.91400000e+03 2.06390000e+04 2.06860000e+04 2.07460000e+04
  2.08210000e+04 2.08340000e+04 2.08560000e+04 2.08720000e+04
  2.09320000e+04 2.10190000e+04 2.10990000e+04 2.11320000e+04
  2.11460000e+04 2.12050000e+04 2.13040000e+04 2.14010000e+04
  2.14560000e+04 2.14590000e+04 2.14990000e+04 2.19550000e+04]
 [5.84500000e+03 6.96700000e+03 1.88090000e+04 1.88720000e+04
  1.99610000e+04 2.00530000e+04 2.01400000e+04 2.01890000e+04
  2.02140000e+04 2.02480000e+04 2.02900000e+04 2.03560000e+04
  2.03960000e+04 2.05670000e+04 2.07030000e+04 2.07350000e+04
  2.07810000e+04 2.08290000e+04 2.08490000e+04 2.14110000e+04]
 [8.36600000e+03 1.88370000e+04 1.88590000e+04 1.98310000e+04
  1.98500000e+04 1.98850000e+04 1.99130000e+04 1.99320000e+04
  1.99610000e+04 2.00410000e+04 2.01000000e+04 2.01860000e+04
  2.02810000e+04 2.03170000e+04 2.03960000e+04 2.04780000e+04
  2.05670000e+04 2.06390000e+04 2.06660000e+04 2.10730000e+04]
 [3.24000000e+02 4.00000000e+02 4.31000000e+02 5.24000000e+02
  1.80830000e+04 1.90110000e+04 1.92180000e+04 1.93020000e+04
  1.93430000e+04 1.93490000e+04 1.93850000e+04 1.93970000e+04
  1.94150000e+04 1.94830000e+04 1.95790000e+04 1.96690000e+04
  1.97030000e+04 1.97700000e+04 1.99810000e+04 2.00540000e+04]
 [1.85610000e+04 1.86020000e+04 1.86300000e+04 1.86690000e+04
  1.87030000e+04 1.87390000e+04 1.87520000e+04 1.88470000e+04
  1.88620000e+04 1.88720000e+04 1.89020000e+04 1.89360000e+04
  1.90280000e+04 1.90420000e+04 1.90570000e+04 1.90670000e+04
  1.91650000e+04 1.92400000e+04 1.93020000e+04 1.93140000e+04]
 [1.65250000e+04 1.73120000e+04 1.80800000e+04 1.81730000e+04
  1.82710000e+04 1.83040000e+04 1.83850000e+04 1.84250000e+04
  1.84650000e+04 1.86260000e+04 1.86780000e+04 1.87290000e+04
  1.88280000e+04 1.88620000e+04 1.89080000e+04 1.89380000e+04
  1.90990000e+04 1.91650000e+04 1.93800000e+04 1.94510000e+04]
 [1.71000000e+04 1.71830000e+04 1.75110000e+04 1.77770000e+04
  1.77990000e+04 1.78720000e+04 1.79480000e+04 1.80070000e+04
  1.80810000e+04 1.81040000e+04 1.81940000e+04 1.82470000e+04
  1.82580000e+04 1.83010000e+04 1.83890000e+04 1.84650000e+04
  1.85300000e+04 1.85740000e+04 1.88910000e+04 1.89910000e+04]
 [1.68680000e+04 1.69460000e+04 1.70590000e+04 1.71000000e+04
  1.71540000e+04 1.72220000e+04 1.72820000e+04 1.73760000e+04
  1.73790000e+04 1.74170000e+04 1.74390000e+04 1.74740000e+04
  1.75110000e+04 1.75870000e+04 1.76180000e+04 1.76420000e+04
  1.76880000e+04 1.77080000e+04 1.77770000e+04 1.78910000e+04]
 [1.64490000e+04 1.65290000e+04 1.65410000e+04 1.65870000e+04
  1.65920000e+04 1.66120000e+04 1.66540000e+04 1.67200000e+04
  1.67520000e+04 1.67950000e+04 1.68530000e+04 1.69160000e+04
  1.70050000e+04 1.70590000e+04 1.71380000e+04 1.71660000e+04
  1.72610000e+04 1.73510000e+04 1.73790000e+04 1.74450000e+04]
 [1.57030000e+04 1.57660000e+04 1.58220000e+04 1.58650000e+04
  1.59020000e+04 1.59120000e+04 1.60490000e+04 1.60510000e+04
  1.60750000e+04 1.60810000e+04 1.61420000e+04 1.61560000e+04
  1.62480000e+04 1.62750000e+04 1.63570000e+04 1.64200000e+04
  1.64220000e+04 1.64490000e+04 1.64740000e+04 1.72660000e+04]
 [1.40890000e+04 1.42060000e+04 1.44200000e+04 1.53060000e+04
  1.53380000e+04 1.54070000e+04 1.55150000e+04 1.56610000e+04
  1.57030000e+04 1.57340000e+04 1.57690000e+04 1.57930000e+04
  1.58650000e+04 1.58770000e+04 1.59120000e+04 1.59760000e+04
  1.63290000e+04 1.63340000e+04 1.63460000e+04 1.71190000e+04]
 [1.48460000e+04 1.48990000e+04 1.49660000e+04 1.50570000e+04
  1.51200000e+04 1.52170000e+04 1.53000000e+04 1.53510000e+04
  1.54060000e+04 1.54200000e+04 1.54980000e+04 1.55150000e+04
  1.55890000e+04 1.55980000e+04 1.56610000e+04 1.56830000e+04
  1.57540000e+04 1.57950000e+04 1.58760000e+04 1.59300000e+04]
 [1.26550000e+04 1.39180000e+04 1.42360000e+04 1.42560000e+04
  1.42860000e+04 1.44580000e+04 1.45440000e+04 1.45530000e+04
  1.46180000e+04 1.46690000e+04 1.46990000e+04 1.47140000e+04
  1.47550000e+04 1.49220000e+04 1.50990000e+04 1.51170000e+04
  1.51380000e+04 1.52270000e+04 1.52290000e+04 1.53060000e+04]
 [1.36200000e+04 1.37110000e+04 1.37440000e+04 1.38280000e+04
  1.39070000e+04 1.39110000e+04 1.39180000e+04 1.39670000e+04
  1.40120000e+04 1.40210000e+04 1.40900000e+04 1.41760000e+04
  1.42700000e+04 1.43600000e+04 1.43840000e+04 1.44050000e+04
  1.44200000e+04 1.44580000e+04 1.44860000e+04 1.45870000e+04]
 [1.25610000e+04 1.26550000e+04 1.27240000e+04 1.28200000e+04
  1.28900000e+04 1.29410000e+04 1.30340000e+04 1.30980000e+04
  1.31220000e+04 1.31670000e+04 1.32030000e+04 1.32650000e+04
  1.33560000e+04 1.33740000e+04 1.34120000e+04 1.34590000e+04
  1.35570000e+04 1.36080000e+04 1.38120000e+04 1.38380000e+04]
 [1.22660000e+04 1.23160000e+04 1.23900000e+04 1.24240000e+04
  1.24690000e+04 1.25020000e+04 1.25520000e+04 1.26210000e+04
  1.26350000e+04 1.27250000e+04 1.28110000e+04 1.28900000e+04
  1.29070000e+04 1.29870000e+04 1.30190000e+04 1.30910000e+04
  1.31240000e+04 1.31750000e+04 1.32060000e+04 1.33560000e+04]
 [1.00000000e+00 1.10440000e+04 1.10480000e+04 1.14800000e+04
  1.15070000e+04 1.15650000e+04 1.19830000e+04 1.20750000e+04
  1.21240000e+04 1.21480000e+04 1.21610000e+04 1.21690000e+04
  1.22240000e+04 1.22900000e+04 1.23710000e+04 1.23830000e+04
  1.23960000e+04 1.24530000e+04 1.25300000e+04 1.26480000e+04]
 [7.18000000e+02 8.17000000e+02 1.02890000e+04 1.14020000e+04
  1.14810000e+04 1.15750000e+04 1.16220000e+04 1.16690000e+04
  1.17610000e+04 1.18100000e+04 1.18590000e+04 1.19020000e+04
  1.19350000e+04 1.19650000e+04 1.19810000e+04 1.20160000e+04
  1.20180000e+04 1.20650000e+04 1.21240000e+04 1.21680000e+04]
 [0.00000000e+00 1.01090000e+04 1.01840000e+04 1.07880000e+04
  1.08360000e+04 1.08560000e+04 1.09100000e+04 1.09730000e+04
  1.10040000e+04 1.10480000e+04 1.11460000e+04 1.12190000e+04
  1.12600000e+04 1.13120000e+04 1.13930000e+04 1.14230000e+04
  1.14800000e+04 1.15050000e+04 1.15890000e+04 1.20630000e+04]
 [4.24000000e+02 4.67000000e+02 4.82000000e+02 5.42000000e+02
  5.72000000e+02 6.87000000e+02 7.18000000e+02 9.74400000e+03
  9.77800000e+03 1.02970000e+04 1.03950000e+04 1.04720000e+04
  1.05290000e+04 1.05870000e+04 1.06270000e+04 1.06480000e+04
  1.06730000e+04 1.07140000e+04 1.07920000e+04 1.09560000e+04]
 [6.78900000e+03 6.91400000e+03 6.96900000e+03 8.52500000e+03
  9.11600000e+03 9.76300000e+03 9.85600000e+03 9.90000000e+03
  9.91000000e+03 9.98600000e+03 1.00680000e+04 1.01220000e+04
  1.01620000e+04 1.02080000e+04 1.02550000e+04 1.02970000e+04
  1.03830000e+04 1.04450000e+04 1.04860000e+04 1.05290000e+04]
 [8.84500000e+03 8.88500000e+03 8.93100000e+03 8.99500000e+03
  9.06100000e+03 9.06600000e+03 9.10000000e+03 9.36300000e+03
  9.44500000e+03 9.46900000e+03 9.55100000e+03 9.56100000e+03
  9.65400000e+03 9.70800000e+03 9.71800000e+03 9.77800000e+03
  9.79200000e+03 9.80800000e+03 1.01330000e+04 1.01510000e+04]
 [7.10000000e+01 8.51000000e+03 8.64700000e+03 8.70600000e+03
  8.75100000e+03 8.81400000e+03 8.88500000e+03 8.97100000e+03
  8.97300000e+03 9.01500000e+03 9.06100000e+03 9.10000000e+03
  9.10900000e+03 9.11600000e+03 9.14800000e+03 9.22600000e+03
  9.23800000e+03 9.31600000e+03 9.38400000e+03 9.46100000e+03]
 [7.66500000e+03 7.75500000e+03 7.75700000e+03 7.88900000e+03
  7.98000000e+03 8.05100000e+03 8.12700000e+03 8.15600000e+03
  8.21600000e+03 8.30400000e+03 8.39700000e+03 8.41100000e+03
  8.41700000e+03 8.45700000e+03 8.55300000e+03 8.57700000e+03
  8.66500000e+03 8.70300000e+03 8.87400000e+03 8.91700000e+03]
 [8.32000000e+02 7.57000000e+03 7.66500000e+03 7.66700000e+03
  7.75500000e+03 7.80000000e+03 7.89300000e+03 7.97000000e+03
  7.98000000e+03 8.05100000e+03 8.12000000e+03 8.15300000e+03
  8.17500000e+03 8.22900000e+03 8.28500000e+03 8.31600000e+03
  8.33400000e+03 8.39700000e+03 8.47900000e+03 8.57700000e+03]
 [1.58000000e+02 5.31200000e+03 6.27300000e+03 6.97800000e+03
  7.08800000e+03 7.12500000e+03 7.14900000e+03 7.22500000e+03
  7.29600000e+03 7.33400000e+03 7.36100000e+03 7.40900000e+03
  7.44700000e+03 7.52000000e+03 7.56200000e+03 7.57000000e+03
  7.62200000e+03 7.64200000e+03 7.68200000e+03 7.99900000e+03]
 [5.21800000e+03 6.01300000e+03 6.33500000e+03 6.41700000e+03
  6.43700000e+03 6.43800000e+03 6.48300000e+03 6.56200000e+03
  6.63200000e+03 6.67800000e+03 6.72600000e+03 6.78900000e+03
  6.87600000e+03 6.92300000e+03 6.96600000e+03 6.96700000e+03
  7.01500000e+03 7.08000000e+03 7.09100000e+03 7.11600000e+03]
 [5.10000000e+01 3.51000000e+02 3.90000000e+02 4.45000000e+02
  5.20000000e+02 5.76000000e+02 6.65000000e+02 5.63400000e+03
  5.80300000e+03 6.01600000e+03 6.08200000e+03 6.08400000e+03
  6.09800000e+03 6.13400000e+03 6.23000000e+03 6.23600000e+03
  6.27300000e+03 6.53300000e+03 6.62700000e+03 6.75300000e+03]
 [7.90000000e+01 4.95400000e+03 4.98200000e+03 5.13800000e+03
  5.50700000e+03 5.53900000e+03 5.62900000e+03 5.76200000e+03
  5.77900000e+03 5.80700000e+03 5.84700000e+03 5.92300000e+03
  5.95300000e+03 6.00500000e+03 6.19900000e+03 6.29200000e+03
  6.34200000e+03 6.44100000e+03 6.86600000e+03 6.95200000e+03]
 [2.83700000e+03 2.92500000e+03 2.92900000e+03 4.62100000e+03
  4.74800000e+03 4.82900000e+03 4.87600000e+03 4.95800000e+03
  5.01000000e+03 5.07500000e+03 5.13800000e+03 5.17500000e+03
  5.23400000e+03 5.31200000e+03 5.36300000e+03 5.43800000e+03
  5.46200000e+03 5.53900000e+03 5.56700000e+03 5.66400000e+03]
 [3.06700000e+03 3.55600000e+03 3.56300000e+03 3.58800000e+03
  3.72500000e+03 3.86000000e+03 3.95000000e+03 4.39100000e+03
  4.40000000e+03 4.45300000e+03 4.57000000e+03 4.65400000e+03
  4.70800000e+03 4.73700000e+03 4.82300000e+03 4.83000000e+03
  4.88800000e+03 4.95400000e+03 5.62200000e+03 6.92000000e+03]
 [3.73300000e+03 3.73800000e+03 3.79000000e+03 4.09800000e+03
  4.15700000e+03 4.16700000e+03 4.25500000e+03 4.31100000e+03
  4.36600000e+03 4.43900000e+03 4.50400000e+03 4.57000000e+03
  4.58700000e+03 4.59200000e+03 4.61400000e+03 4.65400000e+03
  4.69600000e+03 4.69700000e+03 4.85300000e+03 4.94800000e+03]
 [2.83700000e+03 2.86700000e+03 2.92900000e+03 2.97500000e+03
  2.98900000e+03 3.05100000e+03 3.54599999e+03 3.58900000e+03
  3.62800000e+03 3.69800000e+03 3.76400000e+03 3.82100000e+03
  3.87600000e+03 3.95500000e+03 4.05400000e+03 4.08100000e+03
  4.09800000e+03 4.17300000e+03 4.27500000e+03 5.53900000e+03]
 [0.00000000e+00 7.57000000e+02 2.67300000e+03 2.74100000e+03
  2.81500000e+03 2.85400000e+03 2.92200000e+03 2.95000000e+03
  2.95700000e+03 3.02400000e+03 3.03100000e+03 3.12300000e+03
  3.16800000e+03 3.23500000e+03 3.27000000e+03 3.34000000e+03
  3.39200000e+03 3.45700000e+03 3.55600000e+03 3.57700000e+03]
 [0.00000000e+00 6.00000000e+00 7.90000000e+01 8.90000000e+01
  1.64000000e+02 2.09000000e+02 2.79000000e+02 3.18000000e+02
  3.80000000e+02 5.97000000e+02 6.96000000e+02 7.53000000e+02
  8.15000000e+02 1.10300000e+03 2.62600000e+03 2.70200000e+03
  2.74500000e+03 2.74600000e+03 2.81100000e+03 2.89900000e+03]
 [2.30000000e+02 9.46000000e+02 1.02800000e+03 1.11000000e+03
  1.81900000e+03 1.91300000e+03 1.94100000e+03 2.01600000e+03
  2.01700000e+03 2.10100000e+03 2.16200000e+03 2.17900000e+03
  2.22400000e+03 2.29600000e+03 2.35400000e+03 2.43200000e+03
  2.49500000e+03 2.62600000e+03 2.70300000e+03 2.71100000e+03]
 [4.31000000e+02 7.88000000e+02 8.66000000e+02 9.54000000e+02
  1.04600000e+03 1.10300000e+03 1.31800000e+03 1.34300000e+03
  1.38700000e+03 1.39500000e+03 1.48800000e+03 1.50900000e+03
  1.53000000e+03 1.57700000e+03 1.61500000e+03 1.64800000e+03
  1.69600000e+03 1.73500000e+03 1.80400000e+03 2.00800000e+03]
 [0.00000000e+00 2.00000000e+00 3.27000000e+02 3.71000000e+02
  5.20000000e+02 6.13000000e+02 7.07000000e+02 8.00000000e+02
  8.18000000e+02 8.56000000e+02 9.22000000e+02 9.60000000e+02
  1.02000000e+03 1.10700000e+03 1.15600000e+03 1.20800000e+03
  1.28000000e+03 1.29200000e+03 1.29700000e+03 1.31800000e+03]
 [0.00000000e+00 6.30000000e+01 8.40000000e+01 1.05000000e+02
  1.80000000e+02 2.59000000e+02 2.69000000e+02 2.82000000e+02
  3.27000000e+02 3.90000000e+02 4.29000000e+02 4.67000000e+02
  5.17000000e+02 5.97000000e+02 6.42000000e+02 7.26000000e+02
  7.28000000e+02 7.57000000e+02 7.88000000e+02 1.16200000e+03]]
