optimal_status: 0
solution: 31684.0
cpu_time: 3600.097431898117
gap: 0.9574294052932372
upper_bound: 1348.806722689076
lower_bound: 31684.0
cg_matrix: [[0. 1. 1. 1. 0. 0. 0. 0. 0. 1. 1. 0. 0. 1. 1. 1. 0. 0. 0. 0. 1. 1. 0. 1.
  0. 0. 1. 1. 1. 1. 0. 1. 1. 0. 1. 1. 0. 0. 0. 0. 1. 1. 1. 0. 1. 0. 1. 0.
  1. 1.]
 [1. 0. 0. 0. 0. 1. 1. 0. 1. 0. 1. 1. 0. 1. 1. 1. 0. 1. 0. 1. 1. 1. 0. 1.
  1. 1. 1. 0. 1. 1. 1. 1. 1. 1. 0. 0. 1. 1. 0. 0. 0. 0. 1. 0. 1. 1. 0. 1.
  0. 1.]
 [1. 0. 0. 0. 1. 1. 1. 1. 0. 1. 1. 0. 0. 1. 1. 1. 0. 1. 1. 0. 1. 1. 0. 1.
  0. 0. 0. 0. 1. 1. 0. 0. 1. 1. 1. 0. 1. 0. 1. 0. 0. 1. 0. 1. 0. 0. 0. 0.
  0. 1.]
 [1. 0. 0. 0. 0. 1. 0. 1. 0. 0. 1. 0. 1. 1. 1. 0. 0. 0. 1. 1. 1. 1. 1. 0.
  0. 1. 0. 1. 1. 0. 0. 0. 0. 1. 0. 1. 1. 1. 0. 1. 1. 1. 0. 0. 0. 0. 0. 0.
  0. 1.]
 [0. 0. 1. 0. 0. 0. 1. 1. 0. 0. 1. 0. 1. 0. 1. 1. 0. 0. 1. 1. 1. 0. 1. 0.
  0. 0. 1. 0. 0. 0. 1. 0. 0. 1. 1. 0. 1. 0. 1. 1. 1. 1. 1. 1. 0. 1. 1. 0.
  0. 1.]
 [0. 1. 1. 1. 0. 0. 0. 0. 1. 0. 1. 0. 0. 0. 1. 0. 0. 0. 1. 1. 0. 0. 0. 0.
  0. 0. 0. 1. 1. 1. 0. 1. 0. 1. 1. 1. 1. 0. 1. 0. 0. 1. 0. 0. 1. 1. 0. 0.
  0. 1.]
 [0. 1. 1. 0. 1. 0. 0. 0. 1. 0. 0. 0. 0. 0. 1. 1. 0. 1. 0. 1. 1. 1. 1. 1.
  1. 1. 1. 0. 0. 0. 1. 0. 0. 1. 1. 1. 0. 1. 0. 0. 0. 0. 1. 1. 0. 0. 0. 1.
  1. 0.]
 [0. 0. 1. 1. 1. 0. 0. 0. 1. 0. 1. 1. 0. 1. 0. 0. 0. 1. 0. 0. 0. 0. 1. 0.
  0. 0. 1. 0. 0. 0. 1. 1. 1. 1. 1. 1. 0. 0. 0. 0. 1. 0. 0. 0. 0. 1. 0. 0.
  0. 0.]
 [0. 1. 0. 0. 0. 1. 1. 1. 0. 1. 0. 0. 0. 0. 0. 0. 0. 0. 1. 1. 1. 0. 0. 0.
  1. 1. 1. 1. 1. 0. 1. 1. 1. 0. 1. 0. 0. 0. 1. 1. 0. 0. 1. 1. 1. 1. 1. 1.
  0. 1.]
 [1. 0. 1. 0. 0. 0. 0. 0. 1. 0. 0. 1. 0. 1. 1. 1. 0. 0. 0. 1. 1. 1. 1. 0.
  1. 0. 0. 1. 0. 0. 0. 1. 1. 1. 1. 0. 1. 1. 1. 1. 1. 0. 0. 1. 1. 0. 0. 1.
  1. 0.]
 [1. 1. 1. 1. 1. 1. 0. 1. 0. 0. 0. 0. 1. 0. 1. 1. 1. 1. 1. 0. 0. 0. 0. 1.
  1. 0. 1. 1. 0. 0. 0. 0. 1. 1. 1. 1. 1. 1. 0. 1. 1. 0. 0. 1. 0. 1. 0. 0.
  0. 1.]
 [0. 1. 0. 0. 0. 0. 0. 1. 0. 1. 0. 0. 0. 0. 1. 0. 0. 1. 0. 1. 1. 1. 1. 0.
  1. 0. 0. 0. 1. 0. 1. 0. 1. 0. 0. 0. 1. 0. 1. 1. 0. 1. 0. 1. 1. 0. 1. 1.
  1. 1.]
 [0. 0. 0. 1. 1. 0. 0. 0. 0. 0. 1. 0. 0. 0. 0. 0. 0. 1. 1. 0. 1. 0. 1. 1.
  1. 1. 1. 0. 0. 1. 1. 0. 1. 0. 1. 1. 1. 0. 1. 1. 0. 1. 0. 0. 1. 1. 1. 0.
  0. 1.]
 [1. 1. 1. 1. 0. 0. 0. 1. 0. 1. 0. 0. 0. 0. 1. 1. 1. 1. 0. 0. 1. 1. 0. 1.
  0. 0. 0. 0. 1. 1. 0. 0. 1. 1. 1. 1. 1. 0. 0. 0. 0. 0. 0. 0. 0. 1. 1. 0.
  1. 1.]
 [1. 1. 1. 1. 1. 1. 1. 0. 0. 1. 1. 1. 0. 1. 0. 1. 1. 0. 1. 1. 1. 1. 0. 1.
  0. 0. 0. 1. 1. 0. 0. 0. 1. 1. 1. 0. 0. 0. 1. 0. 0. 0. 1. 0. 0. 1. 0. 0.
  0. 1.]
 [1. 1. 1. 0. 1. 0. 1. 0. 0. 1. 1. 0. 0. 1. 1. 0. 1. 1. 0. 0. 0. 0. 1. 1.
  0. 0. 0. 0. 0. 1. 1. 0. 0. 1. 0. 0. 1. 1. 0. 1. 0. 0. 0. 0. 1. 1. 0. 0.
  1. 0.]
 [0. 0. 0. 0. 0. 0. 0. 0. 0. 0. 1. 0. 0. 1. 1. 1. 0. 0. 1. 1. 1. 0. 0. 0.
  0. 0. 1. 0. 1. 1. 1. 0. 0. 1. 0. 0. 0. 1. 1. 1. 1. 1. 1. 0. 0. 1. 1. 0.
  0. 0.]
 [0. 1. 1. 0. 0. 0. 1. 1. 0. 0. 1. 1. 1. 1. 0. 1. 0. 0. 0. 1. 0. 1. 1. 0.
  1. 0. 0. 1. 0. 1. 0. 1. 1. 0. 1. 1. 1. 1. 0. 1. 1. 1. 1. 0. 0. 1. 0. 0.
  0. 1.]
 [0. 0. 1. 1. 1. 1. 0. 0. 1. 0. 1. 0. 1. 0. 1. 0. 1. 0. 0. 0. 0. 0. 1. 1.
  1. 1. 1. 1. 0. 0. 1. 1. 0. 1. 0. 0. 1. 0. 1. 0. 1. 1. 0. 1. 1. 0. 1. 0.
  1. 0.]
 [0. 1. 0. 1. 1. 1. 1. 0. 1. 1. 0. 1. 0. 0. 1. 0. 1. 1. 0. 0. 0. 0. 1. 0.
  1. 1. 1. 1. 1. 1. 0. 1. 0. 1. 0. 1. 1. 0. 0. 1. 0. 0. 1. 0. 1. 0. 1. 1.
  0. 0.]
 [1. 1. 1. 1. 1. 0. 1. 0. 1. 1. 0. 1. 1. 1. 1. 0. 1. 0. 0. 0. 0. 0. 0. 0.
  0. 0. 0. 0. 0. 0. 0. 0. 0. 0. 0. 0. 0. 0. 0. 0. 0. 0. 0. 0. 0. 0. 0. 0.
  0. 0.]
 [1. 1. 1. 1. 0. 0. 1. 0. 0. 1. 0. 1. 0. 1. 1. 0. 0. 1. 0. 0. 0. 0. 0. 0.
  0. 0. 0. 0. 0. 0. 0. 0. 0. 0. 0. 0. 0. 0. 0. 0. 0. 0. 0. 0. 0. 0. 0. 0.
  0. 0.]
 [0. 0. 0. 1. 1. 0. 1. 1. 0. 1. 0. 1. 1. 0. 0. 1. 0. 1. 1. 1. 0. 0. 0. 0.
  0. 0. 0. 0. 0. 0. 0. 0. 0. 0. 0. 0. 0. 0. 0. 0. 0. 0. 0. 0. 0. 0. 0. 0.
  0. 0.]
 [1. 1. 1. 0. 0. 0. 1. 0. 0. 0. 1. 0. 1. 1. 1. 1. 0. 0. 1. 0. 0. 0. 0. 0.
  0. 0. 0. 0. 0. 0. 0. 0. 0. 0. 0. 0. 0. 0. 0. 0. 0. 0. 0. 0. 0. 0. 0. 0.
  0. 0.]
 [0. 1. 0. 0. 0. 0. 1. 0. 1. 1. 1. 1. 1. 0. 0. 0. 0. 1. 1. 1. 0. 0. 0. 0.
  0. 0. 0. 0. 0. 0. 0. 0. 0. 0. 0. 0. 0. 0. 0. 0. 0. 0. 0. 0. 0. 0. 0. 0.
  0. 0.]
 [0. 1. 0. 1. 0. 0. 1. 0. 1. 0. 0. 0. 1. 0. 0. 0. 0. 0. 1. 1. 0. 0. 0. 0.
  0. 0. 0. 0. 0. 0. 0. 0. 0. 0. 0. 0. 0. 0. 0. 0. 0. 0. 0. 0. 0. 0. 0. 0.
  0. 0.]
 [1. 1. 0. 0. 1. 0. 1. 1. 1. 0. 1. 0. 1. 0. 0. 0. 1. 0. 1. 1. 0. 0. 0. 0.
  0. 0. 0. 0. 0. 0. 0. 0. 0. 0. 0. 0. 0. 0. 0. 0. 0. 0. 0. 0. 0. 0. 0. 0.
  0. 0.]
 [1. 0. 0. 1. 0. 1. 0. 0. 1. 1. 1. 0. 0. 0. 1. 0. 0. 1. 1. 1. 0. 0. 0. 0.
  0. 0. 0. 0. 0. 0. 0. 0. 0. 0. 0. 0. 0. 0. 0. 0. 0. 0. 0. 0. 0. 0. 0. 0.
  0. 0.]
 [1. 1. 1. 1. 0. 1. 0. 0. 1. 0. 0. 1. 0. 1. 1. 0. 1. 0. 0. 1. 0. 0. 0. 0.
  0. 0. 0. 0. 0. 0. 0. 0. 0. 0. 0. 0. 0. 0. 0. 0. 0. 0. 0. 0. 0. 0. 0. 0.
  0. 0.]
 [1. 1. 1. 0. 0. 1. 0. 0. 0. 0. 0. 0. 1. 1. 0. 1. 1. 1. 0. 1. 0. 0. 0. 0.
  0. 0. 0. 0. 0. 0. 0. 0. 0. 0. 0. 0. 0. 0. 0. 0. 0. 0. 0. 0. 0. 0. 0. 0.
  0. 0.]
 [0. 1. 0. 0. 1. 0. 1. 1. 1. 0. 0. 1. 1. 0. 0. 1. 1. 0. 1. 0. 0. 0. 0. 0.
  0. 0. 0. 0. 0. 0. 0. 0. 0. 0. 0. 0. 0. 0. 0. 0. 0. 0. 0. 0. 0. 0. 0. 0.
  0. 0.]
 [1. 1. 0. 0. 0. 1. 0. 1. 1. 1. 0. 0. 0. 0. 0. 0. 0. 1. 1. 1. 0. 0. 0. 0.
  0. 0. 0. 0. 0. 0. 0. 0. 0. 0. 0. 0. 0. 0. 0. 0. 0. 0. 0. 0. 0. 0. 0. 0.
  0. 0.]
 [1. 1. 1. 0. 0. 0. 0. 1. 1. 1. 1. 1. 1. 1. 1. 0. 0. 1. 0. 0. 0. 0. 0. 0.
  0. 0. 0. 0. 0. 0. 0. 0. 0. 0. 0. 0. 0. 0. 0. 0. 0. 0. 0. 0. 0. 0. 0. 0.
  0. 0.]
 [0. 1. 1. 1. 1. 1. 1. 1. 0. 1. 1. 0. 0. 1. 1. 1. 1. 0. 1. 1. 0. 0. 0. 0.
  0. 0. 0. 0. 0. 0. 0. 0. 0. 0. 0. 0. 0. 0. 0. 0. 0. 0. 0. 0. 0. 0. 0. 0.
  0. 0.]
 [1. 0. 1. 0. 1. 1. 1. 1. 1. 1. 1. 0. 1. 1. 1. 0. 0. 1. 0. 0. 0. 0. 0. 0.
  0. 0. 0. 0. 0. 0. 0. 0. 0. 0. 0. 0. 0. 0. 0. 0. 0. 0. 0. 0. 0. 0. 0. 0.
  0. 0.]
 [1. 0. 0. 1. 0. 1. 1. 1. 0. 0. 1. 0. 1. 1. 0. 0. 0. 1. 0. 1. 0. 0. 0. 0.
  0. 0. 0. 0. 0. 0. 0. 0. 0. 0. 0. 0. 0. 0. 0. 0. 0. 0. 0. 0. 0. 0. 0. 0.
  0. 0.]
 [0. 1. 1. 1. 1. 1. 0. 0. 0. 1. 1. 1. 1. 1. 0. 1. 0. 1. 1. 1. 0. 0. 0. 0.
  0. 0. 0. 0. 0. 0. 0. 0. 0. 0. 0. 0. 0. 0. 0. 0. 0. 0. 0. 0. 0. 0. 0. 0.
  0. 0.]
 [0. 1. 0. 1. 0. 0. 1. 0. 0. 1. 1. 0. 0. 0. 0. 1. 1. 1. 0. 0. 0. 0. 0. 0.
  0. 0. 0. 0. 0. 0. 0. 0. 0. 0. 0. 0. 0. 0. 0. 0. 0. 0. 0. 0. 0. 0. 0. 0.
  0. 0.]
 [0. 0. 1. 0. 1. 1. 0. 0. 1. 1. 0. 1. 1. 0. 1. 0. 1. 0. 1. 0. 0. 0. 0. 0.
  0. 0. 0. 0. 0. 0. 0. 0. 0. 0. 0. 0. 0. 0. 0. 0. 0. 0. 0. 0. 0. 0. 0. 0.
  0. 0.]
 [0. 0. 0. 1. 1. 0. 0. 0. 1. 1. 1. 1. 1. 0. 0. 1. 1. 1. 0. 1. 0. 0. 0. 0.
  0. 0. 0. 0. 0. 0. 0. 0. 0. 0. 0. 0. 0. 0. 0. 0. 0. 0. 0. 0. 0. 0. 0. 0.
  0. 0.]
 [1. 0. 0. 1. 1. 0. 0. 1. 0. 1. 1. 0. 0. 0. 0. 0. 1. 1. 1. 0. 0. 0. 0. 0.
  0. 0. 0. 0. 0. 0. 0. 0. 0. 0. 0. 0. 0. 0. 0. 0. 0. 0. 0. 0. 0. 0. 0. 0.
  0. 0.]
 [1. 0. 1. 1. 1. 1. 0. 0. 0. 0. 0. 1. 1. 0. 0. 0. 1. 1. 1. 0. 0. 0. 0. 0.
  0. 0. 0. 0. 0. 0. 0. 0. 0. 0. 0. 0. 0. 0. 0. 0. 0. 0. 0. 0. 0. 0. 0. 0.
  0. 0.]
 [1. 1. 0. 0. 1. 0. 1. 0. 1. 0. 0. 0. 0. 0. 1. 0. 1. 1. 0. 1. 0. 0. 0. 0.
  0. 0. 0. 0. 0. 0. 0. 0. 0. 0. 0. 0. 0. 0. 0. 0. 0. 0. 0. 0. 0. 0. 0. 0.
  0. 0.]
 [0. 0. 1. 0. 1. 0. 1. 0. 1. 1. 1. 1. 0. 0. 0. 0. 0. 0. 1. 0. 0. 0. 0. 0.
  0. 0. 0. 0. 0. 0. 0. 0. 0. 0. 0. 0. 0. 0. 0. 0. 0. 0. 0. 0. 0. 0. 0. 0.
  0. 0.]
 [1. 1. 0. 0. 0. 1. 0. 0. 1. 1. 0. 1. 1. 0. 0. 1. 0. 0. 1. 1. 0. 0. 0. 0.
  0. 0. 0. 0. 0. 0. 0. 0. 0. 0. 0. 0. 0. 0. 0. 0. 0. 0. 0. 0. 0. 0. 0. 0.
  0. 0.]
 [0. 1. 0. 0. 1. 1. 0. 1. 1. 0. 1. 0. 1. 1. 1. 1. 1. 1. 0. 0. 0. 0. 0. 0.
  0. 0. 0. 0. 0. 0. 0. 0. 0. 0. 0. 0. 0. 0. 0. 0. 0. 0. 0. 0. 0. 0. 0. 0.
  0. 0.]
 [1. 0. 0. 0. 1. 0. 0. 0. 1. 0. 0. 1. 1. 1. 0. 0. 1. 0. 1. 1. 0. 0. 0. 0.
  0. 0. 0. 0. 0. 0. 0. 0. 0. 0. 0. 0. 0. 0. 0. 0. 0. 0. 0. 0. 0. 0. 0. 0.
  0. 0.]
 [0. 1. 0. 0. 0. 0. 1. 0. 1. 1. 0. 1. 0. 0. 0. 0. 0. 0. 0. 1. 0. 0. 0. 0.
  0. 0. 0. 0. 0. 0. 0. 0. 0. 0. 0. 0. 0. 0. 0. 0. 0. 0. 0. 0. 0. 0. 0. 0.
  0. 0.]
 [1. 0. 0. 0. 0. 0. 1. 0. 0. 1. 0. 1. 0. 1. 0. 1. 0. 0. 1. 0. 0. 0. 0. 0.
  0. 0. 0. 0. 0. 0. 0. 0. 0. 0. 0. 0. 0. 0. 0. 0. 0. 0. 0. 0. 0. 0. 0. 0.
  0. 0.]
 [1. 1. 1. 1. 1. 1. 0. 0. 1. 0. 1. 1. 1. 1. 1. 0. 0. 1. 0. 0. 0. 0. 0. 0.
  0. 0. 0. 0. 0. 0. 0. 0. 0. 0. 0. 0. 0. 0. 0. 0. 0. 0. 0. 0. 0. 0. 0. 0.
  0. 0.]]
start_times_array: [[30665. 30702. 30766. 30781. 30833. 30904. 30942. 30995. 31065. 31141.
  31217. 31278. 31288. 31339. 31398. 31410. 31484. 31545. 31597. 31665.]
 [29064. 29637. 29911. 29943. 29961. 29970. 30069. 30154. 30248. 30289.
  30290. 30308. 30406. 30408. 30455. 30512. 30556. 30581. 30629. 30641.]
 [29093. 29143. 29198. 29466. 29490. 29533. 29597. 29637. 29674. 29704.
  29775. 29839. 29852. 29885. 29911. 29961. 30025. 30080. 30156. 30305.]
 [28446. 28477. 28499. 28537. 28546. 28630. 28698. 28733. 28827. 28906.
  28985. 29025. 29064. 29073. 29109. 29191. 29230. 29263. 29306. 29392.]
 [27389. 27728. 27801. 27856. 27886. 28262. 28297. 28369. 28446. 28496.
  28546. 28630. 28702. 28706. 28827. 28881. 28896. 28960. 29003. 29013.]
 [27153. 27389. 27402. 27466. 27560. 27649. 27670. 27701. 27783. 27837.
  27853. 27861. 27960. 28030. 28052. 28141. 28206. 28262. 28354. 28369.]
 [26426. 26467. 26483. 26525. 26606. 26688. 26744. 26823. 26920. 26967.
  27058. 27106. 27192. 27220. 27300. 27406. 27497. 27541. 27608. 27675.]
 [26483. 26576. 26672. 26715. 26738. 26788. 26866. 26912. 26925. 26979.
  26999. 27036. 27058. 27071. 27124. 27128. 27181. 27188. 27241. 27297.]
 [25505. 25533. 25616. 25745. 25821. 25823. 25834. 25850. 25905. 25983.
  26038. 26115. 26147. 26174. 26220. 26237. 26282. 26322. 26416. 26471.]
 [24106. 24165. 24632. 24717. 24804. 24841. 24871. 24903. 24913. 24985.
  25084. 25107. 25139. 25166. 25198. 25275. 25281. 25341. 25426. 25679.]
 [23387. 23476. 23484. 23850. 23899. 23953. 23966. 23998. 24031. 24084.
  24160. 24243. 24318. 24347. 24426. 24491. 24541. 24578. 24596. 25192.]
 [22591. 22642. 22647. 22653. 22717. 23206. 23220. 23365. 23377. 23469.
  23537. 23631. 23660. 23749. 23789. 23799. 23842. 23850. 23932. 24020.]
 [19833. 22186. 22271. 22283. 22339. 22503. 22509. 22586. 22650. 22690.
  22703. 22789. 22827. 22916. 23014. 23056. 23149. 23235. 23332. 23365.]
 [21668. 21842. 21985. 22117. 22197. 22205. 22281. 22323. 22337. 22418.
  22503. 22591. 22607. 22655. 22678. 22717. 22766. 22808. 22813. 23408.]
 [20754. 20919. 20979. 21059. 21093. 21123. 21176. 21267. 21269. 21358.
  21389. 21450. 21485. 21554. 21582. 21598. 21754. 21887. 21888. 22084.]
 [19910. 19958. 19979. 20043. 20093. 20172. 20198. 20218. 20229. 20245.
  20248. 20309. 20338. 20435. 20501. 20599. 20650. 20704. 20790. 20886.]
 [18786. 18901. 18917. 18947. 18977. 19073. 19108. 19128. 19191. 19252.
  19267. 19312. 19375. 19441. 19502. 19572. 19647. 19736. 19833. 19850.]
 [18252. 18330. 18371. 18538. 18546. 18572. 18641. 18696. 18726. 18733.
  18760. 18819. 18852. 18870. 18947. 19004. 19094. 19118. 19159. 19165.]
 [15783. 18081. 18108. 18154. 18184. 18230. 18245. 18269. 18368. 18412.
  18413. 18429. 18440. 18455. 18493. 18547. 18560. 18633. 18701. 18847.]
 [17294. 17308. 17341. 17406. 17503. 17577. 17632. 17650. 17726. 17800.
  17870. 17948. 17963. 18003. 18025. 18081. 18149. 18180. 18233. 18380.]
 [13788. 15672. 15769. 15861. 16349. 16438. 16489. 16557. 16640. 16661.
  16666. 16671. 16756. 16823. 16917. 17014. 17085. 17124. 17182. 17212.]
 [12206. 14360. 14728. 14810. 14824. 15650. 15783. 15844. 15863. 15930.
  16008. 16061. 16117. 16157. 16208. 16254. 16349. 16387. 16399. 16557.]
 [12448. 14324. 14414. 15005. 15104. 15132. 15216. 15281. 15338. 15367.
  15454. 15467. 15490. 15541. 15629. 15665. 15672. 15706. 15724. 15861.]
 [13909. 13928. 14147. 14238. 14291. 14360. 14362. 14458. 14490. 14571.
  14603. 14682. 14728. 14820. 14908. 14911. 14931. 14984. 15005. 15062.]
 [11359. 13196. 13201. 13762. 13817. 13884. 13948. 13982. 14055. 14084.
  14140. 14190. 14260. 14314. 14361. 14443. 14473. 14490. 14582. 14584.]
 [12472. 12732. 13214. 13286. 13374. 13531. 13631. 13730. 13762. 13817.
  13897. 13925. 14012. 14077. 14113. 14185. 14190. 14203. 14259. 14291.]
 [11965. 12021. 12106. 12712. 12776. 12836. 12917. 12961. 13201. 13210.
  13328. 13389. 13413. 13475. 13531. 13548. 13557. 13586. 13631. 13876.]
 [11463. 11527. 11691. 12154. 12200. 12509. 12552. 12633. 12652. 12743.
  12818. 12913. 12934. 12984. 13066. 13068. 13141. 13196. 13289. 13328.]
 [10361. 11361. 11426. 11451. 11502. 11889. 12059. 12060. 12063. 12069.
  12143. 12322. 12381. 12472. 12482. 12517. 12525. 12552. 12587. 12615.]
 [11241. 11282. 11327. 11564. 11577. 11669. 11725. 11767. 11815. 11882.
  11979. 12059. 12116. 12196. 12206. 12296. 12322. 12390. 12425. 12633.]
 [ 9977. 10020. 10088. 10116. 10192. 10915. 10935. 11331. 11359. 11405.
  11422. 11463. 11495. 11532. 11564. 11612. 11659. 11691. 11747. 12438.]
 [ 6124.  9249.  9257.  9477. 10276. 10387. 10456. 10549. 10603. 10693.
  10708. 10771. 10842. 10926. 11004. 11066. 11150. 11249. 11331. 11370.]
 [ 9487.  9556.  9620.  9695.  9718.  9811.  9859.  9870.  9888.  9977.
  10073. 10143. 10242. 10294. 10364. 10387. 10472. 10563. 10644. 10661.]
 [ 8667.  8754.  8809.  8877.  8962.  8979.  9058.  9131.  9150.  9172.
   9209.  9221.  9240.  9249.  9254.  9258.  9343.  9431.  9477.  9574.]
 [ 6674.  6760.  8026.  8522.  8585.  8633.  8637.  8652.  8667.  8741.
   8780.  8857.  8946.  9004.  9084.  9155.  9233.  9258.  9299.  9431.]
 [ 5474.  7863.  7911.  7999.  8070.  8138.  8163.  8196.  8284.  8346.
   8397.  8446.  8522.  8544.  8591.  8654.  8715.  8731.  8741.  9151.]
 [ 5977.  6591.  6845.  6944.  7297.  7401.  7453.  7499.  7566.  7629.
   7645.  7669.  7701.  7789.  7863.  7876.  7957.  8039.  8067.  8695.]
 [ 6366.  6461.  6521.  6591.  6684.  6706.  6768.  7012.  7014.  7029.
   7128.  7148.  7193.  7232.  7313.  7326.  7377.  7389.  7533.  7588.]
 [ 5724.  6354.  6366.  6458.  6481.  6580.  6591.  6690.  6778.  6800.
   6818.  6847.  6900.  6956.  7012.  7055.  7108.  7118.  7159.  7220.]
 [ 1748.  5380.  5511.  5536.  5576.  5596.  5628.  5774.  5804.  5852.
   5943.  6031.  6061.  6151.  6204.  6229.  6261.  6304.  6551.  6554.]
 [ 3905.  3995.  4873.  4893.  4905.  4966.  5055.  5057.  5114.  5140.
   5217.  5249.  5290.  5493.  5634.  5689.  5726.  5792.  5803.  5804.]
 [ 2377.  2429.  3934.  4673.  4758.  4819.  4873.  4900.  4925.  5055.
   5203.  5257.  5273.  5350.  5379.  5450.  5474.  5560.  5628.  5649.]
 [ 1736.  3519.  3844.  4401.  4498.  4559.  4630.  4706.  4758.  4776.
   4803.  4900.  4974.  4990.  5000.  5072.  5133.  5357.  5453.  6892.]
 [  484.  1194.  1217.  3503.  3556.  3639.  3732.  3818.  3863.  3934.
   3943.  4037.  4128.  4218.  4252.  4327.  4328.  4401.  4484.  4559.]
 [ 2295.  2313.  2428.  2450.  2483.  2492.  2549.  2591.  2592.  2601.
   2646.  3120.  3144.  3212.  3298.  3357.  3447.  3503.  3544.  3891.]
 [ 2120.  2165.  2232.  2277.  2295.  2364.  2390.  2428.  2429.  2500.
   2564.  2593.  2670.  2720.  2743.  2767.  2834.  2914.  3003.  3099.]
 [ 1263.  1302.  1347.  1407.  1472.  1539.  1698.  1797.  1893.  1896.
   1907.  1908.  1922.  2016.  2025.  2038.  2224.  2232.  2290.  2356.]
 [  526.   595.   943.   998.  1052.  1098.  1150.  1194.  1197.  1268.
   1348.  1355.  1421.  1446.  1451.  1495.  1539.  1615.  1698.  2071.]
 [  669.   738.   770.   853.   914.   985.  1024.  1080.  1149.  1181.
   1241.  1263.  1331.  1349.  1358.  1434.  1478.  1517.  1539.  1798.]
 [    0.    48.   140.   202.   250.   343.   370.   450.   498.   583.
    645.   669.   736.   824.   853.   858.   861.   938.   985.   998.]]
