optimal_status: 0
solution: 9510.0
cpu_time: 3600.5623350143433
gap: 0.862861993524505
upper_bound: 1304.182441581957
lower_bound: 9510.0
cg_matrix: [[0. 1. 1. 0. 0. 1. 0. 0. 1. 1. 1. 1. 1. 0. 1. 0. 1. 0. 0. 1.]
 [1. 0. 1. 1. 1. 1. 1. 0. 1. 1. 1. 1. 1. 0. 0. 0. 1. 1. 1. 1.]
 [1. 1. 0. 1. 0. 1. 0. 1. 1. 0. 1. 1. 1. 1. 1. 0. 1. 0. 0. 1.]
 [0. 1. 1. 0. 0. 0. 1. 1. 1. 0. 0. 1. 0. 1. 1. 0. 1. 0. 1. 0.]
 [0. 1. 0. 0. 0. 1. 1. 0. 0. 1. 1. 1. 0. 0. 0. 0. 1. 1. 1. 0.]
 [1. 1. 1. 0. 1. 0. 0. 1. 0. 0. 0. 1. 0. 1. 1. 0. 1. 0. 0. 1.]
 [0. 1. 0. 1. 1. 0. 0. 0. 0. 0. 1. 1. 1. 1. 1. 0. 1. 0. 1. 0.]
 [0. 0. 1. 1. 0. 1. 0. 0. 1. 1. 0. 0. 0. 1. 0. 0. 1. 0. 1. 0.]
 [1. 1. 1. 1. 0. 0. 0. 1. 0. 1. 1. 0. 0. 0. 1. 1. 1. 0. 0. 1.]
 [1. 1. 0. 0. 1. 0. 0. 1. 1. 0. 1. 0. 0. 0. 0. 1. 0. 1. 1. 0.]
 [1. 1. 1. 0. 1. 0. 1. 0. 1. 1. 0. 0. 0. 0. 0. 1. 1. 1. 1. 1.]
 [1. 1. 1. 1. 1. 1. 1. 0. 0. 0. 0. 0. 0. 0. 0. 0. 1. 1. 1. 0.]
 [1. 1. 1. 0. 0. 0. 1. 0. 0. 0. 0. 0. 0. 1. 1. 0. 0. 1. 0. 0.]
 [0. 0. 1. 1. 0. 1. 1. 1. 0. 0. 0. 0. 1. 0. 0. 1. 0. 1. 0. 1.]
 [1. 0. 1. 1. 0. 1. 1. 0. 1. 0. 0. 0. 1. 0. 0. 0. 1. 0. 1. 0.]
 [0. 0. 0. 0. 0. 0. 0. 0. 1. 1. 1. 0. 0. 1. 0. 0. 0. 1. 1. 0.]
 [1. 1. 1. 1. 1. 1. 1. 1. 1. 0. 1. 1. 0. 0. 1. 0. 0. 1. 0. 1.]
 [0. 1. 0. 0. 1. 0. 0. 0. 0. 1. 1. 1. 1. 1. 0. 1. 1. 0. 0. 0.]
 [0. 1. 0. 1. 1. 0. 1. 1. 0. 1. 1. 1. 0. 0. 1. 1. 0. 0. 0. 0.]
 [1. 1. 1. 0. 0. 1. 0. 0. 1. 0. 1. 0. 0. 1. 0. 0. 1. 0. 0. 0.]]
start_times_array: [[1.700e+01 5.110e+02 8.850e+02 9.440e+02 2.098e+03 2.475e+03 3.294e+03
  5.177e+03 5.226e+03 5.587e+03 5.797e+03 6.242e+03 6.726e+03 7.422e+03
  7.473e+03 7.760e+03 8.174e+03 8.379e+03 8.509e+03 8.914e+03]
 [2.150e+02 1.250e+03 1.681e+03 1.854e+03 1.952e+03 2.178e+03 2.994e+03
  4.494e+03 4.944e+03 6.222e+03 6.362e+03 6.755e+03 7.266e+03 7.610e+03
  8.555e+03 8.596e+03 8.777e+03 9.101e+03 9.349e+03 9.413e+03]
 [3.450e+02 8.490e+02 1.036e+03 2.020e+03 2.127e+03 2.836e+03 3.020e+03
  3.166e+03 3.182e+03 3.385e+03 3.392e+03 3.758e+03 4.224e+03 4.294e+03
  5.293e+03 5.946e+03 7.334e+03 8.440e+03 9.012e+03 9.427e+03]
 [1.570e+02 1.320e+03 1.355e+03 1.434e+03 1.684e+03 3.052e+03 3.102e+03
  3.848e+03 4.115e+03 4.385e+03 4.727e+03 4.800e+03 4.818e+03 5.157e+03
  7.085e+03 7.206e+03 7.422e+03 7.673e+03 7.759e+03 9.257e+03]
 [0.000e+00 1.060e+03 1.320e+03 1.544e+03 1.772e+03 2.112e+03 2.831e+03
  3.155e+03 4.727e+03 5.157e+03 5.227e+03 5.490e+03 5.965e+03 6.244e+03
  7.206e+03 7.759e+03 8.626e+03 8.741e+03 8.914e+03 9.181e+03]
 [2.000e+00 1.340e+02 4.220e+02 1.333e+03 1.420e+03 2.186e+03 2.313e+03
  2.571e+03 2.701e+03 5.365e+03 5.817e+03 5.901e+03 6.147e+03 6.894e+03
  6.966e+03 7.244e+03 7.250e+03 7.508e+03 7.532e+03 7.556e+03]
 [1.060e+02 1.100e+02 3.570e+02 5.530e+02 9.750e+02 1.101e+03 1.318e+03
  2.058e+03 2.313e+03 2.903e+03 4.879e+03 5.256e+03 5.289e+03 5.610e+03
  5.871e+03 6.061e+03 7.334e+03 7.370e+03 7.459e+03 7.513e+03]
 [8.700e+01 1.320e+02 2.240e+02 3.570e+02 5.530e+02 2.116e+03 2.590e+03
  2.963e+03 3.245e+03 3.474e+03 3.936e+03 3.956e+03 4.321e+03 4.822e+03
  4.876e+03 4.937e+03 5.482e+03 5.542e+03 6.062e+03 9.340e+03]
 [2.880e+02 4.560e+02 1.158e+03 2.186e+03 3.603e+03 4.024e+03 4.193e+03
  4.205e+03 5.365e+03 5.640e+03 5.683e+03 5.817e+03 6.038e+03 6.451e+03
  7.540e+03 7.950e+03 8.112e+03 8.626e+03 8.748e+03 9.237e+03]
 [1.333e+03 2.020e+03 2.285e+03 2.363e+03 2.405e+03 2.408e+03 2.571e+03
  2.687e+03 3.356e+03 3.418e+03 3.685e+03 3.809e+03 4.115e+03 4.647e+03
  5.424e+03 6.653e+03 6.814e+03 7.334e+03 7.839e+03 8.192e+03]
 [1.320e+02 5.910e+02 1.409e+03 1.684e+03 2.578e+03 3.063e+03 4.321e+03
  4.582e+03 4.823e+03 4.846e+03 5.552e+03 5.703e+03 6.095e+03 6.128e+03
  6.138e+03 7.059e+03 8.291e+03 8.422e+03 8.820e+03 9.257e+03]
 [7.800e+01 2.890e+02 7.080e+02 8.010e+02 9.190e+02 1.477e+03 2.251e+03
  3.319e+03 3.616e+03 3.936e+03 4.321e+03 4.582e+03 4.684e+03 4.823e+03
  5.539e+03 5.703e+03 6.095e+03 6.451e+03 7.125e+03 7.715e+03]
 [5.100e+01 5.910e+02 1.180e+03 1.361e+03 1.434e+03 1.464e+03 1.489e+03
  1.510e+03 1.684e+03 1.690e+03 2.393e+03 2.614e+03 2.635e+03 2.671e+03
  3.525e+03 4.015e+03 4.047e+03 4.387e+03 4.433e+03 4.624e+03]
 [2.310e+02 5.110e+02 6.350e+02 1.238e+03 2.235e+03 2.412e+03 2.743e+03
  3.321e+03 3.410e+03 3.418e+03 3.621e+03 3.631e+03 4.052e+03 4.547e+03
  6.451e+03 7.059e+03 7.125e+03 7.158e+03 7.175e+03 7.299e+03]
 [9.100e+01 2.150e+02 7.080e+02 1.250e+03 1.524e+03 3.255e+03 3.356e+03
  3.410e+03 3.936e+03 4.321e+03 4.937e+03 5.482e+03 5.703e+03 5.768e+03
  6.362e+03 6.400e+03 6.723e+03 7.600e+03 8.567e+03 9.101e+03]
 [1.290e+02 3.570e+02 5.740e+02 9.190e+02 1.050e+03 1.141e+03 2.836e+03
  2.994e+03 3.474e+03 3.769e+03 3.922e+03 4.465e+03 4.727e+03 4.774e+03
  4.944e+03 5.939e+03 5.946e+03 6.144e+03 7.177e+03 7.419e+03]
 [6.000e+02 6.670e+02 8.120e+02 1.619e+03 2.393e+03 3.534e+03 3.685e+03
  3.719e+03 4.279e+03 4.410e+03 5.016e+03 5.085e+03 6.294e+03 6.531e+03
  6.653e+03 6.814e+03 7.868e+03 8.032e+03 8.192e+03 8.247e+03]
 [3.220e+02 3.850e+02 4.810e+02 5.070e+02 2.905e+03 3.221e+03 3.831e+03
  3.914e+03 4.209e+03 4.876e+03 5.048e+03 5.207e+03 5.256e+03 5.797e+03
  6.626e+03 6.743e+03 6.894e+03 6.967e+03 7.502e+03 7.946e+03]
 [2.000e+00 7.700e+01 3.220e+02 4.800e+02 6.670e+02 7.020e+02 8.120e+02
  8.850e+02 1.180e+03 1.803e+03 2.235e+03 2.438e+03 2.905e+03 3.347e+03
  4.224e+03 4.410e+03 5.381e+03 5.797e+03 5.862e+03 5.863e+03]
 [4.700e+01 9.600e+01 3.510e+02 4.010e+02 7.320e+02 7.920e+02 1.124e+03
  1.488e+03 1.804e+03 2.662e+03 2.739e+03 2.899e+03 3.245e+03 3.848e+03
  3.868e+03 7.696e+03 7.798e+03 7.839e+03 7.946e+03 8.658e+03]]
