optimal_status: 0
solution: 72637.0
cpu_time: 3603.869572162628
gap: 0.9543537172853008
upper_bound: 3315.609037547601
lower_bound: 72637.0
cg_matrix: [[0. 0. 0. 1. 0. 0. 0. 0. 0. 0. 0. 0. 0. 0. 0. 0. 0. 0. 0. 0. 0. 0. 0. 0.
  0. 1. 0. 1. 0. 0. 0. 0. 0. 0. 0. 0. 0. 0. 0. 0. 0. 0. 0. 0. 0. 0. 0. 1.
  0. 0. 0. 0. 0. 0. 0. 0. 1. 0. 0. 1. 0. 0. 1. 0. 0. 0. 1. 1. 0. 0. 0. 0.
  0. 0. 0. 0. 0. 0. 1. 1. 0. 0. 0. 0. 1. 0. 0. 0. 0. 1. 0. 0. 0. 0. 0. 0.
  0. 0. 0. 0.]
 [0. 0. 0. 0. 0. 0. 0. 0. 0. 0. 1. 0. 0. 0. 1. 0. 0. 0. 1. 0. 0. 1. 0. 0.
  0. 1. 0. 0. 0. 1. 0. 1. 0. 0. 0. 0. 0. 0. 0. 0. 0. 0. 0. 0. 0. 0. 0. 0.
  0. 0. 1. 1. 0. 0. 0. 1. 0. 0. 0. 0. 0. 0. 0. 0. 0. 0. 1. 0. 0. 1. 0. 0.
  0. 0. 1. 0. 0. 0. 1. 0. 0. 0. 0. 0. 0. 0. 0. 0. 0. 1. 1. 0. 1. 0. 1. 0.
  0. 1. 0. 0.]
 [0. 0. 0. 0. 1. 1. 0. 1. 0. 0. 0. 0. 0. 1. 0. 0. 0. 0. 0. 0. 0. 0. 0. 0.
  1. 0. 0. 1. 0. 0. 1. 1. 0. 0. 0. 0. 1. 0. 0. 0. 0. 0. 0. 0. 0. 0. 0. 0.
  1. 0. 1. 0. 0. 0. 0. 0. 0. 0. 1. 0. 0. 1. 0. 0. 0. 0. 1. 0. 0. 0. 0. 0.
  1. 0. 0. 1. 1. 0. 0. 0. 0. 0. 0. 0. 0. 1. 0. 0. 1. 0. 0. 1. 0. 0. 0. 0.
  0. 0. 0. 1.]
 [1. 0. 0. 0. 0. 0. 1. 1. 0. 0. 0. 0. 0. 0. 1. 0. 0. 1. 0. 0. 1. 0. 0. 1.
  0. 0. 0. 0. 0. 1. 1. 0. 1. 0. 0. 0. 1. 0. 1. 0. 0. 0. 1. 0. 0. 0. 0. 0.
  0. 0. 0. 0. 0. 0. 0. 0. 0. 1. 0. 0. 0. 1. 0. 1. 0. 0. 1. 0. 1. 0. 1. 0.
  0. 0. 0. 0. 1. 0. 0. 0. 1. 0. 0. 0. 0. 0. 0. 0. 0. 0. 0. 1. 0. 0. 0. 0.
  1. 0. 0. 0.]
 [0. 0. 1. 0. 0. 0. 1. 1. 0. 0. 0. 0. 1. 0. 0. 0. 0. 1. 0. 1. 0. 0. 0. 0.
  1. 0. 0. 1. 1. 0. 0. 0. 0. 1. 0. 0. 0. 1. 0. 0. 0. 0. 0. 0. 0. 1. 1. 1.
  0. 0. 0. 1. 0. 0. 0. 1. 0. 1. 0. 0. 0. 0. 0. 0. 0. 0. 0. 0. 1. 0. 0. 0.
  0. 1. 0. 0. 0. 0. 0. 1. 0. 0. 0. 0. 1. 1. 0. 1. 0. 0. 0. 1. 0. 0. 1. 1.
  1. 0. 0. 0.]
 [0. 0. 1. 0. 0. 0. 0. 0. 0. 0. 0. 0. 1. 0. 0. 1. 0. 0. 0. 0. 0. 0. 0. 0.
  0. 0. 0. 0. 0. 0. 0. 0. 0. 0. 0. 0. 0. 0. 0. 0. 0. 1. 0. 0. 0. 1. 1. 0.
  1. 0. 0. 0. 0. 0. 0. 0. 0. 0. 1. 0. 0. 1. 1. 1. 0. 0. 0. 1. 0. 0. 0. 0.
  0. 0. 1. 0. 0. 0. 1. 0. 0. 0. 0. 0. 0. 0. 0. 0. 0. 0. 0. 0. 0. 0. 0. 0.
  0. 0. 0. 0.]
 [0. 0. 0. 1. 1. 0. 0. 0. 1. 0. 1. 1. 0. 0. 0. 0. 0. 0. 0. 0. 0. 0. 0. 0.
  0. 0. 0. 1. 0. 0. 0. 0. 0. 0. 0. 0. 1. 1. 0. 1. 0. 1. 0. 1. 0. 0. 0. 0.
  0. 0. 1. 1. 0. 0. 0. 0. 0. 0. 0. 0. 1. 1. 0. 0. 0. 0. 0. 0. 0. 1. 0. 0.
  1. 1. 0. 1. 0. 1. 0. 0. 0. 0. 0. 0. 0. 0. 0. 0. 0. 0. 0. 0. 0. 0. 0. 0.
  0. 0. 0. 0.]
 [0. 0. 1. 1. 1. 0. 0. 0. 0. 0. 1. 0. 0. 0. 1. 1. 1. 0. 0. 0. 0. 1. 0. 0.
  0. 0. 0. 1. 0. 0. 1. 0. 0. 0. 0. 0. 0. 1. 0. 0. 0. 1. 0. 0. 0. 0. 0. 0.
  0. 0. 0. 1. 0. 0. 0. 1. 1. 0. 0. 1. 1. 0. 0. 0. 0. 0. 0. 0. 0. 1. 0. 1.
  0. 0. 0. 0. 0. 0. 0. 0. 0. 0. 0. 0. 0. 0. 0. 0. 0. 0. 0. 0. 0. 0. 0. 0.
  0. 0. 0. 0.]
 [0. 0. 0. 0. 0. 0. 1. 0. 0. 0. 0. 0. 0. 0. 0. 0. 0. 0. 0. 0. 0. 0. 0. 0.
  0. 0. 0. 0. 0. 0. 0. 1. 0. 0. 0. 1. 0. 0. 0. 0. 0. 0. 0. 0. 0. 0. 0. 1.
  0. 0. 0. 0. 0. 0. 1. 0. 0. 1. 1. 0. 0. 0. 0. 0. 0. 0. 1. 0. 0. 0. 1. 0.
  0. 0. 0. 0. 1. 0. 0. 0. 0. 0. 0. 0. 0. 0. 0. 0. 0. 0. 0. 0. 0. 0. 0. 0.
  0. 0. 0. 0.]
 [0. 0. 0. 0. 0. 0. 0. 0. 0. 0. 0. 0. 0. 0. 0. 0. 1. 0. 0. 0. 0. 0. 0. 0.
  0. 0. 0. 1. 0. 0. 0. 0. 0. 1. 0. 1. 0. 0. 0. 0. 0. 0. 0. 0. 0. 0. 0. 1.
  1. 0. 0. 0. 1. 0. 0. 1. 0. 0. 0. 0. 0. 0. 0. 0. 0. 1. 0. 1. 0. 0. 0. 0.
  0. 1. 1. 0. 0. 0. 0. 0. 0. 0. 0. 1. 1. 0. 0. 0. 1. 0. 0. 0. 0. 0. 0. 0.
  0. 1. 0. 0.]
 [0. 1. 0. 0. 0. 0. 1. 1. 0. 0. 0. 0. 0. 0. 0. 0. 0. 0. 0. 0. 0. 0. 0. 0.
  1. 0. 0. 0. 0. 1. 0. 0. 0. 0. 0. 0. 0. 0. 1. 0. 1. 0. 1. 0. 0. 0. 0. 0.
  0. 0. 0. 0. 0. 0. 0. 0. 0. 0. 1. 0. 0. 0. 0. 0. 0. 0. 0. 0. 0. 1. 0. 0.
  0. 0. 0. 0. 0. 0. 0. 0. 0. 1. 0. 0. 0. 0. 0. 1. 1. 0. 0. 0. 0. 0. 0. 0.
  0. 0. 0. 0.]
 [0. 0. 0. 0. 0. 0. 1. 0. 0. 0. 0. 0. 0. 0. 0. 0. 0. 1. 0. 0. 0. 0. 1. 0.
  0. 0. 0. 0. 0. 0. 0. 0. 0. 1. 0. 0. 1. 0. 1. 0. 1. 0. 0. 0. 1. 0. 0. 0.
  0. 0. 0. 0. 1. 0. 0. 1. 0. 1. 0. 1. 0. 0. 0. 0. 0. 1. 0. 0. 0. 0. 0. 0.
  0. 0. 1. 0. 0. 0. 0. 0. 0. 0. 0. 0. 0. 0. 0. 0. 0. 0. 1. 0. 0. 0. 0. 1.
  1. 1. 0. 0.]
 [0. 0. 0. 0. 1. 1. 0. 0. 0. 0. 0. 0. 0. 0. 0. 0. 0. 0. 0. 0. 0. 0. 1. 1.
  0. 1. 0. 0. 0. 0. 0. 0. 0. 0. 0. 0. 0. 1. 0. 0. 0. 0. 1. 0. 0. 0. 1. 0.
  0. 0. 0. 1. 0. 1. 1. 0. 0. 1. 0. 1. 0. 0. 1. 0. 0. 0. 1. 0. 0. 0. 1. 0.
  1. 0. 0. 1. 0. 0. 0. 0. 0. 0. 0. 0. 0. 0. 0. 0. 1. 1. 0. 1. 0. 0. 0. 0.
  0. 0. 0. 0.]
 [0. 0. 1. 0. 0. 0. 0. 0. 0. 0. 0. 0. 0. 0. 0. 0. 1. 0. 0. 0. 0. 0. 0. 0.
  0. 0. 0. 1. 1. 0. 0. 1. 1. 1. 1. 1. 0. 0. 0. 0. 0. 0. 0. 0. 0. 0. 0. 0.
  1. 0. 0. 0. 0. 0. 0. 0. 0. 1. 0. 0. 0. 0. 0. 0. 0. 0. 0. 0. 0. 0. 0. 0.
  0. 0. 0. 0. 1. 1. 1. 0. 1. 0. 0. 0. 1. 0. 0. 1. 0. 0. 0. 0. 1. 0. 0. 1.
  0. 1. 0. 0.]
 [0. 1. 0. 1. 0. 0. 0. 1. 0. 0. 0. 0. 0. 0. 0. 1. 0. 0. 0. 0. 0. 0. 0. 0.
  0. 1. 0. 0. 0. 0. 0. 1. 0. 0. 0. 0. 0. 0. 0. 0. 0. 0. 0. 0. 0. 0. 0. 1.
  0. 0. 0. 1. 1. 0. 0. 0. 0. 0. 0. 1. 0. 0. 1. 1. 0. 1. 0. 0. 0. 0. 1. 0.
  0. 0. 0. 0. 0. 0. 1. 1. 0. 0. 0. 0. 0. 0. 0. 0. 0. 0. 0. 1. 0. 0. 0. 0.
  0. 0. 0. 0.]
 [0. 0. 0. 0. 0. 1. 0. 1. 0. 0. 0. 0. 0. 0. 1. 0. 0. 0. 0. 0. 0. 0. 1. 0.
  0. 0. 0. 0. 0. 1. 1. 0. 0. 0. 0. 0. 1. 0. 0. 0. 0. 0. 0. 1. 0. 1. 0. 1.
  0. 0. 0. 0. 0. 0. 0. 0. 0. 0. 0. 0. 0. 0. 0. 1. 0. 0. 0. 0. 0. 0. 1. 0.
  0. 1. 0. 0. 0. 0. 1. 1. 0. 0. 0. 0. 0. 1. 0. 0. 0. 0. 0. 0. 0. 0. 0. 0.
  0. 0. 0. 0.]
 [0. 0. 0. 0. 0. 0. 0. 1. 0. 1. 0. 0. 0. 1. 0. 0. 0. 0. 0. 0. 0. 0. 0. 0.
  0. 0. 1. 0. 0. 0. 1. 0. 0. 0. 0. 1. 1. 0. 0. 0. 0. 1. 0. 0. 0. 0. 0. 1.
  0. 0. 1. 0. 0. 1. 0. 0. 1. 0. 1. 0. 0. 0. 0. 1. 0. 0. 0. 0. 1. 0. 0. 0.
  1. 0. 0. 1. 0. 0. 1. 0. 0. 0. 0. 0. 0. 0. 1. 0. 1. 0. 1. 0. 0. 1. 0. 1.
  0. 0. 0. 0.]
 [0. 0. 0. 1. 1. 0. 0. 0. 0. 0. 0. 1. 0. 0. 0. 0. 0. 0. 0. 1. 0. 0. 1. 0.
  0. 0. 1. 1. 0. 0. 0. 0. 0. 0. 0. 0. 0. 0. 0. 0. 0. 0. 0. 0. 1. 1. 0. 0.
  1. 1. 0. 0. 0. 1. 1. 1. 1. 0. 0. 0. 0. 0. 0. 0. 0. 1. 0. 0. 0. 1. 0. 0.
  0. 0. 0. 0. 0. 0. 0. 0. 0. 1. 0. 0. 0. 0. 0. 0. 0. 0. 0. 0. 0. 0. 0. 0.
  0. 0. 0. 0.]
 [0. 1. 0. 0. 0. 0. 0. 0. 0. 0. 0. 0. 0. 0. 0. 0. 0. 0. 0. 0. 0. 0. 0. 0.
  1. 1. 0. 0. 0. 0. 0. 0. 0. 0. 0. 0. 0. 0. 0. 0. 0. 0. 0. 0. 0. 0. 0. 0.
  0. 0. 0. 0. 0. 0. 0. 1. 0. 0. 0. 0. 0. 0. 0. 1. 0. 1. 0. 0. 0. 0. 0. 0.
  1. 0. 0. 1. 0. 0. 0. 0. 0. 1. 0. 0. 0. 0. 0. 0. 1. 1. 0. 0. 0. 0. 0. 0.
  0. 1. 0. 0.]
 [0. 0. 0. 0. 1. 0. 0. 0. 0. 0. 0. 0. 0. 0. 0. 0. 0. 1. 0. 0. 0. 1. 1. 1.
  0. 1. 0. 1. 1. 0. 0. 1. 0. 0. 1. 0. 0. 1. 0. 0. 0. 0. 0. 1. 0. 0. 0. 0.
  1. 1. 0. 0. 0. 1. 0. 0. 0. 0. 0. 0. 0. 0. 0. 1. 1. 0. 0. 0. 0. 0. 0. 0.
  0. 0. 0. 0. 0. 0. 1. 0. 0. 1. 0. 0. 1. 0. 0. 0. 0. 1. 0. 0. 0. 1. 0. 0.
  1. 1. 0. 1.]
 [0. 0. 0. 1. 0. 0. 0. 0. 0. 0. 0. 0. 0. 0. 0. 0. 0. 0. 0. 0. 0. 0. 0. 0.
  0. 0. 0. 0. 0. 0. 0. 0. 0. 0. 0. 0. 0. 0. 0. 0. 0. 0. 0. 0. 0. 0. 0. 0.
  0. 0. 0. 0. 0. 0. 0. 0. 0. 0. 0. 0. 0. 0. 0. 0. 0. 0. 0. 0. 0. 0. 0. 0.
  0. 0. 0. 0. 0. 0. 0. 0. 0. 0. 0. 0. 0. 0. 0. 0. 0. 0. 0. 0. 0. 0. 0. 0.
  0. 0. 0. 0.]
 [0. 1. 0. 0. 0. 0. 0. 1. 0. 0. 0. 0. 0. 0. 0. 0. 0. 0. 0. 1. 0. 0. 0. 0.
  0. 0. 0. 0. 0. 0. 0. 0. 0. 0. 0. 0. 0. 0. 0. 0. 0. 0. 0. 0. 0. 0. 0. 0.
  0. 0. 0. 0. 0. 0. 0. 0. 0. 0. 0. 0. 0. 0. 0. 0. 0. 0. 0. 0. 0. 0. 0. 0.
  0. 0. 0. 0. 0. 0. 0. 0. 0. 0. 0. 0. 0. 0. 0. 0. 0. 0. 0. 0. 0. 0. 0. 0.
  0. 0. 0. 0.]
 [0. 0. 0. 0. 0. 0. 0. 0. 0. 0. 0. 1. 1. 0. 0. 1. 0. 1. 0. 1. 0. 0. 0. 0.
  0. 0. 0. 0. 0. 0. 0. 0. 0. 0. 0. 0. 0. 0. 0. 0. 0. 0. 0. 0. 0. 0. 0. 0.
  0. 0. 0. 0. 0. 0. 0. 0. 0. 0. 0. 0. 0. 0. 0. 0. 0. 0. 0. 0. 0. 0. 0. 0.
  0. 0. 0. 0. 0. 0. 0. 0. 0. 0. 0. 0. 0. 0. 0. 0. 0. 0. 0. 0. 0. 0. 0. 0.
  0. 0. 0. 0.]
 [0. 0. 0. 1. 0. 0. 0. 0. 0. 0. 0. 0. 1. 0. 0. 0. 0. 0. 0. 1. 0. 0. 0. 0.
  0. 0. 0. 0. 0. 0. 0. 0. 0. 0. 0. 0. 0. 0. 0. 0. 0. 0. 0. 0. 0. 0. 0. 0.
  0. 0. 0. 0. 0. 0. 0. 0. 0. 0. 0. 0. 0. 0. 0. 0. 0. 0. 0. 0. 0. 0. 0. 0.
  0. 0. 0. 0. 0. 0. 0. 0. 0. 0. 0. 0. 0. 0. 0. 0. 0. 0. 0. 0. 0. 0. 0. 0.
  0. 0. 0. 0.]
 [0. 0. 1. 0. 1. 0. 0. 0. 0. 0. 1. 0. 0. 0. 0. 0. 0. 0. 1. 0. 0. 0. 0. 0.
  0. 0. 0. 0. 0. 0. 0. 0. 0. 0. 0. 0. 0. 0. 0. 0. 0. 0. 0. 0. 0. 0. 0. 0.
  0. 0. 0. 0. 0. 0. 0. 0. 0. 0. 0. 0. 0. 0. 0. 0. 0. 0. 0. 0. 0. 0. 0. 0.
  0. 0. 0. 0. 0. 0. 0. 0. 0. 0. 0. 0. 0. 0. 0. 0. 0. 0. 0. 0. 0. 0. 0. 0.
  0. 0. 0. 0.]
 [1. 1. 0. 0. 0. 0. 0. 0. 0. 0. 0. 0. 1. 0. 1. 0. 0. 0. 1. 1. 0. 0. 0. 0.
  0. 0. 0. 0. 0. 0. 0. 0. 0. 0. 0. 0. 0. 0. 0. 0. 0. 0. 0. 0. 0. 0. 0. 0.
  0. 0. 0. 0. 0. 0. 0. 0. 0. 0. 0. 0. 0. 0. 0. 0. 0. 0. 0. 0. 0. 0. 0. 0.
  0. 0. 0. 0. 0. 0. 0. 0. 0. 0. 0. 0. 0. 0. 0. 0. 0. 0. 0. 0. 0. 0. 0. 0.
  0. 0. 0. 0.]
 [0. 0. 0. 0. 0. 0. 0. 0. 0. 0. 0. 0. 0. 0. 0. 0. 1. 1. 0. 0. 0. 0. 0. 0.
  0. 0. 0. 0. 0. 0. 0. 0. 0. 0. 0. 0. 0. 0. 0. 0. 0. 0. 0. 0. 0. 0. 0. 0.
  0. 0. 0. 0. 0. 0. 0. 0. 0. 0. 0. 0. 0. 0. 0. 0. 0. 0. 0. 0. 0. 0. 0. 0.
  0. 0. 0. 0. 0. 0. 0. 0. 0. 0. 0. 0. 0. 0. 0. 0. 0. 0. 0. 0. 0. 0. 0. 0.
  0. 0. 0. 0.]
 [1. 0. 1. 0. 1. 0. 1. 1. 0. 1. 0. 0. 0. 1. 0. 0. 0. 1. 0. 1. 0. 0. 0. 0.
  0. 0. 0. 0. 0. 0. 0. 0. 0. 0. 0. 0. 0. 0. 0. 0. 0. 0. 0. 0. 0. 0. 0. 0.
  0. 0. 0. 0. 0. 0. 0. 0. 0. 0. 0. 0. 0. 0. 0. 0. 0. 0. 0. 0. 0. 0. 0. 0.
  0. 0. 0. 0. 0. 0. 0. 0. 0. 0. 0. 0. 0. 0. 0. 0. 0. 0. 0. 0. 0. 0. 0. 0.
  0. 0. 0. 0.]
 [0. 0. 0. 0. 1. 0. 0. 0. 0. 0. 0. 0. 0. 1. 0. 0. 0. 0. 0. 1. 0. 0. 0. 0.
  0. 0. 0. 0. 0. 0. 0. 0. 0. 0. 0. 0. 0. 0. 0. 0. 0. 0. 0. 0. 0. 0. 0. 0.
  0. 0. 0. 0. 0. 0. 0. 0. 0. 0. 0. 0. 0. 0. 0. 0. 0. 0. 0. 0. 0. 0. 0. 0.
  0. 0. 0. 0. 0. 0. 0. 0. 0. 0. 0. 0. 0. 0. 0. 0. 0. 0. 0. 0. 0. 0. 0. 0.
  0. 0. 0. 0.]
 [0. 1. 0. 1. 0. 0. 0. 0. 0. 0. 1. 0. 0. 0. 0. 1. 0. 0. 0. 0. 0. 0. 0. 0.
  0. 0. 0. 0. 0. 0. 0. 0. 0. 0. 0. 0. 0. 0. 0. 0. 0. 0. 0. 0. 0. 0. 0. 0.
  0. 0. 0. 0. 0. 0. 0. 0. 0. 0. 0. 0. 0. 0. 0. 0. 0. 0. 0. 0. 0. 0. 0. 0.
  0. 0. 0. 0. 0. 0. 0. 0. 0. 0. 0. 0. 0. 0. 0. 0. 0. 0. 0. 0. 0. 0. 0. 0.
  0. 0. 0. 0.]
 [0. 0. 1. 1. 0. 0. 0. 1. 0. 0. 0. 0. 0. 0. 0. 1. 1. 0. 0. 0. 0. 0. 0. 0.
  0. 0. 0. 0. 0. 0. 0. 0. 0. 0. 0. 0. 0. 0. 0. 0. 0. 0. 0. 0. 0. 0. 0. 0.
  0. 0. 0. 0. 0. 0. 0. 0. 0. 0. 0. 0. 0. 0. 0. 0. 0. 0. 0. 0. 0. 0. 0. 0.
  0. 0. 0. 0. 0. 0. 0. 0. 0. 0. 0. 0. 0. 0. 0. 0. 0. 0. 0. 0. 0. 0. 0. 0.
  0. 0. 0. 0.]
 [0. 1. 1. 0. 0. 0. 0. 0. 1. 0. 0. 0. 0. 1. 1. 0. 0. 0. 0. 1. 0. 0. 0. 0.
  0. 0. 0. 0. 0. 0. 0. 0. 0. 0. 0. 0. 0. 0. 0. 0. 0. 0. 0. 0. 0. 0. 0. 0.
  0. 0. 0. 0. 0. 0. 0. 0. 0. 0. 0. 0. 0. 0. 0. 0. 0. 0. 0. 0. 0. 0. 0. 0.
  0. 0. 0. 0. 0. 0. 0. 0. 0. 0. 0. 0. 0. 0. 0. 0. 0. 0. 0. 0. 0. 0. 0. 0.
  0. 0. 0. 0.]
 [0. 0. 0. 1. 0. 0. 0. 0. 0. 0. 0. 0. 0. 1. 0. 0. 0. 0. 0. 0. 0. 0. 0. 0.
  0. 0. 0. 0. 0. 0. 0. 0. 0. 0. 0. 0. 0. 0. 0. 0. 0. 0. 0. 0. 0. 0. 0. 0.
  0. 0. 0. 0. 0. 0. 0. 0. 0. 0. 0. 0. 0. 0. 0. 0. 0. 0. 0. 0. 0. 0. 0. 0.
  0. 0. 0. 0. 0. 0. 0. 0. 0. 0. 0. 0. 0. 0. 0. 0. 0. 0. 0. 0. 0. 0. 0. 0.
  0. 0. 0. 0.]
 [0. 0. 0. 0. 1. 0. 0. 0. 0. 1. 0. 1. 0. 1. 0. 0. 0. 0. 0. 0. 0. 0. 0. 0.
  0. 0. 0. 0. 0. 0. 0. 0. 0. 0. 0. 0. 0. 0. 0. 0. 0. 0. 0. 0. 0. 0. 0. 0.
  0. 0. 0. 0. 0. 0. 0. 0. 0. 0. 0. 0. 0. 0. 0. 0. 0. 0. 0. 0. 0. 0. 0. 0.
  0. 0. 0. 0. 0. 0. 0. 0. 0. 0. 0. 0. 0. 0. 0. 0. 0. 0. 0. 0. 0. 0. 0. 0.
  0. 0. 0. 0.]
 [0. 0. 0. 0. 0. 0. 0. 0. 0. 0. 0. 0. 0. 1. 0. 0. 0. 0. 0. 1. 0. 0. 0. 0.
  0. 0. 0. 0. 0. 0. 0. 0. 0. 0. 0. 0. 0. 0. 0. 0. 0. 0. 0. 0. 0. 0. 0. 0.
  0. 0. 0. 0. 0. 0. 0. 0. 0. 0. 0. 0. 0. 0. 0. 0. 0. 0. 0. 0. 0. 0. 0. 0.
  0. 0. 0. 0. 0. 0. 0. 0. 0. 0. 0. 0. 0. 0. 0. 0. 0. 0. 0. 0. 0. 0. 0. 0.
  0. 0. 0. 0.]
 [0. 0. 0. 0. 0. 0. 0. 0. 1. 1. 0. 0. 0. 1. 0. 0. 1. 0. 0. 0. 0. 0. 0. 0.
  0. 0. 0. 0. 0. 0. 0. 0. 0. 0. 0. 0. 0. 0. 0. 0. 0. 0. 0. 0. 0. 0. 0. 0.
  0. 0. 0. 0. 0. 0. 0. 0. 0. 0. 0. 0. 0. 0. 0. 0. 0. 0. 0. 0. 0. 0. 0. 0.
  0. 0. 0. 0. 0. 0. 0. 0. 0. 0. 0. 0. 0. 0. 0. 0. 0. 0. 0. 0. 0. 0. 0. 0.
  0. 0. 0. 0.]
 [0. 0. 1. 1. 0. 0. 1. 0. 0. 0. 0. 1. 0. 0. 0. 1. 1. 0. 0. 0. 0. 0. 0. 0.
  0. 0. 0. 0. 0. 0. 0. 0. 0. 0. 0. 0. 0. 0. 0. 0. 0. 0. 0. 0. 0. 0. 0. 0.
  0. 0. 0. 0. 0. 0. 0. 0. 0. 0. 0. 0. 0. 0. 0. 0. 0. 0. 0. 0. 0. 0. 0. 0.
  0. 0. 0. 0. 0. 0. 0. 0. 0. 0. 0. 0. 0. 0. 0. 0. 0. 0. 0. 0. 0. 0. 0. 0.
  0. 0. 0. 0.]
 [0. 0. 0. 0. 1. 0. 1. 1. 0. 0. 0. 0. 1. 0. 0. 0. 0. 0. 0. 1. 0. 0. 0. 0.
  0. 0. 0. 0. 0. 0. 0. 0. 0. 0. 0. 0. 0. 0. 0. 0. 0. 0. 0. 0. 0. 0. 0. 0.
  0. 0. 0. 0. 0. 0. 0. 0. 0. 0. 0. 0. 0. 0. 0. 0. 0. 0. 0. 0. 0. 0. 0. 0.
  0. 0. 0. 0. 0. 0. 0. 0. 0. 0. 0. 0. 0. 0. 0. 0. 0. 0. 0. 0. 0. 0. 0. 0.
  0. 0. 0. 0.]
 [0. 0. 0. 1. 0. 0. 0. 0. 0. 0. 1. 1. 0. 0. 0. 0. 0. 0. 0. 0. 0. 0. 0. 0.
  0. 0. 0. 0. 0. 0. 0. 0. 0. 0. 0. 0. 0. 0. 0. 0. 0. 0. 0. 0. 0. 0. 0. 0.
  0. 0. 0. 0. 0. 0. 0. 0. 0. 0. 0. 0. 0. 0. 0. 0. 0. 0. 0. 0. 0. 0. 0. 0.
  0. 0. 0. 0. 0. 0. 0. 0. 0. 0. 0. 0. 0. 0. 0. 0. 0. 0. 0. 0. 0. 0. 0. 0.
  0. 0. 0. 0.]
 [0. 0. 0. 0. 0. 0. 1. 0. 0. 0. 0. 0. 0. 0. 0. 0. 0. 0. 0. 0. 0. 0. 0. 0.
  0. 0. 0. 0. 0. 0. 0. 0. 0. 0. 0. 0. 0. 0. 0. 0. 0. 0. 0. 0. 0. 0. 0. 0.
  0. 0. 0. 0. 0. 0. 0. 0. 0. 0. 0. 0. 0. 0. 0. 0. 0. 0. 0. 0. 0. 0. 0. 0.
  0. 0. 0. 0. 0. 0. 0. 0. 0. 0. 0. 0. 0. 0. 0. 0. 0. 0. 0. 0. 0. 0. 0. 0.
  0. 0. 0. 0.]
 [0. 0. 0. 0. 0. 0. 0. 0. 0. 0. 1. 1. 0. 0. 0. 0. 0. 0. 0. 0. 0. 0. 0. 0.
  0. 0. 0. 0. 0. 0. 0. 0. 0. 0. 0. 0. 0. 0. 0. 0. 0. 0. 0. 0. 0. 0. 0. 0.
  0. 0. 0. 0. 0. 0. 0. 0. 0. 0. 0. 0. 0. 0. 0. 0. 0. 0. 0. 0. 0. 0. 0. 0.
  0. 0. 0. 0. 0. 0. 0. 0. 0. 0. 0. 0. 0. 0. 0. 0. 0. 0. 0. 0. 0. 0. 0. 0.
  0. 0. 0. 0.]
 [0. 0. 0. 0. 0. 1. 1. 1. 0. 0. 0. 0. 0. 0. 0. 0. 1. 0. 0. 0. 0. 0. 0. 0.
  0. 0. 0. 0. 0. 0. 0. 0. 0. 0. 0. 0. 0. 0. 0. 0. 0. 0. 0. 0. 0. 0. 0. 0.
  0. 0. 0. 0. 0. 0. 0. 0. 0. 0. 0. 0. 0. 0. 0. 0. 0. 0. 0. 0. 0. 0. 0. 0.
  0. 0. 0. 0. 0. 0. 0. 0. 0. 0. 0. 0. 0. 0. 0. 0. 0. 0. 0. 0. 0. 0. 0. 0.
  0. 0. 0. 0.]
 [0. 0. 0. 1. 0. 0. 0. 0. 0. 0. 1. 0. 1. 0. 0. 0. 0. 0. 0. 0. 0. 0. 0. 0.
  0. 0. 0. 0. 0. 0. 0. 0. 0. 0. 0. 0. 0. 0. 0. 0. 0. 0. 0. 0. 0. 0. 0. 0.
  0. 0. 0. 0. 0. 0. 0. 0. 0. 0. 0. 0. 0. 0. 0. 0. 0. 0. 0. 0. 0. 0. 0. 0.
  0. 0. 0. 0. 0. 0. 0. 0. 0. 0. 0. 0. 0. 0. 0. 0. 0. 0. 0. 0. 0. 0. 0. 0.
  0. 0. 0. 0.]
 [0. 0. 0. 0. 0. 0. 1. 0. 0. 0. 0. 0. 0. 0. 0. 1. 0. 0. 0. 1. 0. 0. 0. 0.
  0. 0. 0. 0. 0. 0. 0. 0. 0. 0. 0. 0. 0. 0. 0. 0. 0. 0. 0. 0. 0. 0. 0. 0.
  0. 0. 0. 0. 0. 0. 0. 0. 0. 0. 0. 0. 0. 0. 0. 0. 0. 0. 0. 0. 0. 0. 0. 0.
  0. 0. 0. 0. 0. 0. 0. 0. 0. 0. 0. 0. 0. 0. 0. 0. 0. 0. 0. 0. 0. 0. 0. 0.
  0. 0. 0. 0.]
 [0. 0. 0. 0. 0. 0. 0. 0. 0. 0. 0. 1. 0. 0. 0. 0. 0. 1. 0. 0. 0. 0. 0. 0.
  0. 0. 0. 0. 0. 0. 0. 0. 0. 0. 0. 0. 0. 0. 0. 0. 0. 0. 0. 0. 0. 0. 0. 0.
  0. 0. 0. 0. 0. 0. 0. 0. 0. 0. 0. 0. 0. 0. 0. 0. 0. 0. 0. 0. 0. 0. 0. 0.
  0. 0. 0. 0. 0. 0. 0. 0. 0. 0. 0. 0. 0. 0. 0. 0. 0. 0. 0. 0. 0. 0. 0. 0.
  0. 0. 0. 0.]
 [0. 0. 0. 0. 1. 1. 0. 0. 0. 0. 0. 0. 0. 0. 0. 1. 0. 1. 0. 0. 0. 0. 0. 0.
  0. 0. 0. 0. 0. 0. 0. 0. 0. 0. 0. 0. 0. 0. 0. 0. 0. 0. 0. 0. 0. 0. 0. 0.
  0. 0. 0. 0. 0. 0. 0. 0. 0. 0. 0. 0. 0. 0. 0. 0. 0. 0. 0. 0. 0. 0. 0. 0.
  0. 0. 0. 0. 0. 0. 0. 0. 0. 0. 0. 0. 0. 0. 0. 0. 0. 0. 0. 0. 0. 0. 0. 0.
  0. 0. 0. 0.]
 [0. 0. 0. 0. 1. 1. 0. 0. 0. 0. 0. 0. 1. 0. 0. 0. 0. 0. 0. 0. 0. 0. 0. 0.
  0. 0. 0. 0. 0. 0. 0. 0. 0. 0. 0. 0. 0. 0. 0. 0. 0. 0. 0. 0. 0. 0. 0. 0.
  0. 0. 0. 0. 0. 0. 0. 0. 0. 0. 0. 0. 0. 0. 0. 0. 0. 0. 0. 0. 0. 0. 0. 0.
  0. 0. 0. 0. 0. 0. 0. 0. 0. 0. 0. 0. 0. 0. 0. 0. 0. 0. 0. 0. 0. 0. 0. 0.
  0. 0. 0. 0.]
 [1. 0. 0. 0. 1. 0. 0. 0. 1. 1. 0. 0. 0. 0. 1. 1. 1. 0. 0. 0. 0. 0. 0. 0.
  0. 0. 0. 0. 0. 0. 0. 0. 0. 0. 0. 0. 0. 0. 0. 0. 0. 0. 0. 0. 0. 0. 0. 0.
  0. 0. 0. 0. 0. 0. 0. 0. 0. 0. 0. 0. 0. 0. 0. 0. 0. 0. 0. 0. 0. 0. 0. 0.
  0. 0. 0. 0. 0. 0. 0. 0. 0. 0. 0. 0. 0. 0. 0. 0. 0. 0. 0. 0. 0. 0. 0. 0.
  0. 0. 0. 0.]
 [0. 0. 1. 0. 0. 1. 0. 0. 0. 1. 0. 0. 0. 1. 0. 0. 0. 1. 0. 1. 0. 0. 0. 0.
  0. 0. 0. 0. 0. 0. 0. 0. 0. 0. 0. 0. 0. 0. 0. 0. 0. 0. 0. 0. 0. 0. 0. 0.
  0. 0. 0. 0. 0. 0. 0. 0. 0. 0. 0. 0. 0. 0. 0. 0. 0. 0. 0. 0. 0. 0. 0. 0.
  0. 0. 0. 0. 0. 0. 0. 0. 0. 0. 0. 0. 0. 0. 0. 0. 0. 0. 0. 0. 0. 0. 0. 0.
  0. 0. 0. 0.]
 [0. 0. 0. 0. 0. 0. 0. 0. 0. 0. 0. 0. 0. 0. 0. 0. 0. 1. 0. 1. 0. 0. 0. 0.
  0. 0. 0. 0. 0. 0. 0. 0. 0. 0. 0. 0. 0. 0. 0. 0. 0. 0. 0. 0. 0. 0. 0. 0.
  0. 0. 0. 0. 0. 0. 0. 0. 0. 0. 0. 0. 0. 0. 0. 0. 0. 0. 0. 0. 0. 0. 0. 0.
  0. 0. 0. 0. 0. 0. 0. 0. 0. 0. 0. 0. 0. 0. 0. 0. 0. 0. 0. 0. 0. 0. 0. 0.
  0. 0. 0. 0.]
 [0. 1. 1. 0. 0. 0. 1. 0. 0. 0. 0. 0. 0. 0. 0. 0. 1. 0. 0. 0. 0. 0. 0. 0.
  0. 0. 0. 0. 0. 0. 0. 0. 0. 0. 0. 0. 0. 0. 0. 0. 0. 0. 0. 0. 0. 0. 0. 0.
  0. 0. 0. 0. 0. 0. 0. 0. 0. 0. 0. 0. 0. 0. 0. 0. 0. 0. 0. 0. 0. 0. 0. 0.
  0. 0. 0. 0. 0. 0. 0. 0. 0. 0. 0. 0. 0. 0. 0. 0. 0. 0. 0. 0. 0. 0. 0. 0.
  0. 0. 0. 0.]
 [0. 1. 0. 0. 1. 0. 1. 1. 0. 0. 0. 0. 1. 0. 1. 0. 0. 0. 0. 0. 0. 0. 0. 0.
  0. 0. 0. 0. 0. 0. 0. 0. 0. 0. 0. 0. 0. 0. 0. 0. 0. 0. 0. 0. 0. 0. 0. 0.
  0. 0. 0. 0. 0. 0. 0. 0. 0. 0. 0. 0. 0. 0. 0. 0. 0. 0. 0. 0. 0. 0. 0. 0.
  0. 0. 0. 0. 0. 0. 0. 0. 0. 0. 0. 0. 0. 0. 0. 0. 0. 0. 0. 0. 0. 0. 0. 0.
  0. 0. 0. 0.]
 [0. 0. 0. 0. 0. 0. 0. 0. 0. 1. 0. 1. 0. 0. 1. 0. 0. 0. 0. 0. 0. 0. 0. 0.
  0. 0. 0. 0. 0. 0. 0. 0. 0. 0. 0. 0. 0. 0. 0. 0. 0. 0. 0. 0. 0. 0. 0. 0.
  0. 0. 0. 0. 0. 0. 0. 0. 0. 0. 0. 0. 0. 0. 0. 0. 0. 0. 0. 0. 0. 0. 0. 0.
  0. 0. 0. 0. 0. 0. 0. 0. 0. 0. 0. 0. 0. 0. 0. 0. 0. 0. 0. 0. 0. 0. 0. 0.
  0. 0. 0. 0.]
 [0. 0. 0. 0. 0. 0. 0. 0. 0. 0. 0. 0. 1. 0. 0. 0. 1. 1. 0. 1. 0. 0. 0. 0.
  0. 0. 0. 0. 0. 0. 0. 0. 0. 0. 0. 0. 0. 0. 0. 0. 0. 0. 0. 0. 0. 0. 0. 0.
  0. 0. 0. 0. 0. 0. 0. 0. 0. 0. 0. 0. 0. 0. 0. 0. 0. 0. 0. 0. 0. 0. 0. 0.
  0. 0. 0. 0. 0. 0. 0. 0. 0. 0. 0. 0. 0. 0. 0. 0. 0. 0. 0. 0. 0. 0. 0. 0.
  0. 0. 0. 0.]
 [0. 0. 0. 0. 0. 0. 0. 0. 1. 0. 0. 0. 1. 0. 0. 0. 0. 1. 0. 0. 0. 0. 0. 0.
  0. 0. 0. 0. 0. 0. 0. 0. 0. 0. 0. 0. 0. 0. 0. 0. 0. 0. 0. 0. 0. 0. 0. 0.
  0. 0. 0. 0. 0. 0. 0. 0. 0. 0. 0. 0. 0. 0. 0. 0. 0. 0. 0. 0. 0. 0. 0. 0.
  0. 0. 0. 0. 0. 0. 0. 0. 0. 0. 0. 0. 0. 0. 0. 0. 0. 0. 0. 0. 0. 0. 0. 0.
  0. 0. 0. 0.]
 [0. 1. 0. 0. 1. 0. 0. 1. 0. 1. 0. 1. 0. 0. 0. 0. 0. 1. 1. 0. 0. 0. 0. 0.
  0. 0. 0. 0. 0. 0. 0. 0. 0. 0. 0. 0. 0. 0. 0. 0. 0. 0. 0. 0. 0. 0. 0. 0.
  0. 0. 0. 0. 0. 0. 0. 0. 0. 0. 0. 0. 0. 0. 0. 0. 0. 0. 0. 0. 0. 0. 0. 0.
  0. 0. 0. 0. 0. 0. 0. 0. 0. 0. 0. 0. 0. 0. 0. 0. 0. 0. 0. 0. 0. 0. 0. 0.
  0. 0. 0. 0.]
 [1. 0. 0. 0. 0. 0. 0. 1. 0. 0. 0. 0. 0. 0. 0. 0. 1. 1. 0. 0. 0. 0. 0. 0.
  0. 0. 0. 0. 0. 0. 0. 0. 0. 0. 0. 0. 0. 0. 0. 0. 0. 0. 0. 0. 0. 0. 0. 0.
  0. 0. 0. 0. 0. 0. 0. 0. 0. 0. 0. 0. 0. 0. 0. 0. 0. 0. 0. 0. 0. 0. 0. 0.
  0. 0. 0. 0. 0. 0. 0. 0. 0. 0. 0. 0. 0. 0. 0. 0. 0. 0. 0. 0. 0. 0. 0. 0.
  0. 0. 0. 0.]
 [0. 0. 0. 1. 1. 0. 0. 0. 1. 0. 0. 1. 1. 1. 0. 0. 0. 0. 0. 0. 0. 0. 0. 0.
  0. 0. 0. 0. 0. 0. 0. 0. 0. 0. 0. 0. 0. 0. 0. 0. 0. 0. 0. 0. 0. 0. 0. 0.
  0. 0. 0. 0. 0. 0. 0. 0. 0. 0. 0. 0. 0. 0. 0. 0. 0. 0. 0. 0. 0. 0. 0. 0.
  0. 0. 0. 0. 0. 0. 0. 0. 0. 0. 0. 0. 0. 0. 0. 0. 0. 0. 0. 0. 0. 0. 0. 0.
  0. 0. 0. 0.]
 [0. 0. 1. 0. 0. 1. 0. 0. 1. 0. 1. 0. 0. 0. 0. 0. 1. 0. 0. 0. 0. 0. 0. 0.
  0. 0. 0. 0. 0. 0. 0. 0. 0. 0. 0. 0. 0. 0. 0. 0. 0. 0. 0. 0. 0. 0. 0. 0.
  0. 0. 0. 0. 0. 0. 0. 0. 0. 0. 0. 0. 0. 0. 0. 0. 0. 0. 0. 0. 0. 0. 0. 0.
  0. 0. 0. 0. 0. 0. 0. 0. 0. 0. 0. 0. 0. 0. 0. 0. 0. 0. 0. 0. 0. 0. 0. 0.
  0. 0. 0. 0.]
 [1. 0. 0. 0. 0. 0. 0. 1. 0. 0. 0. 1. 1. 0. 1. 0. 0. 0. 0. 0. 0. 0. 0. 0.
  0. 0. 0. 0. 0. 0. 0. 0. 0. 0. 0. 0. 0. 0. 0. 0. 0. 0. 0. 0. 0. 0. 0. 0.
  0. 0. 0. 0. 0. 0. 0. 0. 0. 0. 0. 0. 0. 0. 0. 0. 0. 0. 0. 0. 0. 0. 0. 0.
  0. 0. 0. 0. 0. 0. 0. 0. 0. 0. 0. 0. 0. 0. 0. 0. 0. 0. 0. 0. 0. 0. 0. 0.
  0. 0. 0. 0.]
 [0. 0. 0. 0. 0. 0. 1. 1. 0. 0. 0. 0. 0. 0. 0. 0. 0. 0. 0. 0. 0. 0. 0. 0.
  0. 0. 0. 0. 0. 0. 0. 0. 0. 0. 0. 0. 0. 0. 0. 0. 0. 0. 0. 0. 0. 0. 0. 0.
  0. 0. 0. 0. 0. 0. 0. 0. 0. 0. 0. 0. 0. 0. 0. 0. 0. 0. 0. 0. 0. 0. 0. 0.
  0. 0. 0. 0. 0. 0. 0. 0. 0. 0. 0. 0. 0. 0. 0. 0. 0. 0. 0. 0. 0. 0. 0. 0.
  0. 0. 0. 0.]
 [0. 0. 1. 1. 0. 1. 1. 0. 0. 0. 0. 0. 0. 0. 0. 0. 0. 0. 0. 0. 0. 0. 0. 0.
  0. 0. 0. 0. 0. 0. 0. 0. 0. 0. 0. 0. 0. 0. 0. 0. 0. 0. 0. 0. 0. 0. 0. 0.
  0. 0. 0. 0. 0. 0. 0. 0. 0. 0. 0. 0. 0. 0. 0. 0. 0. 0. 0. 0. 0. 0. 0. 0.
  0. 0. 0. 0. 0. 0. 0. 0. 0. 0. 0. 0. 0. 0. 0. 0. 0. 0. 0. 0. 0. 0. 0. 0.
  0. 0. 0. 0.]
 [1. 0. 0. 0. 0. 1. 0. 0. 0. 0. 0. 0. 1. 0. 1. 0. 0. 0. 0. 0. 0. 0. 0. 0.
  0. 0. 0. 0. 0. 0. 0. 0. 0. 0. 0. 0. 0. 0. 0. 0. 0. 0. 0. 0. 0. 0. 0. 0.
  0. 0. 0. 0. 0. 0. 0. 0. 0. 0. 0. 0. 0. 0. 0. 0. 0. 0. 0. 0. 0. 0. 0. 0.
  0. 0. 0. 0. 0. 0. 0. 0. 0. 0. 0. 0. 0. 0. 0. 0. 0. 0. 0. 0. 0. 0. 0. 0.
  0. 0. 0. 0.]
 [0. 0. 0. 1. 0. 1. 0. 0. 0. 0. 0. 0. 0. 0. 1. 1. 1. 0. 1. 1. 0. 0. 0. 0.
  0. 0. 0. 0. 0. 0. 0. 0. 0. 0. 0. 0. 0. 0. 0. 0. 0. 0. 0. 0. 0. 0. 0. 0.
  0. 0. 0. 0. 0. 0. 0. 0. 0. 0. 0. 0. 0. 0. 0. 0. 0. 0. 0. 0. 0. 0. 0. 0.
  0. 0. 0. 0. 0. 0. 0. 0. 0. 0. 0. 0. 0. 0. 0. 0. 0. 0. 0. 0. 0. 0. 0. 0.
  0. 0. 0. 0.]
 [0. 0. 0. 0. 0. 0. 0. 0. 0. 0. 0. 0. 0. 0. 0. 0. 0. 0. 0. 1. 0. 0. 0. 0.
  0. 0. 0. 0. 0. 0. 0. 0. 0. 0. 0. 0. 0. 0. 0. 0. 0. 0. 0. 0. 0. 0. 0. 0.
  0. 0. 0. 0. 0. 0. 0. 0. 0. 0. 0. 0. 0. 0. 0. 0. 0. 0. 0. 0. 0. 0. 0. 0.
  0. 0. 0. 0. 0. 0. 0. 0. 0. 0. 0. 0. 0. 0. 0. 0. 0. 0. 0. 0. 0. 0. 0. 0.
  0. 0. 0. 0.]
 [0. 0. 0. 0. 0. 0. 0. 0. 0. 1. 0. 1. 0. 0. 1. 0. 0. 1. 1. 0. 0. 0. 0. 0.
  0. 0. 0. 0. 0. 0. 0. 0. 0. 0. 0. 0. 0. 0. 0. 0. 0. 0. 0. 0. 0. 0. 0. 0.
  0. 0. 0. 0. 0. 0. 0. 0. 0. 0. 0. 0. 0. 0. 0. 0. 0. 0. 0. 0. 0. 0. 0. 0.
  0. 0. 0. 0. 0. 0. 0. 0. 0. 0. 0. 0. 0. 0. 0. 0. 0. 0. 0. 0. 0. 0. 0. 0.
  0. 0. 0. 0.]
 [1. 1. 1. 1. 0. 0. 0. 0. 1. 0. 0. 0. 1. 0. 0. 0. 0. 0. 0. 0. 0. 0. 0. 0.
  0. 0. 0. 0. 0. 0. 0. 0. 0. 0. 0. 0. 0. 0. 0. 0. 0. 0. 0. 0. 0. 0. 0. 0.
  0. 0. 0. 0. 0. 0. 0. 0. 0. 0. 0. 0. 0. 0. 0. 0. 0. 0. 0. 0. 0. 0. 0. 0.
  0. 0. 0. 0. 0. 0. 0. 0. 0. 0. 0. 0. 0. 0. 0. 0. 0. 0. 0. 0. 0. 0. 0. 0.
  0. 0. 0. 0.]
 [1. 0. 0. 0. 0. 1. 0. 0. 0. 1. 0. 0. 0. 0. 0. 0. 0. 0. 0. 0. 0. 0. 0. 0.
  0. 0. 0. 0. 0. 0. 0. 0. 0. 0. 0. 0. 0. 0. 0. 0. 0. 0. 0. 0. 0. 0. 0. 0.
  0. 0. 0. 0. 0. 0. 0. 0. 0. 0. 0. 0. 0. 0. 0. 0. 0. 0. 0. 0. 0. 0. 0. 0.
  0. 0. 0. 0. 0. 0. 0. 0. 0. 0. 0. 0. 0. 0. 0. 0. 0. 0. 0. 0. 0. 0. 0. 0.
  0. 0. 0. 0.]
 [0. 0. 0. 1. 1. 0. 0. 0. 0. 0. 0. 0. 0. 0. 0. 0. 1. 0. 0. 0. 0. 0. 0. 0.
  0. 0. 0. 0. 0. 0. 0. 0. 0. 0. 0. 0. 0. 0. 0. 0. 0. 0. 0. 0. 0. 0. 0. 0.
  0. 0. 0. 0. 0. 0. 0. 0. 0. 0. 0. 0. 0. 0. 0. 0. 0. 0. 0. 0. 0. 0. 0. 0.
  0. 0. 0. 0. 0. 0. 0. 0. 0. 0. 0. 0. 0. 0. 0. 0. 0. 0. 0. 0. 0. 0. 0. 0.
  0. 0. 0. 0.]
 [0. 1. 0. 0. 0. 0. 1. 1. 0. 0. 1. 0. 0. 0. 0. 0. 0. 1. 0. 0. 0. 0. 0. 0.
  0. 0. 0. 0. 0. 0. 0. 0. 0. 0. 0. 0. 0. 0. 0. 0. 0. 0. 0. 0. 0. 0. 0. 0.
  0. 0. 0. 0. 0. 0. 0. 0. 0. 0. 0. 0. 0. 0. 0. 0. 0. 0. 0. 0. 0. 0. 0. 0.
  0. 0. 0. 0. 0. 0. 0. 0. 0. 0. 0. 0. 0. 0. 0. 0. 0. 0. 0. 0. 0. 0. 0. 0.
  0. 0. 0. 0.]
 [0. 0. 0. 1. 0. 0. 0. 0. 1. 0. 0. 0. 1. 0. 1. 1. 0. 0. 0. 0. 0. 0. 0. 0.
  0. 0. 0. 0. 0. 0. 0. 0. 0. 0. 0. 0. 0. 0. 0. 0. 0. 0. 0. 0. 0. 0. 0. 0.
  0. 0. 0. 0. 0. 0. 0. 0. 0. 0. 0. 0. 0. 0. 0. 0. 0. 0. 0. 0. 0. 0. 0. 0.
  0. 0. 0. 0. 0. 0. 0. 0. 0. 0. 0. 0. 0. 0. 0. 0. 0. 0. 0. 0. 0. 0. 0. 0.
  0. 0. 0. 0.]
 [0. 0. 0. 0. 0. 0. 0. 1. 0. 0. 0. 0. 0. 0. 0. 0. 0. 0. 0. 0. 0. 0. 0. 0.
  0. 0. 0. 0. 0. 0. 0. 0. 0. 0. 0. 0. 0. 0. 0. 0. 0. 0. 0. 0. 0. 0. 0. 0.
  0. 0. 0. 0. 0. 0. 0. 0. 0. 0. 0. 0. 0. 0. 0. 0. 0. 0. 0. 0. 0. 0. 0. 0.
  0. 0. 0. 0. 0. 0. 0. 0. 0. 0. 0. 0. 0. 0. 0. 0. 0. 0. 0. 0. 0. 0. 0. 0.
  0. 0. 0. 0.]
 [0. 0. 1. 0. 0. 0. 1. 0. 0. 0. 0. 0. 1. 0. 0. 0. 1. 0. 1. 0. 0. 0. 0. 0.
  0. 0. 0. 0. 0. 0. 0. 0. 0. 0. 0. 0. 0. 0. 0. 0. 0. 0. 0. 0. 0. 0. 0. 0.
  0. 0. 0. 0. 0. 0. 0. 0. 0. 0. 0. 0. 0. 0. 0. 0. 0. 0. 0. 0. 0. 0. 0. 0.
  0. 0. 0. 0. 0. 0. 0. 0. 0. 0. 0. 0. 0. 0. 0. 0. 0. 0. 0. 0. 0. 0. 0. 0.
  0. 0. 0. 0.]
 [0. 0. 0. 0. 1. 0. 1. 0. 0. 1. 0. 0. 0. 0. 0. 1. 0. 0. 0. 0. 0. 0. 0. 0.
  0. 0. 0. 0. 0. 0. 0. 0. 0. 0. 0. 0. 0. 0. 0. 0. 0. 0. 0. 0. 0. 0. 0. 0.
  0. 0. 0. 0. 0. 0. 0. 0. 0. 0. 0. 0. 0. 0. 0. 0. 0. 0. 0. 0. 0. 0. 0. 0.
  0. 0. 0. 0. 0. 0. 0. 0. 0. 0. 0. 0. 0. 0. 0. 0. 0. 0. 0. 0. 0. 0. 0. 0.
  0. 0. 0. 0.]
 [0. 1. 0. 0. 0. 1. 0. 0. 0. 1. 0. 1. 0. 0. 0. 0. 0. 0. 0. 0. 0. 0. 0. 0.
  0. 0. 0. 0. 0. 0. 0. 0. 0. 0. 0. 0. 0. 0. 0. 0. 0. 0. 0. 0. 0. 0. 0. 0.
  0. 0. 0. 0. 0. 0. 0. 0. 0. 0. 0. 0. 0. 0. 0. 0. 0. 0. 0. 0. 0. 0. 0. 0.
  0. 0. 0. 0. 0. 0. 0. 0. 0. 0. 0. 0. 0. 0. 0. 0. 0. 0. 0. 0. 0. 0. 0. 0.
  0. 0. 0. 0.]
 [0. 0. 1. 0. 0. 0. 1. 0. 0. 0. 0. 0. 1. 0. 0. 0. 1. 0. 1. 0. 0. 0. 0. 0.
  0. 0. 0. 0. 0. 0. 0. 0. 0. 0. 0. 0. 0. 0. 0. 0. 0. 0. 0. 0. 0. 0. 0. 0.
  0. 0. 0. 0. 0. 0. 0. 0. 0. 0. 0. 0. 0. 0. 0. 0. 0. 0. 0. 0. 0. 0. 0. 0.
  0. 0. 0. 0. 0. 0. 0. 0. 0. 0. 0. 0. 0. 0. 0. 0. 0. 0. 0. 0. 0. 0. 0. 0.
  0. 0. 0. 0.]
 [0. 0. 1. 1. 0. 0. 0. 0. 1. 0. 0. 0. 0. 1. 0. 0. 0. 0. 0. 0. 0. 0. 0. 0.
  0. 0. 0. 0. 0. 0. 0. 0. 0. 0. 0. 0. 0. 0. 0. 0. 0. 0. 0. 0. 0. 0. 0. 0.
  0. 0. 0. 0. 0. 0. 0. 0. 0. 0. 0. 0. 0. 0. 0. 0. 0. 0. 0. 0. 0. 0. 0. 0.
  0. 0. 0. 0. 0. 0. 0. 0. 0. 0. 0. 0. 0. 0. 0. 0. 0. 0. 0. 0. 0. 0. 0. 0.
  0. 0. 0. 0.]
 [0. 0. 0. 0. 0. 0. 1. 0. 0. 0. 0. 0. 0. 1. 0. 0. 0. 0. 0. 0. 0. 0. 0. 0.
  0. 0. 0. 0. 0. 0. 0. 0. 0. 0. 0. 0. 0. 0. 0. 0. 0. 0. 0. 0. 0. 0. 0. 0.
  0. 0. 0. 0. 0. 0. 0. 0. 0. 0. 0. 0. 0. 0. 0. 0. 0. 0. 0. 0. 0. 0. 0. 0.
  0. 0. 0. 0. 0. 0. 0. 0. 0. 0. 0. 0. 0. 0. 0. 0. 0. 0. 0. 0. 0. 0. 0. 0.
  0. 0. 0. 0.]
 [1. 1. 0. 0. 0. 1. 0. 0. 0. 0. 0. 0. 0. 1. 1. 1. 1. 0. 0. 1. 0. 0. 0. 0.
  0. 0. 0. 0. 0. 0. 0. 0. 0. 0. 0. 0. 0. 0. 0. 0. 0. 0. 0. 0. 0. 0. 0. 0.
  0. 0. 0. 0. 0. 0. 0. 0. 0. 0. 0. 0. 0. 0. 0. 0. 0. 0. 0. 0. 0. 0. 0. 0.
  0. 0. 0. 0. 0. 0. 0. 0. 0. 0. 0. 0. 0. 0. 0. 0. 0. 0. 0. 0. 0. 0. 0. 0.
  0. 0. 0. 0.]
 [1. 0. 0. 0. 1. 0. 0. 0. 0. 0. 0. 0. 0. 0. 1. 1. 0. 0. 0. 0. 0. 0. 0. 0.
  0. 0. 0. 0. 0. 0. 0. 0. 0. 0. 0. 0. 0. 0. 0. 0. 0. 0. 0. 0. 0. 0. 0. 0.
  0. 0. 0. 0. 0. 0. 0. 0. 0. 0. 0. 0. 0. 0. 0. 0. 0. 0. 0. 0. 0. 0. 0. 0.
  0. 0. 0. 0. 0. 0. 0. 0. 0. 0. 0. 0. 0. 0. 0. 0. 0. 0. 0. 0. 0. 0. 0. 0.
  0. 0. 0. 0.]
 [0. 0. 0. 1. 0. 0. 0. 0. 0. 0. 0. 0. 0. 1. 0. 0. 0. 0. 0. 0. 0. 0. 0. 0.
  0. 0. 0. 0. 0. 0. 0. 0. 0. 0. 0. 0. 0. 0. 0. 0. 0. 0. 0. 0. 0. 0. 0. 0.
  0. 0. 0. 0. 0. 0. 0. 0. 0. 0. 0. 0. 0. 0. 0. 0. 0. 0. 0. 0. 0. 0. 0. 0.
  0. 0. 0. 0. 0. 0. 0. 0. 0. 0. 0. 0. 0. 0. 0. 0. 0. 0. 0. 0. 0. 0. 0. 0.
  0. 0. 0. 0.]
 [0. 0. 0. 0. 0. 0. 0. 0. 0. 0. 1. 0. 0. 0. 0. 0. 0. 1. 1. 1. 0. 0. 0. 0.
  0. 0. 0. 0. 0. 0. 0. 0. 0. 0. 0. 0. 0. 0. 0. 0. 0. 0. 0. 0. 0. 0. 0. 0.
  0. 0. 0. 0. 0. 0. 0. 0. 0. 0. 0. 0. 0. 0. 0. 0. 0. 0. 0. 0. 0. 0. 0. 0.
  0. 0. 0. 0. 0. 0. 0. 0. 0. 0. 0. 0. 0. 0. 0. 0. 0. 0. 0. 0. 0. 0. 0. 0.
  0. 0. 0. 0.]
 [0. 0. 0. 0. 0. 0. 0. 0. 0. 0. 0. 0. 0. 0. 0. 0. 0. 0. 0. 0. 0. 0. 0. 0.
  0. 0. 0. 0. 0. 0. 0. 0. 0. 0. 0. 0. 0. 0. 0. 0. 0. 0. 0. 0. 0. 0. 0. 0.
  0. 0. 0. 0. 0. 0. 0. 0. 0. 0. 0. 0. 0. 0. 0. 0. 0. 0. 0. 0. 0. 0. 0. 0.
  0. 0. 0. 0. 0. 0. 0. 0. 0. 0. 0. 0. 0. 0. 0. 0. 0. 0. 0. 0. 0. 0. 0. 0.
  0. 0. 0. 0.]
 [0. 0. 0. 0. 0. 0. 0. 0. 0. 1. 0. 0. 0. 0. 0. 0. 0. 0. 0. 0. 0. 0. 0. 0.
  0. 0. 0. 0. 0. 0. 0. 0. 0. 0. 0. 0. 0. 0. 0. 0. 0. 0. 0. 0. 0. 0. 0. 0.
  0. 0. 0. 0. 0. 0. 0. 0. 0. 0. 0. 0. 0. 0. 0. 0. 0. 0. 0. 0. 0. 0. 0. 0.
  0. 0. 0. 0. 0. 0. 0. 0. 0. 0. 0. 0. 0. 0. 0. 0. 0. 0. 0. 0. 0. 0. 0. 0.
  0. 0. 0. 0.]
 [1. 0. 0. 0. 1. 0. 0. 0. 0. 1. 0. 0. 0. 1. 0. 0. 0. 0. 0. 1. 0. 0. 0. 0.
  0. 0. 0. 0. 0. 0. 0. 0. 0. 0. 0. 0. 0. 0. 0. 0. 0. 0. 0. 0. 0. 0. 0. 0.
  0. 0. 0. 0. 0. 0. 0. 0. 0. 0. 0. 0. 0. 0. 0. 0. 0. 0. 0. 0. 0. 0. 0. 0.
  0. 0. 0. 0. 0. 0. 0. 0. 0. 0. 0. 0. 0. 0. 0. 0. 0. 0. 0. 0. 0. 0. 0. 0.
  0. 0. 0. 0.]
 [0. 0. 1. 0. 1. 0. 0. 0. 0. 0. 0. 0. 0. 0. 0. 1. 0. 0. 0. 0. 0. 0. 0. 0.
  0. 0. 0. 0. 0. 0. 0. 0. 0. 0. 0. 0. 0. 0. 0. 0. 0. 0. 0. 0. 0. 0. 0. 0.
  0. 0. 0. 0. 0. 0. 0. 0. 0. 0. 0. 0. 0. 0. 0. 0. 0. 0. 0. 0. 0. 0. 0. 0.
  0. 0. 0. 0. 0. 0. 0. 0. 0. 0. 0. 0. 0. 0. 0. 0. 0. 0. 0. 0. 0. 0. 0. 0.
  0. 0. 0. 0.]
 [0. 0. 0. 0. 0. 0. 0. 0. 0. 0. 0. 0. 0. 0. 0. 0. 1. 0. 0. 0. 0. 0. 0. 0.
  0. 0. 0. 0. 0. 0. 0. 0. 0. 0. 0. 0. 0. 0. 0. 0. 0. 0. 0. 0. 0. 0. 0. 0.
  0. 0. 0. 0. 0. 0. 0. 0. 0. 0. 0. 0. 0. 0. 0. 0. 0. 0. 0. 0. 0. 0. 0. 0.
  0. 0. 0. 0. 0. 0. 0. 0. 0. 0. 0. 0. 0. 0. 0. 0. 0. 0. 0. 0. 0. 0. 0. 0.
  0. 0. 0. 0.]
 [0. 0. 0. 0. 1. 0. 0. 0. 0. 0. 1. 0. 0. 1. 0. 0. 0. 0. 0. 0. 0. 0. 0. 0.
  0. 0. 0. 0. 0. 0. 0. 0. 0. 0. 0. 0. 0. 0. 0. 0. 0. 0. 0. 0. 0. 0. 0. 0.
  0. 0. 0. 0. 0. 0. 0. 0. 0. 0. 0. 0. 0. 0. 0. 0. 0. 0. 0. 0. 0. 0. 0. 0.
  0. 0. 0. 0. 0. 0. 0. 0. 0. 0. 0. 0. 0. 0. 0. 0. 0. 0. 0. 0. 0. 0. 0. 0.
  0. 0. 0. 0.]
 [0. 0. 1. 0. 0. 0. 0. 0. 0. 1. 1. 0. 1. 0. 0. 0. 1. 0. 1. 0. 0. 0. 0. 0.
  0. 0. 0. 0. 0. 0. 0. 0. 0. 0. 0. 0. 0. 0. 0. 0. 0. 0. 0. 0. 0. 0. 0. 0.
  0. 0. 0. 0. 0. 0. 0. 0. 0. 0. 0. 0. 0. 0. 0. 0. 0. 0. 0. 0. 0. 0. 0. 0.
  0. 0. 0. 0. 0. 0. 0. 0. 0. 0. 0. 0. 0. 0. 0. 0. 0. 0. 0. 0. 0. 0. 0. 0.
  0. 0. 0. 0.]
 [1. 1. 0. 0. 0. 0. 0. 0. 0. 0. 0. 0. 1. 0. 0. 0. 0. 0. 1. 1. 0. 0. 0. 0.
  0. 0. 0. 0. 0. 0. 0. 0. 0. 0. 0. 0. 0. 0. 0. 0. 0. 0. 0. 0. 0. 0. 0. 0.
  0. 0. 0. 0. 0. 0. 0. 0. 0. 0. 0. 0. 0. 0. 0. 0. 0. 0. 0. 0. 0. 0. 0. 0.
  0. 0. 0. 0. 0. 0. 0. 0. 0. 0. 0. 0. 0. 0. 0. 0. 0. 0. 0. 0. 0. 0. 0. 0.
  0. 0. 0. 0.]
 [0. 1. 0. 0. 0. 0. 0. 0. 0. 0. 0. 1. 0. 0. 0. 0. 1. 0. 0. 0. 0. 0. 0. 0.
  0. 0. 0. 0. 0. 0. 0. 0. 0. 0. 0. 0. 0. 0. 0. 0. 0. 0. 0. 0. 0. 0. 0. 0.
  0. 0. 0. 0. 0. 0. 0. 0. 0. 0. 0. 0. 0. 0. 0. 0. 0. 0. 0. 0. 0. 0. 0. 0.
  0. 0. 0. 0. 0. 0. 0. 0. 0. 0. 0. 0. 0. 0. 0. 0. 0. 0. 0. 0. 0. 0. 0. 0.
  0. 0. 0. 0.]
 [0. 0. 1. 1. 1. 0. 0. 0. 0. 0. 0. 0. 1. 0. 1. 0. 0. 0. 0. 0. 0. 0. 0. 0.
  0. 0. 0. 0. 0. 0. 0. 0. 0. 0. 0. 0. 0. 0. 0. 0. 0. 0. 0. 0. 0. 0. 0. 0.
  0. 0. 0. 0. 0. 0. 0. 0. 0. 0. 0. 0. 0. 0. 0. 0. 0. 0. 0. 0. 0. 0. 0. 0.
  0. 0. 0. 0. 0. 0. 0. 0. 0. 0. 0. 0. 0. 0. 0. 0. 0. 0. 0. 0. 0. 0. 0. 0.
  0. 0. 0. 0.]
 [0. 1. 0. 0. 0. 0. 0. 0. 0. 0. 0. 0. 0. 1. 0. 0. 0. 0. 0. 0. 0. 0. 0. 0.
  0. 0. 0. 0. 0. 0. 0. 0. 0. 0. 0. 0. 0. 0. 0. 0. 0. 0. 0. 0. 0. 0. 0. 0.
  0. 0. 0. 0. 0. 0. 0. 0. 0. 0. 0. 0. 0. 0. 0. 0. 0. 0. 0. 0. 0. 0. 0. 0.
  0. 0. 0. 0. 0. 0. 0. 0. 0. 0. 0. 0. 0. 0. 0. 0. 0. 0. 0. 0. 0. 0. 0. 0.
  0. 0. 0. 0.]
 [0. 0. 0. 0. 0. 0. 0. 0. 0. 0. 0. 0. 0. 0. 0. 0. 1. 0. 0. 1. 0. 0. 0. 0.
  0. 0. 0. 0. 0. 0. 0. 0. 0. 0. 0. 0. 0. 0. 0. 0. 0. 0. 0. 0. 0. 0. 0. 0.
  0. 0. 0. 0. 0. 0. 0. 0. 0. 0. 0. 0. 0. 0. 0. 0. 0. 0. 0. 0. 0. 0. 0. 0.
  0. 0. 0. 0. 0. 0. 0. 0. 0. 0. 0. 0. 0. 0. 0. 0. 0. 0. 0. 0. 0. 0. 0. 0.
  0. 0. 0. 0.]
 [0. 1. 0. 0. 1. 0. 0. 0. 0. 0. 0. 0. 0. 0. 0. 0. 0. 0. 0. 0. 0. 0. 0. 0.
  0. 0. 0. 0. 0. 0. 0. 0. 0. 0. 0. 0. 0. 0. 0. 0. 0. 0. 0. 0. 0. 0. 0. 0.
  0. 0. 0. 0. 0. 0. 0. 0. 0. 0. 0. 0. 0. 0. 0. 0. 0. 0. 0. 0. 0. 0. 0. 0.
  0. 0. 0. 0. 0. 0. 0. 0. 0. 0. 0. 0. 0. 0. 0. 0. 0. 0. 0. 0. 0. 0. 0. 0.
  0. 0. 0. 0.]
 [0. 0. 0. 0. 1. 0. 0. 0. 0. 0. 0. 1. 0. 1. 0. 0. 1. 0. 0. 0. 0. 0. 0. 0.
  0. 0. 0. 0. 0. 0. 0. 0. 0. 0. 0. 0. 0. 0. 0. 0. 0. 0. 0. 0. 0. 0. 0. 0.
  0. 0. 0. 0. 0. 0. 0. 0. 0. 0. 0. 0. 0. 0. 0. 0. 0. 0. 0. 0. 0. 0. 0. 0.
  0. 0. 0. 0. 0. 0. 0. 0. 0. 0. 0. 0. 0. 0. 0. 0. 0. 0. 0. 0. 0. 0. 0. 0.
  0. 0. 0. 0.]
 [0. 0. 0. 1. 1. 0. 0. 0. 0. 0. 0. 1. 0. 0. 0. 0. 0. 0. 0. 1. 0. 0. 0. 0.
  0. 0. 0. 0. 0. 0. 0. 0. 0. 0. 0. 0. 0. 0. 0. 0. 0. 0. 0. 0. 0. 0. 0. 0.
  0. 0. 0. 0. 0. 0. 0. 0. 0. 0. 0. 0. 0. 0. 0. 0. 0. 0. 0. 0. 0. 0. 0. 0.
  0. 0. 0. 0. 0. 0. 0. 0. 0. 0. 0. 0. 0. 0. 0. 0. 0. 0. 0. 0. 0. 0. 0. 0.
  0. 0. 0. 0.]
 [0. 1. 0. 0. 0. 0. 0. 0. 0. 1. 0. 1. 0. 1. 0. 0. 0. 0. 1. 1. 0. 0. 0. 0.
  0. 0. 0. 0. 0. 0. 0. 0. 0. 0. 0. 0. 0. 0. 0. 0. 0. 0. 0. 0. 0. 0. 0. 0.
  0. 0. 0. 0. 0. 0. 0. 0. 0. 0. 0. 0. 0. 0. 0. 0. 0. 0. 0. 0. 0. 0. 0. 0.
  0. 0. 0. 0. 0. 0. 0. 0. 0. 0. 0. 0. 0. 0. 0. 0. 0. 0. 0. 0. 0. 0. 0. 0.
  0. 0. 0. 0.]
 [0. 0. 0. 0. 0. 0. 0. 0. 0. 0. 0. 0. 0. 0. 0. 0. 0. 0. 0. 0. 0. 0. 0. 0.
  0. 0. 0. 0. 0. 0. 0. 0. 0. 0. 0. 0. 0. 0. 0. 0. 0. 0. 0. 0. 0. 0. 0. 0.
  0. 0. 0. 0. 0. 0. 0. 0. 0. 0. 0. 0. 0. 0. 0. 0. 0. 0. 0. 0. 0. 0. 0. 0.
  0. 0. 0. 0. 0. 0. 0. 0. 0. 0. 0. 0. 0. 0. 0. 0. 0. 0. 0. 0. 0. 0. 0. 0.
  0. 0. 0. 0.]
 [0. 0. 1. 0. 0. 0. 0. 0. 0. 0. 0. 0. 0. 0. 0. 0. 0. 0. 0. 1. 0. 0. 0. 0.
  0. 0. 0. 0. 0. 0. 0. 0. 0. 0. 0. 0. 0. 0. 0. 0. 0. 0. 0. 0. 0. 0. 0. 0.
  0. 0. 0. 0. 0. 0. 0. 0. 0. 0. 0. 0. 0. 0. 0. 0. 0. 0. 0. 0. 0. 0. 0. 0.
  0. 0. 0. 0. 0. 0. 0. 0. 0. 0. 0. 0. 0. 0. 0. 0. 0. 0. 0. 0. 0. 0. 0. 0.
  0. 0. 0. 0.]]
start_times_array: [[7.0730e+04 7.1660e+04 7.1678e+04 7.1722e+04 7.1739e+04 7.1805e+04
  7.1839e+04 7.1922e+04 7.1998e+04 7.2064e+04 7.2084e+04 7.2178e+04
  7.2245e+04 7.2321e+04 7.2322e+04 7.2406e+04 7.2437e+04 7.2515e+04
  7.2531e+04 7.2546e+04]
 [6.8306e+04 7.0609e+04 7.0754e+04 7.0976e+04 7.1008e+04 7.1069e+04
  7.1118e+04 7.1145e+04 7.1239e+04 7.1331e+04 7.1358e+04 7.1365e+04
  7.1464e+04 7.1490e+04 7.1570e+04 7.1660e+04 7.1721e+04 7.1761e+04
  7.1835e+04 7.2376e+04]
 [7.0394e+04 7.0419e+04 7.0480e+04 7.0485e+04 7.0558e+04 7.0567e+04
  7.0584e+04 7.0609e+04 7.0708e+04 7.0730e+04 7.0754e+04 7.0846e+04
  7.0937e+04 7.0956e+04 7.0976e+04 7.1010e+04 7.1092e+04 7.1183e+04
  7.1221e+04 7.1329e+04]
 [6.8450e+04 6.9616e+04 6.9666e+04 6.9679e+04 6.9756e+04 6.9766e+04
  6.9858e+04 6.9943e+04 7.0027e+04 7.0125e+04 7.0150e+04 7.0209e+04
  7.0278e+04 7.0346e+04 7.0394e+04 7.0473e+04 7.0571e+04 7.0612e+04
  7.0672e+04 7.0787e+04]
 [6.8655e+04 6.8725e+04 6.8818e+04 6.8890e+04 6.8907e+04 6.8909e+04
  6.8996e+04 6.9015e+04 6.9059e+04 6.9097e+04 6.9126e+04 6.9188e+04
  6.9232e+04 6.9250e+04 6.9302e+04 6.9365e+04 6.9406e+04 6.9505e+04
  6.9573e+04 6.9615e+04]
 [6.7701e+04 6.7974e+04 6.8039e+04 6.8073e+04 6.8146e+04 6.8178e+04
  6.8195e+04 6.8226e+04 6.8306e+04 6.8405e+04 6.8418e+04 6.8421e+04
  6.8455e+04 6.8457e+04 6.8517e+04 6.8523e+04 6.8616e+04 6.8655e+04
  6.8686e+04 6.8744e+04]
 [6.7308e+04 6.7399e+04 6.7464e+04 6.7486e+04 6.7579e+04 6.7651e+04
  6.7701e+04 6.7786e+04 6.7909e+04 6.7916e+04 6.7974e+04 6.8070e+04
  6.8091e+04 6.8153e+04 6.8168e+04 6.8247e+04 6.8283e+04 6.8341e+04
  6.8384e+04 6.8405e+04]
 [6.6321e+04 6.6934e+04 6.7141e+04 6.7162e+04 6.7269e+04 6.7329e+04
  6.7361e+04 6.7392e+04 6.7435e+04 6.7520e+04 6.7579e+04 6.7627e+04
  6.7638e+04 6.7708e+04 6.7729e+04 6.7817e+04 6.7909e+04 6.7999e+04
  6.8003e+04 6.8052e+04]
 [6.5893e+04 6.6111e+04 6.6237e+04 6.6830e+04 6.6899e+04 6.6934e+04
  6.6956e+04 6.7003e+04 6.7016e+04 6.7021e+04 6.7054e+04 6.7069e+04
  6.7091e+04 6.7107e+04 6.7119e+04 6.7141e+04 6.7167e+04 6.7219e+04
  6.7230e+04 6.7269e+04]
 [6.3203e+04 6.3860e+04 6.6041e+04 6.6111e+04 6.6185e+04 6.6237e+04
  6.6272e+04 6.6355e+04 6.6357e+04 6.6414e+04 6.6438e+04 6.6496e+04
  6.6574e+04 6.6639e+04 6.6683e+04 6.6778e+04 6.6783e+04 6.6830e+04
  6.6899e+04 6.6965e+04]
 [6.3724e+04 6.3789e+04 6.4099e+04 6.5208e+04 6.5214e+04 6.5302e+04
  6.5398e+04 6.5478e+04 6.5565e+04 6.5621e+04 6.5636e+04 6.5698e+04
  6.5773e+04 6.5834e+04 6.5837e+04 6.5893e+04 6.5960e+04 6.5966e+04
  6.6003e+04 6.6037e+04]
 [6.3292e+04 6.3353e+04 6.4274e+04 6.4405e+04 6.4483e+04 6.4560e+04
  6.4631e+04 6.4658e+04 6.4797e+04 6.4839e+04 6.4890e+04 6.4944e+04
  6.4953e+04 6.5038e+04 6.5131e+04 6.5208e+04 6.5239e+04 6.5315e+04
  6.5358e+04 6.5387e+04]
 [6.2841e+04 6.3304e+04 6.3885e+04 6.3907e+04 6.3928e+04 6.3985e+04
  6.4010e+04 6.4012e+04 6.4099e+04 6.4173e+04 6.4267e+04 6.4274e+04
  6.4359e+04 6.4405e+04 6.4480e+04 6.4571e+04 6.4610e+04 6.4631e+04
  6.4648e+04 6.4714e+04]
 [6.2799e+04 6.2891e+04 6.2899e+04 6.2924e+04 6.3253e+04 6.3292e+04
  6.3304e+04 6.3315e+04 6.3388e+04 6.3413e+04 6.3476e+04 6.3541e+04
  6.3598e+04 6.3675e+04 6.3724e+04 6.3742e+04 6.3743e+04 6.3827e+04
  6.3885e+04 6.3952e+04]
 [6.2522e+04 6.2552e+04 6.2601e+04 6.2636e+04 6.2676e+04 6.2710e+04
  6.2711e+04 6.2799e+04 6.2891e+04 6.2944e+04 6.3002e+04 6.3034e+04
  6.3104e+04 6.3115e+04 6.3139e+04 6.3203e+04 6.3253e+04 6.3321e+04
  6.3420e+04 6.3458e+04]
 [6.1365e+04 6.1403e+04 6.1496e+04 6.1546e+04 6.1615e+04 6.1693e+04
  6.1755e+04 6.1825e+04 6.1870e+04 6.1877e+04 6.1964e+04 6.2041e+04
  6.2128e+04 6.2214e+04 6.2280e+04 6.2315e+04 6.2357e+04 6.2439e+04
  6.2494e+04 6.2578e+04]
 [5.9385e+04 5.9467e+04 5.9591e+04 6.0291e+04 6.0703e+04 6.0768e+04
  6.0790e+04 6.0799e+04 6.0851e+04 6.0872e+04 6.0910e+04 6.0960e+04
  6.1034e+04 6.1092e+04 6.1136e+04 6.1141e+04 6.1194e+04 6.1255e+04
  6.1276e+04 6.1365e+04]
 [5.9524e+04 5.9755e+04 5.9815e+04 6.0120e+04 6.0194e+04 6.0254e+04
  6.0262e+04 6.0288e+04 6.0291e+04 6.0321e+04 6.0327e+04 6.0373e+04
  6.0436e+04 6.0503e+04 6.0520e+04 6.0595e+04 6.0652e+04 6.0703e+04
  6.0755e+04 6.0799e+04]
 [5.7295e+04 5.7759e+04 5.9285e+04 5.9291e+04 5.9311e+04 5.9385e+04
  5.9415e+04 5.9429e+04 5.9475e+04 5.9524e+04 5.9591e+04 5.9625e+04
  5.9672e+04 5.9755e+04 5.9800e+04 5.9843e+04 5.9918e+04 5.9959e+04
  6.0040e+04 6.0700e+04]
 [5.8134e+04 5.8451e+04 5.8468e+04 5.8494e+04 5.8499e+04 5.8549e+04
  5.8701e+04 5.8710e+04 5.8771e+04 5.8787e+04 5.8880e+04 5.8956e+04
  5.8990e+04 5.8995e+04 5.9025e+04 5.9106e+04 5.9142e+04 5.9155e+04
  5.9178e+04 5.9254e+04]
 [5.6005e+04 5.7702e+04 5.7759e+04 5.7810e+04 5.7861e+04 5.7883e+04
  5.7974e+04 5.8006e+04 5.8028e+04 5.8035e+04 5.8134e+04 5.8195e+04
  5.8202e+04 5.8269e+04 5.8356e+04 5.8451e+04 5.8530e+04 5.8549e+04
  5.8586e+04 5.8678e+04]
 [5.6702e+04 5.6759e+04 5.6782e+04 5.6881e+04 5.6926e+04 5.6973e+04
  5.7032e+04 5.7085e+04 5.7153e+04 5.7221e+04 5.7276e+04 5.7295e+04
  5.7371e+04 5.7401e+04 5.7488e+04 5.7543e+04 5.7620e+04 5.7632e+04
  5.7672e+04 5.7810e+04]
 [5.4283e+04 5.5856e+04 5.5881e+04 5.5964e+04 5.6005e+04 5.6081e+04
  5.6126e+04 5.6149e+04 5.6214e+04 5.6287e+04 5.6322e+04 5.6326e+04
  5.6373e+04 5.6433e+04 5.6507e+04 5.6601e+04 5.6652e+04 5.6702e+04
  5.6831e+04 5.6915e+04]
 [5.3710e+04 5.3830e+04 5.3906e+04 5.5102e+04 5.5226e+04 5.5307e+04
  5.5388e+04 5.5443e+04 5.5499e+04 5.5577e+04 5.5623e+04 5.5715e+04
  5.5730e+04 5.5735e+04 5.5747e+04 5.5796e+04 5.5899e+04 5.5993e+04
  5.6293e+04 5.6605e+04]
 [5.3098e+04 5.3899e+04 5.4203e+04 5.4283e+04 5.4294e+04 5.4344e+04
  5.4395e+04 5.4478e+04 5.4543e+04 5.4630e+04 5.4680e+04 5.4758e+04
  5.4764e+04 5.4782e+04 5.4822e+04 5.4865e+04 5.4952e+04 5.5026e+04
  5.5102e+04 5.5175e+04]
 [5.2801e+04 5.2864e+04 5.2919e+04 5.3143e+04 5.3195e+04 5.3261e+04
  5.3560e+04 5.3626e+04 5.3823e+04 5.3906e+04 5.3929e+04 5.3978e+04
  5.4073e+04 5.4121e+04 5.4147e+04 5.4203e+04 5.4223e+04 5.4230e+04
  5.4236e+04 5.4813e+04]
 [5.2772e+04 5.2801e+04 5.2891e+04 5.2974e+04 5.3007e+04 5.3098e+04
  5.3143e+04 5.3214e+04 5.3263e+04 5.3353e+04 5.3425e+04 5.3504e+04
  5.3560e+04 5.3625e+04 5.3636e+04 5.3710e+04 5.3746e+04 5.3822e+04
  5.3823e+04 5.3825e+04]
 [5.0979e+04 5.1907e+04 5.2226e+04 5.2299e+04 5.2344e+04 5.2381e+04
  5.2425e+04 5.2450e+04 5.2536e+04 5.2602e+04 5.2621e+04 5.2697e+04
  5.2728e+04 5.2772e+04 5.2784e+04 5.2891e+04 5.2964e+04 5.3006e+04
  5.3007e+04 5.3232e+04]
 [5.0770e+04 5.0843e+04 5.0862e+04 5.1393e+04 5.1443e+04 5.1517e+04
  5.1547e+04 5.1551e+04 5.1620e+04 5.1664e+04 5.1762e+04 5.1781e+04
  5.1783e+04 5.1873e+04 5.1907e+04 5.1953e+04 5.2029e+04 5.2110e+04
  5.2186e+04 5.2552e+04]
 [5.0089e+04 5.0093e+04 5.0153e+04 5.0158e+04 5.0177e+04 5.0226e+04
  5.0409e+04 5.0427e+04 5.0523e+04 5.0560e+04 5.0615e+04 5.0698e+04
  5.0770e+04 5.0846e+04 5.0884e+04 5.0979e+04 5.1077e+04 5.1142e+04
  5.1216e+04 5.1296e+04]
 [4.9393e+04 4.9651e+04 4.9715e+04 4.9782e+04 4.9840e+04 4.9939e+04
  4.9943e+04 4.9952e+04 5.0011e+04 5.0040e+04 5.0066e+04 5.0089e+04
  5.0099e+04 5.0114e+04 5.0135e+04 5.0154e+04 5.0252e+04 5.0329e+04
  5.0409e+04 5.0485e+04]
 [4.7226e+04 4.8965e+04 4.8998e+04 4.9012e+04 4.9075e+04 4.9121e+04
  4.9127e+04 4.9180e+04 4.9207e+04 4.9306e+04 4.9393e+04 4.9408e+04
  4.9485e+04 4.9551e+04 4.9554e+04 4.9605e+04 4.9608e+04 4.9617e+04
  4.9651e+04 4.9728e+04]
 [4.5336e+04 4.7865e+04 4.7963e+04 4.8020e+04 4.8094e+04 4.8141e+04
  4.8153e+04 4.8245e+04 4.8275e+04 4.8320e+04 4.8359e+04 4.8395e+04
  4.8407e+04 4.8493e+04 4.8581e+04 4.8596e+04 4.8685e+04 4.8781e+04
  4.8850e+04 4.8893e+04]
 [4.4662e+04 4.4746e+04 4.6984e+04 4.7014e+04 4.7083e+04 4.7089e+04
  4.7176e+04 4.7234e+04 4.7271e+04 4.7358e+04 4.7370e+04 4.7460e+04
  4.7498e+04 4.7545e+04 4.7644e+04 4.7652e+04 4.7682e+04 4.7730e+04
  4.7760e+04 4.7767e+04]
 [4.5808e+04 4.6335e+04 4.6409e+04 4.6417e+04 4.6503e+04 4.6539e+04
  4.6617e+04 4.6623e+04 4.6625e+04 4.6667e+04 4.6681e+04 4.6753e+04
  4.6847e+04 4.6930e+04 4.6934e+04 4.6984e+04 4.7074e+04 4.7154e+04
  4.7181e+04 4.7581e+04]
 [4.5200e+04 4.5278e+04 4.5319e+04 4.5629e+04 4.5715e+04 4.5798e+04
  4.5890e+04 4.5944e+04 4.6024e+04 4.6092e+04 4.6108e+04 4.6196e+04
  4.6236e+04 4.6324e+04 4.6335e+04 4.6344e+04 4.6398e+04 4.6417e+04
  4.6568e+04 4.6649e+04]
 [4.4064e+04 4.4136e+04 4.4200e+04 4.4616e+04 4.4683e+04 4.4712e+04
  4.4804e+04 4.5189e+04 4.5257e+04 4.5269e+04 4.5337e+04 4.5424e+04
  4.5504e+04 4.5585e+04 4.5629e+04 4.5705e+04 4.5714e+04 4.5740e+04
  4.5771e+04 4.5808e+04]
 [4.3958e+04 4.4477e+04 4.4530e+04 4.4616e+04 4.4683e+04 4.4687e+04
  4.4701e+04 4.4748e+04 4.4767e+04 4.4817e+04 4.4885e+04 4.4950e+04
  4.4972e+04 4.5069e+04 4.5080e+04 4.5114e+04 4.5189e+04 4.5200e+04
  4.5214e+04 4.5344e+04]
 [4.3847e+04 4.3910e+04 4.3958e+04 4.4021e+04 4.4064e+04 4.4073e+04
  4.4155e+04 4.4168e+04 4.4216e+04 4.4219e+04 4.4288e+04 4.4335e+04
  4.4338e+04 4.4394e+04 4.4426e+04 4.4467e+04 4.4477e+04 4.4525e+04
  4.4669e+04 4.5021e+04]
 [4.3277e+04 4.3319e+04 4.3410e+04 4.3421e+04 4.3458e+04 4.3555e+04
  4.3595e+04 4.3630e+04 4.3726e+04 4.3821e+04 4.3847e+04 4.3927e+04
  4.3988e+04 4.4057e+04 4.4073e+04 4.4132e+04 4.4197e+04 4.4200e+04
  4.4205e+04 4.4338e+04]
 [4.2077e+04 4.2080e+04 4.2102e+04 4.2114e+04 4.2606e+04 4.2626e+04
  4.2709e+04 4.2765e+04 4.2841e+04 4.2888e+04 4.2897e+04 4.2939e+04
  4.2974e+04 4.2997e+04 4.3008e+04 4.3028e+04 4.3056e+04 4.3107e+04
  4.3185e+04 4.3220e+04]
 [4.1815e+04 4.1828e+04 4.1904e+04 4.1924e+04 4.1991e+04 4.1997e+04
  4.2016e+04 4.2090e+04 4.2091e+04 4.2106e+04 4.2154e+04 4.2198e+04
  4.2210e+04 4.2256e+04 4.2350e+04 4.2376e+04 4.2419e+04 4.2456e+04
  4.2529e+04 4.2577e+04]
 [4.1463e+04 4.1488e+04 4.1537e+04 4.1588e+04 4.1624e+04 4.1674e+04
  4.1689e+04 4.1755e+04 4.1772e+04 4.1815e+04 4.1868e+04 4.1871e+04
  4.1918e+04 4.1930e+04 4.2004e+04 4.2012e+04 4.2077e+04 4.2106e+04
  4.2114e+04 4.2132e+04]
 [4.0084e+04 4.0217e+04 4.0231e+04 4.0326e+04 4.0979e+04 4.1047e+04
  4.1071e+04 4.1158e+04 4.1201e+04 4.1211e+04 4.1251e+04 4.1283e+04
  4.1326e+04 4.1392e+04 4.1434e+04 4.1463e+04 4.1483e+04 4.1511e+04
  4.1550e+04 4.2065e+04]
 [4.0011e+04 4.0084e+04 4.0150e+04 4.0217e+04 4.0284e+04 4.0356e+04
  4.0419e+04 4.0500e+04 4.0584e+04 4.0591e+04 4.0643e+04 4.0652e+04
  4.0661e+04 4.0696e+04 4.0707e+04 4.0744e+04 4.0799e+04 4.0895e+04
  4.0979e+04 4.1076e+04]
 [3.8177e+04 3.8278e+04 3.8973e+04 3.9058e+04 3.9450e+04 3.9501e+04
  3.9542e+04 3.9606e+04 3.9646e+04 3.9700e+04 3.9731e+04 3.9778e+04
  3.9794e+04 3.9837e+04 3.9896e+04 3.9963e+04 3.9996e+04 4.0140e+04
  4.0591e+04 4.0600e+04]
 [3.8249e+04 3.8278e+04 3.8340e+04 3.8714e+04 3.8774e+04 3.8842e+04
  3.8862e+04 3.8882e+04 3.8914e+04 3.8964e+04 3.8973e+04 3.8995e+04
  3.9051e+04 3.9145e+04 3.9172e+04 3.9213e+04 3.9290e+04 3.9309e+04
  3.9363e+04 3.9550e+04]
 [3.7619e+04 3.7688e+04 3.7754e+04 3.7937e+04 3.8125e+04 3.8177e+04
  3.8216e+04 3.8243e+04 3.8306e+04 3.8392e+04 3.8462e+04 3.8464e+04
  3.8474e+04 3.8476e+04 3.8489e+04 3.8533e+04 3.8625e+04 3.8696e+04
  3.8710e+04 3.8714e+04]
 [3.7055e+04 3.7221e+04 3.7299e+04 3.7325e+04 3.7354e+04 3.7430e+04
  3.7581e+04 3.7766e+04 3.7799e+04 3.7890e+04 3.7937e+04 3.8026e+04
  3.8075e+04 3.8125e+04 3.8166e+04 3.8227e+04 3.8249e+04 3.8348e+04
  3.8380e+04 3.8582e+04]
 [3.5899e+04 3.6828e+04 3.6912e+04 3.6993e+04 3.7055e+04 3.7097e+04
  3.7108e+04 3.7173e+04 3.7379e+04 3.7454e+04 3.7466e+04 3.7512e+04
  3.7558e+04 3.7619e+04 3.7717e+04 3.7766e+04 3.7801e+04 3.7840e+04
  3.8226e+04 3.8324e+04]
 [3.5161e+04 3.5990e+04 3.6027e+04 3.6642e+04 3.6737e+04 3.6828e+04
  3.6896e+04 3.6904e+04 3.6922e+04 3.6976e+04 3.6999e+04 3.7093e+04
  3.7155e+04 3.7221e+04 3.7224e+04 3.7245e+04 3.7307e+04 3.7379e+04
  3.7407e+04 3.7498e+04]
 [3.4829e+04 3.5488e+04 3.5854e+04 3.5899e+04 3.5921e+04 3.6010e+04
  3.6218e+04 3.6222e+04 3.6223e+04 3.6294e+04 3.6338e+04 3.6373e+04
  3.6472e+04 3.6521e+04 3.6540e+04 3.6565e+04 3.6642e+04 3.6656e+04
  3.6746e+04 3.6765e+04]
 [3.4575e+04 3.5399e+04 3.5407e+04 3.5475e+04 3.5488e+04 3.5586e+04
  3.5674e+04 3.5724e+04 3.5741e+04 3.5814e+04 3.5832e+04 3.5854e+04
  3.5917e+04 3.5990e+04 3.6046e+04 3.6107e+04 3.6132e+04 3.6203e+04
  3.6218e+04 3.6271e+04]
 [3.4441e+04 3.4442e+04 3.4541e+04 3.4605e+04 3.4656e+04 3.4733e+04
  3.4745e+04 3.4771e+04 3.4798e+04 3.4829e+04 3.4852e+04 3.4942e+04
  3.5007e+04 3.5023e+04 3.5114e+04 3.5161e+04 3.5196e+04 3.5235e+04
  3.5244e+04 3.5308e+04]
 [3.3680e+04 3.3685e+04 3.3727e+04 3.3760e+04 3.3775e+04 3.3882e+04
  3.3927e+04 3.3961e+04 3.4010e+04 3.4055e+04 3.4109e+04 3.4195e+04
  3.4223e+04 3.4229e+04 3.4306e+04 3.4382e+04 3.4441e+04 3.4504e+04
  3.4525e+04 3.5142e+04]
 [3.3140e+04 3.3166e+04 3.3260e+04 3.3293e+04 3.3313e+04 3.3340e+04
  3.3423e+04 3.3478e+04 3.3571e+04 3.3612e+04 3.3674e+04 3.3680e+04
  3.3713e+04 3.3760e+04 3.3844e+04 3.3869e+04 3.3874e+04 3.3882e+04
  3.3896e+04 3.3959e+04]
 [3.2046e+04 3.2796e+04 3.2895e+04 3.2914e+04 3.2988e+04 3.3003e+04
  3.3085e+04 3.3140e+04 3.3231e+04 3.3284e+04 3.3292e+04 3.3311e+04
  3.3320e+04 3.3380e+04 3.3390e+04 3.3395e+04 3.3432e+04 3.3527e+04
  3.3546e+04 3.3609e+04]
 [3.1326e+04 3.1366e+04 3.1904e+04 3.1907e+04 3.1951e+04 3.1981e+04
  3.2065e+04 3.2114e+04 3.2136e+04 3.2151e+04 3.2244e+04 3.2252e+04
  3.2342e+04 3.2390e+04 3.2477e+04 3.2511e+04 3.2553e+04 3.2631e+04
  3.2707e+04 3.2789e+04]
 [2.9216e+04 3.0046e+04 3.0646e+04 3.0681e+04 3.0696e+04 3.1124e+04
  3.1188e+04 3.1263e+04 3.1326e+04 3.1423e+04 3.1474e+04 3.1539e+04
  3.1580e+04 3.1626e+04 3.1690e+04 3.1711e+04 3.1761e+04 3.1764e+04
  3.1804e+04 3.1839e+04]
 [3.0219e+04 3.0308e+04 3.0331e+04 3.0340e+04 3.0347e+04 3.0355e+04
  3.0432e+04 3.0526e+04 3.0614e+04 3.0646e+04 3.0739e+04 3.0743e+04
  3.0816e+04 3.0910e+04 3.0976e+04 3.1058e+04 3.1086e+04 3.1430e+04
  3.1600e+04 3.1799e+04]
 [2.8290e+04 2.8377e+04 2.9165e+04 2.9655e+04 2.9712e+04 2.9794e+04
  2.9869e+04 2.9879e+04 2.9916e+04 2.9951e+04 3.0046e+04 3.0132e+04
  3.0157e+04 3.0219e+04 3.0300e+04 3.0375e+04 3.0434e+04 3.0530e+04
  3.0730e+04 3.0811e+04]
 [2.8809e+04 2.8900e+04 2.8961e+04 2.9005e+04 2.9016e+04 2.9037e+04
  2.9051e+04 2.9113e+04 2.9129e+04 2.9165e+04 2.9216e+04 2.9272e+04
  2.9349e+04 2.9428e+04 2.9481e+04 2.9518e+04 2.9566e+04 2.9594e+04
  2.9655e+04 3.0458e+04]
 [2.6395e+04 2.8138e+04 2.8156e+04 2.8165e+04 2.8171e+04 2.8224e+04
  2.8296e+04 2.8344e+04 2.8416e+04 2.8480e+04 2.8529e+04 2.8586e+04
  2.8628e+04 2.8708e+04 2.8800e+04 2.8809e+04 2.8815e+04 2.8899e+04
  2.8957e+04 3.0379e+04]
 [2.6627e+04 2.6694e+04 2.7595e+04 2.7600e+04 2.7630e+04 2.7642e+04
  2.7653e+04 2.7679e+04 2.7753e+04 2.7789e+04 2.7812e+04 2.7862e+04
  2.7875e+04 2.7934e+04 2.7971e+04 2.8050e+04 2.8118e+04 2.8224e+04
  2.8290e+04 2.8656e+04]
 [2.5800e+04 2.5852e+04 2.6552e+04 2.6600e+04 2.6756e+04 2.6791e+04
  2.6837e+04 2.6919e+04 2.6956e+04 2.7015e+04 2.7086e+04 2.7170e+04
  2.7185e+04 2.7225e+04 2.7302e+04 2.7380e+04 2.7382e+04 2.7444e+04
  2.7516e+04 2.7653e+04]
 [2.5372e+04 2.5713e+04 2.5987e+04 2.6027e+04 2.6042e+04 2.6290e+04
  2.6329e+04 2.6395e+04 2.6474e+04 2.6552e+04 2.6582e+04 2.6600e+04
  2.6629e+04 2.6685e+04 2.6712e+04 2.6756e+04 2.6834e+04 2.6835e+04
  2.6904e+04 2.6938e+04]
 [2.5321e+04 2.5372e+04 2.5461e+04 2.5560e+04 2.5614e+04 2.5713e+04
  2.5789e+04 2.5800e+04 2.5892e+04 2.5896e+04 2.5921e+04 2.5987e+04
  2.6028e+04 2.6120e+04 2.6156e+04 2.6211e+04 2.6243e+04 2.6290e+04
  2.6493e+04 2.6538e+04]
 [2.4477e+04 2.4558e+04 2.4645e+04 2.4673e+04 2.4688e+04 2.4731e+04
  2.4735e+04 2.4802e+04 2.4814e+04 2.4909e+04 2.4913e+04 2.4979e+04
  2.5038e+04 2.5072e+04 2.5081e+04 2.5106e+04 2.5108e+04 2.5114e+04
  2.5201e+04 2.5286e+04]
 [2.3379e+04 2.3385e+04 2.3396e+04 2.3446e+04 2.3530e+04 2.3938e+04
  2.4032e+04 2.4034e+04 2.4131e+04 2.4183e+04 2.4187e+04 2.4279e+04
  2.4323e+04 2.4374e+04 2.4397e+04 2.4477e+04 2.4512e+04 2.4645e+04
  2.4691e+04 2.4696e+04]
 [2.2876e+04 2.2938e+04 2.3035e+04 2.3087e+04 2.3186e+04 2.3269e+04
  2.3322e+04 2.3379e+04 2.3387e+04 2.3456e+04 2.3493e+04 2.3565e+04
  2.3660e+04 2.3721e+04 2.3797e+04 2.3869e+04 2.3923e+04 2.4300e+04
  2.4391e+04 2.4441e+04]
 [2.0165e+04 2.1957e+04 2.1990e+04 2.2309e+04 2.2393e+04 2.2422e+04
  2.2454e+04 2.2484e+04 2.2526e+04 2.2605e+04 2.2663e+04 2.2709e+04
  2.2716e+04 2.2805e+04 2.2876e+04 2.2967e+04 2.2976e+04 2.3046e+04
  2.3460e+04 2.4419e+04]
 [2.1548e+04 2.1579e+04 2.1602e+04 2.1638e+04 2.1675e+04 2.1755e+04
  2.1761e+04 2.1818e+04 2.1904e+04 2.1956e+04 2.1957e+04 2.2052e+04
  2.2120e+04 2.2207e+04 2.2225e+04 2.2281e+04 2.2309e+04 2.2375e+04
  2.2463e+04 2.2643e+04]
 [1.6693e+04 1.9325e+04 2.0336e+04 2.0379e+04 2.0517e+04 2.0698e+04
  2.0719e+04 2.0747e+04 2.0844e+04 2.0942e+04 2.0990e+04 2.1085e+04
  2.1169e+04 2.1239e+04 2.1277e+04 2.1369e+04 2.1425e+04 2.1480e+04
  2.1533e+04 2.2099e+04]
 [1.8224e+04 1.9135e+04 1.9194e+04 1.9291e+04 1.9809e+04 1.9827e+04
  1.9891e+04 1.9985e+04 2.0084e+04 2.0165e+04 2.0227e+04 2.0283e+04
  2.0336e+04 2.0434e+04 2.0466e+04 2.0517e+04 2.0541e+04 2.0567e+04
  2.0648e+04 2.0672e+04]
 [1.8990e+04 1.9089e+04 1.9135e+04 1.9157e+04 1.9182e+04 1.9194e+04
  1.9222e+04 1.9251e+04 1.9338e+04 1.9374e+04 1.9412e+04 1.9454e+04
  1.9489e+04 1.9519e+04 1.9576e+04 1.9661e+04 1.9758e+04 1.9760e+04
  1.9809e+04 2.0137e+04]
 [1.8118e+04 1.8131e+04 1.8224e+04 1.8304e+04 1.8307e+04 1.8358e+04
  1.8432e+04 1.8516e+04 1.8599e+04 1.8673e+04 1.8762e+04 1.8832e+04
  1.8877e+04 1.8936e+04 1.8990e+04 1.8991e+04 1.9051e+04 1.9129e+04
  1.9188e+04 1.9234e+04]
 [1.5828e+04 1.7339e+04 1.7374e+04 1.7399e+04 1.7453e+04 1.7503e+04
  1.7534e+04 1.7606e+04 1.7690e+04 1.7759e+04 1.7849e+04 1.7904e+04
  1.7968e+04 1.8057e+04 1.8067e+04 1.8118e+04 1.8199e+04 1.8257e+04
  1.8304e+04 1.8340e+04]
 [1.5333e+04 1.5620e+04 1.5704e+04 1.5729e+04 1.6446e+04 1.6537e+04
  1.6615e+04 1.6693e+04 1.6741e+04 1.6813e+04 1.6860e+04 1.6920e+04
  1.6956e+04 1.6983e+04 1.7025e+04 1.7059e+04 1.7094e+04 1.7179e+04
  1.7212e+04 1.7282e+04]
 [1.4924e+04 1.5427e+04 1.5524e+04 1.5583e+04 1.5679e+04 1.5710e+04
  1.5782e+04 1.5828e+04 1.5875e+04 1.5931e+04 1.5995e+04 1.6046e+04
  1.6123e+04 1.6196e+04 1.6263e+04 1.6344e+04 1.6346e+04 1.6424e+04
  1.6489e+04 1.7050e+04]
 [1.3973e+04 1.4319e+04 1.4340e+04 1.4819e+04 1.4861e+04 1.4924e+04
  1.5022e+04 1.5106e+04 1.5135e+04 1.5189e+04 1.5280e+04 1.5440e+04
  1.5530e+04 1.5531e+04 1.5620e+04 1.5626e+04 1.5668e+04 1.6151e+04
  1.6163e+04 1.6358e+04]
 [1.3490e+04 1.3885e+04 1.3973e+04 1.4030e+04 1.4060e+04 1.4513e+04
  1.4608e+04 1.4666e+04 1.4755e+04 1.4802e+04 1.4819e+04 1.4843e+04
  1.4941e+04 1.5003e+04 1.5094e+04 1.5143e+04 1.5208e+04 1.5242e+04
  1.5333e+04 1.5427e+04]
 [1.1713e+04 1.3039e+04 1.3133e+04 1.3790e+04 1.3885e+04 1.3962e+04
  1.4049e+04 1.4139e+04 1.4225e+04 1.4246e+04 1.4259e+04 1.4319e+04
  1.4355e+04 1.4377e+04 1.4448e+04 1.4466e+04 1.4481e+04 1.4513e+04
  1.5078e+04 1.5089e+04]
 [1.2646e+04 1.2693e+04 1.2711e+04 1.2804e+04 1.3177e+04 1.3251e+04
  1.3363e+04 1.3421e+04 1.3490e+04 1.3500e+04 1.3541e+04 1.3621e+04
  1.3624e+04 1.3696e+04 1.3756e+04 1.3790e+04 1.3907e+04 1.3941e+04
  1.4103e+04 1.4136e+04]
 [1.2641e+04 1.2756e+04 1.2787e+04 1.2814e+04 1.2902e+04 1.2950e+04
  1.2977e+04 1.2982e+04 1.3031e+04 1.3039e+04 1.3106e+04 1.3129e+04
  1.3177e+04 1.3201e+04 1.3290e+04 1.3363e+04 1.3439e+04 1.3526e+04
  1.3581e+04 1.3598e+04]
 [1.1533e+04 1.1543e+04 1.1626e+04 1.1763e+04 1.1809e+04 1.1840e+04
  1.1919e+04 1.1947e+04 1.1962e+04 1.2373e+04 1.2456e+04 1.2498e+04
  1.2538e+04 1.2581e+04 1.2641e+04 1.2646e+04 1.2708e+04 1.2756e+04
  1.2784e+04 1.2797e+04]
 [1.1273e+04 1.1346e+04 1.1423e+04 1.1517e+04 1.1533e+04 1.1622e+04
  1.1670e+04 1.1763e+04 1.1788e+04 1.1864e+04 1.1868e+04 1.1938e+04
  1.2004e+04 1.2035e+04 1.2098e+04 1.2168e+04 1.2259e+04 1.2298e+04
  1.2365e+04 1.2368e+04]
 [9.5000e+03 9.5620e+03 9.7980e+03 1.0277e+04 1.0342e+04 1.0533e+04
  1.0578e+04 1.0634e+04 1.0703e+04 1.0780e+04 1.0784e+04 1.0792e+04
  1.0858e+04 1.0874e+04 1.0880e+04 1.0956e+04 1.1035e+04 1.1059e+04
  1.1155e+04 1.1235e+04]
 [8.7030e+03 9.3900e+03 9.4160e+03 9.5000e+03 9.5960e+03 9.6870e+03
  9.7500e+03 9.7980e+03 9.8370e+03 9.8650e+03 9.9130e+03 9.9960e+03
  1.0070e+04 1.0154e+04 1.0156e+04 1.0232e+04 1.0277e+04 1.0375e+04
  1.0445e+04 1.0888e+04]
 [8.5970e+03 8.6070e+03 8.7030e+03 8.8350e+03 8.9140e+03 9.0080e+03
  9.0160e+03 9.0350e+03 9.0930e+03 9.1010e+03 9.1750e+03 9.1760e+03
  9.2060e+03 9.2990e+03 9.3900e+03 9.4010e+03 9.4580e+03 9.5340e+03
  9.6090e+03 9.6960e+03]
 [6.1090e+03 7.6380e+03 7.7360e+03 7.8110e+03 7.8740e+03 7.8750e+03
  7.9360e+03 8.0080e+03 8.3510e+03 8.4160e+03 8.5030e+03 8.5970e+03
  8.6460e+03 8.7100e+03 8.7930e+03 8.8350e+03 8.8980e+03 8.9270e+03
  8.9940e+03 9.1000e+03]
 [7.4710e+03 7.4770e+03 7.5690e+03 7.5780e+03 7.6380e+03 7.6620e+03
  7.6820e+03 7.7600e+03 7.8060e+03 7.8220e+03 7.8740e+03 7.9520e+03
  7.9820e+03 7.9850e+03 8.0480e+03 8.0610e+03 8.1290e+03 8.2020e+03
  8.2570e+03 8.3510e+03]
 [6.1800e+03 6.2010e+03 6.2940e+03 6.3120e+03 6.7150e+03 6.7970e+03
  6.8480e+03 6.8970e+03 6.9670e+03 7.0180e+03 7.0760e+03 7.1330e+03
  7.2130e+03 7.2580e+03 7.3270e+03 7.3770e+03 7.4710e+03 7.4810e+03
  7.9500e+03 8.0210e+03]
 [5.5510e+03 5.6410e+03 5.7190e+03 5.7750e+03 5.8510e+03 5.8870e+03
  5.9130e+03 6.0000e+03 6.0740e+03 6.1090e+03 6.1480e+03 6.1800e+03
  6.2620e+03 6.3460e+03 6.4410e+03 6.4820e+03 6.5250e+03 6.5750e+03
  6.6160e+03 6.6620e+03]
 [4.6670e+03 4.7340e+03 4.7960e+03 4.8670e+03 5.0870e+03 5.1100e+03
  5.1910e+03 5.2560e+03 5.2960e+03 5.3550e+03 5.4210e+03 5.4990e+03
  5.5200e+03 5.5680e+03 5.6370e+03 5.6410e+03 5.7360e+03 5.8040e+03
  5.8400e+03 5.9490e+03]
 [3.8430e+03 3.9400e+03 4.3490e+03 4.4360e+03 4.5310e+03 4.5570e+03
  4.5710e+03 4.6430e+03 4.6670e+03 4.7530e+03 4.7590e+03 4.8040e+03
  4.8330e+03 4.8520e+03 4.9440e+03 5.0240e+03 5.0350e+03 5.0870e+03
  5.1640e+03 5.2960e+03]
 [3.6700e+03 3.6900e+03 3.7750e+03 3.8230e+03 3.8930e+03 3.9240e+03
  3.9380e+03 4.0190e+03 4.0400e+03 4.0970e+03 4.1950e+03 4.2040e+03
  4.2270e+03 4.2430e+03 4.2890e+03 4.3330e+03 4.3490e+03 4.3900e+03
  4.4070e+03 4.4870e+03]
 [2.5610e+03 2.6290e+03 2.6590e+03 2.7450e+03 2.7990e+03 2.8790e+03
  2.9570e+03 2.9730e+03 3.0620e+03 3.1330e+03 3.2300e+03 3.3100e+03
  3.3790e+03 3.4170e+03 3.4940e+03 3.4970e+03 3.5270e+03 3.5880e+03
  3.6700e+03 3.7580e+03]
 [1.1290e+03 1.2260e+03 1.2720e+03 1.3210e+03 1.3980e+03 1.5880e+03
  1.9800e+03 2.0620e+03 2.1250e+03 2.1460e+03 2.2290e+03 2.2800e+03
  2.3570e+03 2.4370e+03 2.5250e+03 2.5320e+03 2.8420e+03 2.9150e+03
  3.3430e+03 3.4950e+03]
 [9.4000e+02 1.0390e+03 1.1300e+03 1.1320e+03 1.2260e+03 1.3070e+03
  1.3580e+03 1.4460e+03 1.4890e+03 1.5090e+03 1.5880e+03 1.6350e+03
  1.6970e+03 1.7630e+03 1.8040e+03 1.8280e+03 1.8880e+03 1.9000e+03
  1.9030e+03 2.4510e+03]
 [0.0000e+00 4.3000e+01 1.0800e+02 1.7600e+02 2.3700e+02 3.0600e+02
  3.3200e+02 3.7900e+02 4.6600e+02 5.1900e+02 6.0000e+02 6.5900e+02
  7.4000e+02 8.2000e+02 8.8300e+02 9.1400e+02 9.3500e+02 9.8100e+02
  9.8400e+02 1.0660e+03]]
