optimal_status: 0
solution: 6382.0
cpu_time: 3600.1696450710297
gap: 0.8342212472579129
upper_bound: 1057.9999999999995
lower_bound: 6382.0
cg_matrix: [[0. 1. 0. 1. 1. 1. 1. 0. 0. 1. 0. 0. 1. 0. 0. 0. 1. 1. 1. 1. 1. 1. 0. 1.
  1. 1. 0. 0. 0. 1.]
 [1. 0. 0. 0. 1. 1. 1. 1. 1. 0. 1. 0. 1. 1. 1. 0. 1. 1. 0. 0. 1. 1. 0. 0.
  1. 1. 1. 1. 1. 1.]
 [0. 0. 0. 1. 1. 0. 0. 1. 1. 0. 1. 0. 1. 1. 1. 1. 1. 1. 0. 1. 1. 0. 0. 1.
  1. 1. 0. 1. 1. 0.]
 [1. 0. 1. 0. 0. 1. 0. 1. 0. 1. 0. 1. 1. 0. 0. 0. 1. 1. 0. 1. 1. 0. 0. 0.
  1. 1. 0. 1. 1. 1.]
 [1. 1. 1. 0. 0. 1. 1. 1. 0. 1. 1. 0. 1. 0. 0. 0. 0. 1. 1. 0. 0. 0. 1. 0.
  0. 1. 0. 0. 1. 0.]
 [1. 1. 0. 1. 1. 0. 0. 1. 0. 0. 1. 0. 0. 1. 0. 1. 1. 1. 1. 1. 1. 0. 1. 1.
  1. 1. 1. 1. 0. 0.]
 [1. 1. 0. 0. 1. 0. 0. 0. 1. 0. 0. 1. 1. 0. 1. 1. 0. 0. 0. 0. 1. 1. 0. 1.
  1. 1. 0. 0. 1. 1.]
 [0. 1. 1. 1. 1. 1. 0. 0. 0. 0. 1. 1. 1. 0. 0. 0. 0. 0. 0. 0. 0. 0. 1. 1.
  1. 1. 1. 0. 1. 0.]
 [0. 1. 1. 0. 0. 0. 1. 0. 0. 1. 1. 1. 0. 0. 1. 1. 1. 1. 0. 1. 1. 0. 0. 0.
  0. 1. 0. 1. 1. 0.]
 [1. 0. 0. 1. 1. 0. 0. 0. 1. 0. 0. 1. 1. 1. 1. 1. 1. 1. 0. 1. 1. 0. 0. 0.
  0. 1. 1. 0. 1. 1.]
 [0. 1. 1. 0. 1. 1. 0. 1. 1. 0. 0. 0. 0. 0. 0. 0. 1. 0. 1. 0. 0. 0. 1. 0.
  0. 0. 1. 1. 1. 1.]
 [0. 0. 0. 1. 0. 0. 1. 1. 1. 1. 0. 0. 0. 0. 0. 0. 1. 0. 0. 1. 0. 0. 0. 1.
  0. 0. 0. 0. 0. 1.]
 [1. 1. 1. 1. 1. 0. 1. 1. 0. 1. 0. 0. 0. 1. 0. 0. 1. 1. 1. 0. 1. 1. 0. 0.
  0. 1. 0. 0. 0. 1.]
 [0. 1. 1. 0. 0. 1. 0. 0. 0. 1. 0. 0. 1. 0. 0. 1. 1. 0. 1. 1. 1. 1. 1. 0.
  1. 1. 1. 1. 1. 0.]
 [0. 1. 1. 0. 0. 0. 1. 0. 1. 1. 0. 0. 0. 0. 0. 0. 1. 1. 1. 1. 1. 1. 0. 1.
  0. 1. 0. 0. 0. 0.]
 [0. 0. 1. 0. 0. 1. 1. 0. 1. 1. 0. 0. 0. 1. 0. 0. 0. 0. 0. 0. 0. 0. 0. 0.
  0. 0. 0. 0. 0. 0.]
 [1. 1. 1. 1. 0. 1. 0. 0. 1. 1. 1. 1. 1. 1. 1. 0. 0. 0. 0. 0. 0. 0. 0. 0.
  0. 0. 0. 0. 0. 0.]
 [1. 1. 1. 1. 1. 1. 0. 0. 1. 1. 0. 0. 1. 0. 1. 0. 0. 0. 0. 0. 0. 0. 0. 0.
  0. 0. 0. 0. 0. 0.]
 [1. 0. 0. 0. 1. 1. 0. 0. 0. 0. 1. 0. 1. 1. 1. 0. 0. 0. 0. 0. 0. 0. 0. 0.
  0. 0. 0. 0. 0. 0.]
 [1. 0. 1. 1. 0. 1. 0. 0. 1. 1. 0. 1. 0. 1. 1. 0. 0. 0. 0. 0. 0. 0. 0. 0.
  0. 0. 0. 0. 0. 0.]
 [1. 1. 1. 1. 0. 1. 1. 0. 1. 1. 0. 0. 1. 1. 1. 0. 0. 0. 0. 0. 0. 0. 0. 0.
  0. 0. 0. 0. 0. 0.]
 [1. 1. 0. 0. 0. 0. 1. 0. 0. 0. 0. 0. 1. 1. 1. 0. 0. 0. 0. 0. 0. 0. 0. 0.
  0. 0. 0. 0. 0. 0.]
 [0. 0. 0. 0. 1. 1. 0. 1. 0. 0. 1. 0. 0. 1. 0. 0. 0. 0. 0. 0. 0. 0. 0. 0.
  0. 0. 0. 0. 0. 0.]
 [1. 0. 1. 0. 0. 1. 1. 1. 0. 0. 0. 1. 0. 0. 1. 0. 0. 0. 0. 0. 0. 0. 0. 0.
  0. 0. 0. 0. 0. 0.]
 [1. 1. 1. 1. 0. 1. 1. 1. 0. 0. 0. 0. 0. 1. 0. 0. 0. 0. 0. 0. 0. 0. 0. 0.
  0. 0. 0. 0. 0. 0.]
 [1. 1. 1. 1. 1. 1. 1. 1. 1. 1. 0. 0. 1. 1. 1. 0. 0. 0. 0. 0. 0. 0. 0. 0.
  0. 0. 0. 0. 0. 0.]
 [0. 1. 0. 0. 0. 1. 0. 1. 0. 1. 1. 0. 0. 1. 0. 0. 0. 0. 0. 0. 0. 0. 0. 0.
  0. 0. 0. 0. 0. 0.]
 [0. 1. 1. 1. 0. 1. 0. 0. 1. 0. 1. 0. 0. 1. 0. 0. 0. 0. 0. 0. 0. 0. 0. 0.
  0. 0. 0. 0. 0. 0.]
 [0. 1. 1. 1. 1. 0. 1. 1. 1. 1. 1. 0. 0. 1. 0. 0. 0. 0. 0. 0. 0. 0. 0. 0.
  0. 0. 0. 0. 0. 0.]
 [1. 1. 0. 1. 0. 0. 1. 0. 0. 1. 1. 1. 1. 0. 0. 0. 0. 0. 0. 0. 0. 0. 0. 0.
  0. 0. 0. 0. 0. 0.]]
start_times_array: [[ 898. 1522. 5453. 5522. 5537. 5586. 5705. 5863. 5887. 5997. 6034. 6113.
  6208. 6246. 6347.]
 [ 380.  407. 2965. 3021. 3054. 3108. 3302. 4883. 5208. 5543. 5661. 5789.
  5951. 6235. 6306.]
 [3543. 4295. 4670. 4875. 5124. 5184. 5240. 5253. 5463. 5562. 5619. 5705.
  5733. 5806. 5913.]
 [1814. 2130. 2196. 4220. 4411. 4678. 4946. 5033. 5103. 5267. 5289. 5319.
  5355. 5366. 5789.]
 [3389. 3673. 3956. 4220. 4411. 4461. 4511. 4678. 4791. 4946. 5038. 5039.
  5267. 5355. 5407.]
 [ 635. 1654. 1661. 2485. 3395. 3722. 3744. 3888. 4042. 4108. 4289. 4311.
  4346. 4648. 5124.]
 [1785. 1852. 2128. 2186. 2250. 3814. 3967. 4020. 4039. 4042. 4295. 4370.
  4585. 4751. 5123.]
 [ 263. 2223. 2322. 2926. 3084. 3235. 3357. 3501. 3601. 3655. 3829. 3967.
  4183. 4585. 4775.]
 [ 290. 2826. 3051. 3357. 3382. 3610. 3673. 3869. 3955. 4133. 4220. 4406.
  4461. 4505. 5007.]
 [ 373. 2853. 2970. 3054. 3068. 3200. 3266. 3349. 3351. 3458. 3722. 3729.
  3802. 3967. 4052.]
 [1460. 1522. 1603. 1766. 2390. 2672. 2764. 2810. 2820. 2853. 2885. 3165.
  3450. 3479. 3586.]
 [  94. 1443. 1490. 1549. 1979. 2041. 2050. 2071. 2120. 2400. 2462. 2616.
  2664. 2678. 3546.]
 [ 466. 1493. 1882. 1889. 1972. 2403. 2422. 2434. 2515. 2530. 2622. 2750.
  3165. 3400. 3887.]
 [ 295. 1451. 1519. 1561. 1785. 1885. 2045. 2143. 2313. 2564. 2710. 2804.
  2819. 2907. 3051.]
 [1451. 1519. 1522. 1621. 1972. 2043. 2313. 2357. 2486. 2492. 2530. 2561.
  2642. 2718. 4155.]
 [  61.  129.  155.  229.  753.  898.  918.  996. 1231. 1381. 1889. 1970.
  2295. 2415. 2422.]
 [   0.   61.  533.  572.  697.  841.  938. 1005. 1033. 1100. 1220. 1223.
  1288. 1417. 2223.]
 [  58.  533.  649.  685.  766.  876.  966. 1100. 1157. 1217. 1245. 1316.
  1354. 1440. 1702.]
 [ 160.  209.  308.  533.  649. 1137. 1228. 1362. 1363. 1672. 2970. 3054.
  3241. 3290. 3382.]
 [ 489.  649.  666.  918. 1076. 1096. 1157. 1188. 1190. 1301. 1412. 1420.
  1672. 1722. 2223.]
 [ 242.  562.  731.  833.  918. 1077. 1102. 1165. 1263. 1344. 1358. 1377.
  1430. 1672. 1702.]
 [  23.   94.  155.  251.  302.  315.  548.  600.  918. 1002. 1035. 1264.
  1324. 1344. 1358.]
 [  90.  302.  521.  545.  615.  649.  817.  906. 1048. 1192. 1889. 1979.
  2019. 2023. 2250.]
 [   0.   22.  271.  306.  364.  365.  451.  455.  523.  649.  918. 1083.
  1169. 1261. 1399.]
 [ 229.  302.  353.  547.  587.  688.  790.  918. 1006. 1096. 1128. 1329.
  1672. 1889. 1943.]
 [  90.  159.  206.  533.  690.  795.  918. 1010. 1083. 1159. 1246. 1327.
  1362. 1428. 1692.]
 [   0.  466.  531.  532.  651.  710.  758.  863.  895.  918.  962. 1092.
  1231. 1362. 1889.]
 [ 147.  229.  465.  570.  649.  745.  960. 1050. 1126. 1163. 1344. 1381.
  1392. 1425. 1901.]
 [   0.   94.  130.  147.  172.  466.  672.  736.  847. 1029. 1188. 1235.
  1269. 1392. 1428.]
 [   0.   23.   87.  141.  230.  243.  533.  617.  708.  728.  745. 1033.
  1127. 1128. 1386.]]
