optimal_status: 0
solution: 32743.0
cpu_time: 3601.607179880142
gap: 0.9596356894293794
upper_bound: 1321.6486210138316
lower_bound: 32743.0
cg_matrix: [[0. 1. 0. 0. 1. 1. 1. 1. 1. 1. 1. 0. 1. 1. 1. 1. 1. 1. 0. 0. 1. 0. 0. 0.
  1. 1. 1. 1. 1. 1. 0. 1. 1. 1. 1. 0. 1. 0. 1. 1. 1. 1. 1. 1. 1. 1. 1. 1.
  1. 1.]
 [1. 0. 0. 1. 0. 1. 1. 1. 1. 1. 1. 1. 1. 1. 1. 1. 1. 0. 1. 1. 0. 1. 0. 1.
  1. 1. 0. 1. 1. 1. 1. 1. 1. 1. 1. 1. 1. 1. 1. 1. 1. 1. 1. 0. 1. 0. 0. 1.
  1. 1.]
 [0. 0. 0. 1. 1. 0. 0. 1. 1. 1. 1. 1. 1. 0. 1. 1. 0. 1. 1. 1. 1. 0. 0. 1.
  0. 0. 1. 0. 1. 1. 1. 1. 1. 1. 1. 0. 1. 0. 1. 1. 1. 1. 1. 1. 0. 1. 1. 1.
  0. 1.]
 [0. 1. 1. 0. 1. 1. 1. 0. 1. 1. 1. 1. 1. 1. 1. 1. 1. 1. 1. 1. 0. 1. 0. 0.
  1. 1. 1. 1. 1. 1. 1. 1. 1. 1. 1. 1. 1. 1. 0. 1. 1. 1. 1. 1. 1. 1. 1. 1.
  0. 0.]
 [1. 0. 1. 1. 0. 0. 1. 1. 0. 1. 1. 1. 1. 1. 0. 1. 0. 1. 1. 0. 1. 1. 1. 1.
  1. 1. 1. 1. 1. 1. 0. 1. 1. 0. 1. 1. 0. 1. 1. 1. 1. 0. 1. 1. 1. 1. 1. 1.
  1. 1.]
 [1. 1. 0. 1. 0. 0. 1. 1. 1. 1. 1. 0. 1. 1. 1. 1. 1. 0. 0. 1. 1. 0. 1. 0.
  1. 1. 1. 1. 0. 1. 1. 0. 1. 1. 1. 1. 0. 1. 1. 1. 1. 0. 1. 1. 1. 1. 1. 1.
  1. 1.]
 [1. 1. 0. 1. 1. 1. 0. 1. 1. 1. 1. 0. 1. 0. 0. 1. 1. 0. 1. 0. 1. 0. 1. 1.
  1. 1. 1. 0. 1. 1. 1. 0. 1. 1. 1. 1. 1. 1. 0. 1. 0. 1. 0. 1. 0. 0. 0. 1.
  1. 1.]
 [1. 1. 1. 0. 1. 1. 1. 0. 0. 1. 1. 1. 1. 1. 1. 1. 1. 1. 1. 1. 1. 1. 1. 0.
  0. 1. 1. 1. 1. 0. 0. 0. 1. 1. 0. 1. 0. 1. 0. 1. 1. 1. 1. 1. 1. 1. 1. 1.
  1. 1.]
 [1. 1. 1. 1. 0. 1. 1. 0. 0. 0. 0. 1. 1. 1. 1. 1. 0. 0. 0. 1. 1. 1. 0. 0.
  0. 0. 1. 1. 1. 1. 1. 0. 1. 0. 1. 1. 1. 1. 1. 1. 1. 0. 1. 1. 1. 1. 1. 1.
  1. 1.]
 [1. 1. 1. 1. 1. 1. 1. 1. 0. 0. 1. 1. 1. 1. 1. 1. 1. 1. 1. 1. 1. 1. 1. 1.
  0. 1. 1. 0. 1. 0. 1. 1. 0. 0. 1. 1. 1. 1. 0. 1. 0. 1. 1. 1. 1. 1. 1. 1.
  1. 1.]
 [1. 1. 1. 1. 1. 1. 1. 1. 0. 1. 0. 1. 1. 1. 0. 0. 1. 1. 0. 1. 1. 0. 1. 1.
  1. 1. 1. 1. 1. 0. 1. 0. 1. 0. 1. 1. 1. 1. 1. 1. 0. 0. 1. 1. 0. 0. 1. 1.
  1. 0.]
 [0. 1. 1. 1. 1. 0. 0. 1. 1. 1. 1. 0. 1. 1. 1. 1. 1. 1. 1. 1. 1. 0. 1. 1.
  1. 1. 0. 1. 1. 0. 1. 1. 1. 1. 1. 1. 1. 1. 1. 1. 1. 0. 1. 1. 1. 1. 1. 1.
  1. 1.]
 [1. 1. 1. 1. 1. 1. 1. 1. 1. 1. 1. 1. 0. 1. 1. 1. 1. 1. 1. 1. 1. 1. 1. 1.
  0. 1. 1. 1. 1. 1. 1. 1. 0. 1. 1. 1. 1. 1. 1. 1. 0. 1. 1. 1. 1. 1. 1. 1.
  1. 1.]
 [1. 1. 0. 1. 1. 1. 0. 1. 1. 1. 1. 1. 1. 0. 1. 0. 1. 1. 1. 1. 0. 1. 1. 1.
  1. 1. 1. 1. 1. 1. 1. 1. 1. 1. 1. 1. 1. 1. 1. 1. 1. 1. 1. 1. 1. 1. 1. 1.
  1. 1.]
 [1. 1. 1. 1. 0. 1. 0. 1. 1. 1. 0. 1. 1. 1. 0. 1. 1. 1. 0. 1. 1. 1. 1. 0.
  1. 1. 1. 1. 0. 1. 1. 1. 1. 0. 1. 1. 1. 1. 1. 0. 1. 1. 1. 1. 0. 0. 1. 0.
  1. 1.]
 [1. 1. 1. 1. 1. 1. 1. 1. 1. 1. 0. 1. 1. 0. 1. 0. 1. 1. 1. 1. 1. 0. 1. 0.
  1. 1. 1. 1. 1. 0. 1. 1. 1. 1. 1. 1. 1. 1. 1. 0. 0. 1. 1. 0. 1. 1. 1. 1.
  0. 0.]
 [1. 1. 0. 1. 0. 1. 1. 1. 0. 1. 1. 1. 1. 1. 1. 1. 0. 0. 1. 1. 0. 0. 1. 0.
  1. 1. 1. 0. 1. 1. 0. 1. 1. 1. 1. 1. 1. 0. 1. 1. 1. 1. 1. 1. 1. 1. 1. 1.
  1. 0.]
 [1. 0. 1. 1. 1. 0. 0. 1. 0. 1. 1. 1. 1. 1. 1. 1. 0. 0. 0. 1. 0. 1. 0. 1.
  1. 1. 0. 1. 1. 1. 1. 1. 1. 1. 1. 1. 0. 1. 1. 1. 1. 1. 1. 1. 1. 1. 1. 1.
  1. 1.]
 [0. 1. 1. 1. 1. 0. 1. 1. 0. 1. 0. 1. 1. 1. 0. 1. 1. 0. 0. 1. 0. 1. 1. 0.
  1. 0. 1. 1. 1. 1. 1. 1. 1. 1. 1. 1. 1. 1. 0. 1. 0. 1. 1. 1. 1. 1. 1. 0.
  1. 1.]
 [0. 1. 1. 1. 0. 1. 0. 1. 1. 1. 1. 1. 1. 1. 1. 1. 1. 1. 1. 0. 1. 1. 1. 1.
  1. 1. 1. 1. 1. 0. 0. 0. 1. 1. 1. 1. 1. 0. 0. 1. 0. 1. 1. 1. 1. 1. 1. 1.
  1. 1.]
 [1. 0. 1. 0. 1. 1. 1. 1. 1. 1. 1. 1. 1. 0. 1. 1. 0. 0. 0. 1. 0. 0. 0. 0.
  0. 0. 0. 0. 0. 0. 0. 0. 0. 0. 0. 0. 0. 0. 0. 0. 0. 0. 0. 0. 0. 0. 0. 0.
  0. 0.]
 [0. 1. 0. 1. 1. 0. 0. 1. 1. 1. 0. 0. 1. 1. 1. 0. 0. 1. 1. 1. 0. 0. 0. 0.
  0. 0. 0. 0. 0. 0. 0. 0. 0. 0. 0. 0. 0. 0. 0. 0. 0. 0. 0. 0. 0. 0. 0. 0.
  0. 0.]
 [0. 0. 0. 0. 1. 1. 1. 1. 0. 1. 1. 1. 1. 1. 1. 1. 1. 0. 1. 1. 0. 0. 0. 0.
  0. 0. 0. 0. 0. 0. 0. 0. 0. 0. 0. 0. 0. 0. 0. 0. 0. 0. 0. 0. 0. 0. 0. 0.
  0. 0.]
 [0. 1. 1. 0. 1. 0. 1. 0. 0. 1. 1. 1. 1. 1. 0. 0. 0. 1. 0. 1. 0. 0. 0. 0.
  0. 0. 0. 0. 0. 0. 0. 0. 0. 0. 0. 0. 0. 0. 0. 0. 0. 0. 0. 0. 0. 0. 0. 0.
  0. 0.]
 [1. 1. 0. 1. 1. 1. 1. 0. 0. 0. 1. 1. 0. 1. 1. 1. 1. 1. 1. 1. 0. 0. 0. 0.
  0. 0. 0. 0. 0. 0. 0. 0. 0. 0. 0. 0. 0. 0. 0. 0. 0. 0. 0. 0. 0. 0. 0. 0.
  0. 0.]
 [1. 1. 0. 1. 1. 1. 1. 1. 0. 1. 1. 1. 1. 1. 1. 1. 1. 1. 0. 1. 0. 0. 0. 0.
  0. 0. 0. 0. 0. 0. 0. 0. 0. 0. 0. 0. 0. 0. 0. 0. 0. 0. 0. 0. 0. 0. 0. 0.
  0. 0.]
 [1. 0. 1. 1. 1. 1. 1. 1. 1. 1. 1. 0. 1. 1. 1. 1. 1. 0. 1. 1. 0. 0. 0. 0.
  0. 0. 0. 0. 0. 0. 0. 0. 0. 0. 0. 0. 0. 0. 0. 0. 0. 0. 0. 0. 0. 0. 0. 0.
  0. 0.]
 [1. 1. 0. 1. 1. 1. 0. 1. 1. 0. 1. 1. 1. 1. 1. 1. 0. 1. 1. 1. 0. 0. 0. 0.
  0. 0. 0. 0. 0. 0. 0. 0. 0. 0. 0. 0. 0. 0. 0. 0. 0. 0. 0. 0. 0. 0. 0. 0.
  0. 0.]
 [1. 1. 1. 1. 1. 0. 1. 1. 1. 1. 1. 1. 1. 1. 0. 1. 1. 1. 1. 1. 0. 0. 0. 0.
  0. 0. 0. 0. 0. 0. 0. 0. 0. 0. 0. 0. 0. 0. 0. 0. 0. 0. 0. 0. 0. 0. 0. 0.
  0. 0.]
 [1. 1. 1. 1. 1. 1. 1. 0. 1. 0. 0. 0. 1. 1. 1. 0. 1. 1. 1. 0. 0. 0. 0. 0.
  0. 0. 0. 0. 0. 0. 0. 0. 0. 0. 0. 0. 0. 0. 0. 0. 0. 0. 0. 0. 0. 0. 0. 0.
  0. 0.]
 [0. 1. 1. 1. 0. 1. 1. 0. 1. 1. 1. 1. 1. 1. 1. 1. 0. 1. 1. 0. 0. 0. 0. 0.
  0. 0. 0. 0. 0. 0. 0. 0. 0. 0. 0. 0. 0. 0. 0. 0. 0. 0. 0. 0. 0. 0. 0. 0.
  0. 0.]
 [1. 1. 1. 1. 1. 0. 0. 0. 0. 1. 0. 1. 1. 1. 1. 1. 1. 1. 1. 0. 0. 0. 0. 0.
  0. 0. 0. 0. 0. 0. 0. 0. 0. 0. 0. 0. 0. 0. 0. 0. 0. 0. 0. 0. 0. 0. 0. 0.
  0. 0.]
 [1. 1. 1. 1. 1. 1. 1. 1. 1. 0. 1. 1. 0. 1. 1. 1. 1. 1. 1. 1. 0. 0. 0. 0.
  0. 0. 0. 0. 0. 0. 0. 0. 0. 0. 0. 0. 0. 0. 0. 0. 0. 0. 0. 0. 0. 0. 0. 0.
  0. 0.]
 [1. 1. 1. 1. 0. 1. 1. 1. 0. 0. 0. 1. 1. 1. 0. 1. 1. 1. 1. 1. 0. 0. 0. 0.
  0. 0. 0. 0. 0. 0. 0. 0. 0. 0. 0. 0. 0. 0. 0. 0. 0. 0. 0. 0. 0. 0. 0. 0.
  0. 0.]
 [1. 1. 1. 1. 1. 1. 1. 0. 1. 1. 1. 1. 1. 1. 1. 1. 1. 1. 1. 1. 0. 0. 0. 0.
  0. 0. 0. 0. 0. 0. 0. 0. 0. 0. 0. 0. 0. 0. 0. 0. 0. 0. 0. 0. 0. 0. 0. 0.
  0. 0.]
 [0. 1. 0. 1. 1. 1. 1. 1. 1. 1. 1. 1. 1. 1. 1. 1. 1. 1. 1. 1. 0. 0. 0. 0.
  0. 0. 0. 0. 0. 0. 0. 0. 0. 0. 0. 0. 0. 0. 0. 0. 0. 0. 0. 0. 0. 0. 0. 0.
  0. 0.]
 [1. 1. 1. 1. 0. 0. 1. 0. 1. 1. 1. 1. 1. 1. 1. 1. 1. 0. 1. 1. 0. 0. 0. 0.
  0. 0. 0. 0. 0. 0. 0. 0. 0. 0. 0. 0. 0. 0. 0. 0. 0. 0. 0. 0. 0. 0. 0. 0.
  0. 0.]
 [0. 1. 0. 1. 1. 1. 1. 1. 1. 1. 1. 1. 1. 1. 1. 1. 0. 1. 1. 0. 0. 0. 0. 0.
  0. 0. 0. 0. 0. 0. 0. 0. 0. 0. 0. 0. 0. 0. 0. 0. 0. 0. 0. 0. 0. 0. 0. 0.
  0. 0.]
 [1. 1. 1. 0. 1. 1. 0. 0. 1. 0. 1. 1. 1. 1. 1. 1. 1. 1. 0. 0. 0. 0. 0. 0.
  0. 0. 0. 0. 0. 0. 0. 0. 0. 0. 0. 0. 0. 0. 0. 0. 0. 0. 0. 0. 0. 0. 0. 0.
  0. 0.]
 [1. 1. 1. 1. 1. 1. 1. 1. 1. 1. 1. 1. 1. 1. 0. 0. 1. 1. 1. 1. 0. 0. 0. 0.
  0. 0. 0. 0. 0. 0. 0. 0. 0. 0. 0. 0. 0. 0. 0. 0. 0. 0. 0. 0. 0. 0. 0. 0.
  0. 0.]
 [1. 1. 1. 1. 1. 1. 0. 1. 1. 0. 0. 1. 0. 1. 1. 0. 1. 1. 0. 0. 0. 0. 0. 0.
  0. 0. 0. 0. 0. 0. 0. 0. 0. 0. 0. 0. 0. 0. 0. 0. 0. 0. 0. 0. 0. 0. 0. 0.
  0. 0.]
 [1. 1. 1. 1. 0. 0. 1. 1. 0. 1. 0. 0. 1. 1. 1. 1. 1. 1. 1. 1. 0. 0. 0. 0.
  0. 0. 0. 0. 0. 0. 0. 0. 0. 0. 0. 0. 0. 0. 0. 0. 0. 0. 0. 0. 0. 0. 0. 0.
  0. 0.]
 [1. 1. 1. 1. 1. 1. 0. 1. 1. 1. 1. 1. 1. 1. 1. 1. 1. 1. 1. 1. 0. 0. 0. 0.
  0. 0. 0. 0. 0. 0. 0. 0. 0. 0. 0. 0. 0. 0. 0. 0. 0. 0. 0. 0. 0. 0. 0. 0.
  0. 0.]
 [1. 0. 1. 1. 1. 1. 1. 1. 1. 1. 1. 1. 1. 1. 1. 0. 1. 1. 1. 1. 0. 0. 0. 0.
  0. 0. 0. 0. 0. 0. 0. 0. 0. 0. 0. 0. 0. 0. 0. 0. 0. 0. 0. 0. 0. 0. 0. 0.
  0. 0.]
 [1. 1. 0. 1. 1. 1. 0. 1. 1. 1. 0. 1. 1. 1. 0. 1. 1. 1. 1. 1. 0. 0. 0. 0.
  0. 0. 0. 0. 0. 0. 0. 0. 0. 0. 0. 0. 0. 0. 0. 0. 0. 0. 0. 0. 0. 0. 0. 0.
  0. 0.]
 [1. 0. 1. 1. 1. 1. 0. 1. 1. 1. 0. 1. 1. 1. 0. 1. 1. 1. 1. 1. 0. 0. 0. 0.
  0. 0. 0. 0. 0. 0. 0. 0. 0. 0. 0. 0. 0. 0. 0. 0. 0. 0. 0. 0. 0. 0. 0. 0.
  0. 0.]
 [1. 0. 1. 1. 1. 1. 0. 1. 1. 1. 1. 1. 1. 1. 1. 1. 1. 1. 1. 1. 0. 0. 0. 0.
  0. 0. 0. 0. 0. 0. 0. 0. 0. 0. 0. 0. 0. 0. 0. 0. 0. 0. 0. 0. 0. 0. 0. 0.
  0. 0.]
 [1. 1. 1. 1. 1. 1. 1. 1. 1. 1. 1. 1. 1. 1. 0. 1. 1. 1. 0. 1. 0. 0. 0. 0.
  0. 0. 0. 0. 0. 0. 0. 0. 0. 0. 0. 0. 0. 0. 0. 0. 0. 0. 0. 0. 0. 0. 0. 0.
  0. 0.]
 [1. 1. 0. 0. 1. 1. 1. 1. 1. 1. 1. 1. 1. 1. 1. 0. 1. 1. 1. 1. 0. 0. 0. 0.
  0. 0. 0. 0. 0. 0. 0. 0. 0. 0. 0. 0. 0. 0. 0. 0. 0. 0. 0. 0. 0. 0. 0. 0.
  0. 0.]
 [1. 1. 1. 0. 1. 1. 1. 1. 1. 1. 0. 1. 1. 1. 1. 0. 0. 1. 1. 1. 0. 0. 0. 0.
  0. 0. 0. 0. 0. 0. 0. 0. 0. 0. 0. 0. 0. 0. 0. 0. 0. 0. 0. 0. 0. 0. 0. 0.
  0. 0.]]
start_times_array: [[6.3000e+01 5.0000e+02 1.8470e+03 2.8910e+03 3.8100e+03 5.5940e+03
  7.5240e+03 9.8030e+03 1.0891e+04 1.1242e+04 1.2533e+04 1.4443e+04
  1.6295e+04 1.8490e+04 2.0755e+04 2.2329e+04 2.3896e+04 2.6504e+04
  2.8983e+04 3.1037e+04]
 [8.1600e+02 3.4130e+03 5.5010e+03 6.4150e+03 7.8880e+03 8.9910e+03
  1.0302e+04 1.2247e+04 1.3709e+04 1.6221e+04 1.8111e+04 1.9848e+04
  2.1079e+04 2.3218e+04 2.5388e+04 2.7965e+04 2.9179e+04 3.0366e+04
  3.1367e+04 3.1922e+04]
 [6.2500e+02 2.9970e+03 4.7840e+03 6.6340e+03 8.4230e+03 9.5130e+03
  1.1373e+04 1.2779e+04 1.3374e+04 1.5201e+04 1.8024e+04 2.0617e+04
  2.1177e+04 2.1599e+04 2.2909e+04 2.5003e+04 2.7374e+04 2.9226e+04
  3.0600e+04 3.1351e+04]
 [1.5700e+02 2.0120e+03 3.2270e+03 3.3210e+03 4.6240e+03 7.3000e+03
  1.0022e+04 1.2889e+04 1.5174e+04 1.6295e+04 1.7345e+04 1.7874e+04
  1.8831e+04 2.0477e+04 2.2838e+04 2.3840e+04 2.5311e+04 2.7860e+04
  2.9466e+04 3.0568e+04]
 [4.5000e+01 3.1200e+02 2.2130e+03 4.2880e+03 6.0960e+03 8.5070e+03
  1.1259e+04 1.3705e+04 1.5169e+04 1.5917e+04 1.7440e+04 1.9013e+04
  2.0683e+04 2.0999e+04 2.2961e+04 2.5514e+04 2.6814e+04 2.7017e+04
  2.8450e+04 2.9698e+04]
 [3.8000e+02 2.5320e+03 3.4100e+03 4.2630e+03 5.5680e+03 6.1420e+03
  7.1760e+03 9.2570e+03 1.1207e+04 1.2324e+04 1.3205e+04 1.3611e+04
  1.5348e+04 1.8029e+04 1.9822e+04 2.0589e+04 2.2410e+04 2.4532e+04
  2.5966e+04 2.7205e+04]
 [1.1950e+03 3.6660e+03 5.6660e+03 6.4840e+03 8.7310e+03 1.1469e+04
  1.4006e+04 1.5557e+04 1.6525e+04 1.7687e+04 1.9640e+04 2.1986e+04
  2.3845e+04 2.5667e+04 2.7366e+04 2.8376e+04 2.8870e+04 3.0165e+04
  3.1277e+04 3.2134e+04]
 [2.6600e+02 1.6250e+03 1.7050e+03 2.1170e+03 3.1710e+03 4.2290e+03
  4.7750e+03 5.1160e+03 6.0250e+03 7.5990e+03 9.9070e+03 1.1345e+04
  1.2262e+04 1.4739e+04 1.6733e+04 1.7482e+04 1.7788e+04 1.9462e+04
  2.2182e+04 2.3824e+04]
 [3.1000e+01 1.1180e+03 2.0050e+03 2.4010e+03 2.8820e+03 4.3850e+03
  6.3920e+03 8.0270e+03 1.0112e+04 1.1635e+04 1.2437e+04 1.3838e+04
  1.6106e+04 1.8686e+04 2.1358e+04 2.3567e+04 2.3735e+04 2.4662e+04
  2.5809e+04 2.6624e+04]
 [4.0000e+00 1.3620e+03 2.7790e+03 4.9580e+03 7.6690e+03 9.4160e+03
  1.0453e+04 1.1924e+04 1.2671e+04 1.4493e+04 1.6046e+04 1.7156e+04
  1.8852e+04 2.0952e+04 2.3288e+04 2.4285e+04 2.5175e+04 2.6624e+04
  2.7033e+04 2.7686e+04]
 [1.1180e+03 2.4010e+03 4.1330e+03 7.0210e+03 8.7090e+03 9.2410e+03
  1.0394e+04 1.2795e+04 1.5679e+04 1.7806e+04 2.0336e+04 2.1517e+04
  2.2603e+04 2.4471e+04 2.5939e+04 2.6659e+04 2.7193e+04 2.8742e+04
  3.0768e+04 3.1982e+04]
 [1.3000e+02 1.9240e+03 3.3250e+03 3.8110e+03 5.3790e+03 6.3070e+03
  6.7340e+03 8.8170e+03 1.1121e+04 1.3205e+04 1.5130e+04 1.6665e+04
  1.8185e+04 2.0043e+04 2.1707e+04 2.4045e+04 2.6885e+04 2.8674e+04
  2.9741e+04 3.1162e+04]
 [1.5300e+03 3.8400e+03 5.1060e+03 6.2390e+03 8.2000e+03 9.6250e+03
  1.1781e+04 1.3786e+04 1.5836e+04 1.8287e+04 2.0299e+04 2.2086e+04
  2.4859e+04 2.6769e+04 2.8102e+04 2.9331e+04 3.0316e+04 3.0724e+04
  3.1730e+04 3.2453e+04]
 [8.3000e+01 1.7770e+03 3.2030e+03 3.5850e+03 5.2710e+03 7.7980e+03
  1.0718e+04 1.3374e+04 1.5971e+04 1.7916e+04 2.0124e+04 2.3124e+04
  2.4924e+04 2.5910e+04 2.6498e+04 2.6621e+04 2.6984e+04 2.7792e+04
  2.8691e+04 2.9602e+04]
 [1.0000e+01 7.6100e+02 2.1460e+03 3.0860e+03 4.8380e+03 6.8400e+03
  9.1710e+03 1.1854e+04 1.4085e+04 1.6869e+04 1.8660e+04 1.9551e+04
  2.1260e+04 2.3700e+04 2.4966e+04 2.5953e+04 2.7289e+04 2.9817e+04
  3.0910e+04 3.1226e+04]
 [8.3000e+01 1.6370e+03 2.6280e+03 3.9800e+03 5.9160e+03 6.6130e+03
  7.3810e+03 8.8950e+03 1.0547e+04 1.3046e+04 1.5298e+04 1.7500e+04
  1.9733e+04 2.1181e+04 2.3278e+04 2.4555e+04 2.6369e+04 2.7177e+04
  2.8610e+04 2.9902e+04]
 [9.6500e+02 3.1160e+03 4.5420e+03 6.0960e+03 8.3330e+03 1.0893e+04
  1.4153e+04 1.6606e+04 1.7774e+04 1.9196e+04 2.1599e+04 2.3446e+04
  2.4715e+04 2.6293e+04 2.7048e+04 2.9081e+04 3.0926e+04 3.2067e+04
  3.2333e+04 3.2588e+04]
 [3.1000e+01 3.8000e+02 2.4490e+03 5.1840e+03 6.6990e+03 8.3330e+03
  9.1330e+03 1.0356e+04 1.2040e+04 1.4556e+04 1.7182e+04 1.9196e+04
  2.0915e+04 2.1951e+04 2.4290e+04 2.6351e+04 2.7521e+04 3.0144e+04
  3.1494e+04 3.2243e+04]
 [5.0000e+02 3.2290e+03 4.7780e+03 5.8580e+03 7.1180e+03 8.1740e+03
  9.0040e+03 1.1032e+04 1.2633e+04 1.3273e+04 1.4901e+04 1.5743e+04
  1.7034e+04 1.9371e+04 2.0896e+04 2.1851e+04 2.4124e+04 2.6327e+04
  2.8146e+04 3.0005e+04]
 [2.2000e+02 2.6290e+03 5.0570e+03 6.9350e+03 8.6610e+03 9.7640e+03
  1.1655e+04 1.3552e+04 1.5103e+04 1.6783e+04 1.8175e+04 1.9902e+04
  2.2739e+04 2.4628e+04 2.6129e+04 2.8231e+04 3.0242e+04 3.1088e+04
  3.1662e+04 3.2367e+04]
 [0.0000e+00 1.0000e+00 1.4360e+03 3.9020e+03 5.6850e+03 7.4290e+03
  1.0183e+04 1.3273e+04 1.5971e+04 1.7874e+04 1.9583e+04 2.0820e+04
  2.3047e+04 2.4124e+04 2.5584e+04 2.7048e+04 2.8380e+04 3.0335e+04
  3.1031e+04 3.1210e+04]
 [8.8900e+02 3.7490e+03 5.7020e+03 6.4570e+03 7.9380e+03 9.8260e+03
  1.2458e+04 1.4955e+04 1.5201e+04 1.7349e+04 1.9583e+04 2.1125e+04
  2.2268e+04 2.4700e+04 2.7374e+04 2.8293e+04 2.9617e+04 3.1155e+04
  3.1824e+04 3.2266e+04]
 [0.0000e+00 8.1600e+02 2.8080e+03 4.0560e+03 5.7750e+03 7.1050e+03
  7.4290e+03 9.0730e+03 1.1960e+04 1.3776e+04 1.5174e+04 1.7349e+04
  1.9282e+04 2.1912e+04 2.4632e+04 2.6591e+04 2.7804e+04 3.0066e+04
  3.1362e+04 3.2266e+04]
 [1.5700e+02 2.0050e+03 4.2290e+03 5.6850e+03 6.5380e+03 8.5970e+03
  1.0496e+04 1.2702e+04 1.5595e+04 1.7252e+04 1.7720e+04 1.9275e+04
  2.0940e+04 2.2648e+04 2.4632e+04 2.6685e+04 2.8043e+04 2.8531e+04
  3.0502e+04 3.1841e+04]
 [1.8800e+02 8.8900e+02 1.8850e+03 3.3270e+03 4.3330e+03 5.9690e+03
  8.4240e+03 1.0804e+04 1.3127e+04 1.6046e+04 1.9073e+04 2.1450e+04
  2.3964e+04 2.5712e+04 2.6213e+04 2.6624e+04 2.7233e+04 2.7941e+04
  2.9505e+04 3.1118e+04]
 [3.2500e+02 2.1720e+03 4.3330e+03 6.4570e+03 8.4130e+03 9.9840e+03
  1.0804e+04 1.1346e+04 1.2600e+04 1.3837e+04 1.5444e+04 1.7349e+04
  1.8594e+04 2.0820e+04 2.2922e+04 2.4769e+04 2.7607e+04 2.9374e+04
  3.0850e+04 3.1362e+04]
 [6.9200e+02 2.5870e+03 3.5890e+03 5.6850e+03 7.1440e+03 8.9340e+03
  1.0680e+04 1.1447e+04 1.3457e+04 1.6427e+04 1.8169e+04 1.9073e+04
  2.0900e+04 2.2693e+04 2.4788e+04 2.6580e+04 2.7752e+04 2.8828e+04
  2.9617e+04 3.0335e+04]
 [1.7000e+01 5.6100e+02 2.0850e+03 2.9240e+03 4.7110e+03 6.6170e+03
  8.3710e+03 9.3320e+03 1.1966e+04 1.4252e+04 1.5748e+04 1.7349e+04
  1.8852e+04 2.0216e+04 2.1530e+04 2.3744e+04 2.4700e+04 2.5832e+04
  2.7235e+04 2.8828e+04]
 [1.2780e+03 3.5890e+03 5.2650e+03 5.9800e+03 8.2420e+03 1.0804e+04
  1.2235e+04 1.3910e+04 1.5748e+04 1.7597e+04 1.9989e+04 2.1125e+04
  2.3397e+04 2.5712e+04 2.8293e+04 3.0640e+04 3.1569e+04 3.2155e+04
  3.2509e+04 3.2644e+04]
 [6.9200e+02 2.4210e+03 3.3250e+03 5.1160e+03 6.8980e+03 8.4520e+03
  9.8640e+03 1.2270e+04 1.3910e+04 1.5748e+04 1.7962e+04 1.9583e+04
  2.0715e+04 2.1125e+04 2.3611e+04 2.5471e+04 2.5939e+04 2.6821e+04
  2.8742e+04 3.0050e+04]
 [2.2000e+02 2.1720e+03 3.1160e+03 4.3060e+03 5.9600e+03 6.7740e+03
  9.3320e+03 1.1186e+04 1.2005e+04 1.4153e+04 1.7262e+04 1.8950e+04
  2.0106e+04 2.0683e+04 2.0999e+04 2.2049e+04 2.4378e+04 2.7094e+04
  2.9180e+04 3.0457e+04]
 [1.9200e+02 1.6250e+03 2.3020e+03 4.1470e+03 5.9600e+03 6.6170e+03
  7.7490e+03 8.5970e+03 9.0400e+03 1.0804e+04 1.2981e+04 1.4955e+04
  1.6360e+04 1.8567e+04 2.0554e+04 2.2364e+04 2.4199e+04 2.6119e+04
  2.7518e+04 2.8742e+04]
 [1.2780e+03 3.0600e+03 4.0560e+03 5.6850e+03 6.8980e+03 7.4290e+03
  8.2000e+03 9.5640e+03 1.1346e+04 1.1924e+04 1.3614e+04 1.6046e+04
  1.7252e+04 1.7720e+04 1.9073e+04 2.0417e+04 2.1015e+04 2.2364e+04
  2.3288e+04 2.6031e+04]
 [1.2780e+03 3.7470e+03 5.7350e+03 7.4290e+03 9.0400e+03 9.6860e+03
  9.9840e+03 1.1259e+04 1.3127e+04 1.5662e+04 1.7252e+04 1.7484e+04
  1.8445e+04 1.9997e+04 2.1766e+04 2.4769e+04 2.6405e+04 2.6624e+04
  2.8043e+04 2.9411e+04]
 [8.8900e+02 3.4990e+03 6.3090e+03 8.2420e+03 8.5970e+03 9.5640e+03
  1.1563e+04 1.4252e+04 1.6177e+04 1.7639e+04 1.8567e+04 2.0216e+04
  2.1125e+04 2.2364e+04 2.3744e+04 2.6213e+04 2.8293e+04 2.9374e+04
  3.0511e+04 3.0924e+04]
 [1.7000e+01 8.8900e+02 2.8910e+03 4.9170e+03 5.6850e+03 5.9600e+03
  7.4290e+03 1.0620e+04 1.2642e+04 1.3951e+04 1.5748e+04 1.7597e+04
  1.9168e+04 2.0755e+04 2.2049e+04 2.3584e+04 2.5832e+04 2.8293e+04
  2.9702e+04 3.1000e+04]
 [2.6600e+02 2.8080e+03 4.5830e+03 6.5380e+03 8.4520e+03 9.4430e+03
  1.0496e+04 1.1960e+04 1.4252e+04 1.6360e+04 1.7962e+04 2.0216e+04
  2.1766e+04 2.2364e+04 2.3744e+04 2.6246e+04 2.7205e+04 2.8293e+04
  2.8685e+04 2.8867e+04]
 [1.4360e+03 3.7470e+03 4.7840e+03 5.9600e+03 6.7740e+03 8.3710e+03
  1.0183e+04 1.2364e+04 1.4055e+04 1.5595e+04 1.7720e+04 1.9163e+04
  2.0554e+04 2.1786e+04 2.3744e+04 2.6405e+04 2.8231e+04 2.8899e+04
  2.9702e+04 3.0850e+04]
 [1.5700e+02 1.1950e+03 1.6250e+03 2.0120e+03 3.0600e+03 4.4770e+03
  6.0700e+03 6.6170e+03 7.5990e+03 9.0040e+03 1.0804e+04 1.3127e+04
  1.5748e+04 1.8362e+04 2.0422e+04 2.1147e+04 2.3470e+04 2.5292e+04
  2.7080e+04 2.9534e+04]
 [5.6100e+02 2.7180e+03 4.7110e+03 6.5690e+03 9.0400e+03 1.1960e+04
  1.4818e+04 1.6080e+04 1.7106e+04 1.8448e+04 1.9989e+04 2.1530e+04
  2.4199e+04 2.6031e+04 2.7434e+04 2.9290e+04 3.0335e+04 3.1210e+04
  3.2155e+04 3.2509e+04]
 [1.8800e+02 1.6330e+03 2.0850e+03 3.3270e+03 5.6660e+03 7.3810e+03
  9.5640e+03 1.2138e+04 1.3910e+04 1.5444e+04 1.7484e+04 1.9902e+04
  2.0940e+04 2.1766e+04 2.3584e+04 2.6031e+04 2.7080e+04 2.7233e+04
  2.7234e+04 2.7804e+04]
 [8.8900e+02 2.5260e+03 4.2630e+03 7.2090e+03 9.6860e+03 1.1346e+04
  1.2491e+04 1.5004e+04 1.6360e+04 1.7106e+04 1.7720e+04 1.8362e+04
  1.9989e+04 2.2268e+04 2.3470e+04 2.5230e+04 2.7705e+04 2.9933e+04
  3.1400e+04 3.2266e+04]
 [1.0410e+03 2.5870e+03 3.5890e+03 5.6660e+03 6.4570e+03 7.4290e+03
  8.5970e+03 9.6860e+03 1.2101e+04 1.3308e+04 1.3614e+04 1.3837e+04
  1.4955e+04 1.5748e+04 1.6967e+04 1.8778e+04 2.0820e+04 2.2268e+04
  2.3744e+04 2.5471e+04]
 [8.1600e+02 3.4130e+03 6.1610e+03 8.4520e+03 1.0281e+04 1.2101e+04
  1.3308e+04 1.4955e+04 1.6360e+04 1.8567e+04 2.0820e+04 2.3047e+04
  2.5584e+04 2.7233e+04 2.8899e+04 3.0640e+04 3.1824e+04 3.2509e+04
  3.2644e+04 3.2675e+04]
 [8.8900e+02 2.5870e+03 3.5890e+03 5.4400e+03 7.2330e+03 9.1710e+03
  1.0992e+04 1.1346e+04 1.2101e+04 1.2600e+04 1.4346e+04 1.7269e+04
  1.8362e+04 2.0216e+04 2.1912e+04 2.3584e+04 2.5471e+04 2.6821e+04
  2.8531e+04 3.0600e+04]
 [4.3900e+02 2.9240e+03 5.7670e+03 7.4290e+03 9.4430e+03 1.1708e+04
  1.3457e+04 1.5476e+04 1.7106e+04 1.8111e+04 2.0216e+04 2.2507e+04
  2.5584e+04 2.6981e+04 2.8047e+04 3.0050e+04 3.1569e+04 3.2266e+04
  3.2357e+04 3.2644e+04]
 [8.1600e+02 2.3020e+03 2.5260e+03 3.5890e+03 5.3570e+03 6.3420e+03
  7.1140e+03 7.4290e+03 8.6750e+03 9.4430e+03 1.0183e+04 1.1447e+04
  1.3308e+04 1.5020e+04 1.6360e+04 1.8224e+04 2.0417e+04 2.1668e+04
  2.3635e+04 2.4947e+04]
 [1.4360e+03 4.0560e+03 5.9600e+03 8.1030e+03 9.9840e+03 1.0804e+04
  1.2164e+04 1.5020e+04 1.6563e+04 1.8567e+04 2.0722e+04 2.2507e+04
  2.4632e+04 2.5877e+04 2.7597e+04 2.9374e+04 2.9933e+04 3.0457e+04
  3.1400e+04 3.2301e+04]
 [1.0600e+02 1.7100e+03 3.5890e+03 5.5270e+03 6.3090e+03 6.5380e+03
  8.4130e+03 1.0818e+04 1.2458e+04 1.4643e+04 1.7252e+04 1.8950e+04
  2.0715e+04 2.1015e+04 2.1125e+04 2.2365e+04 2.3584e+04 2.4769e+04
  2.6369e+04 2.7884e+04]
 [1.5700e+02 2.3020e+03 4.1330e+03 5.7940e+03 7.9380e+03 9.8640e+03
  1.2101e+04 1.4153e+04 1.5444e+04 1.6080e+04 1.7106e+04 1.7752e+04
  1.9733e+04 2.1450e+04 2.3357e+04 2.5088e+04 2.6821e+04 2.8742e+04
  3.0640e+04 3.1824e+04]]
