optimal_status: 0
solution: 2323.9999997674936
cpu_time: 3600.1597797870636
gap: 0.5030120481430509
upper_bound: 1154.9999999999968
lower_bound: 2323.9999997674936
cg_matrix: [[0. 0. 1. 0. 1. 0. 0. 0. 0. 1. 0. 0. 0. 0. 1.]
 [0. 0. 0. 1. 0. 0. 0. 0. 0. 0. 0. 1. 0. 0. 0.]
 [1. 0. 0. 0. 0. 0. 0. 1. 0. 0. 0. 0. 1. 0. 0.]
 [0. 1. 0. 0. 0. 0. 0. 0. 1. 0. 0. 0. 1. 0. 1.]
 [1. 0. 0. 0. 0. 0. 0. 0. 1. 0. 0. 0. 0. 0. 0.]
 [0. 0. 0. 0. 0. 0. 1. 0. 0. 0. 0. 1. 1. 0. 0.]
 [0. 0. 0. 0. 0. 1. 0. 0. 1. 0. 0. 0. 0. 0. 0.]
 [0. 0. 1. 0. 0. 0. 0. 0. 0. 0. 0. 0. 1. 0. 0.]
 [0. 0. 0. 1. 1. 0. 1. 0. 0. 0. 0. 0. 0. 1. 0.]
 [1. 0. 0. 0. 0. 0. 0. 0. 0. 0. 0. 0. 0. 0. 0.]
 [0. 0. 0. 0. 0. 0. 0. 0. 0. 0. 0. 0. 0. 0. 0.]
 [0. 1. 0. 0. 0. 1. 0. 0. 0. 0. 0. 0. 0. 0. 0.]
 [0. 0. 1. 1. 0. 1. 0. 1. 0. 0. 0. 0. 0. 0. 0.]
 [0. 0. 0. 0. 0. 0. 0. 0. 1. 0. 0. 0. 0. 0. 1.]
 [1. 0. 0. 1. 0. 0. 0. 0. 0. 0. 0. 0. 0. 1. 0.]]
start_times_array: [[ 103.          138.          385.          737.99999977  846.99999977
   899.99999977  923.99999977 1319.99999977 1389.99999977 1649.99999977
  1739.99999977 2063.99999977 2201.99999977 2237.99999977 2322.99999977]
 [  55.          138.          186.99999977  211.          240.
   292.          363.         1096.99999977 1189.99999977 1243.99999977
  1306.99999977 1854.99999977 1939.99999977 2180.99999977 2225.99999977]
 [   0.           60.          248.          319.          321.
   531.99999977  568.99999977 1039.99999977 1195.99999977 1426.99999977
  1583.99999977 1844.99999977 1868.99999977 1966.99999977 2112.99999977]
 [  12.          456.          580.          733.          775.99999977
   810.          867.         1039.99999977 1507.99999977 1601.99999977
  1646.99999977 2001.99999977 2094.99999977 2255.99999977 2307.99999977]
 [   0.          296.          464.          539.          637.
   647.         1017.         1143.         1408.99999977 1503.99999977
  1566.99999977 1570.99999977 1581.99999977 1834.99999977 1971.        ]
 [ 247.          343.          460.99999977  503.99999977  734.99999977
   835.99999977  923.99999977 1107.99999977 1195.99999977 1206.99999977
  1503.99999977 1581.         1912.         1960.         2059.        ]
 [   0.            3.          180.          550.99999977  643.99999977
   791.99999977 1017.         1260.99999977 1420.99999977 1578.99999977
  1646.99999977 1831.99999977 1896.         2219.99999977 2237.99999977]
 [ 103.          218.          455.99999977  477.99999977  732.99999977
   809.99999977  872.99999977 1483.99999977 1578.99999977 1649.99999977
  1686.99999977 1691.99999977 1733.99999977 2058.99999977 2255.99999977]
 [ 335.          379.          868.          955.         1092.
  1202.99999977 1257.99999977 1324.99999977 1364.99999977 1390.99999977
  1631.99999977 1741.99999977 1759.99999977 1936.         2145.99999977]
 [   3.           89.          244.          339.          464.
   519.          586.          652.99999977  671.99999977  802.99999977
  1016.99999977 1152.         1868.99999977 1960.         2112.99999977]
 [   0.           67.          161.          211.          213.
   324.          361.99999977  390.99999977  452.          522.
   554.          623.          722.         1058.99999977 1187.99999977]
 [ 379.          453.99999977  643.99999977  956.99999977 1038.99999977
  1318.99999977 1401.99999977 1417.99999977 1418.99999977 1526.99999977
  1576.         1649.99999977 1741.99999977 1749.99999977 1761.99999977]
 [ 126.          371.          451.99999977  654.99999977  800.99999977
   961.99999977 1120.99999977 1255.99999977 1260.99999977 1310.99999977
  1318.99999977 1362.99999977 1366.99999977 1750.99999977 2181.99999977]
 [  61.           93.          185.          580.          748.99999977
   800.99999977  823.         1017.         1498.99999977 1580.99999977
  1686.99999977 2001.99999977 2100.99999977 2217.99999977 2301.99999977]
 [   0.           26.          216.          280.          297.
   339.          515.          655.         1109.99999977 1205.99999977
  1233.99999977 1403.99999977 1834.99999977 1934.99999977 2145.99999977]]
