optimal_status: 0
solution: 6369.0
cpu_time: 3600.2734429836273
gap: 0.6866187600375703
upper_bound: 1995.9251173207151
lower_bound: 6369.0
cg_matrix: [[0. 0. 0. 1. 0. 0. 0. 0. 0. 1. 0. 0. 0. 0. 0. 0. 0. 0. 1. 0. 0. 0. 1. 0.
  0. 0. 0. 1. 0. 0. 1. 0. 1. 0. 0. 1. 1. 0. 1. 0. 1. 0. 0. 0. 0. 0. 0. 0.
  0. 0.]
 [0. 0. 1. 0. 0. 0. 0. 0. 1. 0. 0. 0. 0. 1. 0. 0. 0. 0. 0. 0. 1. 0. 0. 0.
  0. 0. 0. 0. 0. 0. 0. 0. 0. 0. 0. 0. 0. 0. 0. 0. 0. 0. 1. 0. 0. 0. 1. 0.
  1. 0.]
 [0. 1. 0. 0. 0. 0. 0. 0. 0. 0. 1. 0. 0. 0. 1. 0. 0. 0. 0. 0. 0. 0. 0. 1.
  0. 0. 0. 0. 0. 1. 0. 0. 1. 0. 0. 0. 1. 0. 0. 0. 0. 0. 0. 0. 0. 0. 0. 0.
  0. 1.]
 [1. 0. 0. 0. 0. 0. 0. 0. 0. 0. 0. 0. 1. 0. 0. 0. 0. 0. 0. 0. 0. 0. 0. 0.
  0. 0. 0. 0. 1. 0. 0. 0. 0. 0. 0. 0. 0. 0. 0. 0. 0. 0. 0. 1. 0. 0. 0. 0.
  0. 0.]
 [0. 0. 0. 0. 0. 0. 0. 1. 1. 0. 0. 0. 0. 0. 0. 1. 0. 0. 1. 0. 1. 0. 0. 0.
  1. 0. 0. 0. 0. 0. 0. 1. 0. 0. 0. 0. 0. 1. 0. 0. 0. 0. 0. 0. 0. 0. 0. 1.
  0. 0.]
 [0. 0. 0. 0. 0. 0. 0. 0. 1. 0. 1. 0. 1. 0. 0. 0. 0. 1. 1. 0. 0. 0. 1. 1.
  0. 0. 1. 0. 0. 1. 0. 0. 0. 0. 1. 0. 0. 0. 0. 0. 0. 0. 1. 1. 0. 1. 1. 0.
  0. 0.]
 [0. 0. 0. 0. 0. 0. 0. 0. 0. 0. 0. 0. 0. 1. 1. 0. 0. 1. 0. 0. 0. 0. 1. 0.
  0. 0. 0. 0. 0. 1. 0. 1. 0. 0. 0. 1. 0. 0. 0. 1. 0. 0. 0. 1. 0. 0. 0. 0.
  0. 1.]
 [0. 0. 0. 0. 1. 0. 0. 0. 0. 0. 1. 0. 0. 0. 0. 0. 1. 0. 0. 0. 0. 0. 0. 0.
  0. 0. 0. 0. 1. 0. 0. 0. 0. 0. 0. 0. 0. 0. 0. 0. 0. 0. 1. 0. 0. 0. 0. 0.
  0. 1.]
 [0. 1. 0. 0. 1. 1. 0. 0. 0. 0. 0. 0. 1. 1. 0. 1. 1. 0. 0. 0. 1. 0. 0. 0.
  0. 0. 0. 0. 0. 0. 0. 0. 1. 0. 0. 0. 0. 0. 0. 0. 0. 0. 0. 0. 0. 0. 0. 0.
  0. 0.]
 [1. 0. 0. 0. 0. 0. 0. 0. 0. 0. 1. 0. 0. 0. 1. 0. 0. 0. 0. 0. 0. 0. 0. 1.
  0. 0. 0. 0. 0. 1. 0. 0. 1. 0. 0. 0. 1. 0. 0. 0. 0. 0. 0. 0. 0. 0. 0. 0.
  0. 0.]
 [0. 0. 1. 0. 0. 1. 0. 1. 0. 1. 0. 0. 0. 0. 0. 0. 1. 1. 0. 1. 0. 1. 0. 1.
  0. 0. 0. 0. 1. 0. 0. 0. 0. 0. 1. 0. 0. 0. 1. 1. 0. 1. 0. 0. 0. 0. 0. 0.
  0. 0.]
 [0. 0. 0. 0. 0. 0. 0. 0. 0. 0. 0. 0. 0. 0. 0. 0. 0. 0. 0. 0. 1. 0. 1. 1.
  0. 0. 0. 0. 0. 0. 0. 0. 0. 0. 0. 1. 1. 0. 0. 0. 1. 0. 0. 0. 0. 0. 0. 0.
  0. 0.]
 [0. 0. 0. 1. 0. 1. 0. 0. 1. 0. 0. 0. 0. 0. 1. 0. 1. 0. 1. 0. 0. 0. 1. 0.
  1. 0. 0. 0. 0. 0. 0. 1. 0. 0. 0. 0. 0. 0. 0. 0. 1. 0. 0. 0. 0. 0. 0. 0.
  1. 0.]
 [0. 1. 0. 0. 0. 0. 1. 0. 1. 0. 0. 0. 0. 0. 0. 0. 1. 0. 1. 0. 0. 0. 0. 0.
  0. 0. 0. 0. 1. 0. 0. 0. 0. 0. 0. 0. 0. 1. 0. 1. 0. 0. 1. 0. 1. 0. 0. 0.
  0. 0.]
 [0. 0. 1. 0. 0. 0. 1. 0. 0. 1. 0. 0. 1. 0. 0. 0. 0. 0. 0. 0. 0. 0. 0. 0.
  0. 0. 0. 0. 0. 1. 1. 0. 1. 0. 0. 0. 1. 0. 0. 0. 0. 0. 0. 0. 0. 0. 0. 0.
  0. 1.]
 [0. 0. 0. 0. 1. 0. 0. 0. 1. 0. 0. 0. 0. 0. 0. 0. 0. 0. 0. 0. 0. 0. 0. 0.
  0. 0. 0. 0. 0. 0. 0. 0. 0. 0. 0. 0. 0. 0. 0. 0. 0. 0. 0. 0. 0. 0. 0. 0.
  0. 0.]
 [0. 0. 0. 0. 0. 0. 0. 1. 1. 0. 1. 0. 1. 1. 0. 0. 0. 0. 0. 0. 0. 0. 0. 0.
  0. 0. 0. 0. 0. 0. 0. 0. 0. 0. 0. 0. 0. 0. 0. 0. 0. 0. 0. 0. 0. 0. 0. 0.
  0. 0.]
 [0. 0. 0. 0. 0. 1. 1. 0. 0. 0. 1. 0. 0. 0. 0. 0. 0. 0. 0. 0. 0. 0. 0. 0.
  0. 0. 0. 0. 0. 0. 0. 0. 0. 0. 0. 0. 0. 0. 0. 0. 0. 0. 0. 0. 0. 0. 0. 0.
  0. 0.]
 [1. 0. 0. 0. 1. 1. 0. 0. 0. 0. 0. 0. 1. 1. 0. 0. 0. 0. 0. 0. 0. 0. 0. 0.
  0. 0. 0. 0. 0. 0. 0. 0. 0. 0. 0. 0. 0. 0. 0. 0. 0. 0. 0. 0. 0. 0. 0. 0.
  0. 0.]
 [0. 0. 0. 0. 0. 0. 0. 0. 0. 0. 1. 0. 0. 0. 0. 0. 0. 0. 0. 0. 0. 0. 0. 0.
  0. 0. 0. 0. 0. 0. 0. 0. 0. 0. 0. 0. 0. 0. 0. 0. 0. 0. 0. 0. 0. 0. 0. 0.
  0. 0.]
 [0. 1. 0. 0. 1. 0. 0. 0. 1. 0. 0. 1. 0. 0. 0. 0. 0. 0. 0. 0. 0. 0. 0. 0.
  0. 0. 0. 0. 0. 0. 0. 0. 0. 0. 0. 0. 0. 0. 0. 0. 0. 0. 0. 0. 0. 0. 0. 0.
  0. 0.]
 [0. 0. 0. 0. 0. 0. 0. 0. 0. 0. 1. 0. 0. 0. 0. 0. 0. 0. 0. 0. 0. 0. 0. 0.
  0. 0. 0. 0. 0. 0. 0. 0. 0. 0. 0. 0. 0. 0. 0. 0. 0. 0. 0. 0. 0. 0. 0. 0.
  0. 0.]
 [1. 0. 0. 0. 0. 1. 1. 0. 0. 0. 0. 1. 1. 0. 0. 0. 0. 0. 0. 0. 0. 0. 0. 0.
  0. 0. 0. 0. 0. 0. 0. 0. 0. 0. 0. 0. 0. 0. 0. 0. 0. 0. 0. 0. 0. 0. 0. 0.
  0. 0.]
 [0. 0. 1. 0. 0. 1. 0. 0. 0. 1. 1. 1. 0. 0. 0. 0. 0. 0. 0. 0. 0. 0. 0. 0.
  0. 0. 0. 0. 0. 0. 0. 0. 0. 0. 0. 0. 0. 0. 0. 0. 0. 0. 0. 0. 0. 0. 0. 0.
  0. 0.]
 [0. 0. 0. 0. 1. 0. 0. 0. 0. 0. 0. 0. 1. 0. 0. 0. 0. 0. 0. 0. 0. 0. 0. 0.
  0. 0. 0. 0. 0. 0. 0. 0. 0. 0. 0. 0. 0. 0. 0. 0. 0. 0. 0. 0. 0. 0. 0. 0.
  0. 0.]
 [0. 0. 0. 0. 0. 0. 0. 0. 0. 0. 0. 0. 0. 0. 0. 0. 0. 0. 0. 0. 0. 0. 0. 0.
  0. 0. 0. 0. 0. 0. 0. 0. 0. 0. 0. 0. 0. 0. 0. 0. 0. 0. 0. 0. 0. 0. 0. 0.
  0. 0.]
 [0. 0. 0. 0. 0. 1. 0. 0. 0. 0. 0. 0. 0. 0. 0. 0. 0. 0. 0. 0. 0. 0. 0. 0.
  0. 0. 0. 0. 0. 0. 0. 0. 0. 0. 0. 0. 0. 0. 0. 0. 0. 0. 0. 0. 0. 0. 0. 0.
  0. 0.]
 [1. 0. 0. 0. 0. 0. 0. 0. 0. 0. 0. 0. 0. 0. 0. 0. 0. 0. 0. 0. 0. 0. 0. 0.
  0. 0. 0. 0. 0. 0. 0. 0. 0. 0. 0. 0. 0. 0. 0. 0. 0. 0. 0. 0. 0. 0. 0. 0.
  0. 0.]
 [0. 0. 0. 1. 0. 0. 0. 1. 0. 0. 1. 0. 0. 1. 0. 0. 0. 0. 0. 0. 0. 0. 0. 0.
  0. 0. 0. 0. 0. 0. 0. 0. 0. 0. 0. 0. 0. 0. 0. 0. 0. 0. 0. 0. 0. 0. 0. 0.
  0. 0.]
 [0. 0. 1. 0. 0. 1. 1. 0. 0. 1. 0. 0. 0. 0. 1. 0. 0. 0. 0. 0. 0. 0. 0. 0.
  0. 0. 0. 0. 0. 0. 0. 0. 0. 0. 0. 0. 0. 0. 0. 0. 0. 0. 0. 0. 0. 0. 0. 0.
  0. 0.]
 [1. 0. 0. 0. 0. 0. 0. 0. 0. 0. 0. 0. 0. 0. 1. 0. 0. 0. 0. 0. 0. 0. 0. 0.
  0. 0. 0. 0. 0. 0. 0. 0. 0. 0. 0. 0. 0. 0. 0. 0. 0. 0. 0. 0. 0. 0. 0. 0.
  0. 0.]
 [0. 0. 0. 0. 1. 0. 1. 0. 0. 0. 0. 0. 1. 0. 0. 0. 0. 0. 0. 0. 0. 0. 0. 0.
  0. 0. 0. 0. 0. 0. 0. 0. 0. 0. 0. 0. 0. 0. 0. 0. 0. 0. 0. 0. 0. 0. 0. 0.
  0. 0.]
 [1. 0. 1. 0. 0. 0. 0. 0. 1. 1. 0. 0. 0. 0. 1. 0. 0. 0. 0. 0. 0. 0. 0. 0.
  0. 0. 0. 0. 0. 0. 0. 0. 0. 0. 0. 0. 0. 0. 0. 0. 0. 0. 0. 0. 0. 0. 0. 0.
  0. 0.]
 [0. 0. 0. 0. 0. 0. 0. 0. 0. 0. 0. 0. 0. 0. 0. 0. 0. 0. 0. 0. 0. 0. 0. 0.
  0. 0. 0. 0. 0. 0. 0. 0. 0. 0. 0. 0. 0. 0. 0. 0. 0. 0. 0. 0. 0. 0. 0. 0.
  0. 0.]
 [0. 0. 0. 0. 0. 1. 0. 0. 0. 0. 1. 0. 0. 0. 0. 0. 0. 0. 0. 0. 0. 0. 0. 0.
  0. 0. 0. 0. 0. 0. 0. 0. 0. 0. 0. 0. 0. 0. 0. 0. 0. 0. 0. 0. 0. 0. 0. 0.
  0. 0.]
 [1. 0. 0. 0. 0. 0. 1. 0. 0. 0. 0. 1. 0. 0. 0. 0. 0. 0. 0. 0. 0. 0. 0. 0.
  0. 0. 0. 0. 0. 0. 0. 0. 0. 0. 0. 0. 0. 0. 0. 0. 0. 0. 0. 0. 0. 0. 0. 0.
  0. 0.]
 [1. 0. 1. 0. 0. 0. 0. 0. 0. 1. 0. 1. 0. 0. 1. 0. 0. 0. 0. 0. 0. 0. 0. 0.
  0. 0. 0. 0. 0. 0. 0. 0. 0. 0. 0. 0. 0. 0. 0. 0. 0. 0. 0. 0. 0. 0. 0. 0.
  0. 0.]
 [0. 0. 0. 0. 1. 0. 0. 0. 0. 0. 0. 0. 0. 1. 0. 0. 0. 0. 0. 0. 0. 0. 0. 0.
  0. 0. 0. 0. 0. 0. 0. 0. 0. 0. 0. 0. 0. 0. 0. 0. 0. 0. 0. 0. 0. 0. 0. 0.
  0. 0.]
 [1. 0. 0. 0. 0. 0. 0. 0. 0. 0. 1. 0. 0. 0. 0. 0. 0. 0. 0. 0. 0. 0. 0. 0.
  0. 0. 0. 0. 0. 0. 0. 0. 0. 0. 0. 0. 0. 0. 0. 0. 0. 0. 0. 0. 0. 0. 0. 0.
  0. 0.]
 [0. 0. 0. 0. 0. 0. 1. 0. 0. 0. 1. 0. 0. 1. 0. 0. 0. 0. 0. 0. 0. 0. 0. 0.
  0. 0. 0. 0. 0. 0. 0. 0. 0. 0. 0. 0. 0. 0. 0. 0. 0. 0. 0. 0. 0. 0. 0. 0.
  0. 0.]
 [1. 0. 0. 0. 0. 0. 0. 0. 0. 0. 0. 1. 1. 0. 0. 0. 0. 0. 0. 0. 0. 0. 0. 0.
  0. 0. 0. 0. 0. 0. 0. 0. 0. 0. 0. 0. 0. 0. 0. 0. 0. 0. 0. 0. 0. 0. 0. 0.
  0. 0.]
 [0. 0. 0. 0. 0. 0. 0. 0. 0. 0. 1. 0. 0. 0. 0. 0. 0. 0. 0. 0. 0. 0. 0. 0.
  0. 0. 0. 0. 0. 0. 0. 0. 0. 0. 0. 0. 0. 0. 0. 0. 0. 0. 0. 0. 0. 0. 0. 0.
  0. 0.]
 [0. 1. 0. 0. 0. 1. 0. 1. 0. 0. 0. 0. 0. 1. 0. 0. 0. 0. 0. 0. 0. 0. 0. 0.
  0. 0. 0. 0. 0. 0. 0. 0. 0. 0. 0. 0. 0. 0. 0. 0. 0. 0. 0. 0. 0. 0. 0. 0.
  0. 0.]
 [0. 0. 0. 1. 0. 1. 1. 0. 0. 0. 0. 0. 0. 0. 0. 0. 0. 0. 0. 0. 0. 0. 0. 0.
  0. 0. 0. 0. 0. 0. 0. 0. 0. 0. 0. 0. 0. 0. 0. 0. 0. 0. 0. 0. 0. 0. 0. 0.
  0. 0.]
 [0. 0. 0. 0. 0. 0. 0. 0. 0. 0. 0. 0. 0. 1. 0. 0. 0. 0. 0. 0. 0. 0. 0. 0.
  0. 0. 0. 0. 0. 0. 0. 0. 0. 0. 0. 0. 0. 0. 0. 0. 0. 0. 0. 0. 0. 0. 0. 0.
  0. 0.]
 [0. 0. 0. 0. 0. 1. 0. 0. 0. 0. 0. 0. 0. 0. 0. 0. 0. 0. 0. 0. 0. 0. 0. 0.
  0. 0. 0. 0. 0. 0. 0. 0. 0. 0. 0. 0. 0. 0. 0. 0. 0. 0. 0. 0. 0. 0. 0. 0.
  0. 0.]
 [0. 1. 0. 0. 0. 1. 0. 0. 0. 0. 0. 0. 0. 0. 0. 0. 0. 0. 0. 0. 0. 0. 0. 0.
  0. 0. 0. 0. 0. 0. 0. 0. 0. 0. 0. 0. 0. 0. 0. 0. 0. 0. 0. 0. 0. 0. 0. 0.
  0. 0.]
 [0. 0. 0. 0. 1. 0. 0. 0. 0. 0. 0. 0. 0. 0. 0. 0. 0. 0. 0. 0. 0. 0. 0. 0.
  0. 0. 0. 0. 0. 0. 0. 0. 0. 0. 0. 0. 0. 0. 0. 0. 0. 0. 0. 0. 0. 0. 0. 0.
  0. 0.]
 [0. 1. 0. 0. 0. 0. 0. 0. 0. 0. 0. 0. 1. 0. 0. 0. 0. 0. 0. 0. 0. 0. 0. 0.
  0. 0. 0. 0. 0. 0. 0. 0. 0. 0. 0. 0. 0. 0. 0. 0. 0. 0. 0. 0. 0. 0. 0. 0.
  0. 0.]
 [0. 0. 1. 0. 0. 0. 1. 1. 0. 0. 0. 0. 0. 0. 1. 0. 0. 0. 0. 0. 0. 0. 0. 0.
  0. 0. 0. 0. 0. 0. 0. 0. 0. 0. 0. 0. 0. 0. 0. 0. 0. 0. 0. 0. 0. 0. 0. 0.
  0. 0.]]
start_times_array: [[1.329e+03 1.359e+03 3.083e+03 3.587e+03 4.393e+03 4.799e+03 4.853e+03
  4.930e+03 4.962e+03 4.999e+03 5.363e+03 5.670e+03 5.755e+03 5.926e+03
  6.069e+03]
 [5.141e+03 5.465e+03 5.593e+03 5.639e+03 5.675e+03 5.692e+03 5.723e+03
  5.786e+03 5.857e+03 5.871e+03 6.068e+03 6.126e+03 6.163e+03 6.218e+03
  6.291e+03]
 [6.510e+02 6.900e+02 1.002e+03 1.389e+03 1.447e+03 1.598e+03 1.956e+03
  2.739e+03 4.418e+03 4.865e+03 4.866e+03 5.010e+03 5.092e+03 5.338e+03
  5.599e+03]
 [9.700e+01 4.710e+02 5.550e+02 6.140e+02 1.027e+03 5.115e+03 5.211e+03
  5.309e+03 5.838e+03 5.956e+03 5.977e+03 6.142e+03 6.145e+03 6.184e+03
  6.205e+03]
 [0.000e+00 3.950e+02 1.315e+03 1.661e+03 1.751e+03 1.878e+03 1.918e+03
  5.141e+03 5.465e+03 5.556e+03 5.603e+03 5.675e+03 5.754e+03 5.757e+03
  6.068e+03]
 [1.171e+03 1.269e+03 4.696e+03 5.141e+03 5.465e+03 5.536e+03 5.588e+03
  5.675e+03 5.723e+03 5.755e+03 5.956e+03 6.005e+03 6.068e+03 6.144e+03
  6.229e+03]
 [1.144e+03 1.160e+03 4.627e+03 4.720e+03 4.933e+03 4.994e+03 5.041e+03
  5.066e+03 5.115e+03 5.143e+03 5.189e+03 5.593e+03 5.675e+03 5.838e+03
  6.005e+03]
 [7.900e+02 1.087e+03 1.164e+03 2.797e+03 4.418e+03 4.627e+03 4.827e+03
  4.850e+03 4.906e+03 4.987e+03 5.028e+03 5.229e+03 5.338e+03 6.229e+03
  6.281e+03]
 [1.206e+03 4.328e+03 4.617e+03 4.809e+03 4.906e+03 4.999e+03 5.010e+03
  5.028e+03 5.115e+03 5.229e+03 5.324e+03 5.338e+03 5.424e+03 5.672e+03
  6.021e+03]
 [0.000e+00 1.400e+01 9.700e+01 4.980e+02 5.720e+02 6.640e+02 6.970e+02
  9.820e+02 1.515e+03 1.598e+03 3.154e+03 4.720e+03 4.845e+03 5.838e+03
  5.956e+03]
 [8.400e+02 3.479e+03 3.624e+03 4.067e+03 4.145e+03 4.276e+03 4.321e+03
  4.365e+03 4.544e+03 4.799e+03 4.930e+03 4.933e+03 4.981e+03 5.286e+03
  5.483e+03]
 [1.315e+03 2.860e+03 3.365e+03 3.587e+03 3.677e+03 3.735e+03 3.772e+03
  3.862e+03 3.916e+03 4.053e+03 4.328e+03 4.345e+03 4.511e+03 4.575e+03
  4.996e+03]
 [3.632e+03 4.073e+03 4.120e+03 4.215e+03 4.249e+03 4.263e+03 4.274e+03
  4.276e+03 4.364e+03 4.393e+03 4.458e+03 4.544e+03 4.604e+03 4.901e+03
  5.099e+03]
 [3.440e+02 8.160e+02 1.269e+03 3.602e+03 3.624e+03 3.952e+03 4.073e+03
  4.109e+03 4.138e+03 4.195e+03 4.234e+03 4.364e+03 4.418e+03 4.511e+03
  5.516e+03]
 [1.206e+03 2.761e+03 2.859e+03 3.438e+03 3.523e+03 3.568e+03 3.690e+03
  3.723e+03 3.772e+03 3.795e+03 3.879e+03 3.932e+03 3.994e+03 4.042e+03
  4.328e+03]
 [5.000e+00 2.070e+02 2.960e+02 3.440e+02 4.600e+02 5.550e+02 1.024e+03
  2.985e+03 3.154e+03 3.254e+03 3.290e+03 3.360e+03 3.397e+03 3.490e+03
  3.587e+03]
 [1.036e+03 1.534e+03 2.423e+03 2.723e+03 2.957e+03 3.052e+03 3.185e+03
  3.279e+03 3.361e+03 3.436e+03 3.553e+03 3.714e+03 3.777e+03 3.855e+03
  3.994e+03]
 [6.600e+01 1.340e+02 3.000e+02 3.050e+02 3.550e+02 1.050e+03 1.523e+03
  1.910e+03 2.233e+03 2.597e+03 2.729e+03 3.175e+03 3.333e+03 3.360e+03
  3.420e+03]
 [6.120e+02 8.450e+02 9.180e+02 1.223e+03 2.235e+03 2.559e+03 2.641e+03
  2.717e+03 2.756e+03 2.911e+03 3.001e+03 3.200e+03 3.254e+03 3.344e+03
  3.862e+03]
 [6.000e+01 9.270e+02 1.255e+03 1.861e+03 1.956e+03 2.049e+03 2.136e+03
  2.512e+03 2.697e+03 2.860e+03 3.553e+03 3.708e+03 3.777e+03 3.824e+03
  3.952e+03]
 [5.000e+00 3.150e+02 4.600e+02 1.269e+03 2.109e+03 2.620e+03 2.673e+03
  2.869e+03 3.085e+03 3.097e+03 3.131e+03 3.192e+03 3.456e+03 3.512e+03
  4.042e+03]
 [5.140e+02 2.234e+03 2.591e+03 2.663e+03 2.676e+03 2.918e+03 2.957e+03
  3.055e+03 3.083e+03 3.115e+03 3.179e+03 3.200e+03 3.286e+03 3.336e+03
  3.344e+03]
 [4.200e+01 9.270e+02 1.009e+03 1.386e+03 1.570e+03 1.646e+03 1.716e+03
  2.787e+03 2.925e+03 3.154e+03 3.192e+03 3.270e+03 3.438e+03 3.514e+03
  3.964e+03]
 [3.000e+01 4.900e+01 1.530e+02 1.081e+03 2.459e+03 2.548e+03 2.588e+03
  2.591e+03 2.594e+03 2.608e+03 2.761e+03 2.869e+03 3.132e+03 3.218e+03
  3.553e+03]
 [9.000e+00 4.300e+01 2.089e+03 2.416e+03 2.451e+03 2.459e+03 2.529e+03
  2.608e+03 2.688e+03 2.819e+03 2.868e+03 2.911e+03 2.985e+03 3.055e+03
  3.064e+03]
 [2.080e+02 5.100e+02 6.560e+02 7.500e+02 1.098e+03 1.232e+03 1.282e+03
  1.497e+03 1.523e+03 1.649e+03 1.688e+03 2.576e+03 2.938e+03 3.016e+03
  3.175e+03]
 [5.300e+01 2.138e+03 2.233e+03 2.392e+03 2.492e+03 2.647e+03 2.739e+03
  2.757e+03 2.830e+03 2.925e+03 3.004e+03 3.085e+03 3.132e+03 3.185e+03
  3.279e+03]
 [0.000e+00 4.900e+01 3.440e+02 9.170e+02 1.453e+03 1.469e+03 2.312e+03
  2.371e+03 2.487e+03 2.588e+03 2.599e+03 2.620e+03 2.663e+03 2.761e+03
  2.850e+03]
 [2.090e+02 2.490e+02 9.270e+02 1.175e+03 1.857e+03 2.112e+03 2.265e+03
  2.354e+03 2.371e+03 2.574e+03 2.618e+03 2.688e+03 2.689e+03 2.756e+03
  3.097e+03]
 [2.460e+02 4.600e+02 7.900e+02 8.430e+02 9.410e+02 1.081e+03 1.189e+03
  1.703e+03 1.771e+03 1.799e+03 2.119e+03 2.161e+03 2.304e+03 2.903e+03
  3.138e+03]
 [1.900e+01 2.870e+02 4.870e+02 1.683e+03 1.776e+03 1.841e+03 2.073e+03
  2.080e+03 2.119e+03 2.161e+03 2.173e+03 2.202e+03 2.229e+03 2.348e+03
  2.436e+03]
 [4.800e+01 4.600e+02 1.460e+03 1.477e+03 2.080e+03 2.088e+03 2.145e+03
  2.317e+03 2.393e+03 2.491e+03 2.512e+03 2.581e+03 2.663e+03 2.756e+03
  3.434e+03]
 [7.900e+02 1.585e+03 1.655e+03 1.703e+03 1.716e+03 1.755e+03 1.849e+03
  2.088e+03 2.127e+03 2.202e+03 2.277e+03 2.453e+03 2.529e+03 2.599e+03
  2.654e+03]
 [2.960e+02 6.900e+02 7.720e+02 7.850e+02 1.391e+03 1.477e+03 1.722e+03
  2.011e+03 2.049e+03 2.103e+03 2.113e+03 2.197e+03 2.285e+03 2.663e+03
  2.868e+03]
 [1.340e+02 3.870e+02 5.720e+02 6.560e+02 7.740e+02 9.410e+02 9.940e+02
  1.469e+03 2.053e+03 2.133e+03 2.218e+03 2.307e+03 2.367e+03 2.618e+03
  3.052e+03]
 [3.200e+01 1.620e+02 4.860e+02 5.960e+02 6.020e+02 1.500e+03 1.636e+03
  1.704e+03 2.020e+03 2.022e+03 2.330e+03 2.416e+03 2.487e+03 2.519e+03
  2.594e+03]
 [3.800e+01 6.000e+01 1.620e+02 2.440e+02 7.900e+02 1.144e+03 1.495e+03
  1.676e+03 1.815e+03 2.053e+03 2.165e+03 2.218e+03 2.393e+03 2.450e+03
  2.554e+03]
 [2.000e+01 4.800e+01 7.100e+01 2.490e+02 5.550e+02 6.040e+02 6.940e+02
  8.450e+02 9.320e+02 9.750e+02 1.075e+03 1.170e+03 1.408e+03 1.439e+03
  2.182e+03]
 [0.000e+00 2.000e+01 1.190e+02 3.440e+02 6.000e+02 7.380e+02 9.270e+02
  9.950e+02 1.230e+03 1.562e+03 1.655e+03 1.820e+03 1.974e+03 2.011e+03
  2.048e+03]
 [6.400e+01 1.620e+02 2.720e+02 6.020e+02 1.304e+03 1.391e+03 1.460e+03
  1.598e+03 1.771e+03 1.846e+03 2.277e+03 2.354e+03 2.641e+03 2.723e+03
  2.819e+03]
 [0.000e+00 4.540e+02 1.579e+03 1.776e+03 1.857e+03 1.934e+03 1.974e+03
  2.048e+03 2.105e+03 2.138e+03 2.171e+03 2.186e+03 2.264e+03 2.350e+03
  2.429e+03]
 [0.000e+00 7.000e+01 1.620e+02 2.090e+02 3.790e+02 9.270e+02 1.291e+03
  1.360e+03 1.393e+03 1.488e+03 1.559e+03 1.746e+03 1.991e+03 2.186e+03
  2.189e+03]
 [1.760e+02 2.570e+02 4.080e+02 1.197e+03 1.363e+03 1.447e+03 1.473e+03
  1.484e+03 1.579e+03 1.771e+03 1.902e+03 2.003e+03 2.020e+03 2.073e+03
  2.548e+03]
 [0.000e+00 1.760e+02 2.930e+02 6.830e+02 1.484e+03 1.580e+03 1.908e+03
  2.003e+03 2.106e+03 2.182e+03 2.307e+03 2.330e+03 2.348e+03 2.402e+03
  2.451e+03]
 [4.080e+02 7.720e+02 9.210e+02 1.002e+03 1.027e+03 1.075e+03 1.304e+03
  1.305e+03 1.375e+03 1.389e+03 1.439e+03 1.534e+03 1.559e+03 1.846e+03
  2.024e+03]
 [5.000e+01 2.500e+02 3.300e+02 4.280e+02 4.870e+02 7.500e+02 8.040e+02
  8.580e+02 1.009e+03 1.080e+03 1.408e+03 1.497e+03 1.500e+03 1.597e+03
  1.841e+03]
 [0.000e+00 3.800e+01 5.300e+01 1.700e+02 2.460e+02 3.050e+02 4.180e+02
  5.020e+02 5.780e+02 6.640e+02 8.590e+02 9.750e+02 1.036e+03 1.874e+03
  2.285e+03]
 [1.400e+01 3.600e+01 1.530e+02 2.760e+02 3.300e+02 5.370e+02 8.040e+02
  8.580e+02 9.410e+02 1.050e+03 1.137e+03 1.223e+03 1.230e+03 1.408e+03
  2.161e+03]
 [7.000e+01 7.500e+01 1.860e+02 2.280e+02 4.030e+02 5.340e+02 6.330e+02
  7.430e+02 9.880e+02 1.050e+03 1.130e+03 1.160e+03 1.393e+03 1.612e+03
  1.873e+03]
 [0.000e+00 2.400e+01 1.190e+02 3.100e+02 3.950e+02 4.030e+02 4.610e+02
  5.340e+02 6.000e+02 6.120e+02 8.430e+02 8.590e+02 9.410e+02 1.359e+03
  2.053e+03]]
