optimal_status: 0
solution: 6493.0
cpu_time: 3600.1320588588715
gap: 0.7580149666925947
upper_bound: 1571.2088212649824
lower_bound: 6493.0
cg_matrix: [[0. 0. 0. 0. 0. 0. 0. 1. 0. 0. 0. 1. 1. 0. 0. 0. 0. 0. 0. 0. 0. 1. 0. 0.
  0. 0. 0. 1. 0. 0.]
 [0. 0. 0. 1. 0. 1. 0. 0. 1. 0. 0. 0. 0. 0. 0. 0. 0. 0. 0. 0. 0. 1. 0. 0.
  0. 0. 0. 0. 1. 0.]
 [0. 0. 0. 0. 0. 0. 0. 1. 0. 1. 0. 1. 0. 0. 0. 1. 0. 0. 0. 0. 0. 1. 0. 0.
  0. 0. 0. 0. 0. 0.]
 [0. 1. 0. 0. 0. 0. 0. 1. 0. 0. 0. 0. 0. 0. 0. 1. 0. 0. 0. 0. 0. 0. 0. 1.
  1. 0. 0. 0. 1. 0.]
 [0. 0. 0. 0. 0. 0. 1. 0. 0. 0. 0. 1. 0. 1. 0. 0. 0. 0. 0. 0. 0. 0. 0. 0.
  0. 0. 1. 1. 0. 0.]
 [0. 1. 0. 0. 0. 0. 1. 0. 0. 0. 0. 0. 0. 0. 0. 0. 1. 0. 0. 1. 0. 1. 1. 1.
  0. 0. 0. 1. 0. 0.]
 [0. 0. 0. 0. 1. 1. 0. 0. 0. 1. 0. 0. 0. 1. 0. 0. 0. 1. 1. 0. 0. 0. 0. 0.
  0. 0. 1. 1. 0. 0.]
 [1. 0. 1. 1. 0. 0. 0. 0. 0. 0. 1. 0. 1. 0. 1. 0. 0. 0. 0. 0. 0. 0. 0. 1.
  0. 0. 1. 0. 0. 0.]
 [0. 1. 0. 0. 0. 0. 0. 0. 0. 1. 0. 0. 1. 0. 1. 0. 0. 1. 0. 0. 0. 1. 0. 0.
  0. 1. 0. 0. 0. 0.]
 [0. 0. 1. 0. 0. 0. 1. 0. 1. 0. 1. 1. 0. 1. 0. 0. 0. 1. 0. 0. 1. 0. 0. 0.
  0. 0. 0. 0. 0. 1.]
 [0. 0. 0. 0. 0. 0. 0. 1. 0. 1. 0. 1. 1. 0. 0. 0. 0. 0. 1. 0. 0. 0. 0. 0.
  0. 1. 1. 0. 0. 0.]
 [1. 0. 1. 0. 1. 0. 0. 0. 0. 1. 1. 0. 1. 0. 0. 0. 0. 0. 0. 0. 1. 0. 0. 0.
  0. 1. 0. 0. 1. 1.]
 [1. 0. 0. 0. 0. 0. 0. 1. 1. 0. 1. 1. 0. 0. 0. 0. 1. 0. 1. 1. 0. 1. 0. 0.
  1. 1. 1. 1. 0. 0.]
 [0. 0. 0. 0. 1. 0. 1. 0. 0. 1. 0. 0. 0. 0. 0. 1. 1. 0. 1. 0. 0. 0. 1. 0.
  0. 0. 0. 0. 0. 0.]
 [0. 0. 0. 0. 0. 0. 0. 1. 1. 0. 0. 0. 0. 0. 0. 0. 0. 0. 0. 0. 0. 0. 0. 0.
  0. 0. 0. 0. 1. 1.]
 [0. 0. 1. 1. 0. 0. 0. 0. 0. 0. 0. 0. 0. 1. 0. 0. 0. 0. 1. 0. 0. 0. 0. 0.
  0. 0. 0. 0. 0. 0.]
 [0. 0. 0. 0. 0. 1. 0. 0. 0. 0. 0. 0. 1. 1. 0. 0. 0. 0. 0. 0. 0. 0. 1. 0.
  0. 0. 0. 0. 0. 0.]
 [0. 0. 0. 0. 0. 0. 1. 0. 1. 1. 0. 0. 0. 0. 0. 0. 0. 0. 1. 0. 0. 0. 0. 0.
  1. 0. 0. 0. 0. 0.]
 [0. 0. 0. 0. 0. 0. 1. 0. 0. 0. 1. 0. 1. 1. 0. 1. 0. 1. 0. 0. 1. 0. 0. 1.
  1. 0. 0. 1. 0. 1.]
 [0. 0. 0. 0. 0. 1. 0. 0. 0. 0. 0. 0. 1. 0. 0. 0. 0. 0. 0. 0. 0. 1. 0. 0.
  0. 0. 0. 0. 1. 0.]
 [0. 0. 0. 0. 0. 0. 0. 0. 0. 1. 0. 1. 0. 0. 0. 0. 0. 0. 1. 0. 0. 0. 0. 0.
  0. 0. 0. 0. 0. 0.]
 [1. 1. 1. 0. 0. 1. 0. 0. 1. 0. 0. 0. 1. 0. 0. 0. 0. 0. 0. 1. 0. 0. 0. 0.
  0. 0. 0. 0. 0. 0.]
 [0. 0. 0. 0. 0. 1. 0. 0. 0. 0. 0. 0. 0. 1. 0. 0. 1. 0. 0. 0. 0. 0. 0. 0.
  0. 0. 0. 0. 0. 0.]
 [0. 0. 0. 1. 0. 1. 0. 1. 0. 0. 0. 0. 0. 0. 0. 0. 0. 0. 1. 0. 0. 0. 0. 0.
  0. 0. 0. 0. 0. 0.]
 [0. 0. 0. 1. 0. 0. 0. 0. 0. 0. 0. 0. 1. 0. 0. 0. 0. 1. 1. 0. 0. 0. 0. 0.
  0. 0. 0. 0. 0. 0.]
 [0. 0. 0. 0. 0. 0. 0. 0. 1. 0. 1. 1. 1. 0. 0. 0. 0. 0. 0. 0. 0. 0. 0. 0.
  0. 0. 0. 0. 0. 0.]
 [0. 0. 0. 0. 1. 0. 1. 1. 0. 0. 1. 0. 1. 0. 0. 0. 0. 0. 0. 0. 0. 0. 0. 0.
  0. 0. 0. 0. 0. 0.]
 [1. 0. 0. 0. 1. 1. 1. 0. 0. 0. 0. 0. 1. 0. 0. 0. 0. 0. 1. 0. 0. 0. 0. 0.
  0. 0. 0. 0. 0. 0.]
 [0. 1. 0. 1. 0. 0. 0. 0. 0. 0. 0. 1. 0. 0. 1. 0. 0. 0. 0. 1. 0. 0. 0. 0.
  0. 0. 0. 0. 0. 0.]
 [0. 0. 0. 0. 0. 0. 0. 0. 0. 1. 0. 1. 0. 0. 1. 0. 0. 0. 1. 0. 0. 0. 0. 0.
  0. 0. 0. 0. 0. 0.]]
start_times_array: [[1.328e+03 1.604e+03 1.695e+03 1.804e+03 1.991e+03 2.218e+03 2.287e+03
  3.276e+03 3.582e+03 3.851e+03 4.050e+03 4.313e+03 4.385e+03 5.085e+03
  5.149e+03 5.541e+03 6.106e+03 6.282e+03 6.333e+03 6.398e+03]
 [7.700e+01 8.180e+02 1.274e+03 1.364e+03 1.492e+03 1.784e+03 2.029e+03
  2.343e+03 2.425e+03 3.255e+03 3.657e+03 3.691e+03 4.310e+03 4.404e+03
  4.800e+03 4.962e+03 5.482e+03 5.726e+03 5.949e+03 6.189e+03]
 [1.390e+02 2.259e+03 2.580e+03 2.737e+03 2.774e+03 2.834e+03 3.002e+03
  3.116e+03 3.145e+03 3.198e+03 3.228e+03 3.519e+03 3.535e+03 5.185e+03
  5.311e+03 5.360e+03 5.480e+03 5.728e+03 6.021e+03 6.099e+03]
 [5.440e+02 8.610e+02 1.108e+03 1.243e+03 1.672e+03 1.984e+03 2.107e+03
  2.349e+03 2.777e+03 3.197e+03 3.771e+03 3.979e+03 4.150e+03 4.199e+03
  4.458e+03 4.774e+03 4.838e+03 5.911e+03 6.355e+03 6.426e+03]
 [5.000e+00 8.700e+01 6.570e+02 1.227e+03 1.328e+03 1.513e+03 1.997e+03
  2.068e+03 2.281e+03 2.541e+03 2.774e+03 3.879e+03 4.194e+03 4.509e+03
  4.791e+03 5.134e+03 5.590e+03 5.638e+03 5.903e+03 5.942e+03]
 [1.113e+03 1.997e+03 2.274e+03 2.507e+03 2.538e+03 2.578e+03 2.870e+03
  3.016e+03 3.065e+03 3.238e+03 3.853e+03 4.169e+03 4.227e+03 4.274e+03
  4.983e+03 5.004e+03 5.601e+03 6.015e+03 6.022e+03 6.288e+03]
 [0.000e+00 1.510e+02 8.610e+02 1.169e+03 1.414e+03 1.469e+03 1.727e+03
  2.218e+03 2.439e+03 3.119e+03 3.351e+03 3.385e+03 4.050e+03 4.610e+03
  5.184e+03 5.254e+03 5.493e+03 6.116e+03 6.367e+03 6.405e+03]
 [1.800e+01 3.030e+02 4.340e+02 6.070e+02 6.270e+02 7.710e+02 9.830e+02
  1.268e+03 1.389e+03 1.861e+03 2.439e+03 2.537e+03 3.029e+03 3.275e+03
  3.470e+03 3.513e+03 3.642e+03 3.701e+03 4.879e+03 5.609e+03]
 [1.390e+02 1.083e+03 1.221e+03 1.610e+03 2.115e+03 2.192e+03 2.819e+03
  3.039e+03 3.805e+03 3.915e+03 3.978e+03 4.070e+03 4.123e+03 4.164e+03
  5.167e+03 5.278e+03 5.584e+03 5.829e+03 6.345e+03 6.470e+03]
 [7.600e+01 3.210e+02 9.770e+02 1.513e+03 1.818e+03 2.498e+03 2.897e+03
  3.573e+03 3.598e+03 3.608e+03 4.006e+03 4.355e+03 4.528e+03 4.773e+03
  5.082e+03 5.658e+03 5.932e+03 6.289e+03 6.311e+03 6.429e+03]
 [1.520e+02 6.400e+02 7.430e+02 9.030e+02 1.220e+03 1.316e+03 2.225e+03
  2.653e+03 2.799e+03 2.848e+03 3.132e+03 3.853e+03 4.045e+03 4.100e+03
  4.598e+03 5.167e+03 5.700e+03 5.901e+03 6.051e+03 6.121e+03]
 [2.140e+02 7.680e+02 7.820e+02 1.389e+03 1.696e+03 1.728e+03 2.356e+03
  2.449e+03 2.647e+03 3.391e+03 3.782e+03 4.229e+03 4.677e+03 4.972e+03
  5.262e+03 5.301e+03 5.345e+03 5.378e+03 5.803e+03 6.355e+03]
 [7.700e+01 3.540e+02 7.050e+02 8.590e+02 1.142e+03 1.487e+03 2.041e+03
  2.070e+03 2.110e+03 2.490e+03 2.564e+03 3.228e+03 3.519e+03 4.503e+03
  4.791e+03 5.009e+03 5.472e+03 5.487e+03 6.030e+03 6.081e+03]
 [2.680e+02 7.400e+02 9.330e+02 1.928e+03 2.634e+03 3.218e+03 3.293e+03
  4.136e+03 4.325e+03 4.421e+03 4.503e+03 4.593e+03 4.946e+03 4.960e+03
  5.009e+03 5.295e+03 5.344e+03 6.033e+03 6.173e+03 6.461e+03]
 [5.770e+02 7.160e+02 1.457e+03 1.551e+03 1.684e+03 2.302e+03 2.620e+03
  2.711e+03 2.719e+03 3.384e+03 3.596e+03 3.740e+03 4.004e+03 4.033e+03
  4.712e+03 4.718e+03 4.986e+03 5.067e+03 5.740e+03 5.889e+03]
 [1.700e+01 3.210e+02 5.940e+02 9.770e+02 1.099e+03 1.417e+03 1.715e+03
  1.793e+03 2.054e+03 2.159e+03 2.439e+03 3.948e+03 4.094e+03 4.610e+03
  4.842e+03 5.115e+03 5.248e+03 5.420e+03 5.482e+03 6.298e+03]
 [4.340e+02 4.790e+02 2.325e+03 2.408e+03 2.416e+03 2.938e+03 2.940e+03
  2.950e+03 2.953e+03 2.982e+03 3.082e+03 3.189e+03 3.319e+03 3.674e+03
  3.847e+03 4.462e+03 4.610e+03 5.221e+03 5.823e+03 6.193e+03]
 [7.260e+02 8.180e+02 1.437e+03 1.790e+03 2.024e+03 2.053e+03 2.274e+03
  2.610e+03 2.640e+03 2.732e+03 2.991e+03 3.495e+03 4.844e+03 5.035e+03
  5.366e+03 5.412e+03 5.700e+03 5.889e+03 6.173e+03 6.475e+03]
 [1.020e+02 4.910e+02 1.394e+03 1.610e+03 1.991e+03 2.115e+03 2.367e+03
  2.777e+03 3.029e+03 3.350e+03 3.627e+03 3.782e+03 4.194e+03 4.438e+03
  4.961e+03 5.142e+03 5.590e+03 5.679e+03 5.794e+03 5.961e+03]
 [1.340e+02 2.810e+02 6.130e+02 8.230e+02 8.390e+02 1.247e+03 1.350e+03
  1.526e+03 1.607e+03 1.695e+03 1.749e+03 2.645e+03 2.736e+03 2.773e+03
  2.908e+03 3.082e+03 3.137e+03 3.281e+03 3.644e+03 3.680e+03]
 [0.000e+00 2.670e+02 4.150e+02 5.870e+02 6.230e+02 1.924e+03 1.995e+03
  2.705e+03 2.985e+03 3.119e+03 3.207e+03 3.210e+03 3.244e+03 4.129e+03
  4.329e+03 4.841e+03 4.844e+03 5.472e+03 5.700e+03 5.738e+03]
 [0.000e+00 1.960e+02 4.340e+02 7.430e+02 9.400e+02 1.415e+03 1.846e+03
  1.939e+03 2.349e+03 2.421e+03 3.341e+03 3.443e+03 3.917e+03 4.590e+03
  4.678e+03 4.837e+03 4.874e+03 5.209e+03 5.378e+03 5.458e+03]
 [0.000e+00 6.500e+01 1.780e+02 3.210e+02 1.008e+03 1.081e+03 1.176e+03
  1.573e+03 1.699e+03 2.053e+03 2.798e+03 2.915e+03 3.341e+03 3.445e+03
  3.940e+03 4.864e+03 5.078e+03 5.194e+03 5.514e+03 6.380e+03]
 [1.510e+02 3.630e+02 6.610e+02 9.090e+02 1.292e+03 1.336e+03 1.457e+03
  1.715e+03 2.029e+03 4.033e+03 4.111e+03 4.289e+03 4.521e+03 4.691e+03
  4.718e+03 4.842e+03 5.085e+03 5.167e+03 5.196e+03 5.360e+03]
 [0.000e+00 3.400e+01 4.340e+02 5.770e+02 1.034e+03 1.276e+03 1.526e+03
  1.818e+03 1.873e+03 2.185e+03 2.799e+03 2.895e+03 4.396e+03 4.583e+03
  4.911e+03 5.167e+03 5.239e+03 5.303e+03 5.549e+03 6.272e+03]
 [2.780e+02 4.670e+02 5.230e+02 6.010e+02 1.006e+03 1.775e+03 1.846e+03
  1.865e+03 2.722e+03 2.895e+03 2.982e+03 3.462e+03 3.582e+03 3.669e+03
  5.417e+03 5.441e+03 5.944e+03 6.000e+03 6.005e+03 6.263e+03]
 [1.078e+03 1.274e+03 1.602e+03 1.621e+03 1.796e+03 1.912e+03 2.159e+03
  2.185e+03 2.722e+03 2.910e+03 3.211e+03 3.317e+03 3.582e+03 3.679e+03
  3.695e+03 3.762e+03 5.393e+03 5.987e+03 6.173e+03 6.272e+03]
 [2.720e+02 5.770e+02 9.340e+02 1.020e+03 1.274e+03 1.703e+03 1.841e+03
  1.928e+03 2.159e+03 2.645e+03 2.857e+03 2.900e+03 3.957e+03 4.136e+03
  4.423e+03 4.671e+03 4.719e+03 4.888e+03 5.295e+03 6.196e+03]
 [3.440e+02 4.110e+02 8.760e+02 9.780e+02 1.176e+03 1.628e+03 1.892e+03
  2.017e+03 2.109e+03 2.210e+03 2.594e+03 2.885e+03 3.006e+03 3.480e+03
  3.871e+03 4.070e+03 5.601e+03 5.680e+03 5.985e+03 6.301e+03]
 [9.000e+02 1.197e+03 1.302e+03 1.775e+03 2.034e+03 2.159e+03 2.274e+03
  2.800e+03 3.187e+03 3.203e+03 3.210e+03 3.737e+03 4.089e+03 4.182e+03
  4.299e+03 4.827e+03 4.915e+03 5.417e+03 6.086e+03 6.173e+03]]
