optimal_status: 0
solution: 16781.0
cpu_time: 3601.2404260635376
gap: 0.9211012454561707
upper_bound: 1324.0
lower_bound: 16781.0
cg_matrix: [[0. 1. 0. 1. 0. 1. 0. 1. 0. 0. 1. 1. 0. 0. 0. 0. 1. 1. 1. 1. 1. 1. 1. 0.
  0. 1. 0. 1. 1. 0.]
 [1. 0. 1. 0. 0. 1. 0. 0. 1. 0. 1. 0. 1. 0. 1. 0. 0. 0. 1. 1. 0. 0. 1. 1.
  0. 0. 1. 1. 1. 0.]
 [0. 1. 0. 0. 1. 1. 1. 0. 1. 1. 1. 0. 0. 1. 0. 1. 1. 0. 1. 1. 0. 1. 0. 0.
  0. 0. 1. 1. 0. 0.]
 [1. 0. 0. 0. 0. 0. 0. 0. 0. 1. 0. 0. 1. 0. 0. 0. 1. 0. 0. 0. 0. 0. 1. 0.
  1. 1. 0. 1. 0. 0.]
 [0. 0. 1. 0. 0. 1. 1. 0. 0. 0. 1. 1. 0. 1. 1. 1. 1. 0. 1. 0. 1. 1. 0. 0.
  0. 0. 0. 0. 1. 0.]
 [1. 1. 1. 0. 1. 0. 0. 0. 1. 0. 1. 0. 0. 0. 0. 1. 0. 0. 0. 1. 1. 1. 0. 0.
  1. 0. 0. 0. 0. 1.]
 [0. 0. 1. 0. 1. 0. 0. 0. 1. 0. 1. 0. 0. 0. 1. 0. 0. 1. 1. 1. 1. 1. 0. 1.
  1. 1. 0. 1. 1. 1.]
 [1. 0. 0. 0. 0. 0. 0. 0. 0. 1. 1. 1. 1. 0. 1. 1. 1. 1. 0. 1. 1. 0. 0. 1.
  0. 1. 1. 0. 1. 1.]
 [0. 1. 1. 0. 0. 1. 1. 0. 0. 0. 1. 1. 1. 1. 1. 0. 0. 1. 1. 1. 0. 0. 1. 0.
  0. 1. 0. 0. 0. 0.]
 [0. 0. 1. 1. 0. 0. 0. 1. 0. 0. 0. 1. 0. 1. 1. 0. 1. 1. 0. 1. 0. 1. 1. 1.
  1. 0. 0. 0. 0. 0.]
 [1. 1. 1. 0. 1. 1. 1. 1. 1. 0. 0. 1. 1. 1. 0. 1. 0. 0. 1. 1. 1. 1. 0. 0.
  1. 0. 1. 0. 1. 0.]
 [1. 0. 0. 0. 1. 0. 0. 1. 1. 1. 1. 0. 0. 1. 1. 0. 1. 0. 0. 1. 1. 1. 1. 1.
  0. 0. 0. 0. 1. 0.]
 [0. 1. 0. 1. 0. 0. 0. 1. 1. 0. 1. 0. 0. 1. 1. 0. 1. 0. 0. 1. 1. 1. 1. 1.
  0. 0. 0. 1. 1. 1.]
 [0. 0. 1. 0. 1. 0. 0. 0. 1. 1. 1. 1. 1. 0. 1. 0. 0. 1. 1. 1. 0. 1. 0. 1.
  1. 1. 1. 1. 0. 0.]
 [0. 1. 0. 0. 1. 0. 1. 1. 1. 1. 0. 1. 1. 1. 0. 0. 0. 1. 1. 1. 1. 0. 0. 1.
  1. 0. 1. 0. 0. 0.]
 [0. 0. 1. 0. 1. 1. 0. 1. 0. 0. 1. 0. 0. 0. 0. 0. 0. 1. 1. 0. 0. 0. 1. 1.
  0. 1. 0. 1. 0. 1.]
 [1. 0. 1. 1. 1. 0. 0. 1. 0. 1. 0. 1. 1. 0. 0. 0. 0. 1. 0. 1. 1. 0. 0. 0.
  1. 1. 0. 1. 1. 0.]
 [1. 0. 0. 0. 0. 0. 1. 1. 1. 1. 0. 0. 0. 1. 1. 1. 1. 0. 1. 0. 1. 0. 1. 0.
  1. 0. 1. 1. 0. 1.]
 [1. 1. 1. 0. 1. 0. 1. 0. 1. 0. 1. 0. 0. 1. 1. 1. 0. 1. 0. 0. 1. 0. 0. 1.
  1. 1. 1. 1. 1. 0.]
 [1. 1. 1. 0. 0. 1. 1. 1. 1. 1. 1. 1. 1. 1. 1. 0. 1. 0. 0. 0. 0. 1. 0. 0.
  1. 1. 1. 0. 0. 1.]
 [1. 0. 0. 0. 1. 1. 1. 1. 0. 0. 1. 1. 1. 0. 1. 0. 1. 1. 1. 0. 0. 0. 0. 0.
  0. 0. 0. 0. 0. 0.]
 [1. 0. 1. 0. 1. 1. 1. 0. 0. 1. 1. 1. 1. 1. 0. 0. 0. 0. 0. 1. 0. 0. 0. 0.
  0. 0. 0. 0. 0. 0.]
 [1. 1. 0. 1. 0. 0. 0. 0. 1. 1. 0. 1. 1. 0. 0. 1. 0. 1. 0. 0. 0. 0. 0. 0.
  0. 0. 0. 0. 0. 0.]
 [0. 1. 0. 0. 0. 0. 1. 1. 0. 1. 0. 1. 1. 1. 1. 1. 0. 0. 1. 0. 0. 0. 0. 0.
  0. 0. 0. 0. 0. 0.]
 [0. 0. 0. 1. 0. 1. 1. 0. 0. 1. 1. 0. 0. 1. 1. 0. 1. 1. 1. 1. 0. 0. 0. 0.
  0. 0. 0. 0. 0. 0.]
 [1. 0. 0. 1. 0. 0. 1. 1. 1. 0. 0. 0. 0. 1. 0. 1. 1. 0. 1. 1. 0. 0. 0. 0.
  0. 0. 0. 0. 0. 0.]
 [0. 1. 1. 0. 0. 0. 0. 1. 0. 0. 1. 0. 0. 1. 1. 0. 0. 1. 1. 1. 0. 0. 0. 0.
  0. 0. 0. 0. 0. 0.]
 [1. 1. 1. 1. 0. 0. 1. 0. 0. 0. 0. 0. 1. 1. 0. 1. 1. 1. 1. 0. 0. 0. 0. 0.
  0. 0. 0. 0. 0. 0.]
 [1. 1. 0. 0. 1. 0. 1. 1. 0. 0. 1. 1. 1. 0. 0. 0. 1. 0. 1. 0. 0. 0. 0. 0.
  0. 0. 0. 0. 0. 0.]
 [0. 0. 0. 0. 0. 1. 1. 1. 0. 0. 0. 0. 1. 0. 0. 1. 0. 1. 0. 1. 0. 0. 0. 0.
  0. 0. 0. 0. 0. 0.]]
start_times_array: [[1.5242e+04 1.5470e+04 1.5615e+04 1.5649e+04 1.5778e+04 1.5786e+04
  1.5883e+04 1.5942e+04 1.6014e+04 1.6096e+04 1.6153e+04 1.6240e+04
  1.6301e+04 1.6391e+04 1.6395e+04 1.6412e+04 1.6481e+04 1.6576e+04
  1.6591e+04 1.6688e+04]
 [1.2755e+04 1.4542e+04 1.4642e+04 1.4742e+04 1.4761e+04 1.4775e+04
  1.4849e+04 1.4920e+04 1.4949e+04 1.4966e+04 1.5009e+04 1.5090e+04
  1.5177e+04 1.5253e+04 1.5315e+04 1.5395e+04 1.5515e+04 1.5534e+04
  1.5582e+04 1.5710e+04]
 [1.3401e+04 1.3786e+04 1.3787e+04 1.3877e+04 1.3958e+04 1.4042e+04
  1.4061e+04 1.4136e+04 1.4219e+04 1.4244e+04 1.4313e+04 1.4314e+04
  1.4394e+04 1.4429e+04 1.4505e+04 1.4606e+04 1.4629e+04 1.4657e+04
  1.4661e+04 1.4829e+04]
 [1.1204e+04 1.1446e+04 1.2973e+04 1.2995e+04 1.3023e+04 1.3112e+04
  1.3211e+04 1.3280e+04 1.3302e+04 1.3387e+04 1.3412e+04 1.3472e+04
  1.3505e+04 1.3522e+04 1.3528e+04 1.3622e+04 1.3678e+04 1.3686e+04
  1.3763e+04 1.3817e+04]
 [1.2679e+04 1.2682e+04 1.2755e+04 1.2798e+04 1.2819e+04 1.2885e+04
  1.2956e+04 1.2973e+04 1.3071e+04 1.3144e+04 1.3220e+04 1.3313e+04
  1.3472e+04 1.3533e+04 1.3612e+04 1.3621e+04 1.3639e+04 1.3670e+04
  1.3750e+04 1.3754e+04]
 [1.1696e+04 1.1740e+04 1.1837e+04 1.1844e+04 1.1898e+04 1.1910e+04
  1.2064e+04 1.2090e+04 1.2143e+04 1.2165e+04 1.2257e+04 1.2314e+04
  1.2408e+04 1.2475e+04 1.2477e+04 1.2526e+04 1.2566e+04 1.2617e+04
  1.2644e+04 1.2733e+04]
 [1.0967e+04 1.1481e+04 1.1536e+04 1.1577e+04 1.1670e+04 1.1735e+04
  1.1777e+04 1.1796e+04 1.1860e+04 1.1911e+04 1.1915e+04 1.1928e+04
  1.1974e+04 1.2026e+04 1.2064e+04 1.2079e+04 1.2166e+04 1.2240e+04
  1.2304e+04 1.2384e+04]
 [1.1204e+04 1.1353e+04 1.1446e+04 1.1470e+04 1.1541e+04 1.1553e+04
  1.1670e+04 1.1734e+04 1.1751e+04 1.1846e+04 1.1898e+04 1.1907e+04
  1.1910e+04 1.1997e+04 1.2043e+04 1.2114e+04 1.2143e+04 1.2165e+04
  1.2227e+04 1.2270e+04]
 [1.0512e+04 1.0590e+04 1.0681e+04 1.0707e+04 1.0788e+04 1.0831e+04
  1.0874e+04 1.0972e+04 1.1007e+04 1.1043e+04 1.1117e+04 1.1135e+04
  1.1165e+04 1.1180e+04 1.1244e+04 1.1334e+04 1.1409e+04 1.1446e+04
  1.1538e+04 1.1583e+04]
 [9.6150e+03 9.6290e+03 9.6500e+03 9.7240e+03 9.7540e+03 9.8160e+03
  1.0141e+04 1.0228e+04 1.0257e+04 1.0343e+04 1.0431e+04 1.0455e+04
  1.0509e+04 1.1007e+04 1.1022e+04 1.1043e+04 1.1072e+04 1.1129e+04
  1.1296e+04 1.1403e+04]
 [9.5430e+03 9.5830e+03 9.6170e+03 9.6630e+03 9.7600e+03 9.8270e+03
  9.8860e+03 9.9510e+03 9.9980e+03 1.0018e+04 1.0040e+04 1.0055e+04
  1.0121e+04 1.0141e+04 1.0181e+04 1.0253e+04 1.0326e+04 1.0376e+04
  1.0380e+04 1.0468e+04]
 [8.3390e+03 8.4940e+03 8.5030e+03 8.5870e+03 8.6570e+03 8.7130e+03
  8.7730e+03 8.7890e+03 8.8730e+03 8.8860e+03 8.9330e+03 8.9980e+03
  9.0740e+03 9.1250e+03 9.1590e+03 9.2120e+03 9.2750e+03 9.2890e+03
  9.3730e+03 9.4510e+03]
 [8.3050e+03 8.4940e+03 8.5120e+03 8.5780e+03 8.6150e+03 8.6800e+03
  8.7720e+03 8.8020e+03 8.8590e+03 8.8600e+03 8.8760e+03 8.9650e+03
  9.0010e+03 9.0310e+03 9.0800e+03 9.0870e+03 9.1600e+03 9.1800e+03
  9.2060e+03 9.2350e+03]
 [7.2410e+03 7.3720e+03 7.4440e+03 7.4660e+03 7.5450e+03 7.6050e+03
  7.6330e+03 7.6920e+03 7.7870e+03 7.8710e+03 7.9200e+03 8.0060e+03
  8.0430e+03 8.0530e+03 8.1210e+03 8.1910e+03 8.2110e+03 8.2820e+03
  8.3720e+03 8.4430e+03]
 [5.6010e+03 5.8410e+03 6.0880e+03 6.4860e+03 6.5270e+03 6.6260e+03
  6.6710e+03 6.6820e+03 6.7300e+03 6.7320e+03 6.7400e+03 6.8280e+03
  6.9230e+03 6.9870e+03 6.9940e+03 7.0560e+03 7.0750e+03 7.1360e+03
  7.1960e+03 7.3400e+03]
 [5.6320e+03 5.7130e+03 5.7310e+03 5.8080e+03 5.8410e+03 5.8580e+03
  5.8670e+03 5.8720e+03 5.9480e+03 6.0230e+03 6.0880e+03 6.0990e+03
  6.1680e+03 6.1850e+03 6.2510e+03 6.2870e+03 6.3100e+03 6.3850e+03
  6.4490e+03 6.4630e+03]
 [5.4350e+03 5.6010e+03 5.6520e+03 5.7120e+03 5.8060e+03 5.8210e+03
  5.8340e+03 5.8420e+03 5.8580e+03 5.9190e+03 5.9910e+03 6.0600e+03
  6.0770e+03 6.1210e+03 6.2050e+03 6.3020e+03 6.3950e+03 6.4860e+03
  6.5460e+03 6.6450e+03]
 [4.5330e+03 4.6520e+03 4.7220e+03 4.7640e+03 4.8600e+03 4.8740e+03
  4.9550e+03 5.0120e+03 5.0280e+03 5.0730e+03 5.1170e+03 5.1570e+03
  5.1680e+03 5.2380e+03 5.3350e+03 5.3550e+03 5.4820e+03 5.5060e+03
  5.5330e+03 5.5880e+03]
 [3.4910e+03 3.5830e+03 3.5950e+03 3.6260e+03 3.7020e+03 3.7930e+03
  3.8590e+03 3.9180e+03 4.0150e+03 4.0300e+03 4.0570e+03 4.0720e+03
  4.1340e+03 4.2160e+03 4.3100e+03 4.3650e+03 4.4170e+03 4.4940e+03
  4.5610e+03 4.5990e+03]
 [2.9090e+03 2.9260e+03 3.2040e+03 3.2510e+03 3.3330e+03 3.3470e+03
  3.3490e+03 3.4310e+03 3.5000e+03 3.5060e+03 3.5950e+03 3.6610e+03
  3.7000e+03 3.7090e+03 3.7990e+03 3.8900e+03 3.9530e+03 3.9660e+03
  4.0000e+03 4.0360e+03]
 [8.0100e+02 9.0000e+02 1.5930e+03 1.6490e+03 1.8550e+03 1.9270e+03
  2.0040e+03 2.0800e+03 2.8930e+03 2.9590e+03 3.0160e+03 3.0900e+03
  3.0990e+03 3.1710e+03 3.2650e+03 3.3280e+03 3.3490e+03 3.3880e+03
  3.4110e+03 3.5870e+03]
 [1.7220e+03 1.7890e+03 1.8110e+03 1.8730e+03 1.9100e+03 2.1570e+03
  2.2210e+03 2.2380e+03 2.2880e+03 2.4640e+03 2.4940e+03 2.5010e+03
  2.5790e+03 2.6510e+03 2.6870e+03 2.7100e+03 2.8040e+03 2.8290e+03
  2.9030e+03 3.1070e+03]
 [5.7600e+02 6.1800e+02 8.1800e+02 1.6400e+03 2.1170e+03 2.1240e+03
  2.2210e+03 2.3030e+03 2.3440e+03 2.4130e+03 2.4600e+03 2.5360e+03
  2.6240e+03 2.6350e+03 2.7030e+03 2.7730e+03 2.8040e+03 2.8120e+03
  2.8930e+03 3.1220e+03]
 [1.0710e+03 1.1330e+03 1.2820e+03 1.5280e+03 1.5930e+03 1.7890e+03
  1.8550e+03 1.8870e+03 1.9470e+03 1.9590e+03 2.0440e+03 2.1180e+03
  2.1730e+03 2.2700e+03 2.2940e+03 2.3390e+03 2.3650e+03 2.4570e+03
  2.4600e+03 2.5010e+03]
 [0.0000e+00 1.2000e+01 1.5600e+02 9.0600e+02 9.8700e+02 1.1200e+03
  1.2090e+03 1.2500e+03 1.3460e+03 1.3500e+03 1.4490e+03 1.6050e+03
  1.6280e+03 1.6400e+03 1.7310e+03 1.7560e+03 1.8390e+03 1.9270e+03
  2.0100e+03 2.0800e+03]
 [6.5200e+02 7.5100e+02 8.0100e+02 8.3700e+02 8.4600e+02 9.3900e+02
  1.0300e+03 1.0940e+03 1.1760e+03 1.2580e+03 1.2890e+03 1.3610e+03
  1.4580e+03 1.4980e+03 1.5410e+03 1.6370e+03 1.6880e+03 1.7170e+03
  1.7380e+03 1.7560e+03]
 [7.4100e+02 7.9600e+02 8.3700e+02 8.4100e+02 9.1600e+02 1.0730e+03
  1.1320e+03 1.1760e+03 1.2490e+03 1.3150e+03 1.3850e+03 1.4640e+03
  1.5490e+03 1.6000e+03 1.6050e+03 1.6400e+03 1.6570e+03 1.6870e+03
  1.7220e+03 1.7560e+03]
 [4.5000e+01 1.4200e+02 1.7400e+02 2.1500e+02 2.4800e+02 2.7100e+02
  3.1000e+02 3.8400e+02 4.6500e+02 5.3400e+02 5.6200e+02 6.1700e+02
  9.2600e+02 9.8700e+02 1.0710e+03 1.0730e+03 1.1570e+03 1.2090e+03
  1.2820e+03 1.3080e+03]
 [0.0000e+00 2.1000e+01 2.1100e+02 3.1000e+02 3.8900e+02 4.1000e+02
  4.5800e+02 5.0200e+02 5.6900e+02 6.1700e+02 7.1300e+02 7.3200e+02
  7.8100e+02 8.3700e+02 1.0380e+03 1.0540e+03 1.0940e+03 1.1630e+03
  1.2560e+03 1.4360e+03]
 [0.0000e+00 4.5000e+01 6.7000e+01 1.5600e+02 1.9800e+02 2.4100e+02
  3.4000e+02 4.3100e+02 4.6500e+02 5.0800e+02 5.7600e+02 6.5200e+02
  7.0700e+02 7.0800e+02 7.8100e+02 8.3700e+02 9.2600e+02 9.3900e+02
  1.0380e+03 1.1330e+03]]
