optimal_status: 0
solution: 11256.0
cpu_time: 3600.4707708358765
gap: 0.9060200190082205
upper_bound: 1057.8386660434705
lower_bound: 11256.0
cg_matrix: [[0. 0. 1. 1. 1. 1. 1. 1. 1. 1. 1. 0. 0. 1. 1. 0. 0. 1. 1. 1. 1. 1. 1. 0.
  1. 1. 1. 0. 1. 1.]
 [0. 0. 1. 1. 1. 0. 0. 1. 0. 1. 1. 1. 0. 1. 1. 1. 1. 0. 0. 1. 1. 1. 1. 1.
  0. 1. 1. 1. 1. 1.]
 [1. 1. 0. 1. 1. 1. 1. 1. 1. 1. 0. 1. 1. 1. 1. 0. 1. 0. 1. 1. 1. 1. 1. 0.
  1. 1. 1. 1. 1. 1.]
 [1. 1. 1. 0. 1. 1. 1. 1. 1. 1. 0. 1. 1. 1. 1. 1. 1. 1. 1. 0. 0. 1. 1. 1.
  1. 1. 1. 1. 1. 1.]
 [1. 1. 1. 1. 0. 1. 1. 1. 0. 1. 0. 1. 1. 1. 1. 1. 1. 1. 1. 1. 1. 0. 0. 1.
  1. 1. 1. 0. 1. 1.]
 [1. 0. 1. 1. 1. 0. 1. 0. 1. 1. 1. 1. 1. 0. 1. 1. 1. 1. 1. 1. 1. 1. 1. 1.
  0. 1. 1. 1. 1. 0.]
 [1. 0. 1. 1. 1. 1. 0. 1. 0. 1. 1. 1. 1. 0. 1. 1. 1. 1. 1. 1. 1. 1. 1. 1.
  1. 1. 1. 1. 1. 1.]
 [1. 1. 1. 1. 1. 0. 1. 0. 1. 1. 1. 1. 1. 1. 1. 1. 0. 1. 1. 1. 1. 1. 1. 1.
  1. 1. 1. 1. 1. 1.]
 [1. 0. 1. 1. 0. 1. 0. 1. 0. 1. 1. 1. 1. 1. 1. 1. 1. 0. 1. 1. 1. 1. 1. 1.
  1. 1. 0. 1. 1. 1.]
 [1. 1. 1. 1. 1. 1. 1. 1. 1. 0. 0. 0. 1. 0. 0. 1. 1. 1. 1. 1. 1. 1. 0. 0.
  1. 1. 1. 1. 1. 1.]
 [1. 1. 0. 0. 0. 1. 1. 1. 1. 0. 0. 1. 1. 0. 1. 1. 1. 1. 1. 1. 1. 1. 1. 0.
  0. 0. 1. 1. 0. 1.]
 [0. 1. 1. 1. 1. 1. 1. 1. 1. 0. 1. 0. 1. 1. 1. 1. 1. 0. 1. 1. 1. 0. 1. 1.
  0. 1. 1. 1. 1. 1.]
 [0. 0. 1. 1. 1. 1. 1. 1. 1. 1. 1. 1. 0. 1. 0. 0. 1. 0. 1. 0. 1. 1. 1. 1.
  1. 1. 1. 1. 1. 1.]
 [1. 1. 1. 1. 1. 0. 0. 1. 1. 0. 0. 1. 1. 0. 1. 1. 1. 1. 1. 1. 0. 1. 1. 1.
  1. 1. 1. 1. 1. 1.]
 [1. 1. 1. 1. 1. 1. 1. 1. 1. 0. 1. 1. 0. 1. 0. 0. 1. 1. 1. 0. 1. 0. 0. 1.
  1. 1. 1. 1. 1. 0.]
 [0. 1. 0. 1. 1. 1. 1. 1. 1. 1. 1. 1. 0. 1. 0. 0. 0. 0. 0. 0. 0. 0. 0. 0.
  0. 0. 0. 0. 0. 0.]
 [0. 1. 1. 1. 1. 1. 1. 0. 1. 1. 1. 1. 1. 1. 1. 0. 0. 0. 0. 0. 0. 0. 0. 0.
  0. 0. 0. 0. 0. 0.]
 [1. 0. 0. 1. 1. 1. 1. 1. 0. 1. 1. 0. 0. 1. 1. 0. 0. 0. 0. 0. 0. 0. 0. 0.
  0. 0. 0. 0. 0. 0.]
 [1. 0. 1. 1. 1. 1. 1. 1. 1. 1. 1. 1. 1. 1. 1. 0. 0. 0. 0. 0. 0. 0. 0. 0.
  0. 0. 0. 0. 0. 0.]
 [1. 1. 1. 0. 1. 1. 1. 1. 1. 1. 1. 1. 0. 1. 0. 0. 0. 0. 0. 0. 0. 0. 0. 0.
  0. 0. 0. 0. 0. 0.]
 [1. 1. 1. 0. 1. 1. 1. 1. 1. 1. 1. 1. 1. 0. 1. 0. 0. 0. 0. 0. 0. 0. 0. 0.
  0. 0. 0. 0. 0. 0.]
 [1. 1. 1. 1. 0. 1. 1. 1. 1. 1. 1. 0. 1. 1. 0. 0. 0. 0. 0. 0. 0. 0. 0. 0.
  0. 0. 0. 0. 0. 0.]
 [1. 1. 1. 1. 0. 1. 1. 1. 1. 0. 1. 1. 1. 1. 0. 0. 0. 0. 0. 0. 0. 0. 0. 0.
  0. 0. 0. 0. 0. 0.]
 [0. 1. 0. 1. 1. 1. 1. 1. 1. 0. 0. 1. 1. 1. 1. 0. 0. 0. 0. 0. 0. 0. 0. 0.
  0. 0. 0. 0. 0. 0.]
 [1. 0. 1. 1. 1. 0. 1. 1. 1. 1. 0. 0. 1. 1. 1. 0. 0. 0. 0. 0. 0. 0. 0. 0.
  0. 0. 0. 0. 0. 0.]
 [1. 1. 1. 1. 1. 1. 1. 1. 1. 1. 0. 1. 1. 1. 1. 0. 0. 0. 0. 0. 0. 0. 0. 0.
  0. 0. 0. 0. 0. 0.]
 [1. 1. 1. 1. 1. 1. 1. 1. 0. 1. 1. 1. 1. 1. 1. 0. 0. 0. 0. 0. 0. 0. 0. 0.
  0. 0. 0. 0. 0. 0.]
 [0. 1. 1. 1. 0. 1. 1. 1. 1. 1. 1. 1. 1. 1. 1. 0. 0. 0. 0. 0. 0. 0. 0. 0.
  0. 0. 0. 0. 0. 0.]
 [1. 1. 1. 1. 1. 1. 1. 1. 1. 1. 0. 1. 1. 1. 1. 0. 0. 0. 0. 0. 0. 0. 0. 0.
  0. 0. 0. 0. 0. 0.]
 [1. 1. 1. 1. 1. 0. 1. 1. 1. 1. 1. 1. 1. 1. 0. 0. 0. 0. 0. 0. 0. 0. 0. 0.
  0. 0. 0. 0. 0. 0.]]
start_times_array: [[10131.         10270.         10424.         10545.
  10601.         10640.         10673.         10925.
  10989.         11001.         11023.         11110.
  11142.         11196.         11201.        ]
 [ 9634.          9785.         10042.         10082.
  10270.         10387.         10640.         10806.
  10925.         10977.         11010.         11106.
  11152.         11153.         11201.        ]
 [ 9062.          9387.          9536.          9796.
   9919.         10075.         10138.         10179.
  10210.         10339.         10458.         10526.
  10615.         10768.         10837.        ]
 [ 8377.          8800.          8855.          8856.
   8972.          9035.          9152.          9250.
   9352.          9616.          9691.          9809.
   9864.          9955.         10241.        ]
 [ 7797.          7830.          8057.          8196.
   8213.          8480.          8535.          8588.
   8619.          8824.          8905.          9272.
   9698.          9804.         10281.        ]
 [ 6779.          7261.          7351.          7427.
   7670.          7866.          7976.          8132.
   8169.          8221.          8306.          8464.
   8714.          9444.          9522.        ]
 [ 6384.          6522.          6944.          7042.
   7052.          7223.          7227.          7251.
   7286.          7293.          7308.          7499.
   7589.          7748.          7888.        ]
 [ 5826.          5959.          6040.          6185.
   6216.          6284.          6349.          6576.
   6779.          6864.          6901.          7127.
   7407.          7498.          8221.        ]
 [ 4280.          4856.          5078.          5292.
   5358.          5490.          5634.          5669.
   5922.          6132.          6384.          6482.
   6674.          6944.          6969.        ]
 [ 1482.          2686.          3591.          4159.
   4257.          4339.          4404.          4492.
   4563.          4598.          4657.          4825.
   4901.          4977.          5732.        ]
 [ 3249.          4161.          4320.          4487.
   4598.          4656.          4719.          4721.
   4765.          4901.          5025.          5313.
   5445.          6225.          6680.        ]
 [ 3054.          3454.          3591.          3752.
   3941.          4098.          4195.          4380.
   4427.          4563.          4943.          5172.
   5262.          5558.          5732.        ]
 [ 1266.          2085.          2211.          3060.
   3134.          3198.          3232.          3326.
   3359.          3510.          3638.          3724.
   3847.          3977.          4048.        ]
 [ 1724.          2436.          2610.          2705.
   2837.          2875.          2922.          2946.
   3043.          3079.          3225.          3249.
   3407.          3410.          4051.        ]
 [ 1475.          1691.          1817.          1882.
   2030.          2163.          2241.          2272.
   2332.          2411.          2534.          2741.
   3134.          3139.          3638.        ]
 [  297.           372.           456.           646.
    696.           865.          1409.          1414.
   1517.          1587.          1817.          1908.
   2030.          2280.          2360.        ]
 [  713.           777.           862.          1035.
   1046.          1119.          1160.          1324.
   1381.          1421.          1554.          1617.
   1946.          2087.          2476.        ]
 [    0.           240.           620.           696.
    795.           858.          1018.          1237.
   1266.          1269.          1279.          1414.
   1467.          1583.          1939.        ]
 [  183.           200.           278.           505.
    550.           708.           722.          1009.
   1046.          1101.          1160.          1248.
   1351.          1417.          1592.        ]
 [   17.           536.           620.           713.
    803.           916.           950.          1179.
   1230.          1264.          1324.          1517.
   1691.          1713.          2034.        ]
 [  172.           276.           674.           710.
    728.           774.           908.           957.
   1111.          1153.          1189.          1324.
   1391.          1554.          1939.        ]
 [  190.           213.           463.           719.
    802.           865.           927.           998.
   1018.          1060.          1119.          1123.
   1366.          1549.          1866.        ]
 [   66.           132.           228.           235.
    362.           422.           498.           614.
    782.           864.           958.           994.
   1073.          1119.          1817.        ]
 [  263.           276.           437.           536.
    606.           670.           761.           829.
    916.           937.           988.          1054.
   1073.          1124.          1171.        ]
 [    0.            91.            93.           132.
    144.           155.           177.           554.
    622.           774.           957.          1036.
   1180.          1324.          1951.        ]
 [   74.            92.           271.           362.
    383.           460.           491.           565.
    614.           818.           927.          1056.
   1087.          1123.          1372.        ]
 [  144.           200.           218.           263.
    272.           276.           279.           400.
    569.           651.           714.           719.
    768.           906.          1072.35324352]
 [    0.            95.           192.           233.
    308.           372.           437.           456.
    494.           572.           657.           748.
    813.           890.          1182.        ]
 [   13.            77.           139.           191.
    215.           343.           370.           468.
    533.           565.           648.           811.
    871.           931.          1009.        ]
 [    0.            22.            74.           110.
    141.           182.           362.           460.
    557.           614.           646.           728.
    767.           850.          1002.        ]]
