optimal_status: 0
solution: 12959.0
cpu_time: 3602.0539190769196
gap: 0.898772735264202
upper_bound: 1311.804123711206
lower_bound: 12959.0
cg_matrix: [[0. 0. 0. 1. 0. 0. 1. 1. 1. 1. 0. 1. 0. 1. 1. 1. 0. 1. 1. 1.]
 [0. 0. 1. 1. 1. 1. 1. 0. 1. 1. 1. 0. 1. 1. 1. 1. 0. 1. 1. 1.]
 [0. 1. 0. 0. 1. 1. 1. 1. 1. 1. 1. 1. 1. 0. 1. 1. 1. 1. 0. 1.]
 [1. 1. 0. 0. 1. 1. 1. 0. 0. 1. 1. 1. 1. 0. 1. 1. 1. 0. 1. 1.]
 [0. 1. 1. 1. 0. 1. 1. 0. 0. 1. 1. 0. 0. 1. 1. 1. 1. 0. 1. 1.]
 [0. 1. 1. 1. 1. 0. 0. 1. 1. 1. 1. 0. 1. 0. 1. 0. 1. 0. 1. 0.]
 [1. 1. 1. 1. 1. 0. 0. 1. 0. 1. 1. 0. 1. 0. 1. 1. 1. 1. 1. 1.]
 [1. 0. 1. 0. 0. 1. 1. 0. 0. 1. 1. 1. 1. 1. 1. 1. 1. 0. 0. 1.]
 [1. 1. 1. 0. 0. 1. 0. 0. 0. 1. 0. 1. 0. 1. 1. 1. 1. 0. 0. 0.]
 [1. 1. 1. 1. 1. 1. 1. 1. 1. 0. 0. 0. 1. 1. 1. 1. 0. 1. 1. 0.]
 [0. 1. 1. 1. 1. 1. 1. 1. 0. 0. 0. 1. 1. 0. 1. 1. 1. 1. 1. 1.]
 [1. 0. 1. 1. 0. 0. 0. 1. 1. 0. 1. 0. 1. 0. 1. 1. 1. 0. 1. 1.]
 [0. 1. 1. 1. 0. 1. 1. 1. 0. 1. 1. 1. 0. 1. 1. 0. 1. 1. 0. 1.]
 [1. 1. 0. 0. 1. 0. 0. 1. 1. 1. 0. 0. 1. 0. 1. 1. 0. 1. 1. 1.]
 [1. 1. 1. 1. 1. 1. 1. 1. 1. 1. 1. 1. 1. 1. 0. 1. 1. 0. 1. 1.]
 [1. 1. 1. 1. 1. 0. 1. 1. 1. 1. 1. 1. 0. 1. 1. 0. 1. 1. 1. 1.]
 [0. 0. 1. 1. 1. 1. 1. 1. 1. 0. 1. 1. 1. 0. 1. 1. 0. 1. 0. 1.]
 [1. 1. 1. 0. 0. 0. 1. 0. 0. 1. 1. 0. 1. 1. 0. 1. 1. 0. 1. 1.]
 [1. 1. 0. 1. 1. 1. 1. 0. 0. 1. 1. 1. 0. 1. 1. 1. 0. 1. 0. 1.]
 [1. 1. 1. 1. 1. 0. 1. 1. 0. 0. 1. 1. 1. 1. 1. 1. 1. 1. 1. 0.]]
start_times_array: [[ 3070.  3328.  3485. 11815. 11913. 11972. 12059. 12152. 12214. 12234.
  12248. 12333. 12378. 12425. 12434. 12528. 12537. 12552. 12714. 12715.]
 [ 4711. 11815. 11911. 11999. 12082. 12159. 12217. 12300. 12303. 12381.
  12449. 12513. 12610. 12643. 12668. 12715. 12759. 12766. 12826. 12868.]
 [  855. 10783. 10849. 10937. 10997. 11019. 11111. 11173. 11187. 11276.
  11315. 11409. 11475. 11485. 11538. 11564. 11579. 11644. 11726. 11782.]
 [10545. 10638. 10783. 10879. 10949. 11032. 11106. 11137. 11225. 11276.
  11333. 11411. 11419. 11426. 11517. 11596. 11614. 11665. 11683. 11782.]
 [ 1962.  2015.  2221.  2396.  2482.  2532.  2660.  2714.  2720.  2774.
   2938.  4422.  4453.  4492.  4527.  4886. 10432. 10455. 10485. 10730.]
 [    0.   179.   399.   650.  2109.  2842.  9307.  9473.  9576.  9668.
   9677.  9755.  9778.  9799.  9859.  9895.  9924. 10019. 10193. 10272.]
 [ 3890.  4276.  9307.  9473.  9576.  9672.  9701.  9762.  9850.  9920.
   9936.  9967. 10032. 10115. 10193. 10219. 10269. 10356. 10418. 10515.]
 [ 1269.  3800.  4422.  8490.  8494.  8668.  8787.  8806.  8860.  8945.
   9018.  9061.  9085.  9122.  9209.  9275.  9363.  9415.  9424.  9515.]
 [  951.  8094.  8193.  8255.  8261.  8323.  8330.  8410.  8413.  8470.
   8477.  8562.  8592.  8688.  8779.  8829.  8916.  9018.  9101.  9363.]
 [   94.   237.   245.   311.   503.   518.   523.   582.   682.   742.
   6776.  6891.  7145.  7234.  7312.  7400.  7469.  7514.  7596.  7602.]
 [ 3486.  3576.  4006.  6835.  6843.  6934.  7601.  7754.  8043.  8075.
   8103.  8193.  8286.  8292.  8327.  8400.  8447.  8585.  8660.  8736.]
 [ 1914.  1962.  2227.  3388.  4535.  6724.  7014.  7145.  7212.  7270.
   7357.  7422.  7484.  7581.  7690.  7721.  7803.  7836.  7913.  7963.]
 [  951.  5834.  5933.  6008.  6104.  6184.  6212.  6233.  6284.  6359.
   6376.  6465.  6524.  6580.  6643.  6661.  6678.  6708.  6793.  6800.]
 [ 3134.  3191.  3207.  3451.  4959.  5179.  5205.  5273.  5356.  5361.
   5369.  5381.  5468.  5551.  5571.  5668.  5688.  5773.  5924.  6148.]
 [ 1840.  1903.  1917.  2097.  2261.  2294.  2299.  2340.  2387.  2586.
   2681.  4676.  4757.  4996.  5008.  5030.  5074.  5082.  5346.  7059.]
 [ 2107.  2140.  2200.  2842.  3603.  3672.  3706.  3875.  3983.  4007.
   4091.  4107.  4162.  4212.  4217.  4318.  4353.  4365.  4442.  4835.]
 [  999.  1227.  1287.  3031.  3093.  3108.  3135.  3151.  3185.  3193.
   3243.  3328.  3340.  3416.  3421.  3446.  4595.  4711.  5215.  6148.]
 [ 1840.  1923.  2015.  2046.  2086.  2221.  2230.  2273.  2311.  2371.
   2395.  2398.  2426.  2512.  2580.  2635.  2726.  2823.  2938.  3011.]
 [  855.   883.   964.  1010.  1108.  1154.  1183.  1279.  1291.  1362.
   1394.  1458.  1497.  1513.  1610.  1709.  1758.  1833.  3249.  4595.]
 [    0.    71.    80.    91.    99.   103.   150.   243.   325.   331.
    380.   387.   411.   503.   516.   602.   682.   716.   791.   826.]]
