optimal_status: 0
solution: 4006.9999995991993
cpu_time: 3600.114748954773
gap: 0.7338565640696484
upper_bound: 1066.436747666248
lower_bound: 4006.9999995991993
cg_matrix: [[0. 0. 0. 1. 1. 0. 0. 0. 1. 0. 0. 1. 1. 1. 0.]
 [0. 0. 0. 0. 1. 0. 1. 0. 0. 0. 1. 1. 1. 0. 1.]
 [0. 0. 0. 0. 0. 1. 0. 1. 0. 1. 1. 1. 0. 0. 0.]
 [1. 0. 0. 0. 1. 0. 0. 0. 0. 0. 0. 1. 1. 0. 0.]
 [1. 1. 0. 1. 0. 0. 1. 1. 1. 0. 0. 1. 0. 0. 0.]
 [0. 0. 1. 0. 0. 0. 1. 1. 1. 0. 1. 1. 0. 1. 0.]
 [0. 1. 0. 0. 1. 1. 0. 1. 0. 1. 1. 0. 1. 0. 1.]
 [0. 0. 1. 0. 1. 1. 1. 0. 0. 0. 1. 1. 0. 0. 1.]
 [1. 0. 0. 0. 1. 1. 0. 0. 0. 1. 0. 0. 0. 0. 1.]
 [0. 0. 1. 0. 0. 0. 1. 0. 1. 0. 1. 0. 1. 1. 1.]
 [0. 1. 1. 0. 0. 1. 1. 1. 0. 1. 0. 0. 1. 0. 1.]
 [1. 1. 1. 1. 1. 1. 0. 1. 0. 0. 0. 0. 0. 0. 1.]
 [1. 1. 0. 1. 0. 0. 1. 0. 0. 1. 1. 0. 0. 0. 0.]
 [1. 0. 0. 0. 0. 1. 0. 0. 0. 1. 0. 0. 0. 0. 0.]
 [0. 1. 0. 0. 0. 0. 1. 1. 1. 1. 1. 1. 0. 0. 0.]]
start_times_array: [[2.970e+02 5.010e+02 8.880e+02 1.166e+03 1.428e+03 1.566e+03 1.580e+03
  2.244e+03 2.403e+03 3.277e+03 3.419e+03 3.592e+03 3.739e+03 3.912e+03
  4.006e+03]
 [4.150e+02 8.880e+02 9.290e+02 9.510e+02 1.179e+03 1.582e+03 1.871e+03
  2.114e+03 2.293e+03 2.427e+03 2.839e+03 3.097e+03 3.385e+03 3.602e+03
  3.745e+03]
 [6.700e+01 2.440e+02 5.710e+02 7.340e+02 7.360e+02 8.440e+02 1.673e+03
  1.759e+03 1.869e+03 2.103e+03 2.160e+03 2.498e+03 2.649e+03 3.000e+03
  3.324e+03]
 [2.440e+02 4.070e+02 4.660e+02 6.070e+02 6.130e+02 9.670e+02 1.165e+03
  1.333e+03 1.673e+03 2.122e+03 2.786e+03 3.020e+03 3.113e+03 3.367e+03
  3.849e+03]
 [6.700e+01 2.580e+02 3.320e+02 1.231e+03 1.388e+03 1.390e+03 1.771e+03
  2.212e+03 2.641e+03 2.881e+03 2.944e+03 2.948e+03 2.959e+03 3.182e+03
  3.514e+03]
 [4.980e+02 6.420e+02 8.010e+02 8.820e+02 1.227e+03 2.226e+03 2.314e+03
  2.752e+03 2.944e+03 2.951e+03 3.097e+03 3.137e+03 3.175e+03 3.548e+03
  3.791e+03]
 [0.000e+00 1.640e+02 5.710e+02 9.970e+02 1.653e+03 1.915e+03 2.062e+03
  2.490e+03 3.012e+03 3.095e+03 3.295e+03 3.647e+03 3.711e+03 3.727e+03
  3.982e+03]
 [3.080e+02 4.460e+02 4.760e+02 6.800e+02 9.290e+02 1.164e+03 1.564e+03
  2.395e+03 2.747e+03 2.765e+03 2.802e+03 2.839e+03 3.120e+03 3.393e+03
  3.745e+03]
 [2.000e+02 5.790e+02 6.900e+02 9.670e+02 1.029e+03 1.329e+03 1.673e+03
  1.678e+03 1.718e+03 1.869e+03 2.062e+03 2.077e+03 2.095e+03 2.491e+03
  2.780e+03]
 [1.370e+02 3.080e+02 4.150e+02 4.920e+02 5.160e+02 9.000e+02 1.575e+03
  1.634e+03 1.840e+03 1.946e+03 2.395e+03 2.840e+03 3.105e+03 3.745e+03
  3.756e+03]
 [3.310e+02 1.284e+03 1.458e+03 1.516e+03 1.979e+03 2.347e+03 2.366e+03
  2.554e+03 2.591e+03 2.807e+03 2.881e+03 3.196e+03 3.447e+03 3.863e+03
  3.912e+03]
 [0.000e+00 6.000e+01 1.630e+02 1.024e+03 1.106e+03 1.481e+03 1.840e+03
  1.868e+03 1.929e+03 1.998e+03 2.005e+03 2.008e+03 2.375e+03 2.383e+03
  2.522e+03]
 [3.000e+00 6.380e+02 7.190e+02 7.230e+02 8.010e+02 8.100e+02 1.090e+03
  1.279e+03 1.378e+03 1.508e+03 1.518e+03 1.562e+03 1.767e+03 2.649e+03
  3.775e+03]
 [0.000e+00 3.200e+01 2.440e+02 3.470e+02 6.110e+02 7.210e+02 7.310e+02
  9.670e+02 1.284e+03 1.789e+03 2.005e+03 2.060e+03 2.491e+03 2.535e+03
  2.818e+03]
 [9.000e+01 1.020e+02 2.440e+02 3.980e+02 6.380e+02 7.770e+02 8.230e+02
  1.384e+03 1.744e+03 1.887e+03 2.207e+03 2.649e+03 2.919e+03 3.535e+03
  3.807e+03]]
