optimal_status: 0
solution: 37135.0
cpu_time: 3603.5218040943146
gap: 0.9611896798454813
upper_bound: 1441.2212389380534
lower_bound: 37135.0
cg_matrix: [[0. 1. 1. 1. 1. 1. 0. 0. 1. 0. 0. 0. 1. 1. 1. 0. 1. 0. 1. 1. 1. 1. 1. 1.
  1. 1. 1. 0. 0. 1. 1. 1. 0. 1. 1. 1. 1. 1. 1. 1. 1. 0. 0. 1. 0. 1. 0. 1.
  1. 1.]
 [1. 0. 0. 1. 1. 1. 1. 1. 1. 1. 1. 1. 0. 1. 1. 1. 1. 1. 1. 1. 0. 1. 1. 0.
  1. 0. 1. 1. 1. 1. 0. 1. 1. 1. 1. 1. 0. 1. 0. 0. 1. 1. 1. 1. 0. 0. 1. 1.
  0. 1.]
 [1. 0. 0. 0. 1. 1. 0. 1. 1. 1. 1. 1. 1. 1. 1. 1. 1. 1. 1. 1. 1. 0. 0. 1.
  1. 1. 1. 1. 1. 1. 0. 1. 1. 1. 0. 1. 1. 0. 1. 1. 1. 1. 1. 1. 1. 1. 1. 1.
  1. 1.]
 [1. 1. 0. 0. 0. 1. 0. 1. 1. 0. 1. 1. 1. 1. 0. 0. 1. 1. 0. 1. 1. 1. 1. 1.
  1. 1. 1. 1. 1. 1. 1. 1. 1. 1. 1. 1. 1. 0. 1. 1. 1. 1. 1. 1. 0. 1. 1. 0.
  0. 1.]
 [1. 1. 1. 0. 0. 1. 1. 1. 1. 1. 1. 1. 1. 1. 1. 1. 1. 0. 1. 0. 0. 1. 1. 0.
  1. 1. 1. 1. 1. 1. 0. 1. 1. 1. 1. 1. 0. 0. 0. 1. 1. 1. 1. 1. 1. 0. 1. 1.
  1. 1.]
 [1. 1. 1. 1. 1. 0. 1. 1. 1. 1. 1. 0. 1. 1. 1. 1. 1. 0. 1. 1. 1. 0. 1. 0.
  1. 0. 1. 0. 1. 1. 1. 1. 0. 1. 1. 1. 1. 1. 1. 1. 1. 1. 1. 0. 1. 0. 0. 1.
  1. 0.]
 [0. 1. 0. 0. 1. 1. 0. 1. 1. 1. 1. 1. 1. 1. 1. 1. 1. 1. 0. 0. 1. 1. 1. 1.
  1. 1. 1. 1. 1. 1. 1. 1. 1. 1. 1. 1. 1. 0. 1. 1. 1. 0. 1. 1. 0. 0. 1. 1.
  1. 1.]
 [0. 1. 1. 1. 1. 1. 1. 0. 1. 1. 1. 1. 1. 1. 1. 1. 1. 0. 1. 1. 1. 1. 1. 1.
  1. 1. 1. 1. 1. 1. 1. 0. 1. 1. 0. 1. 1. 0. 1. 1. 1. 1. 0. 1. 1. 1. 0. 1.
  0. 0.]
 [1. 1. 1. 1. 1. 1. 1. 1. 0. 1. 1. 1. 1. 1. 0. 0. 1. 1. 0. 1. 1. 0. 0. 1.
  1. 0. 1. 1. 0. 1. 1. 1. 0. 0. 1. 1. 1. 1. 1. 0. 0. 0. 1. 1. 1. 0. 1. 1.
  1. 1.]
 [0. 1. 1. 0. 1. 1. 1. 1. 1. 0. 1. 1. 1. 1. 1. 0. 1. 1. 1. 1. 1. 1. 1. 0.
  0. 1. 1. 1. 1. 1. 1. 0. 1. 0. 1. 1. 1. 1. 1. 1. 0. 1. 1. 1. 1. 1. 1. 1.
  1. 1.]
 [0. 1. 1. 1. 1. 1. 1. 1. 1. 1. 0. 1. 0. 0. 1. 1. 1. 1. 0. 1. 1. 1. 1. 0.
  1. 0. 1. 0. 1. 0. 1. 1. 1. 1. 1. 0. 1. 1. 1. 1. 1. 0. 0. 1. 1. 0. 1. 1.
  1. 0.]
 [0. 1. 1. 1. 1. 0. 1. 1. 1. 1. 1. 0. 1. 0. 1. 1. 1. 1. 1. 1. 1. 0. 1. 1.
  1. 1. 1. 1. 0. 1. 1. 1. 1. 1. 1. 1. 1. 1. 0. 0. 1. 1. 1. 1. 0. 1. 1. 1.
  1. 1.]
 [1. 0. 1. 1. 1. 1. 1. 1. 1. 1. 0. 1. 0. 1. 1. 1. 0. 0. 1. 0. 1. 1. 1. 1.
  1. 1. 1. 1. 1. 1. 0. 0. 1. 1. 1. 1. 1. 1. 0. 1. 1. 1. 1. 1. 1. 1. 1. 1.
  1. 0.]
 [1. 1. 1. 1. 1. 1. 1. 1. 1. 1. 0. 0. 1. 0. 1. 1. 0. 1. 1. 0. 1. 1. 0. 1.
  1. 1. 1. 1. 1. 1. 1. 1. 1. 0. 1. 1. 1. 0. 0. 0. 0. 1. 1. 1. 1. 1. 1. 1.
  0. 1.]
 [1. 1. 1. 0. 1. 1. 1. 1. 0. 1. 1. 1. 1. 1. 0. 1. 1. 1. 1. 1. 1. 1. 0. 1.
  1. 0. 1. 0. 0. 1. 0. 1. 1. 1. 0. 0. 1. 1. 1. 0. 0. 1. 1. 0. 1. 0. 1. 0.
  1. 1.]
 [0. 1. 1. 0. 1. 1. 1. 1. 0. 0. 1. 1. 1. 1. 1. 0. 1. 1. 1. 1. 1. 1. 1. 0.
  0. 0. 1. 1. 0. 1. 1. 0. 0. 0. 1. 1. 0. 1. 1. 0. 1. 1. 1. 1. 1. 1. 1. 1.
  0. 1.]
 [1. 1. 1. 1. 1. 1. 1. 1. 1. 1. 1. 1. 0. 0. 1. 1. 0. 1. 1. 1. 1. 1. 1. 1.
  1. 1. 1. 1. 1. 0. 1. 1. 1. 1. 1. 1. 1. 0. 1. 1. 1. 1. 1. 1. 1. 0. 1. 1.
  1. 1.]
 [0. 1. 1. 1. 0. 0. 1. 0. 1. 1. 1. 1. 0. 1. 1. 1. 1. 0. 1. 1. 1. 1. 1. 1.
  1. 1. 1. 1. 1. 1. 1. 0. 1. 0. 1. 1. 0. 1. 0. 0. 1. 1. 1. 0. 1. 0. 1. 1.
  1. 1.]
 [1. 1. 1. 0. 1. 1. 0. 1. 0. 1. 0. 1. 1. 1. 1. 1. 1. 1. 0. 1. 1. 1. 1. 1.
  1. 1. 1. 1. 1. 1. 0. 0. 1. 1. 1. 1. 0. 1. 1. 1. 1. 1. 1. 1. 1. 0. 1. 1.
  1. 1.]
 [1. 1. 1. 1. 0. 1. 0. 1. 1. 1. 1. 1. 0. 0. 1. 1. 1. 1. 1. 0. 0. 1. 1. 0.
  1. 1. 1. 1. 1. 1. 1. 1. 1. 0. 1. 0. 1. 1. 1. 1. 1. 0. 1. 1. 1. 1. 0. 0.
  1. 0.]
 [1. 0. 1. 1. 0. 1. 1. 1. 1. 1. 1. 1. 1. 1. 1. 1. 1. 1. 1. 0. 0. 0. 0. 0.
  0. 0. 0. 0. 0. 0. 0. 0. 0. 0. 0. 0. 0. 0. 0. 0. 0. 0. 0. 0. 0. 0. 0. 0.
  0. 0.]
 [1. 1. 0. 1. 1. 0. 1. 1. 0. 1. 1. 0. 1. 1. 1. 1. 1. 1. 1. 1. 0. 0. 0. 0.
  0. 0. 0. 0. 0. 0. 0. 0. 0. 0. 0. 0. 0. 0. 0. 0. 0. 0. 0. 0. 0. 0. 0. 0.
  0. 0.]
 [1. 1. 0. 1. 1. 1. 1. 1. 0. 1. 1. 1. 1. 0. 0. 1. 1. 1. 1. 1. 0. 0. 0. 0.
  0. 0. 0. 0. 0. 0. 0. 0. 0. 0. 0. 0. 0. 0. 0. 0. 0. 0. 0. 0. 0. 0. 0. 0.
  0. 0.]
 [1. 0. 1. 1. 0. 0. 1. 1. 1. 0. 0. 1. 1. 1. 1. 0. 1. 1. 1. 0. 0. 0. 0. 0.
  0. 0. 0. 0. 0. 0. 0. 0. 0. 0. 0. 0. 0. 0. 0. 0. 0. 0. 0. 0. 0. 0. 0. 0.
  0. 0.]
 [1. 1. 1. 1. 1. 1. 1. 1. 1. 0. 1. 1. 1. 1. 1. 0. 1. 1. 1. 1. 0. 0. 0. 0.
  0. 0. 0. 0. 0. 0. 0. 0. 0. 0. 0. 0. 0. 0. 0. 0. 0. 0. 0. 0. 0. 0. 0. 0.
  0. 0.]
 [1. 0. 1. 1. 1. 0. 1. 1. 0. 1. 0. 1. 1. 1. 0. 0. 1. 1. 1. 1. 0. 0. 0. 0.
  0. 0. 0. 0. 0. 0. 0. 0. 0. 0. 0. 0. 0. 0. 0. 0. 0. 0. 0. 0. 0. 0. 0. 0.
  0. 0.]
 [1. 1. 1. 1. 1. 1. 1. 1. 1. 1. 1. 1. 1. 1. 1. 1. 1. 1. 1. 1. 0. 0. 0. 0.
  0. 0. 0. 0. 0. 0. 0. 0. 0. 0. 0. 0. 0. 0. 0. 0. 0. 0. 0. 0. 0. 0. 0. 0.
  0. 0.]
 [0. 1. 1. 1. 1. 0. 1. 1. 1. 1. 0. 1. 1. 1. 0. 1. 1. 1. 1. 1. 0. 0. 0. 0.
  0. 0. 0. 0. 0. 0. 0. 0. 0. 0. 0. 0. 0. 0. 0. 0. 0. 0. 0. 0. 0. 0. 0. 0.
  0. 0.]
 [0. 1. 1. 1. 1. 1. 1. 1. 0. 1. 1. 0. 1. 1. 0. 0. 1. 1. 1. 1. 0. 0. 0. 0.
  0. 0. 0. 0. 0. 0. 0. 0. 0. 0. 0. 0. 0. 0. 0. 0. 0. 0. 0. 0. 0. 0. 0. 0.
  0. 0.]
 [1. 1. 1. 1. 1. 1. 1. 1. 1. 1. 0. 1. 1. 1. 1. 1. 0. 1. 1. 1. 0. 0. 0. 0.
  0. 0. 0. 0. 0. 0. 0. 0. 0. 0. 0. 0. 0. 0. 0. 0. 0. 0. 0. 0. 0. 0. 0. 0.
  0. 0.]
 [1. 0. 0. 1. 0. 1. 1. 1. 1. 1. 1. 1. 0. 1. 0. 1. 1. 1. 0. 1. 0. 0. 0. 0.
  0. 0. 0. 0. 0. 0. 0. 0. 0. 0. 0. 0. 0. 0. 0. 0. 0. 0. 0. 0. 0. 0. 0. 0.
  0. 0.]
 [1. 1. 1. 1. 1. 1. 1. 0. 1. 0. 1. 1. 0. 1. 1. 0. 1. 0. 0. 1. 0. 0. 0. 0.
  0. 0. 0. 0. 0. 0. 0. 0. 0. 0. 0. 0. 0. 0. 0. 0. 0. 0. 0. 0. 0. 0. 0. 0.
  0. 0.]
 [0. 1. 1. 1. 1. 0. 1. 1. 0. 1. 1. 1. 1. 1. 1. 0. 1. 1. 1. 1. 0. 0. 0. 0.
  0. 0. 0. 0. 0. 0. 0. 0. 0. 0. 0. 0. 0. 0. 0. 0. 0. 0. 0. 0. 0. 0. 0. 0.
  0. 0.]
 [1. 1. 1. 1. 1. 1. 1. 1. 0. 0. 1. 1. 1. 0. 1. 0. 1. 0. 1. 0. 0. 0. 0. 0.
  0. 0. 0. 0. 0. 0. 0. 0. 0. 0. 0. 0. 0. 0. 0. 0. 0. 0. 0. 0. 0. 0. 0. 0.
  0. 0.]
 [1. 1. 0. 1. 1. 1. 1. 0. 1. 1. 1. 1. 1. 1. 0. 1. 1. 1. 1. 1. 0. 0. 0. 0.
  0. 0. 0. 0. 0. 0. 0. 0. 0. 0. 0. 0. 0. 0. 0. 0. 0. 0. 0. 0. 0. 0. 0. 0.
  0. 0.]
 [1. 1. 1. 1. 1. 1. 1. 1. 1. 1. 0. 1. 1. 1. 0. 1. 1. 1. 1. 0. 0. 0. 0. 0.
  0. 0. 0. 0. 0. 0. 0. 0. 0. 0. 0. 0. 0. 0. 0. 0. 0. 0. 0. 0. 0. 0. 0. 0.
  0. 0.]
 [1. 0. 1. 1. 0. 1. 1. 1. 1. 1. 1. 1. 1. 1. 1. 0. 1. 0. 0. 1. 0. 0. 0. 0.
  0. 0. 0. 0. 0. 0. 0. 0. 0. 0. 0. 0. 0. 0. 0. 0. 0. 0. 0. 0. 0. 0. 0. 0.
  0. 0.]
 [1. 1. 0. 0. 0. 1. 0. 0. 1. 1. 1. 1. 1. 0. 1. 1. 0. 1. 1. 1. 0. 0. 0. 0.
  0. 0. 0. 0. 0. 0. 0. 0. 0. 0. 0. 0. 0. 0. 0. 0. 0. 0. 0. 0. 0. 0. 0. 0.
  0. 0.]
 [1. 0. 1. 1. 0. 1. 1. 1. 1. 1. 1. 0. 0. 0. 1. 1. 1. 0. 1. 1. 0. 0. 0. 0.
  0. 0. 0. 0. 0. 0. 0. 0. 0. 0. 0. 0. 0. 0. 0. 0. 0. 0. 0. 0. 0. 0. 0. 0.
  0. 0.]
 [1. 0. 1. 1. 1. 1. 1. 1. 0. 1. 1. 0. 1. 0. 0. 0. 1. 0. 1. 1. 0. 0. 0. 0.
  0. 0. 0. 0. 0. 0. 0. 0. 0. 0. 0. 0. 0. 0. 0. 0. 0. 0. 0. 0. 0. 0. 0. 0.
  0. 0.]
 [1. 1. 1. 1. 1. 1. 1. 1. 0. 0. 1. 1. 1. 0. 0. 1. 1. 1. 1. 1. 0. 0. 0. 0.
  0. 0. 0. 0. 0. 0. 0. 0. 0. 0. 0. 0. 0. 0. 0. 0. 0. 0. 0. 0. 0. 0. 0. 0.
  0. 0.]
 [0. 1. 1. 1. 1. 1. 0. 1. 0. 1. 0. 1. 1. 1. 1. 1. 1. 1. 1. 0. 0. 0. 0. 0.
  0. 0. 0. 0. 0. 0. 0. 0. 0. 0. 0. 0. 0. 0. 0. 0. 0. 0. 0. 0. 0. 0. 0. 0.
  0. 0.]
 [0. 1. 1. 1. 1. 1. 1. 0. 1. 1. 0. 1. 1. 1. 1. 1. 1. 1. 1. 1. 0. 0. 0. 0.
  0. 0. 0. 0. 0. 0. 0. 0. 0. 0. 0. 0. 0. 0. 0. 0. 0. 0. 0. 0. 0. 0. 0. 0.
  0. 0.]
 [1. 1. 1. 1. 1. 0. 1. 1. 1. 1. 1. 1. 1. 1. 0. 1. 1. 0. 1. 1. 0. 0. 0. 0.
  0. 0. 0. 0. 0. 0. 0. 0. 0. 0. 0. 0. 0. 0. 0. 0. 0. 0. 0. 0. 0. 0. 0. 0.
  0. 0.]
 [0. 0. 1. 0. 1. 1. 0. 1. 1. 1. 1. 0. 1. 1. 1. 1. 1. 1. 1. 1. 0. 0. 0. 0.
  0. 0. 0. 0. 0. 0. 0. 0. 0. 0. 0. 0. 0. 0. 0. 0. 0. 0. 0. 0. 0. 0. 0. 0.
  0. 0.]
 [1. 0. 1. 1. 0. 0. 0. 1. 0. 1. 0. 1. 1. 1. 0. 1. 0. 0. 0. 1. 0. 0. 0. 0.
  0. 0. 0. 0. 0. 0. 0. 0. 0. 0. 0. 0. 0. 0. 0. 0. 0. 0. 0. 0. 0. 0. 0. 0.
  0. 0.]
 [0. 1. 1. 1. 1. 0. 1. 0. 1. 1. 1. 1. 1. 1. 1. 1. 1. 1. 1. 0. 0. 0. 0. 0.
  0. 0. 0. 0. 0. 0. 0. 0. 0. 0. 0. 0. 0. 0. 0. 0. 0. 0. 0. 0. 0. 0. 0. 0.
  0. 0.]
 [1. 1. 1. 0. 1. 1. 1. 1. 1. 1. 1. 1. 1. 1. 0. 1. 1. 1. 1. 0. 0. 0. 0. 0.
  0. 0. 0. 0. 0. 0. 0. 0. 0. 0. 0. 0. 0. 0. 0. 0. 0. 0. 0. 0. 0. 0. 0. 0.
  0. 0.]
 [1. 0. 1. 0. 1. 1. 1. 0. 1. 1. 1. 1. 1. 0. 1. 0. 1. 1. 1. 1. 0. 0. 0. 0.
  0. 0. 0. 0. 0. 0. 0. 0. 0. 0. 0. 0. 0. 0. 0. 0. 0. 0. 0. 0. 0. 0. 0. 0.
  0. 0.]
 [1. 1. 1. 1. 1. 0. 1. 0. 1. 1. 0. 1. 0. 1. 1. 1. 1. 1. 1. 0. 0. 0. 0. 0.
  0. 0. 0. 0. 0. 0. 0. 0. 0. 0. 0. 0. 0. 0. 0. 0. 0. 0. 0. 0. 0. 0. 0. 0.
  0. 0.]]
start_times_array: [[36007. 36091. 36204. 36220. 36234. 36277. 36305. 36391. 36483. 36515.
  36588. 36649. 36662. 36710. 36780. 36848. 36904. 36988. 37011. 37105.]
 [34999. 35076. 35108. 35163. 35185. 35268. 35287. 35336. 35416. 35443.
  35512. 35558. 35644. 35695. 35696. 35784. 35861. 35959. 36117. 36141.]
 [34254. 34290. 34358. 34538. 34583. 34617. 34690. 34704. 34786. 34801.
  34836. 34928. 34938. 34981. 34999. 35072. 35141. 35196. 35259. 35348.]
 [33480. 33522. 33545. 33574. 33582. 33675. 33694. 33758. 34020. 34039.
  34043. 34127. 34199. 34201. 34290. 34367. 34379. 34471. 34538. 34634.]
 [33322. 33379. 33446. 33545. 33554. 33643. 33701. 33717. 33752. 33782.
  33840. 33868. 33938. 34020. 34050. 34134. 34139. 34152. 34155. 34246.]
 [32517. 32551. 32656. 32688. 32705. 32754. 32767. 32771. 32778. 32816.
  32878. 32924. 32953. 33040. 33063. 33107. 33200. 33215. 33224. 33280.]
 [31518. 31682. 31753. 31816. 31835. 31853. 31901. 31948. 31998. 32080.
  32174. 32196. 32203. 32272. 32340. 32374. 32449. 32462. 32585. 32596.]
 [30516. 30635. 30655. 30741. 30743. 30833. 30865. 30919. 30959. 30999.
  31002. 31022. 31090. 31174. 31214. 31305. 31358. 31435. 31522. 31619.]
 [29636. 29681. 29753. 29761. 29822. 29873. 29969. 30063. 30161. 30244.
  30292. 30298. 30320. 30370. 30394. 30430. 30451. 30468. 30560. 30614.]
 [28630. 28654. 28674. 28766. 28813. 28912. 28997. 29017. 29107. 29108.
  29128. 29164. 29222. 29224. 29310. 29352. 29390. 29459. 29538. 29581.]
 [27549. 27611. 27632. 27727. 27780. 27855. 27945. 28039. 28082. 28154.
  28192. 28252. 28282. 28288. 28363. 28394. 28481. 28544. 28568. 28584.]
 [26318. 26323. 26371. 26459. 26537. 26621. 26706. 26707. 26786. 26881.
  26923. 26944. 27013. 27102. 27170. 27226. 27256. 27352. 27450. 27525.]
 [25379. 25437. 25486. 25539. 25624. 25644. 25659. 25703. 25800. 25824.
  25836. 25934. 25987. 26054. 26064. 26155. 26202. 26280. 26285. 26313.]
 [24419. 24548. 24578. 24646. 24680. 24683. 24741. 24759. 24779. 24812.
  24874. 24944. 25031. 25086. 25177. 25179. 25212. 25234. 25254. 25280.]
 [23086. 23268. 23356. 23450. 23578. 23582. 23660. 23670. 23737. 23814.
  23867. 23934. 24025. 24049. 24079. 24155. 24225. 24281. 24370. 24474.]
 [22338. 22433. 22442. 22471. 22516. 22580. 22653. 22715. 22726. 22757.
  22834. 22895. 22915. 22969. 23006. 23023. 23054. 23150. 23248. 23484.]
 [21208. 21222. 21312. 21385. 21469. 21544. 21633. 21674. 21733. 21791.
  21835. 21856. 21917. 22008. 22033. 22081. 22093. 22130. 22210. 22287.]
 [19905. 19952. 20164. 20175. 20248. 20252. 20261. 20356. 20378. 20410.
  20499. 20563. 20582. 20651. 20734. 20825. 20859. 20939. 21033. 21126.]
 [18791. 18883. 18962. 19036. 19038. 19135. 19203. 19301. 19379. 19401.
  19442. 19500. 19599. 19651. 19718. 19766. 19799. 19847. 20044. 20125.]
 [17823. 17843. 17939. 18003. 18098. 18104. 18130. 18169. 18195. 18287.
  18299. 18364. 18378. 18449. 18480. 18577. 18601. 18686. 18775. 18786.]
 [16134. 16237. 16319. 17303. 17381. 17475. 17562. 17569. 17634. 17674.
  17735. 17814. 17816. 17823. 17894. 17943. 17961. 18022. 18091. 18195.]
 [15911. 15974. 16030. 16118. 16576. 16637. 16657. 16726. 16814. 16857.
  16951. 17002. 17096. 17108. 17198. 17234. 17237. 17336. 17373. 17728.]
 [15337. 15571. 15637. 15729. 15816. 15827. 15880. 15934. 15988. 16030.
  16117. 16203. 16237. 16244. 16304. 16356. 16452. 16477. 16532. 16581.]
 [12361. 13549. 13646. 13706. 14795. 14886. 14985. 15007. 15081. 15161.
  15240. 15337. 15430. 15515. 15587. 15683. 15735. 15805. 15816. 16049.]
 [13571. 13654. 14148. 14199. 14248. 14305. 14323. 14417. 14505. 14551.
  14649. 14715. 14722. 14742. 14795. 14804. 14811. 14825. 14910. 15073.]
 [12520. 12618. 12709. 13501. 13544. 13599. 13644. 13703. 13780. 13811.
  13902. 13962. 14023. 14085. 14144. 14233. 14258. 14276. 14305. 14354.]
 [12066. 12092. 12142. 13022. 13100. 13175. 13178. 13232. 13252. 13310.
  13405. 13443. 13501. 13571. 13646. 13652. 13678. 13704. 13758. 13853.]
 [12428. 12509. 12580. 12653. 12761. 12778. 12792. 12857. 12947. 12976.
  13023. 13031. 13070. 13079. 13137. 13232. 13257. 13258. 13323. 13405.]
 [11664. 11958. 12037. 12107. 12150. 12245. 12287. 12293. 12381. 12386.
  12398. 12452. 12470. 12553. 12580. 12618. 12667. 12787. 12882. 13023.]
 [11618. 11636. 11672. 11742. 11752. 11777. 11802. 11874. 11943. 11958.
  11975. 12006. 12066. 12135. 12174. 12228. 12293. 12381. 12428. 12468.]
 [ 9819. 10801. 10829. 10910. 10943. 11018. 11100. 11176. 11187. 11239.
  11259. 11294. 11367. 11448. 11490. 11494. 11521. 11535. 11608. 11618.]
 [ 3975.  9239.  9342.  9394. 10172. 10250. 10273. 10311. 10370. 10392.
  10437. 10503. 10597. 10654. 10736. 10787. 10841. 10866. 10963. 11036.]
 [ 8690.  8895.  9189.  9251.  9346.  9414.  9504.  9580.  9664.  9701.
   9739.  9769.  9791.  9819.  9909.  9915. 10006. 10079. 10172. 10905.]
 [ 8536.  8614.  8631.  8672.  8741.  8835.  8918.  8942.  8997.  9059.
   9086.  9110.  9180.  9230.  9251.  9302.  9321.  9341.  9504.  9549.]
 [ 7470.  7472.  7557.  7839.  7886.  8023.  8104.  8507.  8548.  8592.
   8677.  8733.  8735.  8816.  8817.  8853.  8904.  8929.  9039.  9393.]
 [ 7667.  7754.  7819.  7830.  7915.  7952.  7978.  8067.  8094.  8104.
   8117.  8179.  8209.  8233.  8312.  8410.  8471.  8536.  8565.  8592.]
 [ 3437.  6518.  6565.  6605.  7152.  7225.  7264.  7285.  7365.  7432.
   7494.  7566.  7615.  7667.  7750.  7786.  7817.  7868.  7925.  7958.]
 [ 6413.  6422.  6518.  6560.  6599.  6605.  6672.  6731.  6822.  6903.
   6993.  7000.  7049.  7145.  7196.  7234.  7290.  7337.  7432.  7455.]
 [ 4265.  4343.  4439.  4518.  4553.  4651.  5716.  5717.  5799.  5855.
   5886.  5974.  6026.  6122.  6197.  6251.  6263.  6326.  6370.  6413.]
 [ 3940.  4270.  5023.  5063.  5115.  5207.  5284.  5341.  5407.  5443.
   5450.  5456.  5525.  5609.  5663.  5716.  5813.  5851.  5944.  5974.]
 [ 3841.  3940.  4028.  4045.  4078.  4081.  4139.  4161.  4323.  4380.
   4487.  4509.  4520.  4596.  4689.  4700.  4763.  4852.  4948.  4963.]
 [ 1971.  2019.  2115.  2128.  3764.  3841.  3850.  3910.  3918.  4005.
   4034.  4090.  4129.  4211.  4245.  4265.  4323.  4364.  4412.  4468.]
 [ 3278.  3293.  3370.  3417.  3477.  3528.  3579.  3635.  3665.  3715.
   3754.  3779.  3869.  3883.  3950.  3963.  4049.  4077.  4179.  4186.]
 [ 2419.  2574.  2642.  2733.  2745.  2818.  2892.  2968.  3027.  3087.
   3107.  3190.  3278.  3303.  3380.  3445.  3489.  3519.  3603.  3631.]
 [  413.  1184.  1263.  1502.  1529.  2087.  2154.  2187.  2204.  2216.
   2274.  2330.  2361.  2457.  2546.  2637.  2670.  2767.  2892.  2932.]
 [  362.   852.  1195.  1263.  1478.  1573.  1582.  1863.  1908.  1971.
   2006.  2087.  2164.  2173.  2226.  2270.  2329.  2425.  2501.  2595.]
 [  364.   697.   781.  1097.  1195.  1198.  1202.  1250.  1348.  1389.
   1479.  1573.  1584.  1614.  1624.  1665.  1744.  1810.  1821.  1908.]
 [  265.   750.   815.   895.   945.  1011.  1079.  1149.  1247.  1327.
   1374.  1383.  1390.  1457.  1479.  1574.  1585.  1641.  1666.  1730.]
 [  246.   269.   344.   356.   407.   452.   647.   699.   776.   852.
    900.   952.  1005.  1058.  1076.  1079.  1097.  1250.  1348.  1453.]
 [    0.    64.    84.   173.   200.   205.   252.   344.   367.   445.
    509.   586.   598.   647.   687.   690.   750.   804.   841.   895.]]
