optimal_status: 0
solution: 3954.999999602948
cpu_time: 3600.2208070755005
gap: 0.6638006604031125
upper_bound: 1329.6683879722013
lower_bound: 3954.999999602948
cg_matrix: [[0. 0. 0. 0. 0. 0. 0. 0. 0. 1. 0. 1. 0. 0. 1. 0. 0. 0. 0. 0.]
 [0. 0. 0. 0. 0. 0. 0. 0. 0. 1. 1. 0. 0. 1. 0. 0. 1. 0. 1. 0.]
 [0. 0. 0. 0. 0. 0. 1. 0. 1. 0. 0. 0. 0. 0. 0. 1. 1. 0. 0. 0.]
 [0. 0. 0. 0. 1. 0. 0. 0. 0. 0. 0. 0. 0. 1. 0. 0. 0. 0. 0. 0.]
 [0. 0. 0. 1. 0. 0. 0. 0. 0. 1. 0. 1. 0. 1. 0. 0. 0. 0. 0. 1.]
 [0. 0. 0. 0. 0. 0. 0. 0. 1. 0. 0. 0. 0. 0. 1. 1. 0. 0. 0. 0.]
 [0. 0. 1. 0. 0. 0. 0. 0. 0. 0. 0. 1. 0. 1. 0. 1. 0. 0. 0. 1.]
 [0. 0. 0. 0. 0. 0. 0. 0. 0. 0. 0. 1. 0. 0. 0. 0. 1. 0. 1. 0.]
 [0. 0. 1. 0. 0. 1. 0. 0. 0. 1. 0. 0. 0. 1. 0. 0. 1. 0. 0. 0.]
 [1. 1. 0. 0. 1. 0. 0. 0. 1. 0. 0. 1. 0. 0. 0. 0. 1. 0. 1. 0.]
 [0. 1. 0. 0. 0. 0. 0. 0. 0. 0. 0. 0. 0. 0. 0. 0. 0. 0. 1. 0.]
 [1. 0. 0. 0. 1. 0. 1. 1. 0. 1. 0. 0. 1. 1. 0. 0. 0. 0. 0. 0.]
 [0. 0. 0. 0. 0. 0. 0. 0. 0. 0. 0. 1. 0. 0. 1. 1. 0. 1. 0. 0.]
 [0. 1. 0. 1. 1. 0. 1. 0. 1. 0. 0. 1. 0. 0. 0. 0. 0. 0. 0. 0.]
 [1. 0. 0. 0. 0. 1. 0. 0. 0. 0. 0. 0. 1. 0. 0. 1. 0. 0. 0. 0.]
 [0. 0. 1. 0. 0. 1. 1. 0. 0. 0. 0. 0. 1. 0. 1. 0. 0. 0. 0. 0.]
 [0. 1. 1. 0. 0. 0. 0. 1. 1. 1. 0. 0. 0. 0. 0. 0. 0. 0. 0. 0.]
 [0. 0. 0. 0. 0. 0. 0. 0. 0. 0. 0. 0. 1. 0. 0. 0. 0. 0. 0. 0.]
 [0. 1. 0. 0. 0. 0. 0. 1. 0. 1. 1. 0. 0. 0. 0. 0. 0. 0. 0. 1.]
 [0. 0. 0. 0. 1. 0. 1. 0. 0. 0. 0. 0. 0. 0. 0. 0. 0. 0. 1. 0.]]
start_times_array: [[  65.         287.         295.         583.         700.
  1009.        1736.        2082.9999996 2156.9999996 2205.9999996
  2212.9999996 2231.9999996 2675.9999996 2810.9999996 2863.9999996
  3086.9999996 3458.9999996 3686.9999996 3867.9999996 3925.9999996]
 [ 113.         416.         557.         615.        1009.
  1363.        1396.        1433.        1521.        1752.9999996
  2104.9999996 2150.9999996 2347.9999996 2587.9999996 2626.9999996
  3169.9999996 3353.9999996 3357.9999996 3747.9999996 3944.9999996]
 [ 143.         388.         458.         918.        1183.
  1512.        1596.        1958.9999996 2045.9999996 2510.9999996
  2591.9999996 2633.9999996 2986.9999996 3288.9999996 3395.9999996
  3499.9999996 3515.9999996 3640.9999996 3686.9999996 3805.9999996]
 [   7.         392.         550.         660.         707.
  1586.        1779.        1880.9999996 1933.9999996 1958.9999996
  1975.9999996 2203.9999996 2281.9999996 2456.9999996 2724.9999996
  2780.9999996 3185.9999996 3430.9999996 3577.9999996 3717.9999996]
 [   0.          82.         280.         342.        1009.
  1320.        1521.        1553.        1701.        2104.9999996
  2182.9999996 2368.9999996 2594.9999996 2626.9999996 2636.9999996
  2864.9999996 3093.9999996 3455.9999996 3489.9999996 3906.9999996]
 [  47.         497.         568.         836.        1100.
  1143.        1167.        1567.        1961.        2051.
  2471.9999996 2635.9999996 2657.9999996 2794.9999996 2979.9999996
  2988.9999996 3083.9999996 3301.9999996 3442.9999996 3813.9999996]
 [ 280.         349.         550.        1000.        1128.
  1320.        1701.        1730.        2136.9999996 2199.9999996
  2366.9999996 2606.9999996 2732.9999996 2804.9999996 3140.9999996
  3464.9999996 3554.9999996 3733.9999996 3759.9999996 3880.9999996]
 [ 113.         124.         451.         535.         550.
   568.         708.         803.         918.         995.
  1505.        1779.        1991.9999996 1996.9999996 2042.9999996
  2446.9999996 2994.9999996 3326.9999996 3586.9999996 3803.9999996]
 [   0.         113.         332.         363.         708.
  1009.        1088.        1390.        1752.9999996 1880.9999996
  2314.9999996 2587.9999996 2664.9999996 2844.9999996 3209.9999996
  3353.9999996 3555.9999996 3585.9999996 3733.9999996 3879.9999996]
 [ 182.         191.         918.        1142.        1181.
  1442.        1501.        1626.        1991.9999996 2058.9999996
  2080.9999996 2446.9999996 2493.9999996 2615.9999996 2740.9999996
  2989.9999996 3264.9999996 3586.9999996 3810.9999996 3827.9999996]
 [  56.         182.         426.         500.         526.
   803.        1142.        1444.        1846.9999996 1923.9999996
  2005.9999996 2039.9999996 2446.9999996 2891.9999996 2981.9999996
  3018.9999996 3263.9999996 3516.9999996 3570.9999996 3806.9999996]
 [   7.          32.         170.         392.         419.
   651.         751.         798.         842.         915.
  1100.        1265.        1397.        1594.        1839.9999996
  1892.9999996 2281.9999996 2903.9999996 3251.9999996 3356.9999996]
 [  65.         306.         491.         573.        1025.
  1128.        1160.        1228.        1442.        1512.
  1736.        2078.9999996 2430.9999996 2503.9999996 2639.9999996
  2732.9999996 2805.9999996 3455.9999996 3815.9999996 3870.9999996]
 [  65.         182.         451.         803.         918.
  1183.        1319.        1442.        1653.        1998.9999996
  2060.9999996 2231.9999996 2471.9999996 2515.9999996 3004.9999996
  3264.9999996 3309.9999996 3617.9999996 3638.9999996 3810.9999996]
 [ 129.         216.         279.         383.         403.
   748.         915.        1277.        1690.        1887.
  1917.        2163.9999996 2283.9999996 2367.9999996 2561.9999996
  3006.9999996 3058.9999996 3355.9999996 3527.9999996 3736.9999996]
 [   0.         623.         861.        1254.        1367.
  1505.        1630.        1771.        1816.        2231.9999996
  2280.9999996 2664.9999996 2903.9999996 2959.9999996 3102.9999996
  3201.9999996 3209.9999996 3571.9999996 3592.9999996 3690.9999996]
 [  38.         240.         625.         836.         884.
  1221.        1320.        1653.        1747.        1846.9999996
  1910.9999996 2205.9999996 2281.9999996 2724.9999996 2810.9999996
  2887.9999996 3086.9999996 3408.9999996 3419.9999996 3690.9999996]
 [ 129.         226.         419.         421.         458.
   631.         668.         748.         759.         783.
   867.         877.         907.        1887.        1976.
  2236.9999996 2281.9999996 2354.9999996 2903.9999996 3365.9999996]
 [  38.         243.         340.         408.         625.
   632.         765.         858.        1100.        1221.
  1266.        1653.        2205.9999996 2283.9999996 3086.9999996
  3408.9999996 3444.9999996 3655.9999996 3711.9999996 3900.9999996]
 [  53.         163.         194.         421.         543.
   803.         908.        1397.        1472.        1779.
  1825.        1872.        1873.        1889.        2236.9999996
  2903.9999996 2984.9999996 3036.9999996 3201.9999996 3801.9999996]]
