optimal_status: 0
solution: 3051.0
cpu_time: 3600.241544008255
gap: 0.6441654164100209
upper_bound: 1085.6513145330262
lower_bound: 3051.0
cg_matrix: [[0. 1. 0. 1. 1. 1. 0. 0. 0. 0. 0. 1. 0. 0. 0. 0. 0. 0. 1. 0.]
 [1. 0. 0. 0. 0. 0. 1. 0. 0. 0. 0. 1. 0. 0. 0. 0. 0. 1. 1. 0.]
 [0. 0. 0. 0. 0. 0. 0. 0. 0. 0. 1. 1. 0. 0. 0. 0. 0. 0. 1. 0.]
 [1. 0. 0. 0. 0. 0. 0. 0. 1. 0. 0. 0. 0. 0. 0. 0. 0. 0. 0. 0.]
 [1. 0. 0. 0. 0. 0. 0. 0. 1. 0. 0. 0. 0. 0. 1. 1. 0. 0. 0. 0.]
 [1. 0. 0. 0. 0. 0. 0. 0. 0. 0. 0. 1. 0. 0. 1. 1. 0. 0. 0. 0.]
 [0. 1. 0. 0. 0. 0. 0. 1. 0. 0. 0. 0. 0. 0. 0. 0. 0. 0. 0. 1.]
 [0. 0. 0. 0. 0. 0. 1. 0. 0. 0. 0. 0. 0. 1. 0. 0. 1. 0. 0. 0.]
 [0. 0. 0. 1. 1. 0. 0. 0. 0. 0. 0. 0. 0. 0. 1. 1. 0. 0. 1. 0.]
 [0. 0. 0. 0. 0. 0. 0. 0. 0. 0. 0. 0. 0. 0. 0. 0. 0. 0. 0. 0.]
 [0. 0. 1. 0. 0. 0. 0. 0. 0. 0. 0. 0. 1. 0. 0. 0. 0. 0. 0. 0.]
 [1. 1. 1. 0. 0. 1. 0. 0. 0. 0. 0. 0. 0. 0. 0. 0. 0. 0. 0. 0.]
 [0. 0. 0. 0. 0. 0. 0. 0. 0. 0. 1. 0. 0. 0. 0. 1. 0. 0. 0. 0.]
 [0. 0. 0. 0. 0. 0. 0. 1. 0. 0. 0. 0. 0. 0. 1. 1. 0. 0. 0. 0.]
 [0. 0. 0. 0. 1. 1. 0. 0. 1. 0. 0. 0. 0. 1. 0. 1. 1. 0. 1. 1.]
 [0. 0. 0. 0. 1. 1. 0. 0. 1. 0. 0. 0. 1. 1. 1. 0. 0. 0. 0. 0.]
 [0. 0. 0. 0. 0. 0. 0. 1. 0. 0. 0. 0. 0. 0. 1. 0. 0. 0. 0. 0.]
 [0. 1. 0. 0. 0. 0. 0. 0. 0. 0. 0. 0. 0. 0. 0. 0. 0. 0. 0. 0.]
 [1. 1. 1. 0. 0. 0. 0. 0. 1. 0. 0. 0. 0. 0. 1. 0. 0. 0. 0. 0.]
 [0. 0. 0. 0. 0. 0. 1. 0. 0. 0. 0. 0. 0. 0. 1. 0. 0. 0. 0. 0.]]
start_times_array: [[ 111.  126.  520.  569.  830.  870. 1344. 1877. 2218. 2423. 2511. 2559.
  2922. 2965. 2976.]
 [ 229.  276.  322.  340.  344.  441.  505. 1158. 1198. 1494. 2117. 2186.
  2305. 2635. 2760.]
 [ 276.  604.  649.  831.  880.  906. 1322. 1491. 1571. 1620. 1674. 1885.
  2207. 2938. 2974.]
 [ 355.  781.  951. 1021. 1066. 1275. 1440. 1527. 1689. 1789. 2062. 2128.
  2305. 2603. 2876.]
 [ 236.  314.  321.  404.  479.  734.  758.  768.  786.  828. 1257. 1440.
  1777. 1788. 2855.]
 [ 284.  364.  452.  664.  819. 1158. 1220. 1388. 1391. 1579. 1615. 1739.
  1837. 2159. 2907.]
 [   9.  429.  870. 1048. 1049. 1125. 1157. 1307. 1418. 1619. 1770. 2042.
  2310. 2317. 2836.]
 [ 152.  259.  288.  297.  358.  485.  500.  557.  788.  918.  998. 1491.
  1694. 2128. 2225.]
 [ 127.  172.  646. 1151. 1160. 1579. 2131. 2159. 2207. 2238. 2519. 2631.
  2657. 2894. 2974.]
 [   0.  121.  208.  235.  358.  568.  668.  756.  781.  866. 1007. 1093.
  1125. 1336. 1418.]
 [  79.  172.  400.  474.  500.  710.  828. 1061. 1170. 1242. 1418. 1730.
  2003. 2289. 2317.]
 [   0.   79.  215.  235.  262.  485.  761. 1021. 1053. 1091. 1961. 2031.
  2131. 2329. 2727.]
 [ 560.  643.  786.  804.  831.  865.  949.  971. 1306. 1530. 1805. 1848.
  2117. 2715. 3005.]
 [  13.  127.  272.  308.  407. 1192. 1257. 1277. 1602. 1634. 1770. 1795.
  1805. 2192. 2222.]
 [ 518.  617.  830.  880. 1335. 1491. 1556. 1877. 2040. 2158. 2287. 2373.
  2380. 2448. 2711.]
 [   0.   77.   96.  979. 1073. 1397. 1475. 1683. 1926. 2002. 2003. 2016.
  2225. 2569. 2800.]
 [   0.   43.   67.  236.  308.  314.  685.  747. 1093. 1160. 1466. 1579.
  1762. 2219. 2894.]
 [  40.  108.  235.  524.  819.  848. 1039. 1061. 1257. 1306. 1397. 1692.
  1772. 1848. 1925.]
 [  26.   77.  485.  734.  979. 1053. 1257. 1416. 1678. 1692. 1775. 1799.
  1936. 1997. 2836.]
 [  92.  216.  272.  340.  452.  474.  699.  788.  989. 1158. 1471. 1689.
  1759. 1926. 2519.]]
