optimal_status: 0
solution: 6850.0
cpu_time: 3600.386897087097
gap: 0.7165132506267488
upper_bound: 1941.8842332067707
lower_bound: 6850.0
cg_matrix: [[0. 0. 0. 0. 0. 1. 0. 1. 0. 0. 0. 0. 0. 0. 0. 0. 0. 0. 0. 1. 0. 1. 0. 0.
  0. 0. 0. 0. 0. 0. 0. 0. 0. 0. 0. 0. 0. 1. 1. 0. 0. 0. 1. 0. 0. 0. 0. 0.
  0. 0.]
 [0. 0. 0. 0. 0. 0. 0. 0. 0. 0. 0. 0. 0. 0. 1. 0. 0. 0. 0. 0. 0. 1. 0. 0.
  0. 1. 0. 0. 1. 1. 1. 0. 0. 0. 0. 0. 0. 0. 0. 1. 0. 0. 0. 0. 0. 0. 0. 0.
  0. 1.]
 [0. 0. 0. 1. 1. 0. 1. 0. 0. 0. 0. 0. 0. 0. 0. 1. 1. 0. 0. 0. 1. 1. 0. 0.
  1. 0. 0. 0. 0. 0. 0. 0. 1. 0. 1. 0. 0. 1. 0. 0. 1. 0. 0. 0. 0. 1. 0. 0.
  0. 0.]
 [0. 0. 1. 0. 0. 0. 1. 0. 0. 1. 0. 1. 0. 0. 1. 0. 0. 0. 0. 0. 1. 0. 0. 1.
  0. 0. 0. 0. 0. 0. 0. 1. 0. 0. 0. 0. 0. 0. 0. 0. 0. 1. 0. 0. 0. 0. 0. 0.
  1. 0.]
 [0. 0. 1. 0. 0. 1. 0. 0. 0. 0. 0. 0. 1. 0. 0. 0. 0. 0. 0. 1. 0. 0. 0. 0.
  1. 0. 0. 0. 0. 0. 1. 0. 0. 0. 0. 0. 1. 0. 0. 1. 0. 0. 0. 0. 0. 0. 0. 1.
  1. 0.]
 [1. 0. 0. 0. 1. 0. 0. 0. 1. 0. 0. 0. 0. 0. 0. 0. 1. 1. 0. 0. 0. 0. 0. 0.
  0. 0. 1. 0. 1. 0. 0. 0. 0. 0. 0. 0. 0. 0. 1. 0. 0. 0. 0. 0. 0. 0. 0. 0.
  1. 0.]
 [0. 0. 1. 1. 0. 0. 0. 0. 0. 0. 1. 0. 0. 0. 0. 1. 1. 0. 0. 0. 0. 0. 1. 1.
  0. 1. 0. 1. 0. 0. 0. 0. 0. 0. 1. 0. 0. 1. 0. 0. 0. 0. 1. 0. 0. 0. 0. 0.
  0. 0.]
 [1. 0. 0. 0. 0. 0. 0. 0. 0. 1. 0. 0. 0. 1. 0. 0. 1. 1. 0. 0. 1. 0. 0. 0.
  0. 1. 1. 0. 0. 1. 1. 0. 0. 0. 0. 0. 0. 0. 0. 0. 0. 0. 0. 0. 0. 1. 0. 1.
  1. 0.]
 [0. 0. 0. 0. 0. 1. 0. 0. 0. 0. 0. 0. 0. 0. 1. 0. 0. 0. 0. 1. 1. 1. 1. 0.
  1. 0. 0. 0. 0. 0. 0. 0. 0. 0. 0. 0. 0. 0. 0. 0. 0. 0. 0. 0. 0. 0. 0. 0.
  0. 1.]
 [0. 0. 0. 1. 0. 0. 0. 1. 0. 0. 1. 0. 0. 0. 0. 1. 0. 1. 1. 0. 0. 0. 1. 0.
  0. 0. 0. 1. 0. 1. 0. 0. 0. 0. 0. 1. 0. 0. 0. 0. 0. 0. 1. 0. 0. 0. 0. 0.
  0. 0.]
 [0. 0. 0. 0. 0. 0. 1. 0. 0. 1. 0. 0. 0. 0. 0. 0. 0. 0. 0. 0. 0. 0. 0. 0.
  0. 1. 0. 0. 1. 0. 0. 0. 0. 0. 1. 0. 1. 0. 0. 1. 1. 0. 0. 0. 0. 1. 0. 1.
  1. 0.]
 [0. 0. 0. 1. 0. 0. 0. 0. 0. 0. 0. 0. 0. 0. 0. 0. 0. 0. 1. 0. 0. 0. 0. 0.
  0. 1. 0. 0. 0. 0. 0. 1. 0. 1. 0. 0. 1. 1. 0. 1. 1. 0. 0. 0. 0. 0. 0. 1.
  0. 0.]
 [0. 0. 0. 0. 1. 0. 0. 0. 0. 0. 0. 0. 0. 0. 0. 0. 0. 0. 0. 0. 1. 0. 0. 0.
  1. 1. 0. 0. 0. 0. 0. 0. 0. 0. 0. 0. 0. 0. 0. 0. 1. 1. 1. 0. 1. 0. 0. 0.
  0. 0.]
 [0. 0. 0. 0. 0. 0. 0. 1. 0. 0. 0. 0. 0. 0. 0. 0. 0. 0. 1. 0. 0. 0. 0. 1.
  0. 0. 1. 0. 0. 0. 0. 0. 0. 0. 1. 1. 0. 0. 0. 0. 0. 1. 0. 1. 0. 0. 1. 0.
  1. 0.]
 [0. 1. 0. 1. 0. 0. 0. 0. 1. 0. 0. 0. 0. 0. 0. 0. 0. 0. 0. 0. 0. 1. 0. 0.
  0. 0. 0. 0. 0. 0. 0. 0. 0. 0. 0. 0. 0. 0. 0. 0. 1. 0. 0. 1. 0. 0. 0. 0.
  0. 0.]
 [0. 0. 1. 0. 0. 0. 1. 0. 0. 1. 0. 0. 0. 0. 0. 0. 0. 0. 0. 0. 0. 0. 0. 0.
  0. 0. 0. 0. 0. 0. 0. 0. 0. 0. 0. 0. 0. 0. 0. 0. 0. 0. 0. 0. 0. 0. 0. 0.
  0. 0.]
 [0. 0. 1. 0. 0. 1. 1. 1. 0. 0. 0. 0. 0. 0. 0. 0. 0. 0. 0. 0. 0. 0. 0. 0.
  0. 0. 0. 0. 0. 0. 0. 0. 0. 0. 0. 0. 0. 0. 0. 0. 0. 0. 0. 0. 0. 0. 0. 0.
  0. 0.]
 [0. 0. 0. 0. 0. 1. 0. 1. 0. 1. 0. 0. 0. 0. 0. 0. 0. 0. 0. 0. 0. 0. 0. 0.
  0. 0. 0. 0. 0. 0. 0. 0. 0. 0. 0. 0. 0. 0. 0. 0. 0. 0. 0. 0. 0. 0. 0. 0.
  0. 0.]
 [0. 0. 0. 0. 0. 0. 0. 0. 0. 1. 0. 1. 0. 1. 0. 0. 0. 0. 0. 0. 0. 0. 0. 0.
  0. 0. 0. 0. 0. 0. 0. 0. 0. 0. 0. 0. 0. 0. 0. 0. 0. 0. 0. 0. 0. 0. 0. 0.
  0. 0.]
 [1. 0. 0. 0. 1. 0. 0. 0. 1. 0. 0. 0. 0. 0. 0. 0. 0. 0. 0. 0. 0. 0. 0. 0.
  0. 0. 0. 0. 0. 0. 0. 0. 0. 0. 0. 0. 0. 0. 0. 0. 0. 0. 0. 0. 0. 0. 0. 0.
  0. 0.]
 [0. 0. 1. 1. 0. 0. 0. 1. 1. 0. 0. 0. 1. 0. 0. 0. 0. 0. 0. 0. 0. 0. 0. 0.
  0. 0. 0. 0. 0. 0. 0. 0. 0. 0. 0. 0. 0. 0. 0. 0. 0. 0. 0. 0. 0. 0. 0. 0.
  0. 0.]
 [1. 1. 1. 0. 0. 0. 0. 0. 1. 0. 0. 0. 0. 0. 1. 0. 0. 0. 0. 0. 0. 0. 0. 0.
  0. 0. 0. 0. 0. 0. 0. 0. 0. 0. 0. 0. 0. 0. 0. 0. 0. 0. 0. 0. 0. 0. 0. 0.
  0. 0.]
 [0. 0. 0. 0. 0. 0. 1. 0. 1. 1. 0. 0. 0. 0. 0. 0. 0. 0. 0. 0. 0. 0. 0. 0.
  0. 0. 0. 0. 0. 0. 0. 0. 0. 0. 0. 0. 0. 0. 0. 0. 0. 0. 0. 0. 0. 0. 0. 0.
  0. 0.]
 [0. 0. 0. 1. 0. 0. 1. 0. 0. 0. 0. 0. 0. 1. 0. 0. 0. 0. 0. 0. 0. 0. 0. 0.
  0. 0. 0. 0. 0. 0. 0. 0. 0. 0. 0. 0. 0. 0. 0. 0. 0. 0. 0. 0. 0. 0. 0. 0.
  0. 0.]
 [0. 0. 1. 0. 1. 0. 0. 0. 1. 0. 0. 0. 1. 0. 0. 0. 0. 0. 0. 0. 0. 0. 0. 0.
  0. 0. 0. 0. 0. 0. 0. 0. 0. 0. 0. 0. 0. 0. 0. 0. 0. 0. 0. 0. 0. 0. 0. 0.
  0. 0.]
 [0. 1. 0. 0. 0. 0. 1. 1. 0. 0. 1. 1. 1. 0. 0. 0. 0. 0. 0. 0. 0. 0. 0. 0.
  0. 0. 0. 0. 0. 0. 0. 0. 0. 0. 0. 0. 0. 0. 0. 0. 0. 0. 0. 0. 0. 0. 0. 0.
  0. 0.]
 [0. 0. 0. 0. 0. 1. 0. 1. 0. 0. 0. 0. 0. 1. 0. 0. 0. 0. 0. 0. 0. 0. 0. 0.
  0. 0. 0. 0. 0. 0. 0. 0. 0. 0. 0. 0. 0. 0. 0. 0. 0. 0. 0. 0. 0. 0. 0. 0.
  0. 0.]
 [0. 0. 0. 0. 0. 0. 1. 0. 0. 1. 0. 0. 0. 0. 0. 0. 0. 0. 0. 0. 0. 0. 0. 0.
  0. 0. 0. 0. 0. 0. 0. 0. 0. 0. 0. 0. 0. 0. 0. 0. 0. 0. 0. 0. 0. 0. 0. 0.
  0. 0.]
 [0. 1. 0. 0. 0. 1. 0. 0. 0. 0. 1. 0. 0. 0. 0. 0. 0. 0. 0. 0. 0. 0. 0. 0.
  0. 0. 0. 0. 0. 0. 0. 0. 0. 0. 0. 0. 0. 0. 0. 0. 0. 0. 0. 0. 0. 0. 0. 0.
  0. 0.]
 [0. 1. 0. 0. 0. 0. 0. 1. 0. 1. 0. 0. 0. 0. 0. 0. 0. 0. 0. 0. 0. 0. 0. 0.
  0. 0. 0. 0. 0. 0. 0. 0. 0. 0. 0. 0. 0. 0. 0. 0. 0. 0. 0. 0. 0. 0. 0. 0.
  0. 0.]
 [0. 1. 0. 0. 1. 0. 0. 1. 0. 0. 0. 0. 0. 0. 0. 0. 0. 0. 0. 0. 0. 0. 0. 0.
  0. 0. 0. 0. 0. 0. 0. 0. 0. 0. 0. 0. 0. 0. 0. 0. 0. 0. 0. 0. 0. 0. 0. 0.
  0. 0.]
 [0. 0. 0. 1. 0. 0. 0. 0. 0. 0. 0. 1. 0. 0. 0. 0. 0. 0. 0. 0. 0. 0. 0. 0.
  0. 0. 0. 0. 0. 0. 0. 0. 0. 0. 0. 0. 0. 0. 0. 0. 0. 0. 0. 0. 0. 0. 0. 0.
  0. 0.]
 [0. 0. 1. 0. 0. 0. 0. 0. 0. 0. 0. 0. 0. 0. 0. 0. 0. 0. 0. 0. 0. 0. 0. 0.
  0. 0. 0. 0. 0. 0. 0. 0. 0. 0. 0. 0. 0. 0. 0. 0. 0. 0. 0. 0. 0. 0. 0. 0.
  0. 0.]
 [0. 0. 0. 0. 0. 0. 0. 0. 0. 0. 0. 1. 0. 0. 0. 0. 0. 0. 0. 0. 0. 0. 0. 0.
  0. 0. 0. 0. 0. 0. 0. 0. 0. 0. 0. 0. 0. 0. 0. 0. 0. 0. 0. 0. 0. 0. 0. 0.
  0. 0.]
 [0. 0. 1. 0. 0. 0. 1. 0. 0. 0. 1. 0. 0. 1. 0. 0. 0. 0. 0. 0. 0. 0. 0. 0.
  0. 0. 0. 0. 0. 0. 0. 0. 0. 0. 0. 0. 0. 0. 0. 0. 0. 0. 0. 0. 0. 0. 0. 0.
  0. 0.]
 [0. 0. 0. 0. 0. 0. 0. 0. 0. 1. 0. 0. 0. 1. 0. 0. 0. 0. 0. 0. 0. 0. 0. 0.
  0. 0. 0. 0. 0. 0. 0. 0. 0. 0. 0. 0. 0. 0. 0. 0. 0. 0. 0. 0. 0. 0. 0. 0.
  0. 0.]
 [0. 0. 0. 0. 1. 0. 0. 0. 0. 0. 1. 1. 0. 0. 0. 0. 0. 0. 0. 0. 0. 0. 0. 0.
  0. 0. 0. 0. 0. 0. 0. 0. 0. 0. 0. 0. 0. 0. 0. 0. 0. 0. 0. 0. 0. 0. 0. 0.
  0. 0.]
 [1. 0. 1. 0. 0. 0. 1. 0. 0. 0. 0. 1. 0. 0. 0. 0. 0. 0. 0. 0. 0. 0. 0. 0.
  0. 0. 0. 0. 0. 0. 0. 0. 0. 0. 0. 0. 0. 0. 0. 0. 0. 0. 0. 0. 0. 0. 0. 0.
  0. 0.]
 [1. 0. 0. 0. 0. 1. 0. 0. 0. 0. 0. 0. 0. 0. 0. 0. 0. 0. 0. 0. 0. 0. 0. 0.
  0. 0. 0. 0. 0. 0. 0. 0. 0. 0. 0. 0. 0. 0. 0. 0. 0. 0. 0. 0. 0. 0. 0. 0.
  0. 0.]
 [0. 1. 0. 0. 1. 0. 0. 0. 0. 0. 1. 1. 0. 0. 0. 0. 0. 0. 0. 0. 0. 0. 0. 0.
  0. 0. 0. 0. 0. 0. 0. 0. 0. 0. 0. 0. 0. 0. 0. 0. 0. 0. 0. 0. 0. 0. 0. 0.
  0. 0.]
 [0. 0. 1. 0. 0. 0. 0. 0. 0. 0. 1. 1. 1. 0. 1. 0. 0. 0. 0. 0. 0. 0. 0. 0.
  0. 0. 0. 0. 0. 0. 0. 0. 0. 0. 0. 0. 0. 0. 0. 0. 0. 0. 0. 0. 0. 0. 0. 0.
  0. 0.]
 [0. 0. 0. 1. 0. 0. 0. 0. 0. 0. 0. 0. 1. 1. 0. 0. 0. 0. 0. 0. 0. 0. 0. 0.
  0. 0. 0. 0. 0. 0. 0. 0. 0. 0. 0. 0. 0. 0. 0. 0. 0. 0. 0. 0. 0. 0. 0. 0.
  0. 0.]
 [1. 0. 0. 0. 0. 0. 1. 0. 0. 1. 0. 0. 1. 0. 0. 0. 0. 0. 0. 0. 0. 0. 0. 0.
  0. 0. 0. 0. 0. 0. 0. 0. 0. 0. 0. 0. 0. 0. 0. 0. 0. 0. 0. 0. 0. 0. 0. 0.
  0. 0.]
 [0. 0. 0. 0. 0. 0. 0. 0. 0. 0. 0. 0. 0. 1. 1. 0. 0. 0. 0. 0. 0. 0. 0. 0.
  0. 0. 0. 0. 0. 0. 0. 0. 0. 0. 0. 0. 0. 0. 0. 0. 0. 0. 0. 0. 0. 0. 0. 0.
  0. 0.]
 [0. 0. 0. 0. 0. 0. 0. 0. 0. 0. 0. 0. 1. 0. 0. 0. 0. 0. 0. 0. 0. 0. 0. 0.
  0. 0. 0. 0. 0. 0. 0. 0. 0. 0. 0. 0. 0. 0. 0. 0. 0. 0. 0. 0. 0. 0. 0. 0.
  0. 0.]
 [0. 0. 1. 0. 0. 0. 0. 1. 0. 0. 1. 0. 0. 0. 0. 0. 0. 0. 0. 0. 0. 0. 0. 0.
  0. 0. 0. 0. 0. 0. 0. 0. 0. 0. 0. 0. 0. 0. 0. 0. 0. 0. 0. 0. 0. 0. 0. 0.
  0. 0.]
 [0. 0. 0. 0. 0. 0. 0. 0. 0. 0. 0. 0. 0. 1. 0. 0. 0. 0. 0. 0. 0. 0. 0. 0.
  0. 0. 0. 0. 0. 0. 0. 0. 0. 0. 0. 0. 0. 0. 0. 0. 0. 0. 0. 0. 0. 0. 0. 0.
  0. 0.]
 [0. 0. 0. 0. 1. 0. 0. 1. 0. 0. 1. 1. 0. 0. 0. 0. 0. 0. 0. 0. 0. 0. 0. 0.
  0. 0. 0. 0. 0. 0. 0. 0. 0. 0. 0. 0. 0. 0. 0. 0. 0. 0. 0. 0. 0. 0. 0. 0.
  0. 0.]
 [0. 0. 0. 1. 1. 1. 0. 1. 0. 0. 1. 0. 0. 1. 0. 0. 0. 0. 0. 0. 0. 0. 0. 0.
  0. 0. 0. 0. 0. 0. 0. 0. 0. 0. 0. 0. 0. 0. 0. 0. 0. 0. 0. 0. 0. 0. 0. 0.
  0. 0.]
 [0. 1. 0. 0. 0. 0. 0. 0. 1. 0. 0. 0. 0. 0. 0. 0. 0. 0. 0. 0. 0. 0. 0. 0.
  0. 0. 0. 0. 0. 0. 0. 0. 0. 0. 0. 0. 0. 0. 0. 0. 0. 0. 0. 0. 0. 0. 0. 0.
  0. 0.]]
start_times_array: [[2.030e+02 3.049e+03 3.678e+03 3.800e+03 4.842e+03 5.275e+03 5.451e+03
  5.469e+03 5.531e+03 5.603e+03 5.691e+03 5.785e+03 5.951e+03 6.098e+03
  6.198e+03]
 [6.000e+00 4.640e+02 3.771e+03 4.137e+03 4.170e+03 4.328e+03 5.717e+03
  5.891e+03 5.962e+03 5.976e+03 6.134e+03 6.192e+03 6.229e+03 6.284e+03
  6.583e+03]
 [5.900e+01 6.850e+02 8.830e+02 5.674e+03 5.684e+03 5.732e+03 5.879e+03
  5.976e+03 6.191e+03 6.389e+03 6.390e+03 6.607e+03 6.651e+03 6.660e+03
  6.737e+03]
 [4.749e+03 4.926e+03 5.135e+03 5.299e+03 5.360e+03 5.510e+03 5.998e+03
  6.096e+03 6.280e+03 6.368e+03 6.393e+03 6.485e+03 6.488e+03 6.586e+03
  6.777e+03]
 [3.678e+03 3.879e+03 4.243e+03 4.336e+03 4.856e+03 5.186e+03 5.275e+03
  5.368e+03 5.780e+03 6.040e+03 6.165e+03 6.393e+03 6.472e+03 6.475e+03
  6.811e+03]
 [6.400e+01 9.200e+01 4.600e+02 5.520e+02 5.740e+02 5.920e+02 3.596e+03
  3.752e+03 4.440e+03 4.472e+03 4.629e+03 4.825e+03 5.033e+03 5.109e+03
  5.565e+03]
 [1.015e+03 1.217e+03 4.554e+03 4.837e+03 4.993e+03 5.054e+03 5.101e+03
  5.187e+03 5.225e+03 5.253e+03 5.417e+03 5.606e+03 5.780e+03 6.150e+03
  6.527e+03]
 [4.600e+02 5.510e+02 1.301e+03 1.453e+03 1.612e+03 1.892e+03 1.958e+03
  2.045e+03 4.769e+03 4.793e+03 4.834e+03 4.920e+03 5.207e+03 5.325e+03
  5.378e+03]
 [7.860e+02 1.312e+03 1.391e+03 1.472e+03 4.325e+03 4.554e+03 4.602e+03
  4.841e+03 4.912e+03 4.938e+03 5.173e+03 5.366e+03 5.452e+03 5.493e+03
  5.518e+03]
 [0.000e+00 1.400e+01 3.000e+01 1.015e+03 3.969e+03 4.061e+03 4.094e+03
  4.187e+03 4.255e+03 4.325e+03 4.574e+03 4.647e+03 4.848e+03 4.992e+03
  5.061e+03]
 [4.640e+02 2.137e+03 3.236e+03 3.891e+03 4.363e+03 4.412e+03 4.457e+03
  4.501e+03 4.726e+03 4.809e+03 4.926e+03 4.929e+03 4.977e+03 5.135e+03
  5.299e+03]
 [2.797e+03 2.868e+03 3.149e+03 3.222e+03 4.012e+03 4.070e+03 4.153e+03
  4.296e+03 4.350e+03 4.418e+03 4.482e+03 4.499e+03 4.565e+03 4.651e+03
  5.039e+03]
 [1.259e+03 2.384e+03 3.047e+03 3.232e+03 3.275e+03 3.298e+03 3.309e+03
  3.457e+03 3.547e+03 3.585e+03 3.948e+03 4.055e+03 4.115e+03 4.140e+03
  4.145e+03]
 [2.861e+03 2.996e+03 3.111e+03 3.231e+03 3.969e+03 4.082e+03 4.124e+03
  4.160e+03 4.189e+03 4.269e+03 4.308e+03 4.360e+03 4.399e+03 4.585e+03
  4.620e+03]
 [3.790e+02 8.120e+02 1.051e+03 1.192e+03 1.567e+03 1.732e+03 3.436e+03
  3.720e+03 3.777e+03 3.800e+03 3.910e+03 3.963e+03 4.034e+03 4.086e+03
  4.117e+03]
 [2.558e+03 2.591e+03 2.857e+03 2.911e+03 3.111e+03 3.206e+03 3.496e+03
  3.504e+03 3.533e+03 3.554e+03 3.590e+03 3.655e+03 3.692e+03 3.954e+03
  3.967e+03]
 [1.745e+03 1.988e+03 2.153e+03 2.253e+03 2.555e+03 2.907e+03 3.192e+03
  3.229e+03 3.401e+03 3.476e+03 3.532e+03 3.714e+03 3.846e+03 3.933e+03
  4.696e+03]
 [6.820e+02 3.024e+03 3.115e+03 3.120e+03 3.170e+03 3.202e+03 3.250e+03
  3.289e+03 3.370e+03 3.421e+03 3.504e+03 3.678e+03 3.873e+03 3.909e+03
  4.381e+03]
 [2.079e+03 2.483e+03 2.546e+03 2.564e+03 3.025e+03 3.320e+03 3.402e+03
  3.478e+03 3.517e+03 3.589e+03 3.679e+03 3.683e+03 3.737e+03 3.816e+03
  3.897e+03]
 [2.200e+01 1.582e+03 1.828e+03 2.395e+03 2.703e+03 2.797e+03 3.146e+03
  3.256e+03 3.341e+03 3.348e+03 3.440e+03 3.511e+03 3.589e+03 3.989e+03
  4.030e+03]
 [2.312e+03 2.514e+03 2.578e+03 2.631e+03 2.677e+03 2.704e+03 2.881e+03
  2.887e+03 2.959e+03 2.971e+03 2.986e+03 3.312e+03 3.401e+03 3.509e+03
  3.576e+03]
 [2.720e+02 1.106e+03 2.072e+03 2.144e+03 2.389e+03 2.650e+03 2.898e+03
  2.996e+03 3.065e+03 3.097e+03 3.172e+03 3.212e+03 3.386e+03 3.521e+03
  3.576e+03]
 [2.960e+02 1.095e+03 1.470e+03 1.581e+03 1.646e+03 1.679e+03 1.811e+03
  1.930e+03 2.328e+03 2.462e+03 2.714e+03 2.853e+03 2.948e+03 3.121e+03
  4.456e+03]
 [0.000e+00 1.900e+01 3.600e+01 7.710e+02 9.120e+02 1.031e+03 1.905e+03
  2.574e+03 2.577e+03 2.591e+03 2.681e+03 2.750e+03 2.800e+03 2.820e+03
  2.925e+03]
 [8.740e+02 1.184e+03 1.687e+03 1.883e+03 1.964e+03 2.045e+03 2.115e+03
  2.311e+03 2.591e+03 2.690e+03 2.833e+03 2.877e+03 2.965e+03 3.142e+03
  3.231e+03]
 [9.200e+01 3.550e+02 7.650e+02 8.590e+02 8.890e+02 9.650e+02 2.431e+03
  2.512e+03 2.606e+03 2.697e+03 2.739e+03 2.899e+03 2.931e+03 3.024e+03
  3.142e+03]
 [2.330e+02 2.910e+02 3.860e+02 6.510e+02 7.500e+02 8.790e+02 1.066e+03
  1.150e+03 1.749e+03 1.981e+03 2.101e+03 2.234e+03 2.336e+03 2.767e+03
  3.237e+03]
 [1.780e+02 1.144e+03 1.987e+03 2.182e+03 2.314e+03 2.330e+03 2.458e+03
  2.516e+03 2.568e+03 2.648e+03 2.659e+03 2.680e+03 2.707e+03 2.741e+03
  2.830e+03]
 [4.200e+02 1.470e+03 1.527e+03 1.885e+03 2.211e+03 2.250e+03 2.299e+03
  2.392e+03 2.431e+03 2.611e+03 2.719e+03 2.830e+03 2.831e+03 2.898e+03
  2.951e+03]
 [1.220e+02 2.200e+02 7.670e+02 1.089e+03 1.231e+03 1.369e+03 1.580e+03
  1.735e+03 2.003e+03 2.253e+03 2.370e+03 2.530e+03 2.580e+03 2.588e+03
  2.689e+03]
 [1.000e+00 1.130e+02 7.280e+02 9.210e+02 1.041e+03 1.208e+03 1.312e+03
  1.319e+03 1.358e+03 1.400e+03 1.408e+03 1.865e+03 1.981e+03 2.060e+03
  2.121e+03]
 [2.000e+01 5.900e+01 1.600e+02 2.890e+02 5.840e+02 1.031e+03 1.979e+03
  2.045e+03 2.312e+03 2.351e+03 2.372e+03 2.434e+03 2.516e+03 2.582e+03
  2.983e+03]
 [1.920e+02 2.670e+02 1.532e+03 1.732e+03 1.752e+03 1.923e+03 2.049e+03
  2.118e+03 2.157e+03 2.222e+03 2.420e+03 2.518e+03 2.655e+03 2.700e+03
  2.962e+03]
 [0.000e+00 8.390e+02 9.210e+02 1.376e+03 1.630e+03 1.681e+03 1.792e+03
  1.922e+03 1.960e+03 1.982e+03 2.126e+03 2.210e+03 2.298e+03 2.409e+03
  2.505e+03]
 [9.800e+01 1.605e+03 1.710e+03 1.794e+03 1.865e+03 1.919e+03 1.972e+03
  2.211e+03 2.239e+03 2.311e+03 2.425e+03 2.514e+03 2.655e+03 2.700e+03
  3.025e+03]
 [2.730e+02 6.430e+02 9.910e+02 1.334e+03 1.470e+03 1.562e+03 1.664e+03
  1.966e+03 2.007e+03 2.009e+03 2.096e+03 2.182e+03 2.338e+03 2.370e+03
  2.404e+03]
 [0.000e+00 3.600e+01 8.500e+01 7.830e+02 8.390e+02 1.277e+03 1.400e+03
  1.514e+03 1.775e+03 1.862e+03 1.921e+03 1.982e+03 2.211e+03 2.653e+03
  2.681e+03]
 [2.390e+02 3.870e+02 1.246e+03 1.394e+03 1.440e+03 1.593e+03 1.754e+03
  1.803e+03 2.015e+03 2.107e+03 2.297e+03 2.393e+03 2.431e+03 2.462e+03
  2.512e+03]
 [0.000e+00 7.000e+01 3.300e+02 6.440e+02 7.590e+02 8.060e+02 8.420e+02
  8.470e+02 1.199e+03 1.351e+03 1.605e+03 1.797e+03 1.855e+03 1.892e+03
  2.046e+03]
 [2.570e+02 5.510e+02 1.170e+03 1.239e+03 1.334e+03 1.564e+03 1.633e+03
  1.763e+03 1.848e+03 2.007e+03 2.060e+03 2.257e+03 2.327e+03 2.409e+03
  2.596e+03]
 [0.000e+00 9.620e+02 1.095e+03 1.317e+03 1.437e+03 1.453e+03 1.493e+03
  1.612e+03 1.639e+03 1.672e+03 1.796e+03 1.830e+03 1.908e+03 1.966e+03
  2.211e+03]
 [0.000e+00 2.800e+02 4.560e+02 1.136e+03 1.184e+03 1.465e+03 1.503e+03
  1.572e+03 1.673e+03 1.756e+03 1.791e+03 1.888e+03 1.981e+03 2.102e+03
  2.105e+03]
 [1.270e+02 3.280e+02 4.860e+02 8.590e+02 9.310e+02 1.089e+03 1.421e+03
  1.432e+03 1.539e+03 1.645e+03 1.862e+03 1.870e+03 1.887e+03 2.004e+03
  2.324e+03]
 [8.600e+01 5.740e+02 6.700e+02 7.440e+02 9.450e+02 1.115e+03 1.382e+03
  1.477e+03 1.612e+03 1.679e+03 1.844e+03 1.867e+03 1.992e+03 2.058e+03
  2.505e+03]
 [0.000e+00 1.950e+02 5.820e+02 6.730e+02 6.980e+02 7.460e+02 8.230e+02
  8.510e+02 1.001e+03 1.111e+03 1.325e+03 1.420e+03 1.540e+03 1.623e+03
  1.755e+03]
 [0.000e+00 9.800e+01 2.190e+02 3.580e+02 4.170e+02 7.110e+02 7.650e+02
  8.240e+02 1.059e+03 1.088e+03 1.150e+03 1.239e+03 1.242e+03 1.312e+03
  1.432e+03]
 [5.000e+00 7.800e+01 9.300e+01 2.200e+02 3.650e+02 7.010e+02 8.430e+02
  9.810e+02 1.132e+03 1.157e+03 1.322e+03 1.381e+03 1.442e+03 1.691e+03
  1.838e+03]
 [1.400e+01 5.200e+01 1.830e+02 2.720e+02 3.110e+02 4.000e+02 6.700e+02
  8.190e+02 9.270e+02 9.810e+02 1.071e+03 1.192e+03 1.319e+03 1.398e+03
  1.532e+03]
 [0.000e+00 5.000e+00 7.000e+01 1.530e+02 2.120e+02 2.800e+02 3.920e+02
  4.330e+02 7.110e+02 7.730e+02 8.530e+02 9.340e+02 1.006e+03 1.068e+03
  1.297e+03]
 [1.530e+02 1.770e+02 2.890e+02 3.560e+02 4.410e+02 4.490e+02 6.280e+02
  7.030e+02 7.740e+02 8.120e+02 8.510e+02 8.830e+02 9.450e+02 1.042e+03
  1.186e+03]]
