optimal_status: 0
solution: 23079.0
cpu_time: 3608.813950061798
gap: 0.9486187221648524
upper_bound: 1185.828511157372
lower_bound: 23079.0
cg_matrix: [[0. 1. 1. 1. 1. 0. 1. 1. 1. 1. 1. 1. 0. 0. 1. 1. 1. 0. 1. 0. 1. 1. 1. 1.
  1. 0. 1. 0. 0. 1. 1. 1. 1. 1. 1. 1. 1. 1. 1. 0. 1. 1. 0. 1. 1. 1. 1. 1.
  1. 1.]
 [1. 0. 1. 1. 0. 1. 1. 1. 0. 1. 1. 0. 1. 1. 1. 1. 1. 1. 1. 1. 1. 1. 1. 1.
  0. 1. 1. 0. 1. 1. 1. 1. 1. 0. 1. 0. 1. 1. 1. 1. 0. 1. 1. 0. 1. 0. 1. 1.
  1. 1.]
 [1. 1. 0. 1. 1. 1. 1. 1. 1. 1. 1. 1. 0. 1. 1. 0. 1. 1. 0. 0. 1. 1. 1. 1.
  1. 1. 1. 1. 1. 1. 1. 1. 1. 1. 1. 0. 1. 0. 1. 1. 1. 0. 1. 1. 1. 1. 0. 1.
  1. 1.]
 [1. 1. 1. 0. 1. 1. 1. 1. 1. 1. 1. 0. 1. 1. 1. 1. 1. 1. 0. 0. 1. 1. 0. 1.
  1. 0. 1. 1. 0. 0. 1. 1. 1. 1. 0. 0. 0. 0. 1. 1. 1. 1. 1. 1. 1. 1. 1. 1.
  1. 0.]
 [1. 0. 1. 1. 0. 1. 1. 1. 1. 0. 1. 1. 1. 1. 1. 1. 1. 1. 1. 1. 1. 1. 1. 1.
  1. 1. 0. 1. 1. 1. 1. 1. 1. 1. 1. 1. 1. 1. 1. 1. 0. 0. 1. 1. 1. 0. 1. 1.
  0. 1.]
 [0. 1. 1. 1. 1. 0. 1. 0. 0. 1. 1. 1. 1. 1. 1. 0. 0. 1. 1. 1. 1. 1. 1. 1.
  1. 1. 1. 0. 1. 1. 0. 1. 1. 1. 1. 0. 1. 0. 1. 1. 1. 1. 1. 0. 0. 1. 0. 1.
  1. 0.]
 [1. 1. 1. 1. 1. 1. 0. 1. 1. 1. 1. 1. 1. 1. 1. 0. 1. 0. 1. 1. 1. 1. 1. 1.
  1. 0. 1. 1. 1. 0. 1. 1. 0. 1. 0. 0. 1. 1. 1. 0. 0. 1. 1. 1. 1. 1. 1. 1.
  1. 1.]
 [1. 1. 1. 1. 1. 0. 1. 0. 1. 1. 0. 1. 1. 0. 1. 1. 0. 0. 1. 1. 0. 1. 1. 1.
  0. 0. 1. 1. 1. 1. 1. 1. 1. 0. 1. 1. 1. 1. 1. 1. 1. 1. 1. 1. 1. 1. 1. 1.
  1. 1.]
 [1. 0. 1. 1. 1. 0. 1. 1. 0. 1. 1. 1. 1. 1. 1. 1. 1. 1. 1. 0. 1. 0. 1. 0.
  0. 1. 1. 1. 1. 0. 1. 0. 1. 1. 1. 1. 1. 1. 1. 1. 1. 1. 1. 1. 1. 1. 0. 1.
  1. 0.]
 [1. 1. 1. 1. 0. 1. 1. 1. 1. 0. 1. 1. 1. 1. 1. 1. 1. 1. 1. 1. 0. 1. 1. 1.
  1. 0. 1. 0. 0. 0. 1. 0. 1. 1. 1. 0. 1. 1. 0. 1. 1. 0. 1. 0. 1. 1. 1. 1.
  0. 1.]
 [1. 1. 1. 1. 1. 1. 1. 0. 1. 1. 0. 1. 1. 1. 1. 1. 1. 0. 1. 1. 1. 1. 1. 0.
  0. 1. 1. 1. 1. 1. 1. 1. 1. 1. 1. 1. 1. 1. 1. 0. 1. 0. 1. 1. 0. 1. 0. 0.
  0. 1.]
 [1. 0. 1. 0. 1. 1. 1. 1. 1. 1. 1. 0. 1. 1. 1. 1. 0. 0. 1. 1. 1. 1. 0. 1.
  1. 0. 1. 1. 1. 1. 1. 1. 1. 1. 0. 1. 1. 1. 1. 1. 1. 1. 1. 1. 1. 0. 0. 1.
  1. 1.]
 [0. 1. 0. 1. 1. 1. 1. 1. 1. 1. 1. 1. 0. 0. 1. 1. 0. 1. 1. 0. 1. 1. 1. 1.
  1. 1. 1. 1. 1. 1. 1. 1. 1. 1. 1. 1. 0. 1. 1. 1. 1. 1. 0. 1. 1. 0. 0. 1.
  1. 0.]
 [0. 1. 1. 1. 1. 1. 1. 0. 1. 1. 1. 1. 0. 0. 0. 1. 1. 1. 1. 1. 0. 0. 1. 1.
  1. 1. 1. 1. 1. 1. 1. 1. 1. 1. 1. 1. 1. 1. 1. 1. 1. 0. 1. 1. 1. 0. 1. 1.
  1. 1.]
 [1. 1. 1. 1. 1. 1. 1. 1. 1. 1. 1. 1. 1. 0. 0. 1. 1. 0. 1. 1. 1. 1. 0. 1.
  1. 0. 1. 1. 0. 1. 1. 1. 1. 1. 1. 1. 1. 1. 1. 1. 1. 0. 1. 1. 1. 1. 1. 1.
  1. 1.]
 [1. 1. 0. 1. 1. 0. 0. 1. 1. 1. 1. 1. 1. 1. 1. 0. 0. 0. 0. 0. 0. 0. 0. 0.
  0. 0. 0. 0. 0. 0. 0. 0. 0. 0. 0. 0. 0. 0. 0. 0. 0. 0. 0. 0. 0. 0. 0. 0.
  0. 0.]
 [1. 1. 1. 1. 1. 0. 1. 0. 1. 1. 1. 0. 0. 1. 1. 0. 0. 0. 0. 0. 0. 0. 0. 0.
  0. 0. 0. 0. 0. 0. 0. 0. 0. 0. 0. 0. 0. 0. 0. 0. 0. 0. 0. 0. 0. 0. 0. 0.
  0. 0.]
 [0. 1. 1. 1. 1. 1. 0. 0. 1. 1. 0. 0. 1. 1. 0. 0. 0. 0. 0. 0. 0. 0. 0. 0.
  0. 0. 0. 0. 0. 0. 0. 0. 0. 0. 0. 0. 0. 0. 0. 0. 0. 0. 0. 0. 0. 0. 0. 0.
  0. 0.]
 [1. 1. 0. 0. 1. 1. 1. 1. 1. 1. 1. 1. 1. 1. 1. 0. 0. 0. 0. 0. 0. 0. 0. 0.
  0. 0. 0. 0. 0. 0. 0. 0. 0. 0. 0. 0. 0. 0. 0. 0. 0. 0. 0. 0. 0. 0. 0. 0.
  0. 0.]
 [0. 1. 0. 0. 1. 1. 1. 1. 0. 1. 1. 1. 0. 1. 1. 0. 0. 0. 0. 0. 0. 0. 0. 0.
  0. 0. 0. 0. 0. 0. 0. 0. 0. 0. 0. 0. 0. 0. 0. 0. 0. 0. 0. 0. 0. 0. 0. 0.
  0. 0.]
 [1. 1. 1. 1. 1. 1. 1. 0. 1. 0. 1. 1. 1. 0. 1. 0. 0. 0. 0. 0. 0. 0. 0. 0.
  0. 0. 0. 0. 0. 0. 0. 0. 0. 0. 0. 0. 0. 0. 0. 0. 0. 0. 0. 0. 0. 0. 0. 0.
  0. 0.]
 [1. 1. 1. 1. 1. 1. 1. 1. 0. 1. 1. 1. 1. 0. 1. 0. 0. 0. 0. 0. 0. 0. 0. 0.
  0. 0. 0. 0. 0. 0. 0. 0. 0. 0. 0. 0. 0. 0. 0. 0. 0. 0. 0. 0. 0. 0. 0. 0.
  0. 0.]
 [1. 1. 1. 0. 1. 1. 1. 1. 1. 1. 1. 0. 1. 1. 0. 0. 0. 0. 0. 0. 0. 0. 0. 0.
  0. 0. 0. 0. 0. 0. 0. 0. 0. 0. 0. 0. 0. 0. 0. 0. 0. 0. 0. 0. 0. 0. 0. 0.
  0. 0.]
 [1. 1. 1. 1. 1. 1. 1. 1. 0. 1. 0. 1. 1. 1. 1. 0. 0. 0. 0. 0. 0. 0. 0. 0.
  0. 0. 0. 0. 0. 0. 0. 0. 0. 0. 0. 0. 0. 0. 0. 0. 0. 0. 0. 0. 0. 0. 0. 0.
  0. 0.]
 [1. 0. 1. 1. 1. 1. 1. 0. 0. 1. 0. 1. 1. 1. 1. 0. 0. 0. 0. 0. 0. 0. 0. 0.
  0. 0. 0. 0. 0. 0. 0. 0. 0. 0. 0. 0. 0. 0. 0. 0. 0. 0. 0. 0. 0. 0. 0. 0.
  0. 0.]
 [0. 1. 1. 0. 1. 1. 0. 0. 1. 0. 1. 0. 1. 1. 0. 0. 0. 0. 0. 0. 0. 0. 0. 0.
  0. 0. 0. 0. 0. 0. 0. 0. 0. 0. 0. 0. 0. 0. 0. 0. 0. 0. 0. 0. 0. 0. 0. 0.
  0. 0.]
 [1. 1. 1. 1. 0. 1. 1. 1. 1. 1. 1. 1. 1. 1. 1. 0. 0. 0. 0. 0. 0. 0. 0. 0.
  0. 0. 0. 0. 0. 0. 0. 0. 0. 0. 0. 0. 0. 0. 0. 0. 0. 0. 0. 0. 0. 0. 0. 0.
  0. 0.]
 [0. 0. 1. 1. 1. 0. 1. 1. 1. 0. 1. 1. 1. 1. 1. 0. 0. 0. 0. 0. 0. 0. 0. 0.
  0. 0. 0. 0. 0. 0. 0. 0. 0. 0. 0. 0. 0. 0. 0. 0. 0. 0. 0. 0. 0. 0. 0. 0.
  0. 0.]
 [0. 1. 1. 0. 1. 1. 1. 1. 1. 0. 1. 1. 1. 1. 0. 0. 0. 0. 0. 0. 0. 0. 0. 0.
  0. 0. 0. 0. 0. 0. 0. 0. 0. 0. 0. 0. 0. 0. 0. 0. 0. 0. 0. 0. 0. 0. 0. 0.
  0. 0.]
 [1. 1. 1. 0. 1. 1. 0. 1. 0. 0. 1. 1. 1. 1. 1. 0. 0. 0. 0. 0. 0. 0. 0. 0.
  0. 0. 0. 0. 0. 0. 0. 0. 0. 0. 0. 0. 0. 0. 0. 0. 0. 0. 0. 0. 0. 0. 0. 0.
  0. 0.]
 [1. 1. 1. 1. 1. 0. 1. 1. 1. 1. 1. 1. 1. 1. 1. 0. 0. 0. 0. 0. 0. 0. 0. 0.
  0. 0. 0. 0. 0. 0. 0. 0. 0. 0. 0. 0. 0. 0. 0. 0. 0. 0. 0. 0. 0. 0. 0. 0.
  0. 0.]
 [1. 1. 1. 1. 1. 1. 1. 1. 0. 0. 1. 1. 1. 1. 1. 0. 0. 0. 0. 0. 0. 0. 0. 0.
  0. 0. 0. 0. 0. 0. 0. 0. 0. 0. 0. 0. 0. 0. 0. 0. 0. 0. 0. 0. 0. 0. 0. 0.
  0. 0.]
 [1. 1. 1. 1. 1. 1. 0. 1. 1. 1. 1. 1. 1. 1. 1. 0. 0. 0. 0. 0. 0. 0. 0. 0.
  0. 0. 0. 0. 0. 0. 0. 0. 0. 0. 0. 0. 0. 0. 0. 0. 0. 0. 0. 0. 0. 0. 0. 0.
  0. 0.]
 [1. 0. 1. 1. 1. 1. 1. 0. 1. 1. 1. 1. 1. 1. 1. 0. 0. 0. 0. 0. 0. 0. 0. 0.
  0. 0. 0. 0. 0. 0. 0. 0. 0. 0. 0. 0. 0. 0. 0. 0. 0. 0. 0. 0. 0. 0. 0. 0.
  0. 0.]
 [1. 1. 1. 0. 1. 1. 0. 1. 1. 1. 1. 0. 1. 1. 1. 0. 0. 0. 0. 0. 0. 0. 0. 0.
  0. 0. 0. 0. 0. 0. 0. 0. 0. 0. 0. 0. 0. 0. 0. 0. 0. 0. 0. 0. 0. 0. 0. 0.
  0. 0.]
 [1. 0. 0. 0. 1. 0. 0. 1. 1. 0. 1. 1. 1. 1. 1. 0. 0. 0. 0. 0. 0. 0. 0. 0.
  0. 0. 0. 0. 0. 0. 0. 0. 0. 0. 0. 0. 0. 0. 0. 0. 0. 0. 0. 0. 0. 0. 0. 0.
  0. 0.]
 [1. 1. 1. 0. 1. 1. 1. 1. 1. 1. 1. 1. 0. 1. 1. 0. 0. 0. 0. 0. 0. 0. 0. 0.
  0. 0. 0. 0. 0. 0. 0. 0. 0. 0. 0. 0. 0. 0. 0. 0. 0. 0. 0. 0. 0. 0. 0. 0.
  0. 0.]
 [1. 1. 0. 0. 1. 0. 1. 1. 1. 1. 1. 1. 1. 1. 1. 0. 0. 0. 0. 0. 0. 0. 0. 0.
  0. 0. 0. 0. 0. 0. 0. 0. 0. 0. 0. 0. 0. 0. 0. 0. 0. 0. 0. 0. 0. 0. 0. 0.
  0. 0.]
 [1. 1. 1. 1. 1. 1. 1. 1. 1. 0. 1. 1. 1. 1. 1. 0. 0. 0. 0. 0. 0. 0. 0. 0.
  0. 0. 0. 0. 0. 0. 0. 0. 0. 0. 0. 0. 0. 0. 0. 0. 0. 0. 0. 0. 0. 0. 0. 0.
  0. 0.]
 [0. 1. 1. 1. 1. 1. 0. 1. 1. 1. 0. 1. 1. 1. 1. 0. 0. 0. 0. 0. 0. 0. 0. 0.
  0. 0. 0. 0. 0. 0. 0. 0. 0. 0. 0. 0. 0. 0. 0. 0. 0. 0. 0. 0. 0. 0. 0. 0.
  0. 0.]
 [1. 0. 1. 1. 0. 1. 0. 1. 1. 1. 1. 1. 1. 1. 1. 0. 0. 0. 0. 0. 0. 0. 0. 0.
  0. 0. 0. 0. 0. 0. 0. 0. 0. 0. 0. 0. 0. 0. 0. 0. 0. 0. 0. 0. 0. 0. 0. 0.
  0. 0.]
 [1. 1. 0. 1. 0. 1. 1. 1. 1. 0. 0. 1. 1. 0. 0. 0. 0. 0. 0. 0. 0. 0. 0. 0.
  0. 0. 0. 0. 0. 0. 0. 0. 0. 0. 0. 0. 0. 0. 0. 0. 0. 0. 0. 0. 0. 0. 0. 0.
  0. 0.]
 [0. 1. 1. 1. 1. 1. 1. 1. 1. 1. 1. 1. 0. 1. 1. 0. 0. 0. 0. 0. 0. 0. 0. 0.
  0. 0. 0. 0. 0. 0. 0. 0. 0. 0. 0. 0. 0. 0. 0. 0. 0. 0. 0. 0. 0. 0. 0. 0.
  0. 0.]
 [1. 0. 1. 1. 1. 0. 1. 1. 1. 0. 1. 1. 1. 1. 1. 0. 0. 0. 0. 0. 0. 0. 0. 0.
  0. 0. 0. 0. 0. 0. 0. 0. 0. 0. 0. 0. 0. 0. 0. 0. 0. 0. 0. 0. 0. 0. 0. 0.
  0. 0.]
 [1. 1. 1. 1. 1. 0. 1. 1. 1. 1. 0. 1. 1. 1. 1. 0. 0. 0. 0. 0. 0. 0. 0. 0.
  0. 0. 0. 0. 0. 0. 0. 0. 0. 0. 0. 0. 0. 0. 0. 0. 0. 0. 0. 0. 0. 0. 0. 0.
  0. 0.]
 [1. 0. 1. 1. 0. 1. 1. 1. 1. 1. 1. 0. 0. 0. 1. 0. 0. 0. 0. 0. 0. 0. 0. 0.
  0. 0. 0. 0. 0. 0. 0. 0. 0. 0. 0. 0. 0. 0. 0. 0. 0. 0. 0. 0. 0. 0. 0. 0.
  0. 0.]
 [1. 1. 0. 1. 1. 0. 1. 1. 0. 1. 0. 0. 0. 1. 1. 0. 0. 0. 0. 0. 0. 0. 0. 0.
  0. 0. 0. 0. 0. 0. 0. 0. 0. 0. 0. 0. 0. 0. 0. 0. 0. 0. 0. 0. 0. 0. 0. 0.
  0. 0.]
 [1. 1. 1. 1. 1. 1. 1. 1. 1. 1. 0. 1. 1. 1. 1. 0. 0. 0. 0. 0. 0. 0. 0. 0.
  0. 0. 0. 0. 0. 0. 0. 0. 0. 0. 0. 0. 0. 0. 0. 0. 0. 0. 0. 0. 0. 0. 0. 0.
  0. 0.]
 [1. 1. 1. 1. 0. 1. 1. 1. 1. 0. 0. 1. 1. 1. 1. 0. 0. 0. 0. 0. 0. 0. 0. 0.
  0. 0. 0. 0. 0. 0. 0. 0. 0. 0. 0. 0. 0. 0. 0. 0. 0. 0. 0. 0. 0. 0. 0. 0.
  0. 0.]
 [1. 1. 1. 0. 1. 0. 1. 1. 0. 1. 1. 1. 0. 1. 1. 0. 0. 0. 0. 0. 0. 0. 0. 0.
  0. 0. 0. 0. 0. 0. 0. 0. 0. 0. 0. 0. 0. 0. 0. 0. 0. 0. 0. 0. 0. 0. 0. 0.
  0. 0.]]
start_times_array: [[22157. 22245. 22364. 22457. 22545. 22604. 22670. 22720. 22773. 22818.
  22819. 22887. 22964. 23001. 23062.]
 [21695. 21714. 21787. 21802. 21874. 21912. 21964. 21978. 22047. 22066.
  22095. 22098. 22146. 22191. 22336.]
 [20840. 21022. 21051. 21135. 21139. 21158. 21193. 21215. 21265. 21333.
  21361. 21457. 21480. 21554. 21644.]
 [19794. 20135. 20221. 20229. 20314. 20363. 20419. 20506. 20508. 20593.
  20653. 20750. 20801. 20899. 20933.]
 [19458. 19557. 19562. 19601. 19640. 19643. 19716. 19732. 19808. 19837.
  19905. 19919. 19957. 20047. 20103.]
 [18561. 18584. 18722. 18756. 18833. 18858. 18902. 18947. 18961. 19040.
  19130. 19208. 19264. 19301. 19362.]
 [17762. 17786. 17871. 17970. 18019. 18085. 18184. 18271. 18282. 18327.
  18411. 18431. 18440. 18511. 18668.]
 [16980. 17047. 17058. 17155. 17218. 17365. 17398. 17464. 17468. 17557.
  17617. 17668. 17681. 17714. 17801.]
 [16141. 16197. 16325. 16333. 16425. 16506. 16600. 16605. 16626. 16695.
  16756. 16806. 16905. 16954. 17282.]
 [15477. 15491. 15620. 15702. 15801. 15878. 15895. 15904. 15925. 15940.
  15983. 16022. 16061. 16263. 16282.]
 [14852. 14928. 15022. 15056. 15101. 15108. 15191. 15279. 15326. 15348.
  15438. 15449. 15455. 15529. 15569.]
 [13851. 14063. 14167. 14169. 14207. 14303. 14313. 14371. 14436. 14453.
  14528. 14593. 14672. 14755. 14800.]
 [13396. 13419. 13520. 13544. 13611. 13676. 13694. 13701. 13769. 13788.
  13923. 13941. 14021. 14040. 14128.]
 [12911. 12958. 13028. 13066. 13080. 13126. 13174. 13206. 13251. 13282.
  13317. 13412. 13487. 13548. 13611.]
 [12911. 12937. 12951. 12997. 12998. 13021. 13071. 13098. 13180. 13206.
  13213. 13268. 13290. 13311. 13454.]
 [12141. 12152. 12236. 12284. 12333. 12352. 12450. 12542. 12584. 12651.
  12708. 12748. 12826. 12845. 12897.]
 [ 9714. 11051. 11251. 11357. 11424. 11444. 11485. 11615. 11711. 11798.
  11818. 11986. 12063. 12135. 12226.]
 [10819. 11278. 11291. 11357. 11545. 11562. 11840. 11870. 11880. 11974.
  11980. 11986. 12027. 12066. 12137.]
 [11288. 11291. 11380. 11389. 11413. 11493. 11500. 11542. 11627. 11711.
  11800. 11840. 11882. 11974. 12716.]
 [10805. 10903. 10986. 11051. 11145. 11151. 11247. 11281. 11288. 11337.
  11400. 11447. 11455. 11548. 11697.]
 [ 8612. 10630. 10687. 10760. 10805. 10860. 10923. 11022. 11065. 11124.
  11247. 11278. 11301. 11400. 11492.]
 [10065. 10153. 10157. 10182. 10234. 10306. 10347. 10358. 10457. 10492.
  10569. 10658. 10756. 10819. 11152.]
 [ 9311.  9391.  9582. 10129. 10142. 10190. 10237. 10315. 10374. 10432.
  10505. 10508. 10536. 10549. 10621.]
 [ 6690.  8250.  8377.  9350.  9430.  9508.  9572.  9598.  9846.  9962.
  10003. 10065. 10118. 10153. 10237.]
 [ 8935.  9114.  9232.  9311.  9316.  9401.  9430.  9503.  9512.  9586.
   9655.  9678.  9758.  9840.  9874.]
 [ 5613.  8139.  8216.  8218.  8323.  8350.  8460.  8579.  8612.  8653.
   8964.  8966.  9042.  9058.  9141.]
 [ 6534.  7533.  7560.  8138.  8180.  8279.  8654.  8741.  8777.  8801.
   8822.  8910.  8953.  9042.  9788.]
 [ 7853.  7939.  8011.  8014.  8105.  8138.  8139.  8176.  8215.  8245.
   8323.  8375.  8427.  8491.  8579.]
 [ 6384.  6482.  6925.  7024.  7245.  7343.  7383.  7435.  7510.  7533.
   7582.  7647.  7648.  7705.  7761.]
 [ 4592.  5277.  6845.  6925.  6948.  7008.  7057.  7081.  7131.  7160.
   7198.  7287.  7290.  7343.  7432.]
 [ 6596.  6628.  6690.  6699.  6787.  6845.  6915.  6924.  6990.  7008.
   7048.  7081.  7135.  7195.  7383.]
 [ 4061.  5777.  5803.  5838.  5903.  5970.  6028.  6140.  6212.  6300.
   6384.  6472.  6495.  6512.  6583.]
 [ 4451.  4672.  5611.  5728.  5822.  6003.  6111.  6140.  6141.  6234.
   6300.  6347.  6379.  6738.  6910.]
 [ 4319.  4871.  4957.  5028.  5069.  5718.  5728.  5777.  5803.  5813.
   5899.  5900.  5932.  5970.  6018.]
 [ 3475.  4237.  4258.  4634.  4727.  4781.  5348.  5446.  5485.  5499.
   5537.  5611.  5613.  5625.  5718.]
 [ 2454.  2796.  3940.  3966.  4023.  4905.  4985.  5028.  5092.  5115.
   5203.  5277.  5282.  5298.  5348.]
 [ 2143.  2669.  2724.  2796.  4405.  4451.  4468.  4548.  4592.  4672.
   4727.  4802.  4871.  4905.  4949.]
 [ 2570.  3847.  3940.  3995.  4073.  4082.  4106.  4165.  4237.  4267.
   4317.  4398.  4405.  4458.  4527.]
 [ 2238.  2341.  2612.  2693.  2726.  3278.  3606.  3640.  3683.  3740.
   3776.  3829.  3847.  3869.  3961.]
 [ 3055.  3115.  3194.  3237.  3320.  3396.  3475.  3528.  3600.  3640.
   3677.  3743.  3746.  3798.  4276.]
 [ 2115.  2143.  2213.  2519.  2579.  2612.  2669.  2758.  2818.  2882.
   2918.  2993.  3042.  3055.  3543.]
 [  452.  1315.  1412.  1500.  1537.  1632.  2068.  2085.  2171.  2258.
   2292.  2325.  2341.  2357.  2626.]
 [ 1899.  1962.  2009.  2015.  2058.  2106.  2220.  2303.  2401.  2459.
   2519.  2531.  2758.  2851.  2991.]
 [  610.  1222.  1348.  1469.  1472.  1492.  1719.  1962.  2018.  2024.
   2081.  2116.  2192.  2238.  2325.]
 [ 1432.  1529.  1592.  1674.  1697.  1698.  1711.  1761.  1825.  1907.
   1962.  2004.  2018.  2053.  2068.]
 [  441.   447.   582.   610.   765.   942.  1030.  1127.  1217.  1472.
   1548.  1613.  1697.  1768.  1810.]
 [  487.   767.  1269.  1315.  1348.  1361.  1432.  1469.  1529.  1579.
   1613.  1669.  1761.  1823.  1907.]
 [  514.   622.   686.   692.   782.   783.   882.   968.  1027.  1045.
   1101.  1120.  1193.  1361.  1443.]
 [  161.   259.   328.   396.   441.   458.   526.   541.   622.   686.
    765.   819.   869.   942.   944.]
 [    0.    44.   122.   153.   161.   169.   184.   279.   362.   365.
    395.   434.   526.   573.   866.]]
