optimal_status: 0
solution: 10274.0
cpu_time: 3600.8705899715424
gap: 0.8662697206344723
upper_bound: 1373.9448902014324
lower_bound: 10274.0
cg_matrix: [[0. 1. 0. 1. 0. 1. 0. 1. 0. 1. 0. 0. 1. 1. 0. 1. 1. 1. 1. 1.]
 [1. 0. 1. 1. 1. 0. 0. 0. 0. 1. 0. 1. 1. 1. 1. 1. 1. 0. 0. 1.]
 [0. 1. 0. 1. 0. 0. 0. 0. 1. 1. 1. 0. 1. 1. 0. 1. 0. 1. 1. 1.]
 [1. 1. 1. 0. 1. 1. 1. 1. 1. 1. 1. 0. 1. 0. 0. 0. 0. 1. 1. 1.]
 [0. 1. 0. 1. 0. 1. 1. 0. 0. 0. 1. 1. 1. 1. 1. 0. 0. 1. 0. 0.]
 [1. 0. 0. 1. 1. 0. 0. 1. 0. 0. 1. 0. 0. 1. 1. 1. 0. 0. 0. 1.]
 [0. 0. 0. 1. 1. 0. 0. 0. 0. 1. 1. 0. 1. 0. 0. 0. 1. 0. 0. 0.]
 [1. 0. 0. 1. 0. 1. 0. 0. 0. 0. 1. 1. 0. 0. 1. 0. 0. 1. 1. 0.]
 [0. 0. 1. 1. 0. 0. 0. 0. 0. 0. 0. 1. 1. 1. 1. 1. 0. 0. 0. 0.]
 [1. 1. 1. 1. 0. 0. 1. 0. 0. 0. 1. 0. 0. 1. 0. 1. 0. 1. 1. 1.]
 [0. 0. 1. 1. 1. 1. 1. 1. 0. 1. 0. 1. 0. 1. 1. 1. 0. 1. 1. 0.]
 [0. 1. 0. 0. 1. 0. 0. 1. 1. 0. 1. 0. 0. 1. 1. 1. 0. 0. 1. 0.]
 [1. 1. 1. 1. 1. 0. 1. 0. 1. 0. 0. 0. 0. 1. 1. 0. 0. 1. 0. 0.]
 [1. 1. 1. 0. 1. 1. 0. 0. 1. 1. 1. 1. 1. 0. 0. 1. 0. 0. 1. 1.]
 [0. 1. 0. 0. 1. 1. 0. 1. 1. 0. 1. 1. 1. 0. 0. 0. 0. 1. 0. 0.]
 [1. 1. 1. 0. 0. 1. 0. 0. 1. 1. 1. 1. 0. 1. 0. 0. 1. 1. 0. 1.]
 [1. 1. 0. 0. 0. 0. 1. 0. 0. 0. 0. 0. 0. 0. 0. 1. 0. 0. 0. 1.]
 [1. 0. 1. 1. 1. 0. 0. 1. 0. 1. 1. 0. 1. 0. 1. 1. 0. 0. 0. 0.]
 [1. 0. 1. 1. 0. 0. 0. 1. 0. 1. 1. 1. 0. 1. 0. 0. 0. 0. 0. 0.]
 [1. 1. 1. 1. 0. 1. 0. 0. 0. 1. 0. 0. 0. 1. 0. 1. 1. 0. 0. 0.]]
start_times_array: [[  468.           790.          2105.          2539.
   2587.          2697.          3511.          3615.
   3855.          4244.          4362.          4679.
   5758.          5868.          6292.          6433.
   7758.          7906.          7931.          9806.        ]
 [  393.           835.          1294.          1438.
   2186.          2457.          2854.          2938.
   3123.          3602.          4386.          5095.
   5165.          5385.          7369.          7600.
   7857.          8211.          9367.         10223.        ]
 [  269.           675.           800.          1230.
   1819.          2108.          2959.          3191.
   3744.          4034.          5653.          6433.
   6751.          7180.          7524.          7758.
   8823.          9194.         10071.         10165.        ]
 [  735.           966.          1300.          1337.
   1369.          4739.          5476.          6119.
   6522.          6647.          8061.          8191.
   8707.          9174.          9269.          9492.
   9522.          9747.          9930.         10024.        ]
 [  654.          1725.          1872.          2254.
   2323.          2650.          2706.          3438.
   4551.          4890.          5588.          5939.
   6292.          7524.          7883.          8098.
   8619.          8990.          9042.          9573.        ]
 [   22.            86.           552.          1544.
   1952.          3773.          4152.          4446.
   5653.          5839.          5873.          6026.
   6741.          7111.          7562.          7849.
   7857.          8211.          9194.          9652.        ]
 [   35.           493.           792.          2537.
   2657.          2898.          2942.          3677.
   3718.          4201.          5397.          5849.
   5852.          6390.          7716.          9011.
   9059.          9074.          9194.          9367.        ]
 [    0.           118.           873.          1054.
   1435.          1500.          1817.          2233.
   2713.          2959.          3099.          3117.
   3274.          7369.          7524.          8801.
   9016.          9300.          9436.          9952.        ]
 [   35.           468.           701.          3605.
   4152.          4362.          4551.          5245.
   5952.          6292.          7081.          7600.
   8211.          8612.          8990.          9300.
   9335.         10196.         10231.         10241.        ]
 [    0.          1054.          1544.          1678.
   2038.          3434.          4514.          5296.
   5549.          5586.          5906.          6572.
   7005.          7070.          7114.          7197.
   8098.          8412.          8801.          9300.        ]
 [  170.           352.           896.          1029.
   1138.          1874.          2186.          2361.
   2682.          2806.          3602.          3870.
   4362.          5054.          5212.          5745.
   7423.          8894.          9140.         10136.        ]
 [  269.           567.          1544.          2020.
   2578.          2660.          3165.          3520.
   3744.          4034.          4109.          4627.
   4733.          5296.          6912.          7085.
   8601.          8704.          9174.          9492.        ]
 [    0.           318.           552.           883.
   1544.          1997.          3165.          4460.
   4984.          6210.          7085.          7135.
   7184.          8354.          8412.          8971.
   9652.          9952.          9975.         10136.        ]
 [  187.           955.          1300.          1511.
   1636.          1645.          1793.          1908.
   2087.          3361.          3694.          3938.
   5126.          6119.          7274.          9478.
   9489.          9490.          9737.         10024.        ]
 [   93.           138.           780.           821.
    957.          1316.          1341.          1636.
   2087.          2480.          3346.          4290.
   4671.          4728.          4732.          4804.
   4806.          6390.          7266.          7672.        ]
 [  646.          1340.          1470.          3274.
   3550.          3735.          4338.          4360.
   4975.          5476.          6370.          6719.
   6815.          7184.          7242.          7261.
   8048.          8307.          8510.          9990.        ]
 [ 1071.          1162.          1825.          2596.
   3953.          4019.          4109.          6026.
   6175.          6194.          6741.          7098.
   7127.          7197.          7274.          7279.
   9681.          9743.         10024.         10041.        ]
 [  399.          1919.          2898.          3047.
   3125.          3938.          4050.          4183.
   6912.          7332.          7492.          7600.
   7849.          8011.          8238.          8350.
   8628.          9059.          9737.         10199.        ]
 [  378.           719.          1952.          2329.
   2441.          2706.          3057.          3803.
   4202.          4294.          4804.          5939.
   6362.          6372.          6815.          7849.
   8211.          9367.          9653.         10196.        ]
 [ 2254.          3031.          3048.          3848.
   4050.          4202.          4212.          4601.
   5054.          5227.          5340.          5939.
   7434.          7666.          7716.          7883.
   7885.          8350.          9040.99999897  9842.        ]]
