optimal_status: 0
solution: 7035.9999992962985
cpu_time: 3600.189885854721
gap: 0.8406615600810112
upper_bound: 1121.1052631578787
lower_bound: 7035.9999992962985
cg_matrix: [[0. 1. 1. 0. 1. 0. 1. 1. 0. 1. 1. 1. 1. 1. 1.]
 [1. 0. 1. 1. 1. 0. 1. 0. 0. 1. 1. 1. 0. 1. 1.]
 [1. 1. 0. 1. 1. 1. 1. 1. 1. 1. 1. 0. 1. 1. 1.]
 [0. 1. 1. 0. 1. 1. 1. 1. 1. 1. 1. 1. 1. 1. 1.]
 [1. 1. 1. 1. 0. 0. 0. 1. 1. 0. 1. 1. 0. 0. 1.]
 [0. 0. 1. 1. 0. 0. 1. 0. 0. 1. 1. 1. 1. 1. 0.]
 [1. 1. 1. 1. 0. 1. 0. 1. 1. 1. 0. 1. 1. 1. 1.]
 [1. 0. 1. 1. 1. 0. 1. 0. 1. 1. 1. 1. 1. 1. 1.]
 [0. 0. 1. 1. 1. 0. 1. 1. 0. 1. 1. 0. 1. 1. 1.]
 [1. 1. 1. 1. 0. 1. 1. 1. 1. 0. 1. 0. 1. 1. 1.]
 [1. 1. 1. 1. 1. 1. 0. 1. 1. 1. 0. 1. 1. 1. 1.]
 [1. 1. 0. 1. 1. 1. 1. 1. 0. 0. 1. 0. 1. 1. 1.]
 [1. 0. 1. 1. 0. 1. 1. 1. 1. 1. 1. 1. 0. 0. 1.]
 [1. 1. 1. 1. 0. 1. 1. 1. 1. 1. 1. 1. 0. 0. 1.]
 [1. 1. 1. 1. 1. 0. 1. 1. 1. 1. 1. 1. 1. 1. 0.]]
start_times_array: [[0.000e+00 2.730e+02 1.553e+03 2.682e+03 3.128e+03 4.172e+03 4.386e+03
  4.683e+03 5.456e+03 5.575e+03 5.851e+03 6.124e+03 6.491e+03 6.817e+03
  7.012e+03]
 [5.900e+01 1.109e+03 1.427e+03 2.440e+03 2.932e+03 3.485e+03 3.610e+03
  4.311e+03 4.578e+03 4.794e+03 5.363e+03 5.763e+03 6.034e+03 6.652e+03
  6.746e+03]
 [1.008e+03 1.280e+03 2.186e+03 3.206e+03 3.723e+03 3.871e+03 4.516e+03
  4.914e+03 5.521e+03 5.719e+03 6.176e+03 6.323e+03 6.339e+03 6.389e+03
  6.916e+03]
 [2.100e+01 3.540e+02 6.390e+02 1.230e+03 1.741e+03 2.302e+03 2.682e+03
  2.758e+03 3.128e+03 4.172e+03 4.683e+03 5.186e+03 5.861e+03 6.124e+03
  6.491e+03]
 [7.980e+02 1.326e+03 1.422e+03 1.880e+03 2.591e+03 3.046e+03 3.354e+03
  3.464e+03 4.431e+03 4.835e+03 5.625e+03 6.273e+03 6.440e+03 6.461e+03
  6.588e+03]
 [7.000e+00 1.060e+02 5.450e+02 1.427e+03 1.872e+03 2.200e+03 2.584e+03
  2.932e+03 3.583e+03 4.087e+03 4.323e+03 5.335e+03 5.720e+03 5.763e+03
  6.651e+03]
 [1.350e+02 1.560e+02 6.990e+02 1.878e+03 2.073e+03 2.783e+03 3.046e+03
  3.293e+03 4.446e+03 5.092e+03 5.666e+03 5.753e+03 5.942e+03 6.322e+03
  6.341e+03]
 [1.060e+02 8.660e+02 1.427e+03 1.685e+03 2.272e+03 2.317e+03 2.553e+03
  2.982e+03 3.030e+03 3.583e+03 4.256e+03 5.363e+03 5.763e+03 6.652e+03
  6.770e+03]
 [2.360e+02 2.730e+02 1.095e+03 1.144e+03 1.525e+03 1.995e+03 2.440e+03
  2.479e+03 2.494e+03 2.932e+03 3.093e+03 4.089e+03 4.401e+03 4.770e+03
  5.436e+03]
 [9.000e+01 4.640e+02 1.326e+03 1.695e+03 1.948e+03 1.958e+03 2.872e+03
  3.499e+03 4.409e+03 4.435e+03 4.646e+03 5.256e+03 5.591e+03 6.273e+03
  6.440e+03]
 [2.140e+02 6.990e+02 1.197e+03 1.425e+03 1.526e+03 1.682e+03 2.080e+03
  2.783e+03 2.851e+03 3.293e+03 3.950e+03 5.092e+03 5.676e+03 5.995e+03
  6.341e+03]
 [4.640e+02 1.008e+03 1.280e+03 1.695e+03 1.948e+03 3.093e+03 3.206e+03
  3.876e+03 3.928e+03 4.089e+03 4.672e+03 5.256e+03 6.176e+03 6.257e+03
  6.916e+03]
 [4.000e+01 3.690e+02 1.167e+03 1.373e+03 1.813e+03 1.835e+03 2.355e+03
  3.389e+03 3.753e+03 3.775e+03 3.788e+03 4.586e+03 4.869e+03 4.996e+03
  6.034e+03]
 [6.100e+01 3.690e+02 1.373e+03 1.813e+03 2.153e+03 2.355e+03 2.367e+03
  3.389e+03 3.775e+03 4.502e+03 4.831e+03 4.951e+03 4.954e+03 6.588e+03
  6.645e+03]
 [5.450e+02 6.810e+02 9.540e+02 1.238e+03 1.612e+03 2.200e+03 2.229e+03
  2.503e+03 3.648e+03 4.019e+03 4.346e+03 5.044e+03 5.335e+03 5.336e+03
  5.720e+03]]
