optimal_status: 0
solution: 3362.0
cpu_time: 3600.1343030929565
gap: 0.551972789241864
upper_bound: 1506.2674825688532
lower_bound: 3362.0
cg_matrix: [[0. 0. 0. 0. 0. 0. 0. 0. 0. 0. 0. 1. 0. 0. 0. 0. 0. 0. 0. 0.]
 [0. 0. 0. 0. 0. 1. 0. 0. 0. 0. 0. 0. 0. 0. 0. 0. 0. 0. 0. 1.]
 [0. 0. 0. 1. 0. 0. 0. 0. 0. 0. 0. 0. 1. 0. 1. 1. 0. 0. 0. 0.]
 [0. 0. 1. 0. 0. 0. 0. 0. 1. 1. 0. 0. 0. 0. 0. 0. 0. 0. 0. 0.]
 [0. 0. 0. 0. 0. 0. 0. 0. 0. 0. 0. 0. 1. 0. 0. 1. 1. 0. 1. 0.]
 [0. 1. 0. 0. 0. 0. 0. 0. 0. 0. 0. 0. 0. 0. 0. 0. 0. 0. 1. 0.]
 [0. 0. 0. 0. 0. 0. 0. 0. 0. 0. 0. 0. 0. 0. 0. 0. 0. 0. 0. 0.]
 [0. 0. 0. 0. 0. 0. 0. 0. 0. 1. 0. 1. 0. 0. 0. 0. 0. 0. 0. 1.]
 [0. 0. 0. 1. 0. 0. 0. 0. 0. 0. 1. 0. 1. 0. 0. 0. 0. 0. 0. 1.]
 [0. 0. 0. 1. 0. 0. 0. 1. 0. 0. 0. 0. 0. 0. 0. 0. 0. 0. 1. 0.]
 [0. 0. 0. 0. 0. 0. 0. 0. 1. 0. 0. 1. 0. 0. 0. 0. 1. 0. 0. 0.]
 [1. 0. 0. 0. 0. 0. 0. 1. 0. 0. 1. 0. 0. 1. 0. 1. 0. 0. 1. 0.]
 [0. 0. 1. 0. 1. 0. 0. 0. 1. 0. 0. 0. 0. 0. 0. 0. 0. 1. 0. 0.]
 [0. 0. 0. 0. 0. 0. 0. 0. 0. 0. 0. 1. 0. 0. 1. 1. 0. 0. 0. 1.]
 [0. 0. 1. 0. 0. 0. 0. 0. 0. 0. 0. 0. 0. 1. 0. 0. 0. 0. 0. 1.]
 [0. 0. 1. 0. 1. 0. 0. 0. 0. 0. 0. 1. 0. 1. 0. 0. 0. 0. 0. 1.]
 [0. 0. 0. 0. 1. 0. 0. 0. 0. 0. 1. 0. 0. 0. 0. 0. 0. 0. 0. 1.]
 [0. 0. 0. 0. 0. 0. 0. 0. 0. 0. 0. 0. 1. 0. 0. 0. 0. 0. 0. 0.]
 [0. 0. 0. 0. 1. 1. 0. 0. 0. 1. 0. 1. 0. 0. 0. 0. 0. 0. 0. 0.]
 [0. 1. 0. 0. 0. 0. 0. 1. 1. 0. 0. 0. 0. 1. 1. 1. 1. 0. 0. 0.]]
start_times_array: [[8.70000000e+01 2.65000000e+02 4.75000000e+02 7.03000000e+02
  8.92000000e+02 9.52000000e+02 1.23600000e+03 1.32900000e+03
  1.39100000e+03 1.41100000e+03 1.42500000e+03 1.63400000e+03
  1.67900000e+03 1.75500000e+03 2.29300000e+03 2.38700000e+03
  2.43100000e+03 2.78900000e+03 3.01800000e+03 3.05300000e+03]
 [9.50000000e+01 2.61000000e+02 4.50000000e+02 7.82000000e+02
  1.16600000e+03 1.26800000e+03 1.41900000e+03 1.60700000e+03
  1.61000000e+03 1.68800000e+03 1.95100000e+03 2.01500000e+03
  2.36200022e+03 2.39500022e+03 2.48400000e+03 2.80600000e+03
  2.85800000e+03 3.02600000e+03 3.12500000e+03 3.27100000e+03]
 [0.00000000e+00 2.77000000e+02 3.88000000e+02 4.76000000e+02
  7.77000000e+02 8.66000000e+02 1.41700000e+03 1.47900000e+03
  1.50500000e+03 1.59400000e+03 1.76600000e+03 1.86000000e+03
  2.11900000e+03 2.45800000e+03 2.54600000e+03 2.86300000e+03
  2.87800000e+03 3.11100000e+03 3.32500000e+03 3.33500000e+03]
 [9.60000000e+01 6.25000000e+02 9.58000000e+02 1.14400000e+03
  1.24300000e+03 1.92600000e+03 2.00000000e+03 2.03100000e+03
  2.22300000e+03 2.31500000e+03 2.37200000e+03 2.45000000e+03
  2.57200000e+03 2.69300000e+03 2.78400000e+03 3.02400000e+03
  3.04200000e+03 3.09300000e+03 3.19300000e+03 3.29200000e+03]
 [0.00000000e+00 4.00000000e+00 3.67000000e+02 7.77000000e+02
  9.08000000e+02 1.08100000e+03 1.13500000e+03 1.35900000e+03
  1.49300000e+03 1.54700000e+03 1.86500000e+03 2.44600000e+03
  2.53300000e+03 2.64300000e+03 2.87500000e+03 2.94300000e+03
  3.11000000e+03 3.13300000e+03 3.16300000e+03 3.30900000e+03]
 [0.00000000e+00 2.03000000e+02 3.57000000e+02 7.17000000e+02
  8.65000000e+02 9.56000000e+02 1.01500000e+03 1.13300000e+03
  1.32600000e+03 1.79200000e+03 1.80100000e+03 2.11200000e+03
  2.14200000e+03 2.16300000e+03 2.44800000e+03 2.54300000e+03
  2.59200000e+03 2.68700000e+03 2.86500000e+03 2.94400000e+03]
 [3.00000000e+00 1.10000000e+02 2.13000000e+02 4.78000000e+02
  5.20000000e+02 6.39000000e+02 6.68000000e+02 7.77000000e+02
  8.91000000e+02 1.02100000e+03 1.03700000e+03 1.06800000e+03
  1.14000000e+03 1.22800000e+03 1.36600000e+03 1.39200000e+03
  1.48900000e+03 1.57600000e+03 1.68800000e+03 2.12900000e+03]
 [9.50000000e+01 4.26000000e+02 5.22000000e+02 5.42000000e+02
  6.96000000e+02 1.16000000e+03 1.22800000e+03 1.27300000e+03
  1.64700000e+03 2.03100000e+03 2.23500022e+03 2.27800022e+03
  2.33900000e+03 2.78600000e+03 2.87300000e+03 3.02100000e+03
  3.05300000e+03 3.10500000e+03 3.22700000e+03 3.27600000e+03]
 [1.89000000e+02 2.24000000e+02 3.41000000e+02 5.12000000e+02
  7.17000000e+02 7.79000000e+02 7.86000000e+02 8.66000000e+02
  1.05400000e+03 1.23600000e+03 1.40300000e+03 1.60700000e+03
  1.66500000e+03 1.76100000e+03 1.85200000e+03 2.45800000e+03
  2.59400000e+03 2.86300000e+03 2.94600000e+03 3.11100000e+03]
 [0.00000000e+00 2.03000000e+02 2.11000000e+02 3.23000000e+02
  4.11000000e+02 6.20000000e+02 1.08500000e+03 1.32700000e+03
  1.35700000e+03 1.48900000e+03 1.53000000e+03 1.54900000e+03
  1.83700000e+03 2.11900000e+03 2.48400000e+03 2.57900000e+03
  2.64800000e+03 2.93900000e+03 3.11400000e+03 3.12000000e+03]
 [8.70000000e+01 4.41000000e+02 4.68000000e+02 5.48000000e+02
  8.70000000e+02 1.15600000e+03 1.24300000e+03 1.33200000e+03
  1.48800000e+03 1.63700000e+03 1.91700000e+03 2.01300000e+03
  2.25100000e+03 2.25700000e+03 2.33800000e+03 2.41100000e+03
  2.80200000e+03 3.22700000e+03 3.30300000e+03 3.31100000e+03]
 [0.00000000e+00 3.00000000e+00 2.03000000e+02 2.37000000e+02
  3.43000000e+02 5.56000000e+02 6.25000000e+02 8.03000000e+02
  1.09800000e+03 1.52800000e+03 1.79000000e+03 1.85500000e+03
  2.10600000e+03 2.20300000e+03 2.51300000e+03 2.64300000e+03
  2.67600000e+03 2.70900000e+03 2.96800000e+03 3.14700000e+03]
 [9.60000000e+01 5.36000000e+02 6.42000000e+02 9.58000000e+02
  1.15600000e+03 1.20000000e+03 1.95100000e+03 2.02500000e+03
  2.13500000e+03 2.22500000e+03 2.24200000e+03 2.33100000e+03
  2.39000000e+03 2.69300000e+03 2.75600000e+03 2.79300000e+03
  2.81000000e+03 2.84000000e+03 2.85600000e+03 3.19300000e+03]
 [1.29000000e+02 3.27000000e+02 4.26000000e+02 4.68000000e+02
  5.09000000e+02 7.77000000e+02 9.57000000e+02 1.02500000e+03
  1.36600000e+03 1.37100000e+03 1.40300000e+03 1.41500000e+03
  2.23200000e+03 2.37600000e+03 2.39600000e+03 2.49300000e+03
  2.88300000e+03 3.08600000e+03 3.31700000e+03 3.32600000e+03]
 [1.86000000e+02 2.50000000e+02 3.43000000e+02 5.93000000e+02
  6.96000000e+02 7.29000000e+02 7.36000000e+02 8.03000000e+02
  1.16000000e+03 1.25600000e+03 1.73300000e+03 1.95100000e+03
  2.01500000e+03 2.09300000e+03 2.12900000e+03 2.31800022e+03
  2.53500000e+03 2.57900000e+03 3.07600000e+03 3.19600000e+03]
 [9.60000000e+01 6.96000000e+02 7.56000000e+02 1.16000000e+03
  1.25600000e+03 1.32500000e+03 1.63400000e+03 1.72800000e+03
  1.74300000e+03 1.95100000e+03 2.03500000e+03 2.05100000e+03
  2.32200000e+03 2.57900000e+03 2.58400000e+03 2.78900000e+03
  2.82400000e+03 3.01800000e+03 3.07500000e+03 3.22700000e+03]
 [1.77000000e+02 2.49000000e+02 3.01000000e+02 3.05000000e+02
  4.26000000e+02 4.69000000e+02 4.96000000e+02 5.12000000e+02
  5.93000000e+02 1.01500000e+03 1.40300000e+03 1.62500000e+03
  1.66500000e+03 1.71300000e+03 1.71800000e+03 1.74300000e+03
  1.78400000e+03 2.29200000e+03 2.46600000e+03 2.84500000e+03]
 [0.00000000e+00 1.44000000e+02 2.36000000e+02 2.61000000e+02
  3.01000000e+02 3.22000000e+02 3.87000000e+02 4.30000000e+02
  4.76000000e+02 7.49000000e+02 7.73000000e+02 7.76000000e+02
  8.04000000e+02 8.90000000e+02 1.10100000e+03 1.29000000e+03
  1.53500000e+03 1.92300000e+03 2.51300000e+03 2.58600000e+03]
 [9.40000000e+01 1.22000000e+02 2.77000000e+02 4.50000000e+02
  6.71000000e+02 9.86000000e+02 1.16000000e+03 1.25600000e+03
  1.41800000e+03 1.61500000e+03 1.65200000e+03 1.71600000e+03
  1.77400000e+03 2.00700000e+03 2.22300000e+03 2.32200000e+03
  2.37100000e+03 2.57200000e+03 2.78600000e+03 3.03000000e+03]
 [0.00000000e+00 8.60000000e+01 4.03000000e+02 4.14000000e+02
  4.22000000e+02 5.46000000e+02 6.03000000e+02 8.69000000e+02
  9.51000000e+02 1.11100000e+03 1.35900000e+03 1.37900000e+03
  1.50200000e+03 1.59400000e+03 1.86500000e+03 2.15200000e+03
  2.54500000e+03 2.67600000e+03 2.75100000e+03 3.16700000e+03]]
