optimal_status: 0
solution: 9378.999998125844
cpu_time: 3600.5552270412445
gap: 0.8858098765676296
upper_bound: 1070.9891674581918
lower_bound: 9378.999998125844
cg_matrix: [[0. 1. 1. 1. 1. 1. 0. 1. 1. 1. 0. 1. 1. 1. 1. 1. 0. 1. 1. 1.]
 [1. 0. 1. 1. 1. 1. 1. 0. 1. 0. 1. 1. 1. 1. 0. 1. 1. 1. 0. 1.]
 [1. 1. 0. 1. 1. 0. 1. 1. 1. 1. 1. 1. 1. 1. 1. 1. 1. 1. 0. 0.]
 [1. 1. 1. 0. 1. 1. 1. 1. 0. 1. 1. 1. 1. 1. 1. 1. 1. 1. 0. 1.]
 [1. 1. 1. 1. 0. 1. 0. 0. 1. 1. 1. 1. 0. 1. 1. 0. 1. 1. 1. 1.]
 [1. 1. 0. 1. 1. 0. 0. 1. 1. 0. 1. 1. 0. 1. 1. 0. 1. 1. 1. 1.]
 [0. 1. 1. 1. 0. 0. 0. 1. 1. 1. 1. 1. 0. 1. 0. 1. 1. 1. 1. 1.]
 [1. 0. 1. 1. 0. 1. 1. 0. 1. 1. 1. 1. 1. 1. 0. 0. 1. 0. 1. 1.]
 [1. 1. 1. 0. 1. 1. 1. 1. 0. 1. 1. 1. 1. 1. 0. 1. 1. 1. 1. 1.]
 [1. 0. 1. 1. 1. 0. 1. 1. 1. 0. 0. 1. 1. 1. 1. 1. 1. 1. 1. 1.]
 [0. 1. 1. 1. 1. 1. 1. 1. 1. 0. 0. 1. 1. 1. 1. 1. 1. 1. 1. 1.]
 [1. 1. 1. 1. 1. 1. 1. 1. 1. 1. 1. 0. 0. 1. 1. 1. 1. 1. 1. 0.]
 [1. 1. 1. 1. 0. 0. 0. 1. 1. 1. 1. 0. 0. 1. 1. 1. 1. 1. 1. 1.]
 [1. 1. 1. 1. 1. 1. 1. 1. 1. 1. 1. 1. 1. 0. 1. 1. 1. 1. 1. 1.]
 [1. 0. 1. 1. 1. 1. 0. 0. 0. 1. 1. 1. 1. 1. 0. 0. 1. 1. 0. 0.]
 [1. 1. 1. 1. 0. 0. 1. 0. 1. 1. 1. 1. 1. 1. 0. 0. 0. 0. 0. 0.]
 [0. 1. 1. 1. 1. 1. 1. 1. 1. 1. 1. 1. 1. 1. 1. 0. 0. 0. 0. 0.]
 [1. 1. 1. 1. 1. 1. 1. 0. 1. 1. 1. 1. 1. 1. 1. 0. 0. 0. 0. 0.]
 [1. 0. 0. 0. 1. 1. 1. 1. 1. 1. 1. 1. 1. 1. 0. 0. 0. 0. 0. 0.]
 [1. 1. 0. 1. 1. 1. 1. 1. 1. 1. 1. 0. 1. 1. 0. 0. 0. 0. 0. 0.]]
start_times_array: [[7.65300000e+03 7.73100000e+03 8.39900000e+03 8.50500000e+03
  8.55100000e+03 8.59300000e+03 8.65200000e+03 8.67700000e+03
  8.76700000e+03 8.80800000e+03 8.87700000e+03 9.00800000e+03
  9.02100000e+03 9.19600000e+03 9.29300000e+03]
 [5.15700000e+03 5.67200000e+03 7.76500000e+03 7.89800000e+03
  8.00500000e+03 8.20100000e+03 8.20400000e+03 8.29300000e+03
  8.37000000e+03 8.48800000e+03 8.66500000e+03 8.94800000e+03
  9.06900000e+03 9.16100000e+03 9.35500000e+03]
 [5.04700000e+03 5.62500000e+03 7.05500000e+03 7.25200000e+03
  7.28800000e+03 7.41500000e+03 7.44000000e+03 7.53400000e+03
  7.60700000e+03 7.80900000e+03 7.89900000e+03 7.94600000e+03
  7.94800000e+03 8.07900000e+03 8.14600000e+03]
 [6.12200000e+03 6.29200000e+03 6.33200000e+03 6.62500000e+03
  6.71900000e+03 6.81700000e+03 6.90100000e+03 6.95100000e+03
  6.99000000e+03 7.12800000e+03 7.20800000e+03 7.34500000e+03
  7.55500000e+03 7.58000000e+03 7.75300000e+03]
 [4.40300000e+03 4.44600000e+03 5.13200000e+03 5.85500000e+03
  6.02900000e+03 6.19600000e+03 6.33300000e+03 6.34700000e+03
  6.36000000e+03 6.39100000e+03 6.48100000e+03 6.49500000e+03
  6.58600000e+03 6.66200000e+03 6.77100000e+03]
 [5.03200000e+03 5.12700000e+03 5.43100000e+03 5.49900000e+03
  5.52100000e+03 5.60800000e+03 5.73700000e+03 5.77300000e+03
  5.80500000e+03 5.92400000e+03 5.95600000e+03 5.96600000e+03
  6.03700000e+03 6.46500000e+03 6.49400000e+03]
 [5.03200000e+03 5.44200000e+03 5.54000000e+03 5.63100000e+03
  5.72800000e+03 5.76300000e+03 5.83900000e+03 5.91100000e+03
  5.97500000e+03 6.00900000e+03 6.03400000e+03 6.21000000e+03
  6.24000000e+03 6.38900000e+03 6.43200000e+03]
 [4.38300000e+03 4.39700000e+03 4.43200000e+03 4.66300000e+03
  4.72900000e+03 4.74800000e+03 4.82600000e+03 4.94700000e+03
  5.12900000e+03 5.18300000e+03 5.31700000e+03 5.32300000e+03
  5.33600000e+03 5.64100000e+03 5.86800000e+03]
 [5.58000000e+02 3.91000000e+03 3.96800000e+03 4.23500000e+03
  4.25100000e+03 4.35000000e+03 4.41800000e+03 4.51800000e+03
  4.56500000e+03 4.58600000e+03 4.66500000e+03 4.91800000e+03
  5.24400000e+03 5.42100000e+03 5.56100000e+03]
 [2.86400000e+03 3.26000000e+03 3.34400000e+03 3.40900000e+03
  3.43500000e+03 3.51800000e+03 3.52400000e+03 3.62300000e+03
  3.67400000e+03 3.70200000e+03 3.76500000e+03 3.85800000e+03
  4.03500000e+03 4.12100000e+03 4.18900000e+03]
 [2.87600000e+03 3.29400000e+03 3.31300000e+03 3.34500000e+03
  3.38100000e+03 3.52432061e+03 3.58432061e+03 3.68132061e+03
  3.69432061e+03 3.74232061e+03 3.81600000e+03 3.89600000e+03
  4.03700000e+03 4.10600000e+03 4.21200000e+03]
 [2.51800000e+03 2.53000000e+03 2.59800000e+03 2.63400000e+03
  2.70600000e+03 2.79600000e+03 2.91900000e+03 2.94700000e+03
  2.96000000e+03 2.97800000e+03 3.04600000e+03 3.09500000e+03
  3.14700000e+03 3.19700000e+03 3.39900000e+03]
 [2.51900000e+03 2.59500000e+03 2.67000000e+03 2.74300000e+03
  2.78300000e+03 2.84100000e+03 2.93700000e+03 2.94300000e+03
  2.97400000e+03 2.97900000e+03 2.99500000e+03 3.06800000e+03
  3.10900000e+03 3.15600000e+03 3.22300000e+03]
 [1.22900000e+03 1.34900000e+03 1.72800000e+03 1.85000000e+03
  2.03900000e+03 2.06000000e+03 2.15000000e+03 2.21900000e+03
  2.30100000e+03 2.30700000e+03 2.36900000e+03 2.42100000e+03
  2.46500000e+03 2.46900000e+03 2.49800000e+03]
 [5.39000000e+02 9.66000000e+02 1.03200000e+03 1.09500000e+03
  1.15800000e+03 1.32200000e+03 1.40700000e+03 1.41700000e+03
  1.51100000e+03 1.60400000e+03 1.68100000e+03 1.78600000e+03
  1.82600000e+03 1.94300000e+03 2.16300000e+03]
 [0.00000000e+00 3.30000000e+01 1.28000000e+02 2.23000000e+02
  4.60999999e+02 5.54000000e+02 5.66000000e+02 6.97000000e+02
  7.15000000e+02 7.45000000e+02 7.77000000e+02 8.70000000e+02
  9.98000000e+02 1.08400000e+03 1.14200000e+03]
 [0.00000000e+00 6.90000000e+01 1.52000000e+02 3.03000000e+02
  3.80000000e+02 4.21000000e+02 4.34000000e+02 4.52000000e+02
  6.38000000e+02 6.41000000e+02 7.06000000e+02 7.60000000e+02
  7.71000000e+02 8.03000000e+02 8.80000000e+02]
 [0.00000000e+00 6.90000000e+01 1.46000000e+02 2.22000000e+02
  2.99000000e+02 3.81000000e+02 4.63000000e+02 6.37000000e+02
  6.79000000e+02 6.85000000e+02 7.73000000e+02 8.24000000e+02
  8.74000000e+02 9.03000000e+02 1.33100000e+03]
 [0.00000000e+00 8.70000000e+01 1.52000000e+02 2.50000000e+02
  2.77000000e+02 3.35000000e+02 3.94000000e+02 4.63000000e+02
  6.12000000e+02 7.23000000e+02 9.17999999e+02 1.01600000e+03
  1.10400000e+03 1.11500000e+03 1.18700000e+03]
 [8.00000000e+00 3.30000000e+01 5.10000000e+01 7.10000000e+01
  1.38000000e+02 2.23000000e+02 2.97000000e+02 3.90000000e+02
  4.34000000e+02 5.29000000e+02 5.66000000e+02 7.11000000e+02
  9.14999999e+02 1.11600000e+03 1.21000000e+03]]
