optimal_status: 0
solution: 35382.0
cpu_time: 3603.3630800247192
gap: 0.9637376538947231
upper_bound: 1283.0343298969071
lower_bound: 35382.0
cg_matrix: [[0. 0. 1. 1. 1. 1. 1. 0. 1. 1. 1. 1. 1. 1. 1. 0. 0. 1. 1. 0. 1. 1. 1. 1.
  1. 1. 0. 1. 1. 1. 1. 1. 1. 1. 1. 1. 1. 0. 1. 1. 1. 1. 1. 0. 1. 1. 1. 1.
  1. 1.]
 [0. 0. 1. 1. 1. 1. 1. 1. 0. 1. 1. 0. 1. 1. 1. 1. 1. 1. 1. 1. 1. 1. 1. 1.
  1. 1. 1. 1. 1. 1. 1. 1. 1. 1. 1. 1. 0. 1. 1. 1. 1. 1. 0. 1. 1. 0. 1. 0.
  1. 0.]
 [1. 1. 0. 1. 1. 1. 1. 1. 1. 1. 1. 1. 1. 1. 1. 1. 0. 1. 1. 1. 1. 1. 1. 1.
  1. 0. 1. 0. 1. 1. 0. 1. 1. 1. 0. 1. 1. 1. 1. 1. 1. 1. 1. 0. 0. 1. 1. 1.
  1. 1.]
 [1. 1. 1. 0. 0. 0. 1. 1. 0. 0. 1. 1. 1. 1. 1. 0. 1. 1. 0. 1. 1. 1. 1. 1.
  1. 1. 0. 1. 1. 1. 1. 1. 0. 0. 0. 1. 0. 0. 1. 0. 1. 1. 1. 1. 0. 1. 1. 1.
  1. 0.]
 [1. 1. 1. 0. 0. 1. 0. 0. 1. 1. 0. 0. 1. 0. 1. 0. 1. 1. 1. 1. 1. 1. 1. 1.
  1. 1. 1. 0. 1. 0. 0. 0. 1. 1. 1. 1. 1. 1. 1. 1. 1. 1. 1. 1. 0. 1. 1. 1.
  1. 0.]
 [1. 1. 1. 0. 1. 0. 0. 1. 1. 1. 1. 1. 1. 1. 1. 1. 0. 0. 1. 1. 0. 1. 1. 1.
  1. 1. 1. 0. 1. 1. 1. 1. 1. 1. 0. 0. 1. 1. 1. 0. 1. 1. 1. 0. 1. 0. 1. 1.
  1. 1.]
 [1. 1. 1. 1. 0. 0. 0. 1. 0. 1. 1. 0. 0. 1. 1. 1. 1. 1. 1. 1. 1. 1. 1. 1.
  0. 0. 1. 1. 1. 1. 1. 1. 1. 1. 1. 1. 1. 1. 0. 0. 1. 0. 1. 1. 1. 0. 0. 1.
  0. 1.]
 [0. 1. 1. 1. 0. 1. 1. 0. 0. 1. 1. 0. 1. 1. 1. 1. 0. 1. 1. 1. 1. 1. 1. 1.
  0. 1. 1. 1. 1. 1. 1. 1. 0. 1. 1. 1. 1. 1. 1. 1. 0. 1. 1. 1. 0. 0. 1. 0.
  1. 0.]
 [1. 0. 1. 0. 1. 1. 0. 0. 0. 1. 1. 1. 1. 1. 1. 0. 1. 1. 1. 1. 1. 1. 1. 1.
  1. 1. 1. 1. 1. 1. 1. 1. 0. 0. 1. 0. 1. 1. 1. 1. 0. 1. 1. 1. 1. 1. 1. 1.
  0. 1.]
 [1. 1. 1. 0. 1. 1. 1. 1. 1. 0. 0. 1. 1. 1. 1. 0. 1. 1. 0. 1. 1. 0. 1. 1.
  1. 1. 1. 1. 1. 1. 0. 0. 1. 1. 1. 1. 1. 0. 1. 0. 1. 1. 0. 1. 1. 1. 1. 1.
  1. 1.]
 [1. 1. 1. 1. 0. 1. 1. 1. 1. 0. 0. 1. 1. 1. 0. 1. 0. 1. 1. 1. 1. 1. 1. 0.
  0. 0. 1. 1. 1. 0. 1. 1. 1. 0. 1. 1. 1. 1. 1. 1. 0. 1. 1. 1. 1. 1. 1. 1.
  0. 1.]
 [1. 0. 1. 1. 0. 1. 0. 0. 1. 1. 1. 0. 1. 1. 1. 0. 1. 1. 1. 1. 1. 1. 1. 1.
  1. 1. 0. 1. 1. 1. 1. 1. 1. 1. 1. 1. 1. 1. 1. 1. 1. 1. 0. 1. 1. 0. 1. 1.
  1. 0.]
 [1. 1. 1. 1. 1. 1. 0. 1. 1. 1. 1. 1. 0. 1. 1. 1. 0. 0. 1. 1. 1. 1. 0. 1.
  1. 1. 1. 1. 1. 1. 1. 1. 0. 1. 1. 0. 0. 0. 1. 0. 1. 0. 1. 1. 0. 1. 0. 1.
  1. 1.]
 [1. 1. 1. 1. 0. 1. 1. 1. 1. 1. 1. 1. 1. 0. 1. 1. 1. 1. 1. 1. 1. 1. 0. 1.
  1. 1. 1. 1. 1. 1. 1. 1. 1. 1. 1. 1. 1. 1. 1. 1. 1. 1. 1. 1. 1. 0. 1. 0.
  1. 0.]
 [1. 1. 1. 1. 1. 1. 1. 1. 1. 1. 0. 1. 1. 1. 0. 1. 1. 1. 1. 1. 1. 1. 1. 1.
  1. 1. 1. 1. 1. 1. 1. 1. 1. 0. 1. 1. 1. 0. 0. 1. 1. 1. 1. 1. 0. 0. 1. 1.
  1. 0.]
 [0. 1. 1. 0. 0. 1. 1. 1. 0. 0. 1. 0. 1. 1. 1. 0. 1. 1. 0. 0. 1. 1. 1. 1.
  1. 0. 1. 1. 1. 1. 1. 1. 1. 1. 1. 0. 1. 1. 1. 1. 1. 1. 1. 1. 1. 1. 1. 1.
  1. 1.]
 [0. 1. 0. 1. 1. 0. 1. 0. 1. 1. 0. 1. 0. 1. 1. 1. 0. 1. 1. 1. 1. 1. 1. 1.
  1. 1. 1. 1. 0. 1. 1. 1. 1. 1. 1. 0. 1. 1. 1. 1. 1. 1. 1. 1. 0. 1. 1. 0.
  1. 1.]
 [1. 1. 1. 1. 1. 0. 1. 1. 1. 1. 1. 1. 0. 1. 1. 1. 1. 0. 1. 1. 1. 1. 1. 1.
  0. 1. 1. 1. 1. 1. 1. 1. 1. 1. 1. 1. 1. 1. 1. 1. 1. 0. 1. 1. 1. 1. 1. 1.
  1. 1.]
 [1. 1. 1. 0. 1. 1. 1. 1. 1. 0. 1. 1. 1. 1. 1. 0. 1. 1. 0. 1. 1. 1. 1. 0.
  1. 1. 1. 1. 1. 1. 1. 0. 1. 0. 1. 1. 1. 1. 1. 1. 1. 1. 1. 1. 1. 1. 1. 1.
  1. 1.]
 [0. 1. 1. 1. 1. 1. 1. 1. 1. 1. 1. 1. 1. 1. 1. 0. 1. 1. 1. 0. 1. 1. 1. 0.
  1. 1. 1. 0. 1. 1. 1. 1. 1. 1. 1. 1. 1. 1. 1. 1. 0. 1. 1. 1. 1. 1. 1. 1.
  1. 1.]
 [1. 1. 1. 1. 1. 0. 1. 1. 1. 1. 1. 1. 1. 1. 1. 1. 1. 1. 1. 1. 0. 0. 0. 0.
  0. 0. 0. 0. 0. 0. 0. 0. 0. 0. 0. 0. 0. 0. 0. 0. 0. 0. 0. 0. 0. 0. 0. 0.
  0. 0.]
 [1. 1. 1. 1. 1. 1. 1. 1. 1. 0. 1. 1. 1. 1. 1. 1. 1. 1. 1. 1. 0. 0. 0. 0.
  0. 0. 0. 0. 0. 0. 0. 0. 0. 0. 0. 0. 0. 0. 0. 0. 0. 0. 0. 0. 0. 0. 0. 0.
  0. 0.]
 [1. 1. 1. 1. 1. 1. 1. 1. 1. 1. 1. 1. 0. 0. 1. 1. 1. 1. 1. 1. 0. 0. 0. 0.
  0. 0. 0. 0. 0. 0. 0. 0. 0. 0. 0. 0. 0. 0. 0. 0. 0. 0. 0. 0. 0. 0. 0. 0.
  0. 0.]
 [1. 1. 1. 1. 1. 1. 1. 1. 1. 1. 0. 1. 1. 1. 1. 1. 1. 1. 0. 0. 0. 0. 0. 0.
  0. 0. 0. 0. 0. 0. 0. 0. 0. 0. 0. 0. 0. 0. 0. 0. 0. 0. 0. 0. 0. 0. 0. 0.
  0. 0.]
 [1. 1. 1. 1. 1. 1. 0. 0. 1. 1. 0. 1. 1. 1. 1. 1. 1. 0. 1. 1. 0. 0. 0. 0.
  0. 0. 0. 0. 0. 0. 0. 0. 0. 0. 0. 0. 0. 0. 0. 0. 0. 0. 0. 0. 0. 0. 0. 0.
  0. 0.]
 [1. 1. 0. 1. 1. 1. 0. 1. 1. 1. 0. 1. 1. 1. 1. 0. 1. 1. 1. 1. 0. 0. 0. 0.
  0. 0. 0. 0. 0. 0. 0. 0. 0. 0. 0. 0. 0. 0. 0. 0. 0. 0. 0. 0. 0. 0. 0. 0.
  0. 0.]
 [0. 1. 1. 0. 1. 1. 1. 1. 1. 1. 1. 0. 1. 1. 1. 1. 1. 1. 1. 1. 0. 0. 0. 0.
  0. 0. 0. 0. 0. 0. 0. 0. 0. 0. 0. 0. 0. 0. 0. 0. 0. 0. 0. 0. 0. 0. 0. 0.
  0. 0.]
 [1. 1. 0. 1. 0. 0. 1. 1. 1. 1. 1. 1. 1. 1. 1. 1. 1. 1. 1. 0. 0. 0. 0. 0.
  0. 0. 0. 0. 0. 0. 0. 0. 0. 0. 0. 0. 0. 0. 0. 0. 0. 0. 0. 0. 0. 0. 0. 0.
  0. 0.]
 [1. 1. 1. 1. 1. 1. 1. 1. 1. 1. 1. 1. 1. 1. 1. 1. 0. 1. 1. 1. 0. 0. 0. 0.
  0. 0. 0. 0. 0. 0. 0. 0. 0. 0. 0. 0. 0. 0. 0. 0. 0. 0. 0. 0. 0. 0. 0. 0.
  0. 0.]
 [1. 1. 1. 1. 0. 1. 1. 1. 1. 1. 0. 1. 1. 1. 1. 1. 1. 1. 1. 1. 0. 0. 0. 0.
  0. 0. 0. 0. 0. 0. 0. 0. 0. 0. 0. 0. 0. 0. 0. 0. 0. 0. 0. 0. 0. 0. 0. 0.
  0. 0.]
 [1. 1. 0. 1. 0. 1. 1. 1. 1. 0. 1. 1. 1. 1. 1. 1. 1. 1. 1. 1. 0. 0. 0. 0.
  0. 0. 0. 0. 0. 0. 0. 0. 0. 0. 0. 0. 0. 0. 0. 0. 0. 0. 0. 0. 0. 0. 0. 0.
  0. 0.]
 [1. 1. 1. 1. 0. 1. 1. 1. 1. 0. 1. 1. 1. 1. 1. 1. 1. 1. 0. 1. 0. 0. 0. 0.
  0. 0. 0. 0. 0. 0. 0. 0. 0. 0. 0. 0. 0. 0. 0. 0. 0. 0. 0. 0. 0. 0. 0. 0.
  0. 0.]
 [1. 1. 1. 0. 1. 1. 1. 0. 0. 1. 1. 1. 0. 1. 1. 1. 1. 1. 1. 1. 0. 0. 0. 0.
  0. 0. 0. 0. 0. 0. 0. 0. 0. 0. 0. 0. 0. 0. 0. 0. 0. 0. 0. 0. 0. 0. 0. 0.
  0. 0.]
 [1. 1. 1. 0. 1. 1. 1. 1. 0. 1. 0. 1. 1. 1. 0. 1. 1. 1. 0. 1. 0. 0. 0. 0.
  0. 0. 0. 0. 0. 0. 0. 0. 0. 0. 0. 0. 0. 0. 0. 0. 0. 0. 0. 0. 0. 0. 0. 0.
  0. 0.]
 [1. 1. 0. 0. 1. 0. 1. 1. 1. 1. 1. 1. 1. 1. 1. 1. 1. 1. 1. 1. 0. 0. 0. 0.
  0. 0. 0. 0. 0. 0. 0. 0. 0. 0. 0. 0. 0. 0. 0. 0. 0. 0. 0. 0. 0. 0. 0. 0.
  0. 0.]
 [1. 1. 1. 1. 1. 0. 1. 1. 0. 1. 1. 1. 0. 1. 1. 0. 0. 1. 1. 1. 0. 0. 0. 0.
  0. 0. 0. 0. 0. 0. 0. 0. 0. 0. 0. 0. 0. 0. 0. 0. 0. 0. 0. 0. 0. 0. 0. 0.
  0. 0.]
 [1. 0. 1. 0. 1. 1. 1. 1. 1. 1. 1. 1. 0. 1. 1. 1. 1. 1. 1. 1. 0. 0. 0. 0.
  0. 0. 0. 0. 0. 0. 0. 0. 0. 0. 0. 0. 0. 0. 0. 0. 0. 0. 0. 0. 0. 0. 0. 0.
  0. 0.]
 [0. 1. 1. 0. 1. 1. 1. 1. 1. 0. 1. 1. 0. 1. 0. 1. 1. 1. 1. 1. 0. 0. 0. 0.
  0. 0. 0. 0. 0. 0. 0. 0. 0. 0. 0. 0. 0. 0. 0. 0. 0. 0. 0. 0. 0. 0. 0. 0.
  0. 0.]
 [1. 1. 1. 1. 1. 1. 0. 1. 1. 1. 1. 1. 1. 1. 0. 1. 1. 1. 1. 1. 0. 0. 0. 0.
  0. 0. 0. 0. 0. 0. 0. 0. 0. 0. 0. 0. 0. 0. 0. 0. 0. 0. 0. 0. 0. 0. 0. 0.
  0. 0.]
 [1. 1. 1. 0. 1. 0. 0. 1. 1. 0. 1. 1. 0. 1. 1. 1. 1. 1. 1. 1. 0. 0. 0. 0.
  0. 0. 0. 0. 0. 0. 0. 0. 0. 0. 0. 0. 0. 0. 0. 0. 0. 0. 0. 0. 0. 0. 0. 0.
  0. 0.]
 [1. 1. 1. 1. 1. 1. 1. 0. 0. 1. 0. 1. 1. 1. 1. 1. 1. 1. 1. 0. 0. 0. 0. 0.
  0. 0. 0. 0. 0. 0. 0. 0. 0. 0. 0. 0. 0. 0. 0. 0. 0. 0. 0. 0. 0. 0. 0. 0.
  0. 0.]
 [1. 1. 1. 1. 1. 1. 0. 1. 1. 1. 1. 1. 0. 1. 1. 1. 1. 0. 1. 1. 0. 0. 0. 0.
  0. 0. 0. 0. 0. 0. 0. 0. 0. 0. 0. 0. 0. 0. 0. 0. 0. 0. 0. 0. 0. 0. 0. 0.
  0. 0.]
 [1. 0. 1. 1. 1. 1. 1. 1. 1. 0. 1. 0. 1. 1. 1. 1. 1. 1. 1. 1. 0. 0. 0. 0.
  0. 0. 0. 0. 0. 0. 0. 0. 0. 0. 0. 0. 0. 0. 0. 0. 0. 0. 0. 0. 0. 0. 0. 0.
  0. 0.]
 [0. 1. 0. 1. 1. 0. 1. 1. 1. 1. 1. 1. 1. 1. 1. 1. 1. 1. 1. 1. 0. 0. 0. 0.
  0. 0. 0. 0. 0. 0. 0. 0. 0. 0. 0. 0. 0. 0. 0. 0. 0. 0. 0. 0. 0. 0. 0. 0.
  0. 0.]
 [1. 1. 0. 0. 0. 1. 1. 0. 1. 1. 1. 1. 0. 1. 0. 1. 0. 1. 1. 1. 0. 0. 0. 0.
  0. 0. 0. 0. 0. 0. 0. 0. 0. 0. 0. 0. 0. 0. 0. 0. 0. 0. 0. 0. 0. 0. 0. 0.
  0. 0.]
 [1. 0. 1. 1. 1. 0. 0. 0. 1. 1. 1. 0. 1. 0. 0. 1. 1. 1. 1. 1. 0. 0. 0. 0.
  0. 0. 0. 0. 0. 0. 0. 0. 0. 0. 0. 0. 0. 0. 0. 0. 0. 0. 0. 0. 0. 0. 0. 0.
  0. 0.]
 [1. 1. 1. 1. 1. 1. 0. 1. 1. 1. 1. 1. 0. 1. 1. 1. 1. 1. 1. 1. 0. 0. 0. 0.
  0. 0. 0. 0. 0. 0. 0. 0. 0. 0. 0. 0. 0. 0. 0. 0. 0. 0. 0. 0. 0. 0. 0. 0.
  0. 0.]
 [1. 0. 1. 1. 1. 1. 1. 0. 1. 1. 1. 1. 1. 0. 1. 1. 0. 1. 1. 1. 0. 0. 0. 0.
  0. 0. 0. 0. 0. 0. 0. 0. 0. 0. 0. 0. 0. 0. 0. 0. 0. 0. 0. 0. 0. 0. 0. 0.
  0. 0.]
 [1. 1. 1. 1. 1. 1. 0. 1. 0. 1. 0. 1. 1. 1. 1. 1. 1. 1. 1. 1. 0. 0. 0. 0.
  0. 0. 0. 0. 0. 0. 0. 0. 0. 0. 0. 0. 0. 0. 0. 0. 0. 0. 0. 0. 0. 0. 0. 0.
  0. 0.]
 [1. 0. 1. 0. 0. 1. 1. 0. 1. 1. 1. 0. 1. 0. 0. 1. 1. 1. 1. 1. 0. 0. 0. 0.
  0. 0. 0. 0. 0. 0. 0. 0. 0. 0. 0. 0. 0. 0. 0. 0. 0. 0. 0. 0. 0. 0. 0. 0.
  0. 0.]]
start_times_array: [[3.42900000e+04 3.43520000e+04 3.43550000e+04 3.44320000e+04
  3.44770000e+04 3.45190000e+04 3.45960000e+04 3.46380000e+04
  3.47160000e+04 3.47360000e+04 3.48170000e+04 3.48560000e+04
  3.49470000e+04 3.49600000e+04 3.50130000e+04 3.50430000e+04
  3.51380000e+04 3.52200000e+04 3.52900000e+04 3.53270000e+04]
 [3.36450000e+04 3.38710000e+04 3.39610000e+04 3.39820000e+04
  3.40250000e+04 3.40370000e+04 3.41310000e+04 3.42120000e+04
  3.42700000e+04 3.42900000e+04 3.43730000e+04 3.44140000e+04
  3.44980000e+04 3.45140000e+04 3.45200000e+04 3.45840000e+04
  3.47000000e+04 3.48050000e+04 3.48400000e+04 3.49330000e+04]
 [3.27220000e+04 3.29360000e+04 3.29510000e+04 3.30020000e+04
  3.30550000e+04 3.31220000e+04 3.31750000e+04 3.32010000e+04
  3.32410000e+04 3.32540000e+04 3.32930000e+04 3.33520000e+04
  3.34420000e+04 3.34870000e+04 3.35230000e+04 3.35560000e+04
  3.36320000e+04 3.37010000e+04 3.37730000e+04 3.38150000e+04]
 [3.01880000e+04 3.15170000e+04 3.15990000e+04 3.16638987e+04
  3.19860000e+04 3.20070000e+04 3.20730000e+04 3.21450000e+04
  3.21800000e+04 3.22540000e+04 3.23140000e+04 3.24060000e+04
  3.24340000e+04 3.25230000e+04 3.25810000e+04 3.26190000e+04
  3.26330000e+04 3.28170000e+04 3.28340000e+04 3.29220000e+04]
 [3.08970000e+04 3.09220000e+04 3.09600000e+04 3.09700000e+04
  3.10410000e+04 3.11210000e+04 3.11620000e+04 3.12380000e+04
  3.13300000e+04 3.14160000e+04 3.14490000e+04 3.14910000e+04
  3.15810000e+04 3.15990000e+04 3.16160000e+04 3.17070000e+04
  3.17310000e+04 3.18270000e+04 3.19090000e+04 3.20918987e+04]
 [2.92980000e+04 2.93460000e+04 2.93670000e+04 3.01550000e+04
  3.02490000e+04 3.03130000e+04 3.03800000e+04 3.04010000e+04
  3.04030000e+04 3.04610000e+04 3.04990000e+04 3.05110000e+04
  3.05220000e+04 3.05850000e+04 3.06120000e+04 3.07040000e+04
  3.07680000e+04 3.07770000e+04 3.08270000e+04 3.08820000e+04]
 [2.92650000e+04 2.92980000e+04 2.93970000e+04 2.94460000e+04
  2.95120000e+04 2.95890000e+04 2.96770000e+04 2.97190000e+04
  2.97270000e+04 2.97910000e+04 2.97930000e+04 2.98790000e+04
  2.99510000e+04 2.99770000e+04 3.00630000e+04 3.01140000e+04
  3.01150000e+04 3.01550000e+04 3.02390000e+04 3.03130000e+04]
 [2.77290005e+04 2.82570000e+04 2.83400000e+04 2.84330000e+04
  2.84980000e+04 2.85680000e+04 2.85840000e+04 2.86580000e+04
  2.86850000e+04 2.87690000e+04 2.87820000e+04 2.87880000e+04
  2.88850000e+04 2.89320000e+04 2.90190000e+04 2.90500000e+04
  2.90840000e+04 2.91210000e+04 2.91970000e+04 2.92280000e+04]
 [2.74930000e+04 2.75550000e+04 2.76510000e+04 2.76580000e+04
  2.77420000e+04 2.78120000e+04 2.78430000e+04 2.78780000e+04
  2.79150000e+04 2.80140000e+04 2.80780000e+04 2.81310000e+04
  2.81700000e+04 2.82370000e+04 2.82570000e+04 2.82720000e+04
  2.83250000e+04 2.84080000e+04 2.84330000e+04 2.84980000e+04]
 [2.60620000e+04 2.61580000e+04 2.61820000e+04 2.66880000e+04
  2.67490000e+04 2.67590000e+04 2.68360000e+04 2.68820000e+04
  2.69310000e+04 2.70220000e+04 2.70630000e+04 2.71000000e+04
  2.71690000e+04 2.72060000e+04 2.72910000e+04 2.73050000e+04
  2.73390000e+04 2.74220000e+04 2.74520000e+04 2.74890000e+04]
 [2.59340000e+04 2.59630000e+04 2.60070000e+04 2.60620000e+04
  2.61130000e+04 2.61620000e+04 2.62050000e+04 2.62060000e+04
  2.62380000e+04 2.63370000e+04 2.63860000e+04 2.64700000e+04
  2.65230000e+04 2.65800000e+04 2.66200000e+04 2.66300000e+04
  2.66880000e+04 2.67660000e+04 2.67930000e+04 2.68820000e+04]
 [2.49280000e+04 2.49590000e+04 2.50560000e+04 2.50930000e+04
  2.52350000e+04 2.53010000e+04 2.53410000e+04 2.54360000e+04
  2.54870000e+04 2.54950000e+04 2.55300000e+04 2.55930000e+04
  2.56100000e+04 2.56980000e+04 2.57130000e+04 2.57460000e+04
  2.57570000e+04 2.57670000e+04 2.58510000e+04 2.59060000e+04]
 [2.43580000e+04 2.44020000e+04 2.44090000e+04 2.44320000e+04
  2.44560000e+04 2.44670000e+04 2.45050000e+04 2.45610000e+04
  2.46340000e+04 2.46560000e+04 2.46850000e+04 2.46970000e+04
  2.47830000e+04 2.47840000e+04 2.48070000e+04 2.48130000e+04
  2.48580000e+04 2.49330000e+04 2.49580000e+04 2.51560000e+04]
 [2.34120000e+04 2.35270000e+04 2.35890000e+04 2.36440000e+04
  2.37230000e+04 2.37780000e+04 2.38050000e+04 2.38820000e+04
  2.38950000e+04 2.39480000e+04 2.39790000e+04 2.39900000e+04
  2.40710000e+04 2.40780000e+04 2.41720000e+04 2.41830000e+04
  2.42670000e+04 2.42720000e+04 2.43390000e+04 2.43780000e+04]
 [2.24110000e+04 2.25560000e+04 2.25820000e+04 2.26720000e+04
  2.27450000e+04 2.27730000e+04 2.27890000e+04 2.28190000e+04
  2.28880000e+04 2.29310000e+04 2.29790000e+04 2.30460000e+04
  2.31370000e+04 2.31400000e+04 2.31410000e+04 2.32340000e+04
  2.32860000e+04 2.33270000e+04 2.33580000e+04 2.34700000e+04]
 [2.13150000e+04 2.13750000e+04 2.13810000e+04 2.14730000e+04
  2.16550000e+04 2.17540000e+04 2.18180000e+04 2.18250000e+04
  2.18470000e+04 2.18760000e+04 2.19240000e+04 2.19940000e+04
  2.20630000e+04 2.21230000e+04 2.21740000e+04 2.22330000e+04
  2.22520000e+04 2.22770000e+04 2.23440000e+04 2.24850000e+04]
 [2.07440000e+04 2.07560000e+04 2.08020000e+04 2.08210000e+04
  2.08880000e+04 2.09290000e+04 2.09370000e+04 2.09880000e+04
  2.09990000e+04 2.10660000e+04 2.11340000e+04 2.11800000e+04
  2.11960000e+04 2.12140000e+04 2.12260000e+04 2.12370000e+04
  2.12480000e+04 2.13730000e+04 2.13760000e+04 2.15560000e+04]
 [1.97650000e+04 1.98120000e+04 1.98530000e+04 1.99100000e+04
  1.99790000e+04 2.00780000e+04 2.00940000e+04 2.01850000e+04
  2.02210000e+04 2.02350000e+04 2.02930000e+04 2.03030000e+04
  2.03940000e+04 2.04580000e+04 2.05020000e+04 2.05810000e+04
  2.06470000e+04 2.06780000e+04 2.06880000e+04 2.07490000e+04]
 [1.87610000e+04 1.89310000e+04 1.89340000e+04 1.89910000e+04
  1.90350000e+04 1.90690000e+04 1.90960000e+04 1.91700000e+04
  1.92580000e+04 1.92900000e+04 1.92940000e+04 1.93920000e+04
  1.94170000e+04 1.94240000e+04 1.94970000e+04 1.95430000e+04
  1.95570000e+04 1.96230000e+04 1.97100000e+04 1.98470000e+04]
 [1.79310000e+04 1.79970000e+04 1.80280000e+04 1.80320000e+04
  1.81010000e+04 1.81450000e+04 1.82030000e+04 1.82890000e+04
  1.83530000e+04 1.83690000e+04 1.83880000e+04 1.83970000e+04
  1.84220000e+04 1.84480000e+04 1.85120000e+04 1.85570000e+04
  1.85670000e+04 1.86620000e+04 1.88060000e+04 1.88520000e+04]
 [1.72790000e+04 1.73090000e+04 1.73180000e+04 1.73550000e+04
  1.74400000e+04 1.75090000e+04 1.75310000e+04 1.75540000e+04
  1.76510000e+04 1.77010000e+04 1.77370000e+04 1.77490000e+04
  1.77590000e+04 1.78020000e+04 1.78030000e+04 1.78360000e+04
  1.78430000e+04 1.78580000e+04 1.79030000e+04 1.80250000e+04]
 [1.63270000e+04 1.63770000e+04 1.64360000e+04 1.65280000e+04
  1.65590000e+04 1.66280000e+04 1.66810000e+04 1.67440000e+04
  1.68380000e+04 1.69120000e+04 1.69650000e+04 1.70320000e+04
  1.70560000e+04 1.70950000e+04 1.71260000e+04 1.72100000e+04
  1.72600000e+04 1.73950000e+04 1.74760000e+04 1.74790000e+04]
 [1.62860000e+04 1.63320000e+04 1.63430000e+04 1.64020000e+04
  1.64290000e+04 1.66280000e+04 1.67140000e+04 1.67650000e+04
  1.68120000e+04 1.68340000e+04 1.68500000e+04 1.68740000e+04
  1.69540000e+04 1.69590000e+04 1.70160000e+04 1.70950000e+04
  1.71370000e+04 1.71830000e+04 1.72820000e+04 1.73410000e+04]
 [1.44580000e+04 1.58290000e+04 1.58660000e+04 1.58840000e+04
  1.59600000e+04 1.59900000e+04 1.60780000e+04 1.61470000e+04
  1.61660000e+04 1.62330000e+04 1.62740000e+04 1.63320000e+04
  1.63400000e+04 1.63770000e+04 1.63940000e+04 1.64170000e+04
  1.65110000e+04 1.66030000e+04 1.66040000e+04 1.66830000e+04]
 [1.38450000e+04 1.43390000e+04 1.45500000e+04 1.46410000e+04
  1.54800000e+04 1.55450000e+04 1.55510000e+04 1.56200000e+04
  1.56240000e+04 1.57180000e+04 1.57900000e+04 1.58660000e+04
  1.59490000e+04 1.59700000e+04 1.60150000e+04 1.60250000e+04
  1.61090000e+04 1.61590000e+04 1.62330000e+04 1.62720000e+04]
 [1.42930000e+04 1.43830000e+04 1.44590000e+04 1.45500000e+04
  1.46190000e+04 1.46320000e+04 1.47040000e+04 1.48020000e+04
  1.48180000e+04 1.48970000e+04 1.49350000e+04 1.50110000e+04
  1.50810000e+04 1.51110000e+04 1.51960000e+04 1.52890000e+04
  1.53280000e+04 1.53310000e+04 1.53700000e+04 1.54580000e+04]
 [1.18380000e+04 1.39350000e+04 1.40130000e+04 1.40740000e+04
  1.41350000e+04 1.41690000e+04 1.41730000e+04 1.42250000e+04
  1.42840000e+04 1.43040000e+04 1.43330000e+04 1.43390000e+04
  1.44220000e+04 1.46430000e+04 1.47380000e+04 1.47930000e+04
  1.48050000e+04 1.49870000e+04 1.55734478e+04 1.57750000e+04]
 [1.22800000e+04 1.30700000e+04 1.32150000e+04 1.32910000e+04
  1.35700000e+04 1.36100000e+04 1.36520000e+04 1.36560000e+04
  1.37220000e+04 1.37850000e+04 1.38660000e+04 1.38740000e+04
  1.39350000e+04 1.39680000e+04 1.40660000e+04 1.41600000e+04
  1.42580000e+04 1.42930000e+04 1.43990000e+04 1.47660000e+04]
 [1.22304478e+04 1.29190000e+04 1.29240000e+04 1.30150000e+04
  1.30160000e+04 1.30680000e+04 1.31550000e+04 1.32110000e+04
  1.32940000e+04 1.33480000e+04 1.33630000e+04 1.34180000e+04
  1.34280000e+04 1.34480000e+04 1.35210000e+04 1.35800000e+04
  1.36100000e+04 1.36240000e+04 1.36300000e+04 1.41320000e+04]
 [1.17350000e+04 1.17380000e+04 1.18310000e+04 1.18430000e+04
  1.19090000e+04 1.19280000e+04 1.20130000e+04 1.20790000e+04
  1.21750000e+04 1.22490000e+04 1.23220000e+04 1.23430000e+04
  1.24050000e+04 1.24960000e+04 1.25930000e+04 1.26540000e+04
  1.27160000e+04 1.28110000e+04 1.28240000e+04 1.28570000e+04]
 [1.06800000e+04 1.08580000e+04 1.09260000e+04 1.09700000e+04
  1.09740000e+04 1.10360000e+04 1.11220000e+04 1.12070000e+04
  1.12490000e+04 1.13040000e+04 1.13730000e+04 1.14400000e+04
  1.15110000e+04 1.15900000e+04 1.16560000e+04 1.16570000e+04
  1.16690000e+04 1.20710000e+04 1.21650000e+04 1.22060000e+04]
 [1.00210000e+04 1.00440000e+04 1.00690000e+04 1.00900000e+04
  1.01050000e+04 1.01690000e+04 1.01750000e+04 1.02710000e+04
  1.03390000e+04 1.03970000e+04 1.04720000e+04 1.05380000e+04
  1.05950000e+04 1.06800000e+04 1.07360000e+04 1.07600000e+04
  1.07940000e+04 1.08580000e+04 1.15160000e+04 1.15980000e+04]
 [9.51900000e+03 9.56100000e+03 9.65800000e+03 9.72300000e+03
  9.77400000e+03 9.77500000e+03 9.79100000e+03 9.86500000e+03
  9.91900000e+03 1.00060000e+04 1.00440000e+04 1.00920000e+04
  1.01460000e+04 1.01900000e+04 1.02410000e+04 1.02890000e+04
  1.03630000e+04 1.04450000e+04 1.05950000e+04 1.11470000e+04]
 [6.09600000e+03 7.06500000e+03 9.13400000e+03 9.22000000e+03
  9.22700000e+03 9.23700000e+03 9.24900000e+03 9.29900000e+03
  9.36600000e+03 9.43100000e+03 9.47200000e+03 9.51900000e+03
  9.57800000e+03 9.62100000e+03 9.62200000e+03 9.71900000e+03
  9.78600000e+03 9.86700000e+03 9.91900000e+03 1.02020000e+04]
 [6.83900000e+03 6.92500000e+03 8.02444780e+03 8.44500000e+03
  8.50300000e+03 8.50700000e+03 8.56000000e+03 8.64600000e+03
  8.67800000e+03 8.73200000e+03 8.77000000e+03 8.84100000e+03
  8.88400000e+03 8.94200000e+03 8.99800000e+03 9.06100000e+03
  9.13400000e+03 9.18800000e+03 9.24400000e+03 9.27800000e+03]
 [6.14100000e+03 7.34800000e+03 7.53700000e+03 7.62700000e+03
  7.69400000e+03 7.79500000e+03 7.86900000e+03 7.93800000e+03
  7.96700000e+03 8.05900000e+03 8.14500000e+03 8.23500000e+03
  8.30700000e+03 8.31200000e+03 8.33300000e+03 8.34400000e+03
  8.34700000e+03 8.35000000e+03 8.37900000e+03 8.40600000e+03]
 [6.85000000e+03 6.97700000e+03 7.25900000e+03 7.34800000e+03
  7.37900000e+03 7.41800000e+03 7.48800000e+03 7.49300000e+03
  7.55300000e+03 7.71900000e+03 7.75100000e+03 7.77300000e+03
  7.77400000e+03 7.83000000e+03 7.88300000e+03 7.96700000e+03
  8.01400000e+03 8.10500000e+03 8.19000000e+03 8.34000000e+03]
 [6.15600000e+03 6.24000000e+03 6.33400000e+03 6.38100000e+03
  6.46200000e+03 6.48300000e+03 7.01200000e+03 7.11000000e+03
  7.11500000e+03 7.19100000e+03 7.19700000e+03 7.25900000e+03
  7.29900000e+03 7.35700000e+03 7.37500000e+03 7.47200000e+03
  7.56100000e+03 7.57900000e+03 7.62700000e+03 7.67100000e+03]
 [4.75400000e+03 6.18500000e+03 6.24000000e+03 6.25300000e+03
  6.26800000e+03 6.36400000e+03 6.38300000e+03 6.40100000e+03
  6.40600000e+03 6.46800000e+03 6.54400000e+03 6.60500000e+03
  6.61900000e+03 6.64100000e+03 6.66400000e+03 6.66700000e+03
  6.74700000e+03 6.83900000e+03 6.92500000e+03 7.01200000e+03]
 [3.52100000e+03 4.47900000e+03 4.65700000e+03 5.25600000e+03
  5.50300000e+03 5.54500000e+03 5.60900000e+03 5.70800000e+03
  5.73600000e+03 5.76600000e+03 5.84800000e+03 5.94000000e+03
  6.00400000e+03 6.04000000e+03 6.09600000e+03 6.10700000e+03
  6.18500000e+03 6.18700000e+03 6.21900000e+03 6.25100000e+03]
 [4.33700000e+03 4.42500000e+03 5.13400000e+03 5.16100000e+03
  5.21400000e+03 5.25600000e+03 5.30900000e+03 5.31500000e+03
  5.39500000e+03 5.45000000e+03 5.54500000e+03 5.62800000e+03
  5.83700000e+03 5.84800000e+03 5.91700000e+03 6.00600000e+03
  6.08500000e+03 6.13500000e+03 6.14200000e+03 6.17300000e+03]
 [4.62100000e+03 4.65100000e+03 4.65700000e+03 4.72100000e+03
  4.75400000e+03 4.79500000e+03 4.83000000e+03 4.92200000e+03
  4.98700000e+03 5.04100000e+03 5.10900000e+03 5.16100000e+03
  5.17400000e+03 5.18000000e+03 5.21600000e+03 5.29100000e+03
  5.35000000e+03 5.39100000e+03 5.48800000e+03 5.55100000e+03]
 [4.09300000e+03 4.16300000e+03 4.20900000e+03 4.24100000e+03
  4.27500000e+03 4.34200000e+03 4.35200000e+03 4.38400000e+03
  4.41600000e+03 4.42100000e+03 4.42500000e+03 4.46600000e+03
  4.47900000e+03 4.50300000e+03 4.51600000e+03 4.53000000e+03
  4.61500000e+03 5.14200000e+03 5.16000000e+03 5.36800000e+03]
 [2.92600000e+03 2.96900000e+03 3.53100000e+03 3.54700000e+03
  3.63800000e+03 3.72500000e+03 3.73000000e+03 3.80400000e+03
  3.84700000e+03 3.92800000e+03 3.95100000e+03 4.00500000e+03
  4.08800000e+03 4.09300000e+03 4.16100000e+03 4.20600000e+03
  4.29100000e+03 4.29800000e+03 4.34200000e+03 4.43200000e+03]
 [1.80300000e+03 1.93000000e+03 2.02800000e+03 2.07500000e+03
  3.00200000e+03 3.07800000e+03 3.12800000e+03 3.18900000e+03
  3.25100000e+03 3.33900000e+03 3.37600000e+03 3.46500000e+03
  3.48300000e+03 3.52100000e+03 3.53100000e+03 3.53200000e+03
  3.63800000e+03 3.64800000e+03 3.98100000e+03 4.03300000e+03]
 [2.09900000e+03 2.17700000e+03 2.26600000e+03 2.34200000e+03
  2.39200000e+03 2.48100000e+03 2.54900000e+03 2.59700000e+03
  2.59800000e+03 2.67500000e+03 2.77400000e+03 2.82000000e+03
  2.87000000e+03 2.95100000e+03 2.96900000e+03 3.02900000e+03
  3.09400000e+03 3.13100000e+03 3.13900000e+03 3.34500000e+03]
 [1.48700000e+03 1.54300000e+03 1.60800000e+03 1.62300000e+03
  1.63600000e+03 1.67600000e+03 1.72200000e+03 1.79600000e+03
  1.83000000e+03 1.83100000e+03 1.88700000e+03 1.88900000e+03
  1.98500000e+03 1.99700000e+03 2.01400000e+03 2.03400000e+03
  2.05300000e+03 2.09900000e+03 2.19600000e+03 2.79700000e+03]
 [6.15000000e+02 6.26000000e+02 8.05000000e+02 9.92000000e+02
  1.29100000e+03 1.36300000e+03 1.37800000e+03 1.38600000e+03
  1.46300000e+03 1.48700000e+03 1.56500000e+03 1.61800000e+03
  1.64700000e+03 1.66000000e+03 1.72600000e+03 1.79000000e+03
  1.84800000e+03 1.86700000e+03 1.88500000e+03 1.93000000e+03]
 [5.61000000e+02 6.58000000e+02 7.31000000e+02 7.44000000e+02
  7.78000000e+02 7.83000000e+02 8.67000000e+02 9.27000000e+02
  9.49000000e+02 9.89000000e+02 9.92000000e+02 1.00000000e+03
  1.06400000e+03 1.08700000e+03 1.15300000e+03 1.15600000e+03
  1.19100000e+03 1.25200000e+03 1.25900000e+03 1.52100000e+03]
 [0.00000000e+00 3.30000000e+01 4.90000000e+01 1.01000000e+02
  1.73000000e+02 2.27000000e+02 2.94000000e+02 3.65000000e+02
  4.06000000e+02 4.61000000e+02 4.93000000e+02 5.34000000e+02
  5.61000000e+02 6.15000000e+02 6.87000000e+02 6.88000000e+02
  7.02000000e+02 7.07000000e+02 7.20000000e+02 9.29000000e+02]]
