optimal_status: 0
solution: 14486.0
cpu_time: 3600.9413418769836
gap: 0.9195775231257785
upper_bound: 1164.9999999999734
lower_bound: 14486.0
cg_matrix: [[0. 1. 1. 1. 1. 1. 0. 1. 1. 1. 1. 1. 1. 1. 1. 0. 0. 0. 1. 1. 1. 0. 1. 1.
  1. 1. 1. 1. 1. 0.]
 [1. 0. 1. 1. 0. 1. 1. 1. 1. 1. 1. 1. 1. 0. 1. 1. 0. 1. 1. 1. 1. 1. 1. 1.
  0. 0. 1. 1. 1. 1.]
 [1. 1. 0. 1. 0. 1. 1. 1. 0. 1. 0. 1. 0. 1. 1. 1. 1. 0. 1. 1. 1. 0. 1. 1.
  1. 0. 1. 1. 1. 0.]
 [1. 1. 1. 0. 1. 0. 1. 1. 1. 1. 1. 0. 1. 1. 1. 0. 1. 0. 1. 0. 1. 1. 1. 1.
  1. 1. 1. 1. 1. 1.]
 [1. 0. 0. 1. 0. 1. 1. 0. 0. 1. 1. 1. 1. 1. 1. 1. 1. 0. 0. 1. 1. 1. 1. 1.
  0. 1. 1. 1. 1. 1.]
 [1. 1. 1. 0. 1. 0. 1. 1. 1. 0. 1. 1. 1. 1. 1. 1. 1. 1. 1. 1. 1. 1. 1. 1.
  1. 1. 1. 1. 1. 1.]
 [0. 1. 1. 1. 1. 1. 0. 1. 1. 1. 1. 1. 1. 1. 1. 0. 1. 1. 1. 1. 1. 0. 1. 1.
  1. 0. 1. 1. 0. 0.]
 [1. 1. 1. 1. 0. 1. 1. 0. 1. 1. 1. 1. 1. 1. 1. 1. 1. 1. 1. 1. 1. 1. 1. 1.
  1. 1. 0. 1. 1. 1.]
 [1. 1. 0. 1. 0. 1. 1. 1. 0. 1. 1. 0. 1. 1. 1. 1. 1. 0. 1. 1. 1. 1. 1. 1.
  1. 1. 1. 1. 1. 1.]
 [1. 1. 1. 1. 1. 0. 1. 1. 1. 0. 1. 1. 1. 1. 1. 1. 1. 1. 1. 1. 0. 0. 1. 0.
  0. 0. 1. 1. 1. 1.]
 [1. 1. 0. 1. 1. 1. 1. 1. 1. 1. 0. 1. 0. 1. 1. 1. 0. 1. 0. 1. 1. 1. 1. 1.
  0. 0. 1. 0. 0. 0.]
 [1. 1. 1. 0. 1. 1. 1. 1. 0. 1. 1. 0. 1. 0. 1. 1. 1. 1. 1. 1. 1. 1. 1. 1.
  0. 0. 0. 1. 1. 0.]
 [1. 1. 0. 1. 1. 1. 1. 1. 1. 1. 0. 1. 0. 1. 0. 1. 1. 0. 1. 1. 1. 1. 1. 1.
  1. 1. 1. 1. 0. 0.]
 [1. 0. 1. 1. 1. 1. 1. 1. 1. 1. 1. 0. 1. 0. 1. 1. 0. 1. 1. 1. 1. 1. 1. 1.
  1. 0. 1. 1. 1. 1.]
 [1. 1. 1. 1. 1. 1. 1. 1. 1. 1. 1. 1. 0. 1. 0. 1. 1. 1. 1. 0. 1. 1. 0. 1.
  0. 1. 1. 0. 1. 1.]
 [0. 1. 1. 0. 1. 1. 0. 1. 1. 1. 1. 1. 1. 1. 1. 0. 0. 0. 0. 0. 0. 0. 0. 0.
  0. 0. 0. 0. 0. 0.]
 [0. 0. 1. 1. 1. 1. 1. 1. 1. 1. 0. 1. 1. 0. 1. 0. 0. 0. 0. 0. 0. 0. 0. 0.
  0. 0. 0. 0. 0. 0.]
 [0. 1. 0. 0. 0. 1. 1. 1. 0. 1. 1. 1. 0. 1. 1. 0. 0. 0. 0. 0. 0. 0. 0. 0.
  0. 0. 0. 0. 0. 0.]
 [1. 1. 1. 1. 0. 1. 1. 1. 1. 1. 0. 1. 1. 1. 1. 0. 0. 0. 0. 0. 0. 0. 0. 0.
  0. 0. 0. 0. 0. 0.]
 [1. 1. 1. 0. 1. 1. 1. 1. 1. 1. 1. 1. 1. 1. 0. 0. 0. 0. 0. 0. 0. 0. 0. 0.
  0. 0. 0. 0. 0. 0.]
 [1. 1. 1. 1. 1. 1. 1. 1. 1. 0. 1. 1. 1. 1. 1. 0. 0. 0. 0. 0. 0. 0. 0. 0.
  0. 0. 0. 0. 0. 0.]
 [0. 1. 0. 1. 1. 1. 0. 1. 1. 0. 1. 1. 1. 1. 1. 0. 0. 0. 0. 0. 0. 0. 0. 0.
  0. 0. 0. 0. 0. 0.]
 [1. 1. 1. 1. 1. 1. 1. 1. 1. 1. 1. 1. 1. 1. 0. 0. 0. 0. 0. 0. 0. 0. 0. 0.
  0. 0. 0. 0. 0. 0.]
 [1. 1. 1. 1. 1. 1. 1. 1. 1. 0. 1. 1. 1. 1. 1. 0. 0. 0. 0. 0. 0. 0. 0. 0.
  0. 0. 0. 0. 0. 0.]
 [1. 0. 1. 1. 0. 1. 1. 1. 1. 0. 0. 0. 1. 1. 0. 0. 0. 0. 0. 0. 0. 0. 0. 0.
  0. 0. 0. 0. 0. 0.]
 [1. 0. 0. 1. 1. 1. 0. 1. 1. 0. 0. 0. 1. 0. 1. 0. 0. 0. 0. 0. 0. 0. 0. 0.
  0. 0. 0. 0. 0. 0.]
 [1. 1. 1. 1. 1. 1. 1. 0. 1. 1. 1. 0. 1. 1. 1. 0. 0. 0. 0. 0. 0. 0. 0. 0.
  0. 0. 0. 0. 0. 0.]
 [1. 1. 1. 1. 1. 1. 1. 1. 1. 1. 0. 1. 1. 1. 0. 0. 0. 0. 0. 0. 0. 0. 0. 0.
  0. 0. 0. 0. 0. 0.]
 [1. 1. 1. 1. 1. 1. 0. 1. 1. 1. 0. 1. 0. 1. 1. 0. 0. 0. 0. 0. 0. 0. 0. 0.
  0. 0. 0. 0. 0. 0.]
 [0. 1. 0. 1. 1. 1. 0. 1. 1. 1. 0. 0. 0. 1. 1. 0. 0. 0. 0. 0. 0. 0. 0. 0.
  0. 0. 0. 0. 0. 0.]]
start_times_array: [[8.1000e+01 1.3731e+04 1.3774e+04 1.3780e+04 1.3904e+04 1.3932e+04
  1.4030e+04 1.4114e+04 1.4138e+04 1.4168e+04 1.4221e+04 1.4255e+04
  1.4350e+04 1.4400e+04 1.4448e+04]
 [1.3115e+04 1.3220e+04 1.3244e+04 1.3309e+04 1.3325e+04 1.3419e+04
  1.3428e+04 1.3488e+04 1.3520e+04 1.3579e+04 1.3664e+04 1.3673e+04
  1.3709e+04 1.3879e+04 1.3927e+04]
 [3.4600e+02 1.2301e+04 1.2380e+04 1.2546e+04 1.2624e+04 1.2683e+04
  1.2773e+04 1.2822e+04 1.2910e+04 1.2950e+04 1.2963e+04 1.2980e+04
  1.3068e+04 1.3134e+04 1.3164e+04]
 [1.1588e+04 1.1685e+04 1.1701e+04 1.1780e+04 1.1864e+04 1.1948e+04
  1.1990e+04 1.2049e+04 1.2063e+04 1.2137e+04 1.2203e+04 1.2363e+04
  1.2473e+04 1.2515e+04 1.2754e+04]
 [1.2240e+03 1.1132e+04 1.1192e+04 1.1238e+04 1.1288e+04 1.1289e+04
  1.1303e+04 1.1305e+04 1.1361e+04 1.1425e+04 1.1476e+04 1.1551e+04
  1.1579e+04 1.1648e+04 1.2197e+04]
 [5.2300e+02 1.0396e+04 1.0461e+04 1.0546e+04 1.0586e+04 1.0609e+04
  1.0648e+04 1.0747e+04 1.0793e+04 1.0810e+04 1.0904e+04 1.0910e+04
  1.0977e+04 1.1046e+04 1.1184e+04]
 [9.5930e+03 9.6780e+03 9.6850e+03 9.7070e+03 9.7430e+03 9.7740e+03
  9.8490e+03 9.9100e+03 9.9590e+03 1.0003e+04 1.0024e+04 1.0101e+04
  1.0171e+04 1.0281e+04 1.0327e+04]
 [8.2340e+03 8.8650e+03 8.9950e+03 9.0880e+03 9.1140e+03 9.1680e+03
  9.2740e+03 9.3560e+03 9.4220e+03 9.4590e+03 9.5220e+03 9.6030e+03
  9.6200e+03 9.9060e+03 1.0235e+04]
 [8.0610e+03 8.1370e+03 8.2870e+03 8.3290e+03 8.4290e+03 8.4560e+03
  8.5120e+03 8.5900e+03 8.5950e+03 8.6670e+03 8.6860e+03 8.7760e+03
  8.8220e+03 8.9390e+03 9.2570e+03]
 [7.2400e+03 7.2580e+03 7.3370e+03 7.4300e+03 7.5010e+03 7.5490e+03
  7.5720e+03 7.5920e+03 7.6820e+03 7.7760e+03 7.9350e+03 7.9410e+03
  7.9770e+03 8.2090e+03 8.3460e+03]
 [6.3940e+03 6.5430e+03 6.6540e+03 6.6990e+03 6.7590e+03 6.7740e+03
  6.8480e+03 6.8970e+03 6.9230e+03 7.0170e+03 7.0710e+03 7.0720e+03
  7.1300e+03 7.1860e+03 7.8630e+03]
 [5.7320e+03 5.7950e+03 5.8680e+03 5.9730e+03 6.0570e+03 6.0720e+03
  6.1260e+03 6.1780e+03 6.2300e+03 6.2660e+03 6.2870e+03 6.3320e+03
  6.3730e+03 6.4460e+03 6.6040e+03]
 [4.8260e+03 5.0250e+03 5.1150e+03 5.1920e+03 5.2250e+03 5.2560e+03
  5.2820e+03 5.2960e+03 5.3710e+03 5.4630e+03 5.5330e+03 5.5880e+03
  5.6440e+03 5.6830e+03 5.9500e+03]
 [1.1370e+03 3.7860e+03 4.0680e+03 4.2030e+03 4.2370e+03 4.2660e+03
  4.3490e+03 4.3730e+03 4.4210e+03 4.5180e+03 4.6070e+03 4.6910e+03
  4.7730e+03 4.9160e+03 5.0150e+03]
 [3.1040e+03 3.2580e+03 3.3610e+03 3.3910e+03 3.4840e+03 3.5520e+03
  3.5800e+03 3.6680e+03 3.6840e+03 3.7820e+03 3.8330e+03 3.9150e+03
  4.0130e+03 4.0390e+03 4.1260e+03]
 [0.0000e+00 1.2100e+02 2.3000e+03 2.3620e+03 2.4210e+03 2.4240e+03
  2.5180e+03 2.5520e+03 2.6080e+03 2.6970e+03 3.1390e+03 3.2050e+03
  3.2900e+03 3.3200e+03 3.5420e+03]
 [1.4000e+01 1.6000e+01 2.9800e+02 7.9600e+02 8.1400e+02 1.7550e+03
  1.7940e+03 1.8170e+03 2.4330e+03 2.6410e+03 2.6970e+03 2.7310e+03
  2.7390e+03 2.7860e+03 2.8580e+03]
 [0.0000e+00 6.0000e+00 4.5500e+02 2.3750e+03 2.4330e+03 2.5960e+03
  2.6410e+03 2.7210e+03 2.7240e+03 2.7530e+03 2.8330e+03 2.8600e+03
  2.9200e+03 3.0140e+03 3.0280e+03]
 [3.1500e+02 4.0000e+02 1.6150e+03 1.7630e+03 1.9480e+03 2.0050e+03
  2.2560e+03 2.2890e+03 2.3310e+03 2.4240e+03 2.5100e+03 2.5640e+03
  2.5960e+03 2.6040e+03 2.6200e+03]
 [1.9900e+02 1.0920e+03 1.4840e+03 1.5910e+03 1.6330e+03 1.6780e+03
  1.7290e+03 1.7390e+03 1.7970e+03 2.2100e+03 2.3020e+03 2.3250e+03
  2.3430e+03 2.4060e+03 2.4330e+03]
 [1.8000e+02 2.6400e+02 1.5850e+03 1.8260e+03 1.8870e+03 1.9300e+03
  2.0050e+03 2.0330e+03 2.0480e+03 2.0670e+03 2.1600e+03 2.2370e+03
  2.2380e+03 2.3250e+03 2.3340e+03]
 [0.0000e+00 5.6000e+01 8.5000e+01 1.3500e+02 2.1500e+02 3.4600e+02
  9.6600e+02 1.9080e+03 1.9810e+03 2.0040e+03 2.0050e+03 2.0630e+03
  2.0640e+03 2.1600e+03 2.1850e+03]
 [0.0000e+00 1.3730e+03 1.5100e+03 1.5590e+03 1.6150e+03 1.7230e+03
  1.7630e+03 1.8530e+03 1.9780e+03 2.0670e+03 2.1090e+03 2.1180e+03
  2.2100e+03 2.2620e+03 2.2680e+03]
 [2.1300e+02 2.8300e+02 6.0100e+02 1.2760e+03 1.3730e+03 1.4590e+03
  1.5400e+03 1.5780e+03 1.5850e+03 1.6380e+03 1.6860e+03 1.7290e+03
  1.8550e+03 1.9880e+03 2.0170e+03]
 [0.0000e+00 2.4900e+02 7.9100e+02 8.5600e+02 9.1600e+02 1.2240e+03
  1.2530e+03 1.2620e+03 1.3420e+03 1.4200e+03 1.5050e+03 1.6000e+03
  1.6860e+03 1.7880e+03 1.8160e+03]
 [4.2000e+01 2.6400e+02 7.9700e+02 8.5600e+02 1.2730e+03 1.3070e+03
  1.4300e+03 1.4420e+03 1.4490e+03 1.4840e+03 1.4880e+03 1.5970e+03
  1.6660e+03 1.9450e+03 1.9480e+03]
 [4.2500e+02 6.6100e+02 7.4600e+02 9.2600e+02 9.3500e+02 9.5900e+02
  1.2730e+03 1.3320e+03 1.4300e+03 1.6010e+03 1.6990e+03 1.7630e+03
  1.7940e+03 1.8250e+03 1.8540e+03]
 [2.7000e+02 4.5200e+02 5.2000e+02 5.8200e+02 5.9000e+02 5.9200e+02
  7.8400e+02 8.5300e+02 8.6700e+02 9.3900e+02 1.0230e+03 1.2730e+03
  1.3270e+03 1.3720e+03 1.4310e+03]
 [1.8000e+02 2.7200e+02 2.9300e+02 4.0000e+02 4.6400e+02 5.8200e+02
  6.6100e+02 7.1300e+02 7.2700e+02 7.8800e+02 8.7400e+02 9.5600e+02
  1.0540e+03 1.2730e+03 1.2970e+03]
 [0.0000e+00 5.1000e+01 1.2100e+02 2.1500e+02 2.9500e+02 3.3000e+02
  3.8600e+02 5.8200e+02 6.7600e+02 9.0900e+02 9.1200e+02 9.7200e+02
  1.0450e+03 1.0710e+03 1.0920e+03]]
