optimal_status: 0
solution: 38186.0
cpu_time: 3606.729455947876
gap: 0.9646185045364757
upper_bound: 1351.0777857701414
lower_bound: 38186.0
cg_matrix: [[0. 0. 1. 1. 1. 1. 1. 0. 1. 1. 0. 1. 1. 1. 1. 1. 1. 0. 0. 1. 1. 0. 1. 1.
  1. 0. 0. 1. 1. 1. 1. 1. 1. 1. 1. 1. 1. 1. 1. 1. 1. 1. 1. 0. 0. 1. 0. 1.
  1. 1.]
 [0. 0. 1. 1. 1. 1. 1. 0. 1. 0. 0. 1. 1. 1. 1. 1. 1. 1. 1. 1. 1. 1. 1. 1.
  1. 1. 1. 0. 1. 1. 1. 1. 1. 1. 0. 1. 1. 1. 0. 1. 1. 1. 0. 1. 1. 1. 1. 1.
  1. 1.]
 [1. 1. 0. 1. 1. 1. 0. 1. 1. 1. 1. 1. 1. 1. 1. 0. 0. 0. 0. 1. 1. 0. 0. 0.
  1. 1. 1. 1. 1. 1. 1. 1. 1. 1. 1. 1. 0. 1. 1. 1. 1. 1. 1. 1. 1. 1. 1. 1.
  1. 1.]
 [1. 1. 1. 0. 1. 1. 1. 0. 1. 1. 0. 1. 1. 1. 1. 1. 1. 1. 1. 1. 1. 0. 1. 0.
  1. 1. 1. 1. 1. 0. 1. 1. 1. 1. 1. 1. 1. 1. 1. 1. 1. 0. 0. 1. 1. 1. 1. 1.
  1. 1.]
 [1. 1. 1. 1. 0. 1. 1. 0. 1. 1. 1. 1. 1. 1. 1. 1. 1. 0. 1. 1. 1. 1. 0. 1.
  1. 1. 1. 1. 0. 0. 1. 1. 0. 1. 1. 0. 1. 1. 1. 1. 1. 1. 0. 1. 1. 1. 1. 0.
  1. 0.]
 [1. 1. 1. 1. 1. 0. 1. 1. 1. 1. 1. 1. 1. 1. 1. 1. 1. 1. 1. 0. 0. 1. 0. 0.
  0. 1. 1. 1. 1. 1. 0. 1. 1. 0. 0. 1. 1. 0. 1. 0. 1. 1. 0. 1. 1. 1. 1. 1.
  1. 0.]
 [1. 1. 0. 1. 1. 1. 0. 1. 1. 1. 1. 0. 1. 1. 0. 1. 1. 1. 1. 1. 1. 1. 1. 1.
  0. 1. 1. 1. 0. 0. 0. 1. 1. 1. 1. 0. 1. 1. 1. 0. 1. 1. 1. 1. 1. 1. 1. 1.
  1. 1.]
 [0. 0. 1. 0. 0. 1. 1. 0. 1. 1. 1. 1. 0. 1. 1. 1. 1. 0. 1. 1. 1. 1. 0. 1.
  1. 1. 1. 1. 1. 1. 1. 1. 1. 1. 0. 1. 1. 1. 1. 0. 1. 1. 1. 0. 1. 1. 1. 0.
  1. 1.]
 [1. 1. 1. 1. 1. 1. 1. 1. 0. 0. 1. 1. 1. 1. 0. 1. 1. 1. 1. 1. 1. 1. 0. 1.
  0. 1. 1. 1. 1. 1. 1. 1. 0. 0. 1. 1. 1. 0. 1. 1. 1. 1. 1. 1. 1. 1. 1. 1.
  1. 1.]
 [1. 0. 1. 1. 1. 1. 1. 1. 0. 0. 1. 0. 1. 1. 0. 1. 0. 1. 0. 1. 1. 1. 1. 0.
  1. 1. 1. 1. 1. 0. 1. 1. 1. 1. 1. 1. 1. 1. 0. 1. 1. 1. 0. 1. 0. 1. 1. 0.
  1. 1.]
 [0. 0. 1. 0. 1. 1. 1. 1. 1. 1. 0. 1. 1. 0. 1. 1. 1. 0. 1. 1. 1. 1. 1. 1.
  0. 1. 1. 1. 1. 0. 1. 1. 1. 0. 1. 1. 1. 1. 1. 1. 1. 1. 1. 1. 1. 1. 1. 1.
  1. 1.]
 [1. 1. 1. 1. 1. 1. 0. 1. 1. 0. 1. 0. 1. 1. 0. 1. 1. 1. 0. 0. 1. 0. 1. 0.
  1. 0. 1. 1. 1. 1. 1. 1. 1. 1. 1. 1. 0. 0. 1. 1. 1. 1. 1. 0. 1. 1. 1. 0.
  1. 1.]
 [1. 1. 1. 1. 1. 1. 1. 0. 1. 1. 1. 1. 0. 1. 0. 1. 1. 1. 1. 1. 1. 0. 1. 1.
  1. 1. 1. 1. 1. 0. 1. 1. 1. 0. 1. 0. 1. 1. 1. 1. 1. 0. 1. 0. 1. 1. 1. 1.
  1. 0.]
 [1. 1. 1. 1. 1. 1. 1. 1. 1. 1. 0. 1. 1. 0. 1. 1. 0. 1. 0. 1. 1. 1. 0. 1.
  1. 0. 1. 1. 1. 1. 1. 0. 0. 1. 1. 1. 1. 1. 0. 1. 0. 1. 1. 0. 0. 1. 1. 1.
  1. 1.]
 [1. 1. 1. 1. 1. 1. 0. 1. 0. 0. 1. 0. 0. 1. 0. 1. 1. 1. 1. 1. 1. 1. 1. 1.
  1. 1. 1. 1. 1. 0. 0. 0. 0. 0. 1. 1. 1. 1. 1. 1. 1. 1. 0. 1. 1. 1. 1. 1.
  1. 1.]
 [1. 1. 0. 1. 1. 1. 1. 1. 1. 1. 1. 1. 1. 1. 1. 0. 1. 1. 1. 1. 1. 1. 0. 1.
  1. 1. 1. 0. 1. 1. 1. 1. 1. 1. 1. 1. 1. 1. 1. 1. 0. 1. 1. 1. 1. 0. 0. 1.
  1. 1.]
 [1. 1. 0. 1. 1. 1. 1. 1. 1. 0. 1. 1. 1. 0. 1. 1. 0. 1. 0. 1. 0. 1. 1. 1.
  1. 0. 1. 1. 1. 1. 1. 1. 1. 1. 1. 0. 0. 1. 1. 0. 0. 0. 1. 1. 1. 1. 1. 1.
  1. 1.]
 [0. 1. 0. 1. 0. 1. 1. 0. 1. 1. 0. 1. 1. 1. 1. 1. 1. 0. 1. 1. 0. 1. 1. 0.
  1. 1. 0. 1. 1. 1. 1. 1. 0. 1. 1. 1. 1. 1. 1. 1. 1. 1. 1. 1. 0. 1. 1. 1.
  1. 0.]
 [0. 1. 0. 1. 1. 1. 1. 1. 1. 0. 1. 0. 1. 0. 1. 1. 0. 1. 0. 1. 0. 0. 1. 1.
  1. 0. 0. 1. 1. 1. 0. 1. 1. 1. 0. 1. 1. 1. 1. 0. 0. 1. 1. 1. 1. 1. 0. 0.
  1. 0.]
 [1. 1. 1. 1. 1. 0. 1. 1. 1. 1. 1. 0. 1. 1. 1. 1. 1. 1. 1. 0. 1. 1. 1. 1.
  0. 1. 1. 0. 1. 1. 1. 1. 1. 1. 1. 1. 1. 1. 1. 1. 1. 1. 1. 1. 1. 0. 1. 0.
  1. 1.]
 [1. 1. 1. 1. 1. 0. 1. 1. 1. 1. 1. 1. 1. 1. 1. 1. 0. 0. 0. 1. 0. 0. 0. 0.
  0. 0. 0. 0. 0. 0. 0. 0. 0. 0. 0. 0. 0. 0. 0. 0. 0. 0. 0. 0. 0. 0. 0. 0.
  0. 0.]
 [0. 1. 0. 0. 1. 1. 1. 1. 1. 1. 1. 0. 0. 1. 1. 1. 1. 1. 0. 1. 0. 0. 0. 0.
  0. 0. 0. 0. 0. 0. 0. 0. 0. 0. 0. 0. 0. 0. 0. 0. 0. 0. 0. 0. 0. 0. 0. 0.
  0. 0.]
 [1. 1. 0. 1. 0. 0. 1. 0. 0. 1. 1. 1. 1. 0. 1. 0. 1. 1. 1. 1. 0. 0. 0. 0.
  0. 0. 0. 0. 0. 0. 0. 0. 0. 0. 0. 0. 0. 0. 0. 0. 0. 0. 0. 0. 0. 0. 0. 0.
  0. 0.]
 [1. 1. 0. 0. 1. 0. 1. 1. 1. 0. 1. 0. 1. 1. 1. 1. 1. 0. 1. 1. 0. 0. 0. 0.
  0. 0. 0. 0. 0. 0. 0. 0. 0. 0. 0. 0. 0. 0. 0. 0. 0. 0. 0. 0. 0. 0. 0. 0.
  0. 0.]
 [1. 1. 1. 1. 1. 0. 0. 1. 0. 1. 0. 1. 1. 1. 1. 1. 1. 1. 1. 0. 0. 0. 0. 0.
  0. 0. 0. 0. 0. 0. 0. 0. 0. 0. 0. 0. 0. 0. 0. 0. 0. 0. 0. 0. 0. 0. 0. 0.
  0. 0.]
 [0. 1. 1. 1. 1. 1. 1. 1. 1. 1. 1. 0. 1. 0. 1. 1. 0. 1. 0. 1. 0. 0. 0. 0.
  0. 0. 0. 0. 0. 0. 0. 0. 0. 0. 0. 0. 0. 0. 0. 0. 0. 0. 0. 0. 0. 0. 0. 0.
  0. 0.]
 [0. 1. 1. 1. 1. 1. 1. 1. 1. 1. 1. 1. 1. 1. 1. 1. 1. 0. 0. 1. 0. 0. 0. 0.
  0. 0. 0. 0. 0. 0. 0. 0. 0. 0. 0. 0. 0. 0. 0. 0. 0. 0. 0. 0. 0. 0. 0. 0.
  0. 0.]
 [1. 0. 1. 1. 1. 1. 1. 1. 1. 1. 1. 1. 1. 1. 1. 0. 1. 1. 1. 0. 0. 0. 0. 0.
  0. 0. 0. 0. 0. 0. 0. 0. 0. 0. 0. 0. 0. 0. 0. 0. 0. 0. 0. 0. 0. 0. 0. 0.
  0. 0.]
 [1. 1. 1. 1. 0. 1. 0. 1. 1. 1. 1. 1. 1. 1. 1. 1. 1. 1. 1. 1. 0. 0. 0. 0.
  0. 0. 0. 0. 0. 0. 0. 0. 0. 0. 0. 0. 0. 0. 0. 0. 0. 0. 0. 0. 0. 0. 0. 0.
  0. 0.]
 [1. 1. 1. 0. 0. 1. 0. 1. 1. 0. 0. 1. 0. 1. 0. 1. 1. 1. 1. 1. 0. 0. 0. 0.
  0. 0. 0. 0. 0. 0. 0. 0. 0. 0. 0. 0. 0. 0. 0. 0. 0. 0. 0. 0. 0. 0. 0. 0.
  0. 0.]
 [1. 1. 1. 1. 1. 0. 0. 1. 1. 1. 1. 1. 1. 1. 0. 1. 1. 1. 0. 1. 0. 0. 0. 0.
  0. 0. 0. 0. 0. 0. 0. 0. 0. 0. 0. 0. 0. 0. 0. 0. 0. 0. 0. 0. 0. 0. 0. 0.
  0. 0.]
 [1. 1. 1. 1. 1. 1. 1. 1. 1. 1. 1. 1. 1. 0. 0. 1. 1. 1. 1. 1. 0. 0. 0. 0.
  0. 0. 0. 0. 0. 0. 0. 0. 0. 0. 0. 0. 0. 0. 0. 0. 0. 0. 0. 0. 0. 0. 0. 0.
  0. 0.]
 [1. 1. 1. 1. 0. 1. 1. 1. 0. 1. 1. 1. 1. 0. 0. 1. 1. 0. 1. 1. 0. 0. 0. 0.
  0. 0. 0. 0. 0. 0. 0. 0. 0. 0. 0. 0. 0. 0. 0. 0. 0. 0. 0. 0. 0. 0. 0. 0.
  0. 0.]
 [1. 1. 1. 1. 1. 0. 1. 1. 0. 1. 0. 1. 0. 1. 0. 1. 1. 1. 1. 1. 0. 0. 0. 0.
  0. 0. 0. 0. 0. 0. 0. 0. 0. 0. 0. 0. 0. 0. 0. 0. 0. 0. 0. 0. 0. 0. 0. 0.
  0. 0.]
 [1. 0. 1. 1. 1. 0. 1. 0. 1. 1. 1. 1. 1. 1. 1. 1. 1. 1. 0. 1. 0. 0. 0. 0.
  0. 0. 0. 0. 0. 0. 0. 0. 0. 0. 0. 0. 0. 0. 0. 0. 0. 0. 0. 0. 0. 0. 0. 0.
  0. 0.]
 [1. 1. 1. 1. 0. 1. 0. 1. 1. 1. 1. 1. 0. 1. 1. 1. 0. 1. 1. 1. 0. 0. 0. 0.
  0. 0. 0. 0. 0. 0. 0. 0. 0. 0. 0. 0. 0. 0. 0. 0. 0. 0. 0. 0. 0. 0. 0. 0.
  0. 0.]
 [1. 1. 0. 1. 1. 1. 1. 1. 1. 1. 1. 0. 1. 1. 1. 1. 0. 1. 1. 1. 0. 0. 0. 0.
  0. 0. 0. 0. 0. 0. 0. 0. 0. 0. 0. 0. 0. 0. 0. 0. 0. 0. 0. 0. 0. 0. 0. 0.
  0. 0.]
 [1. 1. 1. 1. 1. 0. 1. 1. 0. 1. 1. 0. 1. 1. 1. 1. 1. 1. 1. 1. 0. 0. 0. 0.
  0. 0. 0. 0. 0. 0. 0. 0. 0. 0. 0. 0. 0. 0. 0. 0. 0. 0. 0. 0. 0. 0. 0. 0.
  0. 0.]
 [1. 0. 1. 1. 1. 1. 1. 1. 1. 0. 1. 1. 1. 0. 1. 1. 1. 1. 1. 1. 0. 0. 0. 0.
  0. 0. 0. 0. 0. 0. 0. 0. 0. 0. 0. 0. 0. 0. 0. 0. 0. 0. 0. 0. 0. 0. 0. 0.
  0. 0.]
 [1. 1. 1. 1. 1. 0. 0. 0. 1. 1. 1. 1. 1. 1. 1. 1. 0. 1. 0. 1. 0. 0. 0. 0.
  0. 0. 0. 0. 0. 0. 0. 0. 0. 0. 0. 0. 0. 0. 0. 0. 0. 0. 0. 0. 0. 0. 0. 0.
  0. 0.]
 [1. 1. 1. 1. 1. 1. 1. 1. 1. 1. 1. 1. 1. 0. 1. 0. 0. 1. 0. 1. 0. 0. 0. 0.
  0. 0. 0. 0. 0. 0. 0. 0. 0. 0. 0. 0. 0. 0. 0. 0. 0. 0. 0. 0. 0. 0. 0. 0.
  0. 0.]
 [1. 1. 1. 0. 1. 1. 1. 1. 1. 1. 1. 1. 0. 1. 1. 1. 0. 1. 1. 1. 0. 0. 0. 0.
  0. 0. 0. 0. 0. 0. 0. 0. 0. 0. 0. 0. 0. 0. 0. 0. 0. 0. 0. 0. 0. 0. 0. 0.
  0. 0.]
 [1. 0. 1. 0. 0. 0. 1. 1. 1. 0. 1. 1. 1. 1. 0. 1. 1. 1. 1. 1. 0. 0. 0. 0.
  0. 0. 0. 0. 0. 0. 0. 0. 0. 0. 0. 0. 0. 0. 0. 0. 0. 0. 0. 0. 0. 0. 0. 0.
  0. 0.]
 [0. 1. 1. 1. 1. 1. 1. 0. 1. 1. 1. 0. 0. 0. 1. 1. 1. 1. 1. 1. 0. 0. 0. 0.
  0. 0. 0. 0. 0. 0. 0. 0. 0. 0. 0. 0. 0. 0. 0. 0. 0. 0. 0. 0. 0. 0. 0. 0.
  0. 0.]
 [0. 1. 1. 1. 1. 1. 1. 1. 1. 0. 1. 1. 1. 0. 1. 1. 1. 0. 1. 1. 0. 0. 0. 0.
  0. 0. 0. 0. 0. 0. 0. 0. 0. 0. 0. 0. 0. 0. 0. 0. 0. 0. 0. 0. 0. 0. 0. 0.
  0. 0.]
 [1. 1. 1. 1. 1. 1. 1. 1. 1. 1. 1. 1. 1. 1. 1. 0. 1. 1. 1. 0. 0. 0. 0. 0.
  0. 0. 0. 0. 0. 0. 0. 0. 0. 0. 0. 0. 0. 0. 0. 0. 0. 0. 0. 0. 0. 0. 0. 0.
  0. 0.]
 [0. 1. 1. 1. 1. 1. 1. 1. 1. 1. 1. 1. 1. 1. 1. 0. 1. 1. 0. 1. 0. 0. 0. 0.
  0. 0. 0. 0. 0. 0. 0. 0. 0. 0. 0. 0. 0. 0. 0. 0. 0. 0. 0. 0. 0. 0. 0. 0.
  0. 0.]
 [1. 1. 1. 1. 0. 1. 1. 0. 1. 0. 1. 0. 1. 1. 1. 1. 1. 1. 0. 0. 0. 0. 0. 0.
  0. 0. 0. 0. 0. 0. 0. 0. 0. 0. 0. 0. 0. 0. 0. 0. 0. 0. 0. 0. 0. 0. 0. 0.
  0. 0.]
 [1. 1. 1. 1. 1. 1. 1. 1. 1. 1. 1. 1. 1. 1. 1. 1. 1. 1. 1. 1. 0. 0. 0. 0.
  0. 0. 0. 0. 0. 0. 0. 0. 0. 0. 0. 0. 0. 0. 0. 0. 0. 0. 0. 0. 0. 0. 0. 0.
  0. 0.]
 [1. 1. 1. 1. 0. 0. 1. 1. 1. 1. 1. 1. 0. 1. 1. 1. 1. 0. 0. 1. 0. 0. 0. 0.
  0. 0. 0. 0. 0. 0. 0. 0. 0. 0. 0. 0. 0. 0. 0. 0. 0. 0. 0. 0. 0. 0. 0. 0.
  0. 0.]]
start_times_array: [[3.7269000e+04 3.7301000e+04 3.7314000e+04 3.7346000e+04 3.7397000e+04
  3.7471000e+04 3.7544000e+04 3.7592000e+04 3.7605000e+04 3.7611000e+04
  3.7670000e+04 3.7703000e+04 3.7721000e+04 3.7806000e+04 3.7819000e+04
  3.7876000e+04 3.7958000e+04 3.8029000e+04 3.8061000e+04 3.8136000e+04]
 [3.6372000e+04 3.6378000e+04 3.6442000e+04 3.6557000e+04 3.6617000e+04
  3.6666000e+04 3.6669000e+04 3.6728000e+04 3.6775000e+04 3.6790000e+04
  3.6867000e+04 3.6891000e+04 3.6969000e+04 3.7040000e+04 3.7059000e+04
  3.7124000e+04 3.7212000e+04 3.7235000e+04 3.7237000e+04 3.7305001e+04]
 [3.5538000e+04 3.5676000e+04 3.5737000e+04 3.5767000e+04 3.5857000e+04
  3.5900000e+04 3.5917000e+04 3.5940000e+04 3.6002000e+04 3.6019000e+04
  3.6023000e+04 3.6041000e+04 3.6111000e+04 3.6130000e+04 3.6145000e+04
  3.6162000e+04 3.6246000e+04 3.6300000e+04 3.6317000e+04 3.6476000e+04]
 [3.4437000e+04 3.4513000e+04 3.4520000e+04 3.4728000e+04 3.4892000e+04
  3.4967000e+04 3.5023000e+04 3.5115000e+04 3.5173000e+04 3.5205000e+04
  3.5293000e+04 3.5332000e+04 3.5391000e+04 3.5404000e+04 3.5418000e+04
  3.5467000e+04 3.5520000e+04 3.5607000e+04 3.5620000e+04 3.5702000e+04]
 [3.3724000e+04 3.3735000e+04 3.3860000e+04 3.3937000e+04 3.3957000e+04
  3.4017000e+04 3.4050000e+04 3.4066000e+04 3.4079000e+04 3.4151000e+04
  3.4186000e+04 3.4222000e+04 3.4314000e+04 3.4345000e+04 3.4460000e+04
  3.4569000e+04 3.4658000e+04 3.4822000e+04 3.4843000e+04 3.4880000e+04]
 [3.2638000e+04 3.2707000e+04 3.2861000e+04 3.2884000e+04 3.2965000e+04
  3.3008000e+04 3.3070000e+04 3.3087000e+04 3.3182000e+04 3.3221000e+04
  3.3250000e+04 3.3271000e+04 3.3366000e+04 3.3428000e+04 3.3469000e+04
  3.3543000e+04 3.3618000e+04 3.3625000e+04 3.3794000e+04 3.3852000e+04]
 [3.1620000e+04 3.1631000e+04 3.1715000e+04 3.1732000e+04 3.1819000e+04
  3.1864000e+04 3.1932000e+04 3.1942000e+04 3.1952000e+04 3.1966000e+04
  3.2052000e+04 3.2142000e+04 3.2236000e+04 3.2245000e+04 3.2321000e+04
  3.2396000e+04 3.2458000e+04 3.2519000e+04 3.2542000e+04 3.2762000e+04]
 [3.0597000e+04 3.0685000e+04 3.0769000e+04 3.0810000e+04 3.0891000e+04
  3.0895000e+04 3.0901000e+04 3.0973000e+04 3.1071000e+04 3.1141000e+04
  3.1168000e+04 3.1177000e+04 3.1222000e+04 3.1273000e+04 3.1357000e+04
  3.1449000e+04 3.1490000e+04 3.1510000e+04 3.1529000e+04 3.1591000e+04]
 [2.9213000e+04 2.9265000e+04 2.9290000e+04 2.9296000e+04 2.9387000e+04
  2.9565000e+04 2.9644000e+04 2.9950000e+04 3.0030000e+04 3.0036000e+04
  3.0052000e+04 3.0136000e+04 3.0169000e+04 3.0182000e+04 3.0246000e+04
  3.0307000e+04 3.0348000e+04 3.0425000e+04 3.0456000e+04 3.0530000e+04]
 [2.9213000e+04 2.9273000e+04 2.9368000e+04 2.9388000e+04 2.9487000e+04
  2.9517000e+04 2.9565000e+04 2.9576000e+04 2.9631000e+04 2.9638000e+04
  2.9693000e+04 2.9710000e+04 2.9789000e+04 2.9807000e+04 2.9866000e+04
  2.9888000e+04 2.9914000e+04 2.9949000e+04 2.9950000e+04 2.9975000e+04]
 [2.7932000e+04 2.8114000e+04 2.8128000e+04 2.8191000e+04 2.8254000e+04
  2.8343000e+04 2.8362000e+04 2.8446000e+04 2.8531000e+04 2.8557000e+04
  2.8635000e+04 2.8688000e+04 2.8786000e+04 2.8809000e+04 2.8893000e+04
  2.8946000e+04 2.8993000e+04 2.8995000e+04 2.9093000e+04 2.9151000e+04]
 [2.7097000e+04 2.7114000e+04 2.7219000e+04 2.7231000e+04 2.7291000e+04
  2.7312000e+04 2.7322000e+04 2.7340000e+04 2.7370000e+04 2.7427000e+04
  2.7492000e+04 2.7523000e+04 2.7541000e+04 2.7636000e+04 2.7724000e+04
  2.7765000e+04 2.7857000e+04 2.7953000e+04 2.7971000e+04 2.8058000e+04]
 [2.6094000e+04 2.6202000e+04 2.6208000e+04 2.6301000e+04 2.6358000e+04
  2.6386000e+04 2.6395000e+04 2.6488000e+04 2.6506000e+04 2.6544000e+04
  2.6597000e+04 2.6685000e+04 2.6784000e+04 2.6795000e+04 2.6881000e+04
  2.6956000e+04 2.7043000e+04 2.7059000e+04 2.7088000e+04 2.7166000e+04]
 [2.5340000e+04 2.5410000e+04 2.5469000e+04 2.5502000e+04 2.5510000e+04
  2.5590000e+04 2.5598000e+04 2.5656000e+04 2.5753000e+04 2.5849000e+04
  2.5896000e+04 2.5932000e+04 2.5961000e+04 2.5962000e+04 2.5975000e+04
  2.5992000e+04 2.6026000e+04 2.6060000e+04 2.6130000e+04 2.6195000e+04]
 [2.4362000e+04 2.4424000e+04 2.4524000e+04 2.4569000e+04 2.4573000e+04
  2.4593000e+04 2.4607000e+04 2.4631000e+04 2.4715000e+04 2.4773000e+04
  2.4863000e+04 2.4958000e+04 2.5004000e+04 2.5064000e+04 2.5075000e+04
  2.5104000e+04 2.5143000e+04 2.5167000e+04 2.5189000e+04 2.5282000e+04]
 [2.3210000e+04 2.3386000e+04 2.3519000e+04 2.3612000e+04 2.3694000e+04
  2.3761000e+04 2.3786000e+04 2.3849000e+04 2.3948000e+04 2.3953000e+04
  2.4046000e+04 2.4118000e+04 2.4131000e+04 2.4148000e+04 2.4221000e+04
  2.4226000e+04 2.4265000e+04 2.4285000e+04 2.4312000e+04 2.4457000e+04]
 [2.2200000e+04 2.2356000e+04 2.2378000e+04 2.2472000e+04 2.2542000e+04
  2.2611000e+04 2.2652000e+04 2.2698000e+04 2.2786000e+04 2.2873000e+04
  2.2884000e+04 2.2939000e+04 2.2990000e+04 2.3046000e+04 2.3078000e+04
  2.3107000e+04 2.3113000e+04 2.3240000e+04 2.3294000e+04 2.3435000e+04]
 [2.1191000e+04 2.1283000e+04 2.1312000e+04 2.1370000e+04 2.1461000e+04
  2.1479000e+04 2.1494000e+04 2.1516000e+04 2.1595000e+04 2.1613000e+04
  2.1708000e+04 2.1722000e+04 2.1788000e+04 2.1835000e+04 2.1905000e+04
  2.1995000e+04 2.2055000e+04 2.2134000e+04 2.2140000e+04 2.2299000e+04]
 [2.0246000e+04 2.0254000e+04 2.0318000e+04 2.0415000e+04 2.0435000e+04
  2.0452000e+04 2.0454000e+04 2.0519000e+04 2.0611000e+04 2.0640000e+04
  2.0667000e+04 2.0729000e+04 2.0778000e+04 2.0873000e+04 2.0878000e+04
  2.0971000e+04 2.1009000e+04 2.1091000e+04 2.1132000e+04 2.1175000e+04]
 [1.9339000e+04 1.9354000e+04 1.9365000e+04 1.9398000e+04 1.9481000e+04
  1.9559000e+04 1.9591000e+04 1.9610000e+04 1.9662000e+04 1.9748000e+04
  1.9768000e+04 1.9776000e+04 1.9798000e+04 1.9840000e+04 1.9920000e+04
  1.9981000e+04 2.0057000e+04 2.0072000e+04 2.0158000e+04 2.0173000e+04]
 [1.7444000e+04 1.7492000e+04 1.7520000e+04 1.7557000e+04 1.8254000e+04
  1.8326000e+04 1.8415000e+04 1.8446000e+04 1.8536000e+04 1.8628000e+04
  1.8680000e+04 1.8779000e+04 1.8830000e+04 1.8878000e+04 1.8976000e+04
  1.9075000e+04 1.9122000e+04 1.9220000e+04 1.9237000e+04 1.9269000e+04]
 [1.4968000e+04 1.7502000e+04 1.7534000e+04 1.7600000e+04 1.7634000e+04
  1.7692000e+04 1.7698000e+04 1.7791000e+04 1.7810000e+04 1.7907000e+04
  1.7949000e+04 1.7976000e+04 1.7998000e+04 1.8014000e+04 1.8106000e+04
  1.8147000e+04 1.8234000e+04 1.8266000e+04 1.8315000e+04 1.8316000e+04]
 [1.5740000e+04 1.6407000e+04 1.6464000e+04 1.6541000e+04 1.6589000e+04
  1.6622000e+04 1.6681000e+04 1.6732000e+04 1.6823000e+04 1.6898000e+04
  1.6922000e+04 1.6937000e+04 1.6953000e+04 1.7009000e+04 1.7089000e+04
  1.7131000e+04 1.7200000e+04 1.7273000e+04 1.7359000e+04 1.7444000e+04]
 [1.3685000e+04 1.4764000e+04 1.5001000e+04 1.5027000e+04 1.5636000e+04
  1.5651000e+04 1.5695000e+04 1.5698000e+04 1.5705000e+04 1.5783000e+04
  1.5839000e+04 1.5929000e+04 1.6013000e+04 1.6047000e+04 1.6060000e+04
  1.6155000e+04 1.6216000e+04 1.6268000e+04 1.6344000e+04 1.6366000e+04]
 [1.4421000e+04 1.4445000e+04 1.4548000e+04 1.4561000e+04 1.4649000e+04
  1.4741000e+04 1.4758000e+04 1.4785000e+04 1.4808000e+04 1.4818000e+04
  1.4906000e+04 1.5185000e+04 1.5228000e+04 1.5298000e+04 1.5372000e+04
  1.5456000e+04 1.5461000e+04 1.5497000e+04 1.5568000e+04 1.6086000e+04]
 [1.3713000e+04 1.4102000e+04 1.4172000e+04 1.4198000e+04 1.4396000e+04
  1.4461000e+04 1.4548000e+04 1.4603000e+04 1.4615000e+04 1.4664000e+04
  1.4705000e+04 1.4792000e+04 1.4844000e+04 1.4929000e+04 1.4968000e+04
  1.5006000e+04 1.5027000e+04 1.5076000e+04 1.5092000e+04 1.5100000e+04]
 [1.1343000e+04 1.3084000e+04 1.3124000e+04 1.3189000e+04 1.3281000e+04
  1.4069000e+04 1.4098000e+04 1.4166000e+04 1.4236000e+04 1.4257000e+04
  1.4306000e+04 1.4348000e+04 1.4415000e+04 1.4455000e+04 1.4461000e+04
  1.4500000e+04 1.4529000e+04 1.4570000e+04 1.4652000e+04 1.4745000e+04]
 [1.2944000e+04 1.3187000e+04 1.3253000e+04 1.3271000e+04 1.3325000e+04
  1.3410000e+04 1.3452000e+04 1.3487000e+04 1.3542000e+04 1.3600000e+04
  1.3633000e+04 1.3685000e+04 1.3713000e+04 1.3744000e+04 1.3841000e+04
  1.3892000e+04 1.3906000e+04 1.4005000e+04 1.4055000e+04 1.4414000e+04]
 [1.2365000e+04 1.2748000e+04 1.2759000e+04 1.2820000e+04 1.2864000e+04
  1.2884000e+04 1.2923000e+04 1.2944000e+04 1.3024000e+04 1.3027000e+04
  1.3071000e+04 1.3084000e+04 1.3157000e+04 1.3253000e+04 1.3322000e+04
  1.3327000e+04 1.3329000e+04 1.3402000e+04 1.3476000e+04 1.3542000e+04]
 [1.1528000e+04 1.1621000e+04 1.1706000e+04 1.1779000e+04 1.1855000e+04
  1.1888000e+04 1.1981000e+04 1.2079000e+04 1.2163000e+04 1.2246000e+04
  1.2300000e+04 1.2315000e+04 1.2332000e+04 1.2365000e+04 1.2447000e+04
  1.2499000e+04 1.2571000e+04 1.2608000e+04 1.2703000e+04 1.2748000e+04]
 [5.6410000e+03 1.0291000e+04 1.1209000e+04 1.1302000e+04 1.1343000e+04
  1.1366000e+04 1.1464000e+04 1.1476000e+04 1.1528000e+04 1.1606000e+04
  1.1617000e+04 1.1681000e+04 1.1706000e+04 1.1708000e+04 1.1747000e+04
  1.1826000e+04 1.2058000e+04 1.2091000e+04 1.2172000e+04 1.2708000e+04]
 [1.0145000e+04 1.0338000e+04 1.0374000e+04 1.0386000e+04 1.0474000e+04
  1.0557000e+04 1.0561000e+04 1.0645000e+04 1.0713000e+04 1.0740000e+04
  1.0805000e+04 1.0895000e+04 1.0968000e+04 1.0969000e+04 1.1013000e+04
  1.1040000e+04 1.1136000e+04 1.1209000e+04 1.1221000e+04 1.1248000e+04]
 [7.2890000e+03 8.5610000e+03 8.6420000e+03 8.6950000e+03 9.7660000e+03
  9.8410000e+03 9.8580000e+03 9.9110000e+03 9.9940000e+03 1.0056000e+04
  1.0149000e+04 1.0154000e+04 1.0248000e+04 1.0273000e+04 1.0338000e+04
  1.0406000e+04 1.0450000e+04 1.0466000e+04 1.0514000e+04 1.1241000e+04]
 [7.5000000e+03 9.1100000e+03 9.7860000e+03 9.8280000e+03 9.8600000e+03
  9.9110000e+03 9.9850000e+03 1.0043000e+04 1.0069000e+04 1.0120000e+04
  1.0145000e+04 1.0154000e+04 1.0206000e+04 1.0293000e+04 1.0316000e+04
  1.0386000e+04 1.0444000e+04 1.0458000e+04 1.0507000e+04 1.0558000e+04]
 [7.1180000e+03 8.3740000e+03 8.3880000e+03 8.9580000e+03 8.9660000e+03
  9.0160000e+03 9.1100000e+03 9.1210000e+03 9.2080000e+03 9.2520000e+03
  9.2870000e+03 9.3560000e+03 9.4180000e+03 9.4530000e+03 9.5080000e+03
  9.5850000e+03 9.6770000e+03 9.7660000e+03 9.8330000e+03 9.8980000e+03]
 [5.5610000e+03 6.6030000e+03 7.6000000e+03 7.7290000e+03 8.1700000e+03
  8.2370000e+03 8.2810000e+03 8.3880000e+03 8.3960000e+03 8.5050000e+03
  8.6360000e+03 8.6420000e+03 8.7190000e+03 8.8620000e+03 8.9460000e+03
  9.0620000e+03 9.1250000e+03 9.1760000e+03 9.5850000e+03 9.8060000e+03]
 [7.9600000e+03 8.0250000e+03 8.0260000e+03 8.0550000e+03 8.1150000e+03
  8.1700000e+03 8.2170000e+03 8.2860000e+03 8.3740000e+03 8.4360000e+03
  8.4580000e+03 8.5020000e+03 8.5050000e+03 8.5610000e+03 8.6360000e+03
  8.7160000e+03 8.7170000e+03 8.7820000e+03 8.8580000e+03 8.8620000e+03]
 [7.1330000e+03 7.1360000e+03 7.1420000e+03 7.2030000e+03 7.5990000e+03
  7.6530000e+03 7.7380000e+03 7.7640000e+03 7.7950000e+03 7.8220000e+03
  7.8760000e+03 7.9600000e+03 7.9630000e+03 7.9650000e+03 7.9770000e+03
  8.0210000e+03 8.1100000e+03 8.1910000e+03 8.2070000e+03 8.2860000e+03]
 [6.4910000e+03 6.5690000e+03 6.6030000e+03 6.8990000e+03 6.9890000e+03
  7.0360000e+03 7.1080000e+03 7.1330000e+03 7.1900000e+03 7.2100000e+03
  7.2900000e+03 7.3780000e+03 7.4220000e+03 7.5000000e+03 7.5790000e+03
  7.6320000e+03 7.6740000e+03 7.7380000e+03 7.8220000e+03 7.8370000e+03]
 [4.3980000e+03 4.7260000e+03 4.8190000e+03 4.8300000e+03 5.0920000e+03
  5.0940000e+03 5.1800000e+03 5.2610000e+03 6.2450000e+03 6.3440000e+03
  6.3930000e+03 6.4910000e+03 6.5690000e+03 6.5830000e+03 6.6080000e+03
  6.6820000e+03 6.7760000e+03 6.8670000e+03 6.8990000e+03 7.0640000e+03]
 [3.6360000e+03 3.6590000e+03 4.6710000e+03 5.5230000e+03 5.5620000e+03
  5.5700000e+03 5.6410000e+03 5.7340000e+03 5.8060000e+03 5.8610000e+03
  5.9560000e+03 5.9680000e+03 6.0280000e+03 6.1100000e+03 6.1560000e+03
  6.2380000e+03 6.2450000e+03 6.3000000e+03 6.9430000e+03 7.0290000e+03]
 [3.8530000e+03 4.4790000e+03 4.5350000e+03 4.5450000e+03 4.5940000e+03
  4.6710000e+03 4.7140000e+03 4.7220000e+03 4.7880000e+03 4.8190000e+03
  4.8930000e+03 4.9860000e+03 5.0350000e+03 5.0920000e+03 5.1150000e+03
  5.1410000e+03 5.2380000e+03 5.3320000e+03 5.4030000e+03 5.4260000e+03]
 [2.7070000e+03 3.2250000e+03 3.3670000e+03 3.5310000e+03 3.9530000e+03
  3.9820000e+03 4.2600000e+03 4.2610000e+03 4.3300000e+03 4.4270000e+03
  4.5120000e+03 4.5540000e+03 4.5740000e+03 4.5940000e+03 4.5970000e+03
  4.6400000e+03 4.7260000e+03 4.8230000e+03 4.8450000e+03 6.2790000e+03]
 [3.2290000e+03 3.3100000e+03 3.3220000e+03 3.3930000e+03 3.4320000e+03
  3.5310000e+03 3.6010000e+03 3.6360000e+03 3.7200000e+03 3.7420000e+03
  3.7890000e+03 3.8530000e+03 3.9510000e+03 3.9580000e+03 3.9700000e+03
  4.0450000e+03 4.1090000e+03 4.1950000e+03 4.2220000e+03 4.7120000e+03]
 [1.7770000e+03 2.3560000e+03 2.3620000e+03 2.4530000e+03 2.4690000e+03
  2.5150000e+03 2.5940000e+03 2.6490000e+03 2.7450000e+03 2.9930000e+03
  3.0380000e+03 3.0810000e+03 3.0860000e+03 3.1810000e+03 3.1950000e+03
  3.2250000e+03 3.2290000e+03 3.2670000e+03 3.3580000e+03 3.3670000e+03]
 [1.5320000e+03 2.0760000e+03 2.3440000e+03 2.3620000e+03 2.3830000e+03
  2.3960000e+03 2.4700000e+03 2.5140000e+03 2.5530000e+03 2.6500000e+03
  2.6740000e+03 2.7070000e+03 2.7210000e+03 2.7640000e+03 2.7810000e+03
  2.8610000e+03 2.9340000e+03 2.9730000e+03 2.9790000e+03 2.9930000e+03]
 [4.5100000e+02 6.0100000e+02 1.6700000e+03 1.7160000e+03 1.7870000e+03
  1.8120000e+03 1.9950000e+03 2.0760000e+03 2.1360000e+03 2.1500000e+03
  2.1800000e+03 2.1900000e+03 2.1910000e+03 2.2520000e+03 2.3050000e+03
  2.3250000e+03 2.3440000e+03 2.3590000e+03 2.3710000e+03 2.3810000e+03]
 [7.2000000e+02 7.5600000e+02 7.6400000e+02 8.4200000e+02 8.7400000e+02
  1.1480000e+03 1.1790000e+03 1.1900000e+03 1.3390000e+03 1.4930000e+03
  1.5030000e+03 1.5520000e+03 1.5710000e+03 1.6700000e+03 1.7430000e+03
  1.8380000e+03 1.8760000e+03 1.9590000e+03 1.9700000e+03 2.5570000e+03]
 [0.0000000e+00 3.7000000e+01 1.4600000e+02 2.8200000e+02 3.0800000e+02
  3.5000000e+02 3.8400000e+02 7.0200000e+02 7.6100000e+02 9.8900000e+02
  1.0630000e+03 1.0800000e+03 1.1210000e+03 1.1480000e+03 1.2200000e+03
  1.2570000e+03 1.3390000e+03 1.4170000e+03 1.4930000e+03 1.9560000e+03]
 [0.0000000e+00 4.7000000e+01 4.8000000e+01 5.8000000e+01 1.4600000e+02
  1.8400000e+02 2.6700000e+02 3.5000000e+02 4.4900000e+02 4.5000000e+02
  4.7800000e+02 5.3900000e+02 6.0100000e+02 6.7700000e+02 7.2000000e+02
  7.4900000e+02 8.3200000e+02 9.2900000e+02 9.8900000e+02 1.0180000e+03]]
