optimal_status: 0
solution: 2440.999999755776
cpu_time: 3600.064872980118
gap: 0.5285781903537936
upper_bound: 1150.7406372312573
lower_bound: 2440.999999755776
cg_matrix: [[0. 0. 0. 0. 1. 0. 0. 0. 0. 0. 1. 0. 0. 0. 0.]
 [0. 0. 1. 0. 1. 0. 1. 0. 1. 0. 0. 0. 0. 0. 1.]
 [0. 1. 0. 0. 0. 0. 0. 0. 0. 0. 1. 1. 0. 0. 0.]
 [0. 0. 0. 0. 1. 0. 1. 0. 1. 0. 0. 1. 0. 1. 0.]
 [1. 1. 0. 1. 0. 0. 0. 0. 0. 0. 0. 0. 0. 1. 0.]
 [0. 0. 0. 0. 0. 0. 0. 1. 0. 0. 0. 0. 0. 0. 1.]
 [0. 1. 0. 1. 0. 0. 0. 1. 0. 0. 0. 1. 0. 0. 0.]
 [0. 0. 0. 0. 0. 1. 1. 0. 0. 0. 0. 0. 1. 0. 0.]
 [0. 1. 0. 1. 0. 0. 0. 0. 0. 0. 0. 1. 0. 0. 0.]
 [0. 0. 0. 0. 0. 0. 0. 0. 0. 0. 0. 1. 0. 0. 0.]
 [1. 0. 1. 0. 0. 0. 0. 0. 0. 0. 0. 0. 0. 0. 0.]
 [0. 0. 1. 1. 0. 0. 1. 0. 1. 1. 0. 0. 0. 0. 0.]
 [0. 0. 0. 0. 0. 0. 0. 1. 0. 0. 0. 0. 0. 1. 0.]
 [0. 0. 0. 1. 1. 0. 0. 0. 0. 0. 0. 0. 1. 0. 0.]
 [0. 1. 0. 0. 0. 1. 0. 0. 0. 0. 0. 0. 0. 0. 0.]]
start_times_array: [[ 346.          398.          417.          423.          509.
   510.          787.          877.          941.         1146.
  1164.         1215.         1567.         1867.         2167.        ]
 [ 181.          371.          456.          458.          659.
   745.          957.         1261.         1281.         1530.
  1542.         1611.         1925.         1980.         2293.99999976]
 [  20.          225.          297.          536.          833.
   928.         1164.         1366.         1400.         1689.
  1835.         2064.         2099.99999976 2197.99999976 2262.99999976]
 [ 214.          384.          443.          739.          818.
   941.         1545.         1554.         1754.         1867.
  1894.         1915.         2184.         2229.         2325.        ]
 [   0.           83.          225.          536.          614.
   621.         1048.         1354.         1406.         1435.
  1694.         1776.         2014.         2094.         2405.99999976]
 [  12.           15.          179.          517.          713.
   790.          918.          959.          969.          978.
  1111.         1121.         1782.         1867.         2167.99999976]
 [  44.          225.          326.          536.          587.
   895.          900.         1019.         1071.         1118.
  1139.         1371.         1434.         1782.         2094.        ]
 [  72.           97.          330.          409.          450.
   654.          829.         1188.         1280.         1579.
  1661.         1732.         1748.         1912.         2254.        ]
 [   0.          295.          333.          355.          568.
  1018.         1066.         1125.         1354.         1383.
  1482.         1718.         1776.         2064.         2125.        ]
 [ 214.          297.          330.          441.          506.
   787.          844.          941.         1002.         1017.
  1042.         1458.         1556.         2111.         2274.99999976]
 [   0.           82.          181.          599.          687.
   712.          972.         1062.         1295.         1577.
  1618.         1635.         1772.         1925.         1932.        ]
 [  83.          142.          164.          399.          416.
   417.          438.          655.         1188.         1281.
  1611.         1932.         2005.         2335.99999976 2377.99999976]
 [   0.          214.          294.          593.          941.
  1103.         1396.         1489.         1562.         1867.
  2022.99999976 2048.99999976 2125.         2174.         2335.99999976]
 [ 142.          306.          414.          649.          895.
  1002.         1146.         1189.         1264.         1516.
  1546.         1602.         1932.         1948.         2168.        ]
 [  46.          277.          330.          617.          649.
   833.         1071.         1087.         1170.         1337.
  1478.         1513.         1689.         1802.         2074.99999976]]
