optimal_status: 0
solution: 3533.0
cpu_time: 3600.1214830875397
gap: 0.6118780486385266
upper_bound: 1371.2348541600854
lower_bound: 3533.0
cg_matrix: [[0. 0. 1. 0. 0. 0. 0. 0. 0. 0. 0. 0. 0. 0. 0. 0. 0. 0. 1. 1. 1. 0. 0. 0.
  0. 0. 0. 0. 0. 1.]
 [0. 0. 0. 0. 0. 0. 0. 1. 0. 1. 0. 1. 0. 0. 0. 0. 0. 0. 0. 0. 0. 0. 1. 0.
  0. 1. 0. 0. 0. 0.]
 [1. 0. 0. 1. 1. 0. 0. 0. 1. 0. 1. 0. 1. 0. 0. 0. 1. 0. 1. 0. 0. 0. 0. 1.
  0. 0. 0. 0. 0. 0.]
 [0. 0. 1. 0. 0. 0. 0. 0. 0. 0. 0. 1. 1. 0. 0. 0. 0. 0. 1. 1. 0. 1. 0. 1.
  0. 0. 0. 0. 0. 0.]
 [0. 0. 1. 0. 0. 0. 0. 0. 0. 0. 0. 1. 0. 0. 0. 1. 0. 0. 0. 0. 0. 0. 0. 1.
  0. 0. 1. 0. 0. 0.]
 [0. 0. 0. 0. 0. 0. 0. 0. 0. 0. 0. 0. 0. 1. 0. 0. 0. 0. 0. 0. 1. 0. 0. 0.
  1. 0. 0. 0. 0. 0.]
 [0. 0. 0. 0. 0. 0. 0. 0. 0. 0. 0. 0. 0. 0. 0. 1. 0. 0. 0. 1. 0. 0. 0. 0.
  0. 0. 0. 0. 0. 0.]
 [0. 1. 0. 0. 0. 0. 0. 0. 0. 0. 1. 0. 0. 0. 0. 0. 0. 0. 0. 0. 0. 0. 0. 0.
  0. 0. 0. 0. 0. 0.]
 [0. 0. 1. 0. 0. 0. 0. 0. 0. 0. 0. 1. 0. 0. 0. 0. 0. 0. 0. 0. 0. 0. 0. 0.
  0. 0. 1. 0. 0. 0.]
 [0. 1. 0. 0. 0. 0. 0. 0. 0. 0. 0. 0. 0. 0. 1. 1. 0. 1. 0. 0. 0. 0. 0. 0.
  0. 1. 0. 0. 0. 0.]
 [0. 0. 1. 0. 0. 0. 0. 1. 0. 0. 0. 0. 0. 0. 1. 0. 1. 0. 0. 0. 0. 0. 0. 0.
  1. 0. 0. 0. 0. 0.]
 [0. 1. 0. 1. 1. 0. 0. 0. 1. 0. 0. 0. 1. 0. 1. 0. 0. 0. 0. 0. 0. 1. 0. 0.
  0. 0. 0. 0. 0. 0.]
 [0. 0. 1. 1. 0. 0. 0. 0. 0. 0. 0. 1. 0. 0. 0. 0. 0. 0. 0. 0. 0. 0. 0. 0.
  0. 1. 1. 0. 0. 0.]
 [0. 0. 0. 0. 0. 1. 0. 0. 0. 0. 0. 0. 0. 0. 0. 0. 0. 0. 0. 0. 0. 0. 1. 0.
  0. 0. 0. 0. 0. 0.]
 [0. 0. 0. 0. 0. 0. 0. 0. 0. 1. 1. 1. 0. 0. 0. 1. 0. 1. 0. 0. 0. 0. 0. 0.
  1. 0. 0. 0. 0. 0.]
 [0. 0. 0. 0. 1. 0. 1. 0. 0. 1. 0. 0. 0. 0. 1. 0. 0. 0. 0. 0. 0. 0. 0. 0.
  0. 0. 0. 0. 0. 0.]
 [0. 0. 1. 0. 0. 0. 0. 0. 0. 0. 1. 0. 0. 0. 0. 0. 0. 0. 0. 0. 0. 0. 0. 0.
  0. 0. 0. 0. 0. 0.]
 [0. 0. 0. 0. 0. 0. 0. 0. 0. 1. 0. 0. 0. 0. 1. 0. 0. 0. 0. 0. 0. 0. 0. 0.
  0. 0. 0. 0. 0. 0.]
 [1. 0. 1. 1. 0. 0. 0. 0. 0. 0. 0. 0. 0. 0. 0. 0. 0. 0. 0. 0. 0. 0. 0. 0.
  0. 0. 0. 0. 0. 0.]
 [1. 0. 0. 1. 0. 0. 1. 0. 0. 0. 0. 0. 0. 0. 0. 0. 0. 0. 0. 0. 0. 0. 0. 0.
  0. 0. 0. 0. 0. 0.]
 [1. 0. 0. 0. 0. 1. 0. 0. 0. 0. 0. 0. 0. 0. 0. 0. 0. 0. 0. 0. 0. 0. 0. 0.
  0. 0. 0. 0. 0. 0.]
 [0. 0. 0. 1. 0. 0. 0. 0. 0. 0. 0. 1. 0. 0. 0. 0. 0. 0. 0. 0. 0. 0. 0. 0.
  0. 0. 0. 0. 0. 0.]
 [0. 1. 0. 0. 0. 0. 0. 0. 0. 0. 0. 0. 0. 1. 0. 0. 0. 0. 0. 0. 0. 0. 0. 0.
  0. 0. 0. 0. 0. 0.]
 [0. 0. 1. 1. 1. 0. 0. 0. 0. 0. 0. 0. 0. 0. 0. 0. 0. 0. 0. 0. 0. 0. 0. 0.
  0. 0. 0. 0. 0. 0.]
 [0. 0. 0. 0. 0. 1. 0. 0. 0. 0. 1. 0. 0. 0. 1. 0. 0. 0. 0. 0. 0. 0. 0. 0.
  0. 0. 0. 0. 0. 0.]
 [0. 1. 0. 0. 0. 0. 0. 0. 0. 1. 0. 0. 1. 0. 0. 0. 0. 0. 0. 0. 0. 0. 0. 0.
  0. 0. 0. 0. 0. 0.]
 [0. 0. 0. 0. 1. 0. 0. 0. 1. 0. 0. 0. 1. 0. 0. 0. 0. 0. 0. 0. 0. 0. 0. 0.
  0. 0. 0. 0. 0. 0.]
 [0. 0. 0. 0. 0. 0. 0. 0. 0. 0. 0. 0. 0. 0. 0. 0. 0. 0. 0. 0. 0. 0. 0. 0.
  0. 0. 0. 0. 0. 0.]
 [0. 0. 0. 0. 0. 0. 0. 0. 0. 0. 0. 0. 0. 0. 0. 0. 0. 0. 0. 0. 0. 0. 0. 0.
  0. 0. 0. 0. 0. 0.]
 [1. 0. 0. 0. 0. 0. 0. 0. 0. 0. 0. 0. 0. 0. 0. 0. 0. 0. 0. 0. 0. 0. 0. 0.
  0. 0. 0. 0. 0. 0.]]
start_times_array: [[ 381.  729.  830.  921. 1100. 1438. 1526. 1614. 1798. 2394. 2457. 2618.
  2621. 2985. 3076.]
 [  30.   51.  187.  368.  648. 1048. 1104. 1252. 1476. 1729. 2208. 2461.
  2800. 3134. 3257.]
 [ 477.  680. 1000. 1205. 1389. 1684. 2206. 2684. 2778. 2859. 3167. 3300.
  3305. 3477. 3522.]
 [   0.  364.  632.  669.  670. 1515. 1770. 2394. 2427. 2488. 2866. 3020.
  3265. 3430. 3468.]
 [   0.  136.  364.  642. 1413. 1489. 1608. 2121. 2393. 2479. 2525. 2874.
  3284. 3328. 3449.]
 [   0.   35.  382.  428.  527.  544.  940. 1784. 2208. 2383. 2502. 2616.
  2712. 3223. 3298.]
 [ 346.  819.  921.  946. 1071. 1621. 1719. 1723. 1903. 2150. 2202. 2928.
  2976. 3201. 3461.]
 [ 490.  567.  819. 1403. 2075. 2215. 2436. 2519. 2586. 2695. 2774. 3167.
  3397. 3429. 3527.]
 [ 153.  364.  971. 1967. 2374. 2428. 2444. 2485. 2487. 2874. 2991. 3124.
  3134. 3361. 3441.]
 [ 225.  632.  727. 1432. 1549. 1566. 1939. 2168. 2494. 2887. 2962. 2972.
  3050. 3073. 3360.]
 [   0.  153.  189.  746.  863. 1100. 1832. 2383. 2604. 2861. 2886. 3080.
  3125. 3260. 3328.]
 [ 305.  462. 1878. 2024. 2032. 2036. 2052. 2259. 2609. 2683. 2988. 3112.
  3149. 3225. 3228.]
 [  62.  188.  565.  717.  896. 1094. 1117. 1298. 1549. 2119. 2302. 2946.
  3017. 3269. 3347.]
 [ 308.  752.  881. 1245. 1382. 1443. 1668. 1982. 2025. 2121. 2268. 2649.
  2700. 2707. 2800.]
 [ 548.  893.  964. 1678. 1989. 2120. 2211. 2231. 2394. 2419. 2433. 2540.
  2796. 3022. 3464.]
 [ 252.  425.  437.  672. 1014. 1271. 1304. 1856. 2033. 2346. 2609. 2670.
  2712. 3061. 3109.]
 [  82.  280. 1319. 1413. 1484. 1570. 1612. 1780. 1998. 2071. 2394. 2529.
  2946. 3122. 3383.]
 [   8.  189.  404.  452.  642. 1009. 1770. 1865. 2259. 2323. 2534. 2608.
  2733. 3109. 3173.]
 [  78.  163.  316. 1270. 1356. 1858. 1923. 1967. 1989. 2075. 2302. 2530.
  2920. 3328. 3367.]
 [  62.  164.  206.  315.  537.  905. 1098. 1389. 1920. 1971. 1982. 2121.
  2545. 2696. 3305.]
 [  88.  164.  346.  622.  716. 1197. 1358. 1719. 1729. 1735. 2036. 2076.
  2530. 2807. 3311.]
 [ 100.  219.  587.  715.  774.  790.  842.  881. 1222. 1233. 1289. 1352.
  1558. 2119. 2569.]
 [  96.  462.  506.  509.  582.  940. 1084. 1154. 1574. 1614. 1651. 1812.
  1890. 2487. 2712.]
 [  67.  223.  428.  565.  774.  847.  907. 1094. 1095. 1138. 1304. 1858.
  1945. 2040. 2922.]
 [  98.  256.  332.  631.  821. 1024. 1197. 1230. 1312. 1428. 1515. 1998.
  2188. 2286. 3007.]
 [   0.   84.  163.  276.  295.  462.  815.  924. 1155. 1335. 1480. 1621.
  2215. 2383. 2534.]
 [  84.  305.  409.  507.  551.  604.  808.  921. 1165. 1735. 1824. 1894.
  2100. 2206. 2778.]
 [   6.   11.   63.  329.  548.  642.  707.  727.  745. 1476. 1770. 1826.
  2168. 2196. 2865.]
 [   0.  108.  219.  462.  519.  589.  660.  909.  924. 1000. 1172. 1197.
  1421. 1984. 2076.]
 [  15.  145.  241.  256.  491.  567.  575.  625.  974. 1270. 1289. 1680.
  1904. 2016. 2071.]]
