optimal_status: 0
solution: 3352.0
cpu_time: 3600.282331943512
gap: 0.5959342846025975
upper_bound: 1354.4282780120934
lower_bound: 3352.0
cg_matrix: [[0. 0. 0. 0. 0. 0. 1. 0. 0. 0. 0. 0. 1. 1. 0. 0. 0. 0. 1. 0. 0. 0. 0. 0.
  0. 0. 0. 0. 0. 1.]
 [0. 0. 0. 0. 0. 0. 0. 1. 0. 0. 0. 0. 0. 0. 0. 0. 0. 0. 0. 0. 0. 0. 0. 0.
  1. 1. 1. 1. 1. 1.]
 [0. 0. 0. 0. 0. 1. 0. 0. 0. 0. 0. 0. 1. 0. 0. 0. 1. 0. 0. 0. 1. 0. 1. 0.
  1. 0. 1. 0. 0. 1.]
 [0. 0. 0. 0. 0. 0. 0. 1. 0. 1. 1. 1. 0. 0. 0. 1. 0. 0. 0. 0. 0. 0. 0. 0.
  0. 0. 0. 1. 0. 0.]
 [0. 0. 0. 0. 0. 0. 0. 0. 0. 0. 0. 1. 1. 1. 0. 0. 1. 0. 0. 0. 1. 0. 0. 0.
  0. 0. 0. 0. 0. 0.]
 [0. 0. 1. 0. 0. 0. 0. 0. 0. 0. 0. 0. 0. 0. 0. 0. 0. 0. 0. 1. 0. 0. 0. 0.
  0. 1. 0. 0. 0. 0.]
 [1. 0. 0. 0. 0. 0. 0. 0. 0. 0. 0. 0. 0. 0. 0. 0. 0. 1. 0. 0. 0. 0. 0. 0.
  0. 0. 1. 0. 0. 0.]
 [0. 1. 0. 1. 0. 0. 0. 0. 1. 0. 1. 1. 0. 0. 0. 0. 1. 0. 0. 0. 0. 0. 0. 0.
  0. 0. 0. 0. 0. 0.]
 [0. 0. 0. 0. 0. 0. 0. 1. 0. 0. 0. 0. 1. 0. 0. 0. 0. 1. 0. 0. 0. 0. 0. 0.
  1. 0. 0. 0. 0. 0.]
 [0. 0. 0. 1. 0. 0. 0. 0. 0. 0. 1. 1. 0. 1. 0. 0. 1. 1. 0. 0. 0. 0. 1. 0.
  0. 0. 0. 1. 0. 0.]
 [0. 0. 0. 1. 0. 0. 0. 1. 0. 1. 0. 0. 0. 1. 0. 0. 0. 0. 0. 1. 0. 0. 0. 1.
  0. 0. 0. 0. 0. 0.]
 [0. 0. 0. 1. 1. 0. 0. 1. 0. 1. 0. 0. 0. 0. 0. 0. 0. 1. 1. 0. 0. 0. 0. 0.
  1. 0. 0. 0. 0. 0.]
 [1. 0. 1. 0. 1. 0. 0. 0. 1. 0. 0. 0. 0. 0. 0. 0. 0. 0. 0. 0. 0. 0. 0. 1.
  0. 0. 0. 0. 0. 0.]
 [1. 0. 0. 0. 1. 0. 0. 0. 0. 1. 1. 0. 0. 0. 0. 1. 0. 0. 0. 1. 0. 0. 0. 0.
  0. 0. 0. 1. 1. 0.]
 [0. 0. 0. 0. 0. 0. 0. 0. 0. 0. 0. 0. 0. 0. 0. 0. 0. 1. 1. 0. 1. 0. 0. 0.
  1. 0. 0. 1. 0. 0.]
 [0. 0. 0. 1. 0. 0. 0. 0. 0. 0. 0. 0. 0. 1. 0. 0. 0. 0. 0. 0. 0. 0. 0. 0.
  0. 0. 0. 0. 0. 0.]
 [0. 0. 1. 0. 1. 0. 0. 1. 0. 1. 0. 0. 0. 0. 0. 0. 0. 0. 0. 0. 0. 0. 0. 0.
  0. 0. 0. 0. 0. 0.]
 [0. 0. 0. 0. 0. 0. 1. 0. 1. 1. 0. 1. 0. 0. 1. 0. 0. 0. 0. 0. 0. 0. 0. 0.
  0. 0. 0. 0. 0. 0.]
 [1. 0. 0. 0. 0. 0. 0. 0. 0. 0. 0. 1. 0. 0. 1. 0. 0. 0. 0. 0. 0. 0. 0. 0.
  0. 0. 0. 0. 0. 0.]
 [0. 0. 0. 0. 0. 1. 0. 0. 0. 0. 1. 0. 0. 1. 0. 0. 0. 0. 0. 0. 0. 0. 0. 0.
  0. 0. 0. 0. 0. 0.]
 [0. 0. 1. 0. 1. 0. 0. 0. 0. 0. 0. 0. 0. 0. 1. 0. 0. 0. 0. 0. 0. 0. 0. 0.
  0. 0. 0. 0. 0. 0.]
 [0. 0. 0. 0. 0. 0. 0. 0. 0. 0. 0. 0. 0. 0. 0. 0. 0. 0. 0. 0. 0. 0. 0. 0.
  0. 0. 0. 0. 0. 0.]
 [0. 0. 1. 0. 0. 0. 0. 0. 0. 1. 0. 0. 0. 0. 0. 0. 0. 0. 0. 0. 0. 0. 0. 0.
  0. 0. 0. 0. 0. 0.]
 [0. 0. 0. 0. 0. 0. 0. 0. 0. 0. 1. 0. 1. 0. 0. 0. 0. 0. 0. 0. 0. 0. 0. 0.
  0. 0. 0. 0. 0. 0.]
 [0. 1. 1. 0. 0. 0. 0. 0. 1. 0. 0. 1. 0. 0. 1. 0. 0. 0. 0. 0. 0. 0. 0. 0.
  0. 0. 0. 0. 0. 0.]
 [0. 1. 0. 0. 0. 1. 0. 0. 0. 0. 0. 0. 0. 0. 0. 0. 0. 0. 0. 0. 0. 0. 0. 0.
  0. 0. 0. 0. 0. 0.]
 [0. 1. 1. 0. 0. 0. 1. 0. 0. 0. 0. 0. 0. 0. 0. 0. 0. 0. 0. 0. 0. 0. 0. 0.
  0. 0. 0. 0. 0. 0.]
 [0. 1. 0. 1. 0. 0. 0. 0. 0. 1. 0. 0. 0. 1. 1. 0. 0. 0. 0. 0. 0. 0. 0. 0.
  0. 0. 0. 0. 0. 0.]
 [0. 1. 0. 0. 0. 0. 0. 0. 0. 0. 0. 0. 0. 1. 0. 0. 0. 0. 0. 0. 0. 0. 0. 0.
  0. 0. 0. 0. 0. 0.]
 [1. 1. 1. 0. 0. 0. 0. 0. 0. 0. 0. 0. 0. 0. 0. 0. 0. 0. 0. 0. 0. 0. 0. 0.
  0. 0. 0. 0. 0. 0.]]
start_times_array: [[ 244.  464.  520.  589.  604.  913. 1017. 1101. 1355. 1817. 2092. 2477.
  2629. 2781. 3116.]
 [ 250. 1113. 1171. 1227. 1257. 1599. 1747. 2183. 2346. 2378. 2502. 2867.
  2970. 3109. 3208.]
 [ 149.  291.  575.  685.  756.  919.  975. 1017. 1256. 1794. 1945. 2054.
  2335. 2419. 3077.]
 [ 391.  727.  793.  820.  866. 1098. 2185. 2298. 2854. 3011. 3033. 3063.
  3225. 3241. 3251.]
 [   0.  119.  168.  459.  554.  919. 1254. 1282. 1817. 2000. 2334. 2335.
  2767. 3060. 3277.]
 [  86.  225.  908. 1034. 1125. 1170. 1442. 1535. 2094. 2158. 2237. 2502.
  2591. 2863. 3147.]
 [  33.  100.  117.  264.  284.  329.  398.  451.  461. 1201. 1271. 1515.
  1595. 1729. 2885.]
 [ 119.  127.  659.  919.  958.  982. 1287. 1813. 1855. 2280. 2421. 2670.
  2745. 2782. 3336.]
 [ 163.  264.  291.  301.  326.  520. 1775. 2031. 2141. 2153. 2334. 2479.
  2495. 2929. 3077.]
 [ 119.  312.  540.  919. 1218. 1431. 1632. 1725. 1727. 2004. 2368. 2781.
  2875. 3075. 3268.]
 [ 250.  459.  623. 1514. 1909. 2093. 2479. 2550. 2560. 2566. 2629. 2941.
  3141. 3172. 3194.]
 [  34.   81.  253. 1535. 1746. 1956. 2092. 2113. 2143. 2160. 2525. 2599.
  2647. 2941. 3170.]
 [ 820.  988. 1014. 1171. 1419. 1496. 1620. 1632. 1713. 1728. 2246. 2575.
  2674. 2709. 3208.]
 [   6.   13.  212.  366.  659.  756.  760. 1737. 2185. 2419. 2589. 3011.
  3026. 3209. 3349.]
 [ 284.  456.  459. 1119. 1443. 1579. 2049. 2117. 2268. 2330. 2444. 2454.
  2781. 2885. 3075.]
 [ 109.  180.  953. 1017. 1185. 1262. 1282. 1554. 1593. 1817. 1871. 2378.
  3073. 3140. 3147.]
 [ 858. 1075. 1101. 1125. 1355. 1497. 1565. 2113. 2151. 2212. 2272. 2314.
  2525. 2572. 3147.]
 [   0.  621.  738.  774. 1334. 1706. 1808. 2241. 2409. 2661. 2689. 2715.
  3009. 3159. 3225.]
 [ 124.  173.  352.  610.  677.  754. 1170. 1266. 1267. 1514. 1854. 1965.
  2372. 2661. 2753.]
 [ 540. 1017. 1242. 1602. 1689. 1817. 1878. 2004. 2005. 2339. 2670. 2689.
  2804. 2854. 3060.]
 [   6.   44.  198. 1049. 1355. 1526. 1737. 1772. 2160. 2535. 2586. 2605.
  2660. 2855. 2926.]
 [ 244.  493.  620.  716.  924.  937. 1113. 1509. 1855. 2024. 2054. 2334.
  2421. 2575. 3070.]
 [  23.  212.  366.  394.  461. 1114. 1551. 2092. 2211. 2502. 2599. 3011.
  3051. 3055. 3215.]
 [   0.   22.   74.  109.  183.  184.  246.  555. 1762. 1770. 2185. 2352.
  2428. 2525. 2805.]
 [   0.  405.  583.  634.  674.  823. 1032. 1355. 1656. 1851. 1883. 2278.
  2661. 3016. 3249.]
 [  34.   74.  124.  127.  205.  312.  401. 1656. 1730. 2259. 2656. 2737.
  2772. 2817. 3016.]
 [ 192.  481.  546.  838. 1031. 1065. 1360. 1442. 1492. 1551. 1709. 2255.
  2589. 2681. 3262.]
 [ 933. 1037. 1287. 1366. 1531. 1817. 1926. 1928. 2546. 2647. 2719. 2737.
  2748. 2941. 3143.]
 [  55.  149.  163.  180. 1453. 1510. 1591. 1656. 1854. 1952. 2546. 2719.
  2753. 2808. 2844.]
 [   0.   44.  277.  375.  621. 1419. 1515. 1656. 2031. 2051. 2269. 2572.
  2623. 2715. 3151.]]
