optimal_status: 0
solution: 69194.0
cpu_time: 3612.3082010746
gap: 0.977618298233492
upper_bound: 1548.6794720317628
lower_bound: 69194.0
cg_matrix: [[0. 1. 1. 0. 0. 1. 1. 1. 1. 0. 0. 1. 0. 0. 1. 1. 1. 0. 0. 1. 1. 1. 0. 0.
  1. 0. 1. 1. 0. 1. 1. 0. 0. 0. 1. 0. 0. 1. 1. 0. 1. 0. 0. 0. 1. 1. 1. 0.
  0. 1. 1. 0. 1. 0. 1. 0. 1. 1. 1. 1. 1. 0. 0. 1. 1. 0. 1. 1. 0. 0. 1. 0.
  1. 1. 0. 0. 1. 0. 1. 1. 1. 1. 1. 1. 0. 0. 0. 1. 0. 0. 1. 1. 0. 0. 0. 1.
  0. 1. 1. 1.]
 [1. 0. 0. 1. 1. 0. 0. 1. 1. 1. 1. 1. 0. 0. 1. 0. 1. 0. 0. 0. 0. 1. 1. 0.
  0. 0. 0. 0. 0. 1. 0. 0. 1. 1. 0. 1. 0. 0. 0. 1. 0. 1. 0. 1. 1. 1. 0. 0.
  0. 0. 1. 0. 1. 0. 1. 0. 1. 0. 0. 0. 1. 0. 1. 1. 1. 0. 0. 0. 1. 0. 1. 1.
  1. 0. 1. 1. 1. 1. 1. 1. 0. 1. 1. 0. 1. 1. 0. 1. 1. 0. 1. 1. 0. 1. 0. 0.
  0. 1. 1. 0.]
 [1. 0. 0. 1. 1. 0. 0. 0. 0. 0. 0. 0. 1. 1. 0. 1. 1. 1. 1. 0. 1. 1. 0. 1.
  1. 1. 0. 0. 0. 0. 1. 0. 1. 0. 1. 1. 0. 0. 0. 0. 1. 0. 0. 0. 0. 0. 1. 0.
  0. 1. 1. 1. 0. 0. 0. 0. 0. 0. 0. 1. 0. 0. 0. 0. 0. 0. 0. 0. 1. 1. 1. 0.
  1. 1. 1. 1. 0. 0. 0. 1. 1. 1. 1. 0. 0. 1. 0. 0. 1. 0. 1. 1. 0. 0. 1. 0.
  0. 0. 0. 1.]
 [0. 1. 1. 0. 1. 1. 0. 1. 0. 0. 1. 1. 0. 0. 1. 1. 0. 0. 1. 0. 0. 1. 0. 0.
  0. 0. 0. 1. 0. 1. 0. 0. 0. 1. 1. 0. 1. 1. 0. 1. 0. 0. 1. 1. 1. 0. 1. 0.
  1. 0. 1. 1. 1. 1. 0. 1. 1. 0. 0. 0. 1. 1. 0. 0. 1. 1. 0. 0. 0. 1. 1. 1.
  1. 1. 0. 1. 1. 0. 0. 0. 1. 1. 0. 0. 1. 1. 0. 0. 1. 0. 0. 1. 0. 0. 0. 1.
  1. 1. 0. 0.]
 [0. 1. 1. 1. 0. 1. 0. 0. 1. 0. 1. 1. 0. 1. 0. 0. 1. 0. 1. 1. 1. 1. 0. 1.
  0. 0. 0. 0. 1. 0. 0. 1. 0. 1. 0. 1. 1. 1. 1. 0. 1. 0. 1. 1. 0. 0. 0. 1.
  0. 0. 1. 1. 1. 0. 0. 1. 0. 1. 1. 1. 0. 0. 0. 1. 1. 0. 1. 0. 1. 1. 0. 1.
  1. 0. 1. 0. 1. 1. 1. 1. 1. 1. 1. 0. 1. 1. 0. 1. 0. 1. 1. 1. 1. 0. 1. 1.
  0. 0. 0. 1.]
 [1. 0. 0. 1. 1. 0. 1. 0. 0. 0. 0. 1. 1. 1. 1. 0. 0. 1. 0. 0. 1. 0. 0. 0.
  1. 0. 0. 0. 0. 1. 0. 1. 0. 1. 0. 1. 0. 0. 1. 0. 1. 1. 1. 0. 0. 1. 1. 0.
  0. 1. 1. 1. 0. 1. 1. 0. 1. 0. 0. 1. 0. 1. 0. 0. 0. 0. 1. 1. 1. 1. 1. 0.
  0. 1. 1. 1. 0. 0. 0. 0. 1. 0. 1. 1. 0. 0. 0. 0. 0. 0. 1. 1. 0. 1. 1. 0.
  0. 0. 0. 1.]
 [1. 0. 0. 0. 0. 1. 0. 0. 0. 1. 1. 0. 1. 0. 0. 0. 1. 1. 1. 0. 1. 1. 1. 1.
  1. 0. 0. 0. 0. 1. 0. 1. 1. 1. 1. 1. 1. 0. 1. 0. 0. 0. 0. 0. 0. 1. 0. 0.
  1. 0. 0. 0. 1. 0. 0. 0. 1. 1. 1. 0. 0. 0. 1. 1. 1. 0. 1. 0. 0. 1. 0. 1.
  1. 0. 1. 1. 1. 0. 0. 1. 0. 1. 1. 0. 1. 1. 0. 1. 1. 0. 1. 1. 0. 1. 0. 0.
  1. 1. 0. 0.]
 [1. 1. 0. 1. 0. 0. 0. 0. 1. 1. 1. 1. 0. 0. 1. 0. 1. 1. 0. 1. 1. 1. 1. 1.
  0. 0. 0. 0. 1. 1. 1. 1. 0. 1. 0. 0. 0. 0. 0. 1. 0. 0. 1. 0. 1. 1. 0. 1.
  1. 1. 0. 1. 0. 1. 1. 1. 0. 1. 0. 1. 1. 1. 1. 0. 1. 0. 1. 0. 1. 1. 1. 1.
  1. 1. 0. 1. 1. 0. 1. 1. 1. 1. 0. 0. 1. 0. 0. 1. 1. 1. 0. 0. 0. 1. 1. 0.
  0. 1. 0. 1.]
 [1. 1. 0. 0. 1. 0. 0. 1. 0. 0. 1. 0. 0. 0. 0. 0. 0. 0. 0. 0. 0. 1. 0. 0.
  1. 0. 0. 0. 1. 0. 1. 0. 0. 0. 0. 1. 0. 1. 0. 0. 1. 1. 1. 1. 0. 1. 1. 1.
  0. 1. 1. 1. 1. 0. 1. 1. 1. 0. 1. 0. 1. 1. 0. 1. 1. 1. 0. 0. 0. 1. 1. 0.
  0. 0. 0. 1. 1. 1. 0. 0. 1. 0. 0. 0. 1. 0. 1. 0. 0. 1. 1. 0. 0. 0. 0. 0.
  0. 1. 1. 0.]
 [0. 1. 0. 0. 0. 0. 1. 1. 0. 0. 0. 0. 0. 0. 0. 1. 0. 1. 1. 1. 0. 1. 0. 1.
  0. 1. 1. 0. 1. 0. 1. 0. 1. 0. 1. 0. 0. 1. 0. 0. 1. 1. 0. 1. 1. 0. 1. 1.
  1. 1. 1. 1. 0. 0. 1. 0. 0. 0. 0. 0. 0. 1. 1. 0. 1. 0. 0. 0. 1. 0. 1. 0.
  1. 0. 0. 0. 0. 0. 0. 0. 0. 1. 1. 0. 1. 1. 0. 1. 1. 0. 0. 0. 0. 1. 1. 0.
  1. 1. 0. 0.]
 [0. 1. 0. 1. 1. 0. 1. 1. 1. 0. 0. 1. 0. 0. 1. 0. 0. 0. 0. 1. 0. 1. 1. 1.
  0. 0. 1. 0. 0. 0. 1. 1. 1. 1. 1. 0. 0. 1. 0. 1. 0. 1. 0. 1. 0. 0. 0. 0.
  1. 1. 1. 0. 1. 0. 1. 1. 1. 0. 0. 0. 0. 0. 0. 0. 0. 0. 1. 1. 0. 0. 1. 0.
  0. 0. 0. 1. 0. 1. 0. 1. 0. 1. 1. 1. 1. 1. 0. 0. 0. 0. 0. 0. 1. 0. 1. 1.
  0. 1. 1. 1.]
 [1. 1. 0. 1. 1. 1. 0. 1. 0. 0. 1. 0. 0. 1. 0. 1. 1. 0. 1. 1. 0. 0. 1. 1.
  1. 0. 0. 1. 0. 0. 0. 1. 1. 1. 0. 0. 1. 0. 0. 0. 0. 1. 1. 0. 0. 0. 0. 1.
  0. 1. 0. 0. 0. 0. 1. 1. 1. 0. 0. 1. 1. 1. 0. 1. 1. 0. 1. 0. 0. 0. 0. 1.
  1. 1. 0. 0. 0. 1. 0. 0. 0. 1. 1. 0. 1. 0. 0. 1. 0. 0. 1. 0. 1. 0. 0. 1.
  1. 1. 1. 0.]
 [0. 0. 1. 0. 0. 1. 1. 0. 0. 0. 0. 0. 0. 1. 1. 1. 0. 1. 0. 1. 0. 1. 1. 0.
  1. 0. 1. 0. 0. 0. 1. 1. 0. 0. 0. 1. 0. 0. 0. 0. 0. 1. 1. 0. 0. 1. 0. 1.
  0. 1. 0. 0. 0. 0. 0. 1. 0. 0. 0. 1. 0. 0. 1. 0. 1. 0. 0. 0. 0. 0. 1. 0.
  1. 1. 1. 0. 0. 1. 0. 1. 0. 1. 0. 0. 0. 1. 1. 0. 1. 1. 1. 0. 1. 0. 0. 1.
  1. 0. 1. 0.]
 [0. 0. 1. 0. 1. 1. 0. 0. 0. 0. 0. 1. 1. 0. 1. 1. 0. 0. 0. 0. 1. 1. 0. 0.
  0. 1. 0. 0. 1. 0. 0. 1. 1. 0. 1. 1. 1. 0. 1. 1. 0. 1. 1. 1. 0. 0. 1. 0.
  0. 1. 1. 0. 0. 1. 0. 0. 1. 1. 1. 0. 0. 1. 1. 1. 1. 0. 1. 1. 1. 0. 0. 0.
  1. 1. 1. 1. 1. 0. 1. 0. 0. 1. 1. 1. 0. 0. 0. 0. 0. 0. 1. 1. 0. 1. 1. 0.
  1. 1. 0. 1.]
 [1. 1. 0. 1. 0. 1. 0. 1. 0. 0. 1. 0. 1. 1. 0. 0. 1. 0. 0. 1. 0. 0. 1. 1.
  1. 0. 1. 1. 1. 0. 1. 0. 0. 0. 0. 0. 1. 1. 1. 0. 0. 0. 1. 1. 1. 1. 0. 1.
  0. 0. 1. 0. 0. 0. 1. 0. 0. 0. 1. 1. 1. 0. 1. 0. 0. 1. 1. 0. 0. 1. 1. 0.
  1. 0. 1. 0. 0. 1. 1. 1. 1. 1. 1. 1. 1. 0. 0. 1. 1. 0. 1. 1. 1. 1. 1. 1.
  1. 1. 1. 0.]
 [1. 0. 1. 1. 0. 0. 0. 0. 0. 1. 0. 1. 1. 1. 0. 0. 0. 0. 1. 0. 0. 1. 1. 1.
  1. 0. 0. 1. 0. 0. 1. 1. 0. 0. 1. 0. 1. 0. 1. 1. 0. 1. 1. 0. 1. 1. 1. 1.
  1. 1. 1. 0. 0. 0. 0. 0. 0. 1. 1. 1. 0. 0. 1. 1. 0. 0. 0. 1. 0. 0. 1. 0.
  0. 0. 0. 1. 1. 1. 1. 1. 1. 0. 1. 0. 0. 0. 0. 1. 1. 0. 0. 1. 0. 1. 1. 0.
  1. 0. 0. 1.]
 [1. 1. 1. 0. 1. 0. 1. 1. 0. 0. 0. 1. 0. 0. 1. 0. 0. 0. 1. 1. 0. 0. 1. 1.
  1. 0. 1. 1. 1. 0. 0. 1. 1. 1. 1. 1. 1. 1. 1. 1. 1. 0. 1. 1. 0. 0. 1. 0.
  1. 0. 1. 1. 1. 1. 0. 0. 0. 1. 0. 0. 0. 0. 1. 0. 1. 0. 1. 1. 0. 0. 1. 1.
  0. 0. 1. 1. 0. 1. 0. 0. 1. 1. 0. 1. 0. 0. 1. 1. 0. 1. 1. 1. 1. 0. 1. 1.
  1. 1. 1. 0.]
 [0. 0. 1. 0. 0. 1. 1. 1. 0. 1. 0. 0. 1. 0. 0. 0. 0. 0. 1. 1. 1. 1. 1. 1.
  0. 0. 1. 0. 0. 0. 1. 0. 1. 1. 0. 0. 0. 1. 0. 1. 1. 0. 0. 1. 1. 1. 1. 0.
  1. 1. 1. 1. 1. 1. 0. 1. 1. 1. 1. 0. 0. 0. 1. 0. 0. 1. 1. 1. 0. 1. 0. 0.
  0. 0. 1. 0. 0. 1. 0. 1. 0. 1. 1. 1. 1. 1. 0. 0. 0. 0. 0. 1. 1. 1. 1. 0.
  0. 1. 1. 0.]
 [0. 0. 1. 1. 1. 0. 1. 0. 0. 1. 0. 1. 0. 0. 0. 1. 1. 1. 0. 0. 1. 0. 1. 1.
  1. 0. 0. 1. 1. 0. 0. 0. 1. 0. 1. 1. 1. 0. 1. 1. 0. 0. 0. 0. 1. 0. 1. 1.
  1. 0. 1. 1. 0. 0. 0. 0. 1. 0. 1. 0. 0. 0. 1. 0. 0. 0. 1. 0. 0. 1. 0. 1.
  1. 1. 1. 1. 0. 0. 1. 1. 1. 0. 1. 1. 1. 0. 0. 0. 1. 0. 1. 1. 0. 0. 0. 0.
  0. 1. 1. 0.]
 [1. 0. 0. 0. 1. 0. 0. 1. 0. 1. 1. 1. 1. 0. 1. 0. 1. 1. 0. 0. 1. 1. 1. 1.
  1. 1. 1. 1. 0. 0. 1. 1. 1. 1. 0. 0. 0. 1. 1. 1. 0. 0. 0. 0. 1. 0. 0. 1.
  0. 0. 1. 1. 1. 0. 0. 1. 0. 0. 0. 1. 0. 1. 1. 1. 0. 1. 0. 0. 1. 1. 1. 1.
  1. 0. 1. 1. 0. 1. 0. 0. 1. 0. 0. 1. 0. 1. 0. 1. 1. 0. 1. 0. 1. 1. 1. 0.
  0. 1. 0. 1.]
 [1. 0. 1. 0. 1. 1. 1. 1. 0. 0. 0. 0. 0. 1. 0. 0. 0. 1. 1. 1. 0. 0. 0. 0.
  0. 0. 0. 0. 0. 0. 0. 0. 0. 0. 0. 0. 0. 0. 0. 0. 0. 0. 0. 0. 0. 0. 0. 0.
  0. 0. 0. 0. 0. 0. 0. 0. 0. 0. 0. 0. 0. 0. 0. 0. 0. 0. 0. 0. 0. 0. 0. 0.
  0. 0. 0. 0. 0. 0. 0. 0. 0. 0. 0. 0. 0. 0. 0. 0. 0. 0. 0. 0. 0. 0. 0. 0.
  0. 0. 0. 0.]
 [1. 1. 1. 1. 1. 0. 1. 1. 1. 1. 1. 0. 1. 1. 0. 1. 0. 1. 0. 1. 0. 0. 0. 0.
  0. 0. 0. 0. 0. 0. 0. 0. 0. 0. 0. 0. 0. 0. 0. 0. 0. 0. 0. 0. 0. 0. 0. 0.
  0. 0. 0. 0. 0. 0. 0. 0. 0. 0. 0. 0. 0. 0. 0. 0. 0. 0. 0. 0. 0. 0. 0. 0.
  0. 0. 0. 0. 0. 0. 0. 0. 0. 0. 0. 0. 0. 0. 0. 0. 0. 0. 0. 0. 0. 0. 0. 0.
  0. 0. 0. 0.]
 [0. 1. 0. 0. 0. 0. 1. 1. 0. 0. 1. 1. 1. 0. 1. 1. 1. 1. 1. 1. 0. 0. 0. 0.
  0. 0. 0. 0. 0. 0. 0. 0. 0. 0. 0. 0. 0. 0. 0. 0. 0. 0. 0. 0. 0. 0. 0. 0.
  0. 0. 0. 0. 0. 0. 0. 0. 0. 0. 0. 0. 0. 0. 0. 0. 0. 0. 0. 0. 0. 0. 0. 0.
  0. 0. 0. 0. 0. 0. 0. 0. 0. 0. 0. 0. 0. 0. 0. 0. 0. 0. 0. 0. 0. 0. 0. 0.
  0. 0. 0. 0.]
 [0. 0. 1. 0. 1. 0. 1. 1. 0. 1. 1. 1. 0. 0. 1. 1. 1. 1. 1. 1. 0. 0. 0. 0.
  0. 0. 0. 0. 0. 0. 0. 0. 0. 0. 0. 0. 0. 0. 0. 0. 0. 0. 0. 0. 0. 0. 0. 0.
  0. 0. 0. 0. 0. 0. 0. 0. 0. 0. 0. 0. 0. 0. 0. 0. 0. 0. 0. 0. 0. 0. 0. 0.
  0. 0. 0. 0. 0. 0. 0. 0. 0. 0. 0. 0. 0. 0. 0. 0. 0. 0. 0. 0. 0. 0. 0. 0.
  0. 0. 0. 0.]
 [1. 0. 1. 0. 0. 1. 1. 0. 1. 0. 0. 1. 1. 0. 1. 1. 1. 0. 1. 1. 0. 0. 0. 0.
  0. 0. 0. 0. 0. 0. 0. 0. 0. 0. 0. 0. 0. 0. 0. 0. 0. 0. 0. 0. 0. 0. 0. 0.
  0. 0. 0. 0. 0. 0. 0. 0. 0. 0. 0. 0. 0. 0. 0. 0. 0. 0. 0. 0. 0. 0. 0. 0.
  0. 0. 0. 0. 0. 0. 0. 0. 0. 0. 0. 0. 0. 0. 0. 0. 0. 0. 0. 0. 0. 0. 0. 0.
  0. 0. 0. 0.]
 [0. 0. 1. 0. 0. 0. 0. 0. 0. 1. 0. 0. 0. 1. 0. 0. 0. 0. 0. 1. 0. 0. 0. 0.
  0. 0. 0. 0. 0. 0. 0. 0. 0. 0. 0. 0. 0. 0. 0. 0. 0. 0. 0. 0. 0. 0. 0. 0.
  0. 0. 0. 0. 0. 0. 0. 0. 0. 0. 0. 0. 0. 0. 0. 0. 0. 0. 0. 0. 0. 0. 0. 0.
  0. 0. 0. 0. 0. 0. 0. 0. 0. 0. 0. 0. 0. 0. 0. 0. 0. 0. 0. 0. 0. 0. 0. 0.
  0. 0. 0. 0.]
 [1. 0. 0. 0. 0. 0. 0. 0. 0. 1. 1. 0. 1. 0. 1. 0. 1. 1. 0. 1. 0. 0. 0. 0.
  0. 0. 0. 0. 0. 0. 0. 0. 0. 0. 0. 0. 0. 0. 0. 0. 0. 0. 0. 0. 0. 0. 0. 0.
  0. 0. 0. 0. 0. 0. 0. 0. 0. 0. 0. 0. 0. 0. 0. 0. 0. 0. 0. 0. 0. 0. 0. 0.
  0. 0. 0. 0. 0. 0. 0. 0. 0. 0. 0. 0. 0. 0. 0. 0. 0. 0. 0. 0. 0. 0. 0. 0.
  0. 0. 0. 0.]
 [1. 0. 0. 1. 0. 0. 0. 0. 0. 0. 0. 1. 0. 0. 1. 1. 1. 0. 1. 1. 0. 0. 0. 0.
  0. 0. 0. 0. 0. 0. 0. 0. 0. 0. 0. 0. 0. 0. 0. 0. 0. 0. 0. 0. 0. 0. 0. 0.
  0. 0. 0. 0. 0. 0. 0. 0. 0. 0. 0. 0. 0. 0. 0. 0. 0. 0. 0. 0. 0. 0. 0. 0.
  0. 0. 0. 0. 0. 0. 0. 0. 0. 0. 0. 0. 0. 0. 0. 0. 0. 0. 0. 0. 0. 0. 0. 0.
  0. 0. 0. 0.]
 [0. 0. 0. 0. 1. 0. 0. 1. 1. 1. 0. 0. 0. 1. 1. 0. 1. 0. 1. 0. 0. 0. 0. 0.
  0. 0. 0. 0. 0. 0. 0. 0. 0. 0. 0. 0. 0. 0. 0. 0. 0. 0. 0. 0. 0. 0. 0. 0.
  0. 0. 0. 0. 0. 0. 0. 0. 0. 0. 0. 0. 0. 0. 0. 0. 0. 0. 0. 0. 0. 0. 0. 0.
  0. 0. 0. 0. 0. 0. 0. 0. 0. 0. 0. 0. 0. 0. 0. 0. 0. 0. 0. 0. 0. 0. 0. 0.
  0. 0. 0. 0.]
 [1. 1. 0. 1. 0. 1. 1. 1. 0. 0. 0. 0. 0. 0. 0. 0. 0. 0. 0. 0. 0. 0. 0. 0.
  0. 0. 0. 0. 0. 0. 0. 0. 0. 0. 0. 0. 0. 0. 0. 0. 0. 0. 0. 0. 0. 0. 0. 0.
  0. 0. 0. 0. 0. 0. 0. 0. 0. 0. 0. 0. 0. 0. 0. 0. 0. 0. 0. 0. 0. 0. 0. 0.
  0. 0. 0. 0. 0. 0. 0. 0. 0. 0. 0. 0. 0. 0. 0. 0. 0. 0. 0. 0. 0. 0. 0. 0.
  0. 0. 0. 0.]
 [1. 0. 1. 0. 0. 0. 0. 1. 1. 1. 1. 0. 1. 0. 1. 1. 0. 1. 0. 1. 0. 0. 0. 0.
  0. 0. 0. 0. 0. 0. 0. 0. 0. 0. 0. 0. 0. 0. 0. 0. 0. 0. 0. 0. 0. 0. 0. 0.
  0. 0. 0. 0. 0. 0. 0. 0. 0. 0. 0. 0. 0. 0. 0. 0. 0. 0. 0. 0. 0. 0. 0. 0.
  0. 0. 0. 0. 0. 0. 0. 0. 0. 0. 0. 0. 0. 0. 0. 0. 0. 0. 0. 0. 0. 0. 0. 0.
  0. 0. 0. 0.]
 [0. 0. 0. 0. 1. 1. 1. 1. 0. 0. 1. 1. 1. 1. 0. 1. 1. 0. 0. 1. 0. 0. 0. 0.
  0. 0. 0. 0. 0. 0. 0. 0. 0. 0. 0. 0. 0. 0. 0. 0. 0. 0. 0. 0. 0. 0. 0. 0.
  0. 0. 0. 0. 0. 0. 0. 0. 0. 0. 0. 0. 0. 0. 0. 0. 0. 0. 0. 0. 0. 0. 0. 0.
  0. 0. 0. 0. 0. 0. 0. 0. 0. 0. 0. 0. 0. 0. 0. 0. 0. 0. 0. 0. 0. 0. 0. 0.
  0. 0. 0. 0.]
 [0. 1. 1. 0. 0. 0. 1. 0. 0. 1. 1. 1. 0. 1. 0. 0. 1. 1. 1. 1. 0. 0. 0. 0.
  0. 0. 0. 0. 0. 0. 0. 0. 0. 0. 0. 0. 0. 0. 0. 0. 0. 0. 0. 0. 0. 0. 0. 0.
  0. 0. 0. 0. 0. 0. 0. 0. 0. 0. 0. 0. 0. 0. 0. 0. 0. 0. 0. 0. 0. 0. 0. 0.
  0. 0. 0. 0. 0. 0. 0. 0. 0. 0. 0. 0. 0. 0. 0. 0. 0. 0. 0. 0. 0. 0. 0. 0.
  0. 0. 0. 0.]
 [0. 1. 0. 1. 1. 1. 1. 1. 0. 0. 1. 1. 0. 0. 0. 0. 1. 1. 0. 1. 0. 0. 0. 0.
  0. 0. 0. 0. 0. 0. 0. 0. 0. 0. 0. 0. 0. 0. 0. 0. 0. 0. 0. 0. 0. 0. 0. 0.
  0. 0. 0. 0. 0. 0. 0. 0. 0. 0. 0. 0. 0. 0. 0. 0. 0. 0. 0. 0. 0. 0. 0. 0.
  0. 0. 0. 0. 0. 0. 0. 0. 0. 0. 0. 0. 0. 0. 0. 0. 0. 0. 0. 0. 0. 0. 0. 0.
  0. 0. 0. 0.]
 [1. 0. 1. 1. 0. 0. 1. 0. 0. 1. 1. 0. 0. 1. 0. 1. 1. 0. 1. 0. 0. 0. 0. 0.
  0. 0. 0. 0. 0. 0. 0. 0. 0. 0. 0. 0. 0. 0. 0. 0. 0. 0. 0. 0. 0. 0. 0. 0.
  0. 0. 0. 0. 0. 0. 0. 0. 0. 0. 0. 0. 0. 0. 0. 0. 0. 0. 0. 0. 0. 0. 0. 0.
  0. 0. 0. 0. 0. 0. 0. 0. 0. 0. 0. 0. 0. 0. 0. 0. 0. 0. 0. 0. 0. 0. 0. 0.
  0. 0. 0. 0.]
 [0. 1. 1. 0. 1. 1. 1. 0. 1. 0. 0. 0. 1. 1. 0. 0. 1. 0. 1. 0. 0. 0. 0. 0.
  0. 0. 0. 0. 0. 0. 0. 0. 0. 0. 0. 0. 0. 0. 0. 0. 0. 0. 0. 0. 0. 0. 0. 0.
  0. 0. 0. 0. 0. 0. 0. 0. 0. 0. 0. 0. 0. 0. 0. 0. 0. 0. 0. 0. 0. 0. 0. 0.
  0. 0. 0. 0. 0. 0. 0. 0. 0. 0. 0. 0. 0. 0. 0. 0. 0. 0. 0. 0. 0. 0. 0. 0.
  0. 0. 0. 0.]
 [0. 0. 0. 1. 1. 0. 1. 0. 0. 0. 0. 1. 0. 1. 1. 1. 1. 0. 1. 0. 0. 0. 0. 0.
  0. 0. 0. 0. 0. 0. 0. 0. 0. 0. 0. 0. 0. 0. 0. 0. 0. 0. 0. 0. 0. 0. 0. 0.
  0. 0. 0. 0. 0. 0. 0. 0. 0. 0. 0. 0. 0. 0. 0. 0. 0. 0. 0. 0. 0. 0. 0. 0.
  0. 0. 0. 0. 0. 0. 0. 0. 0. 0. 0. 0. 0. 0. 0. 0. 0. 0. 0. 0. 0. 0. 0. 0.
  0. 0. 0. 0.]
 [1. 0. 0. 1. 1. 0. 0. 0. 1. 1. 1. 0. 0. 0. 1. 0. 1. 1. 0. 1. 0. 0. 0. 0.
  0. 0. 0. 0. 0. 0. 0. 0. 0. 0. 0. 0. 0. 0. 0. 0. 0. 0. 0. 0. 0. 0. 0. 0.
  0. 0. 0. 0. 0. 0. 0. 0. 0. 0. 0. 0. 0. 0. 0. 0. 0. 0. 0. 0. 0. 0. 0. 0.
  0. 0. 0. 0. 0. 0. 0. 0. 0. 0. 0. 0. 0. 0. 0. 0. 0. 0. 0. 0. 0. 0. 0. 0.
  0. 0. 0. 0.]
 [1. 0. 0. 0. 1. 1. 1. 0. 0. 0. 0. 0. 0. 1. 1. 1. 1. 0. 1. 1. 0. 0. 0. 0.
  0. 0. 0. 0. 0. 0. 0. 0. 0. 0. 0. 0. 0. 0. 0. 0. 0. 0. 0. 0. 0. 0. 0. 0.
  0. 0. 0. 0. 0. 0. 0. 0. 0. 0. 0. 0. 0. 0. 0. 0. 0. 0. 0. 0. 0. 0. 0. 0.
  0. 0. 0. 0. 0. 0. 0. 0. 0. 0. 0. 0. 0. 0. 0. 0. 0. 0. 0. 0. 0. 0. 0. 0.
  0. 0. 0. 0.]
 [0. 1. 0. 1. 0. 0. 0. 1. 0. 0. 1. 0. 0. 1. 0. 1. 1. 1. 1. 1. 0. 0. 0. 0.
  0. 0. 0. 0. 0. 0. 0. 0. 0. 0. 0. 0. 0. 0. 0. 0. 0. 0. 0. 0. 0. 0. 0. 0.
  0. 0. 0. 0. 0. 0. 0. 0. 0. 0. 0. 0. 0. 0. 0. 0. 0. 0. 0. 0. 0. 0. 0. 0.
  0. 0. 0. 0. 0. 0. 0. 0. 0. 0. 0. 0. 0. 0. 0. 0. 0. 0. 0. 0. 0. 0. 0. 0.
  0. 0. 0. 0.]
 [1. 0. 1. 0. 1. 1. 0. 0. 1. 1. 0. 0. 0. 0. 0. 0. 1. 1. 0. 0. 0. 0. 0. 0.
  0. 0. 0. 0. 0. 0. 0. 0. 0. 0. 0. 0. 0. 0. 0. 0. 0. 0. 0. 0. 0. 0. 0. 0.
  0. 0. 0. 0. 0. 0. 0. 0. 0. 0. 0. 0. 0. 0. 0. 0. 0. 0. 0. 0. 0. 0. 0. 0.
  0. 0. 0. 0. 0. 0. 0. 0. 0. 0. 0. 0. 0. 0. 0. 0. 0. 0. 0. 0. 0. 0. 0. 0.
  0. 0. 0. 0.]
 [0. 1. 0. 0. 0. 1. 0. 0. 1. 1. 1. 1. 1. 1. 0. 1. 0. 0. 0. 0. 0. 0. 0. 0.
  0. 0. 0. 0. 0. 0. 0. 0. 0. 0. 0. 0. 0. 0. 0. 0. 0. 0. 0. 0. 0. 0. 0. 0.
  0. 0. 0. 0. 0. 0. 0. 0. 0. 0. 0. 0. 0. 0. 0. 0. 0. 0. 0. 0. 0. 0. 0. 0.
  0. 0. 0. 0. 0. 0. 0. 0. 0. 0. 0. 0. 0. 0. 0. 0. 0. 0. 0. 0. 0. 0. 0. 0.
  0. 0. 0. 0.]
 [0. 0. 0. 1. 1. 1. 0. 1. 1. 0. 0. 1. 1. 1. 1. 1. 1. 0. 0. 0. 0. 0. 0. 0.
  0. 0. 0. 0. 0. 0. 0. 0. 0. 0. 0. 0. 0. 0. 0. 0. 0. 0. 0. 0. 0. 0. 0. 0.
  0. 0. 0. 0. 0. 0. 0. 0. 0. 0. 0. 0. 0. 0. 0. 0. 0. 0. 0. 0. 0. 0. 0. 0.
  0. 0. 0. 0. 0. 0. 0. 0. 0. 0. 0. 0. 0. 0. 0. 0. 0. 0. 0. 0. 0. 0. 0. 0.
  0. 0. 0. 0.]
 [0. 1. 0. 1. 1. 0. 0. 0. 1. 1. 1. 0. 0. 1. 1. 0. 1. 1. 0. 0. 0. 0. 0. 0.
  0. 0. 0. 0. 0. 0. 0. 0. 0. 0. 0. 0. 0. 0. 0. 0. 0. 0. 0. 0. 0. 0. 0. 0.
  0. 0. 0. 0. 0. 0. 0. 0. 0. 0. 0. 0. 0. 0. 0. 0. 0. 0. 0. 0. 0. 0. 0. 0.
  0. 0. 0. 0. 0. 0. 0. 0. 0. 0. 0. 0. 0. 0. 0. 0. 0. 0. 0. 0. 0. 0. 0. 0.
  0. 0. 0. 0.]
 [1. 1. 0. 1. 0. 0. 0. 1. 0. 1. 0. 0. 0. 0. 1. 1. 0. 1. 1. 1. 0. 0. 0. 0.
  0. 0. 0. 0. 0. 0. 0. 0. 0. 0. 0. 0. 0. 0. 0. 0. 0. 0. 0. 0. 0. 0. 0. 0.
  0. 0. 0. 0. 0. 0. 0. 0. 0. 0. 0. 0. 0. 0. 0. 0. 0. 0. 0. 0. 0. 0. 0. 0.
  0. 0. 0. 0. 0. 0. 0. 0. 0. 0. 0. 0. 0. 0. 0. 0. 0. 0. 0. 0. 0. 0. 0. 0.
  0. 0. 0. 0.]
 [1. 1. 0. 0. 0. 1. 1. 1. 1. 0. 0. 0. 1. 0. 1. 1. 0. 1. 0. 0. 0. 0. 0. 0.
  0. 0. 0. 0. 0. 0. 0. 0. 0. 0. 0. 0. 0. 0. 0. 0. 0. 0. 0. 0. 0. 0. 0. 0.
  0. 0. 0. 0. 0. 0. 0. 0. 0. 0. 0. 0. 0. 0. 0. 0. 0. 0. 0. 0. 0. 0. 0. 0.
  0. 0. 0. 0. 0. 0. 0. 0. 0. 0. 0. 0. 0. 0. 0. 0. 0. 0. 0. 0. 0. 0. 0. 0.
  0. 0. 0. 0.]
 [1. 0. 1. 1. 0. 1. 0. 0. 1. 1. 0. 0. 0. 1. 0. 1. 1. 1. 1. 0. 0. 0. 0. 0.
  0. 0. 0. 0. 0. 0. 0. 0. 0. 0. 0. 0. 0. 0. 0. 0. 0. 0. 0. 0. 0. 0. 0. 0.
  0. 0. 0. 0. 0. 0. 0. 0. 0. 0. 0. 0. 0. 0. 0. 0. 0. 0. 0. 0. 0. 0. 0. 0.
  0. 0. 0. 0. 0. 0. 0. 0. 0. 0. 0. 0. 0. 0. 0. 0. 0. 0. 0. 0. 0. 0. 0. 0.
  0. 0. 0. 0.]
 [0. 0. 0. 0. 1. 0. 0. 1. 1. 1. 0. 1. 1. 0. 1. 1. 0. 0. 1. 1. 0. 0. 0. 0.
  0. 0. 0. 0. 0. 0. 0. 0. 0. 0. 0. 0. 0. 0. 0. 0. 0. 0. 0. 0. 0. 0. 0. 0.
  0. 0. 0. 0. 0. 0. 0. 0. 0. 0. 0. 0. 0. 0. 0. 0. 0. 0. 0. 0. 0. 0. 0. 0.
  0. 0. 0. 0. 0. 0. 0. 0. 0. 0. 0. 0. 0. 0. 0. 0. 0. 0. 0. 0. 0. 0. 0. 0.
  0. 0. 0. 0.]
 [0. 0. 0. 1. 0. 0. 1. 1. 0. 1. 1. 0. 0. 0. 0. 1. 1. 1. 1. 0. 0. 0. 0. 0.
  0. 0. 0. 0. 0. 0. 0. 0. 0. 0. 0. 0. 0. 0. 0. 0. 0. 0. 0. 0. 0. 0. 0. 0.
  0. 0. 0. 0. 0. 0. 0. 0. 0. 0. 0. 0. 0. 0. 0. 0. 0. 0. 0. 0. 0. 0. 0. 0.
  0. 0. 0. 0. 0. 0. 0. 0. 0. 0. 0. 0. 0. 0. 0. 0. 0. 0. 0. 0. 0. 0. 0. 0.
  0. 0. 0. 0.]
 [1. 0. 1. 0. 0. 1. 0. 1. 1. 1. 1. 1. 1. 1. 0. 1. 0. 1. 0. 0. 0. 0. 0. 0.
  0. 0. 0. 0. 0. 0. 0. 0. 0. 0. 0. 0. 0. 0. 0. 0. 0. 0. 0. 0. 0. 0. 0. 0.
  0. 0. 0. 0. 0. 0. 0. 0. 0. 0. 0. 0. 0. 0. 0. 0. 0. 0. 0. 0. 0. 0. 0. 0.
  0. 0. 0. 0. 0. 0. 0. 0. 0. 0. 0. 0. 0. 0. 0. 0. 0. 0. 0. 0. 0. 0. 0. 0.
  0. 0. 0. 0.]
 [1. 1. 1. 1. 1. 1. 0. 0. 1. 1. 1. 0. 0. 1. 1. 1. 1. 1. 1. 1. 0. 0. 0. 0.
  0. 0. 0. 0. 0. 0. 0. 0. 0. 0. 0. 0. 0. 0. 0. 0. 0. 0. 0. 0. 0. 0. 0. 0.
  0. 0. 0. 0. 0. 0. 0. 0. 0. 0. 0. 0. 0. 0. 0. 0. 0. 0. 0. 0. 0. 0. 0. 0.
  0. 0. 0. 0. 0. 0. 0. 0. 0. 0. 0. 0. 0. 0. 0. 0. 0. 0. 0. 0. 0. 0. 0. 0.
  0. 0. 0. 0.]
 [0. 0. 1. 1. 1. 1. 0. 1. 1. 1. 0. 0. 0. 0. 0. 0. 1. 1. 1. 1. 0. 0. 0. 0.
  0. 0. 0. 0. 0. 0. 0. 0. 0. 0. 0. 0. 0. 0. 0. 0. 0. 0. 0. 0. 0. 0. 0. 0.
  0. 0. 0. 0. 0. 0. 0. 0. 0. 0. 0. 0. 0. 0. 0. 0. 0. 0. 0. 0. 0. 0. 0. 0.
  0. 0. 0. 0. 0. 0. 0. 0. 0. 0. 0. 0. 0. 0. 0. 0. 0. 0. 0. 0. 0. 0. 0. 0.
  0. 0. 0. 0.]
 [1. 1. 0. 1. 1. 0. 1. 0. 1. 0. 1. 0. 0. 0. 0. 0. 1. 1. 0. 1. 0. 0. 0. 0.
  0. 0. 0. 0. 0. 0. 0. 0. 0. 0. 0. 0. 0. 0. 0. 0. 0. 0. 0. 0. 0. 0. 0. 0.
  0. 0. 0. 0. 0. 0. 0. 0. 0. 0. 0. 0. 0. 0. 0. 0. 0. 0. 0. 0. 0. 0. 0. 0.
  0. 0. 0. 0. 0. 0. 0. 0. 0. 0. 0. 0. 0. 0. 0. 0. 0. 0. 0. 0. 0. 0. 0. 0.
  0. 0. 0. 0.]
 [0. 0. 0. 1. 0. 1. 0. 1. 0. 0. 0. 0. 0. 1. 0. 0. 1. 1. 0. 0. 0. 0. 0. 0.
  0. 0. 0. 0. 0. 0. 0. 0. 0. 0. 0. 0. 0. 0. 0. 0. 0. 0. 0. 0. 0. 0. 0. 0.
  0. 0. 0. 0. 0. 0. 0. 0. 0. 0. 0. 0. 0. 0. 0. 0. 0. 0. 0. 0. 0. 0. 0. 0.
  0. 0. 0. 0. 0. 0. 0. 0. 0. 0. 0. 0. 0. 0. 0. 0. 0. 0. 0. 0. 0. 0. 0. 0.
  0. 0. 0. 0.]
 [1. 1. 0. 0. 0. 1. 0. 1. 1. 1. 1. 1. 0. 0. 1. 0. 0. 0. 0. 0. 0. 0. 0. 0.
  0. 0. 0. 0. 0. 0. 0. 0. 0. 0. 0. 0. 0. 0. 0. 0. 0. 0. 0. 0. 0. 0. 0. 0.
  0. 0. 0. 0. 0. 0. 0. 0. 0. 0. 0. 0. 0. 0. 0. 0. 0. 0. 0. 0. 0. 0. 0. 0.
  0. 0. 0. 0. 0. 0. 0. 0. 0. 0. 0. 0. 0. 0. 0. 0. 0. 0. 0. 0. 0. 0. 0. 0.
  0. 0. 0. 0.]
 [0. 0. 0. 1. 1. 0. 0. 1. 1. 0. 1. 1. 1. 0. 0. 0. 0. 1. 0. 1. 0. 0. 0. 0.
  0. 0. 0. 0. 0. 0. 0. 0. 0. 0. 0. 0. 0. 0. 0. 0. 0. 0. 0. 0. 0. 0. 0. 0.
  0. 0. 0. 0. 0. 0. 0. 0. 0. 0. 0. 0. 0. 0. 0. 0. 0. 0. 0. 0. 0. 0. 0. 0.
  0. 0. 0. 0. 0. 0. 0. 0. 0. 0. 0. 0. 0. 0. 0. 0. 0. 0. 0. 0. 0. 0. 0. 0.
  0. 0. 0. 0.]
 [1. 1. 0. 1. 0. 1. 1. 0. 1. 0. 1. 1. 0. 1. 0. 0. 0. 1. 1. 0. 0. 0. 0. 0.
  0. 0. 0. 0. 0. 0. 0. 0. 0. 0. 0. 0. 0. 0. 0. 0. 0. 0. 0. 0. 0. 0. 0. 0.
  0. 0. 0. 0. 0. 0. 0. 0. 0. 0. 0. 0. 0. 0. 0. 0. 0. 0. 0. 0. 0. 0. 0. 0.
  0. 0. 0. 0. 0. 0. 0. 0. 0. 0. 0. 0. 0. 0. 0. 0. 0. 0. 0. 0. 0. 0. 0. 0.
  0. 0. 0. 0.]
 [1. 0. 0. 0. 1. 0. 1. 1. 0. 0. 0. 0. 0. 1. 0. 1. 1. 1. 0. 0. 0. 0. 0. 0.
  0. 0. 0. 0. 0. 0. 0. 0. 0. 0. 0. 0. 0. 0. 0. 0. 0. 0. 0. 0. 0. 0. 0. 0.
  0. 0. 0. 0. 0. 0. 0. 0. 0. 0. 0. 0. 0. 0. 0. 0. 0. 0. 0. 0. 0. 0. 0. 0.
  0. 0. 0. 0. 0. 0. 0. 0. 0. 0. 0. 0. 0. 0. 0. 0. 0. 0. 0. 0. 0. 0. 0. 0.
  0. 0. 0. 0.]
 [1. 0. 0. 0. 1. 0. 1. 0. 1. 0. 0. 0. 0. 1. 1. 1. 0. 1. 1. 0. 0. 0. 0. 0.
  0. 0. 0. 0. 0. 0. 0. 0. 0. 0. 0. 0. 0. 0. 0. 0. 0. 0. 0. 0. 0. 0. 0. 0.
  0. 0. 0. 0. 0. 0. 0. 0. 0. 0. 0. 0. 0. 0. 0. 0. 0. 0. 0. 0. 0. 0. 0. 0.
  0. 0. 0. 0. 0. 0. 0. 0. 0. 0. 0. 0. 0. 0. 0. 0. 0. 0. 0. 0. 0. 0. 0. 0.
  0. 0. 0. 0.]
 [1. 0. 1. 0. 1. 1. 0. 1. 0. 0. 0. 1. 1. 0. 1. 1. 0. 0. 0. 1. 0. 0. 0. 0.
  0. 0. 0. 0. 0. 0. 0. 0. 0. 0. 0. 0. 0. 0. 0. 0. 0. 0. 0. 0. 0. 0. 0. 0.
  0. 0. 0. 0. 0. 0. 0. 0. 0. 0. 0. 0. 0. 0. 0. 0. 0. 0. 0. 0. 0. 0. 0. 0.
  0. 0. 0. 0. 0. 0. 0. 0. 0. 0. 0. 0. 0. 0. 0. 0. 0. 0. 0. 0. 0. 0. 0. 0.
  0. 0. 0. 0.]
 [1. 1. 0. 1. 0. 0. 0. 1. 1. 0. 0. 1. 0. 0. 1. 0. 0. 0. 0. 0. 0. 0. 0. 0.
  0. 0. 0. 0. 0. 0. 0. 0. 0. 0. 0. 0. 0. 0. 0. 0. 0. 0. 0. 0. 0. 0. 0. 0.
  0. 0. 0. 0. 0. 0. 0. 0. 0. 0. 0. 0. 0. 0. 0. 0. 0. 0. 0. 0. 0. 0. 0. 0.
  0. 0. 0. 0. 0. 0. 0. 0. 0. 0. 0. 0. 0. 0. 0. 0. 0. 0. 0. 0. 0. 0. 0. 0.
  0. 0. 0. 0.]
 [0. 0. 0. 1. 0. 1. 0. 1. 1. 1. 0. 1. 0. 1. 0. 0. 0. 0. 0. 1. 0. 0. 0. 0.
  0. 0. 0. 0. 0. 0. 0. 0. 0. 0. 0. 0. 0. 0. 0. 0. 0. 0. 0. 0. 0. 0. 0. 0.
  0. 0. 0. 0. 0. 0. 0. 0. 0. 0. 0. 0. 0. 0. 0. 0. 0. 0. 0. 0. 0. 0. 0. 0.
  0. 0. 0. 0. 0. 0. 0. 0. 0. 0. 0. 0. 0. 0. 0. 0. 0. 0. 0. 0. 0. 0. 0. 0.
  0. 0. 0. 0.]
 [0. 1. 0. 0. 0. 0. 1. 1. 0. 1. 0. 0. 1. 1. 1. 1. 1. 1. 1. 1. 0. 0. 0. 0.
  0. 0. 0. 0. 0. 0. 0. 0. 0. 0. 0. 0. 0. 0. 0. 0. 0. 0. 0. 0. 0. 0. 0. 0.
  0. 0. 0. 0. 0. 0. 0. 0. 0. 0. 0. 0. 0. 0. 0. 0. 0. 0. 0. 0. 0. 0. 0. 0.
  0. 0. 0. 0. 0. 0. 0. 0. 0. 0. 0. 0. 0. 0. 0. 0. 0. 0. 0. 0. 0. 0. 0. 0.
  0. 0. 0. 0.]
 [1. 1. 0. 0. 1. 0. 1. 0. 1. 0. 0. 1. 0. 1. 0. 1. 0. 0. 0. 1. 0. 0. 0. 0.
  0. 0. 0. 0. 0. 0. 0. 0. 0. 0. 0. 0. 0. 0. 0. 0. 0. 0. 0. 0. 0. 0. 0. 0.
  0. 0. 0. 0. 0. 0. 0. 0. 0. 0. 0. 0. 0. 0. 0. 0. 0. 0. 0. 0. 0. 0. 0. 0.
  0. 0. 0. 0. 0. 0. 0. 0. 0. 0. 0. 0. 0. 0. 0. 0. 0. 0. 0. 0. 0. 0. 0. 0.
  0. 0. 0. 0.]
 [1. 1. 0. 1. 1. 0. 1. 1. 1. 1. 0. 1. 1. 1. 0. 0. 1. 0. 0. 0. 0. 0. 0. 0.
  0. 0. 0. 0. 0. 0. 0. 0. 0. 0. 0. 0. 0. 0. 0. 0. 0. 0. 0. 0. 0. 0. 0. 0.
  0. 0. 0. 0. 0. 0. 0. 0. 0. 0. 0. 0. 0. 0. 0. 0. 0. 0. 0. 0. 0. 0. 0. 0.
  0. 0. 0. 0. 0. 0. 0. 0. 0. 0. 0. 0. 0. 0. 0. 0. 0. 0. 0. 0. 0. 0. 0. 0.
  0. 0. 0. 0.]
 [0. 0. 0. 1. 0. 0. 0. 0. 1. 0. 0. 0. 0. 0. 1. 0. 0. 1. 0. 1. 0. 0. 0. 0.
  0. 0. 0. 0. 0. 0. 0. 0. 0. 0. 0. 0. 0. 0. 0. 0. 0. 0. 0. 0. 0. 0. 0. 0.
  0. 0. 0. 0. 0. 0. 0. 0. 0. 0. 0. 0. 0. 0. 0. 0. 0. 0. 0. 0. 0. 0. 0. 0.
  0. 0. 0. 0. 0. 0. 0. 0. 0. 0. 0. 0. 0. 0. 0. 0. 0. 0. 0. 0. 0. 0. 0. 0.
  0. 0. 0. 0.]
 [1. 0. 0. 0. 1. 1. 1. 1. 0. 0. 1. 1. 0. 1. 1. 0. 1. 1. 1. 0. 0. 0. 0. 0.
  0. 0. 0. 0. 0. 0. 0. 0. 0. 0. 0. 0. 0. 0. 0. 0. 0. 0. 0. 0. 0. 0. 0. 0.
  0. 0. 0. 0. 0. 0. 0. 0. 0. 0. 0. 0. 0. 0. 0. 0. 0. 0. 0. 0. 0. 0. 0. 0.
  0. 0. 0. 0. 0. 0. 0. 0. 0. 0. 0. 0. 0. 0. 0. 0. 0. 0. 0. 0. 0. 0. 0. 0.
  0. 0. 0. 0.]
 [1. 0. 0. 0. 0. 1. 0. 0. 0. 0. 1. 0. 0. 1. 0. 1. 1. 1. 0. 0. 0. 0. 0. 0.
  0. 0. 0. 0. 0. 0. 0. 0. 0. 0. 0. 0. 0. 0. 0. 0. 0. 0. 0. 0. 0. 0. 0. 0.
  0. 0. 0. 0. 0. 0. 0. 0. 0. 0. 0. 0. 0. 0. 0. 0. 0. 0. 0. 0. 0. 0. 0. 0.
  0. 0. 0. 0. 0. 0. 0. 0. 0. 0. 0. 0. 0. 0. 0. 0. 0. 0. 0. 0. 0. 0. 0. 0.
  0. 0. 0. 0.]
 [0. 1. 1. 0. 1. 1. 0. 1. 0. 1. 0. 0. 0. 1. 0. 0. 0. 0. 0. 1. 0. 0. 0. 0.
  0. 0. 0. 0. 0. 0. 0. 0. 0. 0. 0. 0. 0. 0. 0. 0. 0. 0. 0. 0. 0. 0. 0. 0.
  0. 0. 0. 0. 0. 0. 0. 0. 0. 0. 0. 0. 0. 0. 0. 0. 0. 0. 0. 0. 0. 0. 0. 0.
  0. 0. 0. 0. 0. 0. 0. 0. 0. 0. 0. 0. 0. 0. 0. 0. 0. 0. 0. 0. 0. 0. 0. 0.
  0. 0. 0. 0.]
 [0. 0. 1. 1. 1. 1. 1. 1. 1. 0. 0. 0. 0. 0. 1. 0. 0. 1. 1. 1. 0. 0. 0. 0.
  0. 0. 0. 0. 0. 0. 0. 0. 0. 0. 0. 0. 0. 0. 0. 0. 0. 0. 0. 0. 0. 0. 0. 0.
  0. 0. 0. 0. 0. 0. 0. 0. 0. 0. 0. 0. 0. 0. 0. 0. 0. 0. 0. 0. 0. 0. 0. 0.
  0. 0. 0. 0. 0. 0. 0. 0. 0. 0. 0. 0. 0. 0. 0. 0. 0. 0. 0. 0. 0. 0. 0. 0.
  0. 0. 0. 0.]
 [1. 1. 1. 1. 0. 1. 0. 1. 1. 1. 1. 0. 1. 0. 1. 1. 1. 0. 0. 1. 0. 0. 0. 0.
  0. 0. 0. 0. 0. 0. 0. 0. 0. 0. 0. 0. 0. 0. 0. 0. 0. 0. 0. 0. 0. 0. 0. 0.
  0. 0. 0. 0. 0. 0. 0. 0. 0. 0. 0. 0. 0. 0. 0. 0. 0. 0. 0. 0. 0. 0. 0. 0.
  0. 0. 0. 0. 0. 0. 0. 0. 0. 0. 0. 0. 0. 0. 0. 0. 0. 0. 0. 0. 0. 0. 0. 0.
  0. 0. 0. 0.]
 [0. 1. 0. 1. 1. 0. 1. 1. 0. 0. 0. 1. 0. 0. 0. 0. 1. 0. 1. 1. 0. 0. 0. 0.
  0. 0. 0. 0. 0. 0. 0. 0. 0. 0. 0. 0. 0. 0. 0. 0. 0. 0. 0. 0. 0. 0. 0. 0.
  0. 0. 0. 0. 0. 0. 0. 0. 0. 0. 0. 0. 0. 0. 0. 0. 0. 0. 0. 0. 0. 0. 0. 0.
  0. 0. 0. 0. 0. 0. 0. 0. 0. 0. 0. 0. 0. 0. 0. 0. 0. 0. 0. 0. 0. 0. 0. 0.
  0. 0. 0. 0.]
 [1. 1. 1. 1. 1. 0. 1. 1. 0. 1. 0. 1. 1. 1. 1. 0. 0. 0. 1. 1. 0. 0. 0. 0.
  0. 0. 0. 0. 0. 0. 0. 0. 0. 0. 0. 0. 0. 0. 0. 0. 0. 0. 0. 0. 0. 0. 0. 0.
  0. 0. 0. 0. 0. 0. 0. 0. 0. 0. 0. 0. 0. 0. 0. 0. 0. 0. 0. 0. 0. 0. 0. 0.
  0. 0. 0. 0. 0. 0. 0. 0. 0. 0. 0. 0. 0. 0. 0. 0. 0. 0. 0. 0. 0. 0. 0. 0.
  0. 0. 0. 0.]
 [1. 0. 1. 1. 0. 1. 0. 1. 0. 0. 0. 1. 1. 1. 0. 0. 0. 0. 1. 0. 0. 0. 0. 0.
  0. 0. 0. 0. 0. 0. 0. 0. 0. 0. 0. 0. 0. 0. 0. 0. 0. 0. 0. 0. 0. 0. 0. 0.
  0. 0. 0. 0. 0. 0. 0. 0. 0. 0. 0. 0. 0. 0. 0. 0. 0. 0. 0. 0. 0. 0. 0. 0.
  0. 0. 0. 0. 0. 0. 0. 0. 0. 0. 0. 0. 0. 0. 0. 0. 0. 0. 0. 0. 0. 0. 0. 0.
  0. 0. 0. 0.]
 [0. 1. 1. 0. 1. 1. 1. 0. 0. 0. 0. 0. 1. 1. 1. 0. 1. 1. 1. 1. 0. 0. 0. 0.
  0. 0. 0. 0. 0. 0. 0. 0. 0. 0. 0. 0. 0. 0. 0. 0. 0. 0. 0. 0. 0. 0. 0. 0.
  0. 0. 0. 0. 0. 0. 0. 0. 0. 0. 0. 0. 0. 0. 0. 0. 0. 0. 0. 0. 0. 0. 0. 0.
  0. 0. 0. 0. 0. 0. 0. 0. 0. 0. 0. 0. 0. 0. 0. 0. 0. 0. 0. 0. 0. 0. 0. 0.
  0. 0. 0. 0.]
 [0. 1. 1. 1. 0. 1. 1. 1. 1. 0. 1. 0. 0. 1. 0. 1. 1. 0. 1. 1. 0. 0. 0. 0.
  0. 0. 0. 0. 0. 0. 0. 0. 0. 0. 0. 0. 0. 0. 0. 0. 0. 0. 0. 0. 0. 0. 0. 0.
  0. 0. 0. 0. 0. 0. 0. 0. 0. 0. 0. 0. 0. 0. 0. 0. 0. 0. 0. 0. 0. 0. 0. 0.
  0. 0. 0. 0. 0. 0. 0. 0. 0. 0. 0. 0. 0. 0. 0. 0. 0. 0. 0. 0. 0. 0. 0. 0.
  0. 0. 0. 0.]
 [1. 1. 0. 1. 1. 0. 1. 1. 1. 0. 0. 0. 0. 1. 0. 1. 0. 0. 0. 0. 0. 0. 0. 0.
  0. 0. 0. 0. 0. 0. 0. 0. 0. 0. 0. 0. 0. 0. 0. 0. 0. 0. 0. 0. 0. 0. 0. 0.
  0. 0. 0. 0. 0. 0. 0. 0. 0. 0. 0. 0. 0. 0. 0. 0. 0. 0. 0. 0. 0. 0. 0. 0.
  0. 0. 0. 0. 0. 0. 0. 0. 0. 0. 0. 0. 0. 0. 0. 0. 0. 0. 0. 0. 0. 0. 0. 0.
  0. 0. 0. 0.]
 [0. 1. 0. 0. 1. 0. 0. 0. 1. 0. 1. 1. 1. 0. 1. 1. 1. 1. 0. 1. 0. 0. 0. 0.
  0. 0. 0. 0. 0. 0. 0. 0. 0. 0. 0. 0. 0. 0. 0. 0. 0. 0. 0. 0. 0. 0. 0. 0.
  0. 0. 0. 0. 0. 0. 0. 0. 0. 0. 0. 0. 0. 0. 0. 0. 0. 0. 0. 0. 0. 0. 0. 0.
  0. 0. 0. 0. 0. 0. 0. 0. 0. 0. 0. 0. 0. 0. 0. 0. 0. 0. 0. 0. 0. 0. 0. 0.
  0. 0. 0. 0.]
 [1. 1. 0. 0. 1. 0. 0. 1. 0. 0. 0. 0. 0. 1. 1. 1. 0. 0. 1. 0. 0. 0. 0. 0.
  0. 0. 0. 0. 0. 0. 0. 0. 0. 0. 0. 0. 0. 0. 0. 0. 0. 0. 0. 0. 0. 0. 0. 0.
  0. 0. 0. 0. 0. 0. 0. 0. 0. 0. 0. 0. 0. 0. 0. 0. 0. 0. 0. 0. 0. 0. 0. 0.
  0. 0. 0. 0. 0. 0. 0. 0. 0. 0. 0. 0. 0. 0. 0. 0. 0. 0. 0. 0. 0. 0. 0. 0.
  0. 0. 0. 0.]
 [1. 1. 1. 0. 1. 0. 1. 1. 0. 0. 1. 0. 1. 0. 1. 1. 0. 1. 1. 0. 0. 0. 0. 0.
  0. 0. 0. 0. 0. 0. 0. 0. 0. 0. 0. 0. 0. 0. 0. 0. 0. 0. 0. 0. 0. 0. 0. 0.
  0. 0. 0. 0. 0. 0. 0. 0. 0. 0. 0. 0. 0. 0. 0. 0. 0. 0. 0. 0. 0. 0. 0. 0.
  0. 0. 0. 0. 0. 0. 0. 0. 0. 0. 0. 0. 0. 0. 0. 0. 0. 0. 0. 0. 0. 0. 0. 0.
  0. 0. 0. 0.]
 [1. 0. 1. 1. 1. 1. 0. 1. 1. 0. 0. 0. 0. 0. 1. 1. 1. 0. 1. 1. 0. 0. 0. 0.
  0. 0. 0. 0. 0. 0. 0. 0. 0. 0. 0. 0. 0. 0. 0. 0. 0. 0. 0. 0. 0. 0. 0. 0.
  0. 0. 0. 0. 0. 0. 0. 0. 0. 0. 0. 0. 0. 0. 0. 0. 0. 0. 0. 0. 0. 0. 0. 0.
  0. 0. 0. 0. 0. 0. 0. 0. 0. 0. 0. 0. 0. 0. 0. 0. 0. 0. 0. 0. 0. 0. 0. 0.
  0. 0. 0. 0.]
 [1. 1. 1. 1. 1. 0. 1. 1. 0. 1. 1. 1. 1. 1. 1. 0. 1. 1. 0. 0. 0. 0. 0. 0.
  0. 0. 0. 0. 0. 0. 0. 0. 0. 0. 0. 0. 0. 0. 0. 0. 0. 0. 0. 0. 0. 0. 0. 0.
  0. 0. 0. 0. 0. 0. 0. 0. 0. 0. 0. 0. 0. 0. 0. 0. 0. 0. 0. 0. 0. 0. 0. 0.
  0. 0. 0. 0. 0. 0. 0. 0. 0. 0. 0. 0. 0. 0. 0. 0. 0. 0. 0. 0. 0. 0. 0. 0.
  0. 0. 0. 0.]
 [1. 1. 1. 0. 1. 1. 1. 0. 0. 1. 1. 1. 0. 1. 1. 1. 0. 1. 1. 0. 0. 0. 0. 0.
  0. 0. 0. 0. 0. 0. 0. 0. 0. 0. 0. 0. 0. 0. 0. 0. 0. 0. 0. 0. 0. 0. 0. 0.
  0. 0. 0. 0. 0. 0. 0. 0. 0. 0. 0. 0. 0. 0. 0. 0. 0. 0. 0. 0. 0. 0. 0. 0.
  0. 0. 0. 0. 0. 0. 0. 0. 0. 0. 0. 0. 0. 0. 0. 0. 0. 0. 0. 0. 0. 0. 0. 0.
  0. 0. 0. 0.]
 [1. 0. 0. 0. 0. 1. 0. 0. 0. 0. 1. 0. 0. 1. 1. 0. 1. 1. 1. 1. 0. 0. 0. 0.
  0. 0. 0. 0. 0. 0. 0. 0. 0. 0. 0. 0. 0. 0. 0. 0. 0. 0. 0. 0. 0. 0. 0. 0.
  0. 0. 0. 0. 0. 0. 0. 0. 0. 0. 0. 0. 0. 0. 0. 0. 0. 0. 0. 0. 0. 0. 0. 0.
  0. 0. 0. 0. 0. 0. 0. 0. 0. 0. 0. 0. 0. 0. 0. 0. 0. 0. 0. 0. 0. 0. 0. 0.
  0. 0. 0. 0.]
 [0. 1. 0. 1. 1. 0. 1. 1. 1. 1. 1. 1. 0. 0. 1. 0. 0. 1. 1. 0. 0. 0. 0. 0.
  0. 0. 0. 0. 0. 0. 0. 0. 0. 0. 0. 0. 0. 0. 0. 0. 0. 0. 0. 0. 0. 0. 0. 0.
  0. 0. 0. 0. 0. 0. 0. 0. 0. 0. 0. 0. 0. 0. 0. 0. 0. 0. 0. 0. 0. 0. 0. 0.
  0. 0. 0. 0. 0. 0. 0. 0. 0. 0. 0. 0. 0. 0. 0. 0. 0. 0. 0. 0. 0. 0. 0. 0.
  0. 0. 0. 0.]
 [0. 1. 1. 1. 1. 0. 1. 0. 0. 1. 1. 0. 1. 0. 0. 0. 0. 1. 0. 1. 0. 0. 0. 0.
  0. 0. 0. 0. 0. 0. 0. 0. 0. 0. 0. 0. 0. 0. 0. 0. 0. 0. 0. 0. 0. 0. 0. 0.
  0. 0. 0. 0. 0. 0. 0. 0. 0. 0. 0. 0. 0. 0. 0. 0. 0. 0. 0. 0. 0. 0. 0. 0.
  0. 0. 0. 0. 0. 0. 0. 0. 0. 0. 0. 0. 0. 0. 0. 0. 0. 0. 0. 0. 0. 0. 0. 0.
  0. 0. 0. 0.]
 [0. 0. 0. 0. 0. 0. 0. 0. 1. 0. 0. 0. 1. 0. 0. 0. 1. 0. 0. 0. 0. 0. 0. 0.
  0. 0. 0. 0. 0. 0. 0. 0. 0. 0. 0. 0. 0. 0. 0. 0. 0. 0. 0. 0. 0. 0. 0. 0.
  0. 0. 0. 0. 0. 0. 0. 0. 0. 0. 0. 0. 0. 0. 0. 0. 0. 0. 0. 0. 0. 0. 0. 0.
  0. 0. 0. 0. 0. 0. 0. 0. 0. 0. 0. 0. 0. 0. 0. 0. 0. 0. 0. 0. 0. 0. 0. 0.
  0. 0. 0. 0.]
 [1. 1. 0. 0. 1. 0. 1. 1. 0. 1. 0. 1. 0. 0. 1. 1. 1. 0. 0. 1. 0. 0. 0. 0.
  0. 0. 0. 0. 0. 0. 0. 0. 0. 0. 0. 0. 0. 0. 0. 0. 0. 0. 0. 0. 0. 0. 0. 0.
  0. 0. 0. 0. 0. 0. 0. 0. 0. 0. 0. 0. 0. 0. 0. 0. 0. 0. 0. 0. 0. 0. 0. 0.
  0. 0. 0. 0. 0. 0. 0. 0. 0. 0. 0. 0. 0. 0. 0. 0. 0. 0. 0. 0. 0. 0. 0. 0.
  0. 0. 0. 0.]
 [0. 1. 1. 1. 0. 0. 1. 1. 0. 1. 0. 0. 1. 0. 1. 1. 0. 0. 1. 1. 0. 0. 0. 0.
  0. 0. 0. 0. 0. 0. 0. 0. 0. 0. 0. 0. 0. 0. 0. 0. 0. 0. 0. 0. 0. 0. 0. 0.
  0. 0. 0. 0. 0. 0. 0. 0. 0. 0. 0. 0. 0. 0. 0. 0. 0. 0. 0. 0. 0. 0. 0. 0.
  0. 0. 0. 0. 0. 0. 0. 0. 0. 0. 0. 0. 0. 0. 0. 0. 0. 0. 0. 0. 0. 0. 0. 0.
  0. 0. 0. 0.]
 [0. 0. 0. 0. 1. 0. 0. 1. 1. 0. 0. 0. 1. 0. 0. 0. 1. 0. 0. 0. 0. 0. 0. 0.
  0. 0. 0. 0. 0. 0. 0. 0. 0. 0. 0. 0. 0. 0. 0. 0. 0. 0. 0. 0. 0. 0. 0. 0.
  0. 0. 0. 0. 0. 0. 0. 0. 0. 0. 0. 0. 0. 0. 0. 0. 0. 0. 0. 0. 0. 0. 0. 0.
  0. 0. 0. 0. 0. 0. 0. 0. 0. 0. 0. 0. 0. 0. 0. 0. 0. 0. 0. 0. 0. 0. 0. 0.
  0. 0. 0. 0.]
 [1. 1. 1. 0. 1. 1. 1. 0. 1. 0. 0. 1. 1. 1. 1. 0. 1. 0. 1. 1. 0. 0. 0. 0.
  0. 0. 0. 0. 0. 0. 0. 0. 0. 0. 0. 0. 0. 0. 0. 0. 0. 0. 0. 0. 0. 0. 0. 0.
  0. 0. 0. 0. 0. 0. 0. 0. 0. 0. 0. 0. 0. 0. 0. 0. 0. 0. 0. 0. 0. 0. 0. 0.
  0. 0. 0. 0. 0. 0. 0. 0. 0. 0. 0. 0. 0. 0. 0. 0. 0. 0. 0. 0. 0. 0. 0. 0.
  0. 0. 0. 0.]
 [1. 1. 1. 1. 1. 1. 1. 0. 0. 0. 0. 0. 0. 1. 1. 1. 1. 1. 1. 0. 0. 0. 0. 0.
  0. 0. 0. 0. 0. 0. 0. 0. 0. 0. 0. 0. 0. 0. 0. 0. 0. 0. 0. 0. 0. 0. 0. 0.
  0. 0. 0. 0. 0. 0. 0. 0. 0. 0. 0. 0. 0. 0. 0. 0. 0. 0. 0. 0. 0. 0. 0. 0.
  0. 0. 0. 0. 0. 0. 0. 0. 0. 0. 0. 0. 0. 0. 0. 0. 0. 0. 0. 0. 0. 0. 0. 0.
  0. 0. 0. 0.]
 [0. 0. 0. 0. 1. 0. 0. 0. 0. 0. 1. 1. 1. 0. 1. 0. 1. 1. 0. 1. 0. 0. 0. 0.
  0. 0. 0. 0. 0. 0. 0. 0. 0. 0. 0. 0. 0. 0. 0. 0. 0. 0. 0. 0. 0. 0. 0. 0.
  0. 0. 0. 0. 0. 0. 0. 0. 0. 0. 0. 0. 0. 0. 0. 0. 0. 0. 0. 0. 0. 0. 0. 0.
  0. 0. 0. 0. 0. 0. 0. 0. 0. 0. 0. 0. 0. 0. 0. 0. 0. 0. 0. 0. 0. 0. 0. 0.
  0. 0. 0. 0.]
 [0. 1. 0. 0. 0. 1. 1. 1. 0. 1. 0. 0. 0. 1. 1. 1. 0. 1. 0. 1. 0. 0. 0. 0.
  0. 0. 0. 0. 0. 0. 0. 0. 0. 0. 0. 0. 0. 0. 0. 0. 0. 0. 0. 0. 0. 0. 0. 0.
  0. 0. 0. 0. 0. 0. 0. 0. 0. 0. 0. 0. 0. 0. 0. 0. 0. 0. 0. 0. 0. 0. 0. 0.
  0. 0. 0. 0. 0. 0. 0. 0. 0. 0. 0. 0. 0. 0. 0. 0. 0. 0. 0. 0. 0. 0. 0. 0.
  0. 0. 0. 0.]
 [0. 0. 1. 0. 1. 1. 0. 1. 0. 1. 1. 0. 0. 1. 1. 1. 1. 1. 0. 1. 0. 0. 0. 0.
  0. 0. 0. 0. 0. 0. 0. 0. 0. 0. 0. 0. 0. 0. 0. 0. 0. 0. 0. 0. 0. 0. 0. 0.
  0. 0. 0. 0. 0. 0. 0. 0. 0. 0. 0. 0. 0. 0. 0. 0. 0. 0. 0. 0. 0. 0. 0. 0.
  0. 0. 0. 0. 0. 0. 0. 0. 0. 0. 0. 0. 0. 0. 0. 0. 0. 0. 0. 0. 0. 0. 0. 0.
  0. 0. 0. 0.]
 [1. 0. 0. 1. 1. 0. 0. 0. 0. 0. 1. 1. 1. 0. 1. 0. 1. 0. 0. 0. 0. 0. 0. 0.
  0. 0. 0. 0. 0. 0. 0. 0. 0. 0. 0. 0. 0. 0. 0. 0. 0. 0. 0. 0. 0. 0. 0. 0.
  0. 0. 0. 0. 0. 0. 0. 0. 0. 0. 0. 0. 0. 0. 0. 0. 0. 0. 0. 0. 0. 0. 0. 0.
  0. 0. 0. 0. 0. 0. 0. 0. 0. 0. 0. 0. 0. 0. 0. 0. 0. 0. 0. 0. 0. 0. 0. 0.
  0. 0. 0. 0.]
 [0. 0. 0. 1. 0. 0. 1. 0. 0. 1. 0. 1. 1. 1. 1. 1. 1. 0. 0. 0. 0. 0. 0. 0.
  0. 0. 0. 0. 0. 0. 0. 0. 0. 0. 0. 0. 0. 0. 0. 0. 0. 0. 0. 0. 0. 0. 0. 0.
  0. 0. 0. 0. 0. 0. 0. 0. 0. 0. 0. 0. 0. 0. 0. 0. 0. 0. 0. 0. 0. 0. 0. 0.
  0. 0. 0. 0. 0. 0. 0. 0. 0. 0. 0. 0. 0. 0. 0. 0. 0. 0. 0. 0. 0. 0. 0. 0.
  0. 0. 0. 0.]
 [1. 1. 0. 1. 0. 0. 1. 1. 1. 1. 1. 1. 0. 1. 1. 0. 1. 1. 1. 1. 0. 0. 0. 0.
  0. 0. 0. 0. 0. 0. 0. 0. 0. 0. 0. 0. 0. 0. 0. 0. 0. 0. 0. 0. 0. 0. 0. 0.
  0. 0. 0. 0. 0. 0. 0. 0. 0. 0. 0. 0. 0. 0. 0. 0. 0. 0. 0. 0. 0. 0. 0. 0.
  0. 0. 0. 0. 0. 0. 0. 0. 0. 0. 0. 0. 0. 0. 0. 0. 0. 0. 0. 0. 0. 0. 0. 0.
  0. 0. 0. 0.]
 [1. 1. 0. 0. 0. 0. 0. 0. 1. 0. 1. 1. 1. 0. 1. 0. 1. 1. 1. 0. 0. 0. 0. 0.
  0. 0. 0. 0. 0. 0. 0. 0. 0. 0. 0. 0. 0. 0. 0. 0. 0. 0. 0. 0. 0. 0. 0. 0.
  0. 0. 0. 0. 0. 0. 0. 0. 0. 0. 0. 0. 0. 0. 0. 0. 0. 0. 0. 0. 0. 0. 0. 0.
  0. 0. 0. 0. 0. 0. 0. 0. 0. 0. 0. 0. 0. 0. 0. 0. 0. 0. 0. 0. 0. 0. 0. 0.
  0. 0. 0. 0.]
 [1. 0. 1. 0. 1. 1. 0. 1. 0. 0. 1. 0. 0. 1. 0. 1. 0. 0. 0. 1. 0. 0. 0. 0.
  0. 0. 0. 0. 0. 0. 0. 0. 0. 0. 0. 0. 0. 0. 0. 0. 0. 0. 0. 0. 0. 0. 0. 0.
  0. 0. 0. 0. 0. 0. 0. 0. 0. 0. 0. 0. 0. 0. 0. 0. 0. 0. 0. 0. 0. 0. 0. 0.
  0. 0. 0. 0. 0. 0. 0. 0. 0. 0. 0. 0. 0. 0. 0. 0. 0. 0. 0. 0. 0. 0. 0. 0.
  0. 0. 0. 0.]]
start_times_array: [[2.40550000e+04 4.25630000e+04 4.31750000e+04 4.32820000e+04
  4.35130000e+04 4.36860000e+04 6.53529917e+04 6.54109917e+04
  6.55320000e+04 6.55760000e+04 6.55780000e+04 6.56410000e+04
  6.56660000e+04 6.57360000e+04 6.57680000e+04 6.59830000e+04
  6.60390000e+04 6.62959917e+04 6.73550000e+04 6.91360000e+04]
 [6.82310000e+04 6.82420000e+04 6.83090000e+04 6.83540000e+04
  6.84400000e+04 6.85310000e+04 6.85910000e+04 6.86520000e+04
  6.86580000e+04 6.87530000e+04 6.87710000e+04 6.87780000e+04
  6.88510000e+04 6.88540000e+04 6.89460000e+04 6.89760000e+04
  6.90690000e+04 6.90760000e+04 6.91130000e+04 6.91270000e+04]
 [6.29500000e+03 6.75200000e+04 6.75250000e+04 6.75870000e+04
  6.76590000e+04 6.76850000e+04 6.77400000e+04 6.77640000e+04
  6.78250000e+04 6.78530000e+04 6.79510000e+04 6.79540000e+04
  6.79550000e+04 6.79830000e+04 6.80750000e+04 6.81140000e+04
  6.81400000e+04 6.82950003e+04 6.86600000e+04 6.87620000e+04]
 [6.64320000e+04 6.64410000e+04 6.65180000e+04 6.65650000e+04
  6.66100000e+04 6.66920000e+04 6.67120000e+04 6.67980000e+04
  6.68860000e+04 6.69040000e+04 6.69870000e+04 6.70090000e+04
  6.70820000e+04 6.71740000e+04 6.72580000e+04 6.73260000e+04
  6.73810000e+04 6.74460000e+04 6.74560000e+04 6.75270000e+04]
 [1.04180000e+04 6.53430000e+04 6.54180000e+04 6.54470000e+04
  6.55280000e+04 6.56170000e+04 6.56510000e+04 6.56850000e+04
  6.57090000e+04 6.58070000e+04 6.59020000e+04 6.59620000e+04
  6.59850000e+04 6.60390000e+04 6.61110000e+04 6.61140000e+04
  6.61960000e+04 6.62370000e+04 6.62860000e+04 6.63830000e+04]
 [6.40110000e+04 6.40910000e+04 6.41860000e+04 6.42370000e+04
  6.43330000e+04 6.43570000e+04 6.43720000e+04 6.44620000e+04
  6.45350000e+04 6.46340000e+04 6.47020000e+04 6.47980000e+04
  6.48650000e+04 6.49610000e+04 6.50170000e+04 6.50400000e+04
  6.50780000e+04 6.51750000e+04 6.52190000e+04 6.52600000e+04]
 [6.24730000e+04 6.31380000e+04 6.32300000e+04 6.32960000e+04
  6.33550000e+04 6.33860000e+04 6.34490000e+04 6.34510000e+04
  6.34640000e+04 6.34960000e+04 6.35350000e+04 6.35880000e+04
  6.36120000e+04 6.36970000e+04 6.37220000e+04 6.37750000e+04
  6.38650000e+04 6.39140000e+04 6.39560000e+04 6.40100000e+04]
 [6.21900000e+04 6.22930000e+04 6.23610000e+04 6.24470000e+04
  6.24730000e+04 6.25370000e+04 6.25670000e+04 6.26450000e+04
  6.27160000e+04 6.28110000e+04 6.28280000e+04 6.29200000e+04
  6.29500000e+04 6.29910000e+04 6.30450000e+04 6.30570000e+04
  6.30610000e+04 6.30780000e+04 6.32090003e+04 6.34550000e+04]
 [6.12140000e+04 6.12380000e+04 6.13450000e+04 6.13910000e+04
  6.14300000e+04 6.14620000e+04 6.15020000e+04 6.15540000e+04
  6.15900000e+04 6.16730000e+04 6.16960000e+04 6.17140000e+04
  6.18060000e+04 6.19010000e+04 6.19680000e+04 6.19990000e+04
  6.20240000e+04 6.20930000e+04 6.21390000e+04 6.22000000e+04]
 [6.02940003e+04 6.05540000e+04 6.07120000e+04 6.07490000e+04
  6.08010000e+04 6.08670000e+04 6.08690000e+04 6.09650000e+04
  6.10600000e+04 6.11040000e+04 6.11950000e+04 6.12780000e+04
  6.13450000e+04 6.13670000e+04 6.14110000e+04 6.14219917e+04
  6.14429917e+04 6.14879917e+04 6.15249917e+04 6.20980000e+04]
 [5.99310000e+04 5.99830000e+04 6.00020000e+04 6.00100000e+04
  6.00950000e+04 6.01590000e+04 6.01910000e+04 6.02130000e+04
  6.02500000e+04 6.03040000e+04 6.04000000e+04 6.04920000e+04
  6.05500000e+04 6.05660000e+04 6.06520000e+04 6.07090000e+04
  6.07320000e+04 6.08000000e+04 6.08940000e+04 6.11530000e+04]
 [1.74700000e+04 5.89590000e+04 5.89670000e+04 5.90560000e+04
  5.90890000e+04 5.91030000e+04 5.92020000e+04 5.92860000e+04
  5.93640000e+04 5.93690000e+04 5.94450000e+04 5.95060000e+04
  5.96010000e+04 5.96220000e+04 5.96310000e+04 5.97260000e+04
  5.97820000e+04 5.98090000e+04 5.98840000e+04 5.99260000e+04]
 [5.80090000e+04 5.80660000e+04 5.80960000e+04 5.81480000e+04
  5.82380000e+04 5.82960000e+04 5.83060000e+04 5.83490000e+04
  5.83560000e+04 5.84360000e+04 5.84520000e+04 5.84620000e+04
  5.85540000e+04 5.86100000e+04 5.86310000e+04 5.87070000e+04
  5.87220000e+04 5.88170000e+04 5.88270000e+04 5.88910000e+04]
 [5.72200000e+04 5.72660000e+04 5.73430000e+04 5.73660000e+04
  5.73990000e+04 5.74030000e+04 5.74690000e+04 5.74740000e+04
  5.75260000e+04 5.75280000e+04 5.75620000e+04 5.75860000e+04
  5.76750000e+04 5.77210000e+04 5.77560000e+04 5.77660000e+04
  5.77900000e+04 5.78430000e+04 5.79410000e+04 5.79600000e+04]
 [5.62620000e+04 5.63530000e+04 5.64480000e+04 5.64490000e+04
  5.65390000e+04 5.66140000e+04 5.66730000e+04 5.67090000e+04
  5.67660000e+04 5.68390000e+04 5.68780000e+04 5.69600000e+04
  5.69670000e+04 5.69940000e+04 5.69950000e+04 5.70340000e+04
  5.70550000e+04 5.71250000e+04 5.71390000e+04 5.71510000e+04]
 [2.73900000e+03 5.57150000e+04 5.57280000e+04 5.58040000e+04
  5.58370000e+04 5.59020000e+04 5.59260000e+04 5.59760000e+04
  5.60150000e+04 5.60560000e+04 5.61260000e+04 5.61730000e+04
  5.62620000e+04 5.62940000e+04 5.63430000e+04 5.64579917e+04
  5.64990000e+04 5.65120000e+04 5.67320000e+04 5.68320000e+04]
 [2.48600000e+03 5.46240000e+04 5.48100000e+04 5.48460000e+04
  5.48740000e+04 5.49680000e+04 5.50530000e+04 5.50730000e+04
  5.51670000e+04 5.52440000e+04 5.52640000e+04 5.53380000e+04
  5.53700000e+04 5.54380000e+04 5.54620000e+04 5.54630000e+04
  5.55380000e+04 5.55540000e+04 5.56330000e+04 5.60360000e+04]
 [5.40910000e+04 5.42570000e+04 5.43460000e+04 5.44090000e+04
  5.44500000e+04 5.44690000e+04 5.45370000e+04 5.46240000e+04
  5.46300000e+04 5.46810000e+04 5.46820000e+04 5.47300000e+04
  5.48050000e+04 5.48140000e+04 5.48610000e+04 5.49660000e+04
  5.51380000e+04 5.51900000e+04 5.52110000e+04 5.59900000e+04]
 [5.30810000e+04 5.31710000e+04 5.31750000e+04 5.32450000e+04
  5.32810000e+04 5.33270000e+04 5.34050000e+04 5.34650000e+04
  5.35320000e+04 5.35710000e+04 5.36420000e+04 5.37030000e+04
  5.37780000e+04 5.37910000e+04 5.38600000e+04 5.39360000e+04
  5.39400000e+04 5.39940000e+04 5.41690000e+04 5.41980000e+04]
 [5.22820000e+04 5.23260000e+04 5.24150000e+04 5.24510000e+04
  5.24760000e+04 5.25080000e+04 5.25850000e+04 5.26570000e+04
  5.26960000e+04 5.27770000e+04 5.28350000e+04 5.28840000e+04
  5.29400000e+04 5.29620000e+04 5.30080000e+04 5.30230000e+04
  5.32380002e+04 5.32910002e+04 5.33180002e+04 5.33740002e+04]
 [5.14260000e+04 5.14510000e+04 5.15170000e+04 5.15210000e+04
  5.15440000e+04 5.16220000e+04 5.16510000e+04 5.16670000e+04
  5.17360000e+04 5.17620000e+04 5.18300000e+04 5.19250000e+04
  5.19810000e+04 5.20120000e+04 5.20220000e+04 5.21050000e+04
  5.21790000e+04 5.21820000e+04 5.21900000e+04 5.22140000e+04]
 [1.45260000e+04 5.04530000e+04 5.05440000e+04 5.06380000e+04
  5.07320000e+04 5.08180000e+04 5.08340000e+04 5.08980000e+04
  5.09370000e+04 5.09570000e+04 5.10140000e+04 5.10290000e+04
  5.10630000e+04 5.11310000e+04 5.12130000e+04 5.12700000e+04
  5.12830000e+04 5.13400000e+04 5.15830002e+04 5.16550002e+04]
 [4.98030000e+04 4.98490000e+04 4.99850000e+04 5.00010000e+04
  5.00130000e+04 5.00350000e+04 5.01080000e+04 5.01390000e+04
  5.02290000e+04 5.02860000e+04 5.03800000e+04 5.04030000e+04
  5.04540000e+04 5.04710000e+04 5.05440000e+04 5.05670000e+04
  5.06010000e+04 5.06490000e+04 5.08310000e+04 5.08630000e+04]
 [4.92090000e+04 4.92150000e+04 4.92470000e+04 4.92570000e+04
  4.93190000e+04 4.93930000e+04 4.94750000e+04 4.95260000e+04
  4.95770000e+04 4.96280000e+04 4.96990000e+04 4.97270000e+04
  4.97540000e+04 4.98410000e+04 4.98630000e+04 4.98960000e+04
  4.99410000e+04 5.03600000e+04 5.05000000e+04 5.05810000e+04]
 [4.83920000e+04 4.84360000e+04 4.84780000e+04 4.85440000e+04
  4.86190000e+04 4.86840000e+04 4.87670000e+04 4.88310000e+04
  4.88520000e+04 4.88580000e+04 4.89110000e+04 4.89120000e+04
  4.89790000e+04 4.90590000e+04 4.90840000e+04 4.91210000e+04
  4.91920000e+04 4.92150000e+04 4.92630000e+04 4.93060000e+04]
 [7.12000000e+02 4.74970000e+04 4.76160000e+04 4.76580000e+04
  4.77290000e+04 4.77420000e+04 4.78400000e+04 4.78640000e+04
  4.79410000e+04 4.80100000e+04 4.81000000e+04 4.81800000e+04
  4.82530000e+04 4.83070000e+04 4.83200000e+04 4.83490000e+04
  4.83740000e+04 4.86480000e+04 4.87350003e+04 4.91640000e+04]
 [1.32200000e+03 4.66420000e+04 4.67090000e+04 4.69430000e+04
  4.69490000e+04 4.69800000e+04 4.70050000e+04 4.70780000e+04
  4.71640000e+04 4.72170000e+04 4.72360000e+04 4.73200000e+04
  4.73720000e+04 4.74520000e+04 4.75150000e+04 4.75360000e+04
  4.75380000e+04 4.78340000e+04 4.79650000e+04 4.80090000e+04]
 [4.53920000e+04 4.55050000e+04 4.59730000e+04 4.60450000e+04
  4.61120000e+04 4.61810000e+04 4.62310000e+04 4.62330000e+04
  4.62870000e+04 4.63180000e+04 4.63790000e+04 4.64600000e+04
  4.65540000e+04 4.65770000e+04 4.66660000e+04 4.66870000e+04
  4.67620000e+04 4.68610000e+04 4.69120000e+04 4.73660000e+04]
 [1.01900000e+03 4.53280000e+04 4.53980000e+04 4.55120000e+04
  4.55720000e+04 4.56460000e+04 4.57440000e+04 4.57700000e+04
  4.58660000e+04 4.58760000e+04 4.59440000e+04 4.59800000e+04
  4.59860000e+04 4.60100000e+04 4.60140000e+04 4.60260000e+04
  4.60550000e+04 4.61010000e+04 4.61800000e+04 4.62080000e+04]
 [1.12400000e+03 1.39900000e+03 1.44000000e+03 1.50100000e+03
  4.47990000e+04 4.48930000e+04 4.49520000e+04 4.50470000e+04
  4.50930000e+04 4.51360000e+04 4.51370000e+04 4.51860000e+04
  4.52280000e+04 4.52300000e+04 4.52620000e+04 4.53170000e+04
  4.53190000e+04 4.53760000e+04 4.54360000e+04 4.55120000e+04]
 [8.78000000e+02 1.13600000e+03 1.17900000e+03 1.25800000e+03
  1.30800000e+03 1.35900000e+03 1.38200000e+03 1.39400000e+03
  1.43200000e+03 4.36200000e+04 4.41060000e+04 4.41480000e+04
  4.44579917e+04 4.46259917e+04 4.47390000e+04 4.47750000e+04
  4.48020000e+04 4.48490000e+04 4.52190000e+04 4.53070000e+04]
 [8.02000000e+02 6.71400000e+03 4.36090000e+04 4.37540000e+04
  4.37980000e+04 4.38780000e+04 4.39610000e+04 4.40150000e+04
  4.41060000e+04 4.41930000e+04 4.42300000e+04 4.43010000e+04
  4.43040000e+04 4.43370000e+04 4.43750000e+04 4.44550000e+04
  4.45460000e+04 4.46250000e+04 4.46800000e+04 4.47700000e+04]
 [3.58000000e+02 4.34000000e+02 7.45000000e+02 7.66000000e+02
  1.23700000e+03 6.32900000e+03 6.41500000e+03 4.32520000e+04
  4.33020000e+04 4.33230000e+04 4.34440000e+04 4.34460000e+04
  4.34970000e+04 4.35810000e+04 4.36030000e+04 4.36100000e+04
  4.37810000e+04 4.38330000e+04 4.39170000e+04 4.39330000e+04]
 [6.33000000e+02 6.56000000e+02 7.42000000e+02 4.25050000e+04
  4.27779917e+04 4.30610000e+04 4.31530000e+04 4.31920000e+04
  4.32040000e+04 4.32190000e+04 4.32610000e+04 4.32660000e+04
  4.32800000e+04 4.33660000e+04 4.34440000e+04 4.35190000e+04
  4.36000000e+04 4.36510000e+04 4.38980000e+04 4.41980000e+04]
 [3.13000000e+02 4.24330000e+04 4.24750000e+04 4.25050000e+04
  4.25190000e+04 4.26220000e+04 4.26900000e+04 4.27120000e+04
  4.27360000e+04 4.27490000e+04 4.28290000e+04 4.28790000e+04
  4.29680000e+04 4.29800000e+04 4.30250000e+04 4.30610000e+04
  4.30910000e+04 4.31190000e+04 4.32240000e+04 4.34530000e+04]
 [4.19850000e+04 4.20890000e+04 4.21230000e+04 4.21250000e+04
  4.21600000e+04 4.22420000e+04 4.23070000e+04 4.23830000e+04
  4.23860000e+04 4.24750000e+04 4.25610000e+04 4.26580000e+04
  4.26810000e+04 4.27070000e+04 4.27560000e+04 4.28220000e+04
  4.28590000e+04 4.29140000e+04 4.29860000e+04 4.30560000e+04]
 [4.60000000e+03 4.16170000e+04 4.17100000e+04 4.17630000e+04
  4.18460000e+04 4.18500000e+04 4.19180000e+04 4.19580000e+04
  4.20380000e+04 4.20550000e+04 4.21450000e+04 4.22020000e+04
  4.22830000e+04 4.23070000e+04 4.23330000e+04 4.23680000e+04
  4.23810000e+04 4.24190000e+04 4.24780000e+04 4.25630000e+04]
 [5.20700000e+03 4.07030000e+04 4.07680000e+04 4.08180000e+04
  4.09100000e+04 4.09980000e+04 4.10090000e+04 4.10920000e+04
  4.11790000e+04 4.12210000e+04 4.12780000e+04 4.13650000e+04
  4.14480000e+04 4.14910000e+04 4.15890000e+04 4.16360000e+04
  4.18880000e+04 4.19490000e+04 4.19520000e+04 4.22130000e+04]
 [1.58000000e+02 6.60000000e+02 7.04000000e+02 3.95480000e+04
  4.00360000e+04 4.01100000e+04 4.01330000e+04 4.01650000e+04
  4.01950000e+04 4.02210000e+04 4.02850000e+04 4.03400000e+04
  4.03670000e+04 4.04190000e+04 4.04360000e+04 4.05330000e+04
  4.05540000e+04 4.06270000e+04 4.06720000e+04 4.13940000e+04]
 [5.17000000e+02 5.77000000e+02 6.86000000e+02 7.34000000e+02
  7.88000000e+02 8.42000000e+02 8.80000000e+02 9.19000000e+02
  9.68000000e+02 9.97000000e+02 1.09500000e+03 3.95350003e+04
  3.96570000e+04 3.96850000e+04 3.97070000e+04 3.97880000e+04
  3.98260000e+04 3.99240000e+04 4.00200000e+04 4.01810000e+04]
 [1.25200000e+03 1.45700000e+03 3.89940003e+04 3.92310000e+04
  3.93690000e+04 3.93900000e+04 3.94870000e+04 3.94940000e+04
  3.95620000e+04 3.95670000e+04 3.95800000e+04 3.96060000e+04
  3.98460000e+04 3.99400000e+04 3.99650000e+04 4.00920000e+04
  4.01280000e+04 4.04250000e+04 4.05130000e+04 4.09660003e+04]
 [3.73740000e+04 3.85180000e+04 3.85930000e+04 3.86260000e+04
  3.86720000e+04 3.86860000e+04 3.87080000e+04 3.87780000e+04
  3.88410000e+04 3.88790000e+04 3.89420000e+04 3.89870000e+04
  3.90860000e+04 3.91270000e+04 3.91390000e+04 3.92030000e+04
  3.92370000e+04 3.92490000e+04 3.93030000e+04 3.95170000e+04]
 [2.67900000e+03 4.45000000e+03 3.75240000e+04 3.76190000e+04
  3.76600000e+04 3.77310000e+04 3.78190000e+04 3.79100000e+04
  3.80020000e+04 3.81010000e+04 3.81530000e+04 3.82220000e+04
  3.83010000e+04 3.83310000e+04 3.83340000e+04 3.83890000e+04
  3.84480000e+04 3.85360000e+04 3.85640000e+04 3.86350000e+04]
 [3.63710000e+04 3.64240000e+04 3.68670000e+04 3.69490000e+04
  3.69780000e+04 3.70420000e+04 3.70610000e+04 3.70760000e+04
  3.71550000e+04 3.72540000e+04 3.72930000e+04 3.73650000e+04
  3.74470000e+04 3.75240000e+04 3.75490000e+04 3.76450000e+04
  3.77370000e+04 3.78350000e+04 3.79140000e+04 3.80899917e+04]
 [3.62790000e+04 3.63350000e+04 3.63410000e+04 3.64040000e+04
  3.64540000e+04 3.65210000e+04 3.66010000e+04 3.66610000e+04
  3.66970000e+04 3.67070000e+04 3.67210000e+04 3.67650000e+04
  3.68460000e+04 3.69000000e+04 3.69200000e+04 3.69870000e+04
  3.70120000e+04 3.73590003e+04 3.74370003e+04 3.75900000e+04]
 [7.72600000e+03 3.36330000e+04 3.54150000e+04 3.57290000e+04
  3.57850000e+04 3.58150000e+04 3.58420000e+04 3.59180000e+04
  3.59720000e+04 3.60200000e+04 3.61020000e+04 3.61910000e+04
  3.61990000e+04 3.62790000e+04 3.64450000e+04 3.65430000e+04
  3.66400000e+04 3.66500000e+04 3.69360000e+04 3.75130000e+04]
 [5.08000000e+02 6.07500000e+03 3.51110000e+04 3.51810000e+04
  3.52560000e+04 3.52720000e+04 3.53410000e+04 3.53930000e+04
  3.54140000e+04 3.54370000e+04 3.54650000e+04 3.55210000e+04
  3.55260000e+04 3.56040000e+04 3.56760000e+04 3.57320000e+04
  3.57550000e+04 3.58890000e+04 3.59400000e+04 3.63130000e+04]
 [8.00000000e+01 5.83000000e+02 3.35770000e+04 3.42840000e+04
  3.43510000e+04 3.44280000e+04 3.44890000e+04 3.45440000e+04
  3.46310000e+04 3.46510000e+04 3.47110000e+04 3.47510000e+04
  3.47740000e+04 3.47910000e+04 3.48150000e+04 3.48520000e+04
  3.49040000e+04 3.49500000e+04 3.50460000e+04 3.50650000e+04]
 [7.04600000e+03 3.33840000e+04 3.33930000e+04 3.34500000e+04
  3.35240000e+04 3.35280000e+04 3.35330000e+04 3.35740000e+04
  3.36980000e+04 3.37590000e+04 3.40720000e+04 3.41200000e+04
  3.41830000e+04 3.42200000e+04 3.42780000e+04 3.45040000e+04
  3.45950000e+04 3.46320000e+04 3.47270000e+04 3.48250000e+04]
 [7.92000000e+02 8.42000000e+02 8.68000000e+02 7.32600000e+03
  3.32120000e+04 3.33050000e+04 3.33140000e+04 3.34060000e+04
  3.34610000e+04 3.35240000e+04 3.35750000e+04 3.36080000e+04
  3.36680000e+04 3.37590000e+04 3.38100000e+04 3.39060000e+04
  3.39240000e+04 3.39990000e+04 3.41080000e+04 3.41580000e+04]
 [3.23690000e+04 3.23970000e+04 3.24380000e+04 3.25300000e+04
  3.25870000e+04 3.25970000e+04 3.26020000e+04 3.26870000e+04
  3.27280000e+04 3.28260000e+04 3.28380000e+04 3.29000000e+04
  3.29390000e+04 3.29920000e+04 3.30430000e+04 3.31240000e+04
  3.31800000e+04 3.32190000e+04 3.32240000e+04 3.36030000e+04]
 [3.28000000e+02 5.39000000e+02 6.41000000e+02 7.08000000e+02
  3.17130000e+04 3.18040000e+04 3.18170000e+04 3.18180000e+04
  3.19160000e+04 3.22350000e+04 3.22520000e+04 3.23110000e+04
  3.24849917e+04 3.25010000e+04 3.25670000e+04 3.25680000e+04
  3.25870000e+04 3.27780000e+04 3.27790000e+04 3.34610000e+04]
 [3.88991661e+02 1.18100000e+03 1.35300000e+03 5.20600000e+03
  3.16270000e+04 3.17230000e+04 3.17670000e+04 3.17750000e+04
  3.18170000e+04 3.18380000e+04 3.18770000e+04 3.19520000e+04
  3.20310000e+04 3.21040000e+04 3.21250000e+04 3.21330000e+04
  3.22200000e+04 3.22860000e+04 3.23110000e+04 3.24100000e+04]
 [3.07200000e+04 3.07650000e+04 3.07940000e+04 3.08890000e+04
  3.09440000e+04 3.10060000e+04 3.11030000e+04 3.11800000e+04
  3.11820000e+04 3.12250000e+04 3.12930000e+04 3.13870000e+04
  3.14070000e+04 3.14680000e+04 3.15460000e+04 3.16110000e+04
  3.16810000e+04 3.17500000e+04 3.18190000e+04 3.18780000e+04]
 [1.07000000e+04 2.98110000e+04 2.98660000e+04 2.99310000e+04
  2.99920000e+04 3.00770000e+04 3.01130000e+04 3.01440000e+04
  3.02240000e+04 3.02250000e+04 3.02870000e+04 3.03600000e+04
  3.03910000e+04 3.04530000e+04 3.04660000e+04 3.04930000e+04
  3.05210000e+04 3.05730000e+04 3.06440000e+04 3.11510000e+04]
 [2.90680000e+04 2.90760000e+04 2.91510000e+04 2.91610000e+04
  2.92260000e+04 2.92650000e+04 2.93150000e+04 2.93300000e+04
  2.93760000e+04 2.93820000e+04 2.93980000e+04 2.94850000e+04
  2.95160000e+04 2.95940000e+04 2.96270000e+04 2.97080000e+04
  2.97090000e+04 2.97950000e+04 3.00540000e+04 3.01180000e+04]
 [2.80660000e+04 2.81120000e+04 2.81630000e+04 2.82290000e+04
  2.82570000e+04 2.83130000e+04 2.83550000e+04 2.84480000e+04
  2.84530000e+04 2.85520000e+04 2.85680000e+04 2.86440000e+04
  2.86760000e+04 2.87050000e+04 2.87380000e+04 2.87610000e+04
  2.88260000e+04 2.88780000e+04 2.89770000e+04 2.92900000e+04]
 [9.97000000e+02 1.33300000e+03 1.42400000e+03 2.75770000e+04
  2.76560000e+04 2.77170000e+04 2.77710000e+04 2.78180000e+04
  2.79110000e+04 2.79500000e+04 2.80120000e+04 2.80180000e+04
  2.80810000e+04 2.81090000e+04 2.81130000e+04 2.81970000e+04
  2.82850000e+04 2.83550000e+04 2.83770000e+04 2.86430000e+04]
 [4.11000000e+02 2.15300000e+03 2.65080000e+04 2.65480000e+04
  2.68830000e+04 2.69800000e+04 2.70250000e+04 2.70560000e+04
  2.71120000e+04 2.72070000e+04 2.72370000e+04 2.73240000e+04
  2.73470000e+04 2.74180000e+04 2.74790000e+04 2.75710000e+04
  2.75720000e+04 2.77990000e+04 2.78910000e+04 2.79170000e+04]
 [2.55220000e+04 2.55460000e+04 2.56040000e+04 2.56660000e+04
  2.57070000e+04 2.60640000e+04 2.60810000e+04 2.61260000e+04
  2.61990000e+04 2.62010000e+04 2.62580000e+04 2.63230000e+04
  2.63740000e+04 2.64490000e+04 2.65080000e+04 2.66050000e+04
  2.66930000e+04 2.67450000e+04 2.67530000e+04 2.68120000e+04]
 [7.64000000e+02 8.55000000e+02 9.23000000e+02 9.93000000e+02
  1.11700000e+03 1.21000000e+03 1.30600000e+03 2.54630000e+04
  2.54980000e+04 2.55740000e+04 2.56190000e+04 2.57180000e+04
  2.57570000e+04 2.57830000e+04 2.58590000e+04 2.59040000e+04
  2.59810000e+04 2.60780000e+04 2.60810000e+04 2.64950000e+04]
 [2.49430000e+04 2.49550000e+04 2.50150000e+04 2.50680000e+04
  2.51190000e+04 2.51360000e+04 2.51770000e+04 2.52020000e+04
  2.52920000e+04 2.53130000e+04 2.53780000e+04 2.54120000e+04
  2.54630000e+04 2.55230000e+04 2.55740000e+04 2.56410000e+04
  2.57380000e+04 2.57830000e+04 2.60300000e+04 2.60520000e+04]
 [6.15700000e+03 2.44260000e+04 2.44620000e+04 2.45530000e+04
  2.46210000e+04 2.46850000e+04 2.46870000e+04 2.46930000e+04
  2.47580000e+04 2.48020000e+04 2.48520000e+04 2.48730000e+04
  2.49370000e+04 2.50330000e+04 2.51330000e+04 2.52310000e+04
  2.52440000e+04 2.52860000e+04 2.52980000e+04 2.55310000e+04]
 [2.33200000e+04 2.33520000e+04 2.35270000e+04 2.36439917e+04
  2.38560000e+04 2.39100000e+04 2.40030000e+04 2.40440000e+04
  2.41380000e+04 2.42010000e+04 2.42710000e+04 2.43550000e+04
  2.43780000e+04 2.43870000e+04 2.44470000e+04 2.44560000e+04
  2.44790000e+04 2.45470000e+04 2.46120000e+04 2.46210000e+04]
 [2.20950000e+04 2.33310003e+04 2.34210000e+04 2.34240000e+04
  2.34610000e+04 2.35270000e+04 2.35900000e+04 2.36000000e+04
  2.36830000e+04 2.37630000e+04 2.38080000e+04 2.38240000e+04
  2.39060000e+04 2.39180000e+04 2.40030000e+04 2.40330000e+04
  2.40350000e+04 2.40420000e+04 2.42960000e+04 2.43310000e+04]
 [2.70200000e+03 2.74300000e+03 2.27130000e+04 2.27630000e+04
  2.27680000e+04 2.27740000e+04 2.27800000e+04 2.28680000e+04
  2.29180000e+04 2.29680000e+04 2.30330000e+04 2.31010000e+04
  2.31720000e+04 2.32170000e+04 2.32680000e+04 2.33200000e+04
  2.33730000e+04 2.34100000e+04 2.34110000e+04 2.34200000e+04]
 [3.30000000e+01 1.21000000e+02 1.76000000e+02 5.91000000e+02
  6.88000000e+02 7.82000000e+02 2.21600000e+04 2.22070000e+04
  2.22150000e+04 2.22890000e+04 2.23320000e+04 2.24300000e+04
  2.24430000e+04 2.24510000e+04 2.24830000e+04 2.25360000e+04
  2.26060000e+04 2.26760000e+04 2.28940000e+04 2.29460000e+04]
 [2.13330000e+04 2.13750000e+04 2.14060000e+04 2.14590000e+04
  2.14930000e+04 2.15810000e+04 2.16770000e+04 2.17460000e+04
  2.18380000e+04 2.18730000e+04 2.18760000e+04 2.19290000e+04
  2.20210000e+04 2.20750000e+04 2.20960000e+04 2.21860000e+04
  2.22540000e+04 2.22770000e+04 2.22930000e+04 2.23320000e+04]
 [2.00980003e+04 2.01590000e+04 2.05980000e+04 2.06000000e+04
  2.06340000e+04 2.07230000e+04 2.07590000e+04 2.08400000e+04
  2.08690000e+04 2.09680000e+04 2.10640000e+04 2.10690000e+04
  2.10970000e+04 2.11940000e+04 2.12050000e+04 2.12840000e+04
  2.13750000e+04 2.14400000e+04 2.20920000e+04 2.22380000e+04]
 [1.84840000e+04 1.95050000e+04 1.95390000e+04 1.95950000e+04
  1.96720000e+04 1.97030000e+04 1.98000000e+04 1.98800000e+04
  1.99680000e+04 2.00010000e+04 2.00740000e+04 2.01450000e+04
  2.01820000e+04 2.02600000e+04 2.03410000e+04 2.04120000e+04
  2.04620000e+04 2.05080000e+04 2.10410000e+04 2.14150000e+04]
 [1.81840000e+04 1.84840000e+04 1.89080000e+04 1.89190000e+04
  1.89720000e+04 1.90290000e+04 1.90320000e+04 1.90840000e+04
  1.90880000e+04 1.91870000e+04 1.92110000e+04 1.92210000e+04
  1.92620000e+04 1.92710000e+04 1.92980000e+04 1.93170000e+04
  1.94070000e+04 1.94620000e+04 1.97340000e+04 1.97900000e+04]
 [9.99000000e+02 4.19300000e+03 1.78450000e+04 1.79020000e+04
  1.79650000e+04 1.80350000e+04 1.80990000e+04 1.81540000e+04
  1.81840000e+04 1.82100000e+04 1.82160000e+04 1.82860000e+04
  1.83340000e+04 1.84250000e+04 1.85220000e+04 1.85990000e+04
  1.86930000e+04 1.87810000e+04 1.88560000e+04 1.91330000e+04]
 [1.42200000e+03 1.68190000e+04 1.68600000e+04 1.69080000e+04
  1.70050000e+04 1.70780000e+04 1.71510000e+04 1.72180000e+04
  1.72370000e+04 1.73090000e+04 1.73910000e+04 1.74990000e+04
  1.75440000e+04 1.75720000e+04 1.76360000e+04 1.76580000e+04
  1.77230000e+04 1.78020000e+04 1.78160000e+04 1.85110000e+04]
 [6.57000000e+02 7.92800000e+03 1.61310000e+04 1.65600000e+04
  1.65700000e+04 1.66430000e+04 1.66750000e+04 1.67360000e+04
  1.67860000e+04 1.68190000e+04 1.69000000e+04 1.69570000e+04
  1.70560000e+04 1.70680000e+04 1.71260000e+04 1.71630000e+04
  1.72350000e+04 1.73250000e+04 1.73850000e+04 1.75060000e+04]
 [6.32991661e+02 7.67000000e+02 8.01000000e+02 1.03200000e+03
  1.05500000e+03 1.56810000e+04 1.57590000e+04 1.57970000e+04
  1.58130000e+04 1.58800000e+04 1.59550000e+04 1.60070000e+04
  1.60980000e+04 1.61530000e+04 1.62090000e+04 1.62820000e+04
  1.63620000e+04 1.64500000e+04 1.64750000e+04 1.64950000e+04]
 [1.52370000e+04 1.53020000e+04 1.53780000e+04 1.53840000e+04
  1.54230000e+04 1.55140000e+04 1.55980000e+04 1.56120000e+04
  1.56250000e+04 1.56570000e+04 1.56860000e+04 1.57090000e+04
  1.57210000e+04 1.57540000e+04 1.60570000e+04 1.60970000e+04
  1.61180000e+04 1.61260000e+04 1.62110000e+04 1.62840000e+04]
 [1.44060000e+04 1.44590000e+04 1.44800000e+04 1.44850000e+04
  1.45260000e+04 1.46190000e+04 1.46470000e+04 1.46840000e+04
  1.47600000e+04 1.48030000e+04 1.48350000e+04 1.48520000e+04
  1.48630000e+04 1.49350000e+04 1.49670000e+04 1.50140000e+04
  1.50820000e+04 1.51720000e+04 1.55390000e+04 1.56270003e+04]
 [6.70000000e+01 1.19700000e+03 1.33840000e+04 1.35560000e+04
  1.38870000e+04 1.39170000e+04 1.40010000e+04 1.40550000e+04
  1.40810000e+04 1.41000000e+04 1.41930000e+04 1.42760000e+04
  1.42830000e+04 1.43270000e+04 1.43350000e+04 1.43400000e+04
  1.44060000e+04 1.44690000e+04 1.45670000e+04 1.46480000e+04]
 [0.00000000e+00 4.11400000e+03 1.32020000e+04 1.32870000e+04
  1.33020000e+04 1.33720000e+04 1.34590000e+04 1.34830000e+04
  1.35560000e+04 1.35750000e+04 1.36010000e+04 1.36600000e+04
  1.36720000e+04 1.36860000e+04 1.37080000e+04 1.37460000e+04
  1.38110000e+04 1.38690000e+04 1.39610000e+04 1.45730000e+04]
 [1.26270000e+04 1.27190000e+04 1.27310000e+04 1.28130000e+04
  1.28540000e+04 1.29050000e+04 1.29510000e+04 1.29580000e+04
  1.29880000e+04 1.30140000e+04 1.31030000e+04 1.31650000e+04
  1.32460000e+04 1.33280000e+04 1.34130000e+04 1.34830000e+04
  1.35170000e+04 1.35320000e+04 1.36860000e+04 1.38210000e+04]
 [3.10000000e+01 7.00000000e+01 2.10000000e+02 2.43600000e+03
  1.06570000e+04 1.20640000e+04 1.20800000e+04 1.21040000e+04
  1.21920000e+04 1.22860000e+04 1.22970000e+04 1.23550000e+04
  1.23590000e+04 1.24250000e+04 1.24830000e+04 1.25250000e+04
  1.25940000e+04 1.26920000e+04 1.27420000e+04 1.27670000e+04]
 [2.41000000e+02 1.03210000e+04 1.13110000e+04 1.13950000e+04
  1.15270000e+04 1.18320000e+04 1.18350000e+04 1.19110000e+04
  1.19880000e+04 1.20230000e+04 1.20640000e+04 1.21200000e+04
  1.22860000e+04 1.23520000e+04 1.24080000e+04 1.25150000e+04
  1.25570000e+04 1.26339917e+04 1.28510000e+04 1.30890000e+04]
 [7.70000000e+01 1.06950000e+04 1.07720000e+04 1.08360000e+04
  1.08780000e+04 1.11280000e+04 1.12120000e+04 1.12280000e+04
  1.12480000e+04 1.13040000e+04 1.13110000e+04 1.13580000e+04
  1.13600000e+04 1.14090000e+04 1.14620000e+04 1.15270000e+04
  1.16030000e+04 1.16850000e+04 1.16970000e+04 1.17380000e+04]
 [8.49000000e+02 9.33000000e+02 1.00720000e+04 1.03520000e+04
  1.03800000e+04 1.04390000e+04 1.05030000e+04 1.05540000e+04
  1.06310000e+04 1.06570000e+04 1.07000000e+04 1.07720000e+04
  1.08350000e+04 1.09030000e+04 1.09070000e+04 1.09930000e+04
  1.10800000e+04 1.11570000e+04 1.11650000e+04 1.13200000e+04]
 [9.92000000e+02 8.77900000e+03 9.42900000e+03 9.52500000e+03
  9.53200000e+03 9.61400000e+03 9.67500000e+03 9.76400000e+03
  9.84000000e+03 9.87500000e+03 9.97200000e+03 1.00670000e+04
  1.00720000e+04 1.00760000e+04 1.00870000e+04 1.01700000e+04
  1.02350000e+04 1.03210000e+04 1.03350000e+04 1.07380000e+04]
 [4.66000000e+02 8.26700000e+03 8.52500000e+03 8.59900000e+03
  8.63400000e+03 8.72600000e+03 8.77900000e+03 8.79800000e+03
  8.88800000e+03 8.92300000e+03 8.97000000e+03 9.01900000e+03
  9.05300000e+03 9.12100000e+03 9.16700000e+03 9.24700000e+03
  9.27700000e+03 9.34800000e+03 9.37900000e+03 1.01650000e+04]
 [6.68300000e+03 6.82300000e+03 6.98300000e+03 7.11900000e+03
  7.19400000e+03 7.45800000e+03 8.20100000e+03 8.27900000e+03
  8.30000000e+03 8.31800000e+03 8.33900000e+03 8.34000000e+03
  8.34500000e+03 8.36200000e+03 8.44500000e+03 8.50300000e+03
  8.57100000e+03 8.63700000e+03 8.93500000e+03 9.28900000e+03]
 [5.72000000e+03 7.26900000e+03 7.28200000e+03 7.32800000e+03
  7.42400000e+03 7.51400000e+03 7.54500000e+03 7.62000000e+03
  7.70800000e+03 7.72600000e+03 7.80600000e+03 7.85400000e+03
  7.92800000e+03 7.98300000e+03 8.05100000e+03 8.13900000e+03
  8.22400000e+03 8.41500000e+03 8.42100000e+03 8.55500000e+03]
 [6.38500000e+03 6.47400000e+03 6.52600000e+03 6.55500000e+03
  6.59300000e+03 6.68600000e+03 6.75600000e+03 6.76000000e+03
  6.84600000e+03 6.89400000e+03 6.95300000e+03 7.02800000e+03
  7.06600000e+03 7.10300000e+03 7.14900000e+03 7.18900000e+03
  7.21200000e+03 7.23100000e+03 7.23400000e+03 7.44300000e+03]
 [1.54000000e+02 2.18000000e+02 3.07000000e+02 5.97700000e+03
  6.01400000e+03 6.07500000e+03 6.16200000e+03 6.20900000e+03
  6.29200000e+03 6.35800000e+03 6.43600000e+03 6.52600000e+03
  6.60600000e+03 6.68600000e+03 6.74400000e+03 6.75200000e+03
  6.76600000e+03 6.80900000e+03 6.81300000e+03 6.81400000e+03]
 [5.59200000e+03 5.59700000e+03 5.65800000e+03 5.68100000e+03
  5.73800000e+03 5.80500000e+03 5.85400000e+03 5.99100000e+03
  6.01400000e+03 6.09800000e+03 6.10100000e+03 6.13000000e+03
  6.19900000e+03 6.25100000e+03 6.26400000e+03 6.28000000e+03
  6.28200000e+03 6.36500000e+03 6.64000000e+03 6.74100000e+03]
 [4.28000000e+03 4.98800029e+03 5.07400029e+03 5.12200029e+03
  5.19300029e+03 5.41100000e+03 5.47800000e+03 5.49500000e+03
  5.51300000e+03 5.54700000e+03 5.55400000e+03 5.55600000e+03
  5.59700000e+03 5.63100000e+03 5.66800000e+03 5.67500000e+03
  5.76300000e+03 5.82200000e+03 5.87800000e+03 5.94100000e+03]
 [1.06000000e+02 1.65000000e+02 2.40500000e+03 4.59600000e+03
  4.60900000e+03 4.63800000e+03 4.65700000e+03 4.66200000e+03
  4.73900000e+03 4.81000000e+03 4.82100000e+03 4.88900000e+03
  4.97900000e+03 5.04100000e+03 5.13700000e+03 5.20700000e+03
  5.23800000e+03 5.29300000e+03 5.37300000e+03 5.42800000e+03]
 [2.73000000e+02 3.56200000e+03 3.65000000e+03 3.74700000e+03
  3.80500000e+03 3.88800000e+03 3.93500000e+03 4.01900000e+03
  4.11400000e+03 4.17600000e+03 4.24800000e+03 4.32300000e+03
  4.36300000e+03 4.41500000e+03 4.49400000e+03 4.54200000e+03
  4.59500000e+03 4.60000000e+03 4.98800029e+03 5.85000000e+03]
 [2.42000000e+02 2.72300000e+03 2.77200000e+03 2.85400000e+03
  2.99600000e+03 3.06100000e+03 3.09600000e+03 3.15400000e+03
  3.18500000e+03 3.38600000e+03 3.39800000e+03 3.45600000e+03
  3.50700000e+03 3.55000000e+03 3.56200000e+03 3.61000000e+03
  3.64800000e+03 3.72000000e+03 3.81300000e+03 4.44800000e+03]
 [2.80000000e+01 1.98000000e+02 2.47000000e+02 2.54100000e+03
  2.63100000e+03 2.64700000e+03 2.72500000e+03 2.80800000e+03
  2.89000000e+03 2.89700000e+03 2.99600000e+03 3.01800000e+03
  3.03200000e+03 3.09500000e+03 3.17600000e+03 3.25400000e+03
  3.26100000e+03 3.29200000e+03 3.30600000e+03 3.36500000e+03]
 [0.00000000e+00 1.40000000e+01 8.10000000e+01 1.77000000e+02
  2.01000000e+02 2.76000000e+02 3.61000000e+02 4.23000000e+02
  4.82000000e+02 8.23000000e+02 1.83300000e+03 2.19500000e+03
  2.21300000e+03 2.30300000e+03 2.38400000e+03 2.43700000e+03
  2.46100000e+03 2.46900000e+03 2.54100000e+03 2.64000000e+03]
 [1.60000000e+01 8.40000000e+01 2.76000000e+02 2.95000000e+02
  3.98000000e+02 1.51200000e+03 1.59700000e+03 1.66300000e+03
  1.67000000e+03 1.72100000e+03 1.81000000e+03 1.82100000e+03
  1.89100000e+03 1.89300000e+03 1.90400000e+03 1.95300000e+03
  1.99400000e+03 2.06200000e+03 2.14200000e+03 2.19300000e+03]
 [6.74000000e+02 7.66000000e+02 7.82000000e+02 7.88000000e+02
  8.10000000e+02 9.03000000e+02 9.92000000e+02 1.02100000e+03
  1.05500000e+03 1.11700000e+03 1.13600000e+03 1.19700000e+03
  1.21500000e+03 1.30600000e+03 1.32200000e+03 1.34900000e+03
  1.35300000e+03 1.66100000e+03 1.70999166e+03 1.71699166e+03]
 [0.00000000e+00 1.60000000e+01 3.50000000e+01 6.70000000e+01
  1.06000000e+02 1.25000000e+02 1.76000000e+02 1.87000000e+02
  2.18000000e+02 2.41000000e+02 3.13000000e+02 3.62000000e+02
  4.33000000e+02 4.66000000e+02 5.39000000e+02 5.42000000e+02
  5.96000000e+02 6.33000000e+02 6.57000000e+02 6.74000000e+02]]
