optimal_status: 0
solution: 59589.0
cpu_time: 3602.5556020736694
gap: 0.9504428577537236
upper_bound: 2953.060549313359
lower_bound: 59589.0
cg_matrix: [[0. 0. 0. 0. 1. 1. 0. 0. 1. 0. 0. 0. 1. 1. 0. 0. 0. 0. 0. 0. 0. 1. 0. 0.
  0. 0. 0. 1. 0. 0. 0. 1. 0. 0. 0. 0. 0. 0. 0. 0. 0. 0. 0. 0. 0. 1. 1. 0.
  0. 1. 1. 1. 0. 1. 1. 0. 0. 1. 0. 0. 0. 0. 0. 1. 0. 0. 0. 0. 0. 0. 0. 0.
  0. 1. 0. 0. 0. 0. 0. 0. 1. 0. 0. 0. 0. 1. 0. 0. 1. 0. 0. 0. 0. 0. 0. 0.
  0. 0. 1. 0.]
 [0. 0. 1. 0. 0. 1. 0. 0. 0. 1. 0. 0. 0. 0. 0. 0. 0. 0. 1. 0. 0. 0. 0. 0.
  0. 0. 0. 0. 0. 0. 0. 1. 0. 1. 0. 0. 0. 1. 1. 1. 0. 0. 0. 1. 0. 0. 1. 0.
  0. 0. 0. 0. 1. 1. 1. 1. 1. 0. 0. 0. 0. 0. 0. 0. 1. 0. 0. 0. 1. 1. 0. 0.
  0. 0. 0. 0. 0. 0. 0. 0. 1. 1. 0. 0. 0. 0. 0. 0. 0. 0. 0. 0. 0. 0. 0. 1.
  0. 1. 1. 1.]
 [0. 1. 0. 0. 1. 0. 1. 0. 0. 0. 0. 0. 0. 1. 0. 0. 0. 0. 0. 0. 0. 0. 0. 0.
  0. 1. 1. 1. 0. 0. 0. 0. 0. 0. 0. 0. 0. 0. 0. 0. 0. 0. 0. 0. 0. 1. 0. 0.
  0. 0. 0. 0. 0. 0. 1. 1. 0. 0. 0. 1. 0. 0. 0. 0. 1. 0. 0. 0. 0. 0. 1. 0.
  0. 0. 0. 0. 0. 0. 0. 1. 1. 0. 0. 0. 0. 0. 0. 0. 0. 0. 0. 0. 0. 0. 0. 1.
  0. 0. 0. 0.]
 [0. 0. 0. 0. 0. 0. 0. 0. 0. 1. 0. 0. 0. 1. 0. 0. 0. 0. 0. 0. 0. 0. 0. 1.
  0. 0. 1. 0. 1. 1. 1. 0. 0. 1. 0. 0. 0. 0. 0. 0. 0. 1. 0. 0. 1. 0. 0. 0.
  0. 1. 0. 1. 0. 0. 0. 0. 1. 0. 0. 1. 1. 1. 1. 0. 0. 0. 0. 0. 1. 0. 0. 0.
  0. 0. 0. 0. 0. 0. 0. 1. 1. 0. 0. 0. 0. 0. 0. 0. 0. 1. 1. 0. 0. 1. 0. 0.
  0. 1. 0. 0.]
 [1. 0. 1. 0. 0. 0. 0. 0. 0. 0. 1. 0. 0. 0. 0. 0. 0. 0. 0. 0. 0. 0. 0. 0.
  1. 1. 1. 0. 0. 0. 1. 1. 1. 0. 0. 1. 0. 0. 0. 0. 0. 0. 0. 0. 0. 0. 0. 1.
  1. 0. 1. 0. 0. 0. 1. 0. 0. 0. 0. 0. 0. 0. 0. 1. 0. 0. 0. 0. 0. 0. 0. 0.
  0. 0. 0. 1. 0. 0. 1. 0. 0. 1. 0. 0. 0. 0. 0. 1. 0. 0. 0. 0. 0. 0. 1. 0.
  0. 1. 0. 1.]
 [1. 1. 0. 0. 0. 0. 0. 0. 0. 0. 0. 1. 0. 1. 0. 0. 0. 0. 0. 0. 0. 1. 0. 0.
  0. 0. 0. 0. 0. 0. 0. 0. 0. 0. 0. 1. 0. 0. 1. 0. 0. 0. 0. 0. 0. 1. 1. 0.
  0. 1. 0. 0. 0. 0. 0. 0. 0. 1. 1. 0. 0. 0. 1. 1. 1. 0. 0. 0. 0. 0. 0. 0.
  1. 0. 0. 0. 0. 1. 0. 0. 0. 0. 0. 0. 0. 0. 0. 0. 0. 0. 1. 1. 0. 0. 0. 0.
  0. 0. 0. 0.]
 [0. 0. 1. 0. 0. 0. 0. 0. 0. 0. 0. 0. 0. 0. 0. 0. 0. 0. 0. 0. 1. 0. 1. 0.
  1. 1. 0. 1. 0. 0. 0. 1. 1. 1. 0. 0. 1. 1. 0. 0. 0. 0. 0. 0. 0. 0. 0. 1.
  0. 0. 0. 0. 1. 0. 0. 0. 1. 0. 1. 0. 0. 0. 1. 0. 0. 0. 0. 0. 0. 0. 0. 0.
  0. 0. 0. 1. 1. 0. 0. 0. 0. 0. 0. 0. 1. 0. 0. 0. 0. 0. 0. 1. 0. 0. 1. 0.
  0. 0. 0. 0.]
 [0. 0. 0. 0. 0. 0. 0. 0. 0. 1. 0. 0. 0. 0. 0. 0. 0. 0. 0. 0. 0. 1. 0. 0.
  0. 0. 1. 0. 0. 0. 0. 0. 1. 0. 0. 0. 1. 0. 1. 0. 1. 0. 0. 0. 0. 0. 0. 0.
  0. 0. 0. 0. 0. 0. 0. 0. 0. 0. 0. 0. 1. 0. 1. 0. 0. 0. 0. 0. 0. 0. 1. 0.
  0. 1. 0. 0. 0. 0. 0. 1. 0. 0. 0. 0. 0. 1. 0. 1. 1. 1. 0. 0. 0. 0. 0. 1.
  0. 0. 0. 0.]
 [1. 0. 0. 0. 0. 0. 0. 0. 0. 0. 0. 0. 0. 0. 1. 0. 0. 0. 0. 0. 0. 0. 1. 0.
  0. 0. 0. 0. 1. 0. 0. 0. 0. 0. 1. 0. 0. 0. 0. 0. 1. 0. 0. 0. 1. 0. 0. 0.
  0. 1. 0. 0. 0. 0. 0. 0. 0. 0. 0. 0. 0. 0. 0. 0. 0. 0. 0. 0. 1. 1. 0. 0.
  1. 0. 0. 0. 1. 0. 0. 0. 1. 0. 1. 0. 1. 0. 0. 0. 0. 0. 0. 0. 1. 0. 0. 1.
  0. 0. 0. 0.]
 [0. 1. 0. 1. 0. 0. 0. 1. 0. 0. 0. 0. 0. 0. 0. 0. 1. 0. 1. 0. 0. 0. 0. 0.
  1. 0. 0. 1. 0. 0. 0. 0. 0. 1. 0. 0. 0. 0. 0. 0. 0. 0. 1. 1. 0. 0. 0. 0.
  0. 0. 0. 0. 0. 0. 1. 0. 0. 1. 0. 0. 1. 1. 1. 0. 0. 0. 1. 0. 0. 0. 0. 0.
  0. 1. 0. 0. 0. 0. 0. 0. 1. 0. 0. 0. 0. 0. 0. 1. 1. 0. 0. 0. 0. 0. 1. 0.
  0. 1. 0. 0.]
 [0. 0. 0. 0. 1. 0. 0. 0. 0. 0. 0. 0. 0. 0. 0. 0. 0. 0. 0. 0. 1. 0. 0. 0.
  0. 1. 0. 1. 0. 0. 0. 0. 0. 0. 0. 1. 0. 0. 0. 1. 0. 0. 0. 0. 1. 0. 0. 1.
  0. 0. 0. 0. 0. 1. 0. 0. 0. 0. 0. 1. 0. 0. 0. 0. 0. 0. 1. 0. 0. 0. 1. 0.
  1. 0. 0. 0. 0. 0. 0. 0. 0. 0. 0. 0. 0. 0. 0. 0. 0. 0. 0. 0. 1. 0. 0. 1.
  0. 0. 1. 0.]
 [0. 0. 0. 0. 0. 1. 0. 0. 0. 0. 0. 0. 0. 0. 0. 0. 0. 1. 0. 0. 0. 0. 0. 0.
  1. 0. 0. 0. 0. 0. 0. 0. 0. 0. 0. 0. 0. 0. 0. 0. 1. 1. 0. 0. 0. 0. 0. 0.
  0. 1. 0. 0. 0. 0. 0. 1. 0. 0. 0. 0. 0. 0. 1. 0. 0. 0. 0. 0. 0. 0. 0. 0.
  0. 1. 0. 1. 0. 1. 0. 0. 0. 0. 0. 0. 0. 0. 0. 0. 1. 0. 0. 0. 0. 0. 0. 1.
  0. 0. 0. 0.]
 [1. 0. 0. 0. 0. 0. 0. 0. 0. 0. 0. 0. 0. 1. 0. 0. 1. 0. 0. 0. 0. 0. 0. 0.
  0. 0. 0. 0. 1. 0. 0. 0. 1. 0. 0. 0. 0. 1. 1. 0. 0. 0. 0. 0. 0. 0. 1. 1.
  0. 0. 0. 0. 0. 0. 0. 1. 0. 1. 0. 0. 0. 1. 0. 0. 0. 0. 1. 1. 0. 0. 0. 0.
  0. 0. 0. 0. 0. 0. 0. 1. 0. 1. 0. 1. 0. 1. 0. 0. 0. 0. 0. 0. 0. 0. 0. 0.
  0. 1. 0. 1.]
 [1. 0. 1. 1. 0. 1. 0. 0. 0. 0. 0. 0. 1. 0. 0. 0. 0. 0. 0. 0. 0. 0. 0. 1.
  1. 0. 0. 0. 0. 0. 0. 0. 1. 0. 0. 0. 1. 0. 0. 0. 0. 0. 0. 0. 0. 0. 0. 0.
  1. 0. 0. 1. 1. 0. 1. 0. 1. 0. 0. 0. 1. 1. 0. 0. 1. 0. 0. 1. 1. 0. 0. 0.
  0. 0. 0. 0. 0. 0. 0. 0. 0. 0. 0. 0. 0. 1. 0. 0. 0. 0. 0. 0. 0. 0. 0. 0.
  1. 0. 0. 1.]
 [0. 0. 0. 0. 0. 0. 0. 0. 1. 0. 0. 0. 0. 0. 0. 0. 1. 0. 0. 0. 0. 1. 0. 0.
  0. 0. 1. 0. 0. 0. 0. 0. 0. 1. 1. 1. 1. 0. 0. 0. 0. 0. 0. 1. 1. 0. 0. 0.
  0. 1. 0. 0. 1. 0. 0. 0. 0. 0. 0. 0. 0. 0. 0. 0. 0. 0. 1. 0. 0. 0. 0. 1.
  0. 0. 1. 0. 1. 0. 0. 1. 0. 1. 1. 0. 0. 0. 0. 0. 0. 0. 0. 0. 0. 0. 0. 0.
  0. 0. 0. 0.]
 [0. 0. 0. 0. 0. 0. 0. 0. 0. 0. 0. 0. 0. 0. 0. 0. 0. 0. 0. 0. 0. 0. 0. 0.
  0. 0. 0. 0. 0. 0. 0. 0. 0. 0. 0. 0. 0. 0. 1. 0. 0. 0. 0. 0. 0. 0. 0. 0.
  0. 0. 0. 0. 1. 1. 0. 0. 0. 0. 0. 0. 0. 0. 1. 0. 0. 0. 0. 0. 0. 0. 0. 1.
  0. 0. 0. 0. 0. 0. 1. 0. 0. 1. 0. 0. 1. 0. 1. 0. 0. 0. 0. 0. 1. 0. 1. 0.
  1. 0. 0. 0.]
 [0. 0. 0. 0. 0. 0. 0. 0. 0. 1. 0. 0. 1. 0. 1. 0. 0. 0. 0. 0. 0. 0. 0. 0.
  1. 0. 0. 0. 0. 0. 1. 0. 0. 0. 0. 0. 0. 0. 0. 0. 0. 0. 0. 0. 0. 1. 0. 0.
  0. 0. 0. 0. 1. 1. 0. 0. 0. 0. 0. 0. 0. 0. 0. 0. 1. 0. 1. 1. 0. 0. 0. 0.
  0. 0. 0. 0. 0. 0. 0. 0. 0. 0. 0. 0. 0. 0. 0. 0. 0. 1. 0. 0. 0. 1. 0. 0.
  0. 0. 1. 1.]
 [0. 0. 0. 0. 0. 0. 0. 0. 0. 0. 0. 1. 0. 0. 0. 0. 0. 0. 0. 0. 0. 0. 0. 1.
  0. 0. 1. 0. 1. 1. 0. 0. 0. 0. 0. 0. 1. 0. 0. 0. 1. 0. 0. 0. 0. 0. 0. 0.
  0. 1. 0. 0. 0. 1. 0. 1. 0. 1. 0. 0. 0. 0. 0. 0. 0. 0. 0. 0. 0. 0. 1. 0.
  0. 0. 0. 0. 0. 1. 0. 0. 1. 0. 0. 0. 0. 0. 0. 0. 0. 0. 0. 0. 0. 0. 0. 1.
  0. 0. 0. 0.]
 [0. 1. 0. 0. 0. 0. 0. 0. 0. 1. 0. 0. 0. 0. 0. 0. 0. 0. 0. 0. 0. 1. 0. 1.
  0. 0. 1. 0. 0. 0. 0. 0. 0. 0. 0. 0. 0. 0. 0. 0. 0. 0. 0. 0. 0. 0. 0. 0.
  0. 0. 0. 0. 0. 0. 0. 0. 0. 0. 0. 0. 1. 0. 0. 0. 0. 0. 0. 1. 0. 0. 1. 0.
  0. 0. 0. 0. 0. 1. 0. 0. 0. 0. 0. 0. 0. 1. 1. 0. 0. 0. 0. 1. 0. 0. 1. 1.
  0. 0. 1. 0.]
 [0. 0. 0. 0. 0. 0. 0. 0. 0. 0. 0. 0. 0. 0. 0. 0. 0. 0. 0. 0. 0. 0. 0. 0.
  0. 0. 0. 0. 0. 0. 0. 0. 1. 0. 0. 1. 0. 0. 1. 0. 0. 0. 0. 0. 0. 0. 1. 1.
  0. 1. 0. 0. 0. 0. 0. 0. 1. 0. 1. 0. 0. 0. 0. 1. 0. 0. 0. 0. 0. 1. 0. 1.
  0. 0. 0. 0. 0. 0. 1. 0. 0. 0. 0. 1. 0. 0. 0. 0. 0. 0. 0. 0. 0. 0. 1. 0.
  0. 1. 0. 0.]
 [0. 0. 0. 0. 0. 0. 1. 0. 0. 0. 1. 0. 0. 0. 0. 0. 0. 0. 0. 0. 0. 0. 0. 0.
  0. 0. 0. 0. 0. 0. 0. 0. 0. 0. 0. 0. 0. 0. 0. 0. 0. 0. 0. 0. 0. 0. 0. 0.
  0. 0. 0. 0. 0. 0. 0. 0. 0. 0. 0. 0. 0. 0. 0. 0. 0. 0. 0. 0. 0. 0. 0. 0.
  0. 0. 0. 0. 0. 0. 0. 0. 0. 0. 0. 0. 0. 0. 0. 0. 0. 0. 0. 0. 0. 0. 0. 0.
  0. 0. 0. 0.]
 [1. 0. 0. 0. 0. 1. 0. 1. 0. 0. 0. 0. 0. 0. 1. 0. 0. 0. 1. 0. 0. 0. 0. 0.
  0. 0. 0. 0. 0. 0. 0. 0. 0. 0. 0. 0. 0. 0. 0. 0. 0. 0. 0. 0. 0. 0. 0. 0.
  0. 0. 0. 0. 0. 0. 0. 0. 0. 0. 0. 0. 0. 0. 0. 0. 0. 0. 0. 0. 0. 0. 0. 0.
  0. 0. 0. 0. 0. 0. 0. 0. 0. 0. 0. 0. 0. 0. 0. 0. 0. 0. 0. 0. 0. 0. 0. 0.
  0. 0. 0. 0.]
 [0. 0. 0. 0. 0. 0. 1. 0. 1. 0. 0. 0. 0. 0. 0. 0. 0. 0. 0. 0. 0. 0. 0. 0.
  0. 0. 0. 0. 0. 0. 0. 0. 0. 0. 0. 0. 0. 0. 0. 0. 0. 0. 0. 0. 0. 0. 0. 0.
  0. 0. 0. 0. 0. 0. 0. 0. 0. 0. 0. 0. 0. 0. 0. 0. 0. 0. 0. 0. 0. 0. 0. 0.
  0. 0. 0. 0. 0. 0. 0. 0. 0. 0. 0. 0. 0. 0. 0. 0. 0. 0. 0. 0. 0. 0. 0. 0.
  0. 0. 0. 0.]
 [0. 0. 0. 1. 0. 0. 0. 0. 0. 0. 0. 0. 0. 1. 0. 0. 0. 1. 1. 0. 0. 0. 0. 0.
  0. 0. 0. 0. 0. 0. 0. 0. 0. 0. 0. 0. 0. 0. 0. 0. 0. 0. 0. 0. 0. 0. 0. 0.
  0. 0. 0. 0. 0. 0. 0. 0. 0. 0. 0. 0. 0. 0. 0. 0. 0. 0. 0. 0. 0. 0. 0. 0.
  0. 0. 0. 0. 0. 0. 0. 0. 0. 0. 0. 0. 0. 0. 0. 0. 0. 0. 0. 0. 0. 0. 0. 0.
  0. 0. 0. 0.]
 [0. 0. 0. 0. 1. 0. 1. 0. 0. 1. 0. 1. 0. 1. 0. 0. 1. 0. 0. 0. 0. 0. 0. 0.
  0. 0. 0. 0. 0. 0. 0. 0. 0. 0. 0. 0. 0. 0. 0. 0. 0. 0. 0. 0. 0. 0. 0. 0.
  0. 0. 0. 0. 0. 0. 0. 0. 0. 0. 0. 0. 0. 0. 0. 0. 0. 0. 0. 0. 0. 0. 0. 0.
  0. 0. 0. 0. 0. 0. 0. 0. 0. 0. 0. 0. 0. 0. 0. 0. 0. 0. 0. 0. 0. 0. 0. 0.
  0. 0. 0. 0.]
 [0. 0. 1. 0. 1. 0. 1. 0. 0. 0. 1. 0. 0. 0. 0. 0. 0. 0. 0. 0. 0. 0. 0. 0.
  0. 0. 0. 0. 0. 0. 0. 0. 0. 0. 0. 0. 0. 0. 0. 0. 0. 0. 0. 0. 0. 0. 0. 0.
  0. 0. 0. 0. 0. 0. 0. 0. 0. 0. 0. 0. 0. 0. 0. 0. 0. 0. 0. 0. 0. 0. 0. 0.
  0. 0. 0. 0. 0. 0. 0. 0. 0. 0. 0. 0. 0. 0. 0. 0. 0. 0. 0. 0. 0. 0. 0. 0.
  0. 0. 0. 0.]
 [0. 0. 1. 1. 1. 0. 0. 1. 0. 0. 0. 0. 0. 0. 1. 0. 0. 1. 1. 0. 0. 0. 0. 0.
  0. 0. 0. 0. 0. 0. 0. 0. 0. 0. 0. 0. 0. 0. 0. 0. 0. 0. 0. 0. 0. 0. 0. 0.
  0. 0. 0. 0. 0. 0. 0. 0. 0. 0. 0. 0. 0. 0. 0. 0. 0. 0. 0. 0. 0. 0. 0. 0.
  0. 0. 0. 0. 0. 0. 0. 0. 0. 0. 0. 0. 0. 0. 0. 0. 0. 0. 0. 0. 0. 0. 0. 0.
  0. 0. 0. 0.]
 [1. 0. 1. 0. 0. 0. 1. 0. 0. 1. 1. 0. 0. 0. 0. 0. 0. 0. 0. 0. 0. 0. 0. 0.
  0. 0. 0. 0. 0. 0. 0. 0. 0. 0. 0. 0. 0. 0. 0. 0. 0. 0. 0. 0. 0. 0. 0. 0.
  0. 0. 0. 0. 0. 0. 0. 0. 0. 0. 0. 0. 0. 0. 0. 0. 0. 0. 0. 0. 0. 0. 0. 0.
  0. 0. 0. 0. 0. 0. 0. 0. 0. 0. 0. 0. 0. 0. 0. 0. 0. 0. 0. 0. 0. 0. 0. 0.
  0. 0. 0. 0.]
 [0. 0. 0. 1. 0. 0. 0. 0. 1. 0. 0. 0. 1. 0. 0. 0. 0. 1. 0. 0. 0. 0. 0. 0.
  0. 0. 0. 0. 0. 0. 0. 0. 0. 0. 0. 0. 0. 0. 0. 0. 0. 0. 0. 0. 0. 0. 0. 0.
  0. 0. 0. 0. 0. 0. 0. 0. 0. 0. 0. 0. 0. 0. 0. 0. 0. 0. 0. 0. 0. 0. 0. 0.
  0. 0. 0. 0. 0. 0. 0. 0. 0. 0. 0. 0. 0. 0. 0. 0. 0. 0. 0. 0. 0. 0. 0. 0.
  0. 0. 0. 0.]
 [0. 0. 0. 1. 0. 0. 0. 0. 0. 0. 0. 0. 0. 0. 0. 0. 0. 1. 0. 0. 0. 0. 0. 0.
  0. 0. 0. 0. 0. 0. 0. 0. 0. 0. 0. 0. 0. 0. 0. 0. 0. 0. 0. 0. 0. 0. 0. 0.
  0. 0. 0. 0. 0. 0. 0. 0. 0. 0. 0. 0. 0. 0. 0. 0. 0. 0. 0. 0. 0. 0. 0. 0.
  0. 0. 0. 0. 0. 0. 0. 0. 0. 0. 0. 0. 0. 0. 0. 0. 0. 0. 0. 0. 0. 0. 0. 0.
  0. 0. 0. 0.]
 [0. 0. 0. 1. 1. 0. 0. 0. 0. 0. 0. 0. 0. 0. 0. 0. 1. 0. 0. 0. 0. 0. 0. 0.
  0. 0. 0. 0. 0. 0. 0. 0. 0. 0. 0. 0. 0. 0. 0. 0. 0. 0. 0. 0. 0. 0. 0. 0.
  0. 0. 0. 0. 0. 0. 0. 0. 0. 0. 0. 0. 0. 0. 0. 0. 0. 0. 0. 0. 0. 0. 0. 0.
  0. 0. 0. 0. 0. 0. 0. 0. 0. 0. 0. 0. 0. 0. 0. 0. 0. 0. 0. 0. 0. 0. 0. 0.
  0. 0. 0. 0.]
 [1. 1. 0. 0. 1. 0. 1. 0. 0. 0. 0. 0. 0. 0. 0. 0. 0. 0. 0. 0. 0. 0. 0. 0.
  0. 0. 0. 0. 0. 0. 0. 0. 0. 0. 0. 0. 0. 0. 0. 0. 0. 0. 0. 0. 0. 0. 0. 0.
  0. 0. 0. 0. 0. 0. 0. 0. 0. 0. 0. 0. 0. 0. 0. 0. 0. 0. 0. 0. 0. 0. 0. 0.
  0. 0. 0. 0. 0. 0. 0. 0. 0. 0. 0. 0. 0. 0. 0. 0. 0. 0. 0. 0. 0. 0. 0. 0.
  0. 0. 0. 0.]
 [0. 0. 0. 0. 1. 0. 1. 1. 0. 0. 0. 0. 1. 1. 0. 0. 0. 0. 0. 1. 0. 0. 0. 0.
  0. 0. 0. 0. 0. 0. 0. 0. 0. 0. 0. 0. 0. 0. 0. 0. 0. 0. 0. 0. 0. 0. 0. 0.
  0. 0. 0. 0. 0. 0. 0. 0. 0. 0. 0. 0. 0. 0. 0. 0. 0. 0. 0. 0. 0. 0. 0. 0.
  0. 0. 0. 0. 0. 0. 0. 0. 0. 0. 0. 0. 0. 0. 0. 0. 0. 0. 0. 0. 0. 0. 0. 0.
  0. 0. 0. 0.]
 [0. 1. 0. 1. 0. 0. 1. 0. 0. 1. 0. 0. 0. 0. 1. 0. 0. 0. 0. 0. 0. 0. 0. 0.
  0. 0. 0. 0. 0. 0. 0. 0. 0. 0. 0. 0. 0. 0. 0. 0. 0. 0. 0. 0. 0. 0. 0. 0.
  0. 0. 0. 0. 0. 0. 0. 0. 0. 0. 0. 0. 0. 0. 0. 0. 0. 0. 0. 0. 0. 0. 0. 0.
  0. 0. 0. 0. 0. 0. 0. 0. 0. 0. 0. 0. 0. 0. 0. 0. 0. 0. 0. 0. 0. 0. 0. 0.
  0. 0. 0. 0.]
 [0. 0. 0. 0. 0. 0. 0. 0. 1. 0. 0. 0. 0. 0. 1. 0. 0. 0. 0. 0. 0. 0. 0. 0.
  0. 0. 0. 0. 0. 0. 0. 0. 0. 0. 0. 0. 0. 0. 0. 0. 0. 0. 0. 0. 0. 0. 0. 0.
  0. 0. 0. 0. 0. 0. 0. 0. 0. 0. 0. 0. 0. 0. 0. 0. 0. 0. 0. 0. 0. 0. 0. 0.
  0. 0. 0. 0. 0. 0. 0. 0. 0. 0. 0. 0. 0. 0. 0. 0. 0. 0. 0. 0. 0. 0. 0. 0.
  0. 0. 0. 0.]
 [0. 0. 0. 0. 1. 1. 0. 0. 0. 0. 1. 0. 0. 0. 1. 0. 0. 0. 0. 1. 0. 0. 0. 0.
  0. 0. 0. 0. 0. 0. 0. 0. 0. 0. 0. 0. 0. 0. 0. 0. 0. 0. 0. 0. 0. 0. 0. 0.
  0. 0. 0. 0. 0. 0. 0. 0. 0. 0. 0. 0. 0. 0. 0. 0. 0. 0. 0. 0. 0. 0. 0. 0.
  0. 0. 0. 0. 0. 0. 0. 0. 0. 0. 0. 0. 0. 0. 0. 0. 0. 0. 0. 0. 0. 0. 0. 0.
  0. 0. 0. 0.]
 [0. 0. 0. 0. 0. 0. 1. 1. 0. 0. 0. 0. 0. 1. 1. 0. 0. 1. 0. 0. 0. 0. 0. 0.
  0. 0. 0. 0. 0. 0. 0. 0. 0. 0. 0. 0. 0. 0. 0. 0. 0. 0. 0. 0. 0. 0. 0. 0.
  0. 0. 0. 0. 0. 0. 0. 0. 0. 0. 0. 0. 0. 0. 0. 0. 0. 0. 0. 0. 0. 0. 0. 0.
  0. 0. 0. 0. 0. 0. 0. 0. 0. 0. 0. 0. 0. 0. 0. 0. 0. 0. 0. 0. 0. 0. 0. 0.
  0. 0. 0. 0.]
 [0. 1. 0. 0. 0. 0. 1. 0. 0. 0. 0. 0. 1. 0. 0. 0. 0. 0. 0. 0. 0. 0. 0. 0.
  0. 0. 0. 0. 0. 0. 0. 0. 0. 0. 0. 0. 0. 0. 0. 0. 0. 0. 0. 0. 0. 0. 0. 0.
  0. 0. 0. 0. 0. 0. 0. 0. 0. 0. 0. 0. 0. 0. 0. 0. 0. 0. 0. 0. 0. 0. 0. 0.
  0. 0. 0. 0. 0. 0. 0. 0. 0. 0. 0. 0. 0. 0. 0. 0. 0. 0. 0. 0. 0. 0. 0. 0.
  0. 0. 0. 0.]
 [0. 1. 0. 0. 0. 1. 0. 1. 0. 0. 0. 0. 1. 0. 0. 1. 0. 0. 0. 1. 0. 0. 0. 0.
  0. 0. 0. 0. 0. 0. 0. 0. 0. 0. 0. 0. 0. 0. 0. 0. 0. 0. 0. 0. 0. 0. 0. 0.
  0. 0. 0. 0. 0. 0. 0. 0. 0. 0. 0. 0. 0. 0. 0. 0. 0. 0. 0. 0. 0. 0. 0. 0.
  0. 0. 0. 0. 0. 0. 0. 0. 0. 0. 0. 0. 0. 0. 0. 0. 0. 0. 0. 0. 0. 0. 0. 0.
  0. 0. 0. 0.]
 [0. 1. 0. 0. 0. 0. 0. 0. 0. 0. 1. 0. 0. 0. 0. 0. 0. 0. 0. 0. 0. 0. 0. 0.
  0. 0. 0. 0. 0. 0. 0. 0. 0. 0. 0. 0. 0. 0. 0. 0. 0. 0. 0. 0. 0. 0. 0. 0.
  0. 0. 0. 0. 0. 0. 0. 0. 0. 0. 0. 0. 0. 0. 0. 0. 0. 0. 0. 0. 0. 0. 0. 0.
  0. 0. 0. 0. 0. 0. 0. 0. 0. 0. 0. 0. 0. 0. 0. 0. 0. 0. 0. 0. 0. 0. 0. 0.
  0. 0. 0. 0.]
 [0. 0. 0. 0. 0. 0. 0. 1. 1. 0. 0. 1. 0. 0. 0. 0. 0. 1. 0. 0. 0. 0. 0. 0.
  0. 0. 0. 0. 0. 0. 0. 0. 0. 0. 0. 0. 0. 0. 0. 0. 0. 0. 0. 0. 0. 0. 0. 0.
  0. 0. 0. 0. 0. 0. 0. 0. 0. 0. 0. 0. 0. 0. 0. 0. 0. 0. 0. 0. 0. 0. 0. 0.
  0. 0. 0. 0. 0. 0. 0. 0. 0. 0. 0. 0. 0. 0. 0. 0. 0. 0. 0. 0. 0. 0. 0. 0.
  0. 0. 0. 0.]
 [0. 0. 0. 1. 0. 0. 0. 0. 0. 0. 0. 1. 0. 0. 0. 0. 0. 0. 0. 0. 0. 0. 0. 0.
  0. 0. 0. 0. 0. 0. 0. 0. 0. 0. 0. 0. 0. 0. 0. 0. 0. 0. 0. 0. 0. 0. 0. 0.
  0. 0. 0. 0. 0. 0. 0. 0. 0. 0. 0. 0. 0. 0. 0. 0. 0. 0. 0. 0. 0. 0. 0. 0.
  0. 0. 0. 0. 0. 0. 0. 0. 0. 0. 0. 0. 0. 0. 0. 0. 0. 0. 0. 0. 0. 0. 0. 0.
  0. 0. 0. 0.]
 [0. 0. 0. 0. 0. 0. 0. 0. 0. 1. 0. 0. 0. 0. 0. 0. 0. 0. 0. 0. 0. 0. 0. 0.
  0. 0. 0. 0. 0. 0. 0. 0. 0. 0. 0. 0. 0. 0. 0. 0. 0. 0. 0. 0. 0. 0. 0. 0.
  0. 0. 0. 0. 0. 0. 0. 0. 0. 0. 0. 0. 0. 0. 0. 0. 0. 0. 0. 0. 0. 0. 0. 0.
  0. 0. 0. 0. 0. 0. 0. 0. 0. 0. 0. 0. 0. 0. 0. 0. 0. 0. 0. 0. 0. 0. 0. 0.
  0. 0. 0. 0.]
 [0. 1. 0. 0. 0. 0. 0. 0. 0. 1. 0. 0. 0. 0. 1. 0. 0. 0. 0. 0. 0. 0. 0. 0.
  0. 0. 0. 0. 0. 0. 0. 0. 0. 0. 0. 0. 0. 0. 0. 0. 0. 0. 0. 0. 0. 0. 0. 0.
  0. 0. 0. 0. 0. 0. 0. 0. 0. 0. 0. 0. 0. 0. 0. 0. 0. 0. 0. 0. 0. 0. 0. 0.
  0. 0. 0. 0. 0. 0. 0. 0. 0. 0. 0. 0. 0. 0. 0. 0. 0. 0. 0. 0. 0. 0. 0. 0.
  0. 0. 0. 0.]
 [0. 0. 0. 1. 0. 0. 0. 0. 1. 0. 1. 0. 0. 0. 1. 0. 0. 0. 0. 0. 0. 0. 0. 0.
  0. 0. 0. 0. 0. 0. 0. 0. 0. 0. 0. 0. 0. 0. 0. 0. 0. 0. 0. 0. 0. 0. 0. 0.
  0. 0. 0. 0. 0. 0. 0. 0. 0. 0. 0. 0. 0. 0. 0. 0. 0. 0. 0. 0. 0. 0. 0. 0.
  0. 0. 0. 0. 0. 0. 0. 0. 0. 0. 0. 0. 0. 0. 0. 0. 0. 0. 0. 0. 0. 0. 0. 0.
  0. 0. 0. 0.]
 [1. 0. 1. 0. 0. 1. 0. 0. 0. 0. 0. 0. 0. 0. 0. 0. 1. 0. 0. 0. 0. 0. 0. 0.
  0. 0. 0. 0. 0. 0. 0. 0. 0. 0. 0. 0. 0. 0. 0. 0. 0. 0. 0. 0. 0. 0. 0. 0.
  0. 0. 0. 0. 0. 0. 0. 0. 0. 0. 0. 0. 0. 0. 0. 0. 0. 0. 0. 0. 0. 0. 0. 0.
  0. 0. 0. 0. 0. 0. 0. 0. 0. 0. 0. 0. 0. 0. 0. 0. 0. 0. 0. 0. 0. 0. 0. 0.
  0. 0. 0. 0.]
 [1. 1. 0. 0. 0. 1. 0. 0. 0. 0. 0. 0. 1. 0. 0. 0. 0. 0. 0. 1. 0. 0. 0. 0.
  0. 0. 0. 0. 0. 0. 0. 0. 0. 0. 0. 0. 0. 0. 0. 0. 0. 0. 0. 0. 0. 0. 0. 0.
  0. 0. 0. 0. 0. 0. 0. 0. 0. 0. 0. 0. 0. 0. 0. 0. 0. 0. 0. 0. 0. 0. 0. 0.
  0. 0. 0. 0. 0. 0. 0. 0. 0. 0. 0. 0. 0. 0. 0. 0. 0. 0. 0. 0. 0. 0. 0. 0.
  0. 0. 0. 0.]
 [0. 0. 0. 0. 1. 0. 1. 0. 0. 0. 1. 0. 1. 0. 0. 0. 0. 0. 0. 1. 0. 0. 0. 0.
  0. 0. 0. 0. 0. 0. 0. 0. 0. 0. 0. 0. 0. 0. 0. 0. 0. 0. 0. 0. 0. 0. 0. 0.
  0. 0. 0. 0. 0. 0. 0. 0. 0. 0. 0. 0. 0. 0. 0. 0. 0. 0. 0. 0. 0. 0. 0. 0.
  0. 0. 0. 0. 0. 0. 0. 0. 0. 0. 0. 0. 0. 0. 0. 0. 0. 0. 0. 0. 0. 0. 0. 0.
  0. 0. 0. 0.]
 [0. 0. 0. 0. 1. 0. 0. 0. 0. 0. 0. 0. 0. 1. 0. 0. 0. 0. 0. 0. 0. 0. 0. 0.
  0. 0. 0. 0. 0. 0. 0. 0. 0. 0. 0. 0. 0. 0. 0. 0. 0. 0. 0. 0. 0. 0. 0. 0.
  0. 0. 0. 0. 0. 0. 0. 0. 0. 0. 0. 0. 0. 0. 0. 0. 0. 0. 0. 0. 0. 0. 0. 0.
  0. 0. 0. 0. 0. 0. 0. 0. 0. 0. 0. 0. 0. 0. 0. 0. 0. 0. 0. 0. 0. 0. 0. 0.
  0. 0. 0. 0.]
 [1. 0. 0. 1. 0. 1. 0. 0. 1. 0. 0. 1. 0. 0. 1. 0. 0. 1. 0. 1. 0. 0. 0. 0.
  0. 0. 0. 0. 0. 0. 0. 0. 0. 0. 0. 0. 0. 0. 0. 0. 0. 0. 0. 0. 0. 0. 0. 0.
  0. 0. 0. 0. 0. 0. 0. 0. 0. 0. 0. 0. 0. 0. 0. 0. 0. 0. 0. 0. 0. 0. 0. 0.
  0. 0. 0. 0. 0. 0. 0. 0. 0. 0. 0. 0. 0. 0. 0. 0. 0. 0. 0. 0. 0. 0. 0. 0.
  0. 0. 0. 0.]
 [1. 0. 0. 0. 1. 0. 0. 0. 0. 0. 0. 0. 0. 0. 0. 0. 0. 0. 0. 0. 0. 0. 0. 0.
  0. 0. 0. 0. 0. 0. 0. 0. 0. 0. 0. 0. 0. 0. 0. 0. 0. 0. 0. 0. 0. 0. 0. 0.
  0. 0. 0. 0. 0. 0. 0. 0. 0. 0. 0. 0. 0. 0. 0. 0. 0. 0. 0. 0. 0. 0. 0. 0.
  0. 0. 0. 0. 0. 0. 0. 0. 0. 0. 0. 0. 0. 0. 0. 0. 0. 0. 0. 0. 0. 0. 0. 0.
  0. 0. 0. 0.]
 [1. 0. 0. 1. 0. 0. 0. 0. 0. 0. 0. 0. 0. 1. 0. 0. 0. 0. 0. 0. 0. 0. 0. 0.
  0. 0. 0. 0. 0. 0. 0. 0. 0. 0. 0. 0. 0. 0. 0. 0. 0. 0. 0. 0. 0. 0. 0. 0.
  0. 0. 0. 0. 0. 0. 0. 0. 0. 0. 0. 0. 0. 0. 0. 0. 0. 0. 0. 0. 0. 0. 0. 0.
  0. 0. 0. 0. 0. 0. 0. 0. 0. 0. 0. 0. 0. 0. 0. 0. 0. 0. 0. 0. 0. 0. 0. 0.
  0. 0. 0. 0.]
 [0. 1. 0. 0. 0. 0. 1. 0. 0. 0. 0. 0. 0. 1. 1. 1. 1. 0. 0. 0. 0. 0. 0. 0.
  0. 0. 0. 0. 0. 0. 0. 0. 0. 0. 0. 0. 0. 0. 0. 0. 0. 0. 0. 0. 0. 0. 0. 0.
  0. 0. 0. 0. 0. 0. 0. 0. 0. 0. 0. 0. 0. 0. 0. 0. 0. 0. 0. 0. 0. 0. 0. 0.
  0. 0. 0. 0. 0. 0. 0. 0. 0. 0. 0. 0. 0. 0. 0. 0. 0. 0. 0. 0. 0. 0. 0. 0.
  0. 0. 0. 0.]
 [1. 1. 0. 0. 0. 0. 0. 0. 0. 0. 1. 0. 0. 0. 0. 1. 1. 1. 0. 0. 0. 0. 0. 0.
  0. 0. 0. 0. 0. 0. 0. 0. 0. 0. 0. 0. 0. 0. 0. 0. 0. 0. 0. 0. 0. 0. 0. 0.
  0. 0. 0. 0. 0. 0. 0. 0. 0. 0. 0. 0. 0. 0. 0. 0. 0. 0. 0. 0. 0. 0. 0. 0.
  0. 0. 0. 0. 0. 0. 0. 0. 0. 0. 0. 0. 0. 0. 0. 0. 0. 0. 0. 0. 0. 0. 0. 0.
  0. 0. 0. 0.]
 [1. 1. 1. 0. 1. 0. 0. 0. 0. 1. 0. 0. 0. 1. 0. 0. 0. 0. 0. 0. 0. 0. 0. 0.
  0. 0. 0. 0. 0. 0. 0. 0. 0. 0. 0. 0. 0. 0. 0. 0. 0. 0. 0. 0. 0. 0. 0. 0.
  0. 0. 0. 0. 0. 0. 0. 0. 0. 0. 0. 0. 0. 0. 0. 0. 0. 0. 0. 0. 0. 0. 0. 0.
  0. 0. 0. 0. 0. 0. 0. 0. 0. 0. 0. 0. 0. 0. 0. 0. 0. 0. 0. 0. 0. 0. 0. 0.
  0. 0. 0. 0.]
 [0. 1. 1. 0. 0. 0. 0. 0. 0. 0. 0. 1. 1. 0. 0. 0. 0. 1. 0. 0. 0. 0. 0. 0.
  0. 0. 0. 0. 0. 0. 0. 0. 0. 0. 0. 0. 0. 0. 0. 0. 0. 0. 0. 0. 0. 0. 0. 0.
  0. 0. 0. 0. 0. 0. 0. 0. 0. 0. 0. 0. 0. 0. 0. 0. 0. 0. 0. 0. 0. 0. 0. 0.
  0. 0. 0. 0. 0. 0. 0. 0. 0. 0. 0. 0. 0. 0. 0. 0. 0. 0. 0. 0. 0. 0. 0. 0.
  0. 0. 0. 0.]
 [0. 1. 0. 1. 0. 0. 1. 0. 0. 0. 0. 0. 0. 1. 0. 0. 0. 0. 0. 1. 0. 0. 0. 0.
  0. 0. 0. 0. 0. 0. 0. 0. 0. 0. 0. 0. 0. 0. 0. 0. 0. 0. 0. 0. 0. 0. 0. 0.
  0. 0. 0. 0. 0. 0. 0. 0. 0. 0. 0. 0. 0. 0. 0. 0. 0. 0. 0. 0. 0. 0. 0. 0.
  0. 0. 0. 0. 0. 0. 0. 0. 0. 0. 0. 0. 0. 0. 0. 0. 0. 0. 0. 0. 0. 0. 0. 0.
  0. 0. 0. 0.]
 [1. 0. 0. 0. 0. 1. 0. 0. 0. 1. 0. 0. 1. 0. 0. 0. 0. 1. 0. 0. 0. 0. 0. 0.
  0. 0. 0. 0. 0. 0. 0. 0. 0. 0. 0. 0. 0. 0. 0. 0. 0. 0. 0. 0. 0. 0. 0. 0.
  0. 0. 0. 0. 0. 0. 0. 0. 0. 0. 0. 0. 0. 0. 0. 0. 0. 0. 0. 0. 0. 0. 0. 0.
  0. 0. 0. 0. 0. 0. 0. 0. 0. 0. 0. 0. 0. 0. 0. 0. 0. 0. 0. 0. 0. 0. 0. 0.
  0. 0. 0. 0.]
 [0. 0. 0. 0. 0. 1. 1. 0. 0. 0. 0. 0. 0. 0. 0. 0. 0. 0. 0. 1. 0. 0. 0. 0.
  0. 0. 0. 0. 0. 0. 0. 0. 0. 0. 0. 0. 0. 0. 0. 0. 0. 0. 0. 0. 0. 0. 0. 0.
  0. 0. 0. 0. 0. 0. 0. 0. 0. 0. 0. 0. 0. 0. 0. 0. 0. 0. 0. 0. 0. 0. 0. 0.
  0. 0. 0. 0. 0. 0. 0. 0. 0. 0. 0. 0. 0. 0. 0. 0. 0. 0. 0. 0. 0. 0. 0. 0.
  0. 0. 0. 0.]
 [0. 0. 1. 1. 0. 0. 0. 0. 0. 0. 1. 0. 0. 0. 0. 0. 0. 0. 0. 0. 0. 0. 0. 0.
  0. 0. 0. 0. 0. 0. 0. 0. 0. 0. 0. 0. 0. 0. 0. 0. 0. 0. 0. 0. 0. 0. 0. 0.
  0. 0. 0. 0. 0. 0. 0. 0. 0. 0. 0. 0. 0. 0. 0. 0. 0. 0. 0. 0. 0. 0. 0. 0.
  0. 0. 0. 0. 0. 0. 0. 0. 0. 0. 0. 0. 0. 0. 0. 0. 0. 0. 0. 0. 0. 0. 0. 0.
  0. 0. 0. 0.]
 [0. 0. 0. 1. 0. 0. 0. 1. 0. 1. 0. 0. 0. 1. 0. 0. 0. 0. 1. 0. 0. 0. 0. 0.
  0. 0. 0. 0. 0. 0. 0. 0. 0. 0. 0. 0. 0. 0. 0. 0. 0. 0. 0. 0. 0. 0. 0. 0.
  0. 0. 0. 0. 0. 0. 0. 0. 0. 0. 0. 0. 0. 0. 0. 0. 0. 0. 0. 0. 0. 0. 0. 0.
  0. 0. 0. 0. 0. 0. 0. 0. 0. 0. 0. 0. 0. 0. 0. 0. 0. 0. 0. 0. 0. 0. 0. 0.
  0. 0. 0. 0.]
 [0. 0. 0. 1. 0. 0. 0. 0. 0. 1. 0. 0. 1. 1. 0. 0. 0. 0. 0. 0. 0. 0. 0. 0.
  0. 0. 0. 0. 0. 0. 0. 0. 0. 0. 0. 0. 0. 0. 0. 0. 0. 0. 0. 0. 0. 0. 0. 0.
  0. 0. 0. 0. 0. 0. 0. 0. 0. 0. 0. 0. 0. 0. 0. 0. 0. 0. 0. 0. 0. 0. 0. 0.
  0. 0. 0. 0. 0. 0. 0. 0. 0. 0. 0. 0. 0. 0. 0. 0. 0. 0. 0. 0. 0. 0. 0. 0.
  0. 0. 0. 0.]
 [0. 0. 0. 1. 0. 1. 1. 1. 0. 1. 0. 1. 0. 0. 0. 1. 0. 0. 0. 0. 0. 0. 0. 0.
  0. 0. 0. 0. 0. 0. 0. 0. 0. 0. 0. 0. 0. 0. 0. 0. 0. 0. 0. 0. 0. 0. 0. 0.
  0. 0. 0. 0. 0. 0. 0. 0. 0. 0. 0. 0. 0. 0. 0. 0. 0. 0. 0. 0. 0. 0. 0. 0.
  0. 0. 0. 0. 0. 0. 0. 0. 0. 0. 0. 0. 0. 0. 0. 0. 0. 0. 0. 0. 0. 0. 0. 0.
  0. 0. 0. 0.]
 [1. 0. 0. 0. 1. 1. 0. 0. 0. 0. 0. 0. 0. 0. 0. 0. 0. 0. 0. 1. 0. 0. 0. 0.
  0. 0. 0. 0. 0. 0. 0. 0. 0. 0. 0. 0. 0. 0. 0. 0. 0. 0. 0. 0. 0. 0. 0. 0.
  0. 0. 0. 0. 0. 0. 0. 0. 0. 0. 0. 0. 0. 0. 0. 0. 0. 0. 0. 0. 0. 0. 0. 0.
  0. 0. 0. 0. 0. 0. 0. 0. 0. 0. 0. 0. 0. 0. 0. 0. 0. 0. 0. 0. 0. 0. 0. 0.
  0. 0. 0. 0.]
 [0. 1. 1. 0. 0. 1. 0. 0. 0. 0. 0. 0. 0. 1. 0. 0. 1. 0. 0. 0. 0. 0. 0. 0.
  0. 0. 0. 0. 0. 0. 0. 0. 0. 0. 0. 0. 0. 0. 0. 0. 0. 0. 0. 0. 0. 0. 0. 0.
  0. 0. 0. 0. 0. 0. 0. 0. 0. 0. 0. 0. 0. 0. 0. 0. 0. 0. 0. 0. 0. 0. 0. 0.
  0. 0. 0. 0. 0. 0. 0. 0. 0. 0. 0. 0. 0. 0. 0. 0. 0. 0. 0. 0. 0. 0. 0. 0.
  0. 0. 0. 0.]
 [0. 0. 0. 0. 0. 0. 0. 0. 0. 0. 0. 0. 0. 0. 0. 0. 0. 0. 0. 0. 0. 0. 0. 0.
  0. 0. 0. 0. 0. 0. 0. 0. 0. 0. 0. 0. 0. 0. 0. 0. 0. 0. 0. 0. 0. 0. 0. 0.
  0. 0. 0. 0. 0. 0. 0. 0. 0. 0. 0. 0. 0. 0. 0. 0. 0. 0. 0. 0. 0. 0. 0. 0.
  0. 0. 0. 0. 0. 0. 0. 0. 0. 0. 0. 0. 0. 0. 0. 0. 0. 0. 0. 0. 0. 0. 0. 0.
  0. 0. 0. 0.]
 [0. 0. 0. 0. 0. 0. 0. 0. 0. 1. 1. 0. 1. 0. 1. 0. 1. 0. 0. 0. 0. 0. 0. 0.
  0. 0. 0. 0. 0. 0. 0. 0. 0. 0. 0. 0. 0. 0. 0. 0. 0. 0. 0. 0. 0. 0. 0. 0.
  0. 0. 0. 0. 0. 0. 0. 0. 0. 0. 0. 0. 0. 0. 0. 0. 0. 0. 0. 0. 0. 0. 0. 0.
  0. 0. 0. 0. 0. 0. 0. 0. 0. 0. 0. 0. 0. 0. 0. 0. 0. 0. 0. 0. 0. 0. 0. 0.
  0. 0. 0. 0.]
 [0. 0. 0. 0. 0. 0. 0. 0. 0. 0. 0. 0. 1. 1. 0. 0. 1. 0. 1. 0. 0. 0. 0. 0.
  0. 0. 0. 0. 0. 0. 0. 0. 0. 0. 0. 0. 0. 0. 0. 0. 0. 0. 0. 0. 0. 0. 0. 0.
  0. 0. 0. 0. 0. 0. 0. 0. 0. 0. 0. 0. 0. 0. 0. 0. 0. 0. 0. 0. 0. 0. 0. 0.
  0. 0. 0. 0. 0. 0. 0. 0. 0. 0. 0. 0. 0. 0. 0. 0. 0. 0. 0. 0. 0. 0. 0. 0.
  0. 0. 0. 0.]
 [0. 1. 0. 1. 0. 0. 0. 0. 1. 0. 0. 0. 0. 1. 0. 0. 0. 0. 0. 0. 0. 0. 0. 0.
  0. 0. 0. 0. 0. 0. 0. 0. 0. 0. 0. 0. 0. 0. 0. 0. 0. 0. 0. 0. 0. 0. 0. 0.
  0. 0. 0. 0. 0. 0. 0. 0. 0. 0. 0. 0. 0. 0. 0. 0. 0. 0. 0. 0. 0. 0. 0. 0.
  0. 0. 0. 0. 0. 0. 0. 0. 0. 0. 0. 0. 0. 0. 0. 0. 0. 0. 0. 0. 0. 0. 0. 0.
  0. 0. 0. 0.]
 [0. 1. 0. 0. 0. 0. 0. 0. 1. 0. 0. 0. 0. 0. 0. 0. 0. 0. 0. 1. 0. 0. 0. 0.
  0. 0. 0. 0. 0. 0. 0. 0. 0. 0. 0. 0. 0. 0. 0. 0. 0. 0. 0. 0. 0. 0. 0. 0.
  0. 0. 0. 0. 0. 0. 0. 0. 0. 0. 0. 0. 0. 0. 0. 0. 0. 0. 0. 0. 0. 0. 0. 0.
  0. 0. 0. 0. 0. 0. 0. 0. 0. 0. 0. 0. 0. 0. 0. 0. 0. 0. 0. 0. 0. 0. 0. 0.
  0. 0. 0. 0.]
 [0. 0. 1. 0. 0. 0. 0. 1. 0. 0. 1. 0. 0. 0. 0. 0. 0. 1. 1. 0. 0. 0. 0. 0.
  0. 0. 0. 0. 0. 0. 0. 0. 0. 0. 0. 0. 0. 0. 0. 0. 0. 0. 0. 0. 0. 0. 0. 0.
  0. 0. 0. 0. 0. 0. 0. 0. 0. 0. 0. 0. 0. 0. 0. 0. 0. 0. 0. 0. 0. 0. 0. 0.
  0. 0. 0. 0. 0. 0. 0. 0. 0. 0. 0. 0. 0. 0. 0. 0. 0. 0. 0. 0. 0. 0. 0. 0.
  0. 0. 0. 0.]
 [0. 0. 0. 0. 0. 0. 0. 0. 0. 0. 0. 0. 0. 0. 1. 1. 0. 0. 0. 1. 0. 0. 0. 0.
  0. 0. 0. 0. 0. 0. 0. 0. 0. 0. 0. 0. 0. 0. 0. 0. 0. 0. 0. 0. 0. 0. 0. 0.
  0. 0. 0. 0. 0. 0. 0. 0. 0. 0. 0. 0. 0. 0. 0. 0. 0. 0. 0. 0. 0. 0. 0. 0.
  0. 0. 0. 0. 0. 0. 0. 0. 0. 0. 0. 0. 0. 0. 0. 0. 0. 0. 0. 0. 0. 0. 0. 0.
  0. 0. 0. 0.]
 [0. 0. 0. 0. 0. 1. 0. 0. 1. 0. 1. 0. 0. 0. 0. 0. 0. 0. 0. 0. 0. 0. 0. 0.
  0. 0. 0. 0. 0. 0. 0. 0. 0. 0. 0. 0. 0. 0. 0. 0. 0. 0. 0. 0. 0. 0. 0. 0.
  0. 0. 0. 0. 0. 0. 0. 0. 0. 0. 0. 0. 0. 0. 0. 0. 0. 0. 0. 0. 0. 0. 0. 0.
  0. 0. 0. 0. 0. 0. 0. 0. 0. 0. 0. 0. 0. 0. 0. 0. 0. 0. 0. 0. 0. 0. 0. 0.
  0. 0. 0. 0.]
 [1. 0. 0. 0. 0. 0. 0. 1. 0. 1. 0. 1. 0. 0. 0. 0. 0. 0. 0. 0. 0. 0. 0. 0.
  0. 0. 0. 0. 0. 0. 0. 0. 0. 0. 0. 0. 0. 0. 0. 0. 0. 0. 0. 0. 0. 0. 0. 0.
  0. 0. 0. 0. 0. 0. 0. 0. 0. 0. 0. 0. 0. 0. 0. 0. 0. 0. 0. 0. 0. 0. 0. 0.
  0. 0. 0. 0. 0. 0. 0. 0. 0. 0. 0. 0. 0. 0. 0. 0. 0. 0. 0. 0. 0. 0. 0. 0.
  0. 0. 0. 0.]
 [0. 0. 0. 0. 0. 0. 0. 0. 0. 0. 0. 0. 0. 0. 1. 0. 0. 0. 0. 0. 0. 0. 0. 0.
  0. 0. 0. 0. 0. 0. 0. 0. 0. 0. 0. 0. 0. 0. 0. 0. 0. 0. 0. 0. 0. 0. 0. 0.
  0. 0. 0. 0. 0. 0. 0. 0. 0. 0. 0. 0. 0. 0. 0. 0. 0. 0. 0. 0. 0. 0. 0. 0.
  0. 0. 0. 0. 0. 0. 0. 0. 0. 0. 0. 0. 0. 0. 0. 0. 0. 0. 0. 0. 0. 0. 0. 0.
  0. 0. 0. 0.]
 [0. 0. 0. 0. 1. 0. 1. 0. 0. 0. 0. 1. 0. 0. 0. 0. 0. 0. 0. 0. 0. 0. 0. 0.
  0. 0. 0. 0. 0. 0. 0. 0. 0. 0. 0. 0. 0. 0. 0. 0. 0. 0. 0. 0. 0. 0. 0. 0.
  0. 0. 0. 0. 0. 0. 0. 0. 0. 0. 0. 0. 0. 0. 0. 0. 0. 0. 0. 0. 0. 0. 0. 0.
  0. 0. 0. 0. 0. 0. 0. 0. 0. 0. 0. 0. 0. 0. 0. 0. 0. 0. 0. 0. 0. 0. 0. 0.
  0. 0. 0. 0.]
 [0. 0. 0. 0. 0. 0. 1. 0. 1. 0. 0. 0. 0. 0. 1. 0. 0. 0. 0. 0. 0. 0. 0. 0.
  0. 0. 0. 0. 0. 0. 0. 0. 0. 0. 0. 0. 0. 0. 0. 0. 0. 0. 0. 0. 0. 0. 0. 0.
  0. 0. 0. 0. 0. 0. 0. 0. 0. 0. 0. 0. 0. 0. 0. 0. 0. 0. 0. 0. 0. 0. 0. 0.
  0. 0. 0. 0. 0. 0. 0. 0. 0. 0. 0. 0. 0. 0. 0. 0. 0. 0. 0. 0. 0. 0. 0. 0.
  0. 0. 0. 0.]
 [0. 0. 0. 0. 0. 1. 0. 0. 0. 0. 0. 1. 0. 0. 0. 0. 0. 1. 1. 0. 0. 0. 0. 0.
  0. 0. 0. 0. 0. 0. 0. 0. 0. 0. 0. 0. 0. 0. 0. 0. 0. 0. 0. 0. 0. 0. 0. 0.
  0. 0. 0. 0. 0. 0. 0. 0. 0. 0. 0. 0. 0. 0. 0. 0. 0. 0. 0. 0. 0. 0. 0. 0.
  0. 0. 0. 0. 0. 0. 0. 0. 0. 0. 0. 0. 0. 0. 0. 0. 0. 0. 0. 0. 0. 0. 0. 0.
  0. 0. 0. 0.]
 [0. 0. 0. 0. 1. 0. 0. 0. 0. 0. 0. 0. 0. 0. 0. 1. 0. 0. 0. 1. 0. 0. 0. 0.
  0. 0. 0. 0. 0. 0. 0. 0. 0. 0. 0. 0. 0. 0. 0. 0. 0. 0. 0. 0. 0. 0. 0. 0.
  0. 0. 0. 0. 0. 0. 0. 0. 0. 0. 0. 0. 0. 0. 0. 0. 0. 0. 0. 0. 0. 0. 0. 0.
  0. 0. 0. 0. 0. 0. 0. 0. 0. 0. 0. 0. 0. 0. 0. 0. 0. 0. 0. 0. 0. 0. 0. 0.
  0. 0. 0. 0.]
 [0. 0. 1. 1. 0. 0. 0. 1. 0. 0. 0. 0. 1. 0. 1. 0. 0. 0. 0. 0. 0. 0. 0. 0.
  0. 0. 0. 0. 0. 0. 0. 0. 0. 0. 0. 0. 0. 0. 0. 0. 0. 0. 0. 0. 0. 0. 0. 0.
  0. 0. 0. 0. 0. 0. 0. 0. 0. 0. 0. 0. 0. 0. 0. 0. 0. 0. 0. 0. 0. 0. 0. 0.
  0. 0. 0. 0. 0. 0. 0. 0. 0. 0. 0. 0. 0. 0. 0. 0. 0. 0. 0. 0. 0. 0. 0. 0.
  0. 0. 0. 0.]
 [1. 1. 1. 1. 0. 0. 0. 0. 1. 1. 0. 0. 0. 0. 0. 0. 0. 1. 0. 0. 0. 0. 0. 0.
  0. 0. 0. 0. 0. 0. 0. 0. 0. 0. 0. 0. 0. 0. 0. 0. 0. 0. 0. 0. 0. 0. 0. 0.
  0. 0. 0. 0. 0. 0. 0. 0. 0. 0. 0. 0. 0. 0. 0. 0. 0. 0. 0. 0. 0. 0. 0. 0.
  0. 0. 0. 0. 0. 0. 0. 0. 0. 0. 0. 0. 0. 0. 0. 0. 0. 0. 0. 0. 0. 0. 0. 0.
  0. 0. 0. 0.]
 [0. 1. 0. 0. 1. 0. 0. 0. 0. 0. 0. 0. 1. 0. 1. 1. 0. 0. 0. 0. 0. 0. 0. 0.
  0. 0. 0. 0. 0. 0. 0. 0. 0. 0. 0. 0. 0. 0. 0. 0. 0. 0. 0. 0. 0. 0. 0. 0.
  0. 0. 0. 0. 0. 0. 0. 0. 0. 0. 0. 0. 0. 0. 0. 0. 0. 0. 0. 0. 0. 0. 0. 0.
  0. 0. 0. 0. 0. 0. 0. 0. 0. 0. 0. 0. 0. 0. 0. 0. 0. 0. 0. 0. 0. 0. 0. 0.
  0. 0. 0. 0.]
 [0. 0. 0. 0. 0. 0. 0. 0. 1. 0. 0. 0. 0. 0. 1. 0. 0. 0. 0. 0. 0. 0. 0. 0.
  0. 0. 0. 0. 0. 0. 0. 0. 0. 0. 0. 0. 0. 0. 0. 0. 0. 0. 0. 0. 0. 0. 0. 0.
  0. 0. 0. 0. 0. 0. 0. 0. 0. 0. 0. 0. 0. 0. 0. 0. 0. 0. 0. 0. 0. 0. 0. 0.
  0. 0. 0. 0. 0. 0. 0. 0. 0. 0. 0. 0. 0. 0. 0. 0. 0. 0. 0. 0. 0. 0. 0. 0.
  0. 0. 0. 0.]
 [0. 0. 0. 0. 0. 0. 0. 0. 0. 0. 0. 0. 1. 0. 0. 0. 0. 0. 0. 1. 0. 0. 0. 0.
  0. 0. 0. 0. 0. 0. 0. 0. 0. 0. 0. 0. 0. 0. 0. 0. 0. 0. 0. 0. 0. 0. 0. 0.
  0. 0. 0. 0. 0. 0. 0. 0. 0. 0. 0. 0. 0. 0. 0. 0. 0. 0. 0. 0. 0. 0. 0. 0.
  0. 0. 0. 0. 0. 0. 0. 0. 0. 0. 0. 0. 0. 0. 0. 0. 0. 0. 0. 0. 0. 0. 0. 0.
  0. 0. 0. 0.]
 [0. 0. 0. 0. 0. 0. 1. 0. 1. 0. 0. 0. 0. 0. 0. 1. 0. 0. 0. 0. 0. 0. 0. 0.
  0. 0. 0. 0. 0. 0. 0. 0. 0. 0. 0. 0. 0. 0. 0. 0. 0. 0. 0. 0. 0. 0. 0. 0.
  0. 0. 0. 0. 0. 0. 0. 0. 0. 0. 0. 0. 0. 0. 0. 0. 0. 0. 0. 0. 0. 0. 0. 0.
  0. 0. 0. 0. 0. 0. 0. 0. 0. 0. 0. 0. 0. 0. 0. 0. 0. 0. 0. 0. 0. 0. 0. 0.
  0. 0. 0. 0.]
 [1. 0. 0. 0. 0. 0. 0. 1. 0. 0. 0. 0. 1. 1. 0. 0. 0. 0. 1. 0. 0. 0. 0. 0.
  0. 0. 0. 0. 0. 0. 0. 0. 0. 0. 0. 0. 0. 0. 0. 0. 0. 0. 0. 0. 0. 0. 0. 0.
  0. 0. 0. 0. 0. 0. 0. 0. 0. 0. 0. 0. 0. 0. 0. 0. 0. 0. 0. 0. 0. 0. 0. 0.
  0. 0. 0. 0. 0. 0. 0. 0. 0. 0. 0. 0. 0. 0. 0. 0. 0. 0. 0. 0. 0. 0. 0. 0.
  0. 0. 0. 0.]
 [0. 0. 0. 0. 0. 0. 0. 0. 0. 0. 0. 0. 0. 0. 0. 1. 0. 0. 1. 0. 0. 0. 0. 0.
  0. 0. 0. 0. 0. 0. 0. 0. 0. 0. 0. 0. 0. 0. 0. 0. 0. 0. 0. 0. 0. 0. 0. 0.
  0. 0. 0. 0. 0. 0. 0. 0. 0. 0. 0. 0. 0. 0. 0. 0. 0. 0. 0. 0. 0. 0. 0. 0.
  0. 0. 0. 0. 0. 0. 0. 0. 0. 0. 0. 0. 0. 0. 0. 0. 0. 0. 0. 0. 0. 0. 0. 0.
  0. 0. 0. 0.]
 [0. 0. 0. 0. 1. 0. 0. 1. 0. 1. 0. 0. 0. 0. 0. 0. 0. 0. 0. 0. 0. 0. 0. 0.
  0. 0. 0. 0. 0. 0. 0. 0. 0. 0. 0. 0. 0. 0. 0. 0. 0. 0. 0. 0. 0. 0. 0. 0.
  0. 0. 0. 0. 0. 0. 0. 0. 0. 0. 0. 0. 0. 0. 0. 0. 0. 0. 0. 0. 0. 0. 0. 0.
  0. 0. 0. 0. 0. 0. 0. 0. 0. 0. 0. 0. 0. 0. 0. 0. 0. 0. 0. 0. 0. 0. 0. 0.
  0. 0. 0. 0.]
 [1. 0. 0. 0. 0. 0. 0. 1. 0. 1. 0. 1. 0. 0. 0. 0. 0. 0. 0. 0. 0. 0. 0. 0.
  0. 0. 0. 0. 0. 0. 0. 0. 0. 0. 0. 0. 0. 0. 0. 0. 0. 0. 0. 0. 0. 0. 0. 0.
  0. 0. 0. 0. 0. 0. 0. 0. 0. 0. 0. 0. 0. 0. 0. 0. 0. 0. 0. 0. 0. 0. 0. 0.
  0. 0. 0. 0. 0. 0. 0. 0. 0. 0. 0. 0. 0. 0. 0. 0. 0. 0. 0. 0. 0. 0. 0. 0.
  0. 0. 0. 0.]
 [0. 0. 0. 1. 0. 0. 0. 1. 0. 0. 0. 0. 0. 0. 0. 0. 1. 0. 0. 0. 0. 0. 0. 0.
  0. 0. 0. 0. 0. 0. 0. 0. 0. 0. 0. 0. 0. 0. 0. 0. 0. 0. 0. 0. 0. 0. 0. 0.
  0. 0. 0. 0. 0. 0. 0. 0. 0. 0. 0. 0. 0. 0. 0. 0. 0. 0. 0. 0. 0. 0. 0. 0.
  0. 0. 0. 0. 0. 0. 0. 0. 0. 0. 0. 0. 0. 0. 0. 0. 0. 0. 0. 0. 0. 0. 0. 0.
  0. 0. 0. 0.]
 [0. 0. 0. 1. 0. 1. 0. 0. 0. 0. 0. 0. 0. 0. 0. 0. 0. 0. 0. 0. 0. 0. 0. 0.
  0. 0. 0. 0. 0. 0. 0. 0. 0. 0. 0. 0. 0. 0. 0. 0. 0. 0. 0. 0. 0. 0. 0. 0.
  0. 0. 0. 0. 0. 0. 0. 0. 0. 0. 0. 0. 0. 0. 0. 0. 0. 0. 0. 0. 0. 0. 0. 0.
  0. 0. 0. 0. 0. 0. 0. 0. 0. 0. 0. 0. 0. 0. 0. 0. 0. 0. 0. 0. 0. 0. 0. 0.
  0. 0. 0. 0.]
 [0. 0. 0. 0. 0. 1. 1. 0. 0. 0. 0. 0. 0. 0. 0. 0. 0. 0. 1. 0. 0. 0. 0. 0.
  0. 0. 0. 0. 0. 0. 0. 0. 0. 0. 0. 0. 0. 0. 0. 0. 0. 0. 0. 0. 0. 0. 0. 0.
  0. 0. 0. 0. 0. 0. 0. 0. 0. 0. 0. 0. 0. 0. 0. 0. 0. 0. 0. 0. 0. 0. 0. 0.
  0. 0. 0. 0. 0. 0. 0. 0. 0. 0. 0. 0. 0. 0. 0. 0. 0. 0. 0. 0. 0. 0. 0. 0.
  0. 0. 0. 0.]
 [0. 0. 0. 0. 0. 0. 0. 0. 1. 0. 1. 0. 0. 0. 0. 1. 0. 0. 0. 0. 0. 0. 0. 0.
  0. 0. 0. 0. 0. 0. 0. 0. 0. 0. 0. 0. 0. 0. 0. 0. 0. 0. 0. 0. 0. 0. 0. 0.
  0. 0. 0. 0. 0. 0. 0. 0. 0. 0. 0. 0. 0. 0. 0. 0. 0. 0. 0. 0. 0. 0. 0. 0.
  0. 0. 0. 0. 0. 0. 0. 0. 0. 0. 0. 0. 0. 0. 0. 0. 0. 0. 0. 0. 0. 0. 0. 0.
  0. 0. 0. 0.]
 [0. 0. 0. 1. 0. 0. 0. 0. 0. 0. 0. 0. 0. 0. 0. 0. 1. 0. 0. 0. 0. 0. 0. 0.
  0. 0. 0. 0. 0. 0. 0. 0. 0. 0. 0. 0. 0. 0. 0. 0. 0. 0. 0. 0. 0. 0. 0. 0.
  0. 0. 0. 0. 0. 0. 0. 0. 0. 0. 0. 0. 0. 0. 0. 0. 0. 0. 0. 0. 0. 0. 0. 0.
  0. 0. 0. 0. 0. 0. 0. 0. 0. 0. 0. 0. 0. 0. 0. 0. 0. 0. 0. 0. 0. 0. 0. 0.
  0. 0. 0. 0.]
 [0. 0. 0. 0. 1. 0. 1. 0. 0. 1. 0. 0. 0. 0. 0. 1. 0. 0. 1. 1. 0. 0. 0. 0.
  0. 0. 0. 0. 0. 0. 0. 0. 0. 0. 0. 0. 0. 0. 0. 0. 0. 0. 0. 0. 0. 0. 0. 0.
  0. 0. 0. 0. 0. 0. 0. 0. 0. 0. 0. 0. 0. 0. 0. 0. 0. 0. 0. 0. 0. 0. 0. 0.
  0. 0. 0. 0. 0. 0. 0. 0. 0. 0. 0. 0. 0. 0. 0. 0. 0. 0. 0. 0. 0. 0. 0. 0.
  0. 0. 0. 0.]
 [0. 1. 1. 0. 0. 0. 0. 1. 1. 0. 1. 1. 0. 0. 0. 0. 0. 1. 1. 0. 0. 0. 0. 0.
  0. 0. 0. 0. 0. 0. 0. 0. 0. 0. 0. 0. 0. 0. 0. 0. 0. 0. 0. 0. 0. 0. 0. 0.
  0. 0. 0. 0. 0. 0. 0. 0. 0. 0. 0. 0. 0. 0. 0. 0. 0. 0. 0. 0. 0. 0. 0. 0.
  0. 0. 0. 0. 0. 0. 0. 0. 0. 0. 0. 0. 0. 0. 0. 0. 0. 0. 0. 0. 0. 0. 0. 0.
  0. 0. 0. 0.]
 [0. 0. 0. 0. 0. 0. 0. 0. 0. 0. 0. 0. 0. 1. 0. 1. 0. 0. 0. 0. 0. 0. 0. 0.
  0. 0. 0. 0. 0. 0. 0. 0. 0. 0. 0. 0. 0. 0. 0. 0. 0. 0. 0. 0. 0. 0. 0. 0.
  0. 0. 0. 0. 0. 0. 0. 0. 0. 0. 0. 0. 0. 0. 0. 0. 0. 0. 0. 0. 0. 0. 0. 0.
  0. 0. 0. 0. 0. 0. 0. 0. 0. 0. 0. 0. 0. 0. 0. 0. 0. 0. 0. 0. 0. 0. 0. 0.
  0. 0. 0. 0.]
 [0. 1. 0. 1. 1. 0. 0. 0. 0. 1. 0. 0. 1. 0. 0. 0. 0. 0. 0. 1. 0. 0. 0. 0.
  0. 0. 0. 0. 0. 0. 0. 0. 0. 0. 0. 0. 0. 0. 0. 0. 0. 0. 0. 0. 0. 0. 0. 0.
  0. 0. 0. 0. 0. 0. 0. 0. 0. 0. 0. 0. 0. 0. 0. 0. 0. 0. 0. 0. 0. 0. 0. 0.
  0. 0. 0. 0. 0. 0. 0. 0. 0. 0. 0. 0. 0. 0. 0. 0. 0. 0. 0. 0. 0. 0. 0. 0.
  0. 0. 0. 0.]
 [1. 1. 0. 0. 0. 0. 0. 0. 0. 0. 1. 0. 0. 0. 0. 0. 1. 0. 1. 0. 0. 0. 0. 0.
  0. 0. 0. 0. 0. 0. 0. 0. 0. 0. 0. 0. 0. 0. 0. 0. 0. 0. 0. 0. 0. 0. 0. 0.
  0. 0. 0. 0. 0. 0. 0. 0. 0. 0. 0. 0. 0. 0. 0. 0. 0. 0. 0. 0. 0. 0. 0. 0.
  0. 0. 0. 0. 0. 0. 0. 0. 0. 0. 0. 0. 0. 0. 0. 0. 0. 0. 0. 0. 0. 0. 0. 0.
  0. 0. 0. 0.]
 [0. 1. 0. 0. 1. 0. 0. 0. 0. 0. 0. 0. 1. 1. 0. 0. 1. 0. 0. 0. 0. 0. 0. 0.
  0. 0. 0. 0. 0. 0. 0. 0. 0. 0. 0. 0. 0. 0. 0. 0. 0. 0. 0. 0. 0. 0. 0. 0.
  0. 0. 0. 0. 0. 0. 0. 0. 0. 0. 0. 0. 0. 0. 0. 0. 0. 0. 0. 0. 0. 0. 0. 0.
  0. 0. 0. 0. 0. 0. 0. 0. 0. 0. 0. 0. 0. 0. 0. 0. 0. 0. 0. 0. 0. 0. 0. 0.
  0. 0. 0. 0.]]
start_times_array: [[5.86580000e+04 5.87410000e+04 5.87870000e+04 5.88500000e+04
  5.88690000e+04 5.88970000e+04 5.89840000e+04 5.90750000e+04
  5.91360000e+04 5.91500000e+04 5.92340000e+04 5.92430000e+04
  5.93340000e+04 5.93580000e+04 5.93860000e+04 5.94460000e+04
  5.94720000e+04 5.94830000e+04 5.94890000e+04 5.94930000e+04]
 [5.74600000e+04 5.75960000e+04 5.76680000e+04 5.77130000e+04
  5.77630000e+04 5.77640000e+04 5.78100000e+04 5.78770000e+04
  5.79200000e+04 5.79950000e+04 5.80390000e+04 5.81010000e+04
  5.81920000e+04 5.82910000e+04 5.83870000e+04 5.84210000e+04
  5.84810000e+04 5.85770000e+04 5.85960000e+04 5.86060000e+04]
 [5.63680000e+04 5.64620000e+04 5.65040000e+04 5.65860000e+04
  5.66250000e+04 5.66580000e+04 5.67060000e+04 5.67480000e+04
  5.67800000e+04 5.68490000e+04 5.69420000e+04 5.70070000e+04
  5.70810000e+04 5.71280000e+04 5.71310000e+04 5.71620000e+04
  5.72170000e+04 5.72980000e+04 5.73890000e+04 5.75300000e+04]
 [5.50250000e+04 5.52000000e+04 5.53240000e+04 5.54870000e+04
  5.55820000e+04 5.56060000e+04 5.56120000e+04 5.57970000e+04
  5.58760000e+04 5.60650000e+04 5.61610000e+04 5.61730000e+04
  5.62710000e+04 5.63270000e+04 5.63580000e+04 5.63950000e+04
  5.67480000e+04 5.68370000e+04 5.68690000e+04 5.72160000e+04]
 [5.43910000e+04 5.44260000e+04 5.47580000e+04 5.49220000e+04
  5.54150000e+04 5.54870000e+04 5.55940000e+04 5.56520000e+04
  5.56860000e+04 5.57470000e+04 5.57970000e+04 5.58140000e+04
  5.58450000e+04 5.59250000e+04 5.60090000e+04 5.60220000e+04
  5.60650000e+04 5.61610000e+04 5.62340000e+04 5.62710000e+04]
 [5.35220000e+04 5.47890000e+04 5.48530000e+04 5.48680000e+04
  5.49460000e+04 5.49810000e+04 5.50520000e+04 5.51370000e+04
  5.52000000e+04 5.52360000e+04 5.53270000e+04 5.53750000e+04
  5.54010000e+04 5.54150000e+04 5.54700000e+04 5.54750000e+04
  5.55370000e+04 5.56860000e+04 5.57800000e+04 5.58330000e+04]
 [5.10610000e+04 5.41610000e+04 5.41790000e+04 5.41910000e+04
  5.42560000e+04 5.43330000e+04 5.44020000e+04 5.44290000e+04
  5.45070000e+04 5.45410000e+04 5.46000000e+04 5.46020000e+04
  5.46240000e+04 5.47010000e+04 5.47520000e+04 5.47580000e+04
  5.47830000e+04 5.47890000e+04 5.48380000e+04 5.51920000e+04]
 [5.32400000e+04 5.36430000e+04 5.36700000e+04 5.37040000e+04
  5.38020000e+04 5.38430000e+04 5.38860000e+04 5.39080000e+04
  5.39120000e+04 5.39570000e+04 5.39760000e+04 5.40200000e+04
  5.40820000e+04 5.41610000e+04 5.41730000e+04 5.42040000e+04
  5.42640000e+04 5.42980000e+04 5.43910000e+04 5.46620000e+04]
 [5.26830000e+04 5.27220000e+04 5.27960000e+04 5.28900000e+04
  5.29580000e+04 5.30350000e+04 5.30450000e+04 5.30740000e+04
  5.31340000e+04 5.31470000e+04 5.31850000e+04 5.32290000e+04
  5.32930000e+04 5.33540000e+04 5.34490000e+04 5.35220000e+04
  5.35590000e+04 5.35960000e+04 5.35980000e+04 5.36110000e+04]
 [4.75860000e+04 5.18160000e+04 5.18760000e+04 5.19190000e+04
  5.19310000e+04 5.19710000e+04 5.20490000e+04 5.21150000e+04
  5.21400000e+04 5.22160000e+04 5.22440000e+04 5.23120000e+04
  5.23710000e+04 5.23810000e+04 5.24580000e+04 5.25450000e+04
  5.26380000e+04 5.26830000e+04 5.27270000e+04 5.32170000e+04]
 [4.84010000e+04 5.08260000e+04 5.08870000e+04 5.09490000e+04
  5.09980000e+04 5.10600000e+04 5.11540000e+04 5.11560000e+04
  5.12490000e+04 5.12840000e+04 5.13660000e+04 5.14290000e+04
  5.14540000e+04 5.15380000e+04 5.15990000e+04 5.16590000e+04
  5.17540000e+04 5.17960000e+04 5.18150000e+04 5.22330000e+04]
 [4.97020000e+04 4.98410000e+04 4.98960000e+04 4.99270000e+04
  4.99610000e+04 5.00310000e+04 5.01260000e+04 5.02120000e+04
  5.02450000e+04 5.03090000e+04 5.03190000e+04 5.04160000e+04
  5.04270000e+04 5.05060000e+04 5.05590000e+04 5.06460000e+04
  5.06510000e+04 5.07480000e+04 5.08260000e+04 5.24990000e+04]
 [4.90040000e+04 4.90720000e+04 4.91850000e+04 4.91930000e+04
  4.92410000e+04 4.93270000e+04 4.93530000e+04 4.94190000e+04
  4.95150000e+04 4.95420000e+04 4.96190000e+04 4.96390000e+04
  4.96440000e+04 4.96540000e+04 4.97180000e+04 4.97840000e+04
  4.98410000e+04 4.99150000e+04 5.00110000e+04 5.04420000e+04]
 [4.79930000e+04 4.80260000e+04 4.80700000e+04 4.80910000e+04
  4.82450000e+04 4.83070000e+04 4.83260000e+04 4.84110000e+04
  4.84270000e+04 4.85060000e+04 4.86040000e+04 4.86240000e+04
  4.86420000e+04 4.86630000e+04 4.87400000e+04 4.87580000e+04
  4.88030000e+04 4.88610000e+04 4.89100000e+04 4.90970000e+04]
 [4.68490000e+04 4.69200000e+04 4.69560000e+04 4.71140000e+04
  4.71620000e+04 4.74510000e+04 4.75350000e+04 4.75530000e+04
  4.76480000e+04 4.76800000e+04 4.78240000e+04 4.78840000e+04
  4.79120000e+04 4.79930000e+04 4.80640000e+04 4.81390000e+04
  4.82020000e+04 4.82420000e+04 4.83070000e+04 4.97880000e+04]
 [4.42150000e+04 4.66990000e+04 4.67490000e+04 4.67640000e+04
  4.68490000e+04 4.68720000e+04 4.69290000e+04 4.70220000e+04
  4.71060000e+04 4.71800000e+04 4.72350000e+04 4.73290000e+04
  4.73420000e+04 4.74410000e+04 4.74510000e+04 4.75100000e+04
  4.75700000e+04 4.76650000e+04 4.77410000e+04 4.78100000e+04]
 [4.41340000e+04 4.51430000e+04 4.52080000e+04 4.60340000e+04
  4.61530000e+04 4.62490000e+04 4.62720000e+04 4.62990000e+04
  4.63030000e+04 4.63160000e+04 4.63240000e+04 4.63830000e+04
  4.64120000e+04 4.64150000e+04 4.64940000e+04 4.65080000e+04
  4.65530000e+04 4.66120000e+04 4.66970000e+04 4.70390000e+04]
 [4.52870000e+04 4.53270000e+04 4.53600000e+04 4.53710000e+04
  4.54320000e+04 4.54480000e+04 4.55330000e+04 4.56280000e+04
  4.57110000e+04 4.57930000e+04 4.58870000e+04 4.59240000e+04
  4.59740000e+04 4.60350000e+04 4.61170000e+04 4.61530000e+04
  4.61590000e+04 4.61730000e+04 4.61750000e+04 4.76820000e+04]
 [4.42050000e+04 4.42930000e+04 4.46240000e+04 4.46320000e+04
  4.46660000e+04 4.47460000e+04 4.48130000e+04 4.48600000e+04
  4.48730000e+04 4.49720000e+04 4.49820000e+04 4.50130000e+04
  4.50780000e+04 4.51430000e+04 4.51690000e+04 4.51720000e+04
  4.52190000e+04 4.52870000e+04 4.52980000e+04 4.53100000e+04]
 [4.39740000e+04 4.40380000e+04 4.40830000e+04 4.41010000e+04
  4.41250000e+04 4.41340000e+04 4.41730000e+04 4.42710000e+04
  4.43220000e+04 4.43500000e+04 4.44960000e+04 4.45800000e+04
  4.45820000e+04 4.46000000e+04 4.46240000e+04 4.47660000e+04
  4.48020000e+04 4.48500000e+04 4.49010000e+04 4.50360000e+04]
 [4.32580000e+04 4.36730000e+04 4.37950000e+04 4.38490000e+04
  4.38780000e+04 4.39630000e+04 4.39740000e+04 4.40100000e+04
  4.42200000e+04 4.42780000e+04 4.43250000e+04 4.43950000e+04
  4.44510000e+04 4.44830000e+04 4.45800000e+04 4.46070000e+04
  4.46390000e+04 4.47160000e+04 4.47660000e+04 4.47810000e+04]
 [4.29770000e+04 4.30840000e+04 4.30880000e+04 4.31750000e+04
  4.32200000e+04 4.32920000e+04 4.33760000e+04 4.34400000e+04
  4.34530000e+04 4.34860000e+04 4.35790000e+04 4.35990000e+04
  4.36300000e+04 4.36990000e+04 4.37950000e+04 4.38540000e+04
  4.39410000e+04 4.40230000e+04 4.41140000e+04 4.42780000e+04]
 [4.22930000e+04 4.23330000e+04 4.24310000e+04 4.25260000e+04
  4.26220000e+04 4.26500000e+04 4.27830000e+04 4.28480000e+04
  4.28790000e+04 4.28910000e+04 4.29160000e+04 4.29270000e+04
  4.29380000e+04 4.30070000e+04 4.30840000e+04 4.31360000e+04
  4.31530000e+04 4.31970000e+04 4.32390000e+04 4.33150000e+04]
 [4.13070000e+04 4.13930000e+04 4.14720000e+04 4.16720000e+04
  4.17310000e+04 4.17850000e+04 4.20630000e+04 4.21220000e+04
  4.21590000e+04 4.21880000e+04 4.22250000e+04 4.22670000e+04
  4.22930000e+04 4.23770000e+04 4.24750000e+04 4.25280000e+04
  4.25780000e+04 4.26530000e+04 4.26900000e+04 4.27830000e+04]
 [3.94000000e+04 4.01530000e+04 4.11740000e+04 4.12430000e+04
  4.13070000e+04 4.13170000e+04 4.13340000e+04 4.13350000e+04
  4.13920000e+04 4.15240000e+04 4.15990000e+04 4.16310000e+04
  4.16720000e+04 4.16980000e+04 4.17910000e+04 4.18650000e+04
  4.19550000e+04 4.19880000e+04 4.20230000e+04 4.21220000e+04]
 [3.98710000e+04 4.08060000e+04 4.08770000e+04 4.09340000e+04
  4.09800000e+04 4.09910000e+04 4.10350000e+04 4.11210000e+04
  4.11740000e+04 4.11780000e+04 4.11790000e+04 4.12010000e+04
  4.12030000e+04 4.12430000e+04 4.13250000e+04 4.13850000e+04
  4.14760000e+04 4.14790000e+04 4.15240000e+04 4.19010000e+04]
 [3.86410000e+04 4.02140000e+04 4.02700000e+04 4.03660000e+04
  4.03950000e+04 4.04960000e+04 4.05040000e+04 4.05330000e+04
  4.05590000e+04 4.06370000e+04 4.06640000e+04 4.06930000e+04
  4.07750000e+04 4.08060000e+04 4.08640000e+04 4.08650000e+04
  4.09480000e+04 4.10030000e+04 4.10840000e+04 4.12030000e+04]
 [3.53970000e+04 3.86400000e+04 3.91880000e+04 3.92610000e+04
  3.93160000e+04 3.97730000e+04 3.98700000e+04 3.99560000e+04
  3.99760000e+04 4.00620000e+04 4.00940000e+04 4.01510000e+04
  4.02140000e+04 4.02320000e+04 4.03270000e+04 4.03660000e+04
  4.04560000e+04 4.04590000e+04 4.04960000e+04 4.07300000e+04]
 [3.78950000e+04 3.79550000e+04 3.79990000e+04 3.85680000e+04
  3.86820000e+04 3.87570000e+04 3.88310000e+04 3.91930000e+04
  3.92610000e+04 3.92670000e+04 3.92860000e+04 3.93680000e+04
  3.94630000e+04 3.94990000e+04 3.95470000e+04 3.95540000e+04
  3.96420000e+04 3.96960000e+04 3.96980000e+04 4.02640000e+04]
 [3.78890000e+04 3.80150000e+04 3.81420000e+04 3.83090000e+04
  3.83220000e+04 3.84190000e+04 3.84410000e+04 3.84620000e+04
  3.85500000e+04 3.86400000e+04 3.87350000e+04 3.87460000e+04
  3.87760000e+04 3.88370000e+04 3.88480000e+04 3.88870000e+04
  3.89350000e+04 3.90230000e+04 3.90810000e+04 3.91040000e+04]
 [3.57450000e+04 3.65740000e+04 3.66890000e+04 3.71620000e+04
  3.74280000e+04 3.76380000e+04 3.76980000e+04 3.77710000e+04
  3.78270000e+04 3.78950000e+04 3.79580000e+04 3.80060000e+04
  3.80760000e+04 3.81270000e+04 3.81340000e+04 3.81420000e+04
  3.81490000e+04 3.81920000e+04 3.82100000e+04 3.82280000e+04]
 [3.58190000e+04 3.63940000e+04 3.64090000e+04 3.64840000e+04
  3.66050000e+04 3.67520000e+04 3.68180000e+04 3.73790000e+04
  3.75050000e+04 3.75770000e+04 3.76120000e+04 3.76380000e+04
  3.76590000e+04 3.77280000e+04 3.78140000e+04 3.78290000e+04
  3.78890000e+04 3.78950000e+04 3.79560000e+04 3.80760000e+04]
 [3.63550000e+04 3.64470000e+04 3.66460000e+04 3.66620000e+04
  3.66890000e+04 3.67660000e+04 3.68480000e+04 3.69150000e+04
  3.69890000e+04 3.70700000e+04 3.71620000e+04 3.72370000e+04
  3.73290000e+04 3.73790000e+04 3.74620000e+04 3.75050000e+04
  3.75470000e+04 3.75960000e+04 3.76470000e+04 3.76830000e+04]
 [3.47540000e+04 3.49780000e+04 3.60390000e+04 3.60410000e+04
  3.61110000e+04 3.61700000e+04 3.62270000e+04 3.62810000e+04
  3.63540000e+04 3.64030000e+04 3.64230000e+04 3.64910000e+04
  3.65010000e+04 3.65620000e+04 3.66460000e+04 3.66940000e+04
  3.67700000e+04 3.68480000e+04 3.69090000e+04 3.76230000e+04]
 [3.43940000e+04 3.47700000e+04 3.52040000e+04 3.52300000e+04
  3.53090000e+04 3.53820000e+04 3.56990000e+04 3.57450000e+04
  3.58190000e+04 3.58250000e+04 3.59220000e+04 3.59730000e+04
  3.59760000e+04 3.60390000e+04 3.61180000e+04 3.62030000e+04
  3.62890000e+04 3.63320000e+04 3.63540000e+04 3.63550000e+04]
 [3.46770000e+04 3.47590000e+04 3.47940000e+04 3.48170000e+04
  3.48660000e+04 3.49630000e+04 3.49780000e+04 3.51310000e+04
  3.52230000e+04 3.52460000e+04 3.53060000e+04 3.53340000e+04
  3.53860000e+04 3.54240000e+04 3.54580000e+04 3.56010000e+04
  3.56980000e+04 3.56990000e+04 3.57170000e+04 3.57900000e+04]
 [3.42370000e+04 3.45010000e+04 3.45870000e+04 3.45890000e+04
  3.46130000e+04 3.46550000e+04 3.47250000e+04 3.47800000e+04
  3.48250000e+04 3.49070000e+04 3.50530000e+04 3.51310000e+04
  3.53330000e+04 3.53340000e+04 3.53820000e+04 3.53990000e+04
  3.54520000e+04 3.54670000e+04 3.55150000e+04 3.57360000e+04]
 [3.39730000e+04 3.43660000e+04 3.44060000e+04 3.44610000e+04
  3.44680000e+04 3.45010000e+04 3.45450000e+04 3.46560000e+04
  3.46770000e+04 3.47250000e+04 3.48170000e+04 3.48770000e+04
  3.49460000e+04 3.49780000e+04 3.50530000e+04 3.51420000e+04
  3.52140000e+04 3.52760000e+04 3.52830000e+04 3.54430000e+04]
 [3.09810000e+04 3.18260000e+04 3.38420000e+04 3.39240000e+04
  3.39490000e+04 3.39730000e+04 3.40660000e+04 3.42220000e+04
  3.42830000e+04 3.43660000e+04 3.43680000e+04 3.43800000e+04
  3.44610000e+04 3.45580000e+04 3.45590000e+04 3.45700000e+04
  3.45990000e+04 3.46560000e+04 3.47250000e+04 3.51480000e+04]
 [3.31710000e+04 3.32030000e+04 3.32990000e+04 3.34210000e+04
  3.35100000e+04 3.36090000e+04 3.37660000e+04 3.38130000e+04
  3.38420000e+04 3.39190000e+04 3.39600000e+04 3.39660000e+04
  3.40430000e+04 3.41140000e+04 3.41350000e+04 3.41490000e+04
  3.42220000e+04 3.42830000e+04 3.43090000e+04 3.44500000e+04]
 [3.20690000e+04 3.20880000e+04 3.23600000e+04 3.29960000e+04
  3.30000000e+04 3.30990000e+04 3.31710000e+04 3.31890000e+04
  3.32340000e+04 3.32670000e+04 3.33080000e+04 3.33460000e+04
  3.34210000e+04 3.34820000e+04 3.34900000e+04 3.35630000e+04
  3.36430000e+04 3.37160000e+04 3.37800000e+04 3.42230000e+04]
 [3.19920000e+04 3.21870000e+04 3.22870000e+04 3.23080000e+04
  3.23900000e+04 3.24670000e+04 3.24910000e+04 3.25870000e+04
  3.26220000e+04 3.26330000e+04 3.26560000e+04 3.27330000e+04
  3.28190000e+04 3.28270000e+04 3.28320000e+04 3.28750000e+04
  3.28870000e+04 3.29210000e+04 3.29520000e+04 3.31770000e+04]
 [3.16800000e+04 3.17310000e+04 3.17940000e+04 3.18130000e+04
  3.18270000e+04 3.18320000e+04 3.18820000e+04 3.19040000e+04
  3.19080000e+04 3.19920000e+04 3.20420000e+04 3.20830000e+04
  3.21220000e+04 3.22200000e+04 3.22870000e+04 3.23180000e+04
  3.23770000e+04 3.24460000e+04 3.25370000e+04 3.28110000e+04]
 [3.07070000e+04 3.07990000e+04 3.08560000e+04 3.09290000e+04
  3.10090000e+04 3.11880000e+04 3.12650000e+04 3.13480000e+04
  3.14450000e+04 3.14920000e+04 3.15870000e+04 3.16710000e+04
  3.16800000e+04 3.17360000e+04 3.17940000e+04 3.18260000e+04
  3.18370000e+04 3.19040000e+04 3.19500000e+04 3.24260000e+04]
 [2.74150000e+04 3.03390000e+04 3.03400000e+04 3.04300000e+04
  3.04630000e+04 3.05380000e+04 3.08320000e+04 3.10140000e+04
  3.10680000e+04 3.11040000e+04 3.11210000e+04 3.12000000e+04
  3.13310000e+04 3.13990000e+04 3.14430000e+04 3.15000000e+04
  3.16710000e+04 3.17210000e+04 3.17300000e+04 3.19430000e+04]
 [2.68620000e+04 2.95580000e+04 2.97160000e+04 3.02390000e+04
  3.02470000e+04 3.03240000e+04 3.03390000e+04 3.04190000e+04
  3.04630000e+04 3.05130000e+04 3.05430000e+04 3.06090000e+04
  3.06520000e+04 3.09090000e+04 3.09810000e+04 3.10070000e+04
  3.11030000e+04 3.11880000e+04 3.12460000e+04 3.12890000e+04]
 [2.92120000e+04 2.92680000e+04 2.92960000e+04 2.93770000e+04
  2.99780000e+04 3.01430000e+04 3.01920000e+04 3.02390000e+04
  3.03220000e+04 3.03860000e+04 3.04300000e+04 3.04720000e+04
  3.05400000e+04 3.06350000e+04 3.06520000e+04 3.07070000e+04
  3.07690000e+04 3.08380000e+04 3.09090000e+04 3.10020000e+04]
 [2.66300000e+04 2.80070000e+04 2.91140000e+04 2.92120000e+04
  2.92610000e+04 2.93390000e+04 2.93750000e+04 2.94620000e+04
  2.95580000e+04 2.95900000e+04 2.96130000e+04 2.96690000e+04
  2.97530000e+04 2.97740000e+04 2.98430000e+04 2.99410000e+04
  2.99500000e+04 3.00250000e+04 3.01030000e+04 3.01350000e+04]
 [2.83590000e+04 2.83920000e+04 2.84740000e+04 2.85430000e+04
  2.85750000e+04 2.86360000e+04 2.86850000e+04 2.87460000e+04
  2.88440000e+04 2.89250000e+04 2.89860000e+04 2.90050000e+04
  2.90680000e+04 2.91140000e+04 2.91950000e+04 2.92170000e+04
  2.92970000e+04 2.93400000e+04 2.99480000e+04 3.00690000e+04]
 [2.57840000e+04 2.71770000e+04 2.72420000e+04 2.73250000e+04
  2.74350000e+04 2.75050000e+04 2.75900000e+04 2.76880000e+04
  2.77440000e+04 2.77650000e+04 2.78610000e+04 2.78810000e+04
  2.79600000e+04 2.80300000e+04 2.80680000e+04 2.80990000e+04
  2.81560000e+04 2.81890000e+04 2.82720000e+04 2.83300000e+04]
 [2.60770000e+04 2.71220000e+04 2.71450000e+04 2.71770000e+04
  2.72710000e+04 2.73570000e+04 2.74010000e+04 2.74070000e+04
  2.74680000e+04 2.74900000e+04 2.75050000e+04 2.75470000e+04
  2.76140000e+04 2.76500000e+04 2.77330000e+04 2.77850000e+04
  2.78340000e+04 2.78390000e+04 2.79240000e+04 2.79870000e+04]
 [2.58810000e+04 2.64600000e+04 2.65550000e+04 2.66210000e+04
  2.66820000e+04 2.67270000e+04 2.67330000e+04 2.67900000e+04
  2.67930000e+04 2.68300000e+04 2.69170000e+04 2.70760000e+04
  2.71450000e+04 2.71730000e+04 2.72340000e+04 2.73270000e+04
  2.74010000e+04 2.74060000e+04 2.74480000e+04 2.74930000e+04]
 [2.51610000e+04 2.52190000e+04 2.54300000e+04 2.62610000e+04
  2.63260000e+04 2.64080000e+04 2.65050000e+04 2.65330000e+04
  2.65950000e+04 2.66310000e+04 2.67270000e+04 2.68030000e+04
  2.68620000e+04 2.69130000e+04 2.69290000e+04 2.70180000e+04
  2.70570000e+04 2.71120000e+04 2.71220000e+04 2.71460000e+04]
 [2.33770000e+04 2.50130000e+04 2.55980000e+04 2.56070000e+04
  2.56110000e+04 2.56590000e+04 2.57070000e+04 2.57840000e+04
  2.58490000e+04 2.59200000e+04 2.59240000e+04 2.59450000e+04
  2.60380000e+04 2.61080000e+04 2.61490000e+04 2.61760000e+04
  2.62610000e+04 2.63230000e+04 2.63430000e+04 2.63700000e+04]
 [2.34760000e+04 2.35330000e+04 2.48060000e+04 2.53490000e+04
  2.53920000e+04 2.54300000e+04 2.55040000e+04 2.55100000e+04
  2.55820000e+04 2.55980000e+04 2.56090000e+04 2.56340000e+04
  2.56390000e+04 2.57250000e+04 2.58080000e+04 2.58130000e+04
  2.58540000e+04 2.59060000e+04 2.59450000e+04 2.65120000e+04]
 [2.33380000e+04 2.36280000e+04 2.46220000e+04 2.46550000e+04
  2.46860000e+04 2.47470000e+04 2.48250000e+04 2.48520000e+04
  2.49200000e+04 2.49540000e+04 2.50530000e+04 2.50970000e+04
  2.51610000e+04 2.51740000e+04 2.52190000e+04 2.52740000e+04
  2.52930000e+04 2.53920000e+04 2.54260000e+04 2.56190000e+04]
 [2.23420000e+04 2.33030000e+04 2.37940000e+04 2.38490000e+04
  2.38570000e+04 2.38690000e+04 2.40450000e+04 2.41480000e+04
  2.41840000e+04 2.41920000e+04 2.42470000e+04 2.42700000e+04
  2.43470000e+04 2.43990000e+04 2.44540000e+04 2.45080000e+04
  2.45380000e+04 2.46220000e+04 2.47010000e+04 2.47670000e+04]
 [2.28780000e+04 2.29370000e+04 2.31100000e+04 2.32690000e+04
  2.37070000e+04 2.38320000e+04 2.39100000e+04 2.39800000e+04
  2.40030000e+04 2.40170000e+04 2.40710000e+04 2.40810000e+04
  2.41050000e+04 2.41840000e+04 2.42510000e+04 2.43280000e+04
  2.44180000e+04 2.44250000e+04 2.50290000e+04 2.52910000e+04]
 [2.32260000e+04 2.32620000e+04 2.32690000e+04 2.32960000e+04
  2.33120000e+04 2.33280000e+04 2.33380000e+04 2.33980000e+04
  2.34760000e+04 2.35560000e+04 2.35630000e+04 2.36000000e+04
  2.36760000e+04 2.37070000e+04 2.37430000e+04 2.37690000e+04
  2.38320000e+04 2.39100000e+04 2.40030000e+04 2.40950000e+04]
 [2.24600000e+04 2.25310000e+04 2.25910000e+04 2.26650000e+04
  2.26940000e+04 2.27210000e+04 2.27780000e+04 2.28610000e+04
  2.28660000e+04 2.28780000e+04 2.29460000e+04 2.30420000e+04
  2.30670000e+04 2.31170000e+04 2.32020000e+04 2.32250000e+04
  2.32260000e+04 2.33030000e+04 2.33770000e+04 2.37040000e+04]
 [2.22500000e+04 2.22740000e+04 2.23180000e+04 2.24120000e+04
  2.24160000e+04 2.24190000e+04 2.24230000e+04 2.24790000e+04
  2.25020000e+04 2.25720000e+04 2.26140000e+04 2.26820000e+04
  2.27800000e+04 2.28280000e+04 2.30260000e+04 2.30670000e+04
  2.31650000e+04 2.32290000e+04 2.35880000e+04 2.38629931e+04]
 [1.92930000e+04 1.93920000e+04 2.16430000e+04 2.16950000e+04
  2.17670000e+04 2.18620000e+04 2.18720000e+04 2.19660000e+04
  2.20170000e+04 2.20940000e+04 2.21070000e+04 2.21890000e+04
  2.22500000e+04 2.23180000e+04 2.23570000e+04 2.24170000e+04
  2.25020000e+04 2.25960000e+04 2.26240000e+04 2.26640000e+04]
 [2.09090000e+04 2.09130000e+04 2.09580000e+04 2.09690000e+04
  2.09850000e+04 2.10830000e+04 2.11770000e+04 2.11970000e+04
  2.12960000e+04 2.13850000e+04 2.14480000e+04 2.14830000e+04
  2.15550000e+04 2.16430000e+04 2.16650000e+04 2.17370000e+04
  2.18080000e+04 2.18770000e+04 2.19270000e+04 2.21780000e+04]
 [1.72120000e+04 2.01320000e+04 2.02220000e+04 2.02680000e+04
  2.02780000e+04 2.02970000e+04 2.03210000e+04 2.03570000e+04
  2.03950000e+04 2.04680000e+04 2.05420000e+04 2.05750000e+04
  2.05920000e+04 2.06010000e+04 2.06160000e+04 2.07110000e+04
  2.07440000e+04 2.07900000e+04 2.08750000e+04 2.09090000e+04]
 [1.91150000e+04 1.91240000e+04 1.91320000e+04 1.92290000e+04
  1.92930000e+04 1.93570000e+04 1.94530000e+04 1.94860000e+04
  1.95120000e+04 1.96000000e+04 1.96670000e+04 1.96870000e+04
  1.97050000e+04 1.97720000e+04 1.98230000e+04 1.99000000e+04
  1.99430000e+04 2.00200000e+04 2.01030000e+04 2.01120000e+04]
 [1.72910000e+04 1.76200000e+04 1.76730000e+04 1.77240000e+04
  1.77590000e+04 1.79360000e+04 1.84640000e+04 1.85530000e+04
  1.86010000e+04 1.86710000e+04 1.87330000e+04 1.87890000e+04
  1.88830000e+04 1.88950000e+04 1.89200000e+04 1.90030000e+04
  1.90240000e+04 1.91150000e+04 1.91950000e+04 1.99130000e+04]
 [1.43400000e+04 1.68080000e+04 1.73410000e+04 1.77280000e+04
  1.78080000e+04 1.78610000e+04 1.78720000e+04 1.79690000e+04
  1.79980000e+04 1.80810000e+04 1.80870000e+04 1.81600000e+04
  1.81700000e+04 1.82250000e+04 1.82570000e+04 1.83060000e+04
  1.83560000e+04 1.83780000e+04 1.84640000e+04 1.90820000e+04]
 [1.65480000e+04 1.66030000e+04 1.66250000e+04 1.67160000e+04
  1.67790000e+04 1.67940000e+04 1.70020000e+04 1.71070000e+04
  1.71600000e+04 1.72280000e+04 1.72330000e+04 1.72920000e+04
  1.73990000e+04 1.74860000e+04 1.75620000e+04 1.75810000e+04
  1.76730000e+04 1.76910000e+04 1.77080000e+04 1.84030000e+04]
 [1.55370000e+04 1.60790000e+04 1.67160000e+04 1.67480000e+04
  1.67600000e+04 1.68150000e+04 1.68420000e+04 1.68510000e+04
  1.69110000e+04 1.69550000e+04 1.70410000e+04 1.71070000e+04
  1.71590000e+04 1.71940000e+04 1.72150000e+04 1.72910000e+04
  1.73410000e+04 1.73990000e+04 1.74240000e+04 1.74500000e+04]
 [1.51630000e+04 1.54430000e+04 1.55370000e+04 1.57570000e+04
  1.58400000e+04 1.59310000e+04 1.60050000e+04 1.60140000e+04
  1.61880000e+04 1.62890000e+04 1.63640000e+04 1.64260000e+04
  1.64720000e+04 1.65400000e+04 1.66170000e+04 1.66510000e+04
  1.67160000e+04 1.67990000e+04 1.68720000e+04 1.69120000e+04]
 [1.57870000e+04 1.58400000e+04 1.58570000e+04 1.59130000e+04
  1.59510000e+04 1.60140000e+04 1.60790000e+04 1.61170000e+04
  1.61820000e+04 1.62300000e+04 1.62890000e+04 1.63290000e+04
  1.63620000e+04 1.63770000e+04 1.64630000e+04 1.65290000e+04
  1.65670000e+04 1.67890000e+04 1.68690000e+04 1.72700000e+04]
 [1.42320000e+04 1.42720000e+04 1.43400000e+04 1.52470000e+04
  1.53240000e+04 1.53460000e+04 1.54430000e+04 1.55480000e+04
  1.56270000e+04 1.57090000e+04 1.57870000e+04 1.57900000e+04
  1.58070000e+04 1.58270000e+04 1.58790000e+04 1.58870000e+04
  1.60430000e+04 1.61420000e+04 1.64630000e+04 1.65480000e+04]
 [1.41380000e+04 1.44120000e+04 1.46930000e+04 1.49820000e+04
  1.50580000e+04 1.51060000e+04 1.51390000e+04 1.51470000e+04
  1.51890000e+04 1.52700000e+04 1.53240000e+04 1.53910000e+04
  1.54540000e+04 1.54990000e+04 1.55430000e+04 1.55540000e+04
  1.56020000e+04 1.56270000e+04 1.56530000e+04 1.57090000e+04]
 [1.35900000e+04 1.36490000e+04 1.36870000e+04 1.37700000e+04
  1.38130000e+04 1.38210000e+04 1.38890000e+04 1.39450000e+04
  1.41650000e+04 1.42070000e+04 1.47070000e+04 1.47660000e+04
  1.48550000e+04 1.49380000e+04 1.49510000e+04 1.50120000e+04
  1.50250000e+04 1.50580000e+04 1.50630000e+04 1.50990000e+04]
 [1.26410000e+04 1.27350000e+04 1.27770000e+04 1.32170000e+04
  1.32580000e+04 1.39970000e+04 1.40850000e+04 1.43140000e+04
  1.44120000e+04 1.44220000e+04 1.45080000e+04 1.45270000e+04
  1.45990000e+04 1.46230000e+04 1.47190000e+04 1.47250000e+04
  1.47390000e+04 1.47660000e+04 1.47850000e+04 1.48040000e+04]
 [1.27820000e+04 1.33410000e+04 1.33830000e+04 1.34490000e+04
  1.35290000e+04 1.35900000e+04 1.36020000e+04 1.36320000e+04
  1.36630000e+04 1.37030000e+04 1.37970000e+04 1.38890000e+04
  1.39780000e+04 1.40360000e+04 1.40850000e+04 1.41140000e+04
  1.42070000e+04 1.42080000e+04 1.42640000e+04 1.43140000e+04]
 [1.24600000e+04 1.26860000e+04 1.27580000e+04 1.27850000e+04
  1.28230000e+04 1.28950000e+04 1.29850000e+04 1.30760000e+04
  1.31270000e+04 1.31360000e+04 1.31500000e+04 1.32170000e+04
  1.32820000e+04 1.32860000e+04 1.32990000e+04 1.33830000e+04
  1.33840000e+04 1.34040000e+04 1.34770000e+04 1.37270000e+04]
 [1.19480000e+04 1.20300000e+04 1.21140000e+04 1.21590000e+04
  1.22050000e+04 1.22100000e+04 1.22350000e+04 1.22660000e+04
  1.23260000e+04 1.23410000e+04 1.23810000e+04 1.24880000e+04
  1.25380000e+04 1.26150000e+04 1.26510000e+04 1.27370000e+04
  1.27710000e+04 1.27820000e+04 1.27940000e+04 1.33750000e+04]
 [1.01240000e+04 1.14190000e+04 1.14410000e+04 1.18640000e+04
  1.20300000e+04 1.21010000e+04 1.21690000e+04 1.22660000e+04
  1.23480000e+04 1.23810000e+04 1.24400000e+04 1.24880000e+04
  1.25460000e+04 1.26410000e+04 1.26860000e+04 1.27070000e+04
  1.27920000e+04 1.28740000e+04 1.29240000e+04 1.29420000e+04]
 [1.10220000e+04 1.11550000e+04 1.12290000e+04 1.13040000e+04
  1.13270000e+04 1.14190000e+04 1.14300000e+04 1.14640000e+04
  1.15100000e+04 1.15380000e+04 1.16340000e+04 1.17060000e+04
  1.17850000e+04 1.18700000e+04 1.19480000e+04 1.19790000e+04
  1.20550000e+04 1.20800000e+04 1.20820000e+04 1.21020000e+04]
 [1.06030000e+04 1.06800000e+04 1.07190000e+04 1.07900000e+04
  1.08730000e+04 1.09430000e+04 1.09900000e+04 1.10220000e+04
  1.10330000e+04 1.10590000e+04 1.10600000e+04 1.11350000e+04
  1.11520000e+04 1.12290000e+04 1.13270000e+04 1.13320000e+04
  1.13420000e+04 1.13530000e+04 1.13860000e+04 1.14590000e+04]
 [6.52900000e+03 9.73100000e+03 9.77800000e+03 9.80700000e+03
  9.83400000e+03 9.90400000e+03 9.95600000e+03 9.96700000e+03
  9.99300000e+03 1.00550000e+04 1.00740000e+04 1.01730000e+04
  1.02110000e+04 1.03060000e+04 1.03190000e+04 1.03220000e+04
  1.03660000e+04 1.03960000e+04 1.04420000e+04 1.05140000e+04]
 [8.13700000e+03 8.90700000e+03 9.00400000e+03 9.02700000e+03
  9.06500000e+03 9.12200000e+03 9.19500000e+03 9.36400000e+03
  9.37500000e+03 9.50800000e+03 9.60400000e+03 9.60800000e+03
  9.68600000e+03 9.72400000e+03 9.77800000e+03 9.84100000e+03
  9.93900000e+03 1.00250000e+04 1.00830000e+04 1.02620000e+04]
 [6.69000000e+03 8.66600000e+03 8.75200000e+03 8.81000000e+03
  8.85600000e+03 8.90700000e+03 9.00600000e+03 9.06500000e+03
  9.06900000e+03 9.10200000e+03 9.10800000e+03 9.15800000e+03
  9.20700000e+03 9.26900000e+03 9.33800000e+03 9.37500000e+03
  9.44000000e+03 9.45200000e+03 9.50800000e+03 9.59600000e+03]
 [6.43100000e+03 6.80100000e+03 6.85400000e+03 7.97400000e+03
  7.97900000e+03 8.01700000e+03 8.16700000e+03 8.20200000e+03
  8.27600000e+03 8.33200000e+03 8.38600000e+03 8.45900000e+03
  8.47600000e+03 8.53700000e+03 8.58600000e+03 8.59000000e+03
  8.66600000e+03 8.67700000e+03 8.74100000e+03 8.81100000e+03]
 [7.52400000e+03 7.64400000e+03 7.67900000e+03 7.75200000e+03
  7.78000000e+03 7.86100000e+03 7.87900000e+03 7.97400000e+03
  8.00000000e+03 8.09300000e+03 8.12500000e+03 8.12800000e+03
  8.16700000e+03 8.18000000e+03 8.27700000e+03 8.45900000e+03
  8.51200000e+03 8.52300000e+03 8.60300000e+03 8.63300000e+03]
 [6.43000000e+03 6.43100000e+03 6.52900000e+03 7.03900000e+03
  7.09500000e+03 7.13400000e+03 7.16300000e+03 7.19600000e+03
  7.27800000e+03 7.33500000e+03 7.35200000e+03 7.39100000e+03
  7.46800000e+03 7.54100000e+03 7.55300000e+03 7.64400000e+03
  7.71100000e+03 7.78300000e+03 7.87700000e+03 8.10700000e+03]
 [6.01400000e+03 6.28200000e+03 6.33000000e+03 6.39600000e+03
  6.41900000e+03 6.48400000e+03 6.57600000e+03 6.66600000e+03
  6.66700000e+03 6.66800000e+03 6.70700000e+03 6.75600000e+03
  6.78100000e+03 6.78500000e+03 6.80100000e+03 6.87500000e+03
  6.91100000e+03 6.96200000e+03 7.02300000e+03 7.03900000e+03]
 [5.71300000e+03 5.80300000e+03 5.82400000e+03 5.92300000e+03
  5.95200000e+03 6.00100000e+03 6.01400000e+03 6.10800000e+03
  6.13400000e+03 6.15400000e+03 6.22700000e+03 6.24800000e+03
  6.27600000e+03 6.33000000e+03 6.33300000e+03 6.43000000e+03
  6.47300000e+03 6.52100000e+03 6.57600000e+03 6.59600000e+03]
 [3.93200000e+03 4.44100000e+03 4.74000000e+03 5.12900000e+03
  5.20300000e+03 5.22800000e+03 5.46600000e+03 5.47400000e+03
  5.49400000e+03 5.57400000e+03 5.66300000e+03 5.66900000e+03
  5.71300000e+03 5.71500000e+03 5.72100000e+03 5.77500000e+03
  5.82600000e+03 5.86700000e+03 5.96500000e+03 6.13300000e+03]
 [3.84100000e+03 4.09200000e+03 4.55000000e+03 4.63000000e+03
  4.69500000e+03 4.74000000e+03 4.76200000e+03 4.85900000e+03
  4.91200000e+03 4.98400000e+03 5.03100000e+03 5.12900000e+03
  5.17800000e+03 5.25400000e+03 5.34000000e+03 5.42200000e+03
  5.47400000e+03 5.53600000e+03 5.58400000e+03 5.62100000e+03]
 [3.37100000e+03 4.06400000e+03 4.41700000e+03 4.50400000e+03
  4.56000000e+03 4.65600000e+03 4.67000000e+03 4.74800000e+03
  4.75300000e+03 4.78200000e+03 4.79600000e+03 4.86900000e+03
  4.92100000e+03 4.92300000e+03 4.95700000e+03 4.97600000e+03
  4.99200000e+03 5.01300000e+03 5.09200000e+03 5.24800000e+03]
 [3.90200000e+03 3.99600000e+03 4.01000000e+03 4.09200000e+03
  4.17300000e+03 4.22800000e+03 4.28200000e+03 4.33300000e+03
  4.39400000e+03 4.41600000e+03 4.44400000e+03 4.44700000e+03
  4.48200000e+03 4.50400000e+03 4.55000000e+03 4.63000000e+03
  4.69600000e+03 4.78800000e+03 4.79000000e+03 4.80700000e+03]
 [3.35800000e+03 3.78800000e+03 3.79000000e+03 3.84100000e+03
  3.90600000e+03 3.98100000e+03 3.99500000e+03 4.00800000e+03
  4.15100000e+03 4.16900000e+03 4.24800000e+03 4.27300000e+03
  4.32500000e+03 4.37400000e+03 4.41700000e+03 4.46600000e+03
  4.54900000e+03 4.58500000e+03 4.63900000e+03 4.68200000e+03]
 [1.40000000e+02 2.93800000e+03 2.97000000e+03 3.03600000e+03
  3.08800000e+03 3.17800000e+03 3.18600000e+03 3.21900000e+03
  3.29100000e+03 3.37100000e+03 3.41100000e+03 3.44900000e+03
  3.54700000e+03 3.61800000e+03 3.71600000e+03 3.73000000e+03
  3.76500000e+03 3.78800000e+03 3.81000000e+03 3.83300000e+03]
 [1.73800000e+03 2.44500000e+03 2.46100000e+03 2.54600000e+03
  2.55500000e+03 2.61600000e+03 2.63700000e+03 2.72300000e+03
  2.73700000e+03 2.81800000e+03 2.87700000e+03 2.91100000e+03
  2.97000000e+03 2.98900000e+03 3.07400000e+03 3.10300000e+03
  3.17000000e+03 3.21600000e+03 3.30600000e+03 3.76500000e+03]
 [9.72000000e+02 1.44600000e+03 1.53000000e+03 1.59700000e+03
  1.65000000e+03 1.74100000e+03 1.74200000e+03 1.76800000e+03
  1.78700000e+03 1.88500000e+03 1.98200000e+03 1.98700000e+03
  2.01100000e+03 2.08700000e+03 2.11500000e+03 2.13300000e+03
  2.21400000e+03 2.28400000e+03 2.36800000e+03 2.37900000e+03]
 [3.90000000e+02 6.64000000e+02 6.70000000e+02 7.51000000e+02
  8.00000000e+02 8.30000000e+02 9.97000000e+02 1.04100000e+03
  1.04300000e+03 1.11600000e+03 1.19400000e+03 1.20900000e+03
  1.24700000e+03 1.28600000e+03 1.37400000e+03 1.44600000e+03
  1.51500000e+03 1.54500000e+03 1.55100000e+03 2.10800000e+03]
 [0.00000000e+00 4.10000000e+01 5.50000000e+01 1.40000000e+02
  1.41000000e+02 2.10000000e+02 8.41000000e+02 8.84000000e+02
  9.72000000e+02 1.01600000e+03 1.10100000e+03 1.19400000e+03
  1.24400000e+03 1.24700000e+03 1.27800000e+03 1.35200000e+03
  1.44000000e+03 1.52500000e+03 1.52800000e+03 1.60000000e+03]
 [0.00000000e+00 7.80000000e+01 1.28000000e+02 2.04000000e+02
  2.52000000e+02 2.90000000e+02 3.74000000e+02 3.95000000e+02
  4.52000000e+02 5.24000000e+02 5.32000000e+02 5.87000000e+02
  6.43000000e+02 6.66000000e+02 6.70000000e+02 7.27000000e+02
  7.83000000e+02 8.41000000e+02 8.68000000e+02 9.34000000e+02]]
