optimal_status: 0
solution: 36805.0
cpu_time: 3610.991557121277
gap: 0.9628854775166418
upper_bound: 1365.9999999999995
lower_bound: 36805.0
cg_matrix: [[0. 1. 1. 1. 1. 1. 1. 1. 1. 1. 1. 1. 1. 0. 1. 1. 1. 1. 1. 0. 1. 1. 1. 1.
  1. 1. 1. 1. 1. 1. 1. 1. 1. 1. 1. 1. 1. 1. 1. 1. 0. 1. 1. 0. 1. 1. 0. 1.
  1. 0.]
 [1. 0. 1. 1. 1. 1. 1. 1. 1. 1. 0. 1. 1. 0. 1. 1. 1. 1. 1. 1. 1. 0. 0. 0.
  1. 1. 0. 1. 1. 0. 1. 1. 1. 0. 1. 0. 1. 0. 1. 1. 0. 0. 1. 1. 1. 1. 1. 0.
  0. 0.]
 [1. 1. 0. 1. 0. 1. 0. 1. 1. 1. 1. 1. 1. 1. 1. 1. 1. 1. 1. 1. 0. 0. 0. 1.
  1. 0. 1. 1. 1. 1. 1. 1. 1. 1. 1. 0. 1. 1. 1. 1. 1. 1. 1. 1. 1. 1. 1. 0.
  1. 0.]
 [1. 1. 1. 0. 0. 1. 1. 0. 0. 0. 0. 1. 1. 1. 0. 1. 1. 0. 1. 1. 1. 1. 0. 0.
  0. 0. 1. 1. 1. 1. 1. 1. 1. 1. 0. 0. 1. 1. 1. 0. 0. 0. 0. 1. 0. 1. 0. 1.
  1. 1.]
 [1. 1. 0. 0. 0. 1. 1. 1. 1. 1. 1. 1. 1. 1. 1. 1. 1. 1. 0. 1. 1. 1. 1. 0.
  1. 1. 1. 1. 1. 1. 1. 1. 1. 0. 1. 1. 0. 1. 1. 0. 1. 1. 1. 1. 0. 1. 0. 1.
  1. 0.]
 [1. 1. 1. 1. 1. 0. 1. 1. 1. 1. 1. 1. 1. 0. 1. 1. 1. 0. 0. 1. 1. 1. 0. 1.
  1. 1. 1. 0. 0. 0. 1. 1. 0. 1. 1. 0. 1. 1. 1. 1. 1. 1. 1. 1. 1. 1. 1. 1.
  0. 1.]
 [1. 1. 0. 1. 1. 1. 0. 1. 1. 1. 1. 1. 1. 1. 1. 0. 1. 0. 1. 1. 1. 1. 1. 1.
  1. 1. 0. 1. 1. 0. 0. 1. 1. 0. 1. 1. 1. 1. 1. 1. 0. 1. 1. 1. 1. 1. 1. 1.
  0. 1.]
 [1. 1. 1. 0. 1. 1. 1. 0. 1. 1. 1. 1. 0. 0. 0. 1. 1. 1. 1. 1. 0. 0. 1. 1.
  0. 1. 0. 1. 1. 0. 1. 1. 1. 1. 0. 1. 1. 1. 1. 1. 1. 1. 1. 1. 1. 1. 1. 1.
  0. 1.]
 [1. 1. 1. 0. 1. 1. 1. 1. 0. 1. 1. 1. 1. 1. 1. 0. 1. 1. 1. 1. 1. 1. 1. 1.
  0. 1. 1. 1. 1. 1. 1. 1. 1. 1. 1. 1. 1. 1. 1. 1. 0. 1. 1. 1. 0. 1. 1. 1.
  1. 0.]
 [1. 1. 1. 0. 1. 1. 1. 1. 1. 0. 1. 1. 1. 1. 1. 1. 1. 1. 0. 1. 0. 1. 1. 1.
  0. 1. 1. 0. 1. 1. 1. 1. 1. 1. 1. 1. 1. 1. 1. 1. 0. 0. 0. 1. 1. 1. 0. 1.
  1. 1.]
 [1. 0. 1. 0. 1. 1. 1. 1. 1. 1. 0. 1. 1. 1. 1. 1. 1. 0. 0. 1. 1. 1. 1. 0.
  0. 1. 1. 0. 1. 1. 1. 1. 1. 1. 1. 1. 1. 1. 0. 1. 0. 1. 1. 1. 1. 1. 1. 1.
  1. 1.]
 [1. 1. 1. 1. 1. 1. 1. 1. 1. 1. 1. 0. 1. 1. 1. 0. 0. 1. 1. 1. 1. 1. 1. 1.
  1. 0. 1. 1. 1. 0. 1. 0. 1. 1. 0. 1. 0. 1. 1. 1. 1. 1. 0. 1. 1. 0. 1. 1.
  1. 0.]
 [1. 1. 1. 1. 1. 1. 1. 0. 1. 1. 1. 1. 0. 0. 0. 1. 1. 1. 0. 1. 1. 1. 1. 1.
  1. 1. 1. 0. 1. 1. 1. 1. 1. 1. 1. 1. 0. 1. 1. 1. 1. 1. 1. 1. 1. 1. 1. 0.
  1. 1.]
 [0. 0. 1. 1. 1. 0. 1. 0. 1. 1. 1. 1. 0. 0. 1. 1. 0. 1. 1. 0. 1. 0. 1. 1.
  0. 1. 1. 0. 1. 1. 1. 1. 1. 1. 1. 1. 1. 1. 1. 1. 1. 1. 0. 1. 0. 1. 0. 1.
  0. 1.]
 [1. 1. 1. 0. 1. 1. 1. 0. 1. 1. 1. 1. 0. 1. 0. 1. 1. 0. 1. 1. 1. 1. 0. 1.
  0. 1. 1. 1. 1. 0. 1. 1. 1. 1. 1. 1. 1. 0. 1. 1. 0. 1. 1. 1. 1. 0. 1. 1.
  0. 1.]
 [1. 1. 1. 1. 1. 1. 0. 1. 0. 1. 1. 0. 1. 1. 1. 0. 1. 1. 1. 0. 1. 1. 1. 1.
  1. 1. 1. 1. 1. 0. 0. 1. 1. 1. 1. 1. 1. 1. 1. 1. 1. 0. 1. 1. 1. 1. 0. 1.
  1. 1.]
 [1. 1. 1. 1. 1. 1. 1. 1. 1. 1. 1. 0. 1. 0. 1. 1. 0. 1. 1. 0. 1. 1. 1. 1.
  1. 1. 1. 1. 0. 1. 1. 1. 1. 1. 1. 1. 0. 0. 1. 0. 0. 1. 1. 1. 1. 1. 1. 0.
  1. 1.]
 [1. 1. 1. 0. 1. 0. 0. 1. 1. 1. 0. 1. 1. 1. 0. 1. 1. 0. 0. 0. 1. 1. 0. 1.
  1. 0. 1. 1. 1. 1. 1. 1. 1. 1. 0. 1. 1. 0. 1. 1. 1. 1. 1. 1. 0. 0. 1. 1.
  1. 1.]
 [1. 1. 1. 1. 0. 0. 1. 1. 1. 0. 0. 1. 0. 1. 1. 1. 1. 0. 0. 1. 1. 1. 0. 0.
  1. 1. 1. 1. 0. 1. 1. 1. 1. 1. 1. 1. 0. 1. 0. 0. 0. 1. 1. 0. 1. 1. 1. 1.
  1. 1.]
 [0. 1. 1. 1. 1. 1. 1. 1. 1. 1. 1. 1. 1. 0. 1. 0. 0. 0. 1. 0. 1. 1. 1. 1.
  1. 1. 1. 1. 0. 1. 0. 1. 1. 1. 0. 1. 0. 1. 1. 1. 0. 1. 1. 0. 1. 1. 1. 0.
  0. 1.]
 [1. 1. 0. 1. 1. 1. 1. 0. 1. 0. 1. 1. 1. 1. 1. 1. 1. 1. 1. 1. 0. 0. 0. 0.
  0. 0. 0. 0. 0. 0. 0. 0. 0. 0. 0. 0. 0. 0. 0. 0. 0. 0. 0. 0. 0. 0. 0. 0.
  0. 0.]
 [1. 0. 0. 1. 1. 1. 1. 0. 1. 1. 1. 1. 1. 0. 1. 1. 1. 1. 1. 1. 0. 0. 0. 0.
  0. 0. 0. 0. 0. 0. 0. 0. 0. 0. 0. 0. 0. 0. 0. 0. 0. 0. 0. 0. 0. 0. 0. 0.
  0. 0.]
 [1. 0. 0. 0. 1. 0. 1. 1. 1. 1. 1. 1. 1. 1. 0. 1. 1. 0. 0. 1. 0. 0. 0. 0.
  0. 0. 0. 0. 0. 0. 0. 0. 0. 0. 0. 0. 0. 0. 0. 0. 0. 0. 0. 0. 0. 0. 0. 0.
  0. 0.]
 [1. 0. 1. 0. 0. 1. 1. 1. 1. 1. 0. 1. 1. 1. 1. 1. 1. 1. 0. 1. 0. 0. 0. 0.
  0. 0. 0. 0. 0. 0. 0. 0. 0. 0. 0. 0. 0. 0. 0. 0. 0. 0. 0. 0. 0. 0. 0. 0.
  0. 0.]
 [1. 1. 1. 0. 1. 1. 1. 0. 0. 0. 0. 1. 1. 0. 0. 1. 1. 1. 1. 1. 0. 0. 0. 0.
  0. 0. 0. 0. 0. 0. 0. 0. 0. 0. 0. 0. 0. 0. 0. 0. 0. 0. 0. 0. 0. 0. 0. 0.
  0. 0.]
 [1. 1. 0. 0. 1. 1. 1. 1. 1. 1. 1. 0. 1. 1. 1. 1. 1. 0. 1. 1. 0. 0. 0. 0.
  0. 0. 0. 0. 0. 0. 0. 0. 0. 0. 0. 0. 0. 0. 0. 0. 0. 0. 0. 0. 0. 0. 0. 0.
  0. 0.]
 [1. 0. 1. 1. 1. 1. 0. 0. 1. 1. 1. 1. 1. 1. 1. 1. 1. 1. 1. 1. 0. 0. 0. 0.
  0. 0. 0. 0. 0. 0. 0. 0. 0. 0. 0. 0. 0. 0. 0. 0. 0. 0. 0. 0. 0. 0. 0. 0.
  0. 0.]
 [1. 1. 1. 1. 1. 0. 1. 1. 1. 0. 0. 1. 0. 0. 1. 1. 1. 1. 1. 1. 0. 0. 0. 0.
  0. 0. 0. 0. 0. 0. 0. 0. 0. 0. 0. 0. 0. 0. 0. 0. 0. 0. 0. 0. 0. 0. 0. 0.
  0. 0.]
 [1. 1. 1. 1. 1. 0. 1. 1. 1. 1. 1. 1. 1. 1. 1. 1. 0. 1. 0. 0. 0. 0. 0. 0.
  0. 0. 0. 0. 0. 0. 0. 0. 0. 0. 0. 0. 0. 0. 0. 0. 0. 0. 0. 0. 0. 0. 0. 0.
  0. 0.]
 [1. 0. 1. 1. 1. 0. 0. 0. 1. 1. 1. 0. 1. 1. 0. 0. 1. 1. 1. 1. 0. 0. 0. 0.
  0. 0. 0. 0. 0. 0. 0. 0. 0. 0. 0. 0. 0. 0. 0. 0. 0. 0. 0. 0. 0. 0. 0. 0.
  0. 0.]
 [1. 1. 1. 1. 1. 1. 0. 1. 1. 1. 1. 1. 1. 1. 1. 0. 1. 1. 1. 0. 0. 0. 0. 0.
  0. 0. 0. 0. 0. 0. 0. 0. 0. 0. 0. 0. 0. 0. 0. 0. 0. 0. 0. 0. 0. 0. 0. 0.
  0. 0.]
 [1. 1. 1. 1. 1. 1. 1. 1. 1. 1. 1. 0. 1. 1. 1. 1. 1. 1. 1. 1. 0. 0. 0. 0.
  0. 0. 0. 0. 0. 0. 0. 0. 0. 0. 0. 0. 0. 0. 0. 0. 0. 0. 0. 0. 0. 0. 0. 0.
  0. 0.]
 [1. 1. 1. 1. 1. 0. 1. 1. 1. 1. 1. 1. 1. 1. 1. 1. 1. 1. 1. 1. 0. 0. 0. 0.
  0. 0. 0. 0. 0. 0. 0. 0. 0. 0. 0. 0. 0. 0. 0. 0. 0. 0. 0. 0. 0. 0. 0. 0.
  0. 0.]
 [1. 0. 1. 1. 0. 1. 0. 1. 1. 1. 1. 1. 1. 1. 1. 1. 1. 1. 1. 1. 0. 0. 0. 0.
  0. 0. 0. 0. 0. 0. 0. 0. 0. 0. 0. 0. 0. 0. 0. 0. 0. 0. 0. 0. 0. 0. 0. 0.
  0. 0.]
 [1. 1. 1. 0. 1. 1. 1. 0. 1. 1. 1. 0. 1. 1. 1. 1. 1. 0. 1. 0. 0. 0. 0. 0.
  0. 0. 0. 0. 0. 0. 0. 0. 0. 0. 0. 0. 0. 0. 0. 0. 0. 0. 0. 0. 0. 0. 0. 0.
  0. 0.]
 [1. 0. 0. 0. 1. 0. 1. 1. 1. 1. 1. 1. 1. 1. 1. 1. 1. 1. 1. 1. 0. 0. 0. 0.
  0. 0. 0. 0. 0. 0. 0. 0. 0. 0. 0. 0. 0. 0. 0. 0. 0. 0. 0. 0. 0. 0. 0. 0.
  0. 0.]
 [1. 1. 1. 1. 0. 1. 1. 1. 1. 1. 1. 0. 0. 1. 1. 1. 0. 1. 0. 0. 0. 0. 0. 0.
  0. 0. 0. 0. 0. 0. 0. 0. 0. 0. 0. 0. 0. 0. 0. 0. 0. 0. 0. 0. 0. 0. 0. 0.
  0. 0.]
 [1. 0. 1. 1. 1. 1. 1. 1. 1. 1. 1. 1. 1. 1. 0. 1. 0. 0. 1. 1. 0. 0. 0. 0.
  0. 0. 0. 0. 0. 0. 0. 0. 0. 0. 0. 0. 0. 0. 0. 0. 0. 0. 0. 0. 0. 0. 0. 0.
  0. 0.]
 [1. 1. 1. 1. 1. 1. 1. 1. 1. 1. 0. 1. 1. 1. 1. 1. 1. 1. 0. 1. 0. 0. 0. 0.
  0. 0. 0. 0. 0. 0. 0. 0. 0. 0. 0. 0. 0. 0. 0. 0. 0. 0. 0. 0. 0. 0. 0. 0.
  0. 0.]
 [1. 1. 1. 0. 0. 1. 1. 1. 1. 1. 1. 1. 1. 1. 1. 1. 0. 1. 0. 1. 0. 0. 0. 0.
  0. 0. 0. 0. 0. 0. 0. 0. 0. 0. 0. 0. 0. 0. 0. 0. 0. 0. 0. 0. 0. 0. 0. 0.
  0. 0.]
 [0. 0. 1. 0. 1. 1. 0. 1. 0. 0. 0. 1. 1. 1. 0. 1. 0. 1. 0. 0. 0. 0. 0. 0.
  0. 0. 0. 0. 0. 0. 0. 0. 0. 0. 0. 0. 0. 0. 0. 0. 0. 0. 0. 0. 0. 0. 0. 0.
  0. 0.]
 [1. 0. 1. 0. 1. 1. 1. 1. 1. 0. 1. 1. 1. 1. 1. 0. 1. 1. 1. 1. 0. 0. 0. 0.
  0. 0. 0. 0. 0. 0. 0. 0. 0. 0. 0. 0. 0. 0. 0. 0. 0. 0. 0. 0. 0. 0. 0. 0.
  0. 0.]
 [1. 1. 1. 0. 1. 1. 1. 1. 1. 0. 1. 0. 1. 0. 1. 1. 1. 1. 1. 1. 0. 0. 0. 0.
  0. 0. 0. 0. 0. 0. 0. 0. 0. 0. 0. 0. 0. 0. 0. 0. 0. 0. 0. 0. 0. 0. 0. 0.
  0. 0.]
 [0. 1. 1. 1. 1. 1. 1. 1. 1. 1. 1. 1. 1. 1. 1. 1. 1. 1. 0. 0. 0. 0. 0. 0.
  0. 0. 0. 0. 0. 0. 0. 0. 0. 0. 0. 0. 0. 0. 0. 0. 0. 0. 0. 0. 0. 0. 0. 0.
  0. 0.]
 [1. 1. 1. 0. 0. 1. 1. 1. 0. 1. 1. 1. 1. 0. 1. 1. 1. 0. 1. 1. 0. 0. 0. 0.
  0. 0. 0. 0. 0. 0. 0. 0. 0. 0. 0. 0. 0. 0. 0. 0. 0. 0. 0. 0. 0. 0. 0. 0.
  0. 0.]
 [1. 1. 1. 1. 1. 1. 1. 1. 1. 1. 1. 0. 1. 1. 0. 1. 1. 0. 1. 1. 0. 0. 0. 0.
  0. 0. 0. 0. 0. 0. 0. 0. 0. 0. 0. 0. 0. 0. 0. 0. 0. 0. 0. 0. 0. 0. 0. 0.
  0. 0.]
 [0. 1. 1. 0. 0. 1. 1. 1. 1. 0. 1. 1. 1. 0. 1. 0. 1. 1. 1. 1. 0. 0. 0. 0.
  0. 0. 0. 0. 0. 0. 0. 0. 0. 0. 0. 0. 0. 0. 0. 0. 0. 0. 0. 0. 0. 0. 0. 0.
  0. 0.]
 [1. 0. 0. 1. 1. 1. 1. 1. 1. 1. 1. 1. 0. 1. 1. 1. 0. 1. 1. 0. 0. 0. 0. 0.
  0. 0. 0. 0. 0. 0. 0. 0. 0. 0. 0. 0. 0. 0. 0. 0. 0. 0. 0. 0. 0. 0. 0. 0.
  0. 0.]
 [1. 0. 1. 1. 1. 0. 0. 0. 1. 1. 1. 1. 1. 0. 0. 1. 1. 1. 1. 0. 0. 0. 0. 0.
  0. 0. 0. 0. 0. 0. 0. 0. 0. 0. 0. 0. 0. 0. 0. 0. 0. 0. 0. 0. 0. 0. 0. 0.
  0. 0.]
 [0. 0. 0. 1. 0. 1. 1. 1. 0. 1. 1. 0. 1. 1. 1. 1. 1. 1. 1. 1. 0. 0. 0. 0.
  0. 0. 0. 0. 0. 0. 0. 0. 0. 0. 0. 0. 0. 0. 0. 0. 0. 0. 0. 0. 0. 0. 0. 0.
  0. 0.]]
start_times_array: [[35786.         35823.         35887.         35902.
  35954.         36025.         36063.         36116.
  36186.         36262.         36338.         36399.
  36409.         36460.         36519.         36531.
  36605.         36666.         36718.         36786.        ]
 [34874.         34953.         35024.         35064.
  35082.         35091.         35190.         35275.
  35369.         35410.         35411.         35429.
  35527.         35529.         35576.         35633.
  35677.         35702.         35750.         35762.        ]
 [34045.         34095.         34150.         34175.
  34199.         34242.         34306.         34346.
  34383.         34413.         34484.         34548.
  34561.         34594.         34620.         34662.
  34726.         34781.         34857.         35056.        ]
 [33025.         33056.         33078.         33116.
  33125.         33209.         33277.         33312.
  33406.         33485.         33564.         33604.
  33643.         33652.         33688.         33770.
  33809.         33842.         33885.         33971.        ]
 [32822.         32839.         32912.         32967.
  32997.         33025.         33060.         33132.
  33162.         33212.         33215.         33299.
  33371.         33375.         33448.         33502.
  33517.         33581.         33643.         33653.        ]
 [31657.         31712.         31778.         31842.
  31936.         32025.         32046.         32077.
  32159.         32213.         32229.         32237.
  32336.         32406.         32428.         32517.
  32582.         32638.         32730.         32745.        ]
 [30264.         30365.         30422.         30464.
  30605.         30687.         30743.         30822.
  30919.         30966.         31057.         31105.
  31191.         31219.         31299.         31388.
  31479.         31523.         31590.         31725.        ]
 [29673.         29712.         29808.         29851.
  29874.         29924.         30002.         30048.
  30061.         30115.         30135.         30172.
  30194.         30207.         30260.         30305.
  30358.         30369.         30545.         30601.        ]
 [28752.         28846.         28929.         28992.
  29068.         29070.         29081.         29097.
  29152.         29230.         29285.         29362.
  29394.         29421.         29467.         29484.
  29529.         29569.         29663.         29700.        ]
 [27739.         27798.         27879.         27964.
  28051.         28088.         28118.         28150.
  28160.         28232.         28331.         28354.
  28386.         28413.         28445.         28522.
  28528.         28588.         28673.         28780.        ]
 [26643.         26732.         26826.         26911.
  26960.         27014.         27027.         27059.
  27092.         27145.         27221.         27304.
  27379.         27408.         27487.         27552.
  27602.         27639.         27657.         27693.        ]
 [25718.         25824.         25829.         25835.
  25899.         25932.         25946.         25988.
  26000.         26092.         26160.         26254.
  26283.         26372.         26412.         26422.
  26465.         26473.         26555.         26740.        ]
 [24668.         24675.         24760.         24772.
  24828.         24889.         24895.         24972.
  25036.         25076.         25089.         25175.
  25213.         25302.         25400.         25442.
  25535.         25621.         25769.         25802.        ]
 [23720.         23936.         23981.         24080.
  24160.         24168.         24244.         24286.
  24300.         24381.         24466.         24554.
  24570.         24618.         24641.         24668.
  24855.0628489  24897.0628489  24902.0628489  24963.0628489 ]
 [22813.         22882.         22942.         23022.
  23056.         23086.         23139.         23230.
  23232.         23321.         23352.         23413.
  23448.         23517.         23545.         23561.
  23631.         23719.         23806.         23903.        ]
 [21813.         21861.         21942.         22006.
  22056.         22135.         22161.         22181.
  22192.         22208.         22211.         22272.
  22301.         22398.         22464.         22562.
  22613.         22667.         22717.         22849.        ]
 [20803.         20864.         20880.         20910.
  20940.         21036.         21071.         21091.
  21154.         21215.         21230.         21275.
  21338.         21404.         21465.         21535.
  21610.         21699.         21796.         21882.        ]
 [18904.         19014.         19055.         19894.
  20054.         20080.         20149.         20204.
  20234.         20300.         20327.         20386.
  20419.         20437.         20514.         20571.
  20661.         20685.         20726.         20732.        ]
 [19511.         19680.         19707.         19753.
  19783.         19829.         19844.         19868.
  19967.         20011.         20012.         20028.
  20039.         20054.         20092.         20146.
  20159.         20232.         20300.         20385.        ]
 [18490.         18586.         18619.         18684.
  18781.         18855.         18910.         18928.
  19004.         19078.         19148.         19226.
  19241.         19281.         19303.         19359.
  19427.         19458.         19572.         19591.        ]
 [17313.         17374.         17471.         17563.
  17627.         17716.         17767.         17835.
  17918.         17939.         17944.         17949.
  18034.         18101.         18195.         18292.
  18363.         18402.         18460.         18504.        ]
 [16130.         16212.         16232.         16314.
  16777.         16848.         16939.         17000.
  17019.         17086.         17164.         17217.
  17273.         17313.         17364.         17430.
  17525.         17563.         17668.         17677.        ]
 [14633.         15993.         16083.         16117.
  16216.         16244.         16328.         16393.
  16450.         16479.         16566.         16579.
  16602.         16653.         16741.         16777.
  16784.         16818.         16880.         17375.        ]
 [14961.         14980.         15065.         15405.
  15635.         15704.         15706.         15802.
  15823.         15904.         15936.         16015.
  16061.         16153.         16241.         16244.
  16264.         16317.         16338.         16395.        ]
 [14702.         14758.         14763.         14813.
  14839.         15371.         15435.         15469.
  15542.         15571.         15627.         15634.
  15704.         15758.         15805.         15887.
  15917.         15991.         16115.         16718.        ]
 [14430.         14471.         14550.         14622.
  14710.         14711.         14775.         14874.
  14906.         14961.         15041.         15069.
  15156.         15221.         15257.         15329.
  15334.         15347.         15403.         15435.        ]
 [12022.         12295.         12380.         14167.
  14231.         14291.         14372.         14416.
  14459.         14468.         14472.         14533.
  14557.         14619.         14675.         14692.
  14701.         14730.         14999.         15062.        ]
 [11872.         12011.         12079.         12493.
  12539.         13686.         13696.         13777.
  13796.         13887.         13962.         14057.
  14078.         14128.         14210.         14212.
  14285.         14340.         14433.         14472.        ]
 [10686.         12474.         12539.         13216.
  13267.         13295.         13371.         13372.
  13375.         13381.         13455.         13466.
  13525.         13616.         13626.         13661.
  13669.         13696.         14042.         14070.        ]
 [12132.         12173.         12218.         12271.
  12284.         12376.         12432.         12474.
  12522.         12589.         12686.         12766.
  12823.         12903.         12913.         13003.
  13029.         13097.         13132.         13570.        ]
 [11489.         11532.         11600.         11628.
  11704.         11736.         11756.         11845.
  11873.         11919.         11936.         11977.
  12009.         12046.         12078.         12126.
  12173.         12205.         12207.         12233.        ]
 [ 8125.         10517.         10572.         10577.
  10601.         10670.         10739.         10832.
  10886.         10976.         10991.         11054.
  11125.         11209.         11287.         11349.
  11433.         11592.         11674.         11926.        ]
 [ 8333.          9569.          9903.          9978.
  10001.         10094.         10142.         10153.
  10171.         10260.         10356.         10426.
  10525.         10577.         10647.         10670.
  10755.         10888.         10969.         10986.        ]
 [ 8835.          8961.          9016.          9108.
   9374.          9391.          9470.          9543.
   9562.          9584.          9621.          9633.
   9652.          9661.          9666.          9670.
   9755.          9843.          9889.          9899.        ]
 [ 8580.          8666.          8702.          8792.
   8855.          8903.          8907.          8985.00002047
   9000.00002047  9015.00002047  9054.00002047  9127.00002047
   9216.00002047  9274.00002047  9354.00002047  9478.
   9532.          9557.          9598.          9682.        ]
 [ 8328.          8402.          8450.          8538.
   8609.          8677.          8702.          8735.
   8823.          8885.          8936.          8985.
   9061.          9083.          9130.          9193.
   9254.          9270.          9280.          9510.        ]
 [ 6820.          6852.          7584.          7683.
   7765.          7940.          7992.          8038.
   8105.          8168.          8184.          8208.
   8240.          8328.          8402.          8494.
   8518.          8600.          8628.          8938.        ]
 [ 6679.          6771.          6831.          6901.
   7431.          7472.          7534.          7584.
   7586.          7601.          7700.          7720.
   7765.          7771.          7852.          7865.
   7916.          7928.          7940.          8149.        ]
 [ 4847.          6667.          6679.          6771.
   6794.          6893.          6904.          7003.
   7091.          7113.          7131.          7160.
   7213.          7269.          7325.          7368.
   7421.          7431.          7472.          7533.        ]
 [ 5028.          5077.          5603.          5628.
   5668.          6003.          6013.          6109.
   6117.          6165.          6256.          6344.
   6374.          6464.          6517.          6542.
   6574.          6617.          6667.          6670.        ]
 [ 2593.          4166.          5195.          5215.
   5227.          5288.          5377.          5379.
   5468.          5494.          5571.          5603.
   5644.          5733.          5778.          5833.
   5870.          5936.          5947.          5948.        ]
 [ 4522.          4930.          4969.          4995.
   5080.          5141.          5195.          5222.
   5247.          5377.          5424.          5478.
   5494.          5571.          5733.          5804.
   5828.          5914.          5982.          6334.        ]
 [ 2589.          3132.          3157.          3176.
   3301.          3362.          3694.          3770.
   3856.          4263.          4290.          4387.
   4544.          4560.          4570.          4642.
   4703.          4751.          4847.          4930.        ]
 [ 2575.          3157.          3460.          3541.
   3594.          3677.          3770.          3856.
   3901.          3972.          3981.          4075.
   4166.          4256.          4290.          4365.
   4366.          4439.          4522.          4597.        ]
 [ 2280.          2298.          2423.          2624.
   2657.          2666.          3041.          3083.
   3084.          3093.          3138.          3158.
   3182.          3250.          3336.          3395.
   3485.          3541.          3582.          3621.        ]
 [  624.          2356.          2530.          2575.
   2593.          2662.          2688.          2726.
   2727.          2798.          2862.          2891.
   2968.          3018.          3041.          3065.
   3132.          3212.          3301.          3397.        ]
 [ 1350.          1389.          1434.          1494.
   1559.          1626.          1717.          1816.
   1912.          1915.          2149.          2150.
   2164.          2258.          2267.          2333.
   2415.          2423.          2481.          2494.        ]
 [  645.           702.          1737.          1792.
   1846.          1892.          1944.          1988.
   1991.          2062.          2142.          2149.
   2215.          2240.          2245.          2289.
   2333.          2409.          2492.          2530.        ]
 [  576.           861.           893.           940.
   1001.          1072.          1111.          1167.
   1236.          1268.          1328.          1350.
   1418.          1436.          1445.          1521.
   1565.          1604.          1626.          1642.        ]
 [    0.            48.           140.           202.
    250.           343.           370.           450.
    498.           583.           645.           669.
    736.           824.           853.           858.
   1131.          1208.          1255.          1582.        ]]
