optimal_status: 0
solution: 9654.0
cpu_time: 3600.9611690044403
gap: 0.847913359002699
upper_bound: 1468.2444321879427
lower_bound: 9654.0
cg_matrix: [[0. 0. 1. 0. 1. 1. 1. 1. 1. 0. 0. 1. 1. 0. 0. 0. 0. 0. 1. 1. 1. 1. 1. 0.
  1. 0. 1. 1. 0. 0. 0. 0. 0. 1. 1. 0. 0. 1. 1. 1. 1. 1. 1. 1. 1. 0. 0. 0.
  0. 1.]
 [0. 0. 0. 0. 1. 1. 1. 1. 1. 0. 0. 1. 1. 0. 1. 1. 1. 0. 0. 1. 0. 0. 1. 1.
  1. 0. 1. 0. 1. 0. 0. 1. 0. 0. 1. 1. 0. 0. 0. 1. 1. 1. 1. 0. 1. 0. 1. 0.
  1. 0.]
 [1. 0. 0. 0. 1. 0. 1. 1. 1. 1. 1. 0. 0. 1. 0. 1. 0. 0. 0. 1. 1. 1. 0. 0.
  0. 0. 1. 1. 0. 1. 0. 1. 0. 1. 0. 1. 0. 1. 1. 1. 0. 1. 0. 1. 0. 1. 0. 1.
  0. 0.]
 [0. 0. 0. 0. 1. 1. 0. 0. 1. 0. 0. 0. 1. 0. 0. 0. 1. 1. 0. 1. 0. 0. 1. 0.
  1. 1. 0. 1. 0. 0. 1. 1. 1. 1. 0. 0. 1. 0. 1. 0. 0. 0. 0. 1. 0. 1. 0. 0.
  1. 0.]
 [1. 1. 1. 1. 0. 1. 1. 0. 0. 0. 1. 1. 1. 0. 0. 0. 1. 0. 0. 1. 1. 0. 0. 1.
  0. 1. 0. 0. 0. 1. 1. 1. 1. 0. 1. 1. 1. 1. 1. 0. 0. 0. 1. 1. 1. 0. 0. 0.
  0. 0.]
 [1. 1. 0. 1. 1. 0. 0. 1. 0. 0. 1. 0. 0. 1. 0. 0. 0. 0. 1. 0. 1. 1. 0. 1.
  1. 1. 0. 0. 0. 1. 0. 0. 1. 0. 0. 1. 1. 0. 1. 1. 0. 0. 1. 1. 0. 1. 1. 1.
  1. 0.]
 [1. 1. 1. 0. 1. 0. 0. 1. 0. 0. 0. 1. 0. 0. 1. 0. 1. 1. 0. 0. 1. 1. 1. 1.
  1. 1. 1. 0. 0. 1. 0. 1. 0. 0. 1. 0. 1. 0. 1. 0. 1. 1. 1. 0. 0. 0. 1. 1.
  0. 0.]
 [1. 1. 1. 0. 0. 1. 1. 0. 0. 1. 1. 0. 1. 0. 0. 0. 0. 1. 0. 1. 1. 1. 0. 1.
  1. 0. 1. 0. 1. 0. 0. 0. 1. 1. 0. 0. 0. 0. 1. 0. 0. 0. 1. 1. 0. 0. 1. 1.
  1. 0.]
 [1. 1. 1. 1. 0. 0. 0. 0. 0. 0. 0. 1. 1. 1. 0. 0. 0. 0. 1. 0. 0. 1. 1. 1.
  0. 1. 1. 0. 0. 1. 1. 1. 0. 0. 0. 1. 1. 1. 0. 0. 0. 1. 1. 0. 0. 0. 1. 0.
  1. 0.]
 [0. 0. 1. 0. 0. 0. 0. 1. 0. 0. 0. 0. 0. 1. 1. 0. 0. 1. 1. 0. 0. 0. 0. 0.
  0. 1. 0. 0. 1. 1. 0. 0. 1. 0. 0. 1. 1. 1. 0. 0. 1. 1. 1. 0. 0. 0. 1. 1.
  0. 0.]
 [0. 0. 1. 0. 1. 1. 0. 1. 0. 0. 0. 0. 1. 0. 0. 0. 1. 0. 0. 0. 1. 0. 0. 0.
  0. 0. 1. 1. 1. 1. 1. 0. 0. 0. 1. 1. 1. 1. 0. 0. 1. 1. 1. 0. 0. 1. 0. 0.
  1. 1.]
 [1. 1. 0. 0. 1. 0. 1. 0. 1. 0. 0. 0. 0. 0. 1. 0. 1. 1. 1. 0. 1. 1. 1. 0.
  0. 1. 1. 1. 0. 0. 1. 0. 0. 1. 1. 0. 1. 1. 0. 0. 0. 1. 1. 0. 0. 1. 0. 1.
  1. 0.]
 [1. 1. 0. 1. 1. 0. 0. 1. 1. 0. 1. 0. 0. 0. 0. 0. 1. 1. 0. 1. 1. 0. 0. 1.
  0. 1. 0. 0. 0. 1. 0. 1. 1. 1. 1. 1. 0. 1. 0. 1. 0. 0. 0. 1. 0. 1. 1. 1.
  1. 0.]
 [0. 0. 1. 0. 0. 1. 0. 0. 1. 1. 0. 0. 0. 0. 0. 0. 0. 0. 0. 1. 0. 1. 1. 0.
  0. 0. 1. 1. 1. 0. 1. 1. 0. 1. 1. 0. 1. 1. 0. 1. 1. 1. 0. 1. 0. 0. 0. 1.
  1. 0.]
 [0. 1. 0. 0. 0. 0. 1. 0. 0. 1. 0. 1. 0. 0. 0. 1. 0. 0. 1. 1. 1. 1. 1. 0.
  0. 0. 0. 0. 1. 1. 0. 0. 0. 0. 1. 1. 0. 1. 1. 0. 1. 0. 0. 1. 0. 0. 0. 1.
  1. 1.]
 [0. 1. 1. 0. 0. 0. 0. 0. 0. 0. 0. 0. 0. 0. 1. 0. 0. 0. 0. 0. 0. 0. 0. 0.
  0. 0. 0. 0. 0. 0. 0. 0. 0. 0. 0. 0. 0. 0. 0. 0. 0. 0. 0. 0. 0. 0. 0. 0.
  0. 0.]
 [0. 1. 0. 1. 1. 0. 1. 0. 0. 0. 1. 1. 1. 0. 0. 0. 0. 0. 0. 0. 0. 0. 0. 0.
  0. 0. 0. 0. 0. 0. 0. 0. 0. 0. 0. 0. 0. 0. 0. 0. 0. 0. 0. 0. 0. 0. 0. 0.
  0. 0.]
 [0. 0. 0. 1. 0. 0. 1. 1. 0. 1. 0. 1. 1. 0. 0. 0. 0. 0. 0. 0. 0. 0. 0. 0.
  0. 0. 0. 0. 0. 0. 0. 0. 0. 0. 0. 0. 0. 0. 0. 0. 0. 0. 0. 0. 0. 0. 0. 0.
  0. 0.]
 [1. 0. 0. 0. 0. 1. 0. 0. 1. 1. 0. 1. 0. 0. 1. 0. 0. 0. 0. 0. 0. 0. 0. 0.
  0. 0. 0. 0. 0. 0. 0. 0. 0. 0. 0. 0. 0. 0. 0. 0. 0. 0. 0. 0. 0. 0. 0. 0.
  0. 0.]
 [1. 1. 1. 1. 1. 0. 0. 1. 0. 0. 0. 0. 1. 1. 1. 0. 0. 0. 0. 0. 0. 0. 0. 0.
  0. 0. 0. 0. 0. 0. 0. 0. 0. 0. 0. 0. 0. 0. 0. 0. 0. 0. 0. 0. 0. 0. 0. 0.
  0. 0.]
 [1. 0. 1. 0. 1. 1. 1. 1. 0. 0. 1. 1. 1. 0. 1. 0. 0. 0. 0. 0. 0. 0. 0. 0.
  0. 0. 0. 0. 0. 0. 0. 0. 0. 0. 0. 0. 0. 0. 0. 0. 0. 0. 0. 0. 0. 0. 0. 0.
  0. 0.]
 [1. 0. 1. 0. 0. 1. 1. 1. 1. 0. 0. 1. 0. 1. 1. 0. 0. 0. 0. 0. 0. 0. 0. 0.
  0. 0. 0. 0. 0. 0. 0. 0. 0. 0. 0. 0. 0. 0. 0. 0. 0. 0. 0. 0. 0. 0. 0. 0.
  0. 0.]
 [1. 1. 0. 1. 0. 0. 1. 0. 1. 0. 0. 1. 0. 1. 1. 0. 0. 0. 0. 0. 0. 0. 0. 0.
  0. 0. 0. 0. 0. 0. 0. 0. 0. 0. 0. 0. 0. 0. 0. 0. 0. 0. 0. 0. 0. 0. 0. 0.
  0. 0.]
 [0. 1. 0. 0. 1. 1. 1. 1. 1. 0. 0. 0. 1. 0. 0. 0. 0. 0. 0. 0. 0. 0. 0. 0.
  0. 0. 0. 0. 0. 0. 0. 0. 0. 0. 0. 0. 0. 0. 0. 0. 0. 0. 0. 0. 0. 0. 0. 0.
  0. 0.]
 [1. 1. 0. 1. 0. 1. 1. 1. 0. 0. 0. 0. 0. 0. 0. 0. 0. 0. 0. 0. 0. 0. 0. 0.
  0. 0. 0. 0. 0. 0. 0. 0. 0. 0. 0. 0. 0. 0. 0. 0. 0. 0. 0. 0. 0. 0. 0. 0.
  0. 0.]
 [0. 0. 0. 1. 1. 1. 1. 0. 1. 1. 0. 1. 1. 0. 0. 0. 0. 0. 0. 0. 0. 0. 0. 0.
  0. 0. 0. 0. 0. 0. 0. 0. 0. 0. 0. 0. 0. 0. 0. 0. 0. 0. 0. 0. 0. 0. 0. 0.
  0. 0.]
 [1. 1. 1. 0. 0. 0. 1. 1. 1. 0. 1. 1. 0. 1. 0. 0. 0. 0. 0. 0. 0. 0. 0. 0.
  0. 0. 0. 0. 0. 0. 0. 0. 0. 0. 0. 0. 0. 0. 0. 0. 0. 0. 0. 0. 0. 0. 0. 0.
  0. 0.]
 [1. 0. 1. 1. 0. 0. 0. 0. 0. 0. 1. 1. 0. 1. 0. 0. 0. 0. 0. 0. 0. 0. 0. 0.
  0. 0. 0. 0. 0. 0. 0. 0. 0. 0. 0. 0. 0. 0. 0. 0. 0. 0. 0. 0. 0. 0. 0. 0.
  0. 0.]
 [0. 1. 0. 0. 0. 0. 0. 1. 0. 1. 1. 0. 0. 1. 1. 0. 0. 0. 0. 0. 0. 0. 0. 0.
  0. 0. 0. 0. 0. 0. 0. 0. 0. 0. 0. 0. 0. 0. 0. 0. 0. 0. 0. 0. 0. 0. 0. 0.
  0. 0.]
 [0. 0. 1. 0. 1. 1. 1. 0. 1. 1. 1. 0. 1. 0. 1. 0. 0. 0. 0. 0. 0. 0. 0. 0.
  0. 0. 0. 0. 0. 0. 0. 0. 0. 0. 0. 0. 0. 0. 0. 0. 0. 0. 0. 0. 0. 0. 0. 0.
  0. 0.]
 [0. 0. 0. 1. 1. 0. 0. 0. 1. 0. 1. 1. 0. 1. 0. 0. 0. 0. 0. 0. 0. 0. 0. 0.
  0. 0. 0. 0. 0. 0. 0. 0. 0. 0. 0. 0. 0. 0. 0. 0. 0. 0. 0. 0. 0. 0. 0. 0.
  0. 0.]
 [0. 1. 1. 1. 1. 0. 1. 0. 1. 0. 0. 0. 1. 1. 0. 0. 0. 0. 0. 0. 0. 0. 0. 0.
  0. 0. 0. 0. 0. 0. 0. 0. 0. 0. 0. 0. 0. 0. 0. 0. 0. 0. 0. 0. 0. 0. 0. 0.
  0. 0.]
 [0. 0. 0. 1. 1. 1. 0. 1. 0. 1. 0. 0. 1. 0. 0. 0. 0. 0. 0. 0. 0. 0. 0. 0.
  0. 0. 0. 0. 0. 0. 0. 0. 0. 0. 0. 0. 0. 0. 0. 0. 0. 0. 0. 0. 0. 0. 0. 0.
  0. 0.]
 [1. 0. 1. 1. 0. 0. 0. 1. 0. 0. 0. 1. 1. 1. 0. 0. 0. 0. 0. 0. 0. 0. 0. 0.
  0. 0. 0. 0. 0. 0. 0. 0. 0. 0. 0. 0. 0. 0. 0. 0. 0. 0. 0. 0. 0. 0. 0. 0.
  0. 0.]
 [1. 1. 0. 0. 1. 0. 1. 0. 0. 0. 1. 1. 1. 1. 1. 0. 0. 0. 0. 0. 0. 0. 0. 0.
  0. 0. 0. 0. 0. 0. 0. 0. 0. 0. 0. 0. 0. 0. 0. 0. 0. 0. 0. 0. 0. 0. 0. 0.
  0. 0.]
 [0. 1. 1. 0. 1. 1. 0. 0. 1. 1. 1. 0. 1. 0. 1. 0. 0. 0. 0. 0. 0. 0. 0. 0.
  0. 0. 0. 0. 0. 0. 0. 0. 0. 0. 0. 0. 0. 0. 0. 0. 0. 0. 0. 0. 0. 0. 0. 0.
  0. 0.]
 [0. 0. 0. 1. 1. 1. 1. 0. 1. 1. 1. 1. 0. 1. 0. 0. 0. 0. 0. 0. 0. 0. 0. 0.
  0. 0. 0. 0. 0. 0. 0. 0. 0. 0. 0. 0. 0. 0. 0. 0. 0. 0. 0. 0. 0. 0. 0. 0.
  0. 0.]
 [1. 0. 1. 0. 1. 0. 0. 0. 1. 1. 1. 1. 1. 1. 1. 0. 0. 0. 0. 0. 0. 0. 0. 0.
  0. 0. 0. 0. 0. 0. 0. 0. 0. 0. 0. 0. 0. 0. 0. 0. 0. 0. 0. 0. 0. 0. 0. 0.
  0. 0.]
 [1. 0. 1. 1. 1. 1. 1. 1. 0. 0. 0. 0. 0. 0. 1. 0. 0. 0. 0. 0. 0. 0. 0. 0.
  0. 0. 0. 0. 0. 0. 0. 0. 0. 0. 0. 0. 0. 0. 0. 0. 0. 0. 0. 0. 0. 0. 0. 0.
  0. 0.]
 [1. 1. 1. 0. 0. 1. 0. 0. 0. 0. 0. 0. 1. 1. 0. 0. 0. 0. 0. 0. 0. 0. 0. 0.
  0. 0. 0. 0. 0. 0. 0. 0. 0. 0. 0. 0. 0. 0. 0. 0. 0. 0. 0. 0. 0. 0. 0. 0.
  0. 0.]
 [1. 1. 0. 0. 0. 0. 1. 0. 0. 1. 1. 0. 0. 1. 1. 0. 0. 0. 0. 0. 0. 0. 0. 0.
  0. 0. 0. 0. 0. 0. 0. 0. 0. 0. 0. 0. 0. 0. 0. 0. 0. 0. 0. 0. 0. 0. 0. 0.
  0. 0.]
 [1. 1. 1. 0. 0. 0. 1. 0. 1. 1. 1. 1. 0. 1. 0. 0. 0. 0. 0. 0. 0. 0. 0. 0.
  0. 0. 0. 0. 0. 0. 0. 0. 0. 0. 0. 0. 0. 0. 0. 0. 0. 0. 0. 0. 0. 0. 0. 0.
  0. 0.]
 [1. 1. 0. 0. 1. 1. 1. 1. 1. 1. 1. 1. 0. 0. 0. 0. 0. 0. 0. 0. 0. 0. 0. 0.
  0. 0. 0. 0. 0. 0. 0. 0. 0. 0. 0. 0. 0. 0. 0. 0. 0. 0. 0. 0. 0. 0. 0. 0.
  0. 0.]
 [1. 0. 1. 1. 1. 1. 0. 1. 0. 0. 0. 0. 1. 1. 1. 0. 0. 0. 0. 0. 0. 0. 0. 0.
  0. 0. 0. 0. 0. 0. 0. 0. 0. 0. 0. 0. 0. 0. 0. 0. 0. 0. 0. 0. 0. 0. 0. 0.
  0. 0.]
 [1. 1. 0. 0. 1. 0. 0. 0. 0. 0. 0. 0. 0. 0. 0. 0. 0. 0. 0. 0. 0. 0. 0. 0.
  0. 0. 0. 0. 0. 0. 0. 0. 0. 0. 0. 0. 0. 0. 0. 0. 0. 0. 0. 0. 0. 0. 0. 0.
  0. 0.]
 [0. 0. 1. 1. 0. 1. 0. 0. 0. 0. 1. 1. 1. 0. 0. 0. 0. 0. 0. 0. 0. 0. 0. 0.
  0. 0. 0. 0. 0. 0. 0. 0. 0. 0. 0. 0. 0. 0. 0. 0. 0. 0. 0. 0. 0. 0. 0. 0.
  0. 0.]
 [0. 1. 0. 0. 0. 1. 1. 1. 1. 1. 0. 0. 1. 0. 0. 0. 0. 0. 0. 0. 0. 0. 0. 0.
  0. 0. 0. 0. 0. 0. 0. 0. 0. 0. 0. 0. 0. 0. 0. 0. 0. 0. 0. 0. 0. 0. 0. 0.
  0. 0.]
 [0. 0. 1. 0. 0. 1. 1. 1. 0. 1. 0. 1. 1. 1. 1. 0. 0. 0. 0. 0. 0. 0. 0. 0.
  0. 0. 0. 0. 0. 0. 0. 0. 0. 0. 0. 0. 0. 0. 0. 0. 0. 0. 0. 0. 0. 0. 0. 0.
  0. 0.]
 [0. 1. 0. 1. 0. 1. 0. 1. 1. 0. 1. 1. 1. 1. 1. 0. 0. 0. 0. 0. 0. 0. 0. 0.
  0. 0. 0. 0. 0. 0. 0. 0. 0. 0. 0. 0. 0. 0. 0. 0. 0. 0. 0. 0. 0. 0. 0. 0.
  0. 0.]
 [1. 0. 0. 0. 0. 0. 0. 0. 0. 0. 1. 0. 0. 0. 1. 0. 0. 0. 0. 0. 0. 0. 0. 0.
  0. 0. 0. 0. 0. 0. 0. 0. 0. 0. 0. 0. 0. 0. 0. 0. 0. 0. 0. 0. 0. 0. 0. 0.
  0. 0.]]
start_times_array: [[1.133e+03 2.516e+03 2.831e+03 3.012e+03 7.534e+03 8.954e+03 9.077e+03
  9.095e+03 9.167e+03 9.201e+03 9.289e+03 9.383e+03 9.468e+03 9.551e+03
  9.581e+03]
 [8.504e+03 8.518e+03 8.665e+03 8.671e+03 8.704e+03 8.721e+03 8.743e+03
  8.901e+03 8.972e+03 9.000e+03 9.186e+03 9.244e+03 9.448e+03 9.503e+03
  9.576e+03]
 [8.320e+03 8.362e+03 8.504e+03 8.583e+03 8.593e+03 8.641e+03 8.689e+03
  8.786e+03 8.808e+03 8.897e+03 8.898e+03 8.901e+03 8.945e+03 9.000e+03
  9.127e+03]
 [9.970e+02 7.282e+03 8.220e+03 8.529e+03 8.590e+03 8.647e+03 8.800e+03
  8.954e+03 9.077e+03 9.165e+03 9.186e+03 9.278e+03 9.281e+03 9.320e+03
  9.341e+03]
 [7.212e+03 7.217e+03 7.441e+03 7.612e+03 7.702e+03 7.766e+03 7.796e+03
  7.889e+03 7.977e+03 8.068e+03 8.115e+03 8.141e+03 8.359e+03 8.388e+03
  8.465e+03]
 [3.140e+02 1.354e+03 6.610e+03 6.702e+03 6.754e+03 6.772e+03 6.824e+03
  6.918e+03 6.966e+03 6.998e+03 7.071e+03 7.120e+03 7.136e+03 7.348e+03
  7.403e+03]
 [6.287e+03 6.368e+03 6.465e+03 6.610e+03 6.798e+03 6.859e+03 6.906e+03
  6.931e+03 6.969e+03 6.997e+03 7.043e+03 7.144e+03 7.282e+03 8.220e+03
  8.261e+03]
 [3.200e+02 5.801e+03 5.878e+03 5.889e+03 5.968e+03 6.066e+03 6.132e+03
  6.207e+03 6.222e+03 6.246e+03 6.303e+03 6.311e+03 6.397e+03 6.558e+03
  6.724e+03]
 [3.904e+03 5.439e+03 5.893e+03 5.972e+03 6.064e+03 6.157e+03 6.246e+03
  6.264e+03 6.335e+03 6.361e+03 6.456e+03 6.565e+03 6.651e+03 6.926e+03
  6.929e+03]
 [4.300e+02 4.850e+02 1.359e+03 5.011e+03 5.085e+03 5.177e+03 5.221e+03
  5.314e+03 5.382e+03 5.452e+03 5.490e+03 5.554e+03 5.650e+03 5.658e+03
  5.727e+03]
 [4.738e+03 5.130e+03 5.231e+03 5.315e+03 5.442e+03 5.491e+03 5.536e+03
  5.580e+03 5.633e+03 5.716e+03 5.744e+03 5.747e+03 5.795e+03 6.155e+03
  6.505e+03]
 [1.354e+03 4.971e+03 5.014e+03 5.087e+03 5.221e+03 5.279e+03 5.295e+03
  5.385e+03 5.475e+03 5.523e+03 5.587e+03 5.604e+03 5.667e+03 5.795e+03
  8.569e+03]
 [4.196e+03 4.254e+03 4.301e+03 4.618e+03 4.652e+03 4.666e+03 4.736e+03
  4.825e+03 4.877e+03 4.906e+03 4.971e+03 5.057e+03 5.117e+03 5.210e+03
  5.215e+03]
 [3.200e+02 8.300e+02 3.780e+03 4.081e+03 4.087e+03 4.177e+03 4.219e+03
  4.255e+03 4.358e+03 4.609e+03 4.648e+03 4.700e+03 4.739e+03 4.832e+03
  4.860e+03]
 [4.171e+03 4.256e+03 4.426e+03 4.470e+03 4.555e+03 4.600e+03 4.664e+03
  4.697e+03 4.746e+03 4.769e+03 4.853e+03 4.906e+03 4.923e+03 4.980e+03
  5.210e+03]
 [2.323e+03 2.739e+03 3.672e+03 3.720e+03 3.740e+03 3.835e+03 3.892e+03
  3.900e+03 3.919e+03 3.940e+03 3.976e+03 4.041e+03 4.078e+03 4.354e+03
  4.358e+03]
 [2.500e+01 9.800e+01 3.030e+02 3.720e+02 4.460e+02 7.430e+02 9.320e+02
  3.329e+03 3.411e+03 3.486e+03 3.506e+03 3.555e+03 3.678e+03 4.396e+03
  4.493e+03]
 [7.500e+01 1.430e+02 2.440e+02 2.863e+03 3.009e+03 3.381e+03 3.429e+03
  3.468e+03 3.903e+03 3.935e+03 4.003e+03 4.095e+03 4.169e+03 4.433e+03
  4.677e+03]
 [9.870e+02 1.426e+03 1.948e+03 3.297e+03 3.329e+03 3.428e+03 3.510e+03
  3.586e+03 3.625e+03 3.756e+03 3.846e+03 3.850e+03 3.962e+03 4.090e+03
  4.354e+03]
 [0.000e+00 1.360e+02 2.710e+02 2.012e+03 2.378e+03 3.042e+03 3.204e+03
  3.295e+03 3.380e+03 3.388e+03 3.601e+03 3.846e+03 3.915e+03 3.962e+03
  4.003e+03]
 [1.510e+03 2.275e+03 2.938e+03 2.966e+03 3.042e+03 3.165e+03 3.218e+03
  3.224e+03 3.295e+03 3.307e+03 3.407e+03 3.701e+03 3.790e+03 3.846e+03
  3.881e+03]
 [0.000e+00 2.070e+02 4.130e+02 4.850e+02 4.980e+02 5.670e+02 6.060e+02
  8.590e+02 9.030e+02 9.350e+02 1.039e+03 1.192e+03 1.756e+03 1.820e+03
  1.902e+03]
 [3.840e+02 7.480e+02 9.120e+02 9.240e+02 2.186e+03 2.694e+03 3.087e+03
  3.122e+03 3.195e+03 3.292e+03 3.313e+03 3.391e+03 3.486e+03 3.562e+03
  3.815e+03]
 [2.119e+03 2.138e+03 2.812e+03 2.867e+03 2.920e+03 3.009e+03 3.049e+03
  3.052e+03 3.092e+03 3.186e+03 3.312e+03 3.455e+03 3.505e+03 3.657e+03
  3.698e+03]
 [9.800e+01 1.163e+03 2.272e+03 2.339e+03 3.084e+03 3.180e+03 3.250e+03
  3.288e+03 3.289e+03 3.586e+03 3.635e+03 3.698e+03 3.772e+03 4.245e+03
  4.254e+03]
 [9.800e+01 1.513e+03 1.987e+03 2.406e+03 2.765e+03 2.838e+03 2.913e+03
  2.994e+03 3.020e+03 3.111e+03 3.121e+03 3.179e+03 3.211e+03 3.289e+03
  3.290e+03]
 [4.000e+02 1.553e+03 2.257e+03 2.643e+03 2.742e+03 2.902e+03 2.994e+03
  3.042e+03 3.084e+03 3.179e+03 3.214e+03 3.355e+03 3.402e+03 3.455e+03
  3.549e+03]
 [3.000e+01 1.076e+03 1.800e+03 1.900e+03 1.971e+03 2.104e+03 2.400e+03
  2.532e+03 2.608e+03 2.680e+03 2.691e+03 2.712e+03 2.936e+03 3.090e+03
  3.179e+03]
 [5.000e+00 1.682e+03 2.444e+03 2.461e+03 2.555e+03 2.594e+03 2.643e+03
  2.715e+03 2.745e+03 2.824e+03 2.868e+03 2.965e+03 2.966e+03 3.041e+03
  3.042e+03]
 [0.000e+00 1.496e+03 1.966e+03 2.310e+03 2.433e+03 2.474e+03 2.592e+03
  2.594e+03 2.662e+03 2.690e+03 2.765e+03 2.842e+03 2.863e+03 2.871e+03
  2.937e+03]
 [0.000e+00 6.400e+01 1.750e+02 1.513e+03 1.666e+03 1.731e+03 1.987e+03
  1.994e+03 2.120e+03 2.162e+03 2.341e+03 2.535e+03 2.562e+03 2.662e+03
  2.860e+03]
 [5.670e+02 1.076e+03 1.994e+03 2.093e+03 2.186e+03 2.194e+03 2.251e+03
  2.317e+03 2.393e+03 2.421e+03 2.442e+03 2.444e+03 2.526e+03 2.592e+03
  2.748e+03]
 [0.000e+00 7.500e+01 5.010e+02 8.610e+02 1.086e+03 1.714e+03 1.731e+03
  1.800e+03 1.839e+03 1.927e+03 2.019e+03 2.176e+03 2.231e+03 2.276e+03
  2.482e+03]
 [0.000e+00 1.620e+02 2.610e+02 6.540e+02 7.430e+02 7.770e+02 1.494e+03
  1.629e+03 1.804e+03 1.808e+03 1.818e+03 2.537e+03 2.625e+03 2.690e+03
  2.715e+03]
 [0.000e+00 8.800e+01 1.770e+02 5.010e+02 6.900e+02 8.590e+02 9.990e+02
  1.483e+03 1.639e+03 1.711e+03 1.793e+03 2.002e+03 2.145e+03 2.170e+03
  2.393e+03]
 [0.000e+00 6.660e+02 1.261e+03 1.806e+03 1.839e+03 2.002e+03 2.028e+03
  2.096e+03 2.307e+03 2.309e+03 2.396e+03 2.482e+03 2.553e+03 2.585e+03
  2.769e+03]
 [1.550e+02 1.557e+03 1.711e+03 1.756e+03 1.812e+03 1.820e+03 1.882e+03
  1.902e+03 2.036e+03 2.284e+03 2.343e+03 2.408e+03 2.489e+03 2.532e+03
  2.535e+03]
 [9.690e+02 9.970e+02 1.020e+03 1.163e+03 1.236e+03 1.425e+03 1.526e+03
  1.575e+03 1.639e+03 1.682e+03 1.694e+03 1.789e+03 1.956e+03 1.987e+03
  2.162e+03]
 [9.120e+02 9.320e+02 1.190e+03 1.415e+03 1.499e+03 1.513e+03 1.549e+03
  1.554e+03 1.694e+03 1.901e+03 1.994e+03 2.061e+03 2.356e+03 2.437e+03
  2.553e+03]
 [1.630e+02 9.890e+02 1.259e+03 1.415e+03 1.579e+03 1.666e+03 1.738e+03
  1.977e+03 2.062e+03 2.137e+03 2.176e+03 2.253e+03 2.310e+03 2.532e+03
  2.628e+03]
 [1.980e+02 1.576e+03 1.730e+03 1.812e+03 1.900e+03 1.916e+03 1.992e+03
  2.066e+03 2.138e+03 2.194e+03 2.227e+03 2.300e+03 2.379e+03 2.437e+03
  2.679e+03]
 [0.000e+00 8.500e+01 1.830e+02 1.910e+02 2.390e+02 3.840e+02 6.790e+02
  7.480e+02 8.870e+02 9.700e+02 9.890e+02 1.182e+03 1.256e+03 1.554e+03
  1.667e+03]
 [7.000e+00 5.010e+02 5.880e+02 6.760e+02 7.480e+02 8.550e+02 8.810e+02
  8.920e+02 9.870e+02 1.163e+03 1.253e+03 1.261e+03 1.278e+03 1.484e+03
  1.576e+03]
 [5.660e+02 1.163e+03 1.259e+03 1.415e+03 1.483e+03 1.579e+03 1.648e+03
  1.743e+03 1.833e+03 1.918e+03 1.971e+03 1.994e+03 2.066e+03 2.251e+03
  2.331e+03]
 [5.800e+01 2.490e+02 2.930e+02 3.620e+02 1.290e+03 1.338e+03 1.424e+03
  1.425e+03 1.495e+03 1.509e+03 1.534e+03 1.629e+03 1.747e+03 1.921e+03
  1.985e+03]
 [5.000e+01 3.200e+02 4.440e+02 8.220e+02 8.810e+02 9.240e+02 1.125e+03
  1.425e+03 1.484e+03 1.514e+03 1.812e+03 1.916e+03 1.919e+03 1.987e+03
  2.343e+03]
 [5.000e+00 4.300e+01 8.900e+01 1.070e+02 5.720e+02 8.300e+02 9.920e+02
  1.084e+03 1.137e+03 1.155e+03 1.229e+03 1.288e+03 1.415e+03 1.735e+03
  1.882e+03]
 [3.000e+00 7.900e+01 8.600e+01 1.940e+02 2.330e+02 3.890e+02 4.440e+02
  5.010e+02 5.880e+02 6.570e+02 7.440e+02 8.590e+02 1.122e+03 1.192e+03
  1.845e+03]
 [0.000e+00 1.600e+01 7.600e+01 1.040e+02 1.770e+02 3.990e+02 4.980e+02
  5.390e+02 5.660e+02 7.020e+02 7.820e+02 8.870e+02 9.370e+02 1.278e+03
  1.425e+03]
 [7.500e+01 9.900e+01 1.940e+02 2.610e+02 3.810e+02 5.410e+02 6.060e+02
  6.790e+02 7.310e+02 7.430e+02 7.820e+02 7.980e+02 8.600e+02 9.350e+02
  1.237e+03]]
