optimal_status: 0
solution: 73858.99999767618
cpu_time: 3602.102786064148
gap: 0.9670187572988914
upper_bound: 2435.961604584529
lower_bound: 73858.99999767618
cg_matrix: [[0. 1. 0. 0. 1. 1. 1. 1. 1. 1. 1. 1. 0. 0. 0. 1. 1. 1. 1. 0. 1. 1. 1. 1.
  0. 1. 0. 1. 0. 1. 0. 1. 0. 1. 1. 0. 0. 1. 1. 0. 1. 1. 1. 1. 0. 1. 1. 0.
  1. 0. 1. 1. 1. 1. 0. 1. 1. 1. 1. 1. 0. 1. 1. 0. 1. 1. 0. 0. 0. 1. 1. 1.
  1. 1. 1. 1. 1. 0. 1. 1. 1. 1. 1. 1. 1. 1. 0. 1. 1. 1. 1. 1. 0. 1. 1. 1.
  1. 1. 1. 0.]
 [1. 0. 1. 1. 1. 1. 0. 1. 1. 1. 1. 1. 1. 1. 1. 1. 1. 1. 1. 1. 1. 1. 1. 0.
  0. 1. 1. 1. 1. 1. 1. 1. 1. 1. 1. 1. 1. 1. 1. 0. 1. 1. 1. 1. 1. 1. 0. 0.
  1. 1. 0. 0. 1. 1. 1. 1. 1. 1. 1. 1. 1. 1. 1. 1. 1. 1. 1. 1. 1. 1. 1. 1.
  1. 0. 1. 1. 1. 0. 1. 1. 1. 0. 1. 1. 1. 1. 1. 1. 1. 1. 1. 1. 1. 1. 0. 1.
  1. 1. 1. 1.]
 [0. 1. 0. 1. 1. 1. 1. 0. 1. 1. 1. 0. 1. 1. 1. 0. 0. 1. 1. 1. 1. 1. 1. 1.
  1. 1. 1. 1. 1. 1. 1. 1. 1. 1. 0. 1. 1. 1. 0. 1. 1. 1. 1. 0. 1. 1. 1. 1.
  1. 1. 1. 1. 0. 1. 1. 1. 1. 1. 1. 1. 0. 1. 1. 1. 1. 1. 1. 1. 1. 1. 1. 1.
  1. 1. 1. 1. 1. 1. 1. 1. 0. 0. 1. 1. 1. 1. 1. 0. 1. 1. 1. 1. 1. 1. 1. 1.
  1. 1. 1. 0.]
 [0. 1. 1. 0. 1. 0. 1. 1. 1. 1. 1. 1. 1. 1. 0. 1. 0. 1. 1. 1. 1. 1. 0. 1.
  1. 1. 1. 1. 1. 0. 1. 1. 1. 0. 1. 1. 1. 1. 1. 1. 1. 1. 0. 1. 1. 1. 1. 1.
  1. 1. 0. 1. 0. 0. 1. 1. 1. 1. 1. 1. 1. 1. 1. 1. 1. 1. 0. 1. 1. 0. 1. 0.
  1. 1. 1. 1. 1. 1. 1. 1. 1. 0. 1. 0. 1. 1. 1. 0. 1. 1. 0. 0. 1. 0. 1. 1.
  0. 1. 1. 1.]
 [1. 1. 1. 1. 0. 0. 0. 0. 1. 1. 1. 1. 1. 0. 1. 1. 1. 1. 0. 1. 1. 1. 1. 1.
  1. 1. 1. 1. 1. 1. 0. 1. 1. 1. 1. 0. 1. 1. 1. 1. 0. 1. 1. 1. 1. 0. 1. 1.
  1. 1. 1. 1. 1. 1. 1. 1. 0. 1. 1. 1. 1. 1. 1. 1. 1. 1. 1. 0. 1. 0. 1. 1.
  1. 1. 1. 1. 1. 1. 1. 1. 1. 1. 1. 0. 1. 0. 1. 1. 0. 1. 0. 1. 1. 1. 0. 1.
  0. 1. 1. 1.]
 [1. 1. 1. 0. 0. 0. 1. 1. 1. 0. 1. 1. 1. 1. 1. 1. 1. 1. 1. 1. 1. 1. 1. 1.
  1. 1. 1. 1. 1. 0. 1. 1. 1. 1. 1. 1. 1. 0. 1. 1. 1. 0. 1. 1. 0. 1. 1. 1.
  0. 1. 1. 1. 0. 1. 1. 1. 0. 1. 1. 1. 1. 0. 1. 0. 1. 1. 1. 1. 1. 1. 1. 1.
  1. 1. 1. 0. 0. 1. 1. 1. 0. 1. 1. 1. 1. 1. 1. 1. 1. 0. 1. 1. 0. 1. 1. 1.
  1. 0. 1. 1.]
 [1. 0. 1. 1. 0. 1. 0. 1. 1. 1. 1. 0. 1. 1. 1. 1. 0. 1. 1. 1. 1. 1. 1. 1.
  0. 1. 0. 1. 0. 1. 1. 1. 0. 1. 1. 1. 1. 1. 1. 1. 0. 1. 1. 1. 1. 1. 1. 0.
  1. 1. 1. 1. 1. 1. 1. 1. 1. 0. 1. 1. 1. 1. 1. 1. 0. 0. 1. 1. 1. 0. 1. 1.
  1. 0. 1. 0. 1. 1. 1. 1. 1. 1. 1. 1. 1. 1. 1. 1. 1. 1. 1. 0. 1. 1. 1. 1.
  1. 1. 1. 1.]
 [1. 1. 0. 1. 0. 1. 1. 0. 1. 1. 1. 1. 1. 1. 1. 1. 0. 0. 1. 0. 1. 1. 1. 1.
  1. 0. 1. 0. 1. 0. 0. 1. 1. 1. 0. 0. 1. 0. 0. 1. 1. 1. 1. 1. 1. 1. 0. 0.
  1. 1. 1. 1. 1. 0. 1. 0. 1. 1. 1. 1. 1. 1. 1. 0. 1. 1. 1. 1. 1. 1. 1. 0.
  1. 1. 1. 1. 1. 1. 1. 1. 0. 0. 1. 1. 1. 1. 0. 1. 1. 1. 1. 0. 1. 1. 1. 1.
  1. 1. 0. 1.]
 [1. 1. 1. 1. 1. 1. 1. 1. 0. 1. 0. 1. 1. 1. 1. 1. 1. 1. 1. 1. 1. 1. 1. 1.
  1. 1. 1. 1. 1. 0. 1. 1. 1. 0. 0. 1. 1. 0. 0. 1. 0. 1. 1. 1. 1. 0. 1. 1.
  1. 1. 1. 1. 1. 1. 1. 1. 0. 1. 1. 0. 1. 1. 1. 0. 1. 1. 1. 1. 1. 0. 1. 1.
  1. 1. 0. 1. 1. 0. 1. 1. 1. 0. 1. 1. 1. 1. 1. 1. 1. 1. 1. 1. 0. 1. 1. 1.
  1. 1. 1. 1.]
 [1. 1. 1. 1. 1. 0. 1. 1. 1. 0. 1. 1. 1. 1. 1. 1. 0. 0. 1. 1. 1. 1. 1. 1.
  0. 1. 1. 1. 0. 1. 1. 1. 0. 1. 0. 1. 1. 1. 1. 0. 1. 1. 0. 1. 1. 1. 1. 0.
  0. 1. 1. 1. 1. 1. 1. 1. 1. 1. 1. 1. 0. 1. 1. 1. 0. 1. 1. 1. 0. 0. 0. 1.
  1. 1. 0. 1. 1. 1. 1. 0. 0. 1. 1. 1. 1. 1. 0. 1. 1. 1. 0. 1. 1. 1. 1. 1.
  1. 0. 1. 1.]
 [1. 1. 1. 1. 1. 1. 1. 1. 0. 1. 0. 1. 0. 1. 1. 1. 1. 1. 1. 1. 1. 0. 1. 1.
  1. 1. 1. 0. 1. 1. 1. 0. 1. 0. 1. 1. 1. 1. 1. 1. 1. 1. 1. 1. 1. 1. 1. 1.
  1. 0. 1. 1. 1. 0. 1. 1. 1. 1. 0. 1. 0. 1. 0. 1. 0. 0. 1. 1. 1. 1. 1. 1.
  1. 1. 1. 0. 0. 1. 1. 1. 1. 1. 1. 1. 1. 1. 1. 1. 1. 1. 1. 1. 1. 1. 1. 1.
  1. 1. 0. 1.]
 [1. 1. 0. 1. 1. 1. 0. 1. 1. 1. 1. 0. 0. 1. 1. 0. 0. 1. 1. 1. 1. 1. 1. 1.
  1. 0. 1. 0. 1. 0. 1. 0. 1. 1. 1. 1. 1. 1. 1. 1. 0. 1. 0. 1. 1. 1. 1. 1.
  1. 1. 1. 0. 1. 1. 0. 1. 0. 0. 1. 1. 0. 1. 1. 1. 1. 1. 0. 1. 1. 0. 1. 1.
  0. 1. 1. 1. 0. 0. 1. 1. 1. 0. 0. 1. 1. 1. 1. 1. 0. 1. 1. 1. 0. 1. 1. 1.
  1. 1. 1. 1.]
 [0. 1. 1. 1. 1. 1. 1. 1. 1. 1. 0. 0. 0. 1. 1. 0. 0. 1. 1. 1. 1. 1. 1. 1.
  1. 1. 0. 1. 1. 1. 0. 1. 1. 1. 1. 1. 1. 1. 1. 1. 1. 1. 1. 1. 1. 1. 0. 1.
  1. 0. 1. 1. 1. 1. 0. 1. 1. 1. 1. 1. 1. 1. 0. 1. 0. 1. 0. 1. 1. 1. 1. 0.
  1. 0. 0. 1. 1. 1. 0. 0. 1. 0. 1. 0. 1. 1. 1. 1. 1. 1. 0. 1. 0. 1. 1. 1.
  1. 1. 1. 1.]
 [0. 1. 1. 1. 0. 1. 1. 1. 1. 1. 1. 1. 1. 0. 1. 0. 1. 0. 1. 1. 1. 1. 1. 1.
  1. 0. 0. 0. 0. 1. 1. 1. 1. 0. 1. 1. 1. 0. 1. 1. 0. 1. 1. 1. 0. 1. 1. 1.
  1. 1. 1. 1. 0. 0. 0. 1. 0. 0. 1. 0. 1. 1. 1. 0. 1. 0. 1. 1. 1. 1. 1. 1.
  1. 1. 0. 1. 1. 0. 1. 1. 0. 1. 1. 1. 1. 1. 1. 0. 1. 1. 1. 0. 1. 1. 1. 1.
  0. 1. 1. 0.]
 [0. 1. 1. 0. 1. 1. 1. 1. 1. 1. 1. 1. 1. 1. 0. 1. 1. 1. 1. 1. 0. 1. 0. 1.
  0. 0. 1. 1. 1. 1. 1. 1. 1. 1. 0. 1. 1. 1. 1. 1. 0. 1. 0. 1. 1. 1. 1. 1.
  1. 1. 1. 0. 0. 1. 1. 0. 0. 0. 1. 1. 0. 1. 1. 1. 0. 1. 1. 0. 1. 1. 0. 1.
  0. 1. 1. 1. 1. 0. 0. 1. 1. 1. 1. 1. 1. 1. 1. 1. 1. 0. 1. 1. 0. 1. 1. 0.
  1. 1. 1. 1.]
 [1. 1. 0. 1. 1. 1. 1. 1. 1. 1. 1. 0. 0. 0. 1. 0. 1. 1. 0. 1. 0. 1. 0. 1.
  1. 0. 0. 1. 1. 1. 1. 1. 0. 1. 1. 0. 1. 1. 1. 0. 1. 1. 1. 0. 1. 1. 0. 1.
  1. 1. 1. 0. 1. 0. 1. 1. 1. 1. 1. 0. 1. 1. 0. 1. 1. 1. 1. 0. 1. 1. 1. 0.
  1. 1. 1. 1. 0. 0. 1. 0. 1. 1. 0. 1. 1. 0. 0. 1. 1. 1. 1. 1. 0. 1. 1. 1.
  0. 1. 1. 1.]
 [1. 1. 0. 0. 1. 1. 0. 0. 1. 0. 1. 0. 0. 1. 1. 1. 0. 0. 1. 1. 0. 1. 1. 1.
  1. 1. 1. 1. 1. 1. 0. 1. 1. 1. 1. 1. 0. 1. 0. 1. 0. 1. 0. 1. 1. 0. 1. 1.
  0. 1. 1. 1. 1. 1. 1. 1. 1. 0. 1. 1. 1. 1. 0. 1. 1. 1. 1. 1. 1. 1. 1. 1.
  1. 1. 1. 1. 1. 1. 1. 1. 0. 1. 1. 1. 1. 1. 1. 0. 0. 1. 1. 1. 1. 1. 0. 1.
  1. 1. 1. 1.]
 [1. 1. 1. 1. 1. 1. 1. 0. 1. 0. 1. 1. 1. 0. 1. 1. 0. 0. 1. 1. 1. 1. 0. 1.
  1. 1. 1. 1. 1. 1. 0. 1. 1. 1. 1. 1. 1. 1. 1. 0. 1. 1. 0. 1. 0. 0. 1. 1.
  1. 1. 1. 1. 1. 0. 1. 1. 1. 1. 0. 1. 0. 1. 1. 1. 1. 1. 1. 1. 1. 0. 0. 1.
  1. 0. 1. 0. 1. 1. 1. 0. 1. 1. 1. 1. 1. 1. 0. 1. 1. 1. 1. 0. 1. 1. 1. 1.
  1. 1. 1. 1.]
 [1. 1. 1. 1. 0. 1. 1. 1. 1. 1. 1. 1. 1. 1. 1. 0. 1. 1. 0. 1. 1. 0. 1. 1.
  0. 1. 0. 0. 0. 1. 0. 1. 1. 1. 1. 0. 1. 0. 1. 1. 0. 1. 1. 1. 1. 1. 1. 0.
  1. 0. 1. 0. 0. 1. 1. 1. 0. 1. 1. 1. 1. 1. 1. 1. 0. 1. 1. 1. 1. 1. 1. 1.
  1. 1. 1. 1. 1. 1. 1. 1. 1. 1. 1. 1. 0. 0. 0. 1. 1. 1. 1. 1. 1. 1. 1. 1.
  1. 0. 1. 1.]
 [0. 1. 1. 1. 1. 1. 1. 0. 1. 1. 1. 1. 1. 1. 1. 1. 1. 1. 1. 0. 0. 1. 1. 1.
  1. 1. 0. 0. 1. 1. 0. 1. 1. 1. 1. 0. 1. 1. 1. 1. 1. 1. 1. 1. 1. 0. 1. 1.
  1. 1. 1. 1. 1. 1. 0. 1. 1. 1. 1. 1. 1. 0. 1. 1. 1. 1. 1. 1. 1. 1. 1. 0.
  1. 1. 1. 1. 1. 1. 0. 1. 1. 1. 1. 0. 1. 1. 1. 1. 1. 0. 1. 0. 0. 0. 1. 1.
  1. 1. 1. 0.]
 [1. 1. 1. 1. 1. 1. 1. 1. 1. 1. 1. 1. 1. 1. 0. 0. 0. 1. 1. 0. 0. 0. 0. 0.
  0. 0. 0. 0. 0. 0. 0. 0. 0. 0. 0. 0. 0. 0. 0. 0. 0. 0. 0. 0. 0. 0. 0. 0.
  0. 0. 0. 0. 0. 0. 0. 0. 0. 0. 0. 0. 0. 0. 0. 0. 0. 0. 0. 0. 0. 0. 0. 0.
  0. 0. 0. 0. 0. 0. 0. 0. 0. 0. 0. 0. 0. 0. 0. 0. 0. 0. 0. 0. 0. 0. 0. 0.
  0. 0. 0. 0.]
 [1. 1. 1. 1. 1. 1. 1. 1. 1. 1. 0. 1. 1. 1. 1. 1. 1. 1. 0. 1. 0. 0. 0. 0.
  0. 0. 0. 0. 0. 0. 0. 0. 0. 0. 0. 0. 0. 0. 0. 0. 0. 0. 0. 0. 0. 0. 0. 0.
  0. 0. 0. 0. 0. 0. 0. 0. 0. 0. 0. 0. 0. 0. 0. 0. 0. 0. 0. 0. 0. 0. 0. 0.
  0. 0. 0. 0. 0. 0. 0. 0. 0. 0. 0. 0. 0. 0. 0. 0. 0. 0. 0. 0. 0. 0. 0. 0.
  0. 0. 0. 0.]
 [1. 1. 1. 0. 1. 1. 1. 1. 1. 1. 1. 1. 1. 1. 0. 0. 1. 0. 1. 1. 0. 0. 0. 0.
  0. 0. 0. 0. 0. 0. 0. 0. 0. 0. 0. 0. 0. 0. 0. 0. 0. 0. 0. 0. 0. 0. 0. 0.
  0. 0. 0. 0. 0. 0. 0. 0. 0. 0. 0. 0. 0. 0. 0. 0. 0. 0. 0. 0. 0. 0. 0. 0.
  0. 0. 0. 0. 0. 0. 0. 0. 0. 0. 0. 0. 0. 0. 0. 0. 0. 0. 0. 0. 0. 0. 0. 0.
  0. 0. 0. 0.]
 [1. 0. 1. 1. 1. 1. 1. 1. 1. 1. 1. 1. 1. 1. 1. 1. 1. 1. 1. 1. 0. 0. 0. 0.
  0. 0. 0. 0. 0. 0. 0. 0. 0. 0. 0. 0. 0. 0. 0. 0. 0. 0. 0. 0. 0. 0. 0. 0.
  0. 0. 0. 0. 0. 0. 0. 0. 0. 0. 0. 0. 0. 0. 0. 0. 0. 0. 0. 0. 0. 0. 0. 0.
  0. 0. 0. 0. 0. 0. 0. 0. 0. 0. 0. 0. 0. 0. 0. 0. 0. 0. 0. 0. 0. 0. 0. 0.
  0. 0. 0. 0.]
 [0. 0. 1. 1. 1. 1. 0. 1. 1. 0. 1. 1. 1. 1. 0. 1. 1. 1. 0. 1. 0. 0. 0. 0.
  0. 0. 0. 0. 0. 0. 0. 0. 0. 0. 0. 0. 0. 0. 0. 0. 0. 0. 0. 0. 0. 0. 0. 0.
  0. 0. 0. 0. 0. 0. 0. 0. 0. 0. 0. 0. 0. 0. 0. 0. 0. 0. 0. 0. 0. 0. 0. 0.
  0. 0. 0. 0. 0. 0. 0. 0. 0. 0. 0. 0. 0. 0. 0. 0. 0. 0. 0. 0. 0. 0. 0. 0.
  0. 0. 0. 0.]
 [1. 1. 1. 1. 1. 1. 1. 0. 1. 1. 1. 0. 1. 0. 0. 0. 1. 1. 1. 1. 0. 0. 0. 0.
  0. 0. 0. 0. 0. 0. 0. 0. 0. 0. 0. 0. 0. 0. 0. 0. 0. 0. 0. 0. 0. 0. 0. 0.
  0. 0. 0. 0. 0. 0. 0. 0. 0. 0. 0. 0. 0. 0. 0. 0. 0. 0. 0. 0. 0. 0. 0. 0.
  0. 0. 0. 0. 0. 0. 0. 0. 0. 0. 0. 0. 0. 0. 0. 0. 0. 0. 0. 0. 0. 0. 0. 0.
  0. 0. 0. 0.]
 [0. 1. 1. 1. 1. 1. 0. 1. 1. 1. 1. 1. 0. 0. 1. 0. 1. 1. 0. 0. 0. 0. 0. 0.
  0. 0. 0. 0. 0. 0. 0. 0. 0. 0. 0. 0. 0. 0. 0. 0. 0. 0. 0. 0. 0. 0. 0. 0.
  0. 0. 0. 0. 0. 0. 0. 0. 0. 0. 0. 0. 0. 0. 0. 0. 0. 0. 0. 0. 0. 0. 0. 0.
  0. 0. 0. 0. 0. 0. 0. 0. 0. 0. 0. 0. 0. 0. 0. 0. 0. 0. 0. 0. 0. 0. 0. 0.
  0. 0. 0. 0.]
 [1. 1. 1. 1. 1. 1. 1. 0. 1. 1. 0. 0. 1. 0. 1. 1. 1. 1. 0. 0. 0. 0. 0. 0.
  0. 0. 0. 0. 0. 0. 0. 0. 0. 0. 0. 0. 0. 0. 0. 0. 0. 0. 0. 0. 0. 0. 0. 0.
  0. 0. 0. 0. 0. 0. 0. 0. 0. 0. 0. 0. 0. 0. 0. 0. 0. 0. 0. 0. 0. 0. 0. 0.
  0. 0. 0. 0. 0. 0. 0. 0. 0. 0. 0. 0. 0. 0. 0. 0. 0. 0. 0. 0. 0. 0. 0. 0.
  0. 0. 0. 0.]
 [0. 1. 1. 1. 1. 1. 0. 1. 1. 0. 1. 1. 1. 0. 1. 1. 1. 1. 0. 1. 0. 0. 0. 0.
  0. 0. 0. 0. 0. 0. 0. 0. 0. 0. 0. 0. 0. 0. 0. 0. 0. 0. 0. 0. 0. 0. 0. 0.
  0. 0. 0. 0. 0. 0. 0. 0. 0. 0. 0. 0. 0. 0. 0. 0. 0. 0. 0. 0. 0. 0. 0. 0.
  0. 0. 0. 0. 0. 0. 0. 0. 0. 0. 0. 0. 0. 0. 0. 0. 0. 0. 0. 0. 0. 0. 0. 0.
  0. 0. 0. 0.]
 [1. 1. 1. 0. 1. 0. 1. 0. 0. 1. 1. 0. 1. 1. 1. 1. 1. 1. 1. 1. 0. 0. 0. 0.
  0. 0. 0. 0. 0. 0. 0. 0. 0. 0. 0. 0. 0. 0. 0. 0. 0. 0. 0. 0. 0. 0. 0. 0.
  0. 0. 0. 0. 0. 0. 0. 0. 0. 0. 0. 0. 0. 0. 0. 0. 0. 0. 0. 0. 0. 0. 0. 0.
  0. 0. 0. 0. 0. 0. 0. 0. 0. 0. 0. 0. 0. 0. 0. 0. 0. 0. 0. 0. 0. 0. 0. 0.
  0. 0. 0. 0.]
 [0. 1. 1. 1. 0. 1. 1. 0. 1. 1. 1. 1. 0. 1. 1. 1. 0. 0. 0. 0. 0. 0. 0. 0.
  0. 0. 0. 0. 0. 0. 0. 0. 0. 0. 0. 0. 0. 0. 0. 0. 0. 0. 0. 0. 0. 0. 0. 0.
  0. 0. 0. 0. 0. 0. 0. 0. 0. 0. 0. 0. 0. 0. 0. 0. 0. 0. 0. 0. 0. 0. 0. 0.
  0. 0. 0. 0. 0. 0. 0. 0. 0. 0. 0. 0. 0. 0. 0. 0. 0. 0. 0. 0. 0. 0. 0. 0.
  0. 0. 0. 0.]
 [1. 1. 1. 1. 1. 1. 1. 1. 1. 1. 0. 0. 1. 1. 1. 1. 1. 1. 1. 1. 0. 0. 0. 0.
  0. 0. 0. 0. 0. 0. 0. 0. 0. 0. 0. 0. 0. 0. 0. 0. 0. 0. 0. 0. 0. 0. 0. 0.
  0. 0. 0. 0. 0. 0. 0. 0. 0. 0. 0. 0. 0. 0. 0. 0. 0. 0. 0. 0. 0. 0. 0. 0.
  0. 0. 0. 0. 0. 0. 0. 0. 0. 0. 0. 0. 0. 0. 0. 0. 0. 0. 0. 0. 0. 0. 0. 0.
  0. 0. 0. 0.]
 [0. 1. 1. 1. 1. 1. 0. 1. 1. 0. 1. 1. 1. 1. 1. 0. 1. 1. 1. 1. 0. 0. 0. 0.
  0. 0. 0. 0. 0. 0. 0. 0. 0. 0. 0. 0. 0. 0. 0. 0. 0. 0. 0. 0. 0. 0. 0. 0.
  0. 0. 0. 0. 0. 0. 0. 0. 0. 0. 0. 0. 0. 0. 0. 0. 0. 0. 0. 0. 0. 0. 0. 0.
  0. 0. 0. 0. 0. 0. 0. 0. 0. 0. 0. 0. 0. 0. 0. 0. 0. 0. 0. 0. 0. 0. 0. 0.
  0. 0. 0. 0.]
 [1. 1. 1. 0. 1. 1. 1. 1. 0. 1. 0. 1. 1. 0. 1. 1. 1. 1. 1. 1. 0. 0. 0. 0.
  0. 0. 0. 0. 0. 0. 0. 0. 0. 0. 0. 0. 0. 0. 0. 0. 0. 0. 0. 0. 0. 0. 0. 0.
  0. 0. 0. 0. 0. 0. 0. 0. 0. 0. 0. 0. 0. 0. 0. 0. 0. 0. 0. 0. 0. 0. 0. 0.
  0. 0. 0. 0. 0. 0. 0. 0. 0. 0. 0. 0. 0. 0. 0. 0. 0. 0. 0. 0. 0. 0. 0. 0.
  0. 0. 0. 0.]
 [1. 1. 0. 1. 1. 1. 1. 0. 0. 0. 1. 1. 1. 1. 0. 1. 1. 1. 1. 1. 0. 0. 0. 0.
  0. 0. 0. 0. 0. 0. 0. 0. 0. 0. 0. 0. 0. 0. 0. 0. 0. 0. 0. 0. 0. 0. 0. 0.
  0. 0. 0. 0. 0. 0. 0. 0. 0. 0. 0. 0. 0. 0. 0. 0. 0. 0. 0. 0. 0. 0. 0. 0.
  0. 0. 0. 0. 0. 0. 0. 0. 0. 0. 0. 0. 0. 0. 0. 0. 0. 0. 0. 0. 0. 0. 0. 0.
  0. 0. 0. 0.]
 [0. 1. 1. 1. 0. 1. 1. 0. 1. 1. 1. 1. 1. 1. 1. 0. 1. 1. 0. 0. 0. 0. 0. 0.
  0. 0. 0. 0. 0. 0. 0. 0. 0. 0. 0. 0. 0. 0. 0. 0. 0. 0. 0. 0. 0. 0. 0. 0.
  0. 0. 0. 0. 0. 0. 0. 0. 0. 0. 0. 0. 0. 0. 0. 0. 0. 0. 0. 0. 0. 0. 0. 0.
  0. 0. 0. 0. 0. 0. 0. 0. 0. 0. 0. 0. 0. 0. 0. 0. 0. 0. 0. 0. 0. 0. 0. 0.
  0. 0. 0. 0.]
 [0. 1. 1. 1. 1. 1. 1. 1. 1. 1. 1. 1. 1. 1. 1. 1. 0. 1. 1. 1. 0. 0. 0. 0.
  0. 0. 0. 0. 0. 0. 0. 0. 0. 0. 0. 0. 0. 0. 0. 0. 0. 0. 0. 0. 0. 0. 0. 0.
  0. 0. 0. 0. 0. 0. 0. 0. 0. 0. 0. 0. 0. 0. 0. 0. 0. 0. 0. 0. 0. 0. 0. 0.
  0. 0. 0. 0. 0. 0. 0. 0. 0. 0. 0. 0. 0. 0. 0. 0. 0. 0. 0. 0. 0. 0. 0. 0.
  0. 0. 0. 0.]
 [1. 1. 1. 1. 1. 0. 1. 0. 0. 1. 1. 1. 1. 0. 1. 1. 1. 1. 0. 1. 0. 0. 0. 0.
  0. 0. 0. 0. 0. 0. 0. 0. 0. 0. 0. 0. 0. 0. 0. 0. 0. 0. 0. 0. 0. 0. 0. 0.
  0. 0. 0. 0. 0. 0. 0. 0. 0. 0. 0. 0. 0. 0. 0. 0. 0. 0. 0. 0. 0. 0. 0. 0.
  0. 0. 0. 0. 0. 0. 0. 0. 0. 0. 0. 0. 0. 0. 0. 0. 0. 0. 0. 0. 0. 0. 0. 0.
  0. 0. 0. 0.]
 [1. 1. 0. 1. 1. 1. 1. 0. 0. 1. 1. 1. 1. 1. 1. 1. 0. 1. 1. 1. 0. 0. 0. 0.
  0. 0. 0. 0. 0. 0. 0. 0. 0. 0. 0. 0. 0. 0. 0. 0. 0. 0. 0. 0. 0. 0. 0. 0.
  0. 0. 0. 0. 0. 0. 0. 0. 0. 0. 0. 0. 0. 0. 0. 0. 0. 0. 0. 0. 0. 0. 0. 0.
  0. 0. 0. 0. 0. 0. 0. 0. 0. 0. 0. 0. 0. 0. 0. 0. 0. 0. 0. 0. 0. 0. 0. 0.
  0. 0. 0. 0.]
 [0. 0. 1. 1. 1. 1. 1. 1. 1. 0. 1. 1. 1. 1. 1. 0. 1. 0. 1. 1. 0. 0. 0. 0.
  0. 0. 0. 0. 0. 0. 0. 0. 0. 0. 0. 0. 0. 0. 0. 0. 0. 0. 0. 0. 0. 0. 0. 0.
  0. 0. 0. 0. 0. 0. 0. 0. 0. 0. 0. 0. 0. 0. 0. 0. 0. 0. 0. 0. 0. 0. 0. 0.
  0. 0. 0. 0. 0. 0. 0. 0. 0. 0. 0. 0. 0. 0. 0. 0. 0. 0. 0. 0. 0. 0. 0. 0.
  0. 0. 0. 0.]
 [1. 1. 1. 1. 0. 1. 0. 1. 0. 1. 1. 0. 1. 0. 0. 1. 0. 1. 0. 1. 0. 0. 0. 0.
  0. 0. 0. 0. 0. 0. 0. 0. 0. 0. 0. 0. 0. 0. 0. 0. 0. 0. 0. 0. 0. 0. 0. 0.
  0. 0. 0. 0. 0. 0. 0. 0. 0. 0. 0. 0. 0. 0. 0. 0. 0. 0. 0. 0. 0. 0. 0. 0.
  0. 0. 0. 0. 0. 0. 0. 0. 0. 0. 0. 0. 0. 0. 0. 0. 0. 0. 0. 0. 0. 0. 0. 0.
  0. 0. 0. 0.]
 [1. 1. 1. 1. 1. 0. 1. 1. 1. 1. 1. 1. 1. 1. 1. 1. 1. 1. 1. 1. 0. 0. 0. 0.
  0. 0. 0. 0. 0. 0. 0. 0. 0. 0. 0. 0. 0. 0. 0. 0. 0. 0. 0. 0. 0. 0. 0. 0.
  0. 0. 0. 0. 0. 0. 0. 0. 0. 0. 0. 0. 0. 0. 0. 0. 0. 0. 0. 0. 0. 0. 0. 0.
  0. 0. 0. 0. 0. 0. 0. 0. 0. 0. 0. 0. 0. 0. 0. 0. 0. 0. 0. 0. 0. 0. 0. 0.
  0. 0. 0. 0.]
 [1. 1. 1. 0. 1. 1. 1. 1. 1. 0. 1. 0. 1. 1. 0. 1. 0. 0. 1. 1. 0. 0. 0. 0.
  0. 0. 0. 0. 0. 0. 0. 0. 0. 0. 0. 0. 0. 0. 0. 0. 0. 0. 0. 0. 0. 0. 0. 0.
  0. 0. 0. 0. 0. 0. 0. 0. 0. 0. 0. 0. 0. 0. 0. 0. 0. 0. 0. 0. 0. 0. 0. 0.
  0. 0. 0. 0. 0. 0. 0. 0. 0. 0. 0. 0. 0. 0. 0. 0. 0. 0. 0. 0. 0. 0. 0. 0.
  0. 0. 0. 0.]
 [1. 1. 0. 1. 1. 1. 1. 1. 1. 1. 1. 1. 1. 1. 1. 0. 1. 1. 1. 1. 0. 0. 0. 0.
  0. 0. 0. 0. 0. 0. 0. 0. 0. 0. 0. 0. 0. 0. 0. 0. 0. 0. 0. 0. 0. 0. 0. 0.
  0. 0. 0. 0. 0. 0. 0. 0. 0. 0. 0. 0. 0. 0. 0. 0. 0. 0. 0. 0. 0. 0. 0. 0.
  0. 0. 0. 0. 0. 0. 0. 0. 0. 0. 0. 0. 0. 0. 0. 0. 0. 0. 0. 0. 0. 0. 0. 0.
  0. 0. 0. 0.]
 [0. 1. 1. 1. 1. 0. 1. 1. 1. 1. 1. 1. 1. 0. 1. 1. 1. 0. 1. 1. 0. 0. 0. 0.
  0. 0. 0. 0. 0. 0. 0. 0. 0. 0. 0. 0. 0. 0. 0. 0. 0. 0. 0. 0. 0. 0. 0. 0.
  0. 0. 0. 0. 0. 0. 0. 0. 0. 0. 0. 0. 0. 0. 0. 0. 0. 0. 0. 0. 0. 0. 0. 0.
  0. 0. 0. 0. 0. 0. 0. 0. 0. 0. 0. 0. 0. 0. 0. 0. 0. 0. 0. 0. 0. 0. 0. 0.
  0. 0. 0. 0.]
 [1. 1. 1. 1. 0. 1. 1. 1. 0. 1. 1. 1. 1. 1. 1. 1. 0. 0. 1. 0. 0. 0. 0. 0.
  0. 0. 0. 0. 0. 0. 0. 0. 0. 0. 0. 0. 0. 0. 0. 0. 0. 0. 0. 0. 0. 0. 0. 0.
  0. 0. 0. 0. 0. 0. 0. 0. 0. 0. 0. 0. 0. 0. 0. 0. 0. 0. 0. 0. 0. 0. 0. 0.
  0. 0. 0. 0. 0. 0. 0. 0. 0. 0. 0. 0. 0. 0. 0. 0. 0. 0. 0. 0. 0. 0. 0. 0.
  0. 0. 0. 0.]
 [1. 0. 1. 1. 1. 1. 1. 0. 1. 1. 1. 1. 0. 1. 1. 0. 1. 1. 1. 1. 0. 0. 0. 0.
  0. 0. 0. 0. 0. 0. 0. 0. 0. 0. 0. 0. 0. 0. 0. 0. 0. 0. 0. 0. 0. 0. 0. 0.
  0. 0. 0. 0. 0. 0. 0. 0. 0. 0. 0. 0. 0. 0. 0. 0. 0. 0. 0. 0. 0. 0. 0. 0.
  0. 0. 0. 0. 0. 0. 0. 0. 0. 0. 0. 0. 0. 0. 0. 0. 0. 0. 0. 0. 0. 0. 0. 0.
  0. 0. 0. 0.]
 [0. 0. 1. 1. 1. 1. 0. 0. 1. 0. 1. 1. 1. 1. 1. 1. 1. 1. 0. 1. 0. 0. 0. 0.
  0. 0. 0. 0. 0. 0. 0. 0. 0. 0. 0. 0. 0. 0. 0. 0. 0. 0. 0. 0. 0. 0. 0. 0.
  0. 0. 0. 0. 0. 0. 0. 0. 0. 0. 0. 0. 0. 0. 0. 0. 0. 0. 0. 0. 0. 0. 0. 0.
  0. 0. 0. 0. 0. 0. 0. 0. 0. 0. 0. 0. 0. 0. 0. 0. 0. 0. 0. 0. 0. 0. 0. 0.
  0. 0. 0. 0.]
 [1. 1. 1. 1. 1. 0. 1. 1. 1. 0. 1. 1. 1. 1. 1. 1. 0. 1. 1. 1. 0. 0. 0. 0.
  0. 0. 0. 0. 0. 0. 0. 0. 0. 0. 0. 0. 0. 0. 0. 0. 0. 0. 0. 0. 0. 0. 0. 0.
  0. 0. 0. 0. 0. 0. 0. 0. 0. 0. 0. 0. 0. 0. 0. 0. 0. 0. 0. 0. 0. 0. 0. 0.
  0. 0. 0. 0. 0. 0. 0. 0. 0. 0. 0. 0. 0. 0. 0. 0. 0. 0. 0. 0. 0. 0. 0. 0.
  0. 0. 0. 0.]
 [0. 1. 1. 1. 1. 1. 1. 1. 1. 1. 0. 1. 0. 1. 1. 1. 1. 1. 0. 1. 0. 0. 0. 0.
  0. 0. 0. 0. 0. 0. 0. 0. 0. 0. 0. 0. 0. 0. 0. 0. 0. 0. 0. 0. 0. 0. 0. 0.
  0. 0. 0. 0. 0. 0. 0. 0. 0. 0. 0. 0. 0. 0. 0. 0. 0. 0. 0. 0. 0. 0. 0. 0.
  0. 0. 0. 0. 0. 0. 0. 0. 0. 0. 0. 0. 0. 0. 0. 0. 0. 0. 0. 0. 0. 0. 0. 0.
  0. 0. 0. 0.]
 [1. 0. 1. 0. 1. 1. 1. 1. 1. 1. 1. 1. 1. 1. 1. 1. 1. 1. 1. 1. 0. 0. 0. 0.
  0. 0. 0. 0. 0. 0. 0. 0. 0. 0. 0. 0. 0. 0. 0. 0. 0. 0. 0. 0. 0. 0. 0. 0.
  0. 0. 0. 0. 0. 0. 0. 0. 0. 0. 0. 0. 0. 0. 0. 0. 0. 0. 0. 0. 0. 0. 0. 0.
  0. 0. 0. 0. 0. 0. 0. 0. 0. 0. 0. 0. 0. 0. 0. 0. 0. 0. 0. 0. 0. 0. 0. 0.
  0. 0. 0. 0.]
 [1. 0. 1. 1. 1. 1. 1. 1. 1. 1. 1. 0. 1. 1. 0. 0. 1. 1. 0. 1. 0. 0. 0. 0.
  0. 0. 0. 0. 0. 0. 0. 0. 0. 0. 0. 0. 0. 0. 0. 0. 0. 0. 0. 0. 0. 0. 0. 0.
  0. 0. 0. 0. 0. 0. 0. 0. 0. 0. 0. 0. 0. 0. 0. 0. 0. 0. 0. 0. 0. 0. 0. 0.
  0. 0. 0. 0. 0. 0. 0. 0. 0. 0. 0. 0. 0. 0. 0. 0. 0. 0. 0. 0. 0. 0. 0. 0.
  0. 0. 0. 0.]
 [1. 1. 0. 0. 1. 0. 1. 1. 1. 1. 1. 1. 1. 0. 0. 1. 1. 1. 0. 1. 0. 0. 0. 0.
  0. 0. 0. 0. 0. 0. 0. 0. 0. 0. 0. 0. 0. 0. 0. 0. 0. 0. 0. 0. 0. 0. 0. 0.
  0. 0. 0. 0. 0. 0. 0. 0. 0. 0. 0. 0. 0. 0. 0. 0. 0. 0. 0. 0. 0. 0. 0. 0.
  0. 0. 0. 0. 0. 0. 0. 0. 0. 0. 0. 0. 0. 0. 0. 0. 0. 0. 0. 0. 0. 0. 0. 0.
  0. 0. 0. 0.]
 [1. 1. 1. 0. 1. 1. 1. 0. 1. 1. 0. 1. 1. 0. 1. 0. 1. 0. 1. 1. 0. 0. 0. 0.
  0. 0. 0. 0. 0. 0. 0. 0. 0. 0. 0. 0. 0. 0. 0. 0. 0. 0. 0. 0. 0. 0. 0. 0.
  0. 0. 0. 0. 0. 0. 0. 0. 0. 0. 0. 0. 0. 0. 0. 0. 0. 0. 0. 0. 0. 0. 0. 0.
  0. 0. 0. 0. 0. 0. 0. 0. 0. 0. 0. 0. 0. 0. 0. 0. 0. 0. 0. 0. 0. 0. 0. 0.
  0. 0. 0. 0.]
 [0. 1. 1. 1. 1. 1. 1. 1. 1. 1. 1. 0. 0. 0. 1. 1. 1. 1. 1. 0. 0. 0. 0. 0.
  0. 0. 0. 0. 0. 0. 0. 0. 0. 0. 0. 0. 0. 0. 0. 0. 0. 0. 0. 0. 0. 0. 0. 0.
  0. 0. 0. 0. 0. 0. 0. 0. 0. 0. 0. 0. 0. 0. 0. 0. 0. 0. 0. 0. 0. 0. 0. 0.
  0. 0. 0. 0. 0. 0. 0. 0. 0. 0. 0. 0. 0. 0. 0. 0. 0. 0. 0. 0. 0. 0. 0. 0.
  0. 0. 0. 0.]
 [1. 1. 1. 1. 1. 1. 1. 0. 1. 1. 1. 1. 1. 1. 0. 1. 1. 1. 1. 1. 0. 0. 0. 0.
  0. 0. 0. 0. 0. 0. 0. 0. 0. 0. 0. 0. 0. 0. 0. 0. 0. 0. 0. 0. 0. 0. 0. 0.
  0. 0. 0. 0. 0. 0. 0. 0. 0. 0. 0. 0. 0. 0. 0. 0. 0. 0. 0. 0. 0. 0. 0. 0.
  0. 0. 0. 0. 0. 0. 0. 0. 0. 0. 0. 0. 0. 0. 0. 0. 0. 0. 0. 0. 0. 0. 0. 0.
  0. 0. 0. 0.]
 [1. 1. 1. 1. 0. 0. 1. 1. 0. 1. 1. 0. 1. 0. 0. 1. 1. 1. 0. 1. 0. 0. 0. 0.
  0. 0. 0. 0. 0. 0. 0. 0. 0. 0. 0. 0. 0. 0. 0. 0. 0. 0. 0. 0. 0. 0. 0. 0.
  0. 0. 0. 0. 0. 0. 0. 0. 0. 0. 0. 0. 0. 0. 0. 0. 0. 0. 0. 0. 0. 0. 0. 0.
  0. 0. 0. 0. 0. 0. 0. 0. 0. 0. 0. 0. 0. 0. 0. 0. 0. 0. 0. 0. 0. 0. 0. 0.
  0. 0. 0. 0.]
 [1. 1. 1. 1. 1. 1. 0. 1. 1. 1. 1. 0. 1. 0. 0. 1. 0. 1. 1. 1. 0. 0. 0. 0.
  0. 0. 0. 0. 0. 0. 0. 0. 0. 0. 0. 0. 0. 0. 0. 0. 0. 0. 0. 0. 0. 0. 0. 0.
  0. 0. 0. 0. 0. 0. 0. 0. 0. 0. 0. 0. 0. 0. 0. 0. 0. 0. 0. 0. 0. 0. 0. 0.
  0. 0. 0. 0. 0. 0. 0. 0. 0. 0. 0. 0. 0. 0. 0. 0. 0. 0. 0. 0. 0. 0. 0. 0.
  0. 0. 0. 0.]
 [1. 1. 1. 1. 1. 1. 1. 1. 1. 1. 0. 1. 1. 1. 1. 1. 1. 0. 1. 1. 0. 0. 0. 0.
  0. 0. 0. 0. 0. 0. 0. 0. 0. 0. 0. 0. 0. 0. 0. 0. 0. 0. 0. 0. 0. 0. 0. 0.
  0. 0. 0. 0. 0. 0. 0. 0. 0. 0. 0. 0. 0. 0. 0. 0. 0. 0. 0. 0. 0. 0. 0. 0.
  0. 0. 0. 0. 0. 0. 0. 0. 0. 0. 0. 0. 0. 0. 0. 0. 0. 0. 0. 0. 0. 0. 0. 0.
  0. 0. 0. 0.]
 [1. 1. 1. 1. 1. 1. 1. 1. 0. 1. 1. 1. 1. 0. 1. 0. 1. 1. 1. 1. 0. 0. 0. 0.
  0. 0. 0. 0. 0. 0. 0. 0. 0. 0. 0. 0. 0. 0. 0. 0. 0. 0. 0. 0. 0. 0. 0. 0.
  0. 0. 0. 0. 0. 0. 0. 0. 0. 0. 0. 0. 0. 0. 0. 0. 0. 0. 0. 0. 0. 0. 0. 0.
  0. 0. 0. 0. 0. 0. 0. 0. 0. 0. 0. 0. 0. 0. 0. 0. 0. 0. 0. 0. 0. 0. 0. 0.
  0. 0. 0. 0.]
 [0. 1. 0. 1. 1. 1. 1. 1. 1. 0. 0. 0. 1. 1. 0. 1. 1. 0. 1. 1. 0. 0. 0. 0.
  0. 0. 0. 0. 0. 0. 0. 0. 0. 0. 0. 0. 0. 0. 0. 0. 0. 0. 0. 0. 0. 0. 0. 0.
  0. 0. 0. 0. 0. 0. 0. 0. 0. 0. 0. 0. 0. 0. 0. 0. 0. 0. 0. 0. 0. 0. 0. 0.
  0. 0. 0. 0. 0. 0. 0. 0. 0. 0. 0. 0. 0. 0. 0. 0. 0. 0. 0. 0. 0. 0. 0. 0.
  0. 0. 0. 0.]
 [1. 1. 1. 1. 1. 0. 1. 1. 1. 1. 1. 1. 1. 1. 1. 1. 1. 1. 1. 0. 0. 0. 0. 0.
  0. 0. 0. 0. 0. 0. 0. 0. 0. 0. 0. 0. 0. 0. 0. 0. 0. 0. 0. 0. 0. 0. 0. 0.
  0. 0. 0. 0. 0. 0. 0. 0. 0. 0. 0. 0. 0. 0. 0. 0. 0. 0. 0. 0. 0. 0. 0. 0.
  0. 0. 0. 0. 0. 0. 0. 0. 0. 0. 0. 0. 0. 0. 0. 0. 0. 0. 0. 0. 0. 0. 0. 0.
  0. 0. 0. 0.]
 [1. 1. 1. 1. 1. 1. 1. 1. 1. 1. 0. 1. 0. 1. 1. 0. 0. 1. 1. 1. 0. 0. 0. 0.
  0. 0. 0. 0. 0. 0. 0. 0. 0. 0. 0. 0. 0. 0. 0. 0. 0. 0. 0. 0. 0. 0. 0. 0.
  0. 0. 0. 0. 0. 0. 0. 0. 0. 0. 0. 0. 0. 0. 0. 0. 0. 0. 0. 0. 0. 0. 0. 0.
  0. 0. 0. 0. 0. 0. 0. 0. 0. 0. 0. 0. 0. 0. 0. 0. 0. 0. 0. 0. 0. 0. 0. 0.
  0. 0. 0. 0.]
 [0. 1. 1. 1. 1. 0. 1. 0. 0. 1. 1. 1. 1. 0. 1. 1. 1. 1. 1. 1. 0. 0. 0. 0.
  0. 0. 0. 0. 0. 0. 0. 0. 0. 0. 0. 0. 0. 0. 0. 0. 0. 0. 0. 0. 0. 0. 0. 0.
  0. 0. 0. 0. 0. 0. 0. 0. 0. 0. 0. 0. 0. 0. 0. 0. 0. 0. 0. 0. 0. 0. 0. 0.
  0. 0. 0. 0. 0. 0. 0. 0. 0. 0. 0. 0. 0. 0. 0. 0. 0. 0. 0. 0. 0. 0. 0. 0.
  0. 0. 0. 0.]
 [1. 1. 1. 1. 1. 1. 0. 1. 1. 0. 0. 1. 0. 1. 0. 1. 1. 1. 0. 1. 0. 0. 0. 0.
  0. 0. 0. 0. 0. 0. 0. 0. 0. 0. 0. 0. 0. 0. 0. 0. 0. 0. 0. 0. 0. 0. 0. 0.
  0. 0. 0. 0. 0. 0. 0. 0. 0. 0. 0. 0. 0. 0. 0. 0. 0. 0. 0. 0. 0. 0. 0. 0.
  0. 0. 0. 0. 0. 0. 0. 0. 0. 0. 0. 0. 0. 0. 0. 0. 0. 0. 0. 0. 0. 0. 0. 0.
  0. 0. 0. 0.]
 [1. 1. 1. 1. 1. 1. 0. 1. 1. 1. 0. 1. 1. 0. 1. 1. 1. 1. 1. 1. 0. 0. 0. 0.
  0. 0. 0. 0. 0. 0. 0. 0. 0. 0. 0. 0. 0. 0. 0. 0. 0. 0. 0. 0. 0. 0. 0. 0.
  0. 0. 0. 0. 0. 0. 0. 0. 0. 0. 0. 0. 0. 0. 0. 0. 0. 0. 0. 0. 0. 0. 0. 0.
  0. 0. 0. 0. 0. 0. 0. 0. 0. 0. 0. 0. 0. 0. 0. 0. 0. 0. 0. 0. 0. 0. 0. 0.
  0. 0. 0. 0.]
 [0. 1. 1. 0. 1. 1. 1. 1. 1. 1. 1. 0. 0. 1. 1. 1. 1. 1. 1. 1. 0. 0. 0. 0.
  0. 0. 0. 0. 0. 0. 0. 0. 0. 0. 0. 0. 0. 0. 0. 0. 0. 0. 0. 0. 0. 0. 0. 0.
  0. 0. 0. 0. 0. 0. 0. 0. 0. 0. 0. 0. 0. 0. 0. 0. 0. 0. 0. 0. 0. 0. 0. 0.
  0. 0. 0. 0. 0. 0. 0. 0. 0. 0. 0. 0. 0. 0. 0. 0. 0. 0. 0. 0. 0. 0. 0. 0.
  0. 0. 0. 0.]
 [0. 1. 1. 1. 0. 1. 1. 1. 1. 1. 1. 1. 1. 1. 0. 0. 1. 1. 1. 1. 0. 0. 0. 0.
  0. 0. 0. 0. 0. 0. 0. 0. 0. 0. 0. 0. 0. 0. 0. 0. 0. 0. 0. 0. 0. 0. 0. 0.
  0. 0. 0. 0. 0. 0. 0. 0. 0. 0. 0. 0. 0. 0. 0. 0. 0. 0. 0. 0. 0. 0. 0. 0.
  0. 0. 0. 0. 0. 0. 0. 0. 0. 0. 0. 0. 0. 0. 0. 0. 0. 0. 0. 0. 0. 0. 0. 0.
  0. 0. 0. 0.]
 [0. 1. 1. 1. 1. 1. 1. 1. 1. 0. 1. 1. 1. 1. 1. 1. 1. 1. 1. 1. 0. 0. 0. 0.
  0. 0. 0. 0. 0. 0. 0. 0. 0. 0. 0. 0. 0. 0. 0. 0. 0. 0. 0. 0. 0. 0. 0. 0.
  0. 0. 0. 0. 0. 0. 0. 0. 0. 0. 0. 0. 0. 0. 0. 0. 0. 0. 0. 0. 0. 0. 0. 0.
  0. 0. 0. 0. 0. 0. 0. 0. 0. 0. 0. 0. 0. 0. 0. 0. 0. 0. 0. 0. 0. 0. 0. 0.
  0. 0. 0. 0.]
 [1. 1. 1. 0. 0. 1. 0. 1. 0. 0. 1. 0. 1. 1. 1. 1. 1. 0. 1. 1. 0. 0. 0. 0.
  0. 0. 0. 0. 0. 0. 0. 0. 0. 0. 0. 0. 0. 0. 0. 0. 0. 0. 0. 0. 0. 0. 0. 0.
  0. 0. 0. 0. 0. 0. 0. 0. 0. 0. 0. 0. 0. 0. 0. 0. 0. 0. 0. 0. 0. 0. 0. 0.
  0. 0. 0. 0. 0. 0. 0. 0. 0. 0. 0. 0. 0. 0. 0. 0. 0. 0. 0. 0. 0. 0. 0. 0.
  0. 0. 0. 0.]
 [1. 1. 1. 1. 1. 1. 1. 1. 1. 0. 1. 1. 1. 1. 0. 1. 1. 0. 1. 1. 0. 0. 0. 0.
  0. 0. 0. 0. 0. 0. 0. 0. 0. 0. 0. 0. 0. 0. 0. 0. 0. 0. 0. 0. 0. 0. 0. 0.
  0. 0. 0. 0. 0. 0. 0. 0. 0. 0. 0. 0. 0. 0. 0. 0. 0. 0. 0. 0. 0. 0. 0. 0.
  0. 0. 0. 0. 0. 0. 0. 0. 0. 0. 0. 0. 0. 0. 0. 0. 0. 0. 0. 0. 0. 0. 0. 0.
  0. 0. 0. 0.]
 [1. 1. 1. 0. 1. 1. 1. 0. 1. 1. 1. 1. 0. 1. 1. 0. 1. 1. 1. 0. 0. 0. 0. 0.
  0. 0. 0. 0. 0. 0. 0. 0. 0. 0. 0. 0. 0. 0. 0. 0. 0. 0. 0. 0. 0. 0. 0. 0.
  0. 0. 0. 0. 0. 0. 0. 0. 0. 0. 0. 0. 0. 0. 0. 0. 0. 0. 0. 0. 0. 0. 0. 0.
  0. 0. 0. 0. 0. 0. 0. 0. 0. 0. 0. 0. 0. 0. 0. 0. 0. 0. 0. 0. 0. 0. 0. 0.
  0. 0. 0. 0.]
 [1. 1. 1. 1. 1. 1. 1. 1. 1. 1. 1. 0. 1. 1. 0. 1. 1. 1. 1. 1. 0. 0. 0. 0.
  0. 0. 0. 0. 0. 0. 0. 0. 0. 0. 0. 0. 0. 0. 0. 0. 0. 0. 0. 0. 0. 0. 0. 0.
  0. 0. 0. 0. 0. 0. 0. 0. 0. 0. 0. 0. 0. 0. 0. 0. 0. 0. 0. 0. 0. 0. 0. 0.
  0. 0. 0. 0. 0. 0. 0. 0. 0. 0. 0. 0. 0. 0. 0. 0. 0. 0. 0. 0. 0. 0. 0. 0.
  0. 0. 0. 0.]
 [1. 0. 1. 1. 1. 1. 0. 1. 1. 1. 1. 1. 0. 1. 1. 1. 1. 0. 1. 1. 0. 0. 0. 0.
  0. 0. 0. 0. 0. 0. 0. 0. 0. 0. 0. 0. 0. 0. 0. 0. 0. 0. 0. 0. 0. 0. 0. 0.
  0. 0. 0. 0. 0. 0. 0. 0. 0. 0. 0. 0. 0. 0. 0. 0. 0. 0. 0. 0. 0. 0. 0. 0.
  0. 0. 0. 0. 0. 0. 0. 0. 0. 0. 0. 0. 0. 0. 0. 0. 0. 0. 0. 0. 0. 0. 0. 0.
  0. 0. 0. 0.]
 [1. 1. 1. 1. 1. 1. 1. 1. 0. 0. 1. 1. 0. 0. 1. 1. 1. 1. 1. 1. 0. 0. 0. 0.
  0. 0. 0. 0. 0. 0. 0. 0. 0. 0. 0. 0. 0. 0. 0. 0. 0. 0. 0. 0. 0. 0. 0. 0.
  0. 0. 0. 0. 0. 0. 0. 0. 0. 0. 0. 0. 0. 0. 0. 0. 0. 0. 0. 0. 0. 0. 0. 0.
  0. 0. 0. 0. 0. 0. 0. 0. 0. 0. 0. 0. 0. 0. 0. 0. 0. 0. 0. 0. 0. 0. 0. 0.
  0. 0. 0. 0.]
 [1. 1. 1. 1. 1. 0. 0. 1. 1. 1. 0. 1. 1. 1. 1. 1. 1. 0. 1. 1. 0. 0. 0. 0.
  0. 0. 0. 0. 0. 0. 0. 0. 0. 0. 0. 0. 0. 0. 0. 0. 0. 0. 0. 0. 0. 0. 0. 0.
  0. 0. 0. 0. 0. 0. 0. 0. 0. 0. 0. 0. 0. 0. 0. 0. 0. 0. 0. 0. 0. 0. 0. 0.
  0. 0. 0. 0. 0. 0. 0. 0. 0. 0. 0. 0. 0. 0. 0. 0. 0. 0. 0. 0. 0. 0. 0. 0.
  0. 0. 0. 0.]
 [1. 1. 1. 1. 1. 0. 1. 1. 1. 1. 0. 0. 1. 1. 1. 0. 1. 1. 1. 1. 0. 0. 0. 0.
  0. 0. 0. 0. 0. 0. 0. 0. 0. 0. 0. 0. 0. 0. 0. 0. 0. 0. 0. 0. 0. 0. 0. 0.
  0. 0. 0. 0. 0. 0. 0. 0. 0. 0. 0. 0. 0. 0. 0. 0. 0. 0. 0. 0. 0. 0. 0. 0.
  0. 0. 0. 0. 0. 0. 0. 0. 0. 0. 0. 0. 0. 0. 0. 0. 0. 0. 0. 0. 0. 0. 0. 0.
  0. 0. 0. 0.]
 [0. 0. 1. 1. 1. 1. 1. 1. 0. 1. 1. 0. 1. 0. 0. 0. 1. 1. 1. 1. 0. 0. 0. 0.
  0. 0. 0. 0. 0. 0. 0. 0. 0. 0. 0. 0. 0. 0. 0. 0. 0. 0. 0. 0. 0. 0. 0. 0.
  0. 0. 0. 0. 0. 0. 0. 0. 0. 0. 0. 0. 0. 0. 0. 0. 0. 0. 0. 0. 0. 0. 0. 0.
  0. 0. 0. 0. 0. 0. 0. 0. 0. 0. 0. 0. 0. 0. 0. 0. 0. 0. 0. 0. 0. 0. 0. 0.
  0. 0. 0. 0.]
 [1. 1. 1. 1. 1. 1. 1. 1. 1. 1. 1. 1. 0. 1. 0. 1. 1. 1. 1. 0. 0. 0. 0. 0.
  0. 0. 0. 0. 0. 0. 0. 0. 0. 0. 0. 0. 0. 0. 0. 0. 0. 0. 0. 0. 0. 0. 0. 0.
  0. 0. 0. 0. 0. 0. 0. 0. 0. 0. 0. 0. 0. 0. 0. 0. 0. 0. 0. 0. 0. 0. 0. 0.
  0. 0. 0. 0. 0. 0. 0. 0. 0. 0. 0. 0. 0. 0. 0. 0. 0. 0. 0. 0. 0. 0. 0. 0.
  0. 0. 0. 0.]
 [1. 1. 1. 1. 1. 1. 1. 1. 1. 0. 1. 1. 0. 1. 1. 0. 1. 0. 1. 1. 0. 0. 0. 0.
  0. 0. 0. 0. 0. 0. 0. 0. 0. 0. 0. 0. 0. 0. 0. 0. 0. 0. 0. 0. 0. 0. 0. 0.
  0. 0. 0. 0. 0. 0. 0. 0. 0. 0. 0. 0. 0. 0. 0. 0. 0. 0. 0. 0. 0. 0. 0. 0.
  0. 0. 0. 0. 0. 0. 0. 0. 0. 0. 0. 0. 0. 0. 0. 0. 0. 0. 0. 0. 0. 0. 0. 0.
  0. 0. 0. 0.]
 [1. 1. 0. 1. 1. 0. 1. 0. 1. 0. 1. 1. 1. 0. 1. 1. 0. 1. 1. 1. 0. 0. 0. 0.
  0. 0. 0. 0. 0. 0. 0. 0. 0. 0. 0. 0. 0. 0. 0. 0. 0. 0. 0. 0. 0. 0. 0. 0.
  0. 0. 0. 0. 0. 0. 0. 0. 0. 0. 0. 0. 0. 0. 0. 0. 0. 0. 0. 0. 0. 0. 0. 0.
  0. 0. 0. 0. 0. 0. 0. 0. 0. 0. 0. 0. 0. 0. 0. 0. 0. 0. 0. 0. 0. 0. 0. 0.
  0. 0. 0. 0.]
 [1. 0. 0. 0. 1. 1. 1. 0. 0. 1. 1. 0. 0. 1. 1. 1. 1. 1. 1. 1. 0. 0. 0. 0.
  0. 0. 0. 0. 0. 0. 0. 0. 0. 0. 0. 0. 0. 0. 0. 0. 0. 0. 0. 0. 0. 0. 0. 0.
  0. 0. 0. 0. 0. 0. 0. 0. 0. 0. 0. 0. 0. 0. 0. 0. 0. 0. 0. 0. 0. 0. 0. 0.
  0. 0. 0. 0. 0. 0. 0. 0. 0. 0. 0. 0. 0. 0. 0. 0. 0. 0. 0. 0. 0. 0. 0. 0.
  0. 0. 0. 0.]
 [1. 1. 1. 1. 1. 1. 1. 1. 1. 1. 1. 0. 1. 1. 1. 0. 1. 1. 1. 1. 0. 0. 0. 0.
  0. 0. 0. 0. 0. 0. 0. 0. 0. 0. 0. 0. 0. 0. 0. 0. 0. 0. 0. 0. 0. 0. 0. 0.
  0. 0. 0. 0. 0. 0. 0. 0. 0. 0. 0. 0. 0. 0. 0. 0. 0. 0. 0. 0. 0. 0. 0. 0.
  0. 0. 0. 0. 0. 0. 0. 0. 0. 0. 0. 0. 0. 0. 0. 0. 0. 0. 0. 0. 0. 0. 0. 0.
  0. 0. 0. 0.]
 [1. 1. 1. 0. 0. 1. 1. 1. 1. 1. 1. 1. 0. 1. 1. 1. 1. 1. 1. 0. 0. 0. 0. 0.
  0. 0. 0. 0. 0. 0. 0. 0. 0. 0. 0. 0. 0. 0. 0. 0. 0. 0. 0. 0. 0. 0. 0. 0.
  0. 0. 0. 0. 0. 0. 0. 0. 0. 0. 0. 0. 0. 0. 0. 0. 0. 0. 0. 0. 0. 0. 0. 0.
  0. 0. 0. 0. 0. 0. 0. 0. 0. 0. 0. 0. 0. 0. 0. 0. 0. 0. 0. 0. 0. 0. 0. 0.
  0. 0. 0. 0.]
 [1. 1. 1. 1. 1. 1. 1. 1. 1. 1. 1. 1. 1. 1. 1. 1. 1. 1. 0. 1. 0. 0. 0. 0.
  0. 0. 0. 0. 0. 0. 0. 0. 0. 0. 0. 0. 0. 0. 0. 0. 0. 0. 0. 0. 0. 0. 0. 0.
  0. 0. 0. 0. 0. 0. 0. 0. 0. 0. 0. 0. 0. 0. 0. 0. 0. 0. 0. 0. 0. 0. 0. 0.
  0. 0. 0. 0. 0. 0. 0. 0. 0. 0. 0. 0. 0. 0. 0. 0. 0. 0. 0. 0. 0. 0. 0. 0.
  0. 0. 0. 0.]
 [1. 1. 1. 1. 0. 1. 1. 1. 1. 1. 1. 1. 1. 1. 1. 0. 1. 1. 0. 1. 0. 0. 0. 0.
  0. 0. 0. 0. 0. 0. 0. 0. 0. 0. 0. 0. 0. 0. 0. 0. 0. 0. 0. 0. 0. 0. 0. 0.
  0. 0. 0. 0. 0. 0. 0. 0. 0. 0. 0. 0. 0. 0. 0. 0. 0. 0. 0. 0. 0. 0. 0. 0.
  0. 0. 0. 0. 0. 0. 0. 0. 0. 0. 0. 0. 0. 0. 0. 0. 0. 0. 0. 0. 0. 0. 0. 0.
  0. 0. 0. 0.]
 [0. 1. 1. 1. 1. 1. 1. 0. 1. 0. 1. 1. 1. 1. 1. 0. 1. 0. 0. 1. 0. 0. 0. 0.
  0. 0. 0. 0. 0. 0. 0. 0. 0. 0. 0. 0. 0. 0. 0. 0. 0. 0. 0. 0. 0. 0. 0. 0.
  0. 0. 0. 0. 0. 0. 0. 0. 0. 0. 0. 0. 0. 0. 0. 0. 0. 0. 0. 0. 0. 0. 0. 0.
  0. 0. 0. 0. 0. 0. 0. 0. 0. 0. 0. 0. 0. 0. 0. 0. 0. 0. 0. 0. 0. 0. 0. 0.
  0. 0. 0. 0.]
 [1. 1. 0. 0. 1. 1. 1. 1. 1. 1. 1. 1. 1. 0. 1. 1. 0. 1. 1. 1. 0. 0. 0. 0.
  0. 0. 0. 0. 0. 0. 0. 0. 0. 0. 0. 0. 0. 0. 0. 0. 0. 0. 0. 0. 0. 0. 0. 0.
  0. 0. 0. 0. 0. 0. 0. 0. 0. 0. 0. 0. 0. 0. 0. 0. 0. 0. 0. 0. 0. 0. 0. 0.
  0. 0. 0. 0. 0. 0. 0. 0. 0. 0. 0. 0. 0. 0. 0. 0. 0. 0. 0. 0. 0. 0. 0. 0.
  0. 0. 0. 0.]
 [1. 1. 1. 1. 0. 1. 1. 1. 1. 1. 1. 0. 1. 1. 1. 1. 0. 1. 1. 1. 0. 0. 0. 0.
  0. 0. 0. 0. 0. 0. 0. 0. 0. 0. 0. 0. 0. 0. 0. 0. 0. 0. 0. 0. 0. 0. 0. 0.
  0. 0. 0. 0. 0. 0. 0. 0. 0. 0. 0. 0. 0. 0. 0. 0. 0. 0. 0. 0. 0. 0. 0. 0.
  0. 0. 0. 0. 0. 0. 0. 0. 0. 0. 0. 0. 0. 0. 0. 0. 0. 0. 0. 0. 0. 0. 0. 0.
  0. 0. 0. 0.]
 [1. 1. 1. 1. 1. 0. 1. 1. 1. 1. 1. 1. 1. 1. 0. 1. 1. 1. 1. 0. 0. 0. 0. 0.
  0. 0. 0. 0. 0. 0. 0. 0. 0. 0. 0. 0. 0. 0. 0. 0. 0. 0. 0. 0. 0. 0. 0. 0.
  0. 0. 0. 0. 0. 0. 0. 0. 0. 0. 0. 0. 0. 0. 0. 0. 0. 0. 0. 0. 0. 0. 0. 0.
  0. 0. 0. 0. 0. 0. 0. 0. 0. 0. 0. 0. 0. 0. 0. 0. 0. 0. 0. 0. 0. 0. 0. 0.
  0. 0. 0. 0.]
 [1. 1. 1. 0. 0. 1. 1. 1. 1. 0. 1. 1. 0. 1. 1. 1. 1. 1. 1. 1. 0. 0. 0. 0.
  0. 0. 0. 0. 0. 0. 0. 0. 0. 0. 0. 0. 0. 0. 0. 0. 0. 0. 0. 0. 0. 0. 0. 0.
  0. 0. 0. 0. 0. 0. 0. 0. 0. 0. 0. 0. 0. 0. 0. 0. 0. 0. 0. 0. 0. 0. 0. 0.
  0. 0. 0. 0. 0. 0. 0. 0. 0. 0. 0. 0. 0. 0. 0. 0. 0. 0. 0. 0. 0. 0. 0. 0.
  0. 0. 0. 0.]
 [1. 1. 1. 0. 1. 1. 0. 0. 1. 1. 1. 1. 1. 0. 1. 1. 1. 0. 1. 0. 0. 0. 0. 0.
  0. 0. 0. 0. 0. 0. 0. 0. 0. 0. 0. 0. 0. 0. 0. 0. 0. 0. 0. 0. 0. 0. 0. 0.
  0. 0. 0. 0. 0. 0. 0. 0. 0. 0. 0. 0. 0. 0. 0. 0. 0. 0. 0. 0. 0. 0. 0. 0.
  0. 0. 0. 0. 0. 0. 0. 0. 0. 0. 0. 0. 0. 0. 0. 0. 0. 0. 0. 0. 0. 0. 0. 0.
  0. 0. 0. 0.]
 [0. 1. 1. 1. 1. 0. 1. 1. 0. 1. 1. 0. 0. 1. 0. 0. 1. 1. 1. 0. 0. 0. 0. 0.
  0. 0. 0. 0. 0. 0. 0. 0. 0. 0. 0. 0. 0. 0. 0. 0. 0. 0. 0. 0. 0. 0. 0. 0.
  0. 0. 0. 0. 0. 0. 0. 0. 0. 0. 0. 0. 0. 0. 0. 0. 0. 0. 0. 0. 0. 0. 0. 0.
  0. 0. 0. 0. 0. 0. 0. 0. 0. 0. 0. 0. 0. 0. 0. 0. 0. 0. 0. 0. 0. 0. 0. 0.
  0. 0. 0. 0.]
 [1. 1. 1. 0. 1. 1. 1. 1. 1. 1. 1. 1. 1. 1. 1. 1. 1. 1. 1. 0. 0. 0. 0. 0.
  0. 0. 0. 0. 0. 0. 0. 0. 0. 0. 0. 0. 0. 0. 0. 0. 0. 0. 0. 0. 0. 0. 0. 0.
  0. 0. 0. 0. 0. 0. 0. 0. 0. 0. 0. 0. 0. 0. 0. 0. 0. 0. 0. 0. 0. 0. 0. 0.
  0. 0. 0. 0. 0. 0. 0. 0. 0. 0. 0. 0. 0. 0. 0. 0. 0. 0. 0. 0. 0. 0. 0. 0.
  0. 0. 0. 0.]
 [1. 0. 1. 1. 0. 1. 1. 1. 1. 1. 1. 1. 1. 1. 1. 1. 0. 1. 1. 1. 0. 0. 0. 0.
  0. 0. 0. 0. 0. 0. 0. 0. 0. 0. 0. 0. 0. 0. 0. 0. 0. 0. 0. 0. 0. 0. 0. 0.
  0. 0. 0. 0. 0. 0. 0. 0. 0. 0. 0. 0. 0. 0. 0. 0. 0. 0. 0. 0. 0. 0. 0. 0.
  0. 0. 0. 0. 0. 0. 0. 0. 0. 0. 0. 0. 0. 0. 0. 0. 0. 0. 0. 0. 0. 0. 0. 0.
  0. 0. 0. 0.]
 [1. 1. 1. 1. 1. 1. 1. 1. 1. 1. 1. 1. 1. 1. 0. 1. 1. 1. 1. 1. 0. 0. 0. 0.
  0. 0. 0. 0. 0. 0. 0. 0. 0. 0. 0. 0. 0. 0. 0. 0. 0. 0. 0. 0. 0. 0. 0. 0.
  0. 0. 0. 0. 0. 0. 0. 0. 0. 0. 0. 0. 0. 0. 0. 0. 0. 0. 0. 0. 0. 0. 0. 0.
  0. 0. 0. 0. 0. 0. 0. 0. 0. 0. 0. 0. 0. 0. 0. 0. 0. 0. 0. 0. 0. 0. 0. 0.
  0. 0. 0. 0.]
 [1. 1. 1. 0. 0. 1. 1. 1. 1. 1. 1. 1. 1. 0. 1. 0. 1. 1. 1. 1. 0. 0. 0. 0.
  0. 0. 0. 0. 0. 0. 0. 0. 0. 0. 0. 0. 0. 0. 0. 0. 0. 0. 0. 0. 0. 0. 0. 0.
  0. 0. 0. 0. 0. 0. 0. 0. 0. 0. 0. 0. 0. 0. 0. 0. 0. 0. 0. 0. 0. 0. 0. 0.
  0. 0. 0. 0. 0. 0. 0. 0. 0. 0. 0. 0. 0. 0. 0. 0. 0. 0. 0. 0. 0. 0. 0. 0.
  0. 0. 0. 0.]
 [1. 1. 1. 1. 1. 0. 1. 1. 1. 0. 1. 1. 1. 1. 1. 1. 1. 1. 0. 1. 0. 0. 0. 0.
  0. 0. 0. 0. 0. 0. 0. 0. 0. 0. 0. 0. 0. 0. 0. 0. 0. 0. 0. 0. 0. 0. 0. 0.
  0. 0. 0. 0. 0. 0. 0. 0. 0. 0. 0. 0. 0. 0. 0. 0. 0. 0. 0. 0. 0. 0. 0. 0.
  0. 0. 0. 0. 0. 0. 0. 0. 0. 0. 0. 0. 0. 0. 0. 0. 0. 0. 0. 0. 0. 0. 0. 0.
  0. 0. 0. 0.]
 [1. 1. 1. 1. 1. 1. 1. 0. 1. 1. 0. 1. 1. 1. 1. 1. 1. 1. 1. 1. 0. 0. 0. 0.
  0. 0. 0. 0. 0. 0. 0. 0. 0. 0. 0. 0. 0. 0. 0. 0. 0. 0. 0. 0. 0. 0. 0. 0.
  0. 0. 0. 0. 0. 0. 0. 0. 0. 0. 0. 0. 0. 0. 0. 0. 0. 0. 0. 0. 0. 0. 0. 0.
  0. 0. 0. 0. 0. 0. 0. 0. 0. 0. 0. 0. 0. 0. 0. 0. 0. 0. 0. 0. 0. 0. 0. 0.
  0. 0. 0. 0.]
 [0. 1. 0. 1. 1. 1. 1. 1. 1. 1. 1. 1. 1. 0. 1. 1. 1. 1. 1. 0. 0. 0. 0. 0.
  0. 0. 0. 0. 0. 0. 0. 0. 0. 0. 0. 0. 0. 0. 0. 0. 0. 0. 0. 0. 0. 0. 0. 0.
  0. 0. 0. 0. 0. 0. 0. 0. 0. 0. 0. 0. 0. 0. 0. 0. 0. 0. 0. 0. 0. 0. 0. 0.
  0. 0. 0. 0. 0. 0. 0. 0. 0. 0. 0. 0. 0. 0. 0. 0. 0. 0. 0. 0. 0. 0. 0. 0.
  0. 0. 0. 0.]]
start_times_array: [[7.2792e+04 7.2875e+04 7.2934e+04 7.2983e+04 7.3067e+04 7.3102e+04
  7.3170e+04 7.3228e+04 7.3294e+04 7.3338e+04 7.3340e+04 7.3403e+04
  7.3428e+04 7.3498e+04 7.3499e+04 7.3583e+04 7.3639e+04 7.3674e+04
  7.3720e+04 7.3801e+04]
 [7.1887e+04 7.1898e+04 7.1965e+04 7.2010e+04 7.2096e+04 7.2187e+04
  7.2247e+04 7.2308e+04 7.2314e+04 7.2409e+04 7.2427e+04 7.2434e+04
  7.2507e+04 7.2510e+04 7.2602e+04 7.2632e+04 7.2725e+04 7.2732e+04
  7.2769e+04 7.2783e+04]
 [7.1063e+04 7.1097e+04 7.1102e+04 7.1104e+04 7.1176e+04 7.1202e+04
  7.1257e+04 7.1281e+04 7.1342e+04 7.1370e+04 7.1468e+04 7.1471e+04
  7.1472e+04 7.1500e+04 7.1592e+04 7.1631e+04 7.1657e+04 7.1748e+04
  7.1789e+04 7.1795e+04]
 [6.9915e+04 6.9924e+04 7.0001e+04 7.0048e+04 7.0093e+04 7.0175e+04
  7.0195e+04 7.0281e+04 7.0369e+04 7.0387e+04 7.0470e+04 7.0492e+04
  7.0565e+04 7.0657e+04 7.0741e+04 7.0809e+04 7.0864e+04 7.0929e+04
  7.0939e+04 7.1003e+04]
 [6.7900e+04 6.8826e+04 6.8901e+04 6.8930e+04 6.9011e+04 6.9100e+04
  6.9134e+04 6.9168e+04 6.9192e+04 6.9290e+04 6.9385e+04 6.9445e+04
  6.9468e+04 6.9522e+04 6.9594e+04 6.9597e+04 6.9679e+04 6.9720e+04
  6.9769e+04 6.9866e+04]
 [6.7820e+04 6.7900e+04 6.7995e+04 6.8046e+04 6.8142e+04 6.8166e+04
  6.8181e+04 6.8271e+04 6.8344e+04 6.8443e+04 6.8511e+04 6.8607e+04
  6.8674e+04 6.8770e+04 6.8826e+04 6.8849e+04 6.8887e+04 6.9091e+04
  6.9177e+04 6.9261e+04]
 [6.6802e+04 6.6947e+04 6.7039e+04 6.7105e+04 6.7164e+04 6.7195e+04
  6.7258e+04 6.7260e+04 6.7273e+04 6.7305e+04 6.7344e+04 6.7397e+04
  6.7421e+04 6.7506e+04 6.7531e+04 6.7584e+04 6.7674e+04 6.7723e+04
  6.7765e+04 6.7819e+04]
 [6.5688e+04 6.5957e+04 6.6025e+04 6.6111e+04 6.6137e+04 6.6201e+04
  6.6231e+04 6.6309e+04 6.6380e+04 6.6475e+04 6.6492e+04 6.6584e+04
  6.6614e+04 6.6655e+04 6.6709e+04 6.6721e+04 6.6725e+04 6.6742e+04
  6.6810e+04 6.6864e+04]
 [6.4962e+04 6.4986e+04 6.5009e+04 6.5055e+04 6.5094e+04 6.5126e+04
  6.5166e+04 6.5218e+04 6.5254e+04 6.5337e+04 6.5360e+04 6.5378e+04
  6.5470e+04 6.5565e+04 6.5632e+04 6.5663e+04 6.5698e+04 6.5767e+04
  6.5813e+04 6.5864e+04]
 [6.3903e+04 6.3957e+04 6.4038e+04 6.4075e+04 6.4127e+04 6.4193e+04
  6.4195e+04 6.4291e+04 6.4386e+04 6.4430e+04 6.4521e+04 6.4604e+04
  6.4671e+04 6.4693e+04 6.4737e+04 6.4738e+04 6.4759e+04 6.4804e+04
  6.4841e+04 6.4912e+04]
 [6.2913e+04 6.2965e+04 6.2984e+04 6.2992e+04 6.3077e+04 6.3141e+04
  6.3173e+04 6.3195e+04 6.3232e+04 6.3286e+04 6.3382e+04 6.3474e+04
  6.3532e+04 6.3548e+04 6.3634e+04 6.3691e+04 6.3694e+04 6.3762e+04
  6.3856e+04 6.3873e+04]
 [6.1656e+04 6.1788e+04 6.1796e+04 6.1914e+04 6.1947e+04 6.1961e+04
  6.2060e+04 6.2144e+04 6.2222e+04 6.2351e+04 6.2427e+04 6.2488e+04
  6.2583e+04 6.2604e+04 6.2613e+04 6.2708e+04 6.2764e+04 6.2791e+04
  6.2866e+04 6.2908e+04]
 [6.1469e+04 6.1526e+04 6.1556e+04 6.1608e+04 6.1698e+04 6.1756e+04
  6.1766e+04 6.1809e+04 6.1816e+04 6.1896e+04 6.1912e+04 6.1922e+04
  6.2014e+04 6.2070e+04 6.2091e+04 6.2167e+04 6.2182e+04 6.2277e+04
  6.2287e+04 6.2476e+04]
 [6.0680e+04 6.0726e+04 6.0803e+04 6.0826e+04 6.0859e+04 6.0863e+04
  6.0929e+04 6.0934e+04 6.0986e+04 6.0988e+04 6.1022e+04 6.1046e+04
  6.1135e+04 6.1181e+04 6.1216e+04 6.1226e+04 6.1250e+04 6.1303e+04
  6.1401e+04 6.1420e+04]
 [5.9629e+04 5.9813e+04 5.9908e+04 5.9909e+04 5.9999e+04 6.0074e+04
  6.0133e+04 6.0169e+04 6.0226e+04 6.0299e+04 6.0338e+04 6.0420e+04
  6.0427e+04 6.0454e+04 6.0455e+04 6.0494e+04 6.0515e+04 6.0585e+04
  6.0599e+04 6.0611e+04]
 [5.8720e+04 5.8753e+04 5.8766e+04 5.8842e+04 5.8875e+04 5.8940e+04
  5.8964e+04 5.9014e+04 5.9053e+04 5.9094e+04 5.9164e+04 5.9211e+04
  5.9300e+04 5.9332e+04 5.9381e+04 5.9452e+04 5.9483e+04 5.9496e+04
  5.9564e+04 5.9720e+04]
 [5.7227e+04 5.7640e+04 5.7780e+04 5.7816e+04 5.7844e+04 5.7938e+04
  5.8023e+04 5.8043e+04 5.8137e+04 5.8214e+04 5.8234e+04 5.8308e+04
  5.8340e+04 5.8408e+04 5.8432e+04 5.8433e+04 5.8508e+04 5.8524e+04
  5.8603e+04 5.8685e+04]
 [5.7090e+04 5.7227e+04 5.7316e+04 5.7379e+04 5.7420e+04 5.7439e+04
  5.7507e+04 5.7594e+04 5.7600e+04 5.7651e+04 5.7652e+04 5.7700e+04
  5.7775e+04 5.7780e+04 5.7827e+04 5.7919e+04 5.8149e+04 5.8201e+04
  5.8222e+04 5.8329e+04]
 [5.6051e+04 5.6141e+04 5.6145e+04 5.6215e+04 5.6251e+04 5.6297e+04
  5.6375e+04 5.6435e+04 5.6502e+04 5.6541e+04 5.6612e+04 5.6673e+04
  5.6748e+04 5.6761e+04 5.6830e+04 5.6906e+04 5.6910e+04 5.6964e+04
  5.7061e+04 5.7168e+04]
 [5.5074e+04 5.5118e+04 5.5238e+04 5.5274e+04 5.5299e+04 5.5331e+04
  5.5408e+04 5.5480e+04 5.5519e+04 5.5600e+04 5.5658e+04 5.5707e+04
  5.5763e+04 5.5785e+04 5.5831e+04 5.5846e+04 5.5904e+04 5.5957e+04
  5.5984e+04 5.6040e+04]
 [5.4237e+04 5.4262e+04 5.4489e+04 5.4620e+04 5.4770e+04 5.4848e+04
  5.4877e+04 5.4893e+04 5.4962e+04 5.4988e+04 5.5056e+04 5.5151e+04
  5.5207e+04 5.5238e+04 5.5248e+04 5.5331e+04 5.5405e+04 5.5761e+04
  5.5769e+04 5.5793e+04]
 [5.3367e+04 5.3386e+04 5.3807e+04 5.4138e+04 5.4162e+04 5.4248e+04
  5.4264e+04 5.4328e+04 5.4367e+04 5.4387e+04 5.4444e+04 5.4459e+04
  5.4493e+04 5.4561e+04 5.4643e+04 5.4700e+04 5.4713e+04 5.4797e+04
  5.4883e+04 5.4955e+04]
 [5.3285e+04 5.3331e+04 5.3415e+04 5.3431e+04 5.3443e+04 5.3465e+04
  5.3538e+04 5.3569e+04 5.3659e+04 5.3716e+04 5.3810e+04 5.3833e+04
  5.3884e+04 5.3901e+04 5.3974e+04 5.3997e+04 5.4031e+04 5.4079e+04
  5.4195e+04 5.4227e+04]
 [5.2332e+04 5.2338e+04 5.2370e+04 5.2380e+04 5.2442e+04 5.2516e+04
  5.2598e+04 5.2649e+04 5.2700e+04 5.2751e+04 5.2822e+04 5.2850e+04
  5.2877e+04 5.2964e+04 5.2986e+04 5.3019e+04 5.3064e+04 5.3108e+04
  5.3204e+04 5.3288e+04]
 [5.1443e+04 5.1559e+04 5.1601e+04 5.1667e+04 5.1742e+04 5.1807e+04
  5.1890e+04 5.1954e+04 5.1975e+04 5.1981e+04 5.2034e+04 5.2035e+04
  5.2102e+04 5.2182e+04 5.2207e+04 5.2244e+04 5.2315e+04 5.2335e+04
  5.2383e+04 5.2426e+04]
 [5.0582e+04 5.0672e+04 5.0739e+04 5.0781e+04 5.0852e+04 5.0865e+04
  5.0963e+04 5.0987e+04 5.1064e+04 5.1133e+04 5.1223e+04 5.1303e+04
  5.1376e+04 5.1430e+04 5.1443e+04 5.1472e+04 5.1497e+04 5.1559e+04
  5.1570e+04 5.1614e+04]
 [4.9190e+04 4.9654e+04 4.9938e+04 4.9990e+04 4.9996e+04 5.0026e+04
  5.0051e+04 5.0124e+04 5.0210e+04 5.0263e+04 5.0282e+04 5.0366e+04
  5.0418e+04 5.0498e+04 5.0561e+04 5.0582e+04 5.0584e+04 5.0662e+04
  5.0691e+04 5.1133e+04]
 [4.8946e+04 4.9045e+04 4.9051e+04 4.9123e+04 4.9190e+04 4.9259e+04
  4.9309e+04 4.9311e+04 4.9364e+04 4.9395e+04 4.9456e+04 4.9537e+04
  4.9631e+04 4.9654e+04 4.9743e+04 4.9764e+04 4.9839e+04 4.9938e+04
  5.0051e+04 5.0460e+04]
 [4.8025e+04 4.8073e+04 4.8143e+04 4.8444e+04 4.8504e+04 4.8578e+04
  4.8676e+04 4.8702e+04 4.8798e+04 4.8808e+04 4.8876e+04 4.8912e+04
  4.8918e+04 4.8942e+04 4.8946e+04 4.8958e+04 4.8987e+04 4.9033e+04
  4.9112e+04 4.9281e+04]
 [4.6078e+04 4.6132e+04 4.6173e+04 4.7347e+04 4.7403e+04 4.7445e+04
  4.7884e+04 4.7979e+04 4.8025e+04 4.8068e+04 4.8069e+04 4.8118e+04
  4.8160e+04 4.8162e+04 4.8194e+04 4.8249e+04 4.8251e+04 4.8308e+04
  4.8368e+04 4.8632e+04]
 [4.6552e+04 4.6631e+04 4.6674e+04 4.7246e+04 4.7296e+04 4.7347e+04
  4.7370e+04 4.7382e+04 4.7420e+04 4.7500e+04 4.7565e+04 4.7607e+04
  4.7698e+04 4.7774e+04 4.7848e+04 4.7884e+04 4.7911e+04 4.7958e+04
  4.8002e+04 4.8012e+04]
 [4.5831e+04 4.5864e+04 4.5992e+04 4.6085e+04 4.6270e+04 4.6354e+04
  4.6437e+04 4.6491e+04 4.6582e+04 4.6669e+04 4.6706e+04 4.6777e+04
  4.6780e+04 4.6813e+04 4.6851e+04 4.6931e+04 4.7022e+04 4.7101e+04
  4.7156e+04 4.7875e+04]
 [4.5751e+04 4.5827e+04 4.5845e+04 4.5864e+04 4.5921e+04 4.5992e+04
  4.6078e+04 4.6137e+04 4.6154e+04 4.6175e+04 4.6217e+04 4.6219e+04
  4.6270e+04 4.6354e+04 4.6376e+04 4.6383e+04 4.6400e+04 4.6452e+04
  4.6536e+04 4.6552e+04]
 [4.3788e+04 4.3811e+04 4.4744e+04 4.4812e+04 4.4903e+04 4.4979e+04
  4.5071e+04 4.5110e+04 4.5122e+04 4.5137e+04 4.5179e+04 4.5184e+04
  4.5189e+04 4.5274e+04 4.5352e+04 4.5427e+04 4.5508e+04 4.5559e+04
  4.5594e+04 4.5664e+04]
 [4.3786e+04 4.3788e+04 4.3825e+04 4.3883e+04 4.3897e+04 4.3941e+04
  4.4259e+04 4.4281e+04 4.4305e+04 4.4318e+04 4.4398e+04 4.4448e+04
  4.4537e+04 4.4549e+04 4.4594e+04 4.4630e+04 4.4660e+04 4.4688e+04
  4.4744e+04 4.4802e+04]
 [4.3066e+04 4.3397e+04 4.3431e+04 4.3433e+04 4.3468e+04 4.3550e+04
  4.3610e+04 4.3686e+04 4.3689e+04 4.3778e+04 4.3786e+04 4.3883e+04
  4.3906e+04 4.3932e+04 4.3981e+04 4.4047e+04 4.4084e+04 4.4139e+04
  4.4211e+04 4.4625e+04]
 [4.1779e+04 4.2343e+04 4.3013e+04 4.3066e+04 4.3149e+04 4.3153e+04
  4.3221e+04 4.3261e+04 4.3341e+04 4.3358e+04 4.3448e+04 4.3505e+04
  4.3586e+04 4.3610e+04 4.3636e+04 4.3671e+04 4.3684e+04 4.3722e+04
  4.3781e+04 4.3827e+04]
 [3.8630e+04 4.1831e+04 4.1896e+04 4.2062e+04 4.2154e+04 4.2242e+04
  4.2260e+04 4.2395e+04 4.2482e+04 4.2524e+04 4.2581e+04 4.2668e+04
  4.2751e+04 4.2794e+04 4.2892e+04 4.2939e+04 4.3013e+04 4.3074e+04
  4.3260e+04 4.3568e+04]
 [3.8617e+04 4.1735e+04 4.1779e+04 4.1863e+04 4.1882e+04 4.1951e+04
  4.1974e+04 4.2006e+04 4.2036e+04 4.2062e+04 4.2126e+04 4.2181e+04
  4.2208e+04 4.2260e+04 4.2277e+04 4.2374e+04 4.2395e+04 4.2468e+04
  4.2513e+04 4.2544e+04]
 [4.0840e+04 4.0878e+04 4.0958e+04 4.1006e+04 4.1060e+04 4.1114e+04
  4.1152e+04 4.1191e+04 4.1240e+04 4.1269e+04 4.1367e+04 4.1453e+04
  4.1473e+04 4.1496e+04 4.1518e+04 4.1599e+04 4.1637e+04 4.1735e+04
  4.1831e+04 4.1921e+04]
 [3.9624e+04 3.9694e+04 3.9742e+04 3.9835e+04 3.9921e+04 3.9942e+04
  4.0039e+04 4.0046e+04 4.0312e+04 4.0317e+04 4.0330e+04 4.0356e+04
  4.0435e+04 4.0674e+04 4.0699e+04 4.0749e+04 4.0780e+04 4.0958e+04
  4.1041e+04 4.1511e+04]
 [3.7392e+04 3.9020e+04 3.9095e+04 3.9416e+04 3.9462e+04 3.9476e+04
  4.0179e+04 4.0249e+04 4.0312e+04 4.0350e+04 4.0413e+04 4.0458e+04
  4.0557e+04 4.0598e+04 4.0610e+04 4.0674e+04 4.0708e+04 4.0720e+04
  4.0774e+04 4.0840e+04]
 [3.8077e+04 3.8270e+04 3.8995e+04 3.9090e+04 3.9131e+04 3.9202e+04
  3.9290e+04 3.9381e+04 3.9473e+04 3.9572e+04 3.9624e+04 3.9693e+04
  3.9772e+04 3.9802e+04 3.9805e+04 3.9860e+04 3.9919e+04 4.0007e+04
  4.0035e+04 4.0106e+04]
 [3.8217e+04 3.8270e+04 3.8367e+04 3.8420e+04 3.8449e+04 3.8513e+04
  3.8532e+04 3.8547e+04 3.8626e+04 3.8725e+04 3.8764e+04 3.8836e+04
  3.8918e+04 3.8995e+04 3.9020e+04 3.9116e+04 3.9208e+04 3.9306e+04
  3.9385e+04 3.9473e+04]
 [3.7835e+04 3.7891e+04 3.7897e+04 3.7960e+04 3.8010e+04 3.8077e+04
  3.8157e+04 3.8217e+04 3.8253e+04 3.8263e+04 3.8277e+04 3.8321e+04
  3.8402e+04 3.8456e+04 3.8476e+04 3.8543e+04 3.8568e+04 3.8617e+04
  3.8695e+04 3.9113e+04]
 [3.6949e+04 3.7032e+04 3.7105e+04 3.7127e+04 3.7341e+04 3.7371e+04
  3.7398e+04 3.7474e+04 3.7528e+04 3.7576e+04 3.7658e+04 3.7747e+04
  3.7755e+04 3.7835e+04 3.7861e+04 3.7959e+04 3.8056e+04 3.8066e+04
  3.8132e+04 3.9036e+04]
 [3.5299e+04 3.5374e+04 3.6667e+04 3.6737e+04 3.6812e+04 3.6828e+04
  3.6897e+04 3.6949e+04 3.6970e+04 3.6993e+04 3.7021e+04 3.7077e+04
  3.7082e+04 3.7160e+04 3.7232e+04 3.7288e+04 3.7311e+04 3.7341e+04
  3.7392e+04 3.7921e+04]
 [3.3538e+04 3.5274e+04 3.5299e+04 3.5355e+04 3.5907e+04 3.5984e+04
  3.6045e+04 3.6100e+04 3.6187e+04 3.6207e+04 3.6267e+04 3.6307e+04
  3.6330e+04 3.6347e+04 3.6371e+04 3.6408e+04 3.6460e+04 3.6506e+04
  3.6602e+04 3.6621e+04]
 [3.3628e+04 3.3662e+04 3.3671e+04 3.4879e+04 3.4953e+04 3.5228e+04
  3.5233e+04 3.5274e+04 3.5277e+04 3.5338e+04 3.5376e+04 3.5424e+04
  3.5487e+04 3.5524e+04 3.5582e+04 3.5588e+04 3.5679e+04 3.5714e+04
  3.5809e+04 3.5907e+04]
 [3.3443e+04 3.4405e+04 3.4431e+04 3.4441e+04 3.4516e+04 3.4609e+04
  3.4618e+04 3.4710e+04 3.4765e+04 3.4828e+04 3.4879e+04 3.4912e+04
  3.4972e+04 3.5063e+04 3.5114e+04 3.5210e+04 3.5228e+04 3.5303e+04
  3.5376e+04 3.5462e+04]
 [3.2224e+04 3.2823e+04 3.3226e+04 3.3376e+04 3.3433e+04 3.3533e+04
  3.3538e+04 3.3623e+04 3.3664e+04 3.3762e+04 3.4024e+04 3.4086e+04
  3.4125e+04 3.4178e+04 3.4229e+04 3.4310e+04 3.4366e+04 3.4405e+04
  3.4410e+04 3.4907e+04]
 [3.1923e+04 3.2076e+04 3.2252e+04 3.2949e+04 3.2986e+04 3.2996e+04
  3.3225e+04 3.3226e+04 3.3324e+04 3.3359e+04 3.3376e+04 3.3435e+04
  3.3521e+04 3.3868e+04 3.3934e+04 3.3935e+04 3.3954e+04 3.3964e+04
  3.3965e+04 3.4024e+04]
 [3.2730e+04 3.2754e+04 3.2862e+04 3.2949e+04 3.3036e+04 3.3131e+04
  3.3175e+04 3.3183e+04 3.3225e+04 3.3246e+04 3.3285e+04 3.3360e+04
  3.3439e+04 3.3512e+04 3.3533e+04 3.3541e+04 3.3628e+04 3.3694e+04
  3.3719e+04 3.3777e+04]
 [3.1468e+04 3.1513e+04 3.1749e+04 3.1868e+04 3.2014e+04 3.2076e+04
  3.2173e+04 3.2250e+04 3.2252e+04 3.2295e+04 3.2363e+04 3.2457e+04
  3.2477e+04 3.2538e+04 3.2616e+04 3.2681e+04 3.2751e+04 3.2793e+04
  3.3227e+04 3.3286e+04]
 [3.1669e+04 3.1748e+04 3.1803e+04 3.1868e+04 3.1929e+04 3.2014e+04
  3.2050e+04 3.2081e+04 3.2161e+04 3.2162e+04 3.2224e+04 3.2297e+04
  3.2328e+04 3.2390e+04 3.2403e+04 3.2430e+04 3.2458e+04 3.2510e+04
  3.2581e+04 3.2657e+04]
 [3.0942e+04 3.0950e+04 3.1025e+04 3.1035e+04 3.1100e+04 3.1139e+04
  3.1189e+04 3.1204e+04 3.1250e+04 3.1256e+04 3.1272e+04 3.1359e+04
  3.1390e+04 3.1468e+04 3.1501e+04 3.1582e+04 3.1583e+04 3.1669e+04
  3.1685e+04 3.2107e+04]
 [2.9824e+04 2.9983e+04 3.0034e+04 3.0100e+04 3.0131e+04 3.0187e+04
  3.0229e+04 3.0322e+04 3.0327e+04 3.0426e+04 3.0442e+04 3.0518e+04
  3.0550e+04 3.0579e+04 3.0612e+04 3.0635e+04 3.0700e+04 3.0752e+04
  3.0851e+04 3.1192e+04]
 [2.7824e+04 2.8035e+04 2.8126e+04 2.9451e+04 2.9530e+04 2.9591e+04
  2.9645e+04 2.9692e+04 2.9785e+04 2.9824e+04 2.9886e+04 2.9892e+04
  2.9955e+04 2.9983e+04 2.9987e+04 3.0071e+04 3.0131e+04 3.0201e+04
  3.0223e+04 3.0518e+04]
 [2.7938e+04 2.8035e+04 2.8382e+04 2.8422e+04 2.8757e+04 2.8854e+04
  2.8899e+04 2.8930e+04 2.8986e+04 2.9081e+04 2.9111e+04 2.9198e+04
  2.9221e+04 2.9292e+04 2.9353e+04 2.9445e+04 2.9446e+04 2.9451e+04
  2.9783e+04 2.9809e+04]
 [2.6820e+04 2.7766e+04 2.7824e+04 2.7886e+04 2.7927e+04 2.7938e+04
  2.7955e+04 2.8000e+04 2.8073e+04 2.8075e+04 2.8132e+04 2.8197e+04
  2.8248e+04 2.8323e+04 2.8382e+04 2.8479e+04 2.8567e+04 2.8619e+04
  2.8627e+04 2.8686e+04]
 [2.6171e+04 2.6189e+04 2.6750e+04 2.6820e+04 2.6905e+04 2.6913e+04
  2.7009e+04 2.7091e+04 2.7125e+04 2.7201e+04 2.7246e+04 2.7345e+04
  2.7384e+04 2.7410e+04 2.7486e+04 2.7531e+04 2.7608e+04 2.7705e+04
  2.7708e+04 2.7713e+04]
 [2.4832e+04 2.5386e+04 2.6027e+04 2.6080e+04 2.6131e+04 2.6148e+04
  2.6189e+04 2.6214e+04 2.6304e+04 2.6325e+04 2.6390e+04 2.6424e+04
  2.6475e+04 2.6535e+04 2.6586e+04 2.6653e+04 2.6750e+04 2.6790e+04
  2.6814e+04 2.6836e+04]
 [2.5325e+04 2.5354e+04 2.5390e+04 2.5481e+04 2.5549e+04 2.5613e+04
  2.5615e+04 2.5621e+04 2.5686e+04 2.5730e+04 2.5780e+04 2.5801e+04
  2.5865e+04 2.5871e+04 2.5970e+04 2.6014e+04 2.6027e+04 2.6069e+04
  2.6081e+04 2.6096e+04]
 [2.4618e+04 2.4650e+04 2.4728e+04 2.4757e+04 2.4832e+04 2.4886e+04
  2.4979e+04 2.5020e+04 2.5066e+04 2.5129e+04 2.5199e+04 2.5283e+04
  2.5306e+04 2.5315e+04 2.5354e+04 2.5363e+04 2.5386e+04 2.5454e+04
  2.5519e+04 2.5549e+04]
 [1.9776e+04 1.9859e+04 2.4581e+04 2.4584e+04 2.4621e+04 2.4687e+04
  2.4750e+04 2.4760e+04 2.4843e+04 2.4923e+04 2.4968e+04 2.4984e+04
  2.5066e+04 2.5078e+04 2.5199e+04 2.5229e+04 2.5231e+04 2.5238e+04
  2.5251e+04 2.5435e+04]
 [2.0868e+04 2.2437e+04 2.3921e+04 2.3971e+04 2.3976e+04 2.3982e+04
  2.3988e+04 2.4076e+04 2.4126e+04 2.4176e+04 2.4241e+04 2.4309e+04
  2.4380e+04 2.4425e+04 2.4476e+04 2.4528e+04 2.4581e+04 2.4618e+04
  2.4619e+04 2.4687e+04]
 [2.1534e+04 2.2984e+04 2.3039e+04 2.3104e+04 2.3201e+04 2.3295e+04
  2.3368e+04 2.3415e+04 2.3423e+04 2.3497e+04 2.3540e+04 2.3638e+04
  2.3651e+04 2.3659e+04 2.3691e+04 2.3744e+04 2.3814e+04 2.3884e+04
  2.3921e+04 2.3973e+04]
 [2.1045e+04 2.1086e+04 2.1500e+04 2.1553e+04 2.2184e+04 2.2272e+04
  2.2368e+04 2.2437e+04 2.2529e+04 2.2564e+04 2.2567e+04 2.2620e+04
  2.2712e+04 2.2766e+04 2.2787e+04 2.2877e+04 2.2945e+04 2.2968e+04
  2.2984e+04 2.3079e+04]
 [2.0700e+04 2.0735e+04 2.1498e+04 2.1500e+04 2.1534e+04 2.1623e+04
  2.1659e+04 2.1740e+04 2.1769e+04 2.1868e+04 2.1964e+04 2.1969e+04
  2.1997e+04 2.2094e+04 2.2105e+04 2.2184e+04 2.2275e+04 2.2340e+04
  2.2783e+04 2.2985e+04]
 [1.9312e+04 1.9396e+04 2.0439e+04 2.0495e+04 2.0572e+04 2.0603e+04
  2.0700e+04 2.0780e+04 2.0868e+04 2.0901e+04 2.0974e+04 2.1045e+04
  2.1082e+04 2.1160e+04 2.1241e+04 2.1312e+04 2.1362e+04 2.1408e+04
  2.1942e+04 2.2315e+04]
 [1.8773e+04 1.9556e+04 2.0085e+04 2.0096e+04 2.0149e+04 2.0206e+04
  2.0209e+04 2.0261e+04 2.0265e+04 2.0364e+04 2.0388e+04 2.0398e+04
  2.0439e+04 2.0448e+04 2.0475e+04 2.0494e+04 2.0584e+04 2.0639e+04
  2.0682e+04 2.0687e+04]
 [1.7429e+04 1.8859e+04 1.8905e+04 1.8962e+04 1.9025e+04 1.9095e+04
  1.9159e+04 1.9214e+04 1.9244e+04 1.9270e+04 1.9276e+04 1.9463e+04
  1.9511e+04 1.9602e+04 1.9699e+04 1.9776e+04 1.9870e+04 1.9958e+04
  2.0033e+04 2.0311e+04]
 [1.7306e+04 1.8112e+04 1.8153e+04 1.8491e+04 1.8774e+04 1.8847e+04
  1.8920e+04 1.8987e+04 1.9006e+04 1.9078e+04 1.9160e+04 1.9239e+04
  1.9284e+04 1.9312e+04 1.9376e+04 1.9398e+04 1.9463e+04 1.9542e+04
  1.9556e+04 1.9740e+04]
 [1.8003e+04 1.8058e+04 1.8179e+04 1.8265e+04 1.8275e+04 1.8348e+04
  1.8380e+04 1.8441e+04 1.8491e+04 1.8524e+04 1.8605e+04 1.8662e+04
  1.8761e+04 1.8773e+04 1.8822e+04 1.8859e+04 1.8962e+04 1.9052e+04
  1.9240e+04 1.9246e+04]
 [1.7745e+04 1.7780e+04 1.7814e+04 1.7911e+04 1.7934e+04 1.8003e+04
  1.8059e+04 1.8097e+04 1.8112e+04 1.8179e+04 1.8254e+04 1.8306e+04
  1.8397e+04 1.8452e+04 1.8508e+04 1.8581e+04 1.8661e+04 1.8749e+04
  1.8774e+04 1.8794e+04]
 [1.6945e+04 1.7010e+04 1.7086e+04 1.7092e+04 1.7131e+04 1.7222e+04
  1.7306e+04 1.7320e+04 1.7333e+04 1.7365e+04 1.7394e+04 1.7417e+04
  1.7429e+04 1.7462e+04 1.7521e+04 1.7561e+04 1.7582e+04 1.7590e+04
  1.7672e+04 1.7745e+04]
 [1.4787e+04 1.5600e+04 1.5621e+04 1.6177e+04 1.6218e+04 1.6311e+04
  1.6339e+04 1.6392e+04 1.6468e+04 1.6511e+04 1.6543e+04 1.6560e+04
  1.6571e+04 1.6643e+04 1.6675e+04 1.6722e+04 1.6790e+04 1.6880e+04
  1.6945e+04 1.7008e+04]
 [1.4613e+04 1.5399e+04 1.5480e+04 1.5556e+04 1.5600e+04 1.5630e+04
  1.5714e+04 1.5768e+04 1.5794e+04 1.5813e+04 1.5906e+04 1.5989e+04
  1.5996e+04 1.6040e+04 1.6048e+04 1.6053e+04 1.6119e+04 1.6177e+04
  1.6275e+04 1.6356e+04]
 [1.4698e+04 1.4731e+04 1.4787e+04 1.4872e+04 1.4887e+04 1.4925e+04
  1.4989e+04 1.5013e+04 1.5086e+04 1.5105e+04 1.5131e+04 1.5190e+04
  1.5202e+04 1.5216e+04 1.5238e+04 1.5276e+04 1.5341e+04 1.5399e+04
  1.5491e+04 1.6304e+04]
 [1.2748e+04 1.4004e+04 1.4016e+04 1.4098e+04 1.4139e+04 1.4190e+04
  1.4236e+04 1.4243e+04 1.4273e+04 1.4299e+04 1.4388e+04 1.4450e+04
  1.4531e+04 1.4613e+04 1.4698e+04 1.4768e+04 1.4802e+04 1.5007e+04
  1.5105e+04 1.5351e+04]
 [1.0306e+04 1.1352e+04 1.1993e+04 1.3421e+04 1.3471e+04 1.3474e+04
  1.3490e+04 1.3514e+04 1.3602e+04 1.3696e+04 1.3707e+04 1.3765e+04
  1.3769e+04 1.3835e+04 1.3893e+04 1.3935e+04 1.4004e+04 1.4102e+04
  1.4152e+04 1.4177e+04]
 [9.4600e+03 1.1882e+04 1.2066e+04 1.2244e+04 1.2293e+04 1.2745e+04
  1.2748e+04 1.2824e+04 1.2901e+04 1.2936e+04 1.2977e+04 1.3033e+04
  1.3064e+04 1.3114e+04 1.3170e+04 1.3245e+04 1.3287e+04 1.3324e+04
  1.3418e+04 1.3421e+04]
 [1.1467e+04 1.1555e+04 1.1685e+04 1.1749e+04 1.1791e+04 1.1798e+04
  1.2125e+04 1.2141e+04 1.2161e+04 1.2217e+04 1.2224e+04 1.2271e+04
  1.2273e+04 1.2322e+04 1.2375e+04 1.2440e+04 1.2516e+04 1.2598e+04
  1.2610e+04 1.2651e+04]
 [8.5170e+03 1.0151e+04 1.1204e+04 1.1265e+04 1.1293e+04 1.1352e+04
  1.1416e+04 1.1467e+04 1.1544e+04 1.1570e+04 1.1613e+04 1.1685e+04
  1.1748e+04 1.1816e+04 1.1820e+04 1.1906e+04 1.1993e+04 1.2070e+04
  1.2078e+04 1.2233e+04]
 [1.0299e+04 1.0306e+04 1.0561e+04 1.0657e+04 1.0664e+04 1.0746e+04
  1.0807e+04 1.0896e+04 1.0972e+04 1.1007e+04 1.1104e+04 1.1199e+04
  1.1204e+04 1.1208e+04 1.1219e+04 1.1302e+04 1.1367e+04 1.1453e+04
  1.1467e+04 1.1484e+04]
 [5.1960e+03 8.4820e+03 9.5220e+03 9.7310e+03 9.7660e+03 9.8580e+03
  9.9110e+03 9.9300e+03 1.0020e+04 1.0055e+04 1.0102e+04 1.0151e+04
  1.0185e+04 1.0253e+04 1.0299e+04 1.0379e+04 1.0409e+04 1.0480e+04
  1.0511e+04 1.0561e+04]
 [7.8010e+03 8.4110e+03 9.1210e+03 9.1820e+03 9.2570e+03 9.2970e+03
  9.3840e+03 9.4390e+03 9.4600e+03 9.4780e+03 9.4990e+03 9.5000e+03
  9.5050e+03 9.5220e+03 9.6050e+03 9.6630e+03 9.7310e+03 9.9110e+03
  1.0000e+04 1.0444e+04]
 [7.7160e+03 7.8010e+03 8.1790e+03 8.2250e+03 8.3210e+03 8.4110e+03
  8.4420e+03 8.5170e+03 8.6050e+03 8.6230e+03 8.7030e+03 8.7510e+03
  8.8250e+03 8.8800e+03 8.9480e+03 9.0360e+03 9.1210e+03 9.1760e+03
  9.5810e+03 9.7150e+03]
 [7.0710e+03 7.1600e+03 7.3050e+03 7.5880e+03 7.6260e+03 7.7160e+03
  7.7860e+03 7.7900e+03 7.8760e+03 7.9240e+03 7.9830e+03 8.0580e+03
  8.0960e+03 8.1330e+03 8.1790e+03 8.2190e+03 8.2420e+03 8.3210e+03
  8.3240e+03 9.4290e+03]
 [3.8480e+03 5.5700e+03 6.6820e+03 6.7680e+03 6.7930e+03 6.8540e+03
  6.9410e+03 6.9880e+03 7.0710e+03 7.1370e+03 7.2150e+03 7.3050e+03
  7.3850e+03 7.4650e+03 7.5230e+03 7.5310e+03 7.5450e+03 7.7820e+03
  7.7970e+03 7.7980e+03]
 [5.9190e+03 5.9240e+03 5.9850e+03 6.5090e+03 6.5660e+03 6.6330e+03
  6.6820e+03 6.7700e+03 6.7930e+03 6.8050e+03 6.8080e+03 6.8370e+03
  6.9060e+03 6.9580e+03 6.9710e+03 6.9870e+03 6.9890e+03 7.0020e+03
  7.0520e+03 7.0980e+03]
 [4.3410e+03 5.3190e+03 5.4050e+03 5.4530e+03 5.5240e+03 5.6070e+03
  6.1090e+03 6.1260e+03 6.1440e+03 6.1780e+03 6.1850e+03 6.1870e+03
  6.2280e+03 6.2620e+03 6.2990e+03 6.3060e+03 6.3940e+03 6.4530e+03
  6.5090e+03 6.7200e+03]
 [5.0880e+03 5.1470e+03 5.1960e+03 5.2770e+03 5.2900e+03 5.3190e+03
  5.3380e+03 5.3430e+03 5.4200e+03 5.4910e+03 5.5020e+03 5.5700e+03
  5.6600e+03 5.7220e+03 5.8180e+03 5.8880e+03 5.9190e+03 5.9740e+03
  6.0540e+03 6.1780e+03]
 [3.8550e+03 4.1560e+03 4.2440e+03 4.3410e+03 4.3990e+03 4.4820e+03
  4.5290e+03 4.6130e+03 4.7080e+03 4.7700e+03 4.8420e+03 4.9170e+03
  4.9570e+03 5.0090e+03 5.0880e+03 5.1360e+03 5.1890e+03 5.1940e+03
  5.2320e+03 5.2760e+03]
 [6.7000e+02 3.0640e+03 3.0800e+03 3.1620e+03 3.2070e+03 3.4840e+03
  3.5190e+03 3.6120e+03 3.6890e+03 3.7340e+03 3.9920e+03 4.0500e+03
  4.1010e+03 4.1440e+03 4.1560e+03 4.2040e+03 4.2420e+03 4.3140e+03
  4.4070e+03 4.4180e+03]
 [2.8780e+03 3.0020e+03 3.0510e+03 3.1350e+03 3.2250e+03 3.2410e+03
  3.3190e+03 3.4020e+03 3.4840e+03 3.4910e+03 3.5900e+03 3.6120e+03
  3.6260e+03 3.6890e+03 3.7700e+03 3.8480e+03 3.8550e+03 3.8860e+03
  3.9000e+03 3.9590e+03]
 [1.9630e+03 1.9770e+03 2.0440e+03 2.1100e+03 2.1340e+03 2.2090e+03
  2.2940e+03 2.3560e+03 2.4150e+03 2.4800e+03 2.5540e+03 2.6120e+03
  2.6300e+03 2.7200e+03 2.8010e+03 2.8540e+03 2.8780e+03 2.8860e+03
  2.9030e+03 3.0020e+03]
 [1.1600e+03 1.2280e+03 1.3210e+03 1.3400e+03 1.3910e+03 1.4270e+03
  1.5120e+03 1.5780e+03 1.5850e+03 1.6360e+03 1.7250e+03 1.7360e+03
  1.8060e+03 1.8080e+03 1.8190e+03 1.8680e+03 1.9090e+03 1.9770e+03
  2.1100e+03 2.6100e+03]
 [4.0300e+02 4.9500e+02 5.1100e+02 5.1700e+02 5.3900e+02 6.3200e+02
  7.2100e+02 7.5000e+02 7.8400e+02 8.4600e+02 8.6500e+02 9.2600e+02
  9.4400e+02 1.0350e+03 1.0510e+03 1.0780e+03 1.0820e+03 1.1510e+03
  1.1530e+03 1.6530e+03]
 [0.0000e+00 1.6000e+01 3.5000e+01 6.7000e+01 1.0600e+02 1.2500e+02
  1.7600e+02 1.8700e+02 2.1800e+02 2.4100e+02 3.1300e+02 3.6200e+02
  4.3300e+02 4.6600e+02 5.3900e+02 5.4200e+02 5.9600e+02 6.3300e+02
  6.5700e+02 6.7400e+02]]
