optimal_status: 0
solution: 20719.0
cpu_time: 3602.6379828453064
gap: 0.9330083498238332
upper_bound: 1388.0
lower_bound: 20719.0
cg_matrix: [[0. 1. 1. 0. 1. 0. 1. 1. 1. 1. 1. 1. 0. 0. 0. 1. 1. 1. 1. 1. 0. 1. 0. 1.
  1. 1. 1. 1. 1. 1.]
 [1. 0. 1. 1. 1. 1. 1. 0. 1. 1. 1. 1. 1. 1. 1. 1. 1. 1. 1. 1. 1. 1. 0. 1.
  1. 1. 1. 0. 1. 1.]
 [1. 1. 0. 1. 1. 1. 0. 1. 0. 1. 0. 1. 0. 1. 1. 1. 1. 1. 0. 1. 1. 1. 1. 1.
  1. 0. 1. 1. 0. 0.]
 [0. 1. 1. 0. 1. 1. 1. 1. 1. 1. 0. 0. 1. 0. 1. 0. 1. 0. 0. 1. 1. 0. 1. 1.
  1. 1. 1. 0. 0. 0.]
 [1. 1. 1. 1. 0. 1. 1. 1. 0. 1. 1. 0. 1. 1. 1. 1. 1. 1. 1. 1. 1. 1. 1. 1.
  0. 0. 1. 0. 1. 1.]
 [0. 1. 1. 1. 1. 0. 0. 1. 1. 1. 0. 0. 0. 1. 0. 1. 1. 0. 0. 1. 1. 0. 1. 1.
  0. 1. 1. 1. 1. 1.]
 [1. 1. 0. 1. 1. 0. 0. 1. 0. 1. 1. 1. 1. 1. 1. 1. 1. 1. 1. 1. 1. 0. 1. 1.
  0. 1. 1. 1. 1. 1.]
 [1. 0. 1. 1. 1. 1. 1. 0. 1. 1. 1. 1. 1. 1. 1. 1. 1. 1. 0. 1. 1. 0. 1. 1.
  1. 1. 1. 0. 1. 1.]
 [1. 1. 0. 1. 0. 1. 0. 1. 0. 1. 0. 1. 1. 0. 1. 1. 1. 1. 1. 1. 0. 1. 1. 1.
  1. 1. 1. 1. 1. 1.]
 [1. 1. 1. 1. 1. 1. 1. 1. 1. 0. 0. 0. 1. 1. 0. 1. 1. 1. 1. 0. 1. 1. 1. 1.
  1. 1. 1. 1. 1. 0.]
 [1. 1. 0. 0. 1. 0. 1. 1. 0. 0. 0. 1. 1. 0. 1. 1. 1. 0. 0. 0. 1. 0. 1. 1.
  1. 1. 1. 1. 1. 0.]
 [1. 1. 1. 0. 0. 0. 1. 1. 1. 0. 1. 0. 0. 1. 1. 0. 0. 1. 1. 0. 1. 1. 1. 1.
  0. 1. 0. 1. 1. 1.]
 [0. 1. 0. 1. 1. 0. 1. 1. 1. 1. 1. 0. 0. 1. 1. 1. 1. 0. 1. 1. 1. 1. 1. 1.
  0. 1. 1. 1. 1. 1.]
 [0. 1. 1. 0. 1. 1. 1. 1. 0. 1. 0. 1. 1. 0. 1. 1. 1. 1. 0. 1. 0. 1. 1. 1.
  1. 1. 0. 1. 1. 1.]
 [0. 1. 1. 1. 1. 0. 1. 1. 1. 0. 1. 1. 1. 1. 0. 1. 1. 1. 1. 1. 0. 1. 1. 1.
  1. 0. 1. 1. 1. 0.]
 [1. 1. 1. 0. 1. 1. 1. 1. 1. 1. 1. 0. 1. 1. 1. 0. 1. 1. 0. 1. 1. 1. 1. 0.
  1. 1. 0. 1. 1. 0.]
 [1. 1. 1. 1. 1. 1. 1. 1. 1. 1. 1. 0. 1. 1. 1. 1. 0. 0. 1. 1. 1. 1. 1. 0.
  1. 1. 1. 1. 1. 1.]
 [1. 1. 1. 0. 1. 0. 1. 1. 1. 1. 0. 1. 0. 1. 1. 1. 0. 0. 1. 0. 0. 1. 1. 1.
  1. 1. 1. 0. 0. 1.]
 [1. 1. 0. 0. 1. 0. 1. 0. 1. 1. 0. 1. 1. 0. 1. 0. 1. 1. 0. 0. 0. 1. 1. 1.
  1. 1. 0. 1. 1. 1.]
 [1. 1. 1. 1. 1. 1. 1. 1. 1. 0. 0. 0. 1. 1. 1. 1. 1. 0. 0. 0. 1. 1. 1. 1.
  1. 1. 1. 1. 0. 1.]
 [0. 1. 1. 1. 1. 1. 1. 1. 0. 1. 1. 1. 1. 0. 0. 1. 1. 0. 0. 1. 0. 0. 0. 0.
  0. 0. 0. 0. 0. 0.]
 [1. 1. 1. 0. 1. 0. 0. 0. 1. 1. 0. 1. 1. 1. 1. 1. 1. 1. 1. 1. 0. 0. 0. 0.
  0. 0. 0. 0. 0. 0.]
 [0. 0. 1. 1. 1. 1. 1. 1. 1. 1. 1. 1. 1. 1. 1. 1. 1. 1. 1. 1. 0. 0. 0. 0.
  0. 0. 0. 0. 0. 0.]
 [1. 1. 1. 1. 1. 1. 1. 1. 1. 1. 1. 1. 1. 1. 1. 0. 0. 1. 1. 1. 0. 0. 0. 0.
  0. 0. 0. 0. 0. 0.]
 [1. 1. 1. 1. 0. 0. 0. 1. 1. 1. 1. 0. 0. 1. 1. 1. 1. 1. 1. 1. 0. 0. 0. 0.
  0. 0. 0. 0. 0. 0.]
 [1. 1. 0. 1. 0. 1. 1. 1. 1. 1. 1. 1. 1. 1. 0. 1. 1. 1. 1. 1. 0. 0. 0. 0.
  0. 0. 0. 0. 0. 0.]
 [1. 1. 1. 1. 1. 1. 1. 1. 1. 1. 1. 0. 1. 0. 1. 0. 1. 1. 0. 1. 0. 0. 0. 0.
  0. 0. 0. 0. 0. 0.]
 [1. 0. 1. 0. 0. 1. 1. 0. 1. 1. 1. 1. 1. 1. 1. 1. 1. 0. 1. 1. 0. 0. 0. 0.
  0. 0. 0. 0. 0. 0.]
 [1. 1. 0. 0. 1. 1. 1. 1. 1. 1. 1. 1. 1. 1. 1. 1. 1. 0. 1. 0. 0. 0. 0. 0.
  0. 0. 0. 0. 0. 0.]
 [1. 1. 0. 0. 1. 1. 1. 1. 1. 0. 0. 1. 1. 1. 0. 0. 1. 1. 1. 1. 0. 0. 0. 0.
  0. 0. 0. 0. 0. 0.]]
start_times_array: [[3.3230e+03 1.9756e+04 1.9880e+04 2.0043e+04 2.0089e+04 2.0188e+04
  2.0195e+04 2.0206e+04 2.0281e+04 2.0308e+04 2.0330e+04 2.0363e+04
  2.0433e+04 2.0442e+04 2.0459e+04 2.0492e+04 2.0509e+04 2.0549e+04
  2.0624e+04 2.0639e+04]
 [1.8809e+04 1.9035e+04 1.9060e+04 1.9068e+04 1.9109e+04 1.9157e+04
  1.9245e+04 1.9283e+04 1.9344e+04 1.9371e+04 1.9449e+04 1.9533e+04
  1.9540e+04 1.9556e+04 1.9646e+04 1.9712e+04 1.9753e+04 1.9833e+04
  1.9953e+04 1.9986e+04]
 [1.7771e+04 1.7858e+04 1.7956e+04 1.8005e+04 1.8095e+04 1.8182e+04
  1.8211e+04 1.8258e+04 1.8326e+04 1.8338e+04 1.8406e+04 1.8472e+04
  1.8530e+04 1.8597e+04 1.8686e+04 1.8718e+04 1.8807e+04 1.8825e+04
  1.8888e+04 1.8958e+04]
 [0.0000e+00 1.0000e+01 1.1300e+03 1.6515e+04 1.6935e+04 1.7016e+04
  1.7095e+04 1.7164e+04 1.7206e+04 1.7218e+04 1.7294e+04 1.7372e+04
  1.7446e+04 1.7447e+04 1.7463e+04 1.7497e+04 1.7557e+04 1.7623e+04
  1.7694e+04 1.7872e+04]
 [1.5599e+04 1.5716e+04 1.5956e+04 1.6119e+04 1.6180e+04 1.6344e+04
  1.6348e+04 1.6375e+04 1.6383e+04 1.6396e+04 1.6408e+04 1.6451e+04
  1.6603e+04 1.6609e+04 1.6659e+04 1.6695e+04 1.6741e+04 1.6812e+04
  1.6893e+04 1.7012e+04]
 [1.4589e+04 1.4671e+04 1.5071e+04 1.5105e+04 1.5109e+04 1.5198e+04
  1.5282e+04 1.5359e+04 1.5410e+04 1.5422e+04 1.5562e+04 1.5694e+04
  1.5698e+04 1.5740e+04 1.5831e+04 1.5930e+04 1.5946e+04 1.5952e+04
  1.6042e+04 1.6247e+04]
 [1.4589e+04 1.4626e+04 1.4670e+04 1.4751e+04 1.4823e+04 1.4836e+04
  1.4902e+04 1.4954e+04 1.5022e+04 1.5026e+04 1.5040e+04 1.5071e+04
  1.5162e+04 1.5233e+04 1.5319e+04 1.5323e+04 1.5378e+04 1.5385e+04
  1.5393e+04 1.5482e+04]
 [1.8570e+03 1.3635e+04 1.3710e+04 1.3809e+04 1.3875e+04 1.3893e+04
  1.3969e+04 1.4001e+04 1.4029e+04 1.4036e+04 1.4111e+04 1.4188e+04
  1.4212e+04 1.4303e+04 1.4307e+04 1.4379e+04 1.4463e+04 1.4513e+04
  1.4558e+04 1.4583e+04]
 [1.2402e+04 1.2631e+04 1.2728e+04 1.2796e+04 1.2818e+04 1.2900e+04
  1.3050e+04 1.3062e+04 1.3142e+04 1.3221e+04 1.3236e+04 1.3284e+04
  1.3375e+04 1.3426e+04 1.3445e+04 1.3519e+04 1.3567e+04 1.3667e+04
  1.3765e+04 1.3778e+04]
 [5.9700e+02 1.1058e+04 1.1077e+04 1.1157e+04 1.1505e+04 1.1919e+04
  1.2017e+04 1.2085e+04 1.2097e+04 1.2098e+04 1.2113e+04 1.2171e+04
  1.2265e+04 1.2319e+04 1.2393e+04 1.2408e+04 1.2458e+04 1.2540e+04
  1.2608e+04 1.2974e+04]
 [3.3600e+02 5.0100e+02 5.8300e+02 1.1065e+04 1.1318e+04 1.1406e+04
  1.1556e+04 1.1602e+04 1.1677e+04 1.1744e+04 1.1825e+04 1.1919e+04
  1.1925e+04 1.1985e+04 1.2078e+04 1.2166e+04 1.2205e+04 1.2237e+04
  1.2325e+04 1.2405e+04]
 [2.3020e+03 2.4560e+03 1.0472e+04 1.0503e+04 1.0504e+04 1.0523e+04
  1.0541e+04 1.0579e+04 1.0658e+04 1.0704e+04 1.0778e+04 1.0860e+04
  1.0944e+04 1.0971e+04 1.1017e+04 1.1028e+04 1.1108e+04 1.1205e+04
  1.1293e+04 1.1505e+04]
 [3.4850e+03 3.5440e+03 1.0257e+04 1.0312e+04 1.0423e+04 1.0515e+04
  1.0516e+04 1.0547e+04 1.0608e+04 1.0695e+04 1.0705e+04 1.0745e+04
  1.0780e+04 1.0795e+04 1.0881e+04 1.0901e+04 1.0944e+04 1.0983e+04
  1.0992e+04 1.1030e+04]
 [8.9990e+03 9.4080e+03 9.4100e+03 9.4910e+03 9.5550e+03 9.5640e+03
  9.6110e+03 9.6390e+03 9.7170e+03 9.7810e+03 9.8580e+03 9.8740e+03
  9.9430e+03 9.9930e+03 1.0074e+04 1.0105e+04 1.0192e+04 1.0234e+04
  1.0332e+04 1.0378e+04]
 [1.7600e+03 8.3210e+03 8.4500e+03 8.5250e+03 8.5970e+03 8.6800e+03
  8.6880e+03 8.7510e+03 8.7780e+03 8.8590e+03 8.9350e+03 8.9920e+03
  9.0250e+03 9.1130e+03 9.1750e+03 9.1800e+03 9.2120e+03 9.2370e+03
  9.2900e+03 9.3330e+03]
 [0.0000e+00 1.2000e+01 6.0000e+01 1.3400e+02 7.5760e+03 7.6250e+03
  7.6720e+03 7.7090e+03 7.7810e+03 7.8200e+03 7.8970e+03 7.9910e+03
  8.0730e+03 8.1220e+03 8.1640e+03 8.2510e+03 8.2530e+03 8.2630e+03
  8.3280e+03 8.4090e+03]
 [6.1670e+03 6.2510e+03 6.2870e+03 6.3850e+03 6.3950e+03 6.8280e+03
  6.8810e+03 6.9320e+03 7.0270e+03 7.0890e+03 7.1710e+03 7.2190e+03
  7.2290e+03 7.2580e+03 7.3260e+03 7.3860e+03 7.3910e+03 7.4320e+03
  7.4470e+03 7.5310e+03]
 [6.1670e+03 6.1760e+03 6.2160e+03 6.2360e+03 6.2750e+03 6.3580e+03
  6.3860e+03 6.4800e+03 6.5480e+03 6.5670e+03 6.5920e+03 6.6050e+03
  6.6680e+03 6.7370e+03 6.7540e+03 6.8280e+03 6.9230e+03 7.0140e+03
  7.1030e+03 7.1190e+03]
 [2.0910e+03 2.3760e+03 2.5120e+03 2.5320e+03 2.7510e+03 2.7740e+03
  2.8550e+03 5.4100e+03 5.4440e+03 5.4790e+03 5.5700e+03 5.6110e+03
  5.6160e+03 5.7020e+03 5.7200e+03 5.7490e+03 5.8410e+03 6.0110e+03
  6.0650e+03 6.0860e+03]
 [7.4500e+02 8.2700e+02 1.0720e+03 1.0770e+03 1.3080e+03 5.1970e+03
  5.3270e+03 5.4330e+03 5.4920e+03 5.5700e+03 5.5880e+03 5.6200e+03
  5.6540e+03 5.7200e+03 5.7450e+03 5.7550e+03 5.7910e+03 5.8790e+03
  5.9290e+03 6.0110e+03]
 [1.8800e+02 2.6300e+02 4.1500e+02 3.6670e+03 3.6890e+03 4.5370e+03
  4.5820e+03 4.6080e+03 4.7690e+03 4.8340e+03 4.9040e+03 4.9370e+03
  4.9760e+03 5.0500e+03 5.1250e+03 5.1330e+03 5.1590e+03 5.1840e+03
  5.2550e+03 5.3350e+03]
 [2.9290e+03 4.0960e+03 4.2470e+03 4.3490e+03 4.4230e+03 4.4630e+03
  4.4880e+03 4.5300e+03 4.5350e+03 4.6050e+03 4.6700e+03 4.6710e+03
  4.7480e+03 4.7610e+03 4.8030e+03 4.8340e+03 4.8790e+03 4.8860e+03
  4.9060e+03 5.3350e+03]
 [2.6310e+03 3.0460e+03 4.1160e+03 4.1880e+03 4.2410e+03 4.3080e+03
  4.3540e+03 4.5080e+03 4.5370e+03 4.5400e+03 4.5710e+03 4.5790e+03
  4.6050e+03 4.6650e+03 4.7170e+03 4.7520e+03 4.8090e+03 4.8660e+03
  5.0710e+03 5.1620e+03]
 [2.8980e+03 3.3820e+03 3.6030e+03 3.6740e+03 3.7380e+03 3.7950e+03
  3.8380e+03 3.9100e+03 4.0090e+03 4.0960e+03 4.1770e+03 4.1920e+03
  4.2150e+03 4.2880e+03 4.2950e+03 4.3650e+03 4.4630e+03 4.5820e+03
  4.6290e+03 4.6390e+03]
 [1.8800e+02 2.0800e+02 3.2100e+03 3.2970e+03 3.3070e+03 3.3820e+03
  3.4410e+03 3.5320e+03 3.6140e+03 3.6670e+03 3.7340e+03 3.7940e+03
  3.8280e+03 3.9060e+03 3.9720e+03 4.0700e+03 4.1090e+03 4.1230e+03
  4.1880e+03 4.3110e+03]
 [1.3100e+02 1.3480e+03 2.6310e+03 2.6390e+03 2.6810e+03 2.7820e+03
  2.7990e+03 2.8980e+03 2.9290e+03 2.9580e+03 3.0460e+03 3.1060e+03
  3.1870e+03 3.2280e+03 3.2510e+03 3.2940e+03 3.3820e+03 3.4560e+03
  3.6030e+03 3.6330e+03]
 [1.1200e+02 6.7900e+02 1.3480e+03 1.5430e+03 1.8910e+03 1.9860e+03
  2.0230e+03 2.0290e+03 2.0640e+03 2.1250e+03 2.1280e+03 2.1950e+03
  2.2460e+03 2.3100e+03 2.3790e+03 2.4440e+03 2.5340e+03 2.6810e+03
  2.6920e+03 2.7990e+03]
 [1.8800e+02 6.7900e+02 9.2400e+02 1.1130e+03 1.1520e+03 1.2080e+03
  1.2590e+03 1.3480e+03 1.4180e+03 1.4770e+03 1.5430e+03 1.6000e+03
  1.6740e+03 1.8210e+03 1.9040e+03 1.9860e+03 2.0510e+03 2.1600e+03
  2.2490e+03 2.5090e+03]
 [1.9600e+02 2.9200e+02 5.2100e+02 6.7900e+02 7.4500e+02 8.1400e+02
  8.6200e+02 9.3000e+02 1.0000e+03 1.0610e+03 1.1120e+03 1.1860e+03
  1.2100e+03 1.2640e+03 1.3330e+03 1.4020e+03 1.4350e+03 1.4960e+03
  1.8210e+03 1.8910e+03]
 [0.0000e+00 7.0000e+00 3.3000e+01 1.1200e+02 1.7700e+02 1.9300e+02
  1.9600e+02 2.6700e+02 3.2900e+02 3.7100e+02 4.1500e+02 5.2100e+02
  6.0000e+02 6.0900e+02 6.7000e+02 7.3300e+02 9.2400e+02 9.7100e+02
  1.0380e+03 1.1130e+03]]
