optimal_status: 0
solution: 34286.0
cpu_time: 3603.677435874939
gap: 0.9580230661539358
upper_bound: 1439.2211538461524
lower_bound: 34286.0
cg_matrix: [[0. 1. 1. 0. 0. 0. 1. 1. 1. 0. 0. 1. 0. 0. 1. 1. 1. 1. 0. 0. 0. 1. 1. 1.
  1. 0. 0. 1. 0. 1. 0. 1. 0. 1. 1. 0. 1. 0. 1. 0. 0. 0. 1. 1. 1. 1. 0. 0.
  1. 1.]
 [1. 0. 0. 1. 0. 1. 0. 0. 0. 0. 0. 0. 0. 1. 1. 0. 1. 1. 1. 1. 1. 1. 0. 0.
  1. 0. 0. 1. 1. 1. 1. 0. 0. 0. 1. 0. 0. 1. 0. 0. 0. 1. 0. 1. 1. 0. 0. 1.
  1. 1.]
 [1. 0. 0. 0. 0. 1. 0. 1. 0. 0. 1. 1. 1. 1. 1. 0. 1. 0. 1. 0. 0. 1. 1. 0.
  0. 1. 0. 0. 1. 1. 1. 1. 0. 0. 1. 0. 0. 1. 0. 0. 0. 1. 1. 1. 1. 1. 0. 1.
  0. 0.]
 [0. 1. 0. 0. 1. 1. 1. 0. 1. 1. 0. 1. 0. 0. 0. 1. 0. 0. 0. 0. 1. 1. 1. 1.
  0. 1. 0. 1. 0. 0. 0. 1. 0. 1. 0. 0. 1. 0. 1. 1. 1. 1. 0. 0. 0. 0. 1. 0.
  0. 1.]
 [0. 0. 0. 1. 0. 1. 0. 1. 1. 1. 0. 0. 0. 0. 0. 0. 1. 1. 1. 1. 1. 1. 0. 0.
  0. 1. 1. 0. 1. 1. 0. 0. 0. 1. 1. 0. 0. 0. 0. 1. 1. 0. 0. 1. 1. 1. 1. 1.
  1. 1.]
 [0. 1. 1. 1. 1. 0. 1. 1. 0. 1. 0. 0. 1. 1. 1. 1. 1. 0. 0. 0. 1. 1. 0. 1.
  1. 1. 1. 1. 1. 1. 1. 1. 1. 0. 0. 0. 0. 0. 0. 0. 1. 1. 1. 0. 1. 0. 0. 1.
  1. 0.]
 [1. 0. 0. 1. 0. 1. 0. 1. 1. 0. 1. 0. 1. 1. 1. 0. 1. 1. 1. 0. 1. 1. 0. 0.
  0. 1. 1. 0. 1. 0. 1. 1. 0. 0. 1. 1. 1. 0. 1. 1. 1. 1. 1. 0. 1. 1. 0. 1.
  1. 1.]
 [1. 0. 1. 0. 1. 1. 1. 0. 1. 1. 0. 0. 0. 0. 1. 1. 1. 1. 0. 1. 1. 1. 0. 0.
  1. 0. 0. 0. 1. 0. 0. 1. 0. 1. 0. 1. 0. 1. 1. 1. 1. 1. 0. 0. 0. 1. 1. 1.
  0. 0.]
 [1. 0. 0. 1. 1. 0. 1. 1. 0. 0. 1. 0. 0. 0. 0. 1. 1. 0. 0. 1. 0. 1. 0. 1.
  0. 0. 0. 1. 0. 0. 0. 0. 0. 0. 1. 1. 1. 1. 1. 1. 1. 1. 0. 0. 1. 0. 0. 0.
  1. 0.]
 [0. 0. 0. 1. 1. 1. 0. 1. 0. 0. 1. 0. 1. 0. 1. 1. 1. 0. 0. 1. 1. 0. 0. 0.
  0. 1. 0. 1. 1. 0. 1. 0. 1. 1. 0. 0. 1. 1. 1. 1. 1. 1. 0. 1. 1. 1. 1. 0.
  0. 1.]
 [0. 0. 1. 0. 0. 0. 1. 0. 1. 1. 0. 1. 1. 0. 1. 1. 0. 0. 1. 0. 1. 1. 0. 0.
  1. 0. 0. 0. 1. 0. 1. 1. 1. 1. 0. 1. 1. 0. 1. 0. 0. 1. 1. 1. 0. 0. 0. 1.
  1. 1.]
 [1. 0. 1. 1. 0. 0. 0. 0. 0. 0. 1. 0. 0. 0. 1. 0. 0. 1. 0. 0. 0. 0. 0. 1.
  1. 0. 0. 1. 0. 0. 0. 0. 1. 0. 0. 0. 1. 0. 1. 1. 1. 1. 0. 1. 0. 0. 0. 0.
  0. 0.]
 [0. 0. 1. 0. 0. 1. 1. 0. 0. 1. 1. 0. 0. 0. 1. 0. 1. 0. 1. 1. 0. 0. 0. 0.
  0. 1. 0. 0. 0. 1. 0. 1. 0. 1. 1. 1. 1. 1. 1. 0. 1. 0. 1. 1. 1. 0. 0. 1.
  1. 1.]
 [0. 1. 1. 0. 0. 1. 1. 0. 0. 0. 0. 0. 0. 0. 0. 1. 1. 1. 0. 0. 0. 0. 1. 0.
  0. 1. 0. 0. 0. 1. 0. 0. 1. 0. 1. 0. 1. 0. 0. 0. 1. 0. 1. 1. 1. 1. 0. 0.
  1. 1.]
 [1. 1. 1. 0. 0. 1. 1. 1. 0. 1. 1. 1. 1. 0. 0. 0. 1. 0. 1. 1. 1. 0. 0. 0.
  0. 1. 0. 1. 1. 1. 0. 0. 1. 0. 1. 1. 1. 0. 1. 1. 0. 0. 0. 1. 0. 1. 0. 1.
  1. 0.]
 [1. 0. 0. 1. 0. 1. 0. 1. 1. 1. 1. 0. 0. 1. 0. 0. 0. 0. 0. 0. 0. 1. 0. 0.
  0. 0. 0. 0. 1. 0. 0. 1. 0. 1. 1. 0. 0. 1. 0. 1. 0. 0. 1. 1. 1. 0. 0. 0.
  1. 0.]
 [1. 1. 1. 0. 1. 1. 1. 1. 1. 1. 0. 0. 1. 1. 1. 0. 0. 0. 0. 1. 0. 1. 1. 0.
  1. 1. 1. 0. 1. 1. 1. 0. 1. 1. 1. 1. 1. 1. 0. 1. 0. 1. 0. 0. 1. 0. 1. 0.
  0. 0.]
 [1. 1. 0. 0. 1. 0. 1. 1. 0. 0. 0. 1. 0. 1. 0. 0. 0. 0. 0. 1. 0. 1. 0. 0.
  1. 1. 1. 0. 0. 0. 0. 1. 0. 0. 0. 0. 0. 0. 1. 0. 0. 0. 1. 1. 0. 0. 1. 0.
  1. 0.]
 [0. 1. 1. 0. 1. 0. 1. 0. 0. 0. 1. 0. 1. 0. 1. 0. 0. 0. 0. 0. 0. 0. 1. 0.
  1. 0. 1. 0. 1. 1. 0. 1. 0. 0. 0. 1. 0. 1. 1. 1. 1. 1. 0. 1. 1. 1. 1. 1.
  1. 1.]
 [0. 1. 0. 0. 1. 0. 0. 1. 1. 1. 0. 0. 1. 0. 1. 0. 1. 1. 0. 0. 1. 0. 1. 0.
  0. 0. 0. 1. 0. 1. 1. 1. 1. 1. 0. 0. 0. 1. 1. 1. 1. 1. 0. 0. 1. 1. 1. 0.
  1. 0.]
 [0. 1. 0. 1. 1. 1. 1. 1. 0. 1. 1. 0. 0. 0. 1. 0. 0. 0. 0. 1. 0. 0. 0. 0.
  0. 0. 0. 0. 0. 0. 0. 0. 0. 0. 0. 0. 0. 0. 0. 0. 0. 0. 0. 0. 0. 0. 0. 0.
  0. 0.]
 [1. 1. 1. 1. 1. 1. 1. 1. 1. 0. 1. 0. 0. 0. 0. 1. 1. 1. 0. 0. 0. 0. 0. 0.
  0. 0. 0. 0. 0. 0. 0. 0. 0. 0. 0. 0. 0. 0. 0. 0. 0. 0. 0. 0. 0. 0. 0. 0.
  0. 0.]
 [1. 0. 1. 1. 0. 0. 0. 0. 0. 0. 0. 0. 0. 1. 0. 0. 1. 0. 1. 1. 0. 0. 0. 0.
  0. 0. 0. 0. 0. 0. 0. 0. 0. 0. 0. 0. 0. 0. 0. 0. 0. 0. 0. 0. 0. 0. 0. 0.
  0. 0.]
 [1. 0. 0. 1. 0. 1. 0. 0. 1. 0. 0. 1. 0. 0. 0. 0. 0. 0. 0. 0. 0. 0. 0. 0.
  0. 0. 0. 0. 0. 0. 0. 0. 0. 0. 0. 0. 0. 0. 0. 0. 0. 0. 0. 0. 0. 0. 0. 0.
  0. 0.]
 [1. 1. 0. 0. 0. 1. 0. 1. 0. 0. 1. 1. 0. 0. 0. 0. 1. 1. 1. 0. 0. 0. 0. 0.
  0. 0. 0. 0. 0. 0. 0. 0. 0. 0. 0. 0. 0. 0. 0. 0. 0. 0. 0. 0. 0. 0. 0. 0.
  0. 0.]
 [0. 0. 1. 1. 1. 1. 1. 0. 0. 1. 0. 0. 1. 1. 1. 0. 1. 1. 0. 0. 0. 0. 0. 0.
  0. 0. 0. 0. 0. 0. 0. 0. 0. 0. 0. 0. 0. 0. 0. 0. 0. 0. 0. 0. 0. 0. 0. 0.
  0. 0.]
 [0. 0. 0. 0. 1. 1. 1. 0. 0. 0. 0. 0. 0. 0. 0. 0. 1. 1. 1. 0. 0. 0. 0. 0.
  0. 0. 0. 0. 0. 0. 0. 0. 0. 0. 0. 0. 0. 0. 0. 0. 0. 0. 0. 0. 0. 0. 0. 0.
  0. 0.]
 [1. 1. 0. 1. 0. 1. 0. 0. 1. 1. 0. 1. 0. 0. 1. 0. 0. 0. 0. 1. 0. 0. 0. 0.
  0. 0. 0. 0. 0. 0. 0. 0. 0. 0. 0. 0. 0. 0. 0. 0. 0. 0. 0. 0. 0. 0. 0. 0.
  0. 0.]
 [0. 1. 1. 0. 1. 1. 1. 1. 0. 1. 1. 0. 0. 0. 1. 1. 1. 0. 1. 0. 0. 0. 0. 0.
  0. 0. 0. 0. 0. 0. 0. 0. 0. 0. 0. 0. 0. 0. 0. 0. 0. 0. 0. 0. 0. 0. 0. 0.
  0. 0.]
 [1. 1. 1. 0. 1. 1. 0. 0. 0. 0. 0. 0. 1. 1. 1. 0. 1. 0. 1. 1. 0. 0. 0. 0.
  0. 0. 0. 0. 0. 0. 0. 0. 0. 0. 0. 0. 0. 0. 0. 0. 0. 0. 0. 0. 0. 0. 0. 0.
  0. 0.]
 [0. 1. 1. 0. 0. 1. 1. 0. 0. 1. 1. 0. 0. 0. 0. 0. 1. 0. 0. 1. 0. 0. 0. 0.
  0. 0. 0. 0. 0. 0. 0. 0. 0. 0. 0. 0. 0. 0. 0. 0. 0. 0. 0. 0. 0. 0. 0. 0.
  0. 0.]
 [1. 0. 1. 1. 0. 1. 1. 1. 0. 0. 1. 0. 1. 0. 0. 1. 0. 1. 1. 1. 0. 0. 0. 0.
  0. 0. 0. 0. 0. 0. 0. 0. 0. 0. 0. 0. 0. 0. 0. 0. 0. 0. 0. 0. 0. 0. 0. 0.
  0. 0.]
 [0. 0. 0. 0. 0. 1. 0. 0. 0. 1. 1. 1. 0. 1. 1. 0. 1. 0. 0. 1. 0. 0. 0. 0.
  0. 0. 0. 0. 0. 0. 0. 0. 0. 0. 0. 0. 0. 0. 0. 0. 0. 0. 0. 0. 0. 0. 0. 0.
  0. 0.]
 [1. 0. 0. 1. 1. 0. 0. 1. 0. 1. 1. 0. 1. 0. 0. 1. 1. 0. 0. 1. 0. 0. 0. 0.
  0. 0. 0. 0. 0. 0. 0. 0. 0. 0. 0. 0. 0. 0. 0. 0. 0. 0. 0. 0. 0. 0. 0. 0.
  0. 0.]
 [1. 1. 1. 0. 1. 0. 1. 0. 1. 0. 0. 0. 1. 1. 1. 1. 1. 0. 0. 0. 0. 0. 0. 0.
  0. 0. 0. 0. 0. 0. 0. 0. 0. 0. 0. 0. 0. 0. 0. 0. 0. 0. 0. 0. 0. 0. 0. 0.
  0. 0.]
 [0. 0. 0. 0. 0. 0. 1. 1. 1. 0. 1. 0. 1. 0. 1. 0. 1. 0. 1. 0. 0. 0. 0. 0.
  0. 0. 0. 0. 0. 0. 0. 0. 0. 0. 0. 0. 0. 0. 0. 0. 0. 0. 0. 0. 0. 0. 0. 0.
  0. 0.]
 [1. 0. 0. 1. 0. 0. 1. 0. 1. 1. 1. 1. 1. 1. 1. 0. 1. 0. 0. 0. 0. 0. 0. 0.
  0. 0. 0. 0. 0. 0. 0. 0. 0. 0. 0. 0. 0. 0. 0. 0. 0. 0. 0. 0. 0. 0. 0. 0.
  0. 0.]
 [0. 1. 1. 0. 0. 0. 0. 1. 1. 1. 0. 0. 1. 0. 0. 1. 1. 0. 1. 1. 0. 0. 0. 0.
  0. 0. 0. 0. 0. 0. 0. 0. 0. 0. 0. 0. 0. 0. 0. 0. 0. 0. 0. 0. 0. 0. 0. 0.
  0. 0.]
 [1. 0. 0. 1. 0. 0. 1. 1. 1. 1. 1. 1. 1. 0. 1. 0. 0. 1. 1. 1. 0. 0. 0. 0.
  0. 0. 0. 0. 0. 0. 0. 0. 0. 0. 0. 0. 0. 0. 0. 0. 0. 0. 0. 0. 0. 0. 0. 0.
  0. 0.]
 [0. 0. 0. 1. 1. 0. 1. 1. 1. 1. 0. 1. 0. 0. 1. 1. 1. 0. 1. 1. 0. 0. 0. 0.
  0. 0. 0. 0. 0. 0. 0. 0. 0. 0. 0. 0. 0. 0. 0. 0. 0. 0. 0. 0. 0. 0. 0. 0.
  0. 0.]
 [0. 0. 0. 1. 1. 1. 1. 1. 1. 1. 0. 1. 1. 1. 0. 0. 0. 0. 1. 1. 0. 0. 0. 0.
  0. 0. 0. 0. 0. 0. 0. 0. 0. 0. 0. 0. 0. 0. 0. 0. 0. 0. 0. 0. 0. 0. 0. 0.
  0. 0.]
 [0. 1. 1. 1. 0. 1. 1. 1. 1. 1. 1. 1. 0. 0. 0. 0. 1. 0. 1. 1. 0. 0. 0. 0.
  0. 0. 0. 0. 0. 0. 0. 0. 0. 0. 0. 0. 0. 0. 0. 0. 0. 0. 0. 0. 0. 0. 0. 0.
  0. 0.]
 [1. 0. 1. 0. 0. 1. 1. 0. 0. 0. 1. 0. 1. 1. 0. 1. 0. 1. 0. 0. 0. 0. 0. 0.
  0. 0. 0. 0. 0. 0. 0. 0. 0. 0. 0. 0. 0. 0. 0. 0. 0. 0. 0. 0. 0. 0. 0. 0.
  0. 0.]
 [1. 1. 1. 0. 1. 0. 0. 0. 0. 1. 1. 1. 1. 1. 1. 1. 0. 1. 1. 0. 0. 0. 0. 0.
  0. 0. 0. 0. 0. 0. 0. 0. 0. 0. 0. 0. 0. 0. 0. 0. 0. 0. 0. 0. 0. 0. 0. 0.
  0. 0.]
 [1. 1. 1. 0. 1. 1. 1. 0. 1. 1. 0. 0. 1. 1. 0. 1. 1. 0. 1. 1. 0. 0. 0. 0.
  0. 0. 0. 0. 0. 0. 0. 0. 0. 0. 0. 0. 0. 0. 0. 0. 0. 0. 0. 0. 0. 0. 0. 0.
  0. 0.]
 [1. 0. 1. 0. 1. 0. 1. 1. 0. 1. 0. 0. 0. 1. 1. 0. 0. 0. 1. 1. 0. 0. 0. 0.
  0. 0. 0. 0. 0. 0. 0. 0. 0. 0. 0. 0. 0. 0. 0. 0. 0. 0. 0. 0. 0. 0. 0. 0.
  0. 0.]
 [0. 0. 0. 1. 1. 0. 0. 1. 0. 1. 0. 0. 0. 0. 0. 0. 1. 1. 1. 1. 0. 0. 0. 0.
  0. 0. 0. 0. 0. 0. 0. 0. 0. 0. 0. 0. 0. 0. 0. 0. 0. 0. 0. 0. 0. 0. 0. 0.
  0. 0.]
 [0. 1. 1. 0. 1. 1. 1. 1. 0. 0. 1. 0. 1. 0. 1. 0. 0. 0. 1. 0. 0. 0. 0. 0.
  0. 0. 0. 0. 0. 0. 0. 0. 0. 0. 0. 0. 0. 0. 0. 0. 0. 0. 0. 0. 0. 0. 0. 0.
  0. 0.]
 [1. 1. 0. 0. 1. 1. 1. 0. 1. 0. 1. 0. 1. 1. 1. 1. 0. 1. 1. 1. 0. 0. 0. 0.
  0. 0. 0. 0. 0. 0. 0. 0. 0. 0. 0. 0. 0. 0. 0. 0. 0. 0. 0. 0. 0. 0. 0. 0.
  0. 0.]
 [1. 1. 0. 1. 1. 0. 1. 0. 0. 1. 1. 0. 1. 1. 0. 0. 0. 0. 1. 0. 0. 0. 0. 0.
  0. 0. 0. 0. 0. 0. 0. 0. 0. 0. 0. 0. 0. 0. 0. 0. 0. 0. 0. 0. 0. 0. 0. 0.
  0. 0.]]
start_times_array: [[33245. 33329. 33355. 33371. 33385. 33428. 33456. 33542. 33634. 33666.
  33739. 33800. 33813. 33861. 33931. 33999. 34055. 34139. 34162. 34256.]
 [31777. 32227. 32259. 32314. 32336. 32419. 32438. 32487. 32567. 32594.
  32663. 32709. 32795. 32846. 32847. 32935. 33012. 33110. 33158. 33182.]
 [31507. 31543. 31611. 31653. 31698. 31777. 31850. 31931. 32013. 32028.
  32063. 32155. 32165. 32208. 32226. 32299. 32368. 32423. 32486. 32749.]
 [31080. 31224. 31247. 31276. 31284. 31377. 31396. 31460. 31507. 31526.
  31530. 31614. 31686. 31688. 31854. 31931. 31943. 32035. 32102. 32140.]
 [30208. 30307. 30374. 30473. 30482. 30571. 30629. 30645. 30680. 30710.
  30768. 30796. 30866. 30948. 30978. 31062. 31067. 31122. 31125. 31216.]
 [29456. 29550. 29584. 29616. 29633. 29682. 29695. 29699. 29706. 29744.
  29806. 29852. 29881. 29968. 29991. 30035. 30128. 30143. 30152. 30265.]
 [28606. 28610. 28681. 28744. 28763. 28781. 28829. 28876. 28926. 29008.
  29102. 29124. 29131. 29200. 29268. 29302. 29377. 29390. 29445. 29490.]
 [27519. 27563. 27583. 27669. 27671. 27761. 27793. 27847. 27887. 27927.
  27930. 27950. 28018. 28102. 28142. 28233. 28286. 28363. 28446. 28543.]
 [26375. 26420. 26681. 26689. 26750. 26801. 26897. 26991. 27089. 27172.
  27220. 27226. 27248. 27298. 27322. 27358. 27379. 27396. 27444. 27498.]
 [25921. 25945. 25965. 26057. 26104. 26203. 26288. 26308. 26398. 26399.
  26419. 26455. 26513. 26515. 26601. 26643. 26750. 26819. 26961. 27193.]
 [24643. 24902. 24923. 25018. 25071. 25146. 25236. 25330. 25373. 25445.
  25483. 25543. 25573. 25579. 25654. 25685. 25772. 25835. 25859. 25875.]
 [23609. 23614. 23662. 23750. 23828. 23912. 23997. 23998. 24077. 24172.
  24214. 24235. 24304. 24393. 24461. 24517. 24547. 24705. 24803. 24878.]
 [22583. 22715. 22764. 22863. 22948. 22968. 22983. 23027. 23124. 23148.
  23160. 23258. 23311. 23378. 23388. 23479. 23526. 23604. 24157. 24415.]
 [22095. 22150. 22180. 22261. 22295. 22298. 22356. 22445. 22465. 22498.
  22560. 22630. 22717. 22772. 22863. 22865. 22898. 22920. 22940. 23093.]
 [21462. 21526. 21614. 21708. 21742. 21746. 21824. 21834. 21901. 21978.
  22031. 22098. 22189. 22213. 22243. 22319. 22389. 22445. 22534. 22641.]
 [20760. 20855. 20935. 20964. 21009. 21073. 21146. 21208. 21219. 21250.
  21327. 21388. 21408. 21462. 21499. 21516. 21674. 21706. 21804. 21824.]
 [20050. 20064. 20154. 20227. 20311. 20386. 20475. 20516. 20575. 20633.
  20677. 20698. 20759. 20850. 20875. 20923. 20935. 20972. 21052. 21340.]
 [19598. 19645. 19737. 19815. 19888. 19892. 19901. 19996. 20018. 20050.
  20139. 20203. 20227. 20339. 20422. 20513. 20614. 20694. 20842. 21346.]
 [17304. 18793. 18872. 18946. 18948. 19045. 19113. 19211. 19289. 19311.
  19352. 19410. 19509. 19561. 19628. 19676. 19709. 19757. 19898. 20044.]
 [18317. 18337. 18433. 18497. 18592. 18598. 18624. 18663. 18689. 18781.
  18793. 18858. 18872. 18943. 18974. 19071. 19095. 19180. 19269. 19280.]
 [17154. 17235. 17317. 17355. 17407. 17501. 17588. 17595. 17725. 17765.
  17826. 17905. 17907. 17914. 17985. 18034. 18052. 18113. 18182. 18232.]
 [14034. 16477. 16527. 16615. 16705. 16989. 17009. 17078. 17166. 17209.
  17303. 17354. 17448. 17460. 17550. 17586. 17589. 17688. 17725. 18048.]
 [13404. 15238. 15304. 15396. 15457. 15468. 15643. 15697. 15751. 15793.
  15880. 16491. 16525. 16596. 16656. 16708. 16804. 16829. 16884. 16933.]
 [14448. 15191. 15262. 15322. 15395. 15486. 15585. 15607. 15681. 15761.
  15840. 15937. 16030. 16115. 16187. 16283. 16335. 16405. 16416. 16511.]
 [14237. 14320. 14423. 14474. 14523. 14554. 14572. 14666. 14754. 14800.
  14898. 14964. 14971. 14991. 15044. 15053. 15060. 15074. 15159. 15609.]
 [13324. 13424. 13515. 13803. 13885. 13940. 14256. 14315. 14392. 14423.
  14514. 14574. 14635. 14697. 14756. 14845. 14870. 14888. 14917. 14966.]
 [13256. 13282. 13332. 13346. 13424. 13508. 13511. 13539. 13593. 13713.
  13808. 13846. 13904. 13974. 14049. 14055. 14081. 14107. 14161. 14316.]
 [10176. 10588. 11416. 11921. 13160. 13177. 13191. 13256. 13346. 13417.
  13464. 13472. 13511. 13520. 13578. 13673. 13698. 13699. 13764. 13808.]
 [12053. 12115. 12219. 12289. 12508. 12603. 12645. 12692. 12780. 12785.
  12797. 12851. 12869. 12952. 12979. 13017. 13066. 13160. 13282. 13360.]
 [10238. 11122. 11948. 12018. 12028. 12053. 12078. 12150. 12219. 12234.
  12251. 12282. 12342. 12411. 12450. 12504. 12560. 12645. 12692. 12732.]
 [10581. 10588. 10602. 10613. 11073. 11122. 11204. 11603. 11614. 11666.
  11686. 11721. 11794. 11875. 11917. 11921. 11948. 11962. 12035. 12045.]
 [10553. 10607. 10688. 10740. 10934. 11012. 11035. 11073. 11132. 11154.
  11199. 11265. 11359. 11416. 11498. 11549. 11603. 11628. 11725. 11780.]
 [ 9753.  9915.  9977. 10013. 10108. 10176. 10266. 10342. 10426. 10463.
  10501. 10531. 10553. 10581. 10671. 10677. 10768. 10841. 10934. 11035.]
 [ 9454.  9532.  9549.  9590.  9659.  9753.  9836.  9860.  9915.  9977.
  10073. 10097. 10167. 10217. 10238. 10289. 10308. 10328. 10387. 10432.]
 [ 8874.  9264.  9349.  9407.  9454.  9520.  9601.  9645.  9686.  9704.
   9789.  9845.  9847.  9928.  9929.  9965. 10016. 10041. 10052. 10073.]
 [ 6829.  6961.  7748.  7759.  8753.  8790.  8816.  8905.  9009.  9019.
   9032.  9097.  9127.  9151.  9230.  9328.  9389.  9454.  9483.  9510.]
 [ 8221.  8235.  8282.  8293.  8322.  8340.  8549.  8570.  8650.  8691.
   8753.  8825.  8874.  8926.  9009.  9045.  9076.  9127.  9184.  9217.]
 [ 5541.  5550.  7594.  7636.  7675.  7681.  7748.  7807.  7898.  7979.
   8069.  8076.  8125.  8221.  8272.  8310.  8366.  8413.  8508.  8531.]
 [  612.  5747.  5938.  6735.  6770.  6868.  6878.  6879.  6961.  7017.
   7048.  7136.  7188.  7284.  7359.  7413.  7425.  7488.  7532.  7575.]
 [ 5476.  5511.  5584.  5624.  5676.  5768.  5876.  6132.  6198.  6234.
   6241.  6247.  6316.  6400.  6454.  6507.  6604.  6642.  6735.  6763.]
 [ 5377.  5476.  5564.  5581.  5614.  5617.  5675.  5801.  5876.  5933.
   5938.  6045.  6056.  6132.  6225.  6236.  6299.  6388.  6484.  6499.]
 [ 5098.  5146.  5242.  5255.  5300.  5377.  5386.  5446.  5454.  5541.
   5570.  5626.  5665.  5747.  5781.  5801.  5859.  5900.  5948.  6004.]
 [ 3170.  3232.  4212.  4259.  4319.  4435.  4770.  4826.  4912.  4962.
   5290.  5315.  5405.  5419.  5486.  5499.  5717.  5745.  5792.  5799.]
 [ 3276.  4041.  4109.  4200.  4212.  4285.  4359.  4435.  4494.  4554.
   4574.  4657.  4745.  4770.  4847.  4912.  4956.  4986.  5070.  5098.]
 [ 1987.  2799.  2810.  2886.  2914.  3093.  3621.  3654.  3671.  3683.
   3741.  3797.  3828.  3924.  4013.  4041.  4074.  4149.  4359.  4996.]
 [ 2541.  2631.  2632.  2700.  2704.  2799.  2808.  2869.  2914.  2977.
   3012.  3093.  3170.  3179.  3232.  3276.  3335.  3431.  3507.  3601.]
 [  162.   973.  1794.  1854.  1952.  1955.  1959.  2007.  2079.  2120.
   2210.  2304.  2315.  2345.  2355.  2396.  2475.  2541.  2552.  2639.]
 [    0.    91.   156.  1573.  1623.  1689.  1724.  1794.  1892.  2007.
   2054.  2063.  2070.  2137.  2159.  2328.  2339.  2395.  2420.  2484.]
 [   58.    81.   792.   804.   855.   900.   923.   975.  1052.  1128.
   1176.  1228.  1281.  1334.  1352.  1355.  1373.  1429.  1527.  1598.]
 [    0.    64.    84.   173.   200.   205.   252.   344.   367.   445.
    509.   586.   598.   647.   687.   690.   750.   804.   841.   856.]]
