optimal_status: 0
solution: 16537.0
cpu_time: 3600.308767080307
gap: 0.9214488722259176
upper_bound: 1299.0
lower_bound: 16537.0
cg_matrix: [[0. 1. 1. 1. 1. 0. 1. 0. 1. 1. 1. 1. 0. 1. 1. 1. 1. 1. 1. 1.]
 [1. 0. 1. 1. 1. 1. 1. 1. 0. 1. 1. 1. 1. 0. 1. 1. 0. 1. 1. 0.]
 [1. 1. 0. 1. 0. 1. 1. 1. 1. 1. 0. 1. 1. 0. 1. 1. 1. 1. 1. 1.]
 [1. 1. 1. 0. 1. 1. 1. 1. 1. 1. 1. 0. 1. 1. 1. 0. 0. 1. 1. 1.]
 [1. 1. 0. 1. 0. 1. 1. 1. 1. 0. 0. 1. 1. 1. 1. 0. 1. 1. 1. 1.]
 [0. 1. 1. 1. 1. 0. 1. 1. 1. 1. 1. 1. 1. 1. 0. 1. 1. 1. 1. 1.]
 [1. 1. 1. 1. 1. 1. 0. 0. 0. 1. 1. 0. 1. 1. 1. 1. 1. 1. 1. 1.]
 [0. 1. 1. 1. 1. 1. 0. 0. 1. 0. 1. 1. 1. 0. 1. 1. 1. 1. 1. 1.]
 [1. 0. 1. 1. 1. 1. 0. 1. 0. 1. 1. 1. 1. 0. 1. 1. 1. 1. 0. 1.]
 [1. 1. 1. 1. 0. 1. 1. 0. 1. 0. 1. 1. 1. 1. 1. 1. 1. 1. 1. 1.]
 [1. 1. 0. 1. 0. 1. 1. 1. 1. 1. 0. 1. 0. 0. 1. 1. 1. 1. 1. 1.]
 [1. 1. 1. 0. 1. 1. 0. 1. 1. 1. 1. 0. 1. 1. 0. 1. 1. 1. 1. 1.]
 [0. 1. 1. 1. 1. 1. 1. 1. 1. 1. 0. 1. 0. 0. 1. 1. 1. 1. 1. 0.]
 [1. 0. 0. 1. 1. 1. 1. 0. 0. 1. 0. 1. 0. 0. 1. 1. 1. 1. 1. 1.]
 [1. 1. 1. 1. 1. 0. 1. 1. 1. 1. 1. 0. 1. 1. 0. 1. 1. 0. 1. 0.]
 [1. 1. 1. 0. 0. 1. 1. 1. 1. 1. 1. 1. 1. 1. 1. 0. 0. 1. 1. 1.]
 [1. 0. 1. 0. 1. 1. 1. 1. 1. 1. 1. 1. 1. 1. 1. 0. 0. 1. 1. 1.]
 [1. 1. 1. 1. 1. 1. 1. 1. 1. 1. 1. 1. 1. 1. 0. 1. 1. 0. 1. 1.]
 [1. 1. 1. 1. 1. 1. 1. 1. 0. 1. 1. 1. 1. 1. 1. 1. 1. 1. 0. 1.]
 [1. 0. 1. 1. 1. 1. 1. 1. 1. 1. 1. 1. 0. 1. 0. 1. 1. 1. 1. 0.]]
start_times_array: [[  811.  5987.  6100.  6900. 15587. 15659. 15899. 15924. 15973. 16040.
  16107. 16127. 16179. 16208. 16259. 16294. 16332. 16350. 16393. 16439.]
 [   61. 14556. 14624. 14696. 14794. 14951. 14959. 14974. 15145. 15217.
  15237. 15326. 15385. 15453. 15516. 15557. 15616. 15755. 15835. 16093.]
 [13600. 13606. 13725. 13813. 13884. 13935. 13998. 14030. 14046. 14109.
  14116. 14134. 14224. 14279. 14304. 14376. 14468. 14627. 14862. 15062.]
 [ 2995.  3150.  5116. 12794. 12837. 12923. 12973. 13037. 13125. 13182.
  13207. 13280. 13298. 13302. 13371. 13411. 13439. 13476. 13518. 13642.]
 [ 1899. 11565. 11650. 11663. 11738. 11769. 11835. 11907. 12015. 12155.
  12200. 12229. 12278. 12374. 12424. 12462. 12542. 12632. 12668. 12718.]
 [ 2692.  2866.  4161. 10541. 10772. 10888. 10937. 10960. 10979. 11017.
  11110. 11185. 11230. 11305. 11442. 11507. 11513. 11529. 11606. 12111.]
 [ 9196.  9200.  9459.  9558.  9568.  9653.  9732.  9734.  9788.  9868.
   9870.  9928.  9961. 10053. 10146. 10240. 10274. 10310. 10827. 11553.]
 [ 2650.  3185.  3532.  9751.  9811.  9847.  9858.  9955. 10012. 10083.
  10143. 10245. 10313. 10366. 10420. 10628. 10644. 10704. 11377. 11973.]
 [  134.   191.  1083.  1178.  1358.  1440.  2669.  3539.  8931.  9196.
   9347.  9459.  9543.  9611.  9691. 10163. 10479. 10827. 10859. 11630.]
 [ 1282.  7837.  8275.  8353.  8395.  8398.  8428.  8435.  8517.  8579.
   8592.  8751.  8773.  8851.  9079.  9137.  9190.  9239.  9324. 10628.]
 [ 5478.  5561.  5604.  7136.  7224.  7308.  7395.  7564.  7629.  7652.
   7659.  7694.  7788.  7821.  7831.  7915.  8075.  8163.  8181.  9367.]
 [ 6224.  6271.  6304.  6397.  6408.  6433.  6500.  6544.  6572.  6641.
   6774.  6818.  6992.  7035.  7088.  7473.  7512.  8000.  8990.  9567.]
 [  281.   305.   459.  5405.  5478.  5508.  5533.  5554.  5568.  5574.
   5615.  5634.  5655.  5691.  5763.  5859.  5891.  5896.  6026.  7136.]
 [  622.  2650.  4807.  4993.  5195.  5405.  5445.  5538.  5602.  5610.
   5666.  5676.  5769.  5797.  5874.  5961.  6067.  6252.  6269.  6783.]
 [   46.  3795.  4161.  4257.  4268.  4363.  4402.  4424.  4497.  4576.
   4640.  4719.  4904.  4969.  5058.  5096.  5113.  5273.  5346.  6479.]
 [ 1175.  1899.  2995.  3012.  3083.  3187.  3210.  3279.  3348.  3399.
   3439.  3558.  3640.  3687.  3729.  3788.  3840.  3883.  4033.  4078.]
 [ 2707.  2995.  3004.  3041.  3103.  3187.  3256.  3290.  3329.  3344.
   3428.  3460.  3558.  3630.  3725.  3840.  3920.  3998.  4078.  5116.]
 [ 1574.  1587.  1683.  1709.  1713.  1982.  2080.  2163.  2209.  2279.
   2347.  2384.  2404.  2439.  2538.  2565.  2577.  2774.  2897.  8676.]
 [  134.   458.   841.   940.  1083.  1118.  1124.  1178.  1212.  1358.
   1409.  1425.  1503.  1565.  1802.  1927.  2171.  6708.  6773.  9071.]
 [    0.    27.    63.   113.   209.   241.   247.   281.   365.   415.
    454.   459.   553.   602.   713.   876.  1013.  1054.  1561.  6134.]]
