optimal_status: 0
solution: 34909.0
cpu_time: 3603.958794116974
gap: 0.9520075264142948
upper_bound: 1675.3692604033881
lower_bound: 34909.0
cg_matrix: [[0. 0. 0. 0. 1. 1. 1. 0. 1. 0. 1. 1. 0. 1. 0. 1. 0. 1. 1. 1. 1. 0. 0. 0.
  0. 1. 1. 1. 1. 1. 1. 0. 0. 0. 0. 0. 0. 1. 1. 1. 1. 1. 1. 0. 0. 0. 0. 0.
  0. 0.]
 [0. 0. 1. 1. 1. 0. 0. 1. 0. 0. 0. 1. 1. 1. 0. 0. 1. 1. 0. 1. 0. 1. 1. 0.
  0. 1. 0. 0. 1. 0. 0. 0. 1. 0. 1. 1. 1. 0. 0. 0. 1. 1. 1. 1. 1. 0. 0. 1.
  0. 1.]
 [0. 1. 0. 0. 0. 0. 0. 1. 1. 1. 1. 0. 1. 0. 0. 1. 1. 1. 1. 1. 1. 1. 1. 1.
  1. 0. 1. 1. 1. 1. 1. 1. 0. 0. 0. 0. 0. 0. 0. 0. 1. 1. 1. 1. 1. 0. 0. 1.
  0. 0.]
 [0. 1. 0. 0. 0. 1. 1. 0. 1. 1. 1. 1. 0. 0. 0. 0. 0. 0. 1. 1. 1. 0. 1. 1.
  1. 1. 1. 0. 0. 1. 0. 0. 1. 0. 1. 0. 1. 1. 1. 1. 0. 1. 1. 0. 0. 1. 1. 0.
  0. 0.]
 [1. 1. 0. 0. 0. 0. 0. 0. 1. 1. 0. 0. 1. 1. 0. 0. 1. 0. 0. 1. 1. 1. 0. 0.
  1. 0. 0. 0. 1. 0. 0. 0. 0. 0. 0. 0. 1. 0. 0. 1. 0. 0. 1. 1. 1. 0. 0. 0.
  1. 1.]
 [1. 0. 0. 1. 0. 0. 0. 1. 0. 1. 1. 0. 0. 0. 1. 1. 1. 1. 1. 0. 1. 1. 1. 0.
  1. 1. 0. 0. 0. 0. 0. 0. 0. 1. 1. 0. 1. 1. 0. 0. 0. 0. 0. 1. 0. 1. 0. 0.
  1. 0.]
 [1. 0. 0. 1. 0. 0. 0. 0. 1. 0. 1. 0. 0. 1. 1. 0. 0. 0. 1. 0. 1. 1. 1. 0.
  0. 0. 1. 1. 0. 1. 1. 0. 0. 0. 0. 0. 1. 1. 1. 1. 1. 0. 1. 0. 0. 0. 0. 0.
  1. 1.]
 [0. 1. 1. 0. 0. 1. 0. 0. 1. 1. 1. 1. 1. 1. 1. 1. 0. 0. 1. 1. 1. 0. 1. 1.
  0. 1. 0. 0. 0. 0. 0. 0. 1. 1. 0. 1. 1. 0. 0. 0. 0. 0. 1. 1. 1. 0. 1. 1.
  0. 0.]
 [1. 0. 1. 1. 1. 0. 1. 1. 0. 0. 1. 1. 0. 0. 1. 0. 0. 1. 0. 0. 0. 0. 0. 0.
  1. 1. 1. 0. 1. 1. 0. 0. 1. 0. 1. 1. 1. 0. 1. 0. 1. 0. 1. 1. 0. 0. 1. 0.
  1. 0.]
 [0. 0. 1. 1. 1. 1. 0. 1. 0. 0. 1. 1. 1. 1. 0. 0. 1. 0. 0. 1. 1. 1. 0. 0.
  1. 1. 1. 1. 0. 1. 1. 1. 1. 1. 1. 1. 0. 0. 1. 0. 1. 1. 1. 0. 1. 1. 1. 0.
  1. 0.]
 [1. 0. 1. 1. 0. 1. 1. 1. 1. 1. 0. 1. 1. 0. 0. 0. 0. 0. 0. 1. 1. 1. 1. 0.
  1. 1. 0. 1. 0. 1. 0. 0. 1. 0. 0. 1. 0. 0. 0. 0. 1. 0. 1. 1. 1. 1. 1. 1.
  1. 0.]
 [1. 1. 0. 1. 0. 0. 0. 1. 1. 1. 1. 0. 0. 1. 0. 1. 0. 0. 0. 1. 1. 1. 1. 0.
  1. 1. 1. 1. 1. 1. 1. 1. 1. 1. 1. 0. 0. 0. 0. 0. 1. 1. 0. 1. 0. 0. 1. 1.
  0. 0.]
 [0. 1. 1. 0. 1. 0. 0. 1. 0. 1. 1. 0. 0. 0. 1. 1. 0. 1. 0. 0. 0. 1. 1. 0.
  1. 1. 1. 0. 1. 1. 1. 0. 1. 0. 0. 0. 1. 1. 0. 1. 1. 1. 0. 1. 1. 1. 1. 0.
  0. 1.]
 [1. 1. 0. 0. 1. 0. 1. 1. 0. 1. 0. 1. 0. 0. 1. 1. 0. 0. 1. 0. 1. 0. 0. 0.
  1. 1. 0. 1. 1. 0. 0. 1. 1. 0. 1. 1. 1. 0. 1. 1. 0. 1. 0. 0. 0. 1. 0. 0.
  0. 0.]
 [0. 0. 0. 0. 0. 1. 1. 1. 1. 0. 0. 0. 1. 1. 0. 1. 0. 0. 0. 1. 1. 0. 0. 1.
  1. 0. 0. 0. 1. 1. 0. 0. 0. 1. 0. 1. 1. 0. 1. 1. 1. 1. 0. 0. 0. 0. 0. 1.
  0. 0.]
 [1. 0. 1. 0. 0. 1. 0. 1. 0. 0. 0. 1. 1. 1. 1. 0. 0. 1. 1. 1. 0. 1. 1. 0.
  0. 1. 0. 1. 0. 1. 0. 0. 1. 1. 0. 0. 1. 1. 1. 0. 1. 0. 0. 1. 1. 1. 0. 0.
  1. 0.]
 [0. 1. 1. 0. 1. 1. 0. 0. 0. 1. 0. 0. 0. 0. 0. 0. 0. 1. 1. 0. 1. 1. 0. 0.
  0. 0. 0. 1. 1. 0. 0. 0. 1. 0. 1. 1. 1. 1. 1. 0. 0. 0. 1. 0. 1. 0. 0. 1.
  1. 1.]
 [1. 1. 1. 0. 0. 1. 0. 0. 1. 0. 0. 0. 1. 0. 0. 1. 1. 0. 0. 0. 1. 1. 1. 1.
  1. 1. 1. 1. 1. 0. 1. 0. 0. 0. 0. 0. 1. 0. 1. 1. 0. 1. 1. 0. 0. 1. 0. 1.
  0. 0.]
 [1. 0. 1. 1. 0. 1. 1. 1. 0. 0. 0. 0. 0. 1. 0. 1. 1. 0. 0. 1. 1. 1. 0. 1.
  0. 1. 1. 0. 1. 1. 0. 1. 0. 0. 0. 0. 0. 1. 1. 0. 1. 1. 0. 1. 0. 0. 1. 0.
  1. 1.]
 [1. 1. 1. 1. 1. 0. 0. 1. 0. 1. 1. 1. 0. 0. 1. 1. 0. 0. 1. 0. 1. 1. 1. 1.
  1. 1. 0. 1. 0. 0. 1. 0. 0. 1. 1. 1. 1. 1. 1. 0. 0. 1. 1. 0. 1. 0. 0. 0.
  0. 1.]
 [1. 0. 1. 1. 1. 1. 1. 1. 0. 1. 1. 1. 0. 1. 1. 0. 1. 1. 1. 1. 0. 0. 0. 0.
  0. 0. 0. 0. 0. 0. 0. 0. 0. 0. 0. 0. 0. 0. 0. 0. 0. 0. 0. 0. 0. 0. 0. 0.
  0. 0.]
 [0. 1. 1. 0. 1. 1. 1. 0. 0. 1. 1. 1. 1. 0. 0. 1. 1. 1. 1. 1. 0. 0. 0. 0.
  0. 0. 0. 0. 0. 0. 0. 0. 0. 0. 0. 0. 0. 0. 0. 0. 0. 0. 0. 0. 0. 0. 0. 0.
  0. 0.]
 [0. 1. 1. 1. 0. 1. 1. 1. 0. 0. 1. 1. 1. 0. 0. 1. 0. 1. 0. 1. 0. 0. 0. 0.
  0. 0. 0. 0. 0. 0. 0. 0. 0. 0. 0. 0. 0. 0. 0. 0. 0. 0. 0. 0. 0. 0. 0. 0.
  0. 0.]
 [0. 0. 1. 1. 0. 0. 0. 1. 0. 0. 0. 0. 0. 0. 1. 0. 0. 1. 1. 1. 0. 0. 0. 0.
  0. 0. 0. 0. 0. 0. 0. 0. 0. 0. 0. 0. 0. 0. 0. 0. 0. 0. 0. 0. 0. 0. 0. 0.
  0. 0.]
 [0. 0. 1. 1. 1. 1. 0. 0. 1. 1. 1. 1. 1. 1. 1. 0. 0. 1. 0. 1. 0. 0. 0. 0.
  0. 0. 0. 0. 0. 0. 0. 0. 0. 0. 0. 0. 0. 0. 0. 0. 0. 0. 0. 0. 0. 0. 0. 0.
  0. 0.]
 [1. 1. 0. 1. 0. 1. 0. 1. 1. 1. 1. 1. 1. 1. 0. 1. 0. 1. 1. 1. 0. 0. 0. 0.
  0. 0. 0. 0. 0. 0. 0. 0. 0. 0. 0. 0. 0. 0. 0. 0. 0. 0. 0. 0. 0. 0. 0. 0.
  0. 0.]
 [1. 0. 1. 1. 0. 0. 1. 0. 1. 1. 0. 1. 1. 0. 0. 0. 0. 1. 1. 0. 0. 0. 0. 0.
  0. 0. 0. 0. 0. 0. 0. 0. 0. 0. 0. 0. 0. 0. 0. 0. 0. 0. 0. 0. 0. 0. 0. 0.
  0. 0.]
 [1. 0. 1. 0. 0. 0. 1. 0. 0. 1. 1. 1. 0. 1. 0. 1. 1. 1. 0. 1. 0. 0. 0. 0.
  0. 0. 0. 0. 0. 0. 0. 0. 0. 0. 0. 0. 0. 0. 0. 0. 0. 0. 0. 0. 0. 0. 0. 0.
  0. 0.]
 [1. 1. 1. 0. 1. 0. 0. 0. 1. 0. 0. 1. 1. 1. 1. 0. 1. 1. 1. 0. 0. 0. 0. 0.
  0. 0. 0. 0. 0. 0. 0. 0. 0. 0. 0. 0. 0. 0. 0. 0. 0. 0. 0. 0. 0. 0. 0. 0.
  0. 0.]
 [1. 0. 1. 1. 0. 0. 1. 0. 1. 1. 1. 1. 1. 0. 1. 1. 0. 0. 1. 0. 0. 0. 0. 0.
  0. 0. 0. 0. 0. 0. 0. 0. 0. 0. 0. 0. 0. 0. 0. 0. 0. 0. 0. 0. 0. 0. 0. 0.
  0. 0.]
 [1. 0. 1. 0. 0. 0. 1. 0. 0. 1. 0. 1. 1. 0. 0. 0. 0. 1. 0. 1. 0. 0. 0. 0.
  0. 0. 0. 0. 0. 0. 0. 0. 0. 0. 0. 0. 0. 0. 0. 0. 0. 0. 0. 0. 0. 0. 0. 0.
  0. 0.]
 [0. 0. 1. 0. 0. 0. 0. 0. 0. 1. 0. 1. 0. 1. 0. 0. 0. 0. 1. 0. 0. 0. 0. 0.
  0. 0. 0. 0. 0. 0. 0. 0. 0. 0. 0. 0. 0. 0. 0. 0. 0. 0. 0. 0. 0. 0. 0. 0.
  0. 0.]
 [0. 1. 0. 1. 0. 0. 0. 1. 1. 1. 1. 1. 1. 1. 0. 1. 1. 0. 0. 0. 0. 0. 0. 0.
  0. 0. 0. 0. 0. 0. 0. 0. 0. 0. 0. 0. 0. 0. 0. 0. 0. 0. 0. 0. 0. 0. 0. 0.
  0. 0.]
 [0. 0. 0. 0. 0. 1. 0. 1. 0. 1. 0. 1. 0. 0. 1. 1. 0. 0. 0. 1. 0. 0. 0. 0.
  0. 0. 0. 0. 0. 0. 0. 0. 0. 0. 0. 0. 0. 0. 0. 0. 0. 0. 0. 0. 0. 0. 0. 0.
  0. 0.]
 [0. 1. 0. 1. 0. 1. 0. 0. 1. 1. 0. 1. 0. 1. 0. 0. 1. 0. 0. 1. 0. 0. 0. 0.
  0. 0. 0. 0. 0. 0. 0. 0. 0. 0. 0. 0. 0. 0. 0. 0. 0. 0. 0. 0. 0. 0. 0. 0.
  0. 0.]
 [0. 1. 0. 0. 0. 0. 0. 1. 1. 1. 1. 0. 0. 1. 1. 0. 1. 0. 0. 1. 0. 0. 0. 0.
  0. 0. 0. 0. 0. 0. 0. 0. 0. 0. 0. 0. 0. 0. 0. 0. 0. 0. 0. 0. 0. 0. 0. 0.
  0. 0.]
 [0. 1. 0. 1. 1. 1. 1. 1. 1. 0. 0. 0. 1. 1. 1. 1. 1. 1. 0. 1. 0. 0. 0. 0.
  0. 0. 0. 0. 0. 0. 0. 0. 0. 0. 0. 0. 0. 0. 0. 0. 0. 0. 0. 0. 0. 0. 0. 0.
  0. 0.]
 [1. 0. 0. 1. 0. 1. 1. 0. 0. 0. 0. 0. 1. 0. 0. 1. 1. 0. 1. 1. 0. 0. 0. 0.
  0. 0. 0. 0. 0. 0. 0. 0. 0. 0. 0. 0. 0. 0. 0. 0. 0. 0. 0. 0. 0. 0. 0. 0.
  0. 0.]
 [1. 0. 0. 1. 0. 0. 1. 0. 1. 1. 0. 0. 0. 1. 1. 1. 1. 1. 1. 1. 0. 0. 0. 0.
  0. 0. 0. 0. 0. 0. 0. 0. 0. 0. 0. 0. 0. 0. 0. 0. 0. 0. 0. 0. 0. 0. 0. 0.
  0. 0.]
 [1. 0. 0. 1. 1. 0. 1. 0. 0. 0. 0. 0. 1. 1. 1. 0. 0. 1. 0. 0. 0. 0. 0. 0.
  0. 0. 0. 0. 0. 0. 0. 0. 0. 0. 0. 0. 0. 0. 0. 0. 0. 0. 0. 0. 0. 0. 0. 0.
  0. 0.]
 [1. 1. 1. 0. 0. 0. 1. 0. 1. 1. 1. 1. 1. 0. 1. 1. 0. 0. 1. 0. 0. 0. 0. 0.
  0. 0. 0. 0. 0. 0. 0. 0. 0. 0. 0. 0. 0. 0. 0. 0. 0. 0. 0. 0. 0. 0. 0. 0.
  0. 0.]
 [1. 1. 1. 1. 0. 0. 0. 0. 0. 1. 0. 1. 1. 1. 1. 0. 0. 1. 1. 1. 0. 0. 0. 0.
  0. 0. 0. 0. 0. 0. 0. 0. 0. 0. 0. 0. 0. 0. 0. 0. 0. 0. 0. 0. 0. 0. 0. 0.
  0. 0.]
 [1. 1. 1. 1. 1. 0. 1. 1. 1. 1. 1. 0. 0. 0. 0. 0. 1. 1. 0. 1. 0. 0. 0. 0.
  0. 0. 0. 0. 0. 0. 0. 0. 0. 0. 0. 0. 0. 0. 0. 0. 0. 0. 0. 0. 0. 0. 0. 0.
  0. 0.]
 [0. 1. 1. 0. 1. 1. 0. 1. 1. 0. 1. 1. 1. 0. 0. 1. 0. 0. 1. 0. 0. 0. 0. 0.
  0. 0. 0. 0. 0. 0. 0. 0. 0. 0. 0. 0. 0. 0. 0. 0. 0. 0. 0. 0. 0. 0. 0. 0.
  0. 0.]
 [0. 1. 1. 0. 1. 0. 0. 1. 0. 1. 1. 0. 1. 0. 0. 1. 1. 0. 0. 1. 0. 0. 0. 0.
  0. 0. 0. 0. 0. 0. 0. 0. 0. 0. 0. 0. 0. 0. 0. 0. 0. 0. 0. 0. 0. 0. 0. 0.
  0. 0.]
 [0. 0. 0. 1. 0. 1. 0. 0. 0. 1. 1. 0. 1. 1. 0. 1. 0. 1. 0. 0. 0. 0. 0. 0.
  0. 0. 0. 0. 0. 0. 0. 0. 0. 0. 0. 0. 0. 0. 0. 0. 0. 0. 0. 0. 0. 0. 0. 0.
  0. 0.]
 [0. 0. 0. 1. 0. 0. 0. 1. 1. 1. 1. 1. 1. 0. 0. 0. 0. 0. 1. 0. 0. 0. 0. 0.
  0. 0. 0. 0. 0. 0. 0. 0. 0. 0. 0. 0. 0. 0. 0. 0. 0. 0. 0. 0. 0. 0. 0. 0.
  0. 0.]
 [0. 1. 1. 0. 0. 0. 0. 1. 0. 0. 1. 1. 0. 0. 1. 0. 1. 1. 0. 0. 0. 0. 0. 0.
  0. 0. 0. 0. 0. 0. 0. 0. 0. 0. 0. 0. 0. 0. 0. 0. 0. 0. 0. 0. 0. 0. 0. 0.
  0. 0.]
 [0. 0. 0. 0. 1. 1. 1. 0. 1. 1. 1. 0. 0. 0. 0. 1. 1. 0. 1. 0. 0. 0. 0. 0.
  0. 0. 0. 0. 0. 0. 0. 0. 0. 0. 0. 0. 0. 0. 0. 0. 0. 0. 0. 0. 0. 0. 0. 0.
  0. 0.]
 [0. 1. 0. 0. 1. 0. 1. 0. 0. 0. 0. 0. 1. 0. 0. 0. 1. 0. 1. 1. 0. 0. 0. 0.
  0. 0. 0. 0. 0. 0. 0. 0. 0. 0. 0. 0. 0. 0. 0. 0. 0. 0. 0. 0. 0. 0. 0. 0.
  0. 0.]]
start_times_array: [[3.35950000e+04 3.36490000e+04 3.37450000e+04 3.38410000e+04
  3.39030000e+04 3.39740000e+04 3.40160000e+04 3.40780000e+04
  3.41710000e+04 3.42690000e+04 3.42790000e+04 3.43330000e+04
  3.43460000e+04 3.43830000e+04 3.44440000e+04 3.45360000e+04
  3.46260000e+04 3.46850000e+04 3.47490000e+04 3.48450000e+04]
 [3.28900000e+04 3.29740000e+04 3.30670000e+04 3.30890000e+04
  3.30960000e+04 3.31790000e+04 3.32350000e+04 3.33290000e+04
  3.33810000e+04 3.33870000e+04 3.34720000e+04 3.35100000e+04
  3.35920000e+04 3.35950000e+04 3.36890000e+04 3.37210000e+04
  3.37380000e+04 3.38040000e+04 3.38830000e+04 3.45520000e+04]
 [3.13210000e+04 3.18460000e+04 3.20780000e+04 3.20830000e+04
  3.20970000e+04 3.21500000e+04 3.21620000e+04 3.21790000e+04
  3.22720000e+04 3.23000000e+04 3.23570000e+04 3.23660000e+04
  3.24440000e+04 3.24630000e+04 3.25250000e+04 3.25750000e+04
  3.26600000e+04 3.26630000e+04 3.27200000e+04 3.28150000e+04]
 [3.12220000e+04 3.13210000e+04 3.13370000e+04 3.14210000e+04
  3.14720000e+04 3.15560000e+04 3.15740000e+04 3.15950000e+04
  3.16490000e+04 3.16570000e+04 3.16950000e+04 3.17750000e+04
  3.17790000e+04 3.18600000e+04 3.18860000e+04 3.19340000e+04
  3.19850000e+04 3.20780000e+04 3.21540000e+04 3.24470000e+04]
 [2.77280000e+04 2.77370000e+04 3.03250000e+04 3.03270000e+04
  3.03980000e+04 3.04580000e+04 3.05560000e+04 3.05590000e+04
  3.05850000e+04 3.06450000e+04 3.07020000e+04 3.07570000e+04
  3.08040000e+04 3.08490000e+04 3.08960000e+04 3.09750000e+04
  3.10330000e+04 3.11320000e+04 3.12220000e+04 3.12430000e+04]
 [2.92520000e+04 2.93420000e+04 2.94340000e+04 2.95300000e+04
  2.95740000e+04 2.96620000e+04 2.97410000e+04 2.98190000e+04
  2.98220000e+04 2.98390000e+04 2.98500000e+04 2.98840000e+04
  2.98990000e+04 2.99450000e+04 2.99920000e+04 3.00820000e+04
  3.01400000e+04 3.02350000e+04 3.02680000e+04 3.03910000e+04]
 [2.77690000e+04 2.77940000e+04 2.78930000e+04 2.79100000e+04
  2.79740000e+04 2.80650000e+04 2.81490000e+04 2.88180000e+04
  2.88390000e+04 2.89370000e+04 2.89870000e+04 2.90430000e+04
  2.91000000e+04 2.91040000e+04 2.91700000e+04 2.92250000e+04
  2.92280000e+04 2.92420000e+04 2.92520000e+04 2.98260000e+04]
 [2.77280000e+04 2.78220000e+04 2.78400000e+04 2.79100000e+04
  2.80020000e+04 2.80360000e+04 2.80650000e+04 2.81300000e+04
  2.81490000e+04 2.82340000e+04 2.82890000e+04 2.83330000e+04
  2.84200000e+04 2.84790000e+04 2.85130000e+04 2.85990000e+04
  2.86710000e+04 2.86990000e+04 2.87610000e+04 2.87830000e+04]
 [2.62870000e+04 2.63750000e+04 2.63850000e+04 2.66450000e+04
  2.67410000e+04 2.67870000e+04 2.68350000e+04 2.69090000e+04
  2.69910000e+04 2.70820000e+04 2.71270000e+04 2.72120000e+04
  2.72650000e+04 2.73410000e+04 2.73740000e+04 2.74410000e+04
  2.75040000e+04 2.75480000e+04 2.76300000e+04 2.76810000e+04]
 [2.62870000e+04 2.63320000e+04 2.63480000e+04 2.64110000e+04
  2.64270000e+04 2.65130000e+04 2.65870000e+04 2.66450000e+04
  2.66840000e+04 2.67340000e+04 2.67620000e+04 2.68120000e+04
  2.68800000e+04 2.69190000e+04 2.69250000e+04 2.69600000e+04
  2.69660000e+04 2.69790000e+04 2.70050000e+04 2.74110000e+04]
 [2.51300000e+04 2.51540000e+04 2.52370000e+04 2.52900000e+04
  2.53500000e+04 2.54170000e+04 2.54950000e+04 2.55140000e+04
  2.55650000e+04 2.55790000e+04 2.56270000e+04 2.56840000e+04
  2.57360000e+04 2.58280000e+04 2.58770000e+04 2.59510000e+04
  2.60330000e+04 2.60650000e+04 2.61280000e+04 2.62190000e+04]
 [2.40490000e+04 2.40560000e+04 2.41330000e+04 2.42300000e+04
  2.43280000e+04 2.43480000e+04 2.44040000e+04 2.45180000e+04
  2.45750000e+04 2.46290000e+04 2.46870000e+04 2.47070000e+04
  2.47370000e+04 2.48140000e+04 2.48820000e+04 2.49450000e+04
  2.49510000e+04 2.50140000e+04 2.50810000e+04 2.51040000e+04]
 [2.38750000e+04 2.39510000e+04 2.40320000e+04 2.41330000e+04
  2.41680000e+04 2.42530000e+04 2.42820000e+04 2.42920000e+04
  2.43440000e+04 2.43550000e+04 2.43760000e+04 2.43770000e+04
  2.44730000e+04 2.45180000e+04 2.45490000e+04 2.45920000e+04
  2.46030000e+04 2.46500000e+04 2.46910000e+04 2.48850000e+04]
 [2.30070000e+04 2.30440000e+04 2.31160000e+04 2.31190000e+04
  2.32040000e+04 2.32380000e+04 2.32640000e+04 2.33390000e+04
  2.34310000e+04 2.35140000e+04 2.35220000e+04 2.36010000e+04
  2.36700000e+04 2.37280000e+04 2.37950000e+04 2.37960000e+04
  2.38750000e+04 2.39390000e+04 2.39880000e+04 2.40450000e+04]
 [2.21760000e+04 2.22900000e+04 2.23090000e+04 2.23400000e+04
  2.23840000e+04 2.23860000e+04 2.24030000e+04 2.24850000e+04
  2.24990000e+04 2.25810000e+04 2.26760000e+04 2.27010000e+04
  2.27680000e+04 2.28430000e+04 2.28840000e+04 2.29760000e+04
  2.29790000e+04 2.29850000e+04 2.30100000e+04 2.30960000e+04]
 [2.09970000e+04 2.15170000e+04 2.16180000e+04 2.16670000e+04
  2.16760000e+04 2.17210000e+04 2.17620000e+04 2.17850000e+04
  2.18280000e+04 2.18630000e+04 2.19050000e+04 2.19930000e+04
  2.20120000e+04 2.20150000e+04 2.20230000e+04 2.21190000e+04
  2.21460000e+04 2.22060000e+04 2.22430000e+04 2.22620000e+04]
 [2.09970000e+04 2.10160000e+04 2.10800000e+04 2.11550000e+04
  2.11750000e+04 2.12740000e+04 2.13590000e+04 2.14150000e+04
  2.15130000e+04 2.15480000e+04 2.16180000e+04 2.16620000e+04
  2.16780000e+04 2.17030000e+04 2.17090000e+04 2.17190000e+04
  2.17420000e+04 2.17500000e+04 2.18480000e+04 2.18730000e+04]
 [1.96310000e+04 1.96320000e+04 1.96560000e+04 2.02860000e+04
  2.03300000e+04 2.03800000e+04 2.04340000e+04 2.04350000e+04
  2.04820000e+04 2.05490000e+04 2.06110000e+04 2.06350000e+04
  2.06710000e+04 2.07650000e+04 2.07810000e+04 2.07890000e+04
  2.08450000e+04 2.08610000e+04 2.08790000e+04 2.09280000e+04]
 [1.96310000e+04 1.97670000e+04 1.98560000e+04 1.99270000e+04
  2.00140000e+04 2.00920000e+04 2.01770000e+04 2.01950000e+04
  2.02140000e+04 2.02340000e+04 2.03300000e+04 2.03800000e+04
  2.04460000e+04 2.04990000e+04 2.05690000e+04 2.06170000e+04
  2.06370000e+04 2.06780000e+04 2.07710000e+04 2.09070000e+04]
 [1.87880000e+04 1.88780000e+04 1.89070000e+04 1.89320000e+04
  1.90000000e+04 1.90180000e+04 1.90650000e+04 1.91470000e+04
  1.91820000e+04 1.92100000e+04 1.92190000e+04 1.92640000e+04
  1.93240000e+04 1.93880000e+04 1.94200000e+04 1.94360000e+04
  1.94620000e+04 1.95090000e+04 1.95420000e+04 1.97280000e+04]
 [1.65840000e+04 1.66630000e+04 1.70130000e+04 1.77540000e+04
  1.78010000e+04 1.78420000e+04 1.78990000e+04 1.80550000e+04
  1.80630000e+04 1.81540000e+04 1.82240000e+04 1.82510000e+04
  1.83410000e+04 1.84140000e+04 1.84730000e+04 1.84940000e+04
  1.85610000e+04 1.86380000e+04 1.86930000e+04 1.87470000e+04]
 [1.68840000e+04 1.69230000e+04 1.75390000e+04 1.75940000e+04
  1.76750000e+04 1.76810000e+04 1.77540000e+04 1.77710000e+04
  1.78150000e+04 1.78420000e+04 1.78990000e+04 1.79140000e+04
  1.79470000e+04 1.79630000e+04 1.80010000e+04 1.80020000e+04
  1.80630000e+04 1.80740000e+04 1.81300000e+04 1.82940000e+04]
 [1.69650000e+04 1.70130000e+04 1.70690000e+04 1.70760000e+04
  1.71100000e+04 1.71690000e+04 1.72340000e+04 1.72350000e+04
  1.73000000e+04 1.73080000e+04 1.73270000e+04 1.73580000e+04
  1.74150000e+04 1.74820000e+04 1.75390000e+04 1.76330000e+04
  1.76650000e+04 1.77140000e+04 1.79230000e+04 1.79950000e+04]
 [1.64260000e+04 1.64910000e+04 1.65020000e+04 1.65840000e+04
  1.66340000e+04 1.66730000e+04 1.67290000e+04 1.67870000e+04
  1.68460000e+04 1.68510000e+04 1.68840000e+04 1.69650000e+04
  1.70580000e+04 1.71040000e+04 1.71270000e+04 1.72070000e+04
  1.72310000e+04 1.72440000e+04 1.72540000e+04 1.72900000e+04]
 [1.44360000e+04 1.58540000e+04 1.58860000e+04 1.59230000e+04
  1.59360000e+04 1.59920000e+04 1.59980000e+04 1.60720000e+04
  1.61550000e+04 1.62050000e+04 1.62650000e+04 1.62770000e+04
  1.63670000e+04 1.64800000e+04 1.65120000e+04 1.65840000e+04
  1.66600000e+04 1.67470000e+04 1.67870000e+04 1.68100000e+04]
 [1.09070000e+04 1.55090000e+04 1.55870000e+04 1.56310000e+04
  1.56360000e+04 1.57230000e+04 1.57830000e+04 1.58360000e+04
  1.58540000e+04 1.59450000e+04 1.60120000e+04 1.60710000e+04
  1.61520000e+04 1.61600000e+04 1.61760000e+04 1.62700000e+04
  1.63640000e+04 1.64110000e+04 1.64370000e+04 1.65940000e+04]
 [1.28880000e+04 1.30850000e+04 1.41340000e+04 1.44960000e+04
  1.45050000e+04 1.45870000e+04 1.46740000e+04 1.47140000e+04
  1.47200000e+04 1.47900000e+04 1.48730000e+04 1.49590000e+04
  1.50490000e+04 1.51260000e+04 1.51390000e+04 1.52040000e+04
  1.52250000e+04 1.53080000e+04 1.53660000e+04 1.54610000e+04]
 [1.36830000e+04 1.36900000e+04 1.37830000e+04 1.38580000e+04
  1.39400000e+04 1.39740000e+04 1.40020000e+04 1.40100000e+04
  1.40420000e+04 1.41050000e+04 1.41100000e+04 1.41370000e+04
  1.42270000e+04 1.42590000e+04 1.42740000e+04 1.43260000e+04
  1.43890000e+04 1.44000000e+04 1.45870000e+04 1.46120000e+04]
 [1.26680000e+04 1.29610000e+04 1.30340000e+04 1.30670000e+04
  1.31400000e+04 1.31590000e+04 1.32070000e+04 1.32140000e+04
  1.32880000e+04 1.33650000e+04 1.34130000e+04 1.34180000e+04
  1.34650000e+04 1.35030000e+04 1.35760000e+04 1.36590000e+04
  1.36830000e+04 1.37630000e+04 1.38430000e+04 1.38840000e+04]
 [1.13650000e+04 1.14150000e+04 1.14490000e+04 1.18810000e+04
  1.22160000e+04 1.22470000e+04 1.23270000e+04 1.23860000e+04
  1.24390000e+04 1.26890000e+04 1.27070000e+04 1.27440000e+04
  1.28160000e+04 1.28880000e+04 1.29610000e+04 1.29670000e+04
  1.30530000e+04 1.30700000e+04 1.30830000e+04 1.37390000e+04]
 [1.18300000e+04 1.19250000e+04 1.20240000e+04 1.20590000e+04
  1.21140000e+04 1.21810000e+04 1.22350000e+04 1.22500000e+04
  1.22750000e+04 1.22770000e+04 1.23370000e+04 1.23720000e+04
  1.23860000e+04 1.24000000e+04 1.24370000e+04 1.25190000e+04
  1.25560000e+04 1.26030000e+04 1.26310000e+04 1.26680000e+04]
 [9.80400000e+03 1.08840000e+04 1.09070000e+04 1.09750000e+04
  1.09880000e+04 1.10860000e+04 1.11530000e+04 1.12110000e+04
  1.12920000e+04 1.13540000e+04 1.13650000e+04 1.14640000e+04
  1.15390000e+04 1.15800000e+04 1.16030000e+04 1.16160000e+04
  1.16510000e+04 1.17240000e+04 1.17590000e+04 1.18300000e+04]
 [9.35400000e+03 9.52000000e+03 9.55900000e+03 9.68800000e+03
  9.75500000e+03 1.03610000e+04 1.08660000e+04 1.09140000e+04
  1.09310000e+04 1.12120000e+04 1.13070000e+04 1.13930000e+04
  1.15200000e+04 1.15390000e+04 1.15880000e+04 1.16510000e+04
  1.17170000e+04 1.17860000e+04 1.18590000e+04 1.22690000e+04]
 [1.00080000e+04 1.00770000e+04 1.00800000e+04 1.00910000e+04
  1.01670000e+04 1.02240000e+04 1.02790000e+04 1.03150000e+04
  1.04100000e+04 1.04730000e+04 1.05510000e+04 1.06230000e+04
  1.06510000e+04 1.07040000e+04 1.07140000e+04 1.08000000e+04
  1.08130000e+04 1.08660000e+04 1.08800000e+04 1.09230000e+04]
 [9.01000000e+03 9.16100000e+03 9.22000000e+03 9.30400000e+03
  9.35400000e+03 9.44500000e+03 9.53800000e+03 9.59100000e+03
  9.64700000e+03 9.67700000e+03 9.77500000e+03 9.82800000e+03
  9.90200000e+03 9.96200000e+03 1.00080000e+04 1.03110000e+04
  1.03340000e+04 1.03610000e+04 1.04100000e+04 1.07530000e+04]
 [7.32200000e+03 8.70600000e+03 8.78800000e+03 8.79100000e+03
  8.85200000e+03 8.94400000e+03 9.01100000e+03 9.07700000e+03
  9.15800000e+03 9.40200000e+03 9.44300000e+03 9.52000000e+03
  9.52900000e+03 9.58500000e+03 9.66500000e+03 9.75500000e+03
  9.82300000e+03 9.90400000e+03 9.96200000e+03 1.02200000e+04]
 [6.73400000e+03 7.24500000e+03 8.02000000e+03 8.67700000e+03
  8.70600000e+03 8.73100000e+03 8.77500000e+03 8.79000000e+03
  8.80700000e+03 8.90300000e+03 9.00200000e+03 9.07300000e+03
  9.09500000e+03 9.18200000e+03 9.25500000e+03 9.32700000e+03
  9.33500000e+03 9.40200000e+03 9.49400000e+03 9.59100000e+03]
 [5.80500000e+03 6.99000000e+03 7.81500000e+03 7.91000000e+03
  7.96500000e+03 8.04300000e+03 8.10100000e+03 8.13700000e+03
  8.13800000e+03 8.16100000e+03 8.23200000e+03 8.27900000e+03
  8.35500000e+03 8.38900000e+03 8.48400000e+03 8.50900000e+03
  8.51300000e+03 8.60400000e+03 8.62600000e+03 8.67700000e+03]
 [6.44300000e+03 6.50000000e+03 6.56100000e+03 6.60000000e+03
  7.07900000e+03 7.40900000e+03 7.49900000e+03 7.55300000e+03
  7.55500000e+03 7.63800000e+03 7.71100000e+03 7.74700000e+03
  7.81500000e+03 7.91400000e+03 7.98200000e+03 8.04300000e+03
  8.11900000e+03 8.37300000e+03 8.38800000e+03 8.48400000e+03]
 [6.18300000e+03 6.63400000e+03 6.69300000e+03 6.79200000e+03
  6.82200000e+03 6.89500000e+03 6.95100000e+03 6.99000000e+03
  6.99900000e+03 7.07900000e+03 7.16600000e+03 7.24000000e+03
  7.24600000e+03 7.30100000e+03 7.34000000e+03 7.37900000e+03
  7.42100000e+03 7.49900000e+03 7.53600000e+03 8.10100000e+03]
 [5.32500000e+03 5.33600000e+03 5.58400000e+03 5.66700000e+03
  5.75400000e+03 5.78800000e+03 5.83300000e+03 5.91100000e+03
  5.95700000e+03 6.11900000e+03 6.21200000e+03 6.22800000e+03
  6.31300000e+03 6.38900000e+03 6.54300000e+03 6.81000000e+03
  6.90300000e+03 6.91600000e+03 6.97200000e+03 6.98200000e+03]
 [3.31400000e+03 5.75700000e+03 5.80200000e+03 5.88200000e+03
  5.92600000e+03 5.93500000e+03 5.96300000e+03 6.05400000e+03
  6.14900000e+03 6.18900000e+03 6.20900000e+03 6.27200000e+03
  6.31600000e+03 6.37900000e+03 6.45200000e+03 6.51100000e+03
  6.59300000e+03 6.63400000e+03 6.72100000e+03 6.95300000e+03]
 [2.68200000e+03 5.06700000e+03 5.15600000e+03 5.21800000e+03
  5.24800000e+03 5.26100000e+03 5.32500000e+03 5.36700000e+03
  5.40600000e+03 5.49500000e+03 5.58400000e+03 5.64100000e+03
  5.70300000e+03 5.80200000e+03 5.85700000e+03 5.89700000e+03
  5.99100000e+03 6.01600000e+03 6.05000000e+03 6.05400000e+03]
 [2.68000000e+03 4.32700000e+03 4.42600000e+03 4.44200000e+03
  4.48800000e+03 4.56000000e+03 4.60000000e+03 4.64800000e+03
  4.66300000e+03 4.67700000e+03 4.69200000e+03 4.73100000e+03
  4.74800000e+03 4.80000000e+03 4.84300000e+03 4.85200000e+03
  4.92500000e+03 4.93100000e+03 4.99600000e+03 5.05400000e+03]
 [2.09500000e+03 2.12000000e+03 2.84400000e+03 2.92400000e+03
  2.99900000e+03 3.24300000e+03 3.34000000e+03 3.60100000e+03
  3.61500000e+03 3.63400000e+03 3.66100000e+03 3.75300000e+03
  3.85000000e+03 3.94900000e+03 4.02300000e+03 4.09200000e+03
  4.11200000e+03 4.15200000e+03 4.19300000e+03 4.28800000e+03]
 [2.24400000e+03 2.30700000e+03 2.40900000e+03 2.74600000e+03
  2.78600000e+03 2.80000000e+03 2.89800000e+03 2.92400000e+03
  2.97900000e+03 2.98800000e+03 3.08000000e+03 3.14700000e+03
  3.24600000e+03 3.29400000e+03 3.31400000e+03 3.40100000e+03
  3.45600000e+03 3.52100000e+03 3.58700000e+03 3.59700000e+03]
 [1.40000000e+01 1.20800000e+03 1.94100000e+03 2.04000000e+03
  2.13200000e+03 2.20500000e+03 2.34000003e+03 2.41800003e+03
  2.64200000e+03 2.68000000e+03 2.69700000e+03 2.76100000e+03
  2.84100000e+03 2.90300000e+03 2.97900000e+03 3.07800000e+03
  3.15000000e+03 3.18100000e+03 3.23300000e+03 3.52100000e+03]
 [9.10000000e+01 1.74400000e+03 1.76600000e+03 1.77700000e+03
  1.87600000e+03 1.94100000e+03 2.03700000e+03 2.13200000e+03
  2.17900000e+03 2.18700000e+03 2.24400000e+03 2.30400000e+03
  2.34200000e+03 2.41300000e+03 2.48300000e+03 2.58100000e+03
  2.63800000e+03 2.64200000e+03 2.67300000e+03 2.74600000e+03]
 [9.15000000e+02 1.14700000e+03 1.17300000e+03 1.22000000e+03
  1.29700000e+03 1.38600000e+03 1.46800000e+03 1.56200000e+03
  1.60300000e+03 1.69200000e+03 1.76600000e+03 1.86100000e+03
  1.90500000e+03 1.96500000e+03 2.05300000e+03 2.11400000e+03
  2.30400003e+03 2.34000003e+03 2.38900003e+03 2.43000003e+03]
 [0.00000000e+00 1.60000000e+01 8.70000000e+01 1.36000000e+02
  1.61000000e+02 2.23000000e+02 3.21000000e+02 3.84000000e+02
  4.63000000e+02 4.92000000e+02 5.74000000e+02 6.58000000e+02
  7.34000000e+02 8.19000000e+02 8.37000000e+02 9.15000000e+02
  9.33000000e+02 1.02000000e+03 1.08500000e+03 1.09500000e+03]]
