optimal_status: 0
solution: 7392.0
cpu_time: 3600.2572569847107
gap: 0.8379294063575258
upper_bound: 1198.0258282051693
lower_bound: 7392.0
cg_matrix: [[0. 0. 1. 0. 0. 1. 0. 0. 1. 0. 1. 0. 0. 0. 1. 0. 0. 0. 1. 1. 1. 0. 1. 1.
  0. 1. 0. 1. 1. 0.]
 [0. 0. 0. 0. 1. 1. 1. 0. 1. 1. 0. 0. 1. 0. 1. 0. 0. 0. 1. 0. 1. 0. 1. 0.
  1. 0. 1. 1. 1. 0.]
 [1. 0. 0. 1. 0. 1. 1. 0. 0. 1. 1. 0. 0. 0. 0. 0. 0. 0. 0. 0. 0. 0. 1. 0.
  1. 0. 0. 0. 1. 0.]
 [0. 0. 1. 0. 1. 0. 1. 1. 0. 1. 0. 0. 1. 1. 1. 0. 0. 0. 0. 0. 0. 0. 1. 1.
  1. 1. 0. 1. 1. 0.]
 [0. 1. 0. 1. 0. 0. 0. 0. 0. 1. 1. 1. 0. 1. 1. 1. 0. 0. 1. 0. 1. 1. 0. 0.
  1. 1. 0. 1. 0. 0.]
 [1. 1. 1. 0. 0. 0. 0. 0. 0. 1. 1. 1. 1. 0. 0. 1. 0. 0. 0. 0. 1. 1. 0. 0.
  0. 1. 0. 0. 0. 0.]
 [0. 1. 1. 1. 0. 0. 0. 0. 1. 1. 1. 0. 0. 0. 1. 0. 0. 1. 1. 0. 0. 1. 0. 1.
  0. 0. 0. 1. 1. 0.]
 [0. 0. 0. 1. 0. 0. 0. 0. 0. 1. 1. 1. 0. 1. 0. 0. 0. 0. 1. 0. 1. 0. 1. 0.
  0. 0. 1. 1. 1. 1.]
 [1. 1. 0. 0. 0. 0. 1. 0. 0. 1. 1. 1. 1. 1. 0. 1. 0. 1. 1. 0. 0. 0. 1. 1.
  1. 0. 0. 1. 1. 0.]
 [0. 1. 1. 1. 1. 1. 1. 1. 1. 0. 0. 0. 1. 1. 0. 0. 1. 1. 1. 0. 1. 1. 0. 1.
  0. 1. 0. 0. 0. 0.]
 [1. 0. 1. 0. 1. 1. 1. 1. 1. 0. 0. 1. 0. 1. 0. 1. 0. 0. 0. 0. 1. 1. 1. 1.
  1. 0. 0. 0. 0. 0.]
 [0. 0. 0. 0. 1. 1. 0. 1. 1. 0. 1. 0. 0. 0. 0. 0. 1. 1. 0. 1. 0. 0. 1. 0.
  1. 1. 1. 0. 1. 0.]
 [0. 1. 0. 1. 0. 1. 0. 0. 1. 1. 0. 0. 0. 1. 0. 0. 0. 0. 1. 1. 0. 0. 1. 0.
  1. 1. 1. 1. 1. 0.]
 [0. 0. 0. 1. 1. 0. 0. 1. 1. 1. 1. 0. 1. 0. 0. 1. 1. 1. 0. 1. 1. 1. 0. 1.
  0. 1. 1. 0. 1. 0.]
 [1. 1. 0. 1. 1. 0. 1. 0. 0. 0. 0. 0. 0. 0. 0. 1. 1. 1. 0. 0. 1. 1. 0. 0.
  1. 1. 1. 1. 1. 1.]
 [0. 0. 0. 0. 1. 1. 0. 0. 1. 0. 1. 0. 0. 1. 1. 0. 0. 0. 0. 0. 0. 0. 0. 0.
  0. 0. 0. 0. 0. 0.]
 [0. 0. 0. 0. 0. 0. 0. 0. 0. 1. 0. 1. 0. 1. 1. 0. 0. 0. 0. 0. 0. 0. 0. 0.
  0. 0. 0. 0. 0. 0.]
 [0. 0. 0. 0. 0. 0. 1. 0. 1. 1. 0. 1. 0. 1. 1. 0. 0. 0. 0. 0. 0. 0. 0. 0.
  0. 0. 0. 0. 0. 0.]
 [1. 1. 0. 0. 1. 0. 1. 1. 1. 1. 0. 0. 1. 0. 0. 0. 0. 0. 0. 0. 0. 0. 0. 0.
  0. 0. 0. 0. 0. 0.]
 [1. 0. 0. 0. 0. 0. 0. 0. 0. 0. 0. 1. 1. 1. 0. 0. 0. 0. 0. 0. 0. 0. 0. 0.
  0. 0. 0. 0. 0. 0.]
 [1. 1. 0. 0. 1. 1. 0. 1. 0. 1. 1. 0. 0. 1. 1. 0. 0. 0. 0. 0. 0. 0. 0. 0.
  0. 0. 0. 0. 0. 0.]
 [0. 0. 0. 0. 1. 1. 1. 0. 0. 1. 1. 0. 0. 1. 1. 0. 0. 0. 0. 0. 0. 0. 0. 0.
  0. 0. 0. 0. 0. 0.]
 [1. 1. 1. 1. 0. 0. 0. 1. 1. 0. 1. 1. 1. 0. 0. 0. 0. 0. 0. 0. 0. 0. 0. 0.
  0. 0. 0. 0. 0. 0.]
 [1. 0. 0. 1. 0. 0. 1. 0. 1. 1. 1. 0. 0. 1. 0. 0. 0. 0. 0. 0. 0. 0. 0. 0.
  0. 0. 0. 0. 0. 0.]
 [0. 1. 1. 1. 1. 0. 0. 0. 1. 0. 1. 1. 1. 0. 1. 0. 0. 0. 0. 0. 0. 0. 0. 0.
  0. 0. 0. 0. 0. 0.]
 [1. 0. 0. 1. 1. 1. 0. 0. 0. 1. 0. 1. 1. 1. 1. 0. 0. 0. 0. 0. 0. 0. 0. 0.
  0. 0. 0. 0. 0. 0.]
 [0. 1. 0. 0. 0. 0. 0. 1. 0. 0. 0. 1. 1. 1. 1. 0. 0. 0. 0. 0. 0. 0. 0. 0.
  0. 0. 0. 0. 0. 0.]
 [1. 1. 0. 1. 1. 0. 1. 1. 1. 0. 0. 0. 1. 0. 1. 0. 0. 0. 0. 0. 0. 0. 0. 0.
  0. 0. 0. 0. 0. 0.]
 [1. 1. 1. 1. 0. 0. 1. 1. 1. 0. 0. 1. 1. 1. 1. 0. 0. 0. 0. 0. 0. 0. 0. 0.
  0. 0. 0. 0. 0. 0.]
 [0. 0. 0. 0. 0. 0. 0. 1. 0. 0. 0. 0. 0. 0. 1. 0. 0. 0. 0. 0. 0. 0. 0. 0.
  0. 0. 0. 0. 0. 0.]]
start_times_array: [[5.151e+03 5.322e+03 5.408e+03 5.591e+03 5.982e+03 6.079e+03 6.167e+03
  6.255e+03 6.511e+03 6.527e+03 6.711e+03 6.784e+03 6.968e+03 7.238e+03
  7.359e+03]
 [7.710e+02 1.059e+03 1.092e+03 5.318e+03 5.513e+03 5.642e+03 5.678e+03
  5.728e+03 5.899e+03 6.081e+03 6.164e+03 6.268e+03 6.711e+03 7.022e+03
  7.161e+03]
 [1.489e+03 1.577e+03 1.751e+03 2.029e+03 5.039e+03 5.896e+03 6.321e+03
  6.417e+03 6.787e+03 6.868e+03 6.870e+03 6.963e+03 7.161e+03 7.184e+03
  7.333e+03]
 [7.300e+02 4.755e+03 4.988e+03 5.151e+03 5.152e+03 5.162e+03 5.318e+03
  5.509e+03 5.533e+03 5.646e+03 5.688e+03 6.515e+03 6.607e+03 6.999e+03
  7.242e+03]
 [4.250e+02 7.920e+02 9.800e+02 1.176e+03 1.329e+03 1.776e+03 4.816e+03
  4.892e+03 5.183e+03 5.594e+03 5.815e+03 5.903e+03 6.252e+03 7.251e+03
  7.363e+03]
 [2.250e+02 6.550e+02 9.800e+02 1.306e+03 1.673e+03 1.942e+03 2.236e+03
  2.645e+03 3.851e+03 5.815e+03 5.868e+03 6.590e+03 6.623e+03 7.086e+03
  7.344e+03]
 [3.660e+02 7.920e+02 1.034e+03 1.329e+03 1.381e+03 3.094e+03 4.480e+03
  4.872e+03 4.971e+03 5.183e+03 5.412e+03 5.594e+03 5.811e+03 5.982e+03
  7.251e+03]
 [5.000e+00 4.250e+02 2.236e+03 2.629e+03 3.413e+03 4.579e+03 4.816e+03
  5.742e+03 5.815e+03 5.833e+03 5.850e+03 5.899e+03 6.252e+03 7.169e+03
  7.236e+03]
 [1.794e+03 3.724e+03 3.847e+03 3.876e+03 4.036e+03 4.090e+03 4.106e+03
  4.426e+03 4.428e+03 4.751e+03 4.988e+03 5.069e+03 5.149e+03 6.321e+03
  7.329e+03]
 [3.180e+02 1.938e+03 2.148e+03 2.458e+03 2.592e+03 2.609e+03 2.748e+03
  3.215e+03 3.485e+03 3.525e+03 4.549e+03 4.639e+03 4.689e+03 5.113e+03
  6.171e+03]
 [1.800e+02 1.860e+02 2.990e+02 1.203e+03 1.276e+03 1.845e+03 2.452e+03
  2.514e+03 2.907e+03 3.238e+03 3.459e+03 3.590e+03 4.231e+03 4.539e+03
  7.031e+03]
 [3.660e+02 1.690e+03 2.091e+03 2.391e+03 2.448e+03 2.525e+03 3.035e+03
  3.102e+03 3.319e+03 3.937e+03 4.391e+03 4.394e+03 5.644e+03 6.715e+03
  6.788e+03]
 [6.000e+01 4.120e+02 1.447e+03 1.486e+03 2.091e+03 2.125e+03 2.502e+03
  2.629e+03 3.413e+03 4.319e+03 4.843e+03 4.921e+03 5.035e+03 5.038e+03
  6.798e+03]
 [2.250e+02 1.017e+03 1.690e+03 1.946e+03 2.391e+03 3.075e+03 3.324e+03
  3.804e+03 4.273e+03 4.476e+03 4.519e+03 4.700e+03 6.311e+03 6.881e+03
  6.886e+03]
 [6.550e+02 1.457e+03 2.159e+03 2.204e+03 2.391e+03 2.400e+03 2.921e+03
  2.960e+03 3.331e+03 3.356e+03 3.476e+03 3.620e+03 4.246e+03 4.727e+03
  5.269e+03]
 [8.790e+02 1.164e+03 1.407e+03 2.033e+03 2.068e+03 2.125e+03 2.337e+03
  2.525e+03 2.988e+03 3.750e+03 3.933e+03 3.994e+03 4.147e+03 4.315e+03
  4.583e+03]
 [1.050e+02 1.900e+02 5.620e+02 8.570e+02 9.240e+02 1.247e+03 1.323e+03
  1.630e+03 2.296e+03 3.171e+03 3.666e+03 3.762e+03 4.034e+03 4.130e+03
  6.594e+03]
 [4.450e+02 8.640e+02 9.260e+02 1.203e+03 1.553e+03 2.296e+03 2.629e+03
  2.724e+03 3.255e+03 3.406e+03 3.659e+03 4.147e+03 4.559e+03 4.839e+03
  5.896e+03]
 [1.270e+02 8.870e+02 1.130e+03 1.203e+03 1.289e+03 1.690e+03 1.939e+03
  1.983e+03 2.005e+03 3.001e+03 3.933e+03 4.151e+03 4.484e+03 7.098e+03
  7.345e+03]
 [8.200e+01 5.620e+02 1.873e+03 1.929e+03 2.452e+03 2.609e+03 2.643e+03
  2.872e+03 2.954e+03 3.192e+03 3.203e+03 3.652e+03 4.034e+03 4.105e+03
  4.539e+03]
 [8.200e+01 1.528e+03 2.020e+03 2.055e+03 2.320e+03 2.333e+03 2.525e+03
  2.549e+03 2.798e+03 2.856e+03 2.988e+03 3.263e+03 3.728e+03 4.315e+03
  5.039e+03]
 [8.200e+01 8.940e+02 1.086e+03 1.614e+03 2.020e+03 2.057e+03 2.109e+03
  2.798e+03 2.881e+03 3.666e+03 3.762e+03 3.911e+03 4.396e+03 6.268e+03
  6.318e+03]
 [8.640e+02 9.130e+02 1.016e+03 1.130e+03 1.306e+03 1.384e+03 2.009e+03
  2.541e+03 2.702e+03 2.769e+03 3.145e+03 3.519e+03 3.632e+03 3.754e+03
  4.147e+03]
 [1.300e+01 1.010e+02 4.450e+02 5.150e+02 6.570e+02 1.414e+03 1.474e+03
  1.689e+03 2.105e+03 2.525e+03 2.663e+03 2.827e+03 4.147e+03 4.315e+03
  7.090e+03]
 [1.030e+02 2.220e+02 2.490e+02 5.080e+02 1.405e+03 1.614e+03 1.987e+03
  2.296e+03 2.687e+03 2.769e+03 3.145e+03 4.183e+03 4.406e+03 5.412e+03
  7.090e+03]
 [0.000e+00 8.200e+01 2.010e+02 2.990e+02 5.000e+02 5.730e+02 8.790e+02
  1.086e+03 1.203e+03 1.845e+03 2.020e+03 2.988e+03 4.559e+03 5.069e+03
  7.184e+03]
 [1.060e+02 7.920e+02 8.450e+02 1.329e+03 1.581e+03 1.595e+03 1.633e+03
  1.776e+03 2.462e+03 2.702e+03 2.791e+03 2.848e+03 2.941e+03 2.988e+03
  3.158e+03]
 [0.000e+00 1.610e+02 2.130e+02 2.580e+02 8.860e+02 1.203e+03 1.289e+03
  1.577e+03 1.595e+03 1.632e+03 1.716e+03 1.847e+03 3.792e+03 4.151e+03
  5.079e+03]
 [8.200e+01 1.050e+02 1.680e+02 5.050e+02 5.620e+02 5.840e+02 2.322e+03
  2.487e+03 2.541e+03 3.192e+03 3.280e+03 3.537e+03 3.659e+03 3.750e+03
  7.037e+03]
 [8.200e+01 2.490e+02 4.140e+02 5.050e+02 8.200e+02 8.480e+02 8.560e+02
  9.060e+02 9.430e+02 1.040e+03 1.099e+03 1.153e+03 1.260e+03 1.327e+03
  1.358e+03]]
