optimal_status: 0
solution: 40738.0
cpu_time: 3602.691123008728
gap: 0.9678223616382996
upper_bound: 1310.8526315789472
lower_bound: 40738.0
cg_matrix: [[0. 1. 1. 0. 1. 1. 1. 1. 1. 1. 1. 1. 1. 1. 1. 1. 1. 0. 0. 1. 1. 1. 1. 1.
  1. 1. 1. 1. 1. 0. 0. 1. 1. 1. 1. 1. 1. 0. 1. 1. 0. 1. 1. 0. 0. 0. 1. 1.
  1. 0.]
 [1. 0. 1. 1. 1. 1. 1. 0. 1. 1. 0. 1. 0. 1. 0. 1. 1. 1. 0. 0. 1. 1. 1. 1.
  0. 1. 1. 0. 0. 1. 1. 1. 1. 1. 1. 1. 0. 1. 1. 1. 1. 1. 1. 1. 1. 1. 0. 0.
  1. 0.]
 [1. 1. 0. 1. 1. 0. 1. 1. 1. 1. 1. 1. 1. 0. 1. 1. 1. 1. 0. 1. 1. 0. 1. 1.
  1. 0. 1. 0. 1. 1. 1. 1. 1. 0. 1. 1. 1. 1. 1. 0. 1. 0. 1. 1. 1. 0. 1. 1.
  1. 1.]
 [0. 1. 1. 0. 0. 1. 1. 1. 1. 1. 0. 1. 1. 1. 0. 0. 1. 1. 1. 1. 0. 1. 1. 1.
  1. 1. 1. 0. 1. 1. 0. 1. 1. 1. 1. 1. 1. 1. 1. 1. 1. 1. 1. 1. 1. 1. 1. 1.
  1. 1.]
 [1. 1. 1. 0. 0. 1. 1. 1. 1. 1. 1. 1. 1. 0. 1. 1. 1. 1. 0. 1. 1. 1. 1. 1.
  1. 1. 1. 1. 1. 1. 1. 0. 1. 1. 1. 1. 1. 0. 1. 1. 1. 0. 1. 1. 1. 1. 0. 1.
  0. 1.]
 [1. 1. 0. 1. 1. 0. 1. 0. 1. 1. 1. 1. 1. 0. 1. 0. 0. 1. 1. 1. 1. 1. 1. 1.
  1. 1. 1. 0. 1. 0. 1. 1. 1. 1. 1. 1. 1. 1. 0. 1. 1. 1. 1. 1. 1. 0. 1. 1.
  1. 0.]
 [1. 1. 1. 1. 1. 1. 0. 0. 0. 1. 0. 1. 1. 1. 1. 1. 0. 0. 1. 1. 1. 1. 1. 0.
  1. 1. 1. 1. 1. 1. 0. 1. 1. 1. 1. 1. 1. 1. 1. 1. 1. 1. 1. 0. 0. 1. 1. 1.
  1. 0.]
 [1. 0. 1. 1. 1. 0. 0. 0. 1. 1. 1. 1. 0. 0. 0. 1. 0. 1. 1. 0. 1. 1. 1. 1.
  0. 1. 1. 1. 1. 1. 1. 1. 1. 0. 1. 1. 1. 1. 1. 1. 1. 1. 1. 1. 0. 1. 0. 1.
  1. 1.]
 [1. 1. 1. 1. 1. 1. 0. 1. 0. 0. 1. 1. 0. 1. 1. 1. 1. 1. 1. 1. 1. 1. 1. 0.
  1. 1. 0. 1. 1. 1. 1. 1. 1. 0. 1. 1. 1. 1. 1. 1. 0. 0. 1. 1. 1. 1. 0. 1.
  1. 1.]
 [1. 1. 1. 1. 1. 1. 1. 1. 0. 0. 1. 1. 0. 1. 0. 0. 0. 1. 1. 1. 1. 1. 1. 0.
  0. 1. 1. 1. 1. 0. 1. 1. 1. 0. 1. 1. 1. 1. 1. 1. 0. 1. 1. 1. 1. 1. 1. 1.
  1. 1.]
 [1. 0. 1. 0. 1. 1. 0. 1. 1. 1. 0. 0. 0. 0. 1. 1. 1. 1. 1. 1. 0. 1. 1. 1.
  1. 1. 1. 1. 1. 1. 1. 0. 1. 1. 1. 0. 0. 1. 1. 0. 1. 1. 1. 1. 1. 0. 0. 1.
  1. 1.]
 [1. 1. 1. 1. 1. 1. 1. 1. 1. 1. 0. 0. 1. 0. 1. 1. 1. 0. 1. 0. 0. 1. 1. 1.
  1. 1. 1. 1. 1. 1. 1. 1. 1. 0. 1. 1. 1. 1. 1. 1. 1. 1. 0. 1. 1. 1. 1. 1.
  1. 0.]
 [1. 0. 1. 1. 1. 1. 1. 0. 0. 0. 0. 1. 0. 1. 1. 1. 1. 1. 1. 1. 1. 0. 0. 1.
  0. 0. 1. 1. 1. 1. 1. 1. 1. 1. 0. 1. 0. 1. 1. 1. 1. 1. 1. 1. 1. 1. 1. 1.
  1. 0.]
 [1. 1. 0. 1. 0. 0. 1. 0. 1. 1. 0. 0. 1. 0. 1. 1. 1. 1. 1. 1. 1. 0. 1. 1.
  1. 1. 1. 0. 1. 1. 0. 1. 1. 1. 0. 1. 1. 1. 1. 1. 1. 1. 1. 0. 1. 1. 1. 0.
  1. 0.]
 [1. 0. 1. 0. 1. 1. 1. 0. 1. 0. 1. 1. 1. 1. 0. 1. 0. 1. 1. 1. 1. 1. 1. 1.
  0. 0. 0. 1. 1. 1. 1. 1. 1. 1. 1. 1. 1. 1. 1. 1. 0. 1. 1. 1. 1. 1. 0. 1.
  1. 1.]
 [1. 1. 1. 0. 1. 0. 1. 1. 1. 0. 1. 1. 1. 1. 1. 0. 0. 0. 1. 1. 1. 1. 1. 1.
  1. 1. 0. 1. 1. 1. 0. 1. 1. 1. 1. 1. 1. 1. 1. 1. 1. 0. 0. 0. 1. 1. 1. 0.
  1. 1.]
 [1. 1. 1. 1. 1. 0. 0. 0. 1. 0. 1. 1. 1. 1. 0. 0. 0. 1. 1. 1. 0. 1. 1. 1.
  1. 1. 1. 1. 1. 1. 1. 0. 0. 1. 0. 1. 1. 0. 1. 1. 0. 1. 1. 0. 1. 1. 1. 1.
  1. 1.]
 [0. 1. 1. 1. 1. 1. 0. 1. 1. 1. 1. 0. 1. 1. 1. 0. 1. 0. 1. 1. 1. 0. 1. 1.
  1. 1. 1. 0. 0. 1. 1. 1. 1. 1. 1. 1. 1. 1. 1. 1. 1. 1. 1. 0. 0. 0. 1. 1.
  0. 1.]
 [0. 0. 0. 1. 0. 1. 1. 1. 1. 1. 1. 1. 1. 1. 1. 1. 1. 1. 0. 1. 1. 1. 0. 1.
  1. 1. 1. 1. 1. 1. 1. 1. 1. 0. 1. 1. 1. 0. 1. 0. 1. 1. 0. 0. 1. 0. 1. 1.
  1. 0.]
 [1. 0. 1. 1. 1. 1. 1. 0. 1. 1. 1. 0. 1. 1. 1. 1. 1. 1. 1. 0. 1. 1. 1. 1.
  0. 1. 1. 1. 1. 1. 1. 1. 1. 1. 0. 1. 0. 0. 1. 1. 1. 0. 1. 1. 1. 1. 1. 1.
  1. 1.]
 [1. 1. 1. 0. 1. 1. 1. 1. 1. 1. 0. 0. 1. 1. 1. 1. 0. 1. 1. 1. 0. 0. 0. 0.
  0. 0. 0. 0. 0. 0. 0. 0. 0. 0. 0. 0. 0. 0. 0. 0. 0. 0. 0. 0. 0. 0. 0. 0.
  0. 0.]
 [1. 1. 0. 1. 1. 1. 1. 1. 1. 1. 1. 1. 0. 0. 1. 1. 1. 0. 1. 1. 0. 0. 0. 0.
  0. 0. 0. 0. 0. 0. 0. 0. 0. 0. 0. 0. 0. 0. 0. 0. 0. 0. 0. 0. 0. 0. 0. 0.
  0. 0.]
 [1. 1. 1. 1. 1. 1. 1. 1. 1. 1. 1. 1. 0. 1. 1. 1. 1. 1. 0. 1. 0. 0. 0. 0.
  0. 0. 0. 0. 0. 0. 0. 0. 0. 0. 0. 0. 0. 0. 0. 0. 0. 0. 0. 0. 0. 0. 0. 0.
  0. 0.]
 [1. 1. 1. 1. 1. 1. 0. 1. 0. 0. 1. 1. 1. 1. 1. 1. 1. 1. 1. 1. 0. 0. 0. 0.
  0. 0. 0. 0. 0. 0. 0. 0. 0. 0. 0. 0. 0. 0. 0. 0. 0. 0. 0. 0. 0. 0. 0. 0.
  0. 0.]
 [1. 0. 1. 1. 1. 1. 1. 0. 1. 0. 1. 1. 0. 1. 0. 1. 1. 1. 1. 0. 0. 0. 0. 0.
  0. 0. 0. 0. 0. 0. 0. 0. 0. 0. 0. 0. 0. 0. 0. 0. 0. 0. 0. 0. 0. 0. 0. 0.
  0. 0.]
 [1. 1. 0. 1. 1. 1. 1. 1. 1. 1. 1. 1. 0. 1. 0. 1. 1. 1. 1. 1. 0. 0. 0. 0.
  0. 0. 0. 0. 0. 0. 0. 0. 0. 0. 0. 0. 0. 0. 0. 0. 0. 0. 0. 0. 0. 0. 0. 0.
  0. 0.]
 [1. 1. 1. 1. 1. 1. 1. 1. 0. 1. 1. 1. 1. 1. 0. 0. 1. 1. 1. 1. 0. 0. 0. 0.
  0. 0. 0. 0. 0. 0. 0. 0. 0. 0. 0. 0. 0. 0. 0. 0. 0. 0. 0. 0. 0. 0. 0. 0.
  0. 0.]
 [1. 0. 0. 0. 1. 0. 1. 1. 1. 1. 1. 1. 1. 0. 1. 1. 1. 0. 1. 1. 0. 0. 0. 0.
  0. 0. 0. 0. 0. 0. 0. 0. 0. 0. 0. 0. 0. 0. 0. 0. 0. 0. 0. 0. 0. 0. 0. 0.
  0. 0.]
 [1. 0. 1. 1. 1. 1. 1. 1. 1. 1. 1. 1. 1. 1. 1. 1. 1. 0. 1. 1. 0. 0. 0. 0.
  0. 0. 0. 0. 0. 0. 0. 0. 0. 0. 0. 0. 0. 0. 0. 0. 0. 0. 0. 0. 0. 0. 0. 0.
  0. 0.]
 [0. 1. 1. 1. 1. 0. 1. 1. 1. 0. 1. 1. 1. 1. 1. 1. 1. 1. 1. 1. 0. 0. 0. 0.
  0. 0. 0. 0. 0. 0. 0. 0. 0. 0. 0. 0. 0. 0. 0. 0. 0. 0. 0. 0. 0. 0. 0. 0.
  0. 0.]
 [0. 1. 1. 0. 1. 1. 0. 1. 1. 1. 1. 1. 1. 0. 1. 0. 1. 1. 1. 1. 0. 0. 0. 0.
  0. 0. 0. 0. 0. 0. 0. 0. 0. 0. 0. 0. 0. 0. 0. 0. 0. 0. 0. 0. 0. 0. 0. 0.
  0. 0.]
 [1. 1. 1. 1. 0. 1. 1. 1. 1. 1. 0. 1. 1. 1. 1. 1. 0. 1. 1. 1. 0. 0. 0. 0.
  0. 0. 0. 0. 0. 0. 0. 0. 0. 0. 0. 0. 0. 0. 0. 0. 0. 0. 0. 0. 0. 0. 0. 0.
  0. 0.]
 [1. 1. 1. 1. 1. 1. 1. 1. 1. 1. 1. 1. 1. 1. 1. 1. 0. 1. 1. 1. 0. 0. 0. 0.
  0. 0. 0. 0. 0. 0. 0. 0. 0. 0. 0. 0. 0. 0. 0. 0. 0. 0. 0. 0. 0. 0. 0. 0.
  0. 0.]
 [1. 1. 0. 1. 1. 1. 1. 0. 0. 0. 1. 0. 1. 1. 1. 1. 1. 1. 0. 1. 0. 0. 0. 0.
  0. 0. 0. 0. 0. 0. 0. 0. 0. 0. 0. 0. 0. 0. 0. 0. 0. 0. 0. 0. 0. 0. 0. 0.
  0. 0.]
 [1. 1. 1. 1. 1. 1. 1. 1. 1. 1. 1. 1. 0. 0. 1. 1. 0. 1. 1. 0. 0. 0. 0. 0.
  0. 0. 0. 0. 0. 0. 0. 0. 0. 0. 0. 0. 0. 0. 0. 0. 0. 0. 0. 0. 0. 0. 0. 0.
  0. 0.]
 [1. 1. 1. 1. 1. 1. 1. 1. 1. 1. 0. 1. 1. 1. 1. 1. 1. 1. 1. 1. 0. 0. 0. 0.
  0. 0. 0. 0. 0. 0. 0. 0. 0. 0. 0. 0. 0. 0. 0. 0. 0. 0. 0. 0. 0. 0. 0. 0.
  0. 0.]
 [1. 0. 1. 1. 1. 1. 1. 1. 1. 1. 0. 1. 0. 1. 1. 1. 1. 1. 1. 0. 0. 0. 0. 0.
  0. 0. 0. 0. 0. 0. 0. 0. 0. 0. 0. 0. 0. 0. 0. 0. 0. 0. 0. 0. 0. 0. 0. 0.
  0. 0.]
 [0. 1. 1. 1. 0. 1. 1. 1. 1. 1. 1. 1. 1. 1. 1. 1. 0. 1. 0. 0. 0. 0. 0. 0.
  0. 0. 0. 0. 0. 0. 0. 0. 0. 0. 0. 0. 0. 0. 0. 0. 0. 0. 0. 0. 0. 0. 0. 0.
  0. 0.]
 [1. 1. 1. 1. 1. 0. 1. 1. 1. 1. 1. 1. 1. 1. 1. 1. 1. 1. 1. 1. 0. 0. 0. 0.
  0. 0. 0. 0. 0. 0. 0. 0. 0. 0. 0. 0. 0. 0. 0. 0. 0. 0. 0. 0. 0. 0. 0. 0.
  0. 0.]
 [1. 1. 0. 1. 1. 1. 1. 1. 1. 1. 0. 1. 1. 1. 1. 1. 1. 1. 0. 1. 0. 0. 0. 0.
  0. 0. 0. 0. 0. 0. 0. 0. 0. 0. 0. 0. 0. 0. 0. 0. 0. 0. 0. 0. 0. 0. 0. 0.
  0. 0.]
 [0. 1. 1. 1. 1. 1. 1. 1. 0. 0. 1. 1. 1. 1. 0. 1. 0. 1. 1. 1. 0. 0. 0. 0.
  0. 0. 0. 0. 0. 0. 0. 0. 0. 0. 0. 0. 0. 0. 0. 0. 0. 0. 0. 0. 0. 0. 0. 0.
  0. 0.]
 [1. 1. 0. 1. 0. 1. 1. 1. 0. 1. 1. 1. 1. 1. 1. 0. 1. 1. 1. 0. 0. 0. 0. 0.
  0. 0. 0. 0. 0. 0. 0. 0. 0. 0. 0. 0. 0. 0. 0. 0. 0. 0. 0. 0. 0. 0. 0. 0.
  0. 0.]
 [1. 1. 1. 1. 1. 1. 1. 1. 1. 1. 1. 0. 1. 1. 1. 0. 1. 1. 0. 1. 0. 0. 0. 0.
  0. 0. 0. 0. 0. 0. 0. 0. 0. 0. 0. 0. 0. 0. 0. 0. 0. 0. 0. 0. 0. 0. 0. 0.
  0. 0.]
 [0. 1. 1. 1. 1. 1. 0. 1. 1. 1. 1. 1. 1. 0. 1. 0. 0. 0. 0. 1. 0. 0. 0. 0.
  0. 0. 0. 0. 0. 0. 0. 0. 0. 0. 0. 0. 0. 0. 0. 0. 0. 0. 0. 0. 0. 0. 0. 0.
  0. 0.]
 [0. 1. 1. 1. 1. 1. 0. 0. 1. 1. 1. 1. 1. 1. 1. 1. 1. 0. 1. 1. 0. 0. 0. 0.
  0. 0. 0. 0. 0. 0. 0. 0. 0. 0. 0. 0. 0. 0. 0. 0. 0. 0. 0. 0. 0. 0. 0. 0.
  0. 0.]
 [0. 1. 0. 1. 1. 0. 1. 1. 1. 1. 0. 1. 1. 1. 1. 1. 1. 0. 0. 1. 0. 0. 0. 0.
  0. 0. 0. 0. 0. 0. 0. 0. 0. 0. 0. 0. 0. 0. 0. 0. 0. 0. 0. 0. 0. 0. 0. 0.
  0. 0.]
 [1. 0. 1. 1. 0. 1. 1. 0. 0. 1. 0. 1. 1. 1. 0. 1. 1. 1. 1. 1. 0. 0. 0. 0.
  0. 0. 0. 0. 0. 0. 0. 0. 0. 0. 0. 0. 0. 0. 0. 0. 0. 0. 0. 0. 0. 0. 0. 0.
  0. 0.]
 [1. 0. 1. 1. 1. 1. 1. 1. 1. 1. 1. 1. 1. 0. 1. 0. 1. 1. 1. 1. 0. 0. 0. 0.
  0. 0. 0. 0. 0. 0. 0. 0. 0. 0. 0. 0. 0. 0. 0. 0. 0. 0. 0. 0. 0. 0. 0. 0.
  0. 0.]
 [1. 1. 1. 1. 0. 1. 1. 1. 1. 1. 1. 1. 1. 1. 1. 1. 1. 0. 1. 1. 0. 0. 0. 0.
  0. 0. 0. 0. 0. 0. 0. 0. 0. 0. 0. 0. 0. 0. 0. 0. 0. 0. 0. 0. 0. 0. 0. 0.
  0. 0.]
 [0. 0. 1. 1. 1. 0. 0. 1. 1. 1. 1. 0. 0. 0. 1. 1. 1. 1. 0. 1. 0. 0. 0. 0.
  0. 0. 0. 0. 0. 0. 0. 0. 0. 0. 0. 0. 0. 0. 0. 0. 0. 0. 0. 0. 0. 0. 0. 0.
  0. 0.]]
start_times_array: [[39805. 39853. 39893. 39947. 40018. 40070. 40140. 40181. 40257. 40309.
  40333. 40338. 40381. 40449. 40459. 40508. 40517. 40598. 40628. 40721.]
 [38839. 38924. 38942. 38996. 39038. 39079. 39150. 39218. 39300. 39354.
  39403. 39424. 39425. 39483. 39484. 39553. 39611. 39651. 39710. 39776.]
 [37827. 37860. 37894. 37971. 38013. 38108. 38110. 38181. 38254. 38273.
  38298. 38343. 38431. 38450. 38490. 38532. 38549. 38630. 38702. 38772.]
 [37065. 37116. 37157. 37231. 37328. 37354. 37358. 37383. 37395. 37412.
  37488. 37494. 37573. 37622. 37661. 37662. 37689. 37733. 37808. 37809.]
 [36269. 36291. 36450. 36457. 36464. 36536. 36560. 36579. 36660. 36683.
  36755. 36805. 36900. 36931. 36998. 37065. 37087. 37099. 37127. 37195.]
 [35256. 35358. 35409. 35453. 35491. 35555. 35566. 35628. 35648. 35702.
  35717. 35800. 35879. 35934. 35982. 36020. 36057. 36099. 36180. 36390.]
 [33218. 33880. 34032. 34441. 34666. 34755. 34766. 34807. 34857. 34925.
  34927. 34931. 34996. 35016. 35072. 35118. 35154. 35187. 35243. 35308.]
 [33702. 33747. 33758. 33821. 33880. 33949. 33988. 34032. 34093. 34160.
  34232. 34306. 34365. 34381. 34407. 34497. 34563. 34619. 34666. 34807.]
 [32315. 32407. 32683. 32771. 32861. 32906. 32994. 33084. 33178. 33212.
  33213. 33294. 33358. 33428. 33483. 33490. 33523. 33544. 33579. 33641.]
 [32140. 32229. 32315. 32376. 32394. 32471. 32491. 32533. 32592. 32671.
  32683. 32739. 32753. 32774. 32817. 32906. 32937. 33008. 33100. 33147.]
 [31008. 31069. 31153. 31165. 31268. 31303. 31339. 31418. 31506. 31560.
  31656. 31678. 31748. 31758. 31762. 31838. 31878. 31963. 32047. 32250.]
 [30269. 30337. 30409. 30483. 30580. 30643. 30676. 30772. 30776. 30839.
  30870. 30871. 30969. 31008. 31073. 31145. 31165. 31172. 31235. 31268.]
 [29175. 29216. 29281. 29315. 29386. 29405. 29454. 29541. 29602. 29681.
  29742. 29771. 29793. 29867. 29935. 29995. 30018. 30100. 30133. 30227.]
 [28093. 28110. 28150. 28190. 28218. 28224. 28286. 28369. 28464. 28508.
  28599. 28678. 28717. 28785. 28864. 28865. 28885. 28981. 29043. 29105.]
 [26998. 27110. 27199. 27236. 27243. 27327. 27387. 27448. 27521. 27585.
  27658. 27661. 27736. 27739. 27787. 27861. 27928. 27967. 27999. 28068.]
 [25110. 25754. 25837. 25867. 25870. 26004. 26097. 26183. 26232. 26266.
  26463. 26570. 26650. 26683. 26760. 26795. 26858. 26930. 26976. 27037.]
 [25383. 25515. 25561. 25594. 25648. 25670. 25734. 25754. 25830. 25907.
  26004. 26032. 26086. 26167. 26262. 26343. 26415. 26495. 26570. 26866.]
 [24448. 24551. 24581. 24619. 24689. 24711. 24726. 24792. 24818. 24873.
  24907. 24920. 24985. 25072. 25110. 25195. 25284. 25361. 25404. 25471.]
 [23317. 23380. 23475. 23493. 23587. 23660. 23711. 23746. 23803. 23841.
  23906. 23975. 24035. 24125. 24193. 24225. 24265. 24276. 24351. 24500.]
 [22395. 22463. 22500. 22539. 22552. 22628. 22705. 22711. 22717. 22770.
  22811. 22883. 22954. 23000. 23024. 23070. 23120. 23132. 23171. 23263.]
 [21377. 21470. 21565. 21573. 21600. 21653. 21728. 21731. 21773. 21778.
  21802. 21875. 21963. 22020. 22040. 22139. 22178. 22252. 22327. 22371.]
 [20145. 20228. 20242. 20866. 20962. 20973. 21009. 21029. 21034. 21106.
  21144. 21223. 21233. 21260. 21287. 21499. 21507. 21590. 21814. 21894.]
 [19726. 20242. 20298. 20352. 20402. 20453. 20462. 20477. 20513. 20585.
  20664. 20715. 20799. 20839. 20898. 20946. 20973. 21038. 21082. 21122.]
 [19346. 19351. 19426. 19469. 19838. 19848. 19940. 19962. 20073. 20080.
  20151. 20228. 20298. 20308. 20332. 20410. 20487. 20543. 20930. 21074.]
 [18086. 19065. 19161. 19242. 19254. 19346. 19432. 19495. 19583. 19611.
  19668. 19726. 19749. 19753. 19848. 19928. 19940. 20022. 20075. 20153.]
 [12724. 17795. 17933. 18293. 18371. 18439. 18489. 18527. 18624. 18696.
  18790. 18849. 18891. 18896. 18915. 18942. 18996. 19065. 19067. 19123.]
 [16955. 16959. 17216. 17252. 17679. 17759. 17854. 17905. 17964. 18057.
  18062. 18123. 18127. 18170. 18200. 18293. 18386. 18428. 18527. 18578.]
 [15216. 16001. 16838. 16919. 16959. 17020. 17114. 17192. 17216. 17235.
  17279. 17375. 17398. 17488. 17582. 17662. 17759. 17783. 17827. 17881.]
 [15972. 15977. 16076. 16136. 16223. 16287. 16323. 16401. 16433. 16437.
  16455. 16481. 16568. 16642. 16668. 16758. 16803. 16838. 16892. 17212.]
 [13844. 15065. 15160. 15171. 15185. 15284. 15370. 15411. 15437. 15487.
  15561. 15582. 15588. 15655. 15742. 15788. 15872. 15883. 15981. 16070.]
 [13723. 13773. 13844. 14197. 14202. 14262. 14402. 14419. 14448. 14546.
  14607. 14694. 14752. 14758. 14818. 14902. 14994. 15017. 15042. 15065.]
 [13268. 13343. 13403. 13480. 13528. 13615. 13667. 13765. 13773. 13828.
  13925. 13980. 14048. 14107. 14197. 14247. 14345. 15022. 15304. 15376.]
 [12151. 12197. 12219. 12280. 12329. 12627. 12657. 12736. 12808. 12885.
  12932. 12987. 13050. 13108. 13197. 13268. 13362. 13457. 13480. 13577.]
 [11461. 11486. 12004. 12075. 12143. 12151. 12223. 12280. 12319. 12402.
  12419. 12509. 12540. 12621. 12627. 12724. 12822. 12904. 13134. 13186.]
 [11419. 11461. 11538. 11609. 11628. 11708. 11739. 11805. 11895. 11913.
  11928. 12004. 12062. 12154. 12188. 12254. 12262. 12327. 12394. 12478.]
 [10225. 10266. 10308. 10560. 10641. 10736. 10752. 10797. 10849. 10897.
  10932. 11004. 11084. 11165. 11169. 11172. 11176. 11272. 11325. 11339.]
 [ 8825.  9621.  9627.  9639.  9725.  9751.  9803.  9873.  9966. 10047.
  10078. 10167. 10266. 10365. 10436. 10510. 10517. 10560. 10646. 10736.]
 [ 7989.  8578.  8632.  8668.  8708.  8776.  8825.  8870.  8928.  8972.
   9037.  9109.  9174.  9227.  9275.  9365.  9463.  9523.  9594.  9825.]
 [ 7746.  7755.  7820.  7912.  7939.  7989.  8046.  8101.  8188.  8232.
   8279.  8308.  8390.  8470.  8513.  8588.  8598.  8668.  8706.  9592.]
 [ 4243.  7210.  7301.  7386.  7437.  7523.  7557.  7630.  7642.  7656.
   7707.  7708.  7746.  7820.  7912.  7972.  8047.  8083.  8106.  8638.]
 [ 6691.  6712.  6809.  6813.  6898.  6919.  6974.  7008.  7070.  7148.
   7159.  7193.  7210.  7213.  7256.  7294.  7338.  7383.  7400.  7403.]
 [ 4924.  5995.  6001.  6046.  6061.  6121.  6150.  6247.  6338.  6351.
   6359.  6409.  6455.  6527.  6613.  6620.  6650.  6678.  6892.  7168.]
 [ 3646.  4987.  5125.  5331.  5337.  5409.  5447.  5520.  5608.  5652.
   5718.  5797.  5844.  5905.  5911.  5975.  5993.  5995.  6260.  7131.]
 [ 3296.  3317.  3595.  3736.  3832.  3946.  4761.  4813.  4850.  4935.
   4953.  4997.  5057.  5125.  5128.  5134.  5154.  5235.  5578.  5709.]
 [ 1001.  2391.  3893.  3946.  4003.  4049.  4133.  4134.  4210.  4236.
   4243.  4312.  4400.  4429.  4502.  4534.  4585.  4589.  4663.  4738.]
 [  613.  3193.  3247.  3337.  3362.  3459.  3527.  3541.  3595.  3624.
   3638.  3646.  3647.  3707.  3720.  3736.  3777.  3858.  4115.  4321.]
 [ 1740.  2232.  2239.  2270.  2325.  2410.  2445.  2527.  2590.  2625.
   2679.  2731.  2808.  2890.  2984.  3065.  3090.  3114.  3170.  3380.]
 [  167.   200.  1704.  1726.  1796.  1855.  1906.  1986.  2070.  2117.
   2205.  2232.  2250.  2284.  2331.  2335.  2403.  2459.  2501.  2999.]
 [  895.   926.  1009.  1018.  1052.  1114.  1197.  1258.  1299.  1357.
   1453.  1540.  1558.  1614.  1616.  1711.  1732.  1783.  1796.  1890.]
 [    0.    62.   157.   165.   168.   195.   214.   250.   347.   434.
    496.   582.   603.   640.   651.   662.   729.   813.   847.  1017.]]
