optimal_status: 0
solution: 4922.999999507587
cpu_time: 3600.175724029541
gap: 0.7748903774647802
upper_bound: 1108.2146716300404
lower_bound: 4922.999999507587
cg_matrix: [[0. 1. 0. 1. 1. 0. 1. 0. 0. 1. 0. 0. 1. 1. 1. 1. 0. 1. 0. 1.]
 [1. 0. 0. 0. 1. 1. 1. 0. 0. 1. 1. 1. 1. 1. 1. 1. 0. 0. 0. 1.]
 [0. 0. 0. 0. 1. 1. 1. 0. 0. 0. 0. 0. 0. 0. 1. 0. 0. 0. 1. 1.]
 [1. 0. 0. 0. 0. 1. 0. 0. 1. 0. 1. 1. 0. 1. 1. 1. 0. 1. 1. 0.]
 [1. 1. 1. 0. 0. 0. 0. 0. 0. 0. 0. 1. 0. 0. 0. 0. 0. 1. 0. 1.]
 [0. 1. 1. 1. 0. 0. 1. 1. 1. 0. 0. 0. 0. 0. 0. 0. 1. 0. 1. 0.]
 [1. 1. 1. 0. 0. 1. 0. 1. 1. 1. 0. 1. 1. 0. 0. 1. 1. 0. 1. 1.]
 [0. 0. 0. 0. 0. 1. 1. 0. 0. 0. 1. 0. 0. 1. 0. 0. 1. 0. 0. 0.]
 [0. 0. 0. 1. 0. 1. 1. 0. 0. 1. 1. 1. 0. 0. 1. 0. 1. 1. 1. 1.]
 [1. 1. 0. 0. 0. 0. 1. 0. 1. 0. 1. 0. 0. 0. 0. 0. 0. 1. 0. 0.]
 [0. 1. 0. 1. 0. 0. 0. 1. 1. 1. 0. 0. 1. 0. 1. 1. 0. 1. 1. 0.]
 [0. 1. 0. 1. 1. 0. 1. 0. 1. 0. 0. 0. 0. 1. 1. 0. 0. 0. 0. 0.]
 [1. 1. 0. 0. 0. 0. 1. 0. 0. 0. 1. 0. 0. 1. 0. 0. 0. 1. 0. 0.]
 [1. 1. 0. 1. 0. 0. 0. 1. 0. 0. 0. 1. 1. 0. 1. 1. 0. 1. 1. 0.]
 [1. 1. 1. 1. 0. 0. 0. 0. 1. 0. 1. 1. 0. 1. 0. 1. 0. 1. 1. 0.]
 [1. 1. 0. 1. 0. 0. 1. 0. 0. 0. 1. 0. 0. 1. 1. 0. 0. 0. 0. 0.]
 [0. 0. 0. 0. 0. 1. 1. 1. 1. 0. 0. 0. 0. 0. 0. 0. 0. 0. 0. 0.]
 [1. 0. 0. 1. 1. 0. 0. 0. 1. 1. 1. 0. 1. 1. 1. 0. 0. 0. 0. 0.]
 [0. 0. 1. 1. 0. 1. 1. 0. 1. 0. 1. 0. 0. 1. 1. 0. 0. 0. 0. 0.]
 [1. 1. 1. 0. 1. 0. 1. 0. 1. 0. 0. 0. 0. 0. 0. 0. 0. 0. 0. 0.]]
start_times_array: [[ 784.99999951 1204.99999951 1488.99999951 2014.99999951 2271.99999951
  2309.99999951 2865.99999951 3047.99999951 3343.99999951 3475.99999951
  3498.99999951 3652.99999951 4522.99999951 4648.99999951 4769.99999951]
 [ 123.          190.          419.          733.99999951  744.99999951
  1170.99999951 1618.99999951 1837.99999951 2236.99999951 2371.99999951
  3025.99999951 3146.99999951 3454.99999951 3826.99999951 4392.99999951]
 [ 131.          686.99999951  801.99999951 1844.99999951 2212.
  2296.         2357.99999951 2534.99999951 3454.99999951 3522.99999951
  3910.99999951 3938.99999951 4272.99999951 4402.99999951 4687.99999951]
 [ 372.          965.99999951 1340.99999951 1342.99999951 1618.99999951
  1830.99999951 3146.99999951 3234.99999951 3454.99999951 3770.99999951
  4042.99999951 4365.99999951 4602.99999951 4629.99999951 4782.99999951]
 [ 195.          245.          621.          930.99999951 1123.99999951
  1340.99999951 1395.99999951 1583.99999951 2624.99999951 2785.99999951
  2944.99999951 2983.99999951 3244.99999951 3367.99999951 3749.99999951]
 [  40.          315.         1726.99999951 1731.99999951 1985.99999951
  2125.         2719.99999951 2853.99999951 2878.99999951 3332.99999951
  3544.99999951 3678.99999951 3865.99999951 4096.99999951 4159.99999951]
 [   0.          376.          558.          928.99999951 1071.99999951
  1886.99999951 2467.99999951 2580.99999951 2632.99999951 3201.99999951
  3741.99999951 4218.99999951 4337.99999951 4782.99999951 4823.99999951]
 [ 137.          273.          607.99999951  697.99999951 1239.99999951
  1733.99999951 1782.99999951 2240.         2357.99999951 2375.99999951
  2805.99999951 2939.99999951 3131.99999951 3378.99999951 3983.99999951]
 [  88.          220.          681.99999951  762.99999951  777.99999951
  1117.99999951 1169.99999951 1395.99999951 2189.         2346.99999951
  3475.99999951 3910.99999951 4272.99999951 4648.99999951 4719.99999951]
 [ 430.          607.99999951 1007.99999951 1287.99999951 1381.99999951
  1756.99999951 2725.99999951 2749.99999951 2833.99999951 2986.99999951
  3367.99999951 3544.99999951 3808.99999951 4009.99999951 4472.99999951]
 [ 196.          214.          276.          875.99999951  930.99999951
  1464.99999951 1922.99999951 1961.99999951 2175.         2546.99999951
  2865.99999951 3050.99999951 3681.99999951 4086.99999951 4522.99999951]
 [  44.          471.          546.          857.99999951 1266.99999951
  1504.99999951 1695.99999951 2271.99999951 2534.99999951 2638.99999951
  3331.99999951 3613.99999951 4134.99999951 4408.99999951 4499.99999951]
 [  84.          220.          458.          471.          608.
   664.99999951 1025.99999951 1064.99999951 1287.99999951 1347.99999951
  2843.99999951 2929.99999951 2975.99999951 3358.99999951 3554.99999951]
 [ 279.          336.          350.          359.          870.99999951
  1117.99999951 1410.99999951 1806.99999951 1922.99999951 2146.99999951
  2564.99999951 3683.99999951 3910.99999951 4059.99999951 4271.99999951]
 [ 588.99999951 1025.99999951 1377.99999951 1563.99999951 1591.99999951
  1766.99999951 2090.99999951 2731.99999951 2814.99999951 3131.99999951
  3357.99999951 3544.99999951 4218.99999951 4805.99999951 4883.99999951]
 [  40.           87.          234.          518.          547.
   692.99999951  703.99999951 1287.99999951 1330.99999951 1395.99999951
  1746.99999951 2639.99999951 3953.99999951 4144.99999951 4484.99999951]
 [ 489.          846.99999951 1007.99999951 1320.99999951 1368.99999951
  1563.99999951 1699.99999951 1787.99999951 1830.99999951 2638.99999951
  3041.99999951 3296.99999951 3580.99999951 4294.99999951 4384.99999951]
 [   0.          169.          501.99999951  809.99999951 1631.99999951
  2435.99999951 2458.99999951 2636.99999951 3603.99999951 3826.99999951
  3997.99999951 4144.99999951 4195.99999951 4408.99999951 4452.99999951]
 [ 153.          816.99999951 1007.99999951 1268.99999951 1629.99999951
  1733.99999951 2274.99999951 2638.99999951 2660.99999951 2929.99999951
  2965.99999951 3592.99999951 3605.99999951 3826.99999951 3997.99999951]
 [  81.          275.          372.          524.          809.99999951
   883.99999951 1009.99999951 1742.99999951 2719.99999951 2811.99999951
  2825.99999951 3320.99999951 4007.99999951 4086.99999951 4120.99999951]]
