optimal_status: 0
solution: 3757.0
cpu_time: 3600.199639081955
gap: 0.6417353952332279
upper_bound: 1346.000120108763
lower_bound: 3757.0
cg_matrix: [[0. 0. 0. 0. 0. 1. 0. 0. 1. 0. 0. 1. 0. 0. 0. 0. 0. 1. 0. 0.]
 [0. 0. 0. 0. 0. 0. 0. 0. 0. 0. 0. 0. 0. 0. 0. 0. 0. 0. 0. 0.]
 [0. 0. 0. 0. 0. 0. 0. 0. 1. 0. 0. 0. 0. 0. 1. 0. 0. 1. 0. 1.]
 [0. 0. 0. 0. 0. 0. 0. 0. 0. 1. 0. 0. 0. 0. 0. 1. 0. 0. 0. 1.]
 [0. 0. 0. 0. 0. 0. 0. 0. 0. 0. 0. 1. 1. 0. 0. 0. 0. 0. 0. 0.]
 [1. 0. 0. 0. 0. 0. 0. 0. 0. 1. 0. 0. 0. 0. 1. 0. 1. 0. 0. 0.]
 [0. 0. 0. 0. 0. 0. 0. 1. 0. 1. 0. 0. 0. 0. 0. 0. 1. 1. 0. 1.]
 [0. 0. 0. 0. 0. 0. 1. 0. 0. 0. 0. 0. 0. 1. 0. 0. 0. 0. 0. 0.]
 [1. 0. 1. 0. 0. 0. 0. 0. 0. 0. 1. 0. 0. 0. 0. 0. 0. 1. 0. 1.]
 [0. 0. 0. 1. 0. 1. 1. 0. 0. 0. 0. 0. 0. 0. 0. 0. 1. 0. 0. 1.]
 [0. 0. 0. 0. 0. 0. 0. 0. 1. 0. 0. 1. 0. 1. 0. 0. 0. 1. 1. 0.]
 [1. 0. 0. 0. 1. 0. 0. 0. 0. 0. 1. 0. 1. 0. 0. 0. 0. 0. 0. 0.]
 [0. 0. 0. 0. 1. 0. 0. 0. 0. 0. 0. 1. 0. 1. 0. 0. 0. 0. 0. 0.]
 [0. 0. 0. 0. 0. 0. 0. 1. 0. 0. 1. 0. 1. 0. 0. 0. 0. 0. 1. 0.]
 [0. 0. 1. 0. 0. 1. 0. 0. 0. 0. 0. 0. 0. 0. 0. 0. 0. 0. 0. 0.]
 [0. 0. 0. 1. 0. 0. 0. 0. 0. 0. 0. 0. 0. 0. 0. 0. 0. 0. 1. 0.]
 [0. 0. 0. 0. 0. 1. 1. 0. 0. 1. 0. 0. 0. 0. 0. 0. 0. 0. 1. 0.]
 [1. 0. 1. 0. 0. 0. 1. 0. 1. 0. 1. 0. 0. 0. 0. 0. 0. 0. 0. 0.]
 [0. 0. 0. 0. 0. 0. 0. 0. 0. 0. 1. 0. 0. 1. 0. 1. 1. 0. 0. 1.]
 [0. 0. 1. 1. 0. 0. 1. 0. 1. 1. 0. 0. 0. 0. 0. 0. 0. 0. 1. 0.]]
start_times_array: [[1.000e+00 6.810e+02 7.650e+02 8.970e+02 1.194e+03 1.424e+03 1.961e+03
  2.069e+03 2.167e+03 2.704e+03 2.950e+03 3.181e+03 3.322e+03 3.352e+03
  3.376e+03 3.539e+03 3.579e+03 3.586e+03 3.683e+03 3.747e+03]
 [0.000e+00 1.200e+01 2.760e+02 3.450e+02 3.570e+02 5.150e+02 6.120e+02
  7.830e+02 8.520e+02 8.970e+02 9.920e+02 1.187e+03 1.259e+03 1.313e+03
  1.379e+03 1.644e+03 1.691e+03 1.752e+03 1.772e+03 1.891e+03]
 [6.020e+02 6.620e+02 7.070e+02 8.970e+02 1.194e+03 1.446e+03 1.521e+03
  1.844e+03 1.952e+03 2.073e+03 2.099e+03 2.171e+03 2.488e+03 2.698e+03
  3.068e+03 3.121e+03 3.322e+03 3.347e+03 3.348e+03 3.687e+03]
 [3.170e+02 6.550e+02 8.230e+02 1.029e+03 1.094e+03 1.195e+03 1.330e+03
  1.414e+03 1.447e+03 1.455e+03 1.714e+03 1.740e+03 1.798e+03 2.099e+03
  2.106e+03 2.201e+03 2.415e+03 2.733e+03 2.747e+03 3.279e+03]
 [1.580e+02 3.880e+02 4.760e+02 4.780e+02 4.900e+02 6.160e+02 7.150e+02
  7.610e+02 8.890e+02 9.760e+02 1.177e+03 1.320e+03 1.414e+03 1.513e+03
  1.961e+03 2.497e+03 2.969e+03 3.107e+03 3.249e+03 3.484e+03]
 [1.500e+01 1.280e+02 3.380e+02 6.620e+02 7.430e+02 9.780e+02 1.050e+03
  1.094e+03 1.773e+03 2.335e+03 2.418e+03 2.435e+03 2.521e+03 3.010e+03
  3.108e+03 3.149e+03 3.238e+03 3.437e+03 3.621e+03 3.624e+03]
 [1.950e+02 6.290e+02 9.780e+02 1.023e+03 1.085e+03 1.399e+03 1.418e+03
  1.421e+03 1.596e+03 1.719e+03 1.775e+03 1.795e+03 1.846e+03 1.887e+03
  2.099e+03 2.105e+03 2.150e+03 2.172e+03 2.174e+03 3.148e+03]
 [0.000e+00 2.000e+01 1.020e+02 3.090e+02 3.310e+02 3.400e+02 3.950e+02
  4.290e+02 6.050e+02 8.650e+02 1.282e+03 1.963e+03 2.006e+03 2.313e+03
  2.397e+03 2.398e+03 2.447e+03 2.969e+03 3.117e+03 3.674e+03]
 [9.900e+01 1.520e+02 5.580e+02 5.980e+02 1.000e+03 1.094e+03 1.104e+03
  1.613e+03 1.629e+03 1.720e+03 1.775e+03 1.913e+03 2.201e+03 2.411e+03
  2.574e+03 2.639e+03 2.787e+03 2.814e+03 3.443e+03 3.537e+03]
 [4.300e+01 5.310e+02 7.160e+02 8.650e+02 9.390e+02 1.276e+03 1.511e+03
  1.647e+03 1.654e+03 1.899e+03 1.948e+03 2.040e+03 2.581e+03 2.607e+03
  2.814e+03 3.328e+03 3.356e+03 3.491e+03 3.537e+03 3.655e+03]
 [0.000e+00 2.410e+02 3.400e+02 7.030e+02 7.580e+02 9.770e+02 1.414e+03
  1.515e+03 2.099e+03 2.316e+03 2.694e+03 2.977e+03 3.017e+03 3.108e+03
  3.111e+03 3.141e+03 3.169e+03 3.328e+03 3.539e+03 3.621e+03]
 [8.130e+02 1.029e+03 1.106e+03 1.572e+03 1.653e+03 1.709e+03 1.754e+03
  1.795e+03 1.821e+03 1.873e+03 2.216e+03 2.494e+03 2.603e+03 2.635e+03
  2.656e+03 2.657e+03 2.787e+03 2.795e+03 2.845e+03 2.911e+03]
 [6.500e+01 2.200e+02 2.980e+02 8.640e+02 1.237e+03 1.374e+03 1.971e+03
  2.090e+03 2.157e+03 2.313e+03 2.403e+03 2.531e+03 2.581e+03 2.670e+03
  2.679e+03 2.691e+03 2.719e+03 3.067e+03 3.177e+03 3.220e+03]
 [4.320e+02 4.970e+02 5.910e+02 6.700e+02 7.960e+02 1.077e+03 1.168e+03
  1.187e+03 1.598e+03 1.738e+03 1.828e+03 1.841e+03 1.890e+03 1.920e+03
  2.267e+03 2.603e+03 2.787e+03 2.793e+03 2.882e+03 3.421e+03]
 [3.600e+01 2.420e+02 3.710e+02 4.580e+02 5.000e+02 5.390e+02 5.560e+02
  7.520e+02 8.250e+02 8.420e+02 1.095e+03 1.319e+03 1.377e+03 1.613e+03
  1.711e+03 2.804e+03 2.901e+03 3.189e+03 3.541e+03 3.655e+03]
 [0.000e+00 1.200e+02 1.580e+02 3.040e+02 3.940e+02 4.660e+02 4.970e+02
  7.220e+02 9.770e+02 1.476e+03 1.541e+03 1.598e+03 1.889e+03 2.295e+03
  2.383e+03 2.581e+03 2.641e+03 2.901e+03 3.029e+03 3.136e+03]
 [0.000e+00 2.410e+02 2.780e+02 3.290e+02 3.800e+02 3.950e+02 4.580e+02
  7.530e+02 1.095e+03 1.174e+03 1.490e+03 2.267e+03 2.572e+03 2.704e+03
  2.755e+03 2.912e+03 2.969e+03 3.187e+03 3.541e+03 3.737e+03]
 [4.900e+01 1.020e+02 4.320e+02 4.510e+02 5.320e+02 5.920e+02 7.970e+02
  8.120e+02 8.420e+02 8.610e+02 1.259e+03 1.323e+03 1.647e+03 1.687e+03
  1.992e+03 2.510e+03 2.898e+03 3.010e+03 3.225e+03 3.643e+03]
 [4.900e+01 7.800e+01 1.130e+02 5.310e+02 5.900e+02 6.050e+02 8.460e+02
  9.380e+02 1.021e+03 1.237e+03 1.331e+03 1.360e+03 1.557e+03 1.684e+03
  1.821e+03 2.006e+03 2.193e+03 3.249e+03 3.349e+03 3.658e+03]
 [1.200e+01 1.370e+02 2.410e+02 3.940e+02 4.480e+02 4.920e+02 7.410e+02
  7.890e+02 8.060e+02 8.100e+02 2.300e+03 2.387e+03 2.506e+03 2.901e+03
  2.985e+03 3.067e+03 3.117e+03 3.189e+03 3.541e+03 3.597e+03]]
