optimal_status: 0
solution: 40360.0
cpu_time: 3609.276835203171
gap: 0.966893127597479
upper_bound: 1336.1933701657447
lower_bound: 40360.0
cg_matrix: [[0. 1. 1. 0. 0. 0. 1. 0. 1. 1. 1. 0. 1. 0. 1. 1. 1. 1. 1. 0. 1. 1. 1. 0.
  1. 0. 1. 1. 0. 0. 1. 1. 1. 1. 1. 1. 1. 1. 1. 1. 1. 1. 1. 1. 0. 0. 0. 1.
  1. 1.]
 [1. 0. 1. 0. 1. 1. 1. 1. 1. 1. 0. 1. 1. 1. 1. 1. 1. 1. 1. 1. 0. 0. 1. 1.
  1. 0. 1. 0. 1. 0. 1. 1. 1. 1. 1. 1. 1. 1. 0. 1. 1. 1. 1. 1. 1. 1. 1. 0.
  1. 1.]
 [1. 1. 0. 1. 0. 1. 1. 1. 0. 1. 1. 0. 1. 1. 1. 1. 1. 1. 1. 1. 1. 0. 1. 1.
  1. 1. 1. 1. 1. 1. 0. 0. 1. 1. 1. 1. 1. 1. 1. 1. 1. 1. 1. 1. 1. 1. 0. 1.
  1. 1.]
 [0. 0. 1. 0. 1. 1. 1. 1. 1. 1. 0. 1. 0. 1. 1. 1. 0. 1. 1. 0. 1. 1. 1. 1.
  1. 1. 1. 1. 1. 0. 1. 1. 0. 0. 0. 1. 1. 1. 1. 1. 1. 0. 1. 1. 1. 1. 0. 1.
  0. 1.]
 [0. 1. 0. 1. 0. 1. 1. 0. 1. 1. 1. 1. 1. 0. 0. 1. 1. 1. 1. 1. 1. 1. 0. 1.
  1. 1. 1. 1. 1. 1. 1. 1. 1. 0. 1. 0. 1. 1. 1. 1. 1. 1. 0. 1. 1. 1. 1. 1.
  1. 0.]
 [0. 1. 1. 1. 1. 0. 1. 1. 1. 0. 1. 1. 1. 1. 1. 1. 1. 1. 1. 1. 1. 1. 0. 1.
  1. 1. 1. 1. 1. 1. 0. 1. 1. 1. 1. 1. 1. 0. 1. 0. 1. 0. 1. 0. 1. 1. 1. 1.
  1. 1.]
 [1. 1. 1. 1. 1. 1. 0. 1. 1. 0. 1. 0. 1. 1. 1. 0. 1. 1. 0. 1. 0. 0. 1. 1.
  1. 1. 1. 1. 1. 1. 1. 0. 0. 1. 1. 0. 1. 0. 1. 1. 1. 0. 1. 1. 1. 1. 1. 1.
  1. 0.]
 [0. 1. 1. 1. 0. 1. 1. 0. 1. 1. 1. 1. 0. 1. 1. 1. 1. 0. 0. 1. 1. 0. 1. 1.
  1. 1. 1. 1. 0. 1. 0. 1. 1. 1. 1. 1. 1. 0. 0. 1. 0. 1. 1. 1. 1. 1. 1. 1.
  1. 1.]
 [1. 1. 0. 1. 1. 1. 1. 1. 0. 0. 1. 1. 1. 1. 0. 1. 1. 1. 0. 1. 0. 1. 1. 1.
  1. 1. 1. 0. 1. 1. 1. 1. 1. 1. 0. 1. 1. 0. 1. 0. 1. 1. 1. 1. 1. 1. 1. 0.
  1. 1.]
 [1. 1. 1. 1. 1. 0. 0. 1. 0. 0. 1. 1. 1. 1. 1. 1. 1. 1. 1. 1. 1. 1. 1. 1.
  1. 0. 1. 1. 1. 1. 1. 0. 1. 0. 1. 1. 1. 1. 1. 1. 1. 1. 1. 0. 1. 1. 1. 1.
  1. 0.]
 [1. 0. 1. 0. 1. 1. 1. 1. 1. 1. 0. 0. 1. 1. 1. 1. 1. 1. 1. 1. 1. 1. 1. 1.
  1. 1. 1. 1. 0. 0. 1. 1. 0. 1. 1. 1. 1. 1. 1. 1. 1. 1. 0. 1. 0. 0. 1. 1.
  1. 1.]
 [0. 1. 0. 1. 1. 1. 0. 1. 1. 1. 0. 0. 1. 1. 1. 1. 1. 1. 1. 1. 1. 0. 1. 1.
  1. 1. 1. 1. 1. 1. 0. 1. 1. 1. 1. 1. 1. 1. 1. 1. 1. 1. 1. 0. 1. 1. 1. 1.
  1. 0.]
 [1. 1. 1. 0. 1. 1. 1. 0. 1. 1. 1. 1. 0. 0. 1. 1. 1. 1. 0. 1. 0. 0. 0. 1.
  1. 1. 1. 1. 0. 1. 1. 1. 0. 0. 1. 1. 0. 1. 0. 0. 1. 0. 1. 1. 1. 1. 0. 1.
  0. 1.]
 [0. 1. 1. 1. 0. 1. 1. 1. 1. 1. 1. 1. 0. 0. 1. 1. 1. 1. 1. 1. 1. 1. 1. 0.
  1. 1. 1. 1. 1. 1. 1. 1. 1. 1. 1. 1. 0. 1. 1. 1. 1. 1. 1. 1. 1. 1. 1. 1.
  1. 1.]
 [1. 1. 1. 1. 0. 1. 1. 1. 0. 1. 1. 1. 1. 1. 0. 0. 1. 1. 1. 1. 1. 1. 1. 0.
  1. 1. 1. 1. 1. 1. 1. 0. 1. 0. 1. 1. 0. 1. 1. 1. 1. 1. 0. 1. 1. 1. 0. 1.
  0. 1.]
 [1. 1. 1. 1. 1. 1. 0. 1. 1. 1. 1. 1. 1. 1. 0. 0. 1. 1. 1. 1. 1. 1. 1. 0.
  0. 1. 1. 1. 0. 1. 1. 0. 1. 1. 1. 0. 1. 1. 1. 1. 1. 1. 1. 0. 1. 1. 1. 1.
  1. 1.]
 [1. 1. 1. 0. 1. 1. 1. 1. 1. 1. 1. 1. 1. 1. 1. 1. 0. 1. 1. 1. 1. 1. 1. 0.
  1. 1. 0. 0. 1. 1. 1. 1. 1. 1. 1. 1. 1. 1. 1. 1. 1. 1. 1. 1. 1. 1. 1. 0.
  1. 1.]
 [1. 1. 1. 1. 1. 1. 1. 0. 1. 1. 1. 1. 1. 1. 1. 1. 1. 0. 1. 1. 1. 0. 1. 1.
  1. 1. 1. 1. 1. 1. 0. 1. 1. 1. 0. 1. 1. 0. 1. 1. 1. 1. 1. 1. 1. 0. 1. 1.
  0. 1.]
 [1. 1. 1. 1. 1. 1. 0. 0. 0. 1. 1. 1. 0. 1. 1. 1. 1. 1. 0. 0. 0. 1. 0. 1.
  1. 1. 0. 1. 1. 1. 1. 1. 1. 1. 1. 1. 1. 1. 1. 0. 1. 1. 1. 1. 1. 1. 1. 1.
  1. 1.]
 [0. 1. 1. 0. 1. 1. 1. 1. 1. 1. 1. 1. 1. 1. 1. 1. 1. 1. 0. 0. 1. 0. 1. 1.
  1. 1. 1. 0. 1. 0. 1. 1. 1. 1. 1. 1. 0. 1. 0. 0. 1. 1. 0. 1. 1. 1. 1. 0.
  1. 1.]
 [1. 0. 1. 1. 1. 1. 0. 1. 0. 1. 1. 1. 0. 1. 1. 1. 1. 1. 0. 1. 0. 0. 0. 0.
  0. 0. 0. 0. 0. 0. 0. 0. 0. 0. 0. 0. 0. 0. 0. 0. 0. 0. 0. 0. 0. 0. 0. 0.
  0. 0.]
 [1. 0. 0. 1. 1. 1. 0. 0. 1. 1. 1. 0. 0. 1. 1. 1. 1. 0. 1. 0. 0. 0. 0. 0.
  0. 0. 0. 0. 0. 0. 0. 0. 0. 0. 0. 0. 0. 0. 0. 0. 0. 0. 0. 0. 0. 0. 0. 0.
  0. 0.]
 [1. 1. 1. 1. 0. 0. 1. 1. 1. 1. 1. 1. 0. 1. 1. 1. 1. 1. 0. 1. 0. 0. 0. 0.
  0. 0. 0. 0. 0. 0. 0. 0. 0. 0. 0. 0. 0. 0. 0. 0. 0. 0. 0. 0. 0. 0. 0. 0.
  0. 0.]
 [0. 1. 1. 1. 1. 1. 1. 1. 1. 1. 1. 1. 1. 0. 0. 0. 0. 1. 1. 1. 0. 0. 0. 0.
  0. 0. 0. 0. 0. 0. 0. 0. 0. 0. 0. 0. 0. 0. 0. 0. 0. 0. 0. 0. 0. 0. 0. 0.
  0. 0.]
 [1. 1. 1. 1. 1. 1. 1. 1. 1. 1. 1. 1. 1. 1. 1. 0. 1. 1. 1. 1. 0. 0. 0. 0.
  0. 0. 0. 0. 0. 0. 0. 0. 0. 0. 0. 0. 0. 0. 0. 0. 0. 0. 0. 0. 0. 0. 0. 0.
  0. 0.]
 [0. 0. 1. 1. 1. 1. 1. 1. 1. 0. 1. 1. 1. 1. 1. 1. 1. 1. 1. 1. 0. 0. 0. 0.
  0. 0. 0. 0. 0. 0. 0. 0. 0. 0. 0. 0. 0. 0. 0. 0. 0. 0. 0. 0. 0. 0. 0. 0.
  0. 0.]
 [1. 1. 1. 1. 1. 1. 1. 1. 1. 1. 1. 1. 1. 1. 1. 1. 0. 1. 0. 1. 0. 0. 0. 0.
  0. 0. 0. 0. 0. 0. 0. 0. 0. 0. 0. 0. 0. 0. 0. 0. 0. 0. 0. 0. 0. 0. 0. 0.
  0. 0.]
 [1. 0. 1. 1. 1. 1. 1. 1. 0. 1. 1. 1. 1. 1. 1. 1. 0. 1. 1. 0. 0. 0. 0. 0.
  0. 0. 0. 0. 0. 0. 0. 0. 0. 0. 0. 0. 0. 0. 0. 0. 0. 0. 0. 0. 0. 0. 0. 0.
  0. 0.]
 [0. 1. 1. 1. 1. 1. 1. 0. 1. 1. 0. 1. 0. 1. 1. 0. 1. 1. 1. 1. 0. 0. 0. 0.
  0. 0. 0. 0. 0. 0. 0. 0. 0. 0. 0. 0. 0. 0. 0. 0. 0. 0. 0. 0. 0. 0. 0. 0.
  0. 0.]
 [0. 0. 1. 0. 1. 1. 1. 1. 1. 1. 0. 1. 1. 1. 1. 1. 1. 1. 1. 0. 0. 0. 0. 0.
  0. 0. 0. 0. 0. 0. 0. 0. 0. 0. 0. 0. 0. 0. 0. 0. 0. 0. 0. 0. 0. 0. 0. 0.
  0. 0.]
 [1. 1. 0. 1. 1. 0. 1. 0. 1. 1. 1. 0. 1. 1. 1. 1. 1. 0. 1. 1. 0. 0. 0. 0.
  0. 0. 0. 0. 0. 0. 0. 0. 0. 0. 0. 0. 0. 0. 0. 0. 0. 0. 0. 0. 0. 0. 0. 0.
  0. 0.]
 [1. 1. 0. 1. 1. 1. 0. 1. 1. 0. 1. 1. 1. 1. 0. 0. 1. 1. 1. 1. 0. 0. 0. 0.
  0. 0. 0. 0. 0. 0. 0. 0. 0. 0. 0. 0. 0. 0. 0. 0. 0. 0. 0. 0. 0. 0. 0. 0.
  0. 0.]
 [1. 1. 1. 0. 1. 1. 0. 1. 1. 1. 0. 1. 0. 1. 1. 1. 1. 1. 1. 1. 0. 0. 0. 0.
  0. 0. 0. 0. 0. 0. 0. 0. 0. 0. 0. 0. 0. 0. 0. 0. 0. 0. 0. 0. 0. 0. 0. 0.
  0. 0.]
 [1. 1. 1. 0. 0. 1. 1. 1. 1. 0. 1. 1. 0. 1. 0. 1. 1. 1. 1. 1. 0. 0. 0. 0.
  0. 0. 0. 0. 0. 0. 0. 0. 0. 0. 0. 0. 0. 0. 0. 0. 0. 0. 0. 0. 0. 0. 0. 0.
  0. 0.]
 [1. 1. 1. 0. 1. 1. 1. 1. 0. 1. 1. 1. 1. 1. 1. 1. 1. 0. 1. 1. 0. 0. 0. 0.
  0. 0. 0. 0. 0. 0. 0. 0. 0. 0. 0. 0. 0. 0. 0. 0. 0. 0. 0. 0. 0. 0. 0. 0.
  0. 0.]
 [1. 1. 1. 1. 0. 1. 0. 1. 1. 1. 1. 1. 1. 1. 1. 0. 1. 1. 1. 1. 0. 0. 0. 0.
  0. 0. 0. 0. 0. 0. 0. 0. 0. 0. 0. 0. 0. 0. 0. 0. 0. 0. 0. 0. 0. 0. 0. 0.
  0. 0.]
 [1. 1. 1. 1. 1. 1. 1. 1. 1. 1. 1. 1. 0. 0. 0. 1. 1. 1. 1. 0. 0. 0. 0. 0.
  0. 0. 0. 0. 0. 0. 0. 0. 0. 0. 0. 0. 0. 0. 0. 0. 0. 0. 0. 0. 0. 0. 0. 0.
  0. 0.]
 [1. 1. 1. 1. 1. 0. 0. 0. 0. 1. 1. 1. 1. 1. 1. 1. 1. 0. 1. 1. 0. 0. 0. 0.
  0. 0. 0. 0. 0. 0. 0. 0. 0. 0. 0. 0. 0. 0. 0. 0. 0. 0. 0. 0. 0. 0. 0. 0.
  0. 0.]
 [1. 0. 1. 1. 1. 1. 1. 0. 1. 1. 1. 1. 0. 1. 1. 1. 1. 1. 1. 0. 0. 0. 0. 0.
  0. 0. 0. 0. 0. 0. 0. 0. 0. 0. 0. 0. 0. 0. 0. 0. 0. 0. 0. 0. 0. 0. 0. 0.
  0. 0.]
 [1. 1. 1. 1. 1. 0. 1. 1. 0. 1. 1. 1. 0. 1. 1. 1. 1. 1. 0. 0. 0. 0. 0. 0.
  0. 0. 0. 0. 0. 0. 0. 0. 0. 0. 0. 0. 0. 0. 0. 0. 0. 0. 0. 0. 0. 0. 0. 0.
  0. 0.]
 [1. 1. 1. 1. 1. 1. 1. 0. 1. 1. 1. 1. 1. 1. 1. 1. 1. 1. 1. 1. 0. 0. 0. 0.
  0. 0. 0. 0. 0. 0. 0. 0. 0. 0. 0. 0. 0. 0. 0. 0. 0. 0. 0. 0. 0. 0. 0. 0.
  0. 0.]
 [1. 1. 1. 0. 1. 0. 0. 1. 1. 1. 1. 1. 0. 1. 1. 1. 1. 1. 1. 1. 0. 0. 0. 0.
  0. 0. 0. 0. 0. 0. 0. 0. 0. 0. 0. 0. 0. 0. 0. 0. 0. 0. 0. 0. 0. 0. 0. 0.
  0. 0.]
 [1. 1. 1. 1. 0. 1. 1. 1. 1. 1. 0. 1. 1. 1. 0. 1. 1. 1. 1. 0. 0. 0. 0. 0.
  0. 0. 0. 0. 0. 0. 0. 0. 0. 0. 0. 0. 0. 0. 0. 0. 0. 0. 0. 0. 0. 0. 0. 0.
  0. 0.]
 [1. 1. 1. 1. 1. 0. 1. 1. 1. 0. 1. 0. 1. 1. 1. 0. 1. 1. 1. 1. 0. 0. 0. 0.
  0. 0. 0. 0. 0. 0. 0. 0. 0. 0. 0. 0. 0. 0. 0. 0. 0. 0. 0. 0. 0. 0. 0. 0.
  0. 0.]
 [0. 1. 1. 1. 1. 1. 1. 1. 1. 1. 0. 1. 1. 1. 1. 1. 1. 1. 1. 1. 0. 0. 0. 0.
  0. 0. 0. 0. 0. 0. 0. 0. 0. 0. 0. 0. 0. 0. 0. 0. 0. 0. 0. 0. 0. 0. 0. 0.
  0. 0.]
 [0. 1. 1. 1. 1. 1. 1. 1. 1. 1. 0. 1. 1. 1. 1. 1. 1. 0. 1. 1. 0. 0. 0. 0.
  0. 0. 0. 0. 0. 0. 0. 0. 0. 0. 0. 0. 0. 0. 0. 0. 0. 0. 0. 0. 0. 0. 0. 0.
  0. 0.]
 [0. 1. 0. 0. 1. 1. 1. 1. 1. 1. 1. 1. 0. 1. 0. 1. 1. 1. 1. 1. 0. 0. 0. 0.
  0. 0. 0. 0. 0. 0. 0. 0. 0. 0. 0. 0. 0. 0. 0. 0. 0. 0. 0. 0. 0. 0. 0. 0.
  0. 0.]
 [1. 0. 1. 1. 1. 1. 1. 1. 0. 1. 1. 1. 1. 1. 1. 1. 0. 1. 1. 0. 0. 0. 0. 0.
  0. 0. 0. 0. 0. 0. 0. 0. 0. 0. 0. 0. 0. 0. 0. 0. 0. 0. 0. 0. 0. 0. 0. 0.
  0. 0.]
 [1. 1. 1. 0. 1. 1. 1. 1. 1. 1. 1. 1. 0. 1. 0. 1. 1. 0. 1. 1. 0. 0. 0. 0.
  0. 0. 0. 0. 0. 0. 0. 0. 0. 0. 0. 0. 0. 0. 0. 0. 0. 0. 0. 0. 0. 0. 0. 0.
  0. 0.]
 [1. 1. 1. 1. 0. 1. 0. 1. 1. 0. 1. 0. 1. 1. 1. 1. 1. 1. 1. 1. 0. 0. 0. 0.
  0. 0. 0. 0. 0. 0. 0. 0. 0. 0. 0. 0. 0. 0. 0. 0. 0. 0. 0. 0. 0. 0. 0. 0.
  0. 0.]]
start_times_array: [[3.95230000e+04 3.95980000e+04 3.96480000e+04 3.96520000e+04
  3.96860000e+04 3.97220000e+04 3.97910000e+04 3.98430000e+04
  3.98870000e+04 3.99290000e+04 3.99410000e+04 3.99910000e+04
  4.00030000e+04 4.00740000e+04 4.01630000e+04 4.01940000e+04
  4.02080000e+04 4.02210000e+04 4.02740000e+04 4.03170000e+04]
 [3.83610000e+04 3.83880000e+04 3.84060000e+04 3.84760000e+04
  3.85600000e+04 3.85680000e+04 3.86300000e+04 3.87210000e+04
  3.87450000e+04 3.88390000e+04 3.89370000e+04 3.90150000e+04
  3.91050000e+04 3.91060000e+04 3.91300000e+04 3.92260000e+04
  3.92870000e+04 3.93770000e+04 3.94440000e+04 3.94510000e+04]
 [3.71580000e+04 3.72140000e+04 3.72980000e+04 3.74820000e+04
  3.75140000e+04 3.75220000e+04 3.75650000e+04 3.76020000e+04
  3.76270000e+04 3.76370000e+04 3.77220000e+04 3.78000000e+04
  3.78760000e+04 3.79700000e+04 3.80300000e+04 3.80670000e+04
  3.81350000e+04 3.81460000e+04 3.82120000e+04 3.82780000e+04]
 [3.62580000e+04 3.63440000e+04 3.64390000e+04 3.65050000e+04
  3.65090000e+04 3.65430000e+04 3.65980000e+04 3.66330000e+04
  3.66650000e+04 3.67430000e+04 3.67950000e+04 3.68050000e+04
  3.68630000e+04 3.68720000e+04 3.69450000e+04 3.69630000e+04
  3.70150000e+04 3.70720000e+04 3.71310000e+04 3.73930000e+04]
 [3.54380000e+04 3.55340000e+04 3.56150000e+04 3.56600000e+04
  3.56810000e+04 3.57550000e+04 3.57620000e+04 3.58050000e+04
  3.58400000e+04 3.58630000e+04 3.59260000e+04 3.59380000e+04
  3.60300000e+04 3.61080000e+04 3.61170000e+04 3.61470000e+04
  3.61690000e+04 3.61880000e+04 3.63230000e+04 3.63270000e+04]
 [3.45400000e+04 3.45930000e+04 3.46440000e+04 3.46790000e+04
  3.46900000e+04 3.47450000e+04 3.47630000e+04 3.48520000e+04
  3.49430000e+04 3.49590000e+04 3.50410000e+04 3.51250000e+04
  3.51290000e+04 3.51310000e+04 3.52260000e+04 3.52430000e+04
  3.53350000e+04 3.54160000e+04 3.54690000e+04 3.54760000e+04]
 [3.34900000e+04 3.35820000e+04 3.36290000e+04 3.36390000e+04
  3.36860000e+04 3.36900000e+04 3.37650000e+04 3.38060000e+04
  3.38570000e+04 3.38590000e+04 3.39320000e+04 3.39840000e+04
  3.40220000e+04 3.40660000e+04 3.40890000e+04 3.41200000e+04
  3.42100000e+04 3.43000000e+04 3.43810000e+04 3.44560000e+04]
 [3.24190000e+04 3.24500000e+04 3.24700000e+04 3.25020000e+04
  3.25560000e+04 3.25660000e+04 3.26620000e+04 3.26680000e+04
  3.27490000e+04 3.28220000e+04 3.28970000e+04 3.29920000e+04
  3.30730000e+04 3.31040000e+04 3.31850000e+04 3.32750000e+04
  3.33080000e+04 3.33720000e+04 3.34680000e+04 3.34890000e+04]
 [3.11010000e+04 3.12830000e+04 3.15640000e+04 3.15820000e+04
  3.16630000e+04 3.17530000e+04 3.17880000e+04 3.18000000e+04
  3.18280000e+04 3.19100000e+04 3.19200000e+04 3.19910000e+04
  3.20850000e+04 3.21360000e+04 3.21900000e+04 3.22150000e+04
  3.22520000e+04 3.22860000e+04 3.22880000e+04 3.23590000e+04]
 [3.07930000e+04 3.08220000e+04 3.09000000e+04 3.09330000e+04
  3.09870000e+04 3.10070000e+04 3.10820000e+04 3.11700000e+04
  3.12050000e+04 3.12750000e+04 3.13100000e+04 3.13630000e+04
  3.13990000e+04 3.14810000e+04 3.15070000e+04 3.15310000e+04
  3.15590000e+04 3.15690000e+04 3.16670000e+04 3.18526527e+04]
 [2.96750000e+04 2.99130000e+04 2.99150000e+04 3.00110000e+04
  3.00770000e+04 3.00800000e+04 3.01610000e+04 3.01650000e+04
  3.02180000e+04 3.02300000e+04 3.02660000e+04 3.03270000e+04
  3.04050000e+04 3.04300000e+04 3.05050000e+04 3.05490000e+04
  3.05610000e+04 3.06420000e+04 3.06650000e+04 3.07060000e+04]
 [2.89980000e+04 2.91170000e+04 2.91640000e+04 2.92490000e+04
  2.94000000e+04 2.94740000e+04 2.95680000e+04 2.95920000e+04
  2.96100000e+04 2.96180000e+04 2.97080000e+04 2.97630000e+04
  2.98300000e+04 2.98820000e+04 2.98850000e+04 2.99130000e+04
  2.99420000e+04 3.00150000e+04 3.01110000e+04 3.01680000e+04]
 [2.78800000e+04 2.78980000e+04 2.79700000e+04 2.80580000e+04
  2.81160000e+04 2.81210000e+04 2.82020000e+04 2.82950000e+04
  2.83900000e+04 2.84260000e+04 2.84770000e+04 2.85300000e+04
  2.85910000e+04 2.86630000e+04 2.87260000e+04 2.87620000e+04
  2.88100000e+04 2.89060000e+04 2.90960000e+04 2.93390000e+04]
 [2.67180000e+04 2.67730000e+04 2.68180000e+04 2.69090000e+04
  2.69330000e+04 2.70940000e+04 2.71650000e+04 2.71770000e+04
  2.72680000e+04 2.73360000e+04 2.73910000e+04 2.74790000e+04
  2.75550000e+04 2.76440000e+04 2.76580000e+04 2.77500000e+04
  2.78140000e+04 2.81070282e+04 2.82880282e+04 2.83360282e+04]
 [2.56812441e+04 2.58460000e+04 2.58640000e+04 2.59200000e+04
  2.59890000e+04 2.60750000e+04 2.60980000e+04 2.61310000e+04
  2.62170000e+04 2.62690000e+04 2.63400000e+04 2.64370000e+04
  2.64460000e+04 2.64620000e+04 2.65000000e+04 2.65690000e+04
  2.66030000e+04 2.66460000e+04 2.66470000e+04 2.70100000e+04]
 [2.50830000e+04 2.51420000e+04 2.52250000e+04 2.52360000e+04
  2.52570000e+04 2.53040000e+04 2.53560000e+04 2.54340000e+04
  2.55060000e+04 2.55920000e+04 2.56200000e+04 2.57010000e+04
  2.57060000e+04 2.57350000e+04 2.57710000e+04 2.57780000e+04
  2.59200000e+04 2.59480000e+04 2.60450000e+04 2.63670282e+04]
 [2.42270000e+04 2.43950000e+04 2.44150000e+04 2.44470000e+04
  2.45370000e+04 2.45960000e+04 2.46490000e+04 2.47410000e+04
  2.47420000e+04 2.47500000e+04 2.47600000e+04 2.47700000e+04
  2.47950000e+04 2.48030000e+04 2.48560000e+04 2.48810000e+04
  2.49600000e+04 2.50450000e+04 2.50730000e+04 2.51920000e+04]
 [2.33890000e+04 2.34740000e+04 2.35250000e+04 2.36040000e+04
  2.36100000e+04 2.36380000e+04 2.36780000e+04 2.36970000e+04
  2.37570000e+04 2.37710000e+04 2.37830000e+04 2.38140000e+04
  2.38390000e+04 2.38540000e+04 2.39380000e+04 2.40210000e+04
  2.41060000e+04 2.41930000e+04 2.42610000e+04 2.43030000e+04]
 [2.13400000e+04 2.13640000e+04 2.21780000e+04 2.21900000e+04
  2.22290000e+04 2.22340000e+04 2.28220000e+04 2.28730000e+04
  2.29410000e+04 2.29770000e+04 2.30240000e+04 2.30360000e+04
  2.30900000e+04 2.31510000e+04 2.31620000e+04 2.32610000e+04
  2.33000000e+04 2.33530000e+04 2.33560000e+04 2.34260000e+04]
 [2.20340000e+04 2.20970000e+04 2.21780000e+04 2.22620000e+04
  2.22740000e+04 2.23100000e+04 2.24060000e+04 2.24730000e+04
  2.25190000e+04 2.26090000e+04 2.26870000e+04 2.27090000e+04
  2.27920000e+04 2.28770000e+04 2.29740000e+04 2.30240000e+04
  2.31020000e+04 2.31930000e+04 2.32760000e+04 2.33250000e+04]
 [1.73340000e+04 2.07010000e+04 2.13400000e+04 2.13690000e+04
  2.13700000e+04 2.14580000e+04 2.14650000e+04 2.14760000e+04
  2.15170000e+04 2.15680000e+04 2.16080000e+04 2.16980000e+04
  2.17180000e+04 2.17600000e+04 2.18000000e+04 2.18250000e+04
  2.18560000e+04 2.18640000e+04 2.19500000e+04 2.20720000e+04]
 [1.99230000e+04 1.99350000e+04 2.00050000e+04 2.03230000e+04
  2.04000000e+04 2.04180000e+04 2.04310000e+04 2.05010000e+04
  2.05360000e+04 2.06330000e+04 2.06830000e+04 2.07150000e+04
  2.08030000e+04 2.09010000e+04 2.09380000e+04 2.10200000e+04
  2.10730000e+04 2.10940000e+04 2.11870000e+04 2.12470000e+04]
 [1.90260000e+04 1.90400000e+04 1.97420000e+04 1.98380000e+04
  1.98630000e+04 1.99350000e+04 1.99730000e+04 2.00160000e+04
  2.00840000e+04 2.01220000e+04 2.01400000e+04 2.01750000e+04
  2.02240000e+04 2.03230000e+04 2.03710000e+04 2.04580000e+04
  2.04690000e+04 2.04850000e+04 2.05810000e+04 2.06170000e+04]
 [1.88499776e+04 1.91960000e+04 1.92190000e+04 1.93160000e+04
  1.93880000e+04 1.94200000e+04 1.94970000e+04 1.95320000e+04
  1.95940000e+04 1.96090000e+04 1.96810000e+04 1.97290000e+04
  1.97630000e+04 1.98140000e+04 1.98380000e+04 1.99090000e+04
  1.99270000e+04 1.99320000e+04 1.99690000e+04 2.00250000e+04]
 [1.50190000e+04 1.70600000e+04 1.70980000e+04 1.84200000e+04
  1.84970000e+04 1.85800000e+04 1.86200000e+04 1.86630000e+04
  1.87270000e+04 1.88180000e+04 1.88190000e+04 1.88670000e+04
  1.89470000e+04 1.89620000e+04 1.89830000e+04 1.90100000e+04
  1.90260000e+04 1.90860000e+04 1.91310000e+04 1.95210000e+04]
 [1.72310000e+04 1.72510000e+04 1.72550000e+04 1.75820000e+04
  1.76690000e+04 1.76960000e+04 1.77800000e+04 1.78000000e+04
  1.78460000e+04 1.79370000e+04 1.79460000e+04 1.79700000e+04
  1.80680000e+04 1.80960000e+04 1.80980000e+04 1.81740000e+04
  1.81960000e+04 1.82840000e+04 1.83510000e+04 1.83830000e+04]
 [1.47520000e+04 1.68380000e+04 1.68510000e+04 1.69130000e+04
  1.69620000e+04 1.70600000e+04 1.71210000e+04 1.71800000e+04
  1.72180000e+04 1.72310000e+04 1.72360000e+04 1.73110000e+04
  1.73850000e+04 1.74500000e+04 1.75160000e+04 1.75760000e+04
  1.75900000e+04 1.78540000e+04 1.78990000e+04 1.80470000e+04]
 [1.36300000e+04 1.48970000e+04 1.49420000e+04 1.50380000e+04
  1.50730000e+04 1.51100000e+04 1.51740000e+04 1.61160000e+04
  1.61280000e+04 1.62170000e+04 1.62860000e+04 1.63600000e+04
  1.64120000e+04 1.65100000e+04 1.65270000e+04 1.66130000e+04
  1.66890000e+04 1.67850000e+04 1.68510000e+04 1.70550000e+04]
 [1.35070000e+04 1.36510000e+04 1.52220000e+04 1.52650000e+04
  1.52740000e+04 1.56420000e+04 1.57280000e+04 1.57310000e+04
  1.58270000e+04 1.58710000e+04 1.58940000e+04 1.58970000e+04
  1.59150000e+04 1.59180000e+04 1.59630000e+04 1.60010000e+04
  1.60250000e+04 1.61160000e+04 1.61520000e+04 1.66431329e+04]
 [1.46860000e+04 1.47290000e+04 1.47520000e+04 1.48200000e+04
  1.48310000e+04 1.48840000e+04 1.49610000e+04 1.50320000e+04
  1.50970000e+04 1.51740000e+04 1.52220000e+04 1.52650000e+04
  1.53100000e+04 1.53930000e+04 1.54000000e+04 1.54930000e+04
  1.55580000e+04 1.56410000e+04 1.56490000e+04 1.56540000e+04]
 [1.34490000e+04 1.34920000e+04 1.37060000e+04 1.39320000e+04
  1.40220000e+04 1.40840000e+04 1.40990000e+04 1.41120000e+04
  1.41150000e+04 1.41640000e+04 1.42540000e+04 1.43090000e+04
  1.43740000e+04 1.44590000e+04 1.45460000e+04 1.45700000e+04
  1.46310000e+04 1.46810000e+04 1.48200000e+04 1.48970000e+04]
 [1.29210000e+04 1.29640000e+04 1.30550000e+04 1.31250000e+04
  1.31330000e+04 1.31780000e+04 1.32020000e+04 1.32650000e+04
  1.33510000e+04 1.33670000e+04 1.34350000e+04 1.34920000e+04
  1.35100000e+04 1.35700000e+04 1.36510000e+04 1.36540000e+04
  1.36710000e+04 1.37390000e+04 1.38360000e+04 1.38780000e+04]
 [1.19840000e+04 1.20710000e+04 1.21660000e+04 1.21910000e+04
  1.22520000e+04 1.23160000e+04 1.23460000e+04 1.25940000e+04
  1.26150000e+04 1.27030000e+04 1.27860000e+04 1.28580000e+04
  1.29440000e+04 1.29640000e+04 1.32350000e+04 1.32740000e+04
  1.33450000e+04 1.33970000e+04 1.35960000e+04 1.38350000e+04]
 [1.16720000e+04 1.17180000e+04 1.17630000e+04 1.18500000e+04
  1.18940000e+04 1.19210000e+04 1.19650000e+04 1.19840000e+04
  1.20350000e+04 1.21180000e+04 1.21200000e+04 1.21410000e+04
  1.21540000e+04 1.22040000e+04 1.22210000e+04 1.23160000e+04
  1.23990000e+04 1.24320000e+04 1.24610000e+04 1.25530000e+04]
 [8.96600000e+03 1.07120000e+04 1.07850000e+04 1.08200000e+04
  1.08910000e+04 1.09130000e+04 1.10120000e+04 1.11110000e+04
  1.11760000e+04 1.12300000e+04 1.13020000e+04 1.13610000e+04
  1.14590000e+04 1.15030000e+04 1.15220000e+04 1.15450000e+04
  1.16400000e+04 1.17270000e+04 1.17960000e+04 1.18640000e+04]
 [8.42800000e+03 8.44800000e+03 8.80600000e+03 9.16300000e+03
  9.16900000e+03 9.20700000e+03 9.52800000e+03 9.56500000e+03
  1.03570000e+04 1.04190000e+04 1.04670000e+04 1.05450000e+04
  1.05630000e+04 1.06330000e+04 1.07110000e+04 1.07120000e+04
  1.07330000e+04 1.08180000e+04 1.08570000e+04 1.10780000e+04]
 [8.36200000e+03 9.24300000e+03 9.30300000e+03 9.33600000e+03
  9.41600000e+03 9.68700000e+03 9.74700000e+03 9.78800000e+03
  9.87000000e+03 9.88700000e+03 9.97600000e+03 1.00350000e+04
  1.01060000e+04 1.01550000e+04 1.02300000e+04 1.02750000e+04
  1.02970000e+04 1.04800000e+04 1.10070000e+04 1.12968924e+04]
 [8.65900000e+03 8.73100000e+03 8.80300000e+03 8.81400000e+03
  8.82900000e+03 8.90100000e+03 8.96600000e+03 9.02200000e+03
  9.09900000e+03 9.16700000e+03 9.18400000e+03 9.24300000e+03
  9.26000000e+03 9.32800000e+03 9.39700000e+03 9.46800000e+03
  9.52800000e+03 9.56700000e+03 9.60900000e+03 1.05141329e+04]
 [6.77800000e+03 8.36200000e+03 8.38900000e+03 8.40500000e+03
  8.42800000e+03 8.44000000e+03 8.51400000e+03 8.61100000e+03
  8.65900000e+03 8.69400000e+03 8.74700000e+03 8.75600000e+03
  8.83600000e+03 8.90400000e+03 8.91900000e+03 8.98100000e+03
  9.00400000e+03 9.09900000e+03 9.18800000e+03 9.50000000e+03]
 [7.53400000e+03 7.60800000e+03 7.66100000e+03 7.73700000e+03
  7.83400000e+03 7.90500000e+03 7.98600000e+03 8.01400000e+03
  8.08400000e+03 8.15100000e+03 8.17700000e+03 8.27400000e+03
  8.28500000e+03 8.36200000e+03 8.41800000e+03 8.48000000e+03
  8.52100000e+03 8.57100000e+03 8.61100000e+03 8.64600000e+03]
 [5.56100000e+03 6.73300000e+03 6.73600000e+03 6.76800000e+03
  6.77800000e+03 6.87100000e+03 6.87300000e+03 6.93600000e+03
  6.94000000e+03 6.94400000e+03 6.96200000e+03 7.04700000e+03
  7.07500000e+03 7.13000000e+03 7.21000000e+03 7.26900000e+03
  7.34300000e+03 7.39400000e+03 7.46800000e+03 7.48800000e+03]
 [5.60400000e+03 5.63600000e+03 5.76000000e+03 5.80900000e+03
  5.88500000e+03 5.89100000e+03 5.98400000e+03 6.04100000e+03
  6.05200000e+03 6.12100000e+03 6.15600000e+03 6.21500000e+03
  6.23500000e+03 6.25700000e+03 6.27000000e+03 6.30500000e+03
  6.40400000e+03 6.49900000e+03 6.59800000e+03 6.67200000e+03]
 [4.03900000e+03 4.09400000e+03 4.13200000e+03 4.81300000e+03
  5.00400000e+03 5.20200000e+03 5.25800000e+03 5.34500000e+03
  5.36100000e+03 5.36300000e+03 5.44300000e+03 5.48600000e+03
  5.53600000e+03 5.60400000e+03 5.61600000e+03 5.63500000e+03
  5.66000000e+03 5.67700000e+03 5.72900000e+03 6.02100000e+03]
 [3.53500000e+03 3.97000000e+03 4.23600000e+03 4.29300000e+03
  4.39100000e+03 4.43900000e+03 4.46500000e+03 4.49500000e+03
  4.51500000e+03 4.58900000e+03 4.63600000e+03 4.73500000e+03
  4.81300000e+03 4.91000000e+03 5.00400000e+03 5.08400000e+03
  5.15800000e+03 5.20000000e+03 5.61400000e+03 5.69700000e+03]
 [3.33200000e+03 3.38600000e+03 3.40000000e+03 3.49600000e+03
  3.57200000e+03 3.57300000e+03 3.67100000e+03 3.71400000e+03
  3.77100000e+03 3.80000000e+03 3.87600000e+03 3.91200000e+03
  3.97000000e+03 4.06300000e+03 4.08000000e+03 4.11800000e+03
  4.19900000e+03 4.27300000e+03 4.37800000e+03 4.41700000e+03]
 [2.62700000e+03 2.70700000e+03 2.80100000e+03 2.87000000e+03
  2.93900000e+03 2.99300000e+03 3.02300000e+03 3.10900000e+03
  3.18900000e+03 3.19500000e+03 3.26700000e+03 3.33200000e+03
  3.37700000e+03 3.46600000e+03 3.53300000e+03 3.53900000e+03
  3.56700000e+03 3.64300000e+03 3.74300000e+03 3.77200000e+03]
 [5.83000000e+02 6.96000000e+02 1.89300000e+03 1.90100000e+03
  2.10200000e+03 2.29000000e+03 2.29700000e+03 2.32300000e+03
  2.34800000e+03 2.36600000e+03 2.45000000e+03 2.47900000e+03
  2.57100000e+03 2.58900000e+03 2.83800000e+03 2.93100000e+03
  2.99100000e+03 3.20000000e+03 3.30200000e+03 3.38300000e+03]
 [9.26000000e+02 9.62000000e+02 1.33100000e+03 1.40300000e+03
  1.43400000e+03 1.46200000e+03 1.51400000e+03 1.52800000e+03
  1.58700000e+03 1.68400000e+03 1.75500000e+03 1.84700000e+03
  1.89700000e+03 1.90100000e+03 1.99700000e+03 2.00300000e+03
  2.10200000e+03 2.10300000e+03 2.17300000e+03 2.23100000e+03]
 [2.97000000e+02 3.21000000e+02 4.02000000e+02 4.86000000e+02
  5.43000000e+02 6.02000000e+02 6.96000000e+02 7.27000000e+02
  8.25000000e+02 8.62000000e+02 9.26000000e+02 9.95000000e+02
  1.05100000e+03 1.12200000e+03 1.14500000e+03 1.17500000e+03
  1.27200000e+03 1.35800000e+03 1.38700000e+03 2.15600000e+03]
 [0.00000000e+00 3.30000000e+01 1.14000000e+02 1.72000000e+02
  2.53000000e+02 2.55000000e+02 2.80000000e+02 2.97000000e+02
  2.98000000e+02 3.70000000e+02 4.03000000e+02 4.21000000e+02
  4.43000000e+02 4.87000000e+02 5.15000000e+02 5.84000000e+02
  6.76000000e+02 8.19000000e+02 1.30500000e+03 1.35800000e+03]]
