optimal_status: 0
solution: 4214.0
cpu_time: 3600.025358915329
gap: 0.6509810674904452
upper_bound: 1470.7657815952643
lower_bound: 4214.0
cg_matrix: [[0. 1. 0. 0. 0. 0. 0. 0. 0. 0. 0. 0. 0. 0. 0. 0. 0. 1. 0. 0.]
 [1. 0. 0. 0. 1. 0. 0. 0. 0. 0. 1. 0. 0. 1. 0. 0. 0. 0. 0. 1.]
 [0. 0. 0. 1. 1. 0. 0. 0. 1. 1. 1. 0. 1. 1. 0. 0. 0. 0. 0. 0.]
 [0. 0. 1. 0. 1. 0. 0. 1. 0. 0. 0. 0. 0. 0. 0. 1. 0. 1. 0. 0.]
 [0. 1. 1. 1. 0. 0. 1. 0. 1. 0. 0. 1. 0. 1. 0. 1. 0. 1. 0. 0.]
 [0. 0. 0. 0. 0. 0. 0. 0. 1. 0. 0. 0. 0. 1. 0. 0. 0. 0. 0. 0.]
 [0. 0. 0. 0. 1. 0. 0. 0. 1. 0. 0. 0. 1. 0. 0. 0. 1. 1. 0. 0.]
 [0. 0. 0. 1. 0. 0. 0. 0. 0. 0. 0. 0. 1. 0. 0. 0. 0. 0. 1. 0.]
 [0. 0. 1. 0. 1. 1. 1. 0. 0. 0. 0. 0. 0. 0. 0. 1. 1. 0. 0. 0.]
 [0. 0. 1. 0. 0. 0. 0. 0. 0. 0. 0. 0. 1. 0. 0. 0. 0. 0. 0. 0.]
 [0. 1. 1. 0. 0. 0. 0. 0. 0. 0. 0. 0. 0. 0. 0. 0. 0. 0. 0. 0.]
 [0. 0. 0. 0. 1. 0. 0. 0. 0. 0. 0. 0. 0. 1. 1. 0. 1. 0. 0. 0.]
 [0. 0. 1. 0. 0. 0. 1. 1. 0. 1. 0. 0. 0. 0. 1. 0. 0. 0. 0. 0.]
 [0. 1. 1. 0. 1. 1. 0. 0. 0. 0. 0. 1. 0. 0. 0. 0. 0. 0. 1. 0.]
 [0. 0. 0. 0. 0. 0. 0. 0. 0. 0. 0. 1. 1. 0. 0. 0. 0. 0. 1. 1.]
 [0. 0. 0. 1. 1. 0. 0. 0. 1. 0. 0. 0. 0. 0. 0. 0. 0. 0. 0. 0.]
 [0. 0. 0. 0. 0. 0. 1. 0. 1. 0. 0. 1. 0. 0. 0. 0. 0. 0. 0. 0.]
 [1. 0. 0. 1. 1. 0. 1. 0. 0. 0. 0. 0. 0. 0. 0. 0. 0. 0. 0. 1.]
 [0. 0. 0. 0. 0. 0. 0. 1. 0. 0. 0. 0. 0. 1. 1. 0. 0. 0. 0. 0.]
 [0. 1. 0. 0. 0. 0. 0. 0. 0. 0. 0. 0. 0. 0. 1. 0. 0. 1. 0. 0.]]
start_times_array: [[4.600e+01 7.000e+01 7.800e+01 2.290e+02 6.160e+02 7.110e+02 9.850e+02
  1.413e+03 1.680e+03 1.970e+03 2.129e+03 2.220e+03 2.261e+03 2.287e+03
  2.338e+03 2.421e+03 2.761e+03 2.809e+03 3.024e+03 3.721e+03]
 [0.000e+00 1.710e+02 3.430e+02 4.950e+02 8.270e+02 1.015e+03 1.283e+03
  1.356e+03 1.549e+03 1.577e+03 1.585e+03 1.625e+03 1.631e+03 1.790e+03
  1.821e+03 2.064e+03 2.071e+03 2.497e+03 2.901e+03 3.465e+03]
 [3.500e+02 4.170e+02 7.070e+02 8.220e+02 1.048e+03 1.283e+03 1.348e+03
  1.524e+03 1.593e+03 2.068e+03 2.095e+03 2.128e+03 2.129e+03 2.333e+03
  2.507e+03 2.896e+03 3.124e+03 3.450e+03 3.891e+03 3.935e+03]
 [3.000e+00 2.290e+02 5.400e+02 1.835e+03 2.256e+03 2.428e+03 2.685e+03
  2.748e+03 2.749e+03 2.754e+03 2.759e+03 2.809e+03 3.026e+03 3.034e+03
  3.048e+03 3.218e+03 3.368e+03 3.572e+03 3.621e+03 3.817e+03]
 [7.000e+01 6.160e+02 6.280e+02 9.370e+02 1.219e+03 1.245e+03 1.369e+03
  1.675e+03 1.919e+03 2.202e+03 2.211e+03 2.368e+03 2.381e+03 2.591e+03
  2.820e+03 3.021e+03 3.260e+03 3.426e+03 3.721e+03 4.014e+03]
 [3.910e+02 6.530e+02 9.370e+02 1.020e+03 1.047e+03 1.055e+03 1.229e+03
  1.354e+03 1.359e+03 1.593e+03 1.658e+03 2.073e+03 2.338e+03 2.497e+03
  2.558e+03 2.825e+03 2.834e+03 3.238e+03 3.273e+03 3.491e+03]
 [3.360e+02 3.740e+02 7.140e+02 8.250e+02 1.020e+03 1.457e+03 1.626e+03
  1.641e+03 1.843e+03 2.113e+03 2.315e+03 2.413e+03 2.541e+03 2.953e+03
  3.153e+03 3.533e+03 3.589e+03 3.822e+03 3.879e+03 3.911e+03]
 [0.000e+00 3.200e+01 1.300e+02 7.380e+02 8.100e+02 1.016e+03 1.146e+03
  1.217e+03 1.566e+03 1.598e+03 1.971e+03 2.351e+03 2.469e+03 2.588e+03
  2.622e+03 2.896e+03 3.450e+03 3.789e+03 3.891e+03 4.156e+03]
 [0.000e+00 2.090e+02 2.370e+02 5.210e+02 8.050e+02 8.530e+02 1.143e+03
  1.322e+03 1.561e+03 1.758e+03 1.970e+03 2.256e+03 2.682e+03 2.775e+03
  3.026e+03 3.356e+03 3.626e+03 4.086e+03 4.156e+03 4.165e+03]
 [5.000e+00 3.200e+01 6.800e+01 7.400e+01 2.430e+02 3.330e+02 7.510e+02
  1.146e+03 1.272e+03 1.459e+03 1.971e+03 2.373e+03 2.449e+03 2.607e+03
  2.757e+03 2.975e+03 3.026e+03 3.237e+03 3.358e+03 3.825e+03]
 [2.050e+02 3.030e+02 7.510e+02 8.710e+02 1.138e+03 1.369e+03 1.425e+03
  1.433e+03 1.513e+03 1.924e+03 2.002e+03 2.296e+03 2.377e+03 2.593e+03
  3.013e+03 3.026e+03 3.203e+03 3.224e+03 3.235e+03 3.237e+03]
 [1.710e+02 3.580e+02 4.130e+02 4.260e+02 7.190e+02 8.380e+02 9.130e+02
  1.288e+03 1.505e+03 1.622e+03 2.497e+03 2.773e+03 2.798e+03 2.935e+03
  3.136e+03 3.243e+03 3.817e+03 3.892e+03 4.103e+03 4.145e+03]
 [1.490e+02 5.040e+02 5.840e+02 8.580e+02 9.420e+02 9.500e+02 1.369e+03
  1.680e+03 1.934e+03 2.202e+03 2.667e+03 2.808e+03 2.820e+03 3.265e+03
  3.314e+03 3.641e+03 3.739e+03 4.018e+03 4.093e+03 4.210e+03]
 [5.000e+00 2.400e+01 1.410e+02 2.410e+02 3.330e+02 5.240e+02 5.840e+02
  7.510e+02 1.146e+03 1.441e+03 1.759e+03 1.970e+03 2.261e+03 2.412e+03
  2.682e+03 3.026e+03 3.203e+03 3.371e+03 3.542e+03 3.626e+03]
 [0.000e+00 3.120e+02 3.250e+02 7.420e+02 1.001e+03 1.047e+03 1.178e+03
  1.766e+03 1.849e+03 2.365e+03 2.385e+03 2.460e+03 2.918e+03 2.992e+03
  3.021e+03 3.152e+03 3.428e+03 3.524e+03 3.568e+03 3.926e+03]
 [1.410e+02 1.900e+02 3.360e+02 3.460e+02 4.180e+02 4.240e+02 7.180e+02
  1.478e+03 1.598e+03 1.605e+03 2.074e+03 2.860e+03 2.944e+03 3.019e+03
  3.130e+03 3.450e+03 3.535e+03 3.891e+03 3.949e+03 3.969e+03]
 [4.600e+01 1.360e+02 4.760e+02 6.920e+02 7.120e+02 9.420e+02 1.369e+03
  1.593e+03 1.696e+03 2.188e+03 2.823e+03 2.882e+03 3.129e+03 3.261e+03
  3.426e+03 3.497e+03 3.511e+03 3.726e+03 3.741e+03 3.749e+03]
 [1.410e+02 4.520e+02 8.460e+02 1.138e+03 1.210e+03 1.283e+03 1.550e+03
  1.651e+03 1.758e+03 2.002e+03 2.448e+03 2.552e+03 2.860e+03 3.082e+03
  3.351e+03 3.450e+03 3.677e+03 3.896e+03 4.100e+03 4.119e+03]
 [4.310e+02 6.160e+02 6.500e+02 8.470e+02 9.290e+02 1.094e+03 1.219e+03
  1.241e+03 1.275e+03 1.352e+03 1.379e+03 1.502e+03 1.676e+03 1.758e+03
  1.928e+03 2.074e+03 2.159e+03 3.260e+03 3.294e+03 4.026e+03]
 [6.800e+01 8.300e+01 2.290e+02 5.400e+02 5.720e+02 6.510e+02 1.374e+03
  1.679e+03 2.118e+03 2.208e+03 2.261e+03 2.279e+03 2.384e+03 2.591e+03
  2.682e+03 3.214e+03 3.263e+03 3.364e+03 3.531e+03 3.744e+03]]
