optimal_status: 0
solution: 16736.0
cpu_time: 3600.1989159584045
gap: 0.9239364244741873
upper_bound: 1273.0000000000005
lower_bound: 16736.0
cg_matrix: [[0. 1. 1. 1. 1. 1. 1. 1. 1. 1. 1. 1. 1. 1. 1. 1. 1. 0. 0. 1.]
 [1. 0. 1. 1. 1. 0. 1. 1. 0. 1. 0. 1. 1. 1. 1. 1. 1. 1. 1. 0.]
 [1. 1. 0. 1. 1. 0. 1. 1. 0. 0. 1. 1. 0. 1. 0. 1. 1. 1. 1. 1.]
 [1. 1. 1. 0. 0. 1. 1. 0. 1. 1. 0. 1. 0. 0. 1. 1. 1. 1. 1. 1.]
 [1. 1. 1. 0. 0. 1. 0. 1. 1. 1. 1. 1. 1. 0. 0. 1. 1. 1. 1. 1.]
 [1. 0. 0. 1. 1. 0. 1. 1. 0. 1. 1. 1. 1. 1. 1. 0. 1. 1. 1. 1.]
 [1. 1. 1. 1. 0. 1. 0. 1. 1. 1. 1. 0. 0. 1. 1. 1. 1. 1. 1. 1.]
 [1. 1. 1. 0. 1. 1. 1. 0. 1. 1. 1. 1. 1. 1. 1. 1. 1. 1. 1. 1.]
 [1. 0. 0. 1. 1. 0. 1. 1. 0. 1. 0. 1. 1. 1. 1. 0. 1. 1. 1. 1.]
 [1. 1. 0. 1. 1. 1. 1. 1. 1. 0. 1. 1. 1. 1. 1. 1. 1. 1. 0. 1.]
 [1. 0. 1. 0. 1. 1. 1. 1. 0. 1. 0. 1. 1. 1. 1. 1. 0. 1. 0. 1.]
 [1. 1. 1. 1. 1. 1. 0. 1. 1. 1. 1. 0. 1. 1. 1. 1. 1. 1. 1. 1.]
 [1. 1. 0. 0. 1. 1. 0. 1. 1. 1. 1. 1. 0. 1. 1. 1. 1. 0. 1. 1.]
 [1. 1. 1. 0. 0. 1. 1. 1. 1. 1. 1. 1. 1. 0. 0. 1. 1. 0. 1. 1.]
 [1. 1. 0. 1. 0. 1. 1. 1. 1. 1. 1. 1. 1. 0. 0. 0. 1. 1. 1. 1.]
 [1. 1. 1. 1. 1. 0. 1. 1. 0. 1. 1. 1. 1. 1. 0. 0. 1. 1. 0. 1.]
 [1. 1. 1. 1. 1. 1. 1. 1. 1. 1. 0. 1. 1. 1. 1. 1. 0. 1. 1. 1.]
 [0. 1. 1. 1. 1. 1. 1. 1. 1. 1. 1. 1. 0. 0. 1. 1. 1. 0. 1. 1.]
 [0. 1. 1. 1. 1. 1. 1. 1. 1. 0. 0. 1. 1. 1. 1. 0. 1. 1. 0. 1.]
 [1. 0. 1. 1. 1. 1. 1. 1. 1. 1. 1. 1. 1. 1. 1. 1. 1. 1. 1. 0.]]
start_times_array: [[  935. 15805. 15813. 15894. 15962. 15990. 16081. 16172. 16246. 16253.
  16260. 16279. 16329. 16394. 16447. 16456. 16546. 16615. 16665. 16723.]
 [  131.   877.  7991. 14851. 14935. 15026. 15031. 15068. 15077. 15170.
  15264. 15310. 15365. 15464. 15492. 15587. 15681. 15685. 15736. 15795.]
 [  798.  5864.  5934. 13891. 14083. 14118. 14202. 14236. 14323. 14414.
  14483. 14495. 14574. 14668. 14733. 14746. 14762. 14801. 14847. 14861.]
 [ 4617.  4667.  4806. 12387. 13112. 13208. 13275. 13452. 13505. 13527.
  13544. 13567. 13591. 13657. 13672. 13728. 13812. 13973. 13998. 14011.]
 [  613.  3758.  4617.  4806.  4856.  5099. 11468. 11642. 13112. 13190.
  13268. 13289. 13452. 13473. 13483. 13571. 13594. 13686. 13973. 14526.]
 [  798.  3845.  4715.  6162.  7380.  7778. 12090. 12493. 12616. 12783.
  12846. 12936. 12958. 12964. 13014. 13023. 13041. 13060. 13369. 14083.]
 [11050. 11116. 11155. 11468. 11642. 11697. 11735. 11764. 11805. 11868.
  11900. 11991. 12018. 12177. 12248. 12309. 12344. 12361. 12451. 12552.]
 [10150. 10161. 10340. 10425. 10509. 10602. 10659. 10702. 10726. 10803.
  10888. 10950. 10999. 11004. 11165. 11258. 11343. 11438. 12387. 12706.]
 [  798.  3210.  8775.  9593.  9618.  9708.  9787.  9790.  9842.  9929.
   9959. 10046. 10050. 10107. 10194. 10249. 10310. 10424. 10437. 10527.]
 [  887.  8569.  8618.  8736.  8829.  8916.  8975.  8995.  9022.  9089.
   9111.  9113.  9160.  9251.  9262.  9332.  9429.  9507.  9576. 10270.]
 [ 1160.  7746.  7802.  7869.  7895.  7991.  8046.  8060.  8137.  8214.
   8296.  8330.  8331.  8395.  8485.  8522.  8709.  8775. 11435. 11548.]
 [ 6855.  6880.  6985.  6997.  7024.  7056.  7105.  7140.  7145.  7218.
   7221.  7249.  7303.  7348.  7423.  7476.  7575.  7660.  7918. 11652.]
 [ 1680.  5864.  5941.  6023.  6055.  6130.  6187.  6255.  6271.  6334.
   6415.  6446.  6504.  6577.  6589.  6614.  6678.  6913.  8869. 11050.]
 [ 4579.  4617.  4806.  4905.  4944.  5017.  5099.  5100.  5143.  5191.
   5253.  5297.  5347.  5391.  5463.  5552.  5597.  5721.  6776.  7931.]
 [ 3758.  3916.  3979.  3987.  4007.  4190.  4278.  4355.  4443.  4489.
   4519.  4563.  4905.  4989.  5143.  5217.  5269.  5294.  5381.  5424.]
 [  896.  1067.  3839.  3883.  3906.  3981.  3988.  4048.  4190.  4261.
   4310.  4313.  4381.  4437.  4457.  4492.  4500.  4596.  4715.  4763.]
 [ 2619.  2694.  2930.  3013.  3061.  3068.  3167.  3240.  3334.  3340.
   3374.  3422.  3482.  3515.  3531.  3565.  3664.  3747.  5641.  5742.]
 [  970.  1680.  1833.  1891.  1980.  2011.  2048.  2106.  2117.  2141.
   2225.  2235.  2265.  2362.  2451.  2498.  2535.  2608.  2786.  2876.]
 [  536.   620.   887.   955.   963.  1067.  1139.  1177.  1227.  1269.
   1353.  1407.  1501.  1532.  1584.  1660.  1760.  1835.  1928.  1964.]
 [    0.    29.    60.   109.   200.   207.   244.   330.   405.   426.
    472.   519.   520.   537.   566.   717.  1301.  1789.  4095.  5785.]]
