optimal_status: 0
solution: 14797.0
cpu_time: 3600.0891909599304
gap: 0.9079471832883794
upper_bound: 1362.1055288818493
lower_bound: 14797.0
cg_matrix: [[0. 0. 1. 1. 1. 1. 1. 1. 1. 1. 1. 1. 1. 1. 0. 0. 1. 1. 1. 1.]
 [0. 0. 1. 1. 0. 0. 1. 1. 1. 1. 1. 1. 1. 0. 1. 1. 1. 1. 1. 0.]
 [1. 1. 0. 1. 1. 1. 1. 1. 1. 1. 1. 1. 1. 1. 1. 1. 1. 1. 1. 1.]
 [1. 1. 1. 0. 0. 1. 1. 0. 1. 1. 0. 1. 1. 1. 0. 1. 1. 1. 1. 1.]
 [1. 0. 1. 0. 0. 1. 1. 1. 1. 1. 1. 1. 1. 1. 1. 0. 1. 1. 1. 1.]
 [1. 0. 1. 1. 1. 0. 1. 1. 0. 0. 1. 1. 1. 0. 1. 0. 0. 0. 1. 1.]
 [1. 1. 1. 1. 1. 1. 0. 0. 1. 0. 1. 1. 1. 1. 1. 1. 1. 0. 1. 1.]
 [1. 1. 1. 0. 1. 1. 0. 0. 1. 1. 0. 1. 1. 1. 1. 0. 1. 1. 0. 1.]
 [1. 1. 1. 1. 1. 0. 1. 1. 0. 1. 0. 0. 0. 1. 1. 0. 1. 1. 1. 1.]
 [1. 1. 1. 1. 1. 0. 0. 1. 1. 0. 1. 1. 0. 1. 1. 1. 1. 0. 1. 0.]
 [1. 1. 1. 0. 1. 1. 1. 0. 0. 1. 0. 1. 1. 1. 1. 1. 1. 1. 1. 1.]
 [1. 1. 1. 1. 1. 1. 1. 1. 0. 1. 1. 0. 1. 1. 1. 0. 1. 0. 1. 1.]
 [1. 1. 1. 1. 1. 1. 1. 1. 0. 0. 1. 1. 0. 0. 1. 1. 0. 1. 1. 1.]
 [1. 0. 1. 1. 1. 0. 1. 1. 1. 1. 1. 1. 0. 0. 1. 1. 1. 1. 1. 1.]
 [0. 1. 1. 0. 1. 1. 1. 1. 1. 1. 1. 1. 1. 1. 0. 1. 1. 0. 1. 0.]
 [0. 1. 1. 1. 0. 0. 1. 0. 0. 1. 1. 0. 1. 1. 1. 0. 0. 1. 1. 1.]
 [1. 1. 1. 1. 1. 0. 1. 1. 1. 1. 1. 1. 0. 1. 1. 0. 0. 1. 1. 1.]
 [1. 1. 1. 1. 1. 0. 0. 1. 1. 0. 1. 0. 1. 1. 0. 1. 1. 0. 1. 1.]
 [1. 1. 1. 1. 1. 1. 1. 0. 1. 1. 1. 1. 1. 1. 1. 1. 1. 1. 0. 1.]
 [1. 0. 1. 1. 1. 1. 1. 1. 1. 0. 1. 1. 1. 1. 0. 1. 1. 1. 1. 0.]]
start_times_array: [[13313. 13455. 13542. 13755. 13886. 13981. 13995. 14103. 14192. 14261.
  14293. 14352. 14372. 14398. 14433. 14516. 14541. 14589. 14640. 14698.]
 [   68.    73.   120.   152.   181.   796.  1179.  2962. 13755. 13780.
  13788. 13825. 13886. 13887. 14261. 14358. 14365. 14412. 14503. 14577.]
 [ 4094.  4161.  4244.  6059.  6090.  6626. 12967. 12988. 13025. 13107.
  13206. 13239. 13240. 13337. 13372. 13463. 13584. 13663. 13842. 14025.]
 [ 2025.  4316. 12174. 12250. 12334. 12411. 12431. 12494. 12495. 12500.
  12505. 12576. 12587. 12595. 12609. 12643. 12663. 12721. 12753. 12809.]
 [ 2025.  3871.  5599. 12174. 12252. 12278. 12316. 12388. 12471. 12522.
  12531. 12576. 12589. 12620. 12711. 12751. 12756. 12847. 12871. 13134.]
 [ 1937.  2170.  2526.  2801.  6051.  6598. 11220. 11313. 11425. 11507.
  11572. 11649. 11705. 11771. 11832. 11914. 11923. 12005. 12040. 12123.]
 [ 2268. 10021. 10286. 10435. 10456. 10544. 10637. 10652. 10662. 10730.
  10805. 10858. 10893. 10904. 10972. 11070. 11126. 11163. 11318. 11333.]
 [  883.   886.  9741. 10021. 10088. 10435. 10513. 10572. 10574. 10606.
  10684. 10781. 10904. 10976. 11010. 11055. 11081. 11160. 11318. 11406.]
 [ 3883.  4288.  5678.  6180.  9068.  9085.  9234.  9302.  9383.  9415.
   9584.  9682.  9760.  9827.  9871.  9951. 10121. 10216. 10377. 10386.]
 [ 7801.  7841.  7858.  7864.  7926.  8016.  8033.  8091.  8185.  8294.
   8359.  8455.  8531.  8589.  8649.  8700.  8751.  8849.  8875.  8967.]
 [ 6180.  7042.  7051.  7122.  7188.  7245.  7349.  7448.  7528.  7539.
   7617.  7667.  7704.  7796.  7828.  9113.  9234.  9255.  9261.  9584.]
 [ 2306.  2471.  6272.  6285.  6335.  6358.  6433.  6457.  6526.  6655.
   6708.  6802.  6827.  6848.  6905.  6921.  6938.  7008.  7301.  7343.]
 [ 4960.  5131.  5211.  5296.  5367.  5375.  5426.  5513.  5678.  5715.
   5808.  5890.  5891.  5967.  6016.  7357.  7841.  7891.  8016.  8079.]
 [ 4612.  4847.  4960.  4990.  5082.  5131.  5191.  5223.  5294.  5367.
   5428.  5459.  5777.  5846.  7357.  8196.  9033.  9328.  9500. 11220.]
 [    0.   107.  1252.  3943.  4026.  4316.  4324.  4365.  4448.  4481.
   4500.  4575.  4631.  4648.  4677.  4682.  4744.  4840.  4887.  5092.]
 [ 3331.  3380.  3399.  3409.  3476.  3482.  3524.  3611.  3694.  3713.
   3764.  3819.  6272.  6315.  6317.  6405.  6655.  6827.  7301.  9068.]
 [ 2840.  2929.  3152.  3296.  3331.  3333.  3359.  3447.  3471.  3533.
   3601.  3660.  3713.  3720.  3805.  3929.  4072.  4229.  5838.  9176.]
 [ 1937.  2170.  2258.  2349.  2421.  2430.  2471.  2547.  2571.  2648.
   2708.  2801.  2975.  3068.  3139.  3179.  3252.  3316.  6296.  6708.]
 [  471.   883.   917.   953.  1035.  1063.  1307.  1329.  1362.  1439.
   1466.  1528.  1587.  1639.  1640.  1679.  1764.  1826.  1860.  2096.]
 [    0.    15.    53.   136.   168.   180.   221.   302.   381.   564.
    576.   594.   631.   632.   723.   796.   801.  1115.  1179.  1216.]]
