optimal_status: 0
solution: 16175.0
cpu_time: 3601.013892889023
gap: 0.918516228748068
upper_bound: 1318.0
lower_bound: 16175.0
cg_matrix: [[0. 1. 1. 1. 1. 1. 1. 1. 1. 1. 1. 1. 1. 1. 1. 0. 1. 1. 0. 1.]
 [1. 0. 1. 1. 1. 1. 0. 1. 0. 1. 1. 1. 1. 1. 1. 1. 1. 1. 1. 1.]
 [1. 1. 0. 1. 1. 0. 1. 1. 1. 0. 1. 1. 1. 1. 1. 1. 1. 0. 1. 1.]
 [1. 1. 1. 0. 1. 1. 1. 1. 1. 1. 0. 1. 1. 0. 1. 1. 0. 1. 0. 1.]
 [1. 1. 1. 1. 0. 1. 1. 1. 1. 1. 1. 0. 1. 1. 1. 1. 1. 1. 1. 1.]
 [1. 1. 0. 1. 1. 0. 1. 1. 1. 1. 1. 0. 1. 1. 0. 0. 1. 1. 1. 1.]
 [1. 0. 1. 1. 1. 1. 0. 1. 1. 1. 1. 1. 1. 1. 0. 1. 1. 1. 1. 1.]
 [1. 1. 1. 1. 1. 1. 1. 0. 1. 0. 0. 1. 1. 1. 1. 1. 1. 1. 1. 0.]
 [1. 0. 1. 1. 1. 1. 1. 1. 0. 1. 0. 1. 1. 1. 1. 1. 1. 1. 1. 1.]
 [1. 1. 0. 1. 1. 1. 1. 0. 1. 0. 0. 0. 1. 1. 1. 1. 1. 1. 1. 1.]
 [1. 1. 1. 0. 1. 1. 1. 0. 0. 0. 0. 1. 1. 1. 1. 0. 1. 1. 1. 1.]
 [1. 1. 1. 1. 0. 0. 1. 1. 1. 0. 1. 0. 0. 1. 1. 1. 0. 1. 1. 1.]
 [1. 1. 1. 1. 1. 1. 1. 1. 1. 1. 1. 0. 0. 1. 1. 1. 1. 1. 1. 1.]
 [1. 1. 1. 0. 1. 1. 1. 1. 1. 1. 1. 1. 1. 0. 0. 0. 0. 1. 0. 1.]
 [1. 1. 1. 1. 1. 0. 0. 1. 1. 1. 1. 1. 1. 0. 0. 1. 0. 1. 1. 1.]
 [0. 1. 1. 1. 1. 0. 1. 1. 1. 1. 0. 1. 1. 0. 1. 0. 1. 1. 1. 1.]
 [1. 1. 1. 0. 1. 1. 1. 1. 1. 1. 1. 0. 1. 0. 0. 1. 0. 1. 1. 0.]
 [1. 1. 0. 1. 1. 1. 1. 1. 1. 1. 1. 1. 1. 1. 1. 1. 1. 0. 1. 1.]
 [0. 1. 1. 0. 1. 1. 1. 1. 1. 1. 1. 1. 1. 0. 1. 1. 1. 1. 0. 1.]
 [1. 1. 1. 1. 1. 1. 1. 0. 1. 1. 1. 1. 1. 1. 1. 1. 0. 1. 1. 0.]]
start_times_array: [[3.89000000e+02 1.75200000e+03 1.76100000e+03 1.79500000e+03
  1.85700000e+03 1.86800000e+03 1.49650000e+04 1.54170000e+04
  1.54690000e+04 1.55460000e+04 1.55830000e+04 1.55980000e+04
  1.56410000e+04 1.56490000e+04 1.56540000e+04 1.58180000e+04
  1.59060000e+04 1.59520000e+04 1.60030000e+04 1.60890000e+04]
 [3.04100000e+03 7.65900000e+03 1.45570000e+04 1.46690000e+04
  1.47470000e+04 1.48790000e+04 1.48910000e+04 1.48990000e+04
  1.49150000e+04 1.50080000e+04 1.50710000e+04 1.51020000e+04
  1.51640000e+04 1.52610000e+04 1.53140000e+04 1.53150000e+04
  1.53180000e+04 1.56900000e+04 1.57550000e+04 1.58740000e+04]
 [1.28580000e+04 1.36110000e+04 1.36640000e+04 1.37230000e+04
  1.37350000e+04 1.39170000e+04 1.39440000e+04 1.39460000e+04
  1.40320000e+04 1.41740000e+04 1.41950000e+04 1.42530000e+04
  1.43230000e+04 1.43780000e+04 1.45420000e+04 1.46170000e+04
  1.46370000e+04 1.48200000e+04 1.48620000e+04 1.49270000e+04]
 [1.48000000e+02 8.77000000e+02 1.20900000e+03 1.25630000e+04
  1.25760000e+04 1.26730000e+04 1.30820000e+04 1.31710000e+04
  1.31920000e+04 1.32130000e+04 1.32990000e+04 1.33060000e+04
  1.33970000e+04 1.34050000e+04 1.34610000e+04 1.35530000e+04
  1.37690000e+04 1.38630000e+04 1.41170000e+04 1.44550000e+04]
 [1.19640000e+04 1.19930000e+04 1.21470000e+04 1.22360000e+04
  1.22540000e+04 1.22920000e+04 1.23670000e+04 1.23850000e+04
  1.24000000e+04 1.24950000e+04 1.25060000e+04 1.25300000e+04
  1.25340000e+04 1.25460000e+04 1.26390000e+04 1.27610000e+04
  1.27960000e+04 1.29440000e+04 1.30340000e+04 1.31500000e+04]
 [8.37100000e+03 1.07520000e+04 1.09230000e+04 1.10130000e+04
  1.10870000e+04 1.12750000e+04 1.13660000e+04 1.14360000e+04
  1.14440000e+04 1.14510000e+04 1.15000000e+04 1.15130000e+04
  1.15910000e+04 1.16660000e+04 1.17460000e+04 1.17770000e+04
  1.17990000e+04 1.18980000e+04 1.20670000e+04 1.28580000e+04]
 [9.23500000e+03 9.47600000e+03 9.62400000e+03 9.93800000e+03
  1.00090000e+04 1.01990000e+04 1.02620000e+04 1.03690000e+04
  1.04020000e+04 1.04760000e+04 1.05520000e+04 1.06380000e+04
  1.07250000e+04 1.07340000e+04 1.07660000e+04 1.08170000e+04
  1.08440000e+04 1.08920000e+04 1.11540000e+04 1.11990000e+04]
 [6.38500000e+03 8.38200000e+03 9.04900000e+03 9.53900000e+03
  9.54300000e+03 9.63500000e+03 9.64000000e+03 9.71200000e+03
  9.74200000e+03 9.74400000e+03 9.76000000e+03 9.79800000e+03
  9.89100000e+03 1.00100000e+04 1.00270000e+04 1.00880000e+04
  1.01590000e+04 1.01770000e+04 1.03320000e+04 1.03490000e+04]
 [6.44600000e+03 6.56800000e+03 6.63400000e+03 7.50100000e+03
  7.65600000e+03 7.79700000e+03 7.87700000e+03 8.04500000e+03
  8.10600000e+03 8.20300000e+03 8.47100000e+03 8.67900000e+03
  8.83000000e+03 8.90400000e+03 8.99900000e+03 9.04000000e+03
  9.33200000e+03 9.37800000e+03 9.39800000e+03 9.90600000e+03]
 [6.50700000e+03 6.96500000e+03 7.16100000e+03 7.23800000e+03
  7.32400000e+03 7.33900000e+03 7.35800000e+03 7.71500000e+03
  7.95900000e+03 8.04700000e+03 8.27900000e+03 8.38200000e+03
  8.56900000e+03 8.76900000e+03 8.81700000e+03 9.04900000e+03
  9.07800000e+03 9.10600000e+03 9.15100000e+03 9.63500000e+03]
 [6.39700000e+03 6.46400000e+03 6.55000000e+03 6.62900000e+03
  6.97000000e+03 7.23800000e+03 7.30600000e+03 7.80900000e+03
  7.87000000e+03 7.91700000e+03 7.96600000e+03 8.01600000e+03
  8.07100000e+03 8.07400000e+03 8.09200000e+03 8.17100000e+03
  8.20300000e+03 8.24600000e+03 8.38200000e+03 8.43500000e+03]
 [2.38200000e+03 2.96000000e+03 5.75000000e+03 5.82200000e+03
  6.08200000e+03 6.10700000e+03 6.13100000e+03 6.17400000e+03
  6.17800000e+03 6.20400000e+03 6.26600000e+03 6.30800000e+03
  6.69600000e+03 6.70500000e+03 6.76600000e+03 6.78500000e+03
  6.85400000e+03 6.86300000e+03 6.96500000e+03 7.05500000e+03]
 [5.75000000e+03 5.79500000e+03 5.86800000e+03 5.91800000e+03
  6.10400000e+03 6.19800000e+03 6.28800000e+03 6.40400000e+03
  6.69600000e+03 6.73200000e+03 6.80400000e+03 6.88800000e+03
  6.92100000e+03 7.05500000e+03 7.11400000e+03 7.19800000e+03
  7.42000000e+03 7.57100000e+03 8.54300000e+03 8.65100000e+03]
 [1.20900000e+03 1.48600000e+03 1.53200000e+03 1.60800000e+03
  1.67100000e+03 2.77900000e+03 3.01000000e+03 3.98800000e+03
  3.99000000e+03 4.05900000e+03 4.18100000e+03 4.30800000e+03
  4.38900000e+03 4.47000000e+03 4.85850037e+03 4.88450037e+03
  4.91450037e+03 5.00250037e+03 5.07550037e+03 5.11950037e+03]
 [2.56300000e+03 3.38900000e+03 3.45100000e+03 3.45400000e+03
  3.48400000e+03 4.40100000e+03 4.69900000e+03 4.85600000e+03
  4.95200000e+03 5.09200000e+03 5.24700000e+03 5.39700000e+03
  5.48700000e+03 5.58000000e+03 5.59500000e+03 5.62500000e+03
  5.67100000e+03 5.72100000e+03 5.97600000e+03 5.98500000e+03]
 [3.10200000e+03 3.10700000e+03 3.61500000e+03 3.90700000e+03
  3.98800000e+03 4.18100000e+03 4.21700000e+03 4.25200000e+03
  4.30800000e+03 4.37000000e+03 4.47600000e+03 4.47800000e+03
  4.50100000e+03 4.56100000e+03 4.57300000e+03 4.66100000e+03
  4.76100000e+03 5.02700000e+03 5.16100000e+03 5.33300000e+03]
 [2.56300000e+03 2.77900000e+03 2.96000000e+03 3.38900000e+03
  3.48200000e+03 3.56400000e+03 3.58100000e+03 3.58200000e+03
  3.58300000e+03 3.66900000e+03 3.70500000e+03 3.73500000e+03
  3.79700000e+03 3.88700000e+03 4.01400000e+03 4.11200000e+03
  4.11500000e+03 4.40100000e+03 4.85600000e+03 5.09200000e+03]
 [7.48000000e+02 1.35800000e+03 1.97500000e+03 2.05400000e+03
  2.11700000e+03 2.16900000e+03 2.19200000e+03 2.22700000e+03
  2.40200000e+03 2.46000000e+03 2.52600000e+03 2.58300000e+03
  2.65100000e+03 2.73500000e+03 2.75100000e+03 2.87800000e+03
  2.90600000e+03 3.18000000e+03 3.25600000e+03 3.34200000e+03]
 [3.68000000e+02 4.42000000e+02 9.77000000e+02 1.04500000e+03
  1.08200000e+03 1.19900000e+03 1.24700000e+03 1.33400000e+03
  1.48600000e+03 1.60800000e+03 1.70600000e+03 1.76000000e+03
  1.85700000e+03 1.87600000e+03 2.24900000e+03 2.31100000e+03
  2.35700000e+03 2.47300000e+03 2.55200000e+03 2.57900000e+03]
 [0.00000000e+00 1.50000000e+01 1.07000000e+02 1.51000000e+02
  2.14000000e+02 3.01000000e+02 4.76000000e+02 5.53000000e+02
  6.42000000e+02 7.07000000e+02 7.24000000e+02 8.00000000e+02
  8.67000000e+02 8.90000000e+02 1.10800000e+03 1.27600000e+03
  1.43400000e+03 1.54600000e+03 1.57200000e+03 1.60500000e+03]]
