optimal_status: 0
solution: 11609.0
cpu_time: 3600.0902190208435
gap: 0.8865955784889237
upper_bound: 1316.5119293220853
lower_bound: 11609.0
cg_matrix: [[0. 0. 1. 0. 0. 1. 1. 1. 0. 0. 1. 0. 1. 1. 1. 1. 1. 1. 1. 1. 1. 0. 0. 1.
  1. 0. 0. 1. 0. 1. 1. 1. 1. 0. 1. 0. 0. 1. 1. 1. 1. 0. 0. 1. 1. 0. 1. 1.
  1. 1.]
 [0. 0. 1. 1. 1. 0. 1. 0. 0. 0. 1. 0. 0. 0. 0. 0. 0. 0. 0. 1. 0. 0. 1. 1.
  0. 1. 0. 0. 0. 0. 1. 0. 1. 1. 0. 1. 0. 1. 1. 0. 1. 1. 0. 1. 1. 0. 1. 0.
  0. 1.]
 [1. 1. 0. 0. 1. 1. 0. 0. 0. 1. 0. 1. 1. 0. 0. 0. 0. 0. 0. 0. 0. 1. 1. 1.
  1. 0. 1. 0. 0. 0. 0. 1. 1. 1. 1. 0. 1. 0. 1. 1. 1. 1. 0. 0. 1. 1. 1. 1.
  1. 1.]
 [0. 1. 0. 0. 0. 1. 0. 1. 0. 1. 1. 0. 1. 1. 1. 1. 0. 1. 0. 1. 0. 0. 1. 0.
  0. 0. 0. 0. 1. 0. 1. 0. 0. 1. 1. 1. 0. 0. 1. 0. 1. 1. 0. 0. 0. 1. 0. 0.
  0. 1.]
 [0. 1. 1. 0. 0. 0. 1. 0. 0. 0. 1. 1. 0. 1. 0. 0. 1. 0. 1. 1. 0. 0. 1. 1.
  0. 0. 1. 0. 0. 1. 1. 0. 1. 0. 0. 0. 1. 0. 1. 0. 0. 1. 0. 1. 0. 0. 0. 0.
  0. 0.]
 [1. 0. 1. 1. 0. 0. 0. 0. 0. 0. 1. 1. 1. 1. 1. 0. 0. 0. 0. 0. 0. 0. 0. 1.
  0. 1. 1. 0. 1. 0. 1. 0. 1. 0. 0. 0. 0. 1. 1. 1. 1. 1. 1. 0. 1. 0. 0. 1.
  1. 0.]
 [1. 1. 0. 0. 1. 0. 0. 1. 1. 1. 0. 1. 1. 1. 0. 0. 0. 1. 1. 0. 1. 1. 1. 0.
  1. 1. 0. 0. 1. 1. 0. 1. 1. 1. 0. 0. 1. 0. 0. 0. 0. 0. 0. 0. 1. 1. 0. 1.
  0. 0.]
 [1. 0. 0. 1. 0. 0. 1. 0. 0. 0. 1. 0. 1. 1. 0. 1. 1. 1. 0. 1. 0. 1. 0. 1.
  1. 0. 1. 1. 0. 0. 0. 1. 0. 0. 0. 0. 1. 0. 0. 0. 1. 1. 1. 0. 0. 1. 0. 1.
  1. 1.]
 [0. 0. 0. 0. 0. 0. 1. 0. 0. 0. 0. 1. 0. 0. 1. 0. 1. 0. 0. 1. 0. 0. 0. 0.
  0. 0. 1. 1. 0. 0. 1. 0. 1. 0. 0. 0. 1. 0. 1. 0. 0. 1. 0. 0. 0. 1. 0. 1.
  1. 1.]
 [0. 0. 1. 1. 0. 0. 1. 0. 0. 0. 1. 1. 0. 1. 1. 1. 1. 1. 1. 0. 0. 0. 1. 0.
  1. 0. 1. 0. 1. 0. 1. 1. 0. 0. 0. 1. 0. 1. 0. 1. 1. 1. 1. 0. 1. 0. 1. 0.
  0. 0.]
 [1. 1. 0. 1. 1. 1. 0. 1. 0. 1. 0. 0. 1. 1. 1. 0. 0. 0. 0. 0. 1. 1. 0. 1.
  1. 0. 0. 1. 1. 0. 0. 0. 1. 0. 0. 1. 1. 1. 0. 0. 1. 0. 0. 1. 1. 1. 0. 1.
  0. 1.]
 [0. 0. 1. 0. 1. 1. 1. 0. 1. 1. 0. 0. 0. 0. 1. 0. 1. 1. 0. 0. 1. 0. 0. 0.
  0. 0. 0. 0. 0. 1. 0. 1. 0. 0. 1. 0. 1. 1. 1. 1. 0. 0. 0. 0. 0. 1. 0. 0.
  1. 1.]
 [1. 0. 1. 1. 0. 1. 1. 1. 0. 0. 1. 0. 0. 1. 1. 1. 0. 0. 0. 0. 0. 1. 1. 0.
  0. 0. 0. 1. 1. 0. 1. 1. 0. 1. 1. 0. 1. 1. 0. 1. 1. 0. 0. 1. 0. 1. 1. 0.
  1. 1.]
 [1. 0. 0. 1. 1. 1. 1. 1. 0. 1. 1. 0. 1. 0. 0. 1. 0. 1. 1. 0. 1. 1. 0. 1.
  0. 0. 1. 0. 0. 1. 1. 0. 0. 0. 1. 0. 0. 0. 1. 1. 1. 0. 1. 1. 0. 0. 0. 1.
  1. 0.]
 [1. 0. 0. 1. 0. 1. 0. 0. 1. 1. 1. 1. 1. 0. 0. 0. 1. 0. 0. 1. 0. 1. 0. 1.
  1. 0. 0. 0. 1. 1. 1. 0. 0. 1. 1. 0. 0. 1. 1. 0. 1. 1. 0. 0. 0. 0. 0. 0.
  1. 1.]
 [1. 0. 0. 1. 0. 0. 0. 1. 0. 1. 0. 0. 1. 1. 0. 0. 0. 0. 0. 0. 0. 0. 0. 0.
  0. 0. 0. 0. 0. 0. 0. 0. 0. 0. 0. 0. 0. 0. 0. 0. 0. 0. 0. 0. 0. 0. 0. 0.
  0. 0.]
 [1. 0. 0. 0. 1. 0. 0. 1. 1. 1. 0. 1. 0. 0. 1. 0. 0. 0. 0. 0. 0. 0. 0. 0.
  0. 0. 0. 0. 0. 0. 0. 0. 0. 0. 0. 0. 0. 0. 0. 0. 0. 0. 0. 0. 0. 0. 0. 0.
  0. 0.]
 [1. 0. 0. 1. 0. 0. 1. 1. 0. 1. 0. 1. 0. 1. 0. 0. 0. 0. 0. 0. 0. 0. 0. 0.
  0. 0. 0. 0. 0. 0. 0. 0. 0. 0. 0. 0. 0. 0. 0. 0. 0. 0. 0. 0. 0. 0. 0. 0.
  0. 0.]
 [1. 0. 0. 0. 1. 0. 1. 0. 0. 1. 0. 0. 0. 1. 0. 0. 0. 0. 0. 0. 0. 0. 0. 0.
  0. 0. 0. 0. 0. 0. 0. 0. 0. 0. 0. 0. 0. 0. 0. 0. 0. 0. 0. 0. 0. 0. 0. 0.
  0. 0.]
 [1. 1. 0. 1. 1. 0. 0. 1. 1. 0. 0. 0. 0. 0. 1. 0. 0. 0. 0. 0. 0. 0. 0. 0.
  0. 0. 0. 0. 0. 0. 0. 0. 0. 0. 0. 0. 0. 0. 0. 0. 0. 0. 0. 0. 0. 0. 0. 0.
  0. 0.]
 [1. 0. 0. 0. 0. 0. 1. 0. 0. 0. 1. 1. 0. 1. 0. 0. 0. 0. 0. 0. 0. 0. 0. 0.
  0. 0. 0. 0. 0. 0. 0. 0. 0. 0. 0. 0. 0. 0. 0. 0. 0. 0. 0. 0. 0. 0. 0. 0.
  0. 0.]
 [0. 0. 1. 0. 0. 0. 1. 1. 0. 0. 1. 0. 1. 1. 1. 0. 0. 0. 0. 0. 0. 0. 0. 0.
  0. 0. 0. 0. 0. 0. 0. 0. 0. 0. 0. 0. 0. 0. 0. 0. 0. 0. 0. 0. 0. 0. 0. 0.
  0. 0.]
 [0. 1. 1. 1. 1. 0. 1. 0. 0. 1. 0. 0. 1. 0. 0. 0. 0. 0. 0. 0. 0. 0. 0. 0.
  0. 0. 0. 0. 0. 0. 0. 0. 0. 0. 0. 0. 0. 0. 0. 0. 0. 0. 0. 0. 0. 0. 0. 0.
  0. 0.]
 [1. 1. 1. 0. 1. 1. 0. 1. 0. 0. 1. 0. 0. 1. 1. 0. 0. 0. 0. 0. 0. 0. 0. 0.
  0. 0. 0. 0. 0. 0. 0. 0. 0. 0. 0. 0. 0. 0. 0. 0. 0. 0. 0. 0. 0. 0. 0. 0.
  0. 0.]
 [1. 0. 1. 0. 0. 0. 1. 1. 0. 1. 1. 0. 0. 0. 1. 0. 0. 0. 0. 0. 0. 0. 0. 0.
  0. 0. 0. 0. 0. 0. 0. 0. 0. 0. 0. 0. 0. 0. 0. 0. 0. 0. 0. 0. 0. 0. 0. 0.
  0. 0.]
 [0. 1. 0. 0. 0. 1. 1. 0. 0. 0. 0. 0. 0. 0. 0. 0. 0. 0. 0. 0. 0. 0. 0. 0.
  0. 0. 0. 0. 0. 0. 0. 0. 0. 0. 0. 0. 0. 0. 0. 0. 0. 0. 0. 0. 0. 0. 0. 0.
  0. 0.]
 [0. 0. 1. 0. 1. 1. 0. 1. 1. 1. 0. 0. 0. 1. 0. 0. 0. 0. 0. 0. 0. 0. 0. 0.
  0. 0. 0. 0. 0. 0. 0. 0. 0. 0. 0. 0. 0. 0. 0. 0. 0. 0. 0. 0. 0. 0. 0. 0.
  0. 0.]
 [1. 0. 0. 0. 0. 0. 0. 1. 1. 0. 1. 0. 1. 0. 0. 0. 0. 0. 0. 0. 0. 0. 0. 0.
  0. 0. 0. 0. 0. 0. 0. 0. 0. 0. 0. 0. 0. 0. 0. 0. 0. 0. 0. 0. 0. 0. 0. 0.
  0. 0.]
 [0. 0. 0. 1. 0. 1. 1. 0. 0. 1. 1. 0. 1. 0. 1. 0. 0. 0. 0. 0. 0. 0. 0. 0.
  0. 0. 0. 0. 0. 0. 0. 0. 0. 0. 0. 0. 0. 0. 0. 0. 0. 0. 0. 0. 0. 0. 0. 0.
  0. 0.]
 [1. 0. 0. 0. 1. 0. 1. 0. 0. 0. 0. 1. 0. 1. 1. 0. 0. 0. 0. 0. 0. 0. 0. 0.
  0. 0. 0. 0. 0. 0. 0. 0. 0. 0. 0. 0. 0. 0. 0. 0. 0. 0. 0. 0. 0. 0. 0. 0.
  0. 0.]
 [1. 1. 0. 1. 1. 1. 0. 0. 1. 1. 0. 0. 1. 1. 1. 0. 0. 0. 0. 0. 0. 0. 0. 0.
  0. 0. 0. 0. 0. 0. 0. 0. 0. 0. 0. 0. 0. 0. 0. 0. 0. 0. 0. 0. 0. 0. 0. 0.
  0. 0.]
 [1. 0. 1. 0. 0. 0. 1. 1. 0. 1. 0. 1. 1. 0. 0. 0. 0. 0. 0. 0. 0. 0. 0. 0.
  0. 0. 0. 0. 0. 0. 0. 0. 0. 0. 0. 0. 0. 0. 0. 0. 0. 0. 0. 0. 0. 0. 0. 0.
  0. 0.]
 [1. 1. 1. 0. 1. 1. 1. 0. 1. 0. 1. 0. 0. 0. 0. 0. 0. 0. 0. 0. 0. 0. 0. 0.
  0. 0. 0. 0. 0. 0. 0. 0. 0. 0. 0. 0. 0. 0. 0. 0. 0. 0. 0. 0. 0. 0. 0. 0.
  0. 0.]
 [0. 1. 1. 1. 0. 0. 1. 0. 0. 0. 0. 0. 1. 0. 1. 0. 0. 0. 0. 0. 0. 0. 0. 0.
  0. 0. 0. 0. 0. 0. 0. 0. 0. 0. 0. 0. 0. 0. 0. 0. 0. 0. 0. 0. 0. 0. 0. 0.
  0. 0.]
 [1. 0. 1. 1. 0. 0. 0. 0. 0. 0. 0. 1. 1. 1. 1. 0. 0. 0. 0. 0. 0. 0. 0. 0.
  0. 0. 0. 0. 0. 0. 0. 0. 0. 0. 0. 0. 0. 0. 0. 0. 0. 0. 0. 0. 0. 0. 0. 0.
  0. 0.]
 [0. 1. 0. 1. 0. 0. 0. 0. 0. 1. 1. 0. 0. 0. 0. 0. 0. 0. 0. 0. 0. 0. 0. 0.
  0. 0. 0. 0. 0. 0. 0. 0. 0. 0. 0. 0. 0. 0. 0. 0. 0. 0. 0. 0. 0. 0. 0. 0.
  0. 0.]
 [0. 0. 1. 0. 1. 0. 1. 1. 1. 0. 1. 1. 1. 0. 0. 0. 0. 0. 0. 0. 0. 0. 0. 0.
  0. 0. 0. 0. 0. 0. 0. 0. 0. 0. 0. 0. 0. 0. 0. 0. 0. 0. 0. 0. 0. 0. 0. 0.
  0. 0.]
 [1. 1. 0. 0. 0. 1. 0. 0. 0. 1. 1. 1. 1. 0. 1. 0. 0. 0. 0. 0. 0. 0. 0. 0.
  0. 0. 0. 0. 0. 0. 0. 0. 0. 0. 0. 0. 0. 0. 0. 0. 0. 0. 0. 0. 0. 0. 0. 0.
  0. 0.]
 [1. 1. 1. 1. 1. 1. 0. 0. 1. 0. 0. 1. 0. 1. 1. 0. 0. 0. 0. 0. 0. 0. 0. 0.
  0. 0. 0. 0. 0. 0. 0. 0. 0. 0. 0. 0. 0. 0. 0. 0. 0. 0. 0. 0. 0. 0. 0. 0.
  0. 0.]
 [1. 0. 1. 0. 0. 1. 0. 0. 0. 1. 0. 1. 1. 1. 0. 0. 0. 0. 0. 0. 0. 0. 0. 0.
  0. 0. 0. 0. 0. 0. 0. 0. 0. 0. 0. 0. 0. 0. 0. 0. 0. 0. 0. 0. 0. 0. 0. 0.
  0. 0.]
 [1. 1. 1. 1. 0. 1. 0. 1. 0. 1. 1. 0. 1. 1. 1. 0. 0. 0. 0. 0. 0. 0. 0. 0.
  0. 0. 0. 0. 0. 0. 0. 0. 0. 0. 0. 0. 0. 0. 0. 0. 0. 0. 0. 0. 0. 0. 0. 0.
  0. 0.]
 [0. 1. 1. 1. 1. 1. 0. 1. 1. 1. 0. 0. 0. 0. 1. 0. 0. 0. 0. 0. 0. 0. 0. 0.
  0. 0. 0. 0. 0. 0. 0. 0. 0. 0. 0. 0. 0. 0. 0. 0. 0. 0. 0. 0. 0. 0. 0. 0.
  0. 0.]
 [0. 0. 0. 0. 0. 1. 0. 1. 0. 1. 0. 0. 0. 1. 0. 0. 0. 0. 0. 0. 0. 0. 0. 0.
  0. 0. 0. 0. 0. 0. 0. 0. 0. 0. 0. 0. 0. 0. 0. 0. 0. 0. 0. 0. 0. 0. 0. 0.
  0. 0.]
 [1. 1. 0. 0. 1. 0. 0. 0. 0. 0. 1. 0. 1. 1. 0. 0. 0. 0. 0. 0. 0. 0. 0. 0.
  0. 0. 0. 0. 0. 0. 0. 0. 0. 0. 0. 0. 0. 0. 0. 0. 0. 0. 0. 0. 0. 0. 0. 0.
  0. 0.]
 [1. 1. 1. 0. 0. 1. 1. 0. 0. 1. 1. 0. 0. 0. 0. 0. 0. 0. 0. 0. 0. 0. 0. 0.
  0. 0. 0. 0. 0. 0. 0. 0. 0. 0. 0. 0. 0. 0. 0. 0. 0. 0. 0. 0. 0. 0. 0. 0.
  0. 0.]
 [0. 0. 1. 1. 0. 0. 1. 1. 1. 0. 1. 1. 1. 0. 0. 0. 0. 0. 0. 0. 0. 0. 0. 0.
  0. 0. 0. 0. 0. 0. 0. 0. 0. 0. 0. 0. 0. 0. 0. 0. 0. 0. 0. 0. 0. 0. 0. 0.
  0. 0.]
 [1. 1. 1. 0. 0. 0. 0. 0. 0. 1. 0. 0. 1. 0. 0. 0. 0. 0. 0. 0. 0. 0. 0. 0.
  0. 0. 0. 0. 0. 0. 0. 0. 0. 0. 0. 0. 0. 0. 0. 0. 0. 0. 0. 0. 0. 0. 0. 0.
  0. 0.]
 [1. 0. 1. 0. 0. 1. 1. 1. 1. 0. 1. 0. 0. 1. 0. 0. 0. 0. 0. 0. 0. 0. 0. 0.
  0. 0. 0. 0. 0. 0. 0. 0. 0. 0. 0. 0. 0. 0. 0. 0. 0. 0. 0. 0. 0. 0. 0. 0.
  0. 0.]
 [1. 0. 1. 0. 0. 1. 0. 1. 1. 0. 0. 1. 1. 1. 1. 0. 0. 0. 0. 0. 0. 0. 0. 0.
  0. 0. 0. 0. 0. 0. 0. 0. 0. 0. 0. 0. 0. 0. 0. 0. 0. 0. 0. 0. 0. 0. 0. 0.
  0. 0.]
 [1. 1. 1. 1. 0. 0. 0. 1. 1. 0. 1. 1. 1. 0. 1. 0. 0. 0. 0. 0. 0. 0. 0. 0.
  0. 0. 0. 0. 0. 0. 0. 0. 0. 0. 0. 0. 0. 0. 0. 0. 0. 0. 0. 0. 0. 0. 0. 0.
  0. 0.]]
start_times_array: [[1.3120e+03 1.6480e+03 2.3200e+03 8.0370e+03 8.1250e+03 8.1840e+03
  8.2500e+03 8.3000e+03 8.4500e+03 8.4950e+03 8.4960e+03 8.7900e+03
  9.7490e+03 1.0162e+04 1.0223e+04]
 [1.9340e+03 1.0869e+04 1.0942e+04 1.1031e+04 1.1103e+04 1.1231e+04
  1.1283e+04 1.1348e+04 1.1417e+04 1.1436e+04 1.1465e+04 1.1468e+04
  1.1516e+04 1.1527e+04 1.1581e+04]
 [9.9090e+03 1.0323e+04 1.0352e+04 1.0436e+04 1.0440e+04 1.0459e+04
  1.0494e+04 1.0572e+04 1.0622e+04 1.0690e+04 1.0750e+04 1.0846e+04
  1.0957e+04 1.1141e+04 1.1297e+04]
 [1.0280e+03 2.1550e+03 2.5780e+03 1.0162e+04 1.0247e+04 1.0296e+04
  1.0352e+04 1.0439e+04 1.0494e+04 1.0579e+04 1.0718e+04 1.0815e+04
  1.0957e+04 1.0996e+04 1.1141e+04]
 [1.2050e+03 1.3070e+03 1.3120e+03 2.3200e+03 3.0960e+03 9.7490e+03
  9.8930e+03 9.9680e+03 1.0084e+04 1.0113e+04 1.0181e+04 1.0195e+04
  1.0233e+04 1.0516e+04 1.0718e+04]
 [1.4510e+03 1.5360e+03 2.5110e+03 8.7130e+03 9.0160e+03 9.0620e+03
  9.1060e+03 9.1510e+03 9.4730e+03 9.5520e+03 9.6420e+03 9.7860e+03
  9.9680e+03 1.0005e+04 1.0066e+04]
 [7.5700e+03 9.1650e+03 9.1800e+03 9.2790e+03 9.3280e+03 9.3940e+03
  9.4930e+03 9.5800e+03 9.5910e+03 9.6360e+03 9.7200e+03 9.7400e+03
  9.8220e+03 9.9090e+03 1.0030e+04]
 [7.9590e+03 8.0260e+03 8.3530e+03 8.5640e+03 8.6270e+03 8.6910e+03
  8.7240e+03 8.8670e+03 8.8710e+03 8.9600e+03 9.0200e+03 9.0710e+03
  9.0840e+03 9.1170e+03 1.0084e+04]
 [9.6500e+02 1.1910e+03 1.2570e+03 2.5110e+03 7.7560e+03 7.9340e+03
  8.0280e+03 8.0800e+03 8.1010e+03 8.3390e+03 8.4000e+03 8.5650e+03
  8.6640e+03 8.7130e+03 9.0390e+03]
 [8.0280e+03 8.0420e+03 8.0800e+03 8.1620e+03 8.2610e+03 8.3380e+03
  8.3550e+03 8.3640e+03 8.3850e+03 8.4000e+03 8.4430e+03 8.4820e+03
  8.5210e+03 8.7390e+03 9.1220e+03]
 [1.9760e+03 7.3700e+03 7.4640e+03 7.4980e+03 7.5430e+03 7.5500e+03
  7.6330e+03 7.7210e+03 7.7680e+03 7.7900e+03 7.8800e+03 7.8910e+03
  7.8970e+03 7.9190e+03 9.2280e+03]
 [2.8900e+02 1.0210e+03 1.0860e+03 6.3430e+03 6.5890e+03 6.6850e+03
  6.7610e+03 6.8190e+03 6.8840e+03 6.9010e+03 6.9760e+03 7.5940e+03
  7.6730e+03 7.8370e+03 7.8820e+03]
 [6.1850e+03 6.6490e+03 6.7890e+03 6.8840e+03 6.9510e+03 7.0160e+03
  7.0340e+03 7.0410e+03 7.1090e+03 7.1280e+03 7.1910e+03 7.2090e+03
  7.2890e+03 7.3080e+03 7.3310e+03]
 [6.0680e+03 6.1150e+03 6.2080e+03 6.2460e+03 6.2600e+03 6.3060e+03
  6.3540e+03 6.3680e+03 6.4130e+03 6.4440e+03 6.4790e+03 6.5740e+03
  6.6840e+03 6.7450e+03 6.8130e+03]
 [1.7520e+03 5.8460e+03 5.8600e+03 5.9060e+03 5.9070e+03 6.1210e+03
  6.2080e+03 6.2350e+03 6.3170e+03 6.3810e+03 6.3880e+03 6.4430e+03
  6.4650e+03 6.5040e+03 6.6950e+03]
 [3.0000e+00 1.4000e+01 5.9100e+02 1.0420e+03 2.4130e+03 4.1470e+03
  5.3570e+03 5.4490e+03 5.7300e+03 5.7970e+03 5.8540e+03 5.8940e+03
  5.9720e+03 6.0020e+03 6.0540e+03]
 [9.8000e+01 3.9800e+02 4.6900e+02 5.2800e+02 5.9500e+02 7.5400e+02
  7.9500e+02 8.6900e+02 1.1040e+03 4.0370e+03 4.0570e+03 5.0780e+03
  5.9300e+03 6.0020e+03 6.1710e+03]
 [4.1300e+02 4.8090e+03 5.0350e+03 5.2390e+03 5.2410e+03 5.2580e+03
  5.2910e+03 5.3210e+03 5.3430e+03 5.4150e+03 5.5390e+03 5.5450e+03
  5.5860e+03 5.7850e+03 5.8560e+03]
 [0.0000e+00 3.3700e+02 4.2600e+02 4.3500e+02 7.9000e+02 1.1980e+03
  3.3790e+03 4.1890e+03 5.3310e+03 5.4150e+03 5.5040e+03 5.6840e+03
  5.7260e+03 5.8180e+03 5.9910e+03]
 [4.8970e+03 5.0690e+03 5.1520e+03 5.2170e+03 5.3110e+03 5.3170e+03
  5.4130e+03 5.4470e+03 5.4540e+03 5.5040e+03 5.5440e+03 5.5910e+03
  5.5990e+03 5.6920e+03 5.7590e+03]
 [4.6900e+02 1.3460e+03 1.5520e+03 4.0290e+03 4.9140e+03 4.9690e+03
  5.1610e+03 5.4250e+03 5.4450e+03 5.5040e+03 5.5940e+03 5.6250e+03
  5.6480e+03 5.7470e+03 5.8390e+03]
 [7.1900e+02 4.4700e+03 4.4740e+03 4.6780e+03 4.7300e+03 5.0420e+03
  5.0830e+03 5.0940e+03 5.1930e+03 5.2280e+03 5.3050e+03 5.3940e+03
  5.4920e+03 5.6250e+03 5.7470e+03]
 [6.0000e+00 1.6700e+02 2.7300e+02 3.5800e+02 3.7800e+02 4.8600e+02
  7.1700e+02 8.3100e+02 8.9000e+02 9.5500e+02 1.3040e+03 3.4530e+03
  3.5180e+03 4.5590e+03 5.3980e+03]
 [3.6100e+02 7.5100e+02 8.7100e+02 9.9300e+02 1.0410e+03 4.8190e+03
  4.8830e+03 4.9090e+03 4.9950e+03 5.1360e+03 5.1770e+03 5.2580e+03
  5.3780e+03 5.5020e+03 5.8010e+03]
 [9.6500e+02 3.7730e+03 3.8590e+03 3.9380e+03 3.9430e+03 4.0280e+03
  4.3460e+03 4.4190e+03 4.9950e+03 5.0690e+03 5.1380e+03 5.1610e+03
  5.2410e+03 5.3230e+03 5.3570e+03]
 [1.1000e+02 2.3500e+02 3.1200e+02 5.8300e+02 6.1100e+02 6.3800e+02
  8.7800e+02 9.6500e+02 9.9800e+02 3.0170e+03 4.6760e+03 4.7060e+03
  4.7930e+03 4.8310e+03 5.1450e+03]
 [6.5500e+02 7.9200e+02 8.6200e+02 9.2300e+02 4.2020e+03 4.4820e+03
  4.5580e+03 4.6460e+03 4.6820e+03 4.7570e+03 4.7780e+03 4.8660e+03
  4.9090e+03 5.0050e+03 5.0830e+03]
 [6.2700e+02 4.2290e+03 4.3010e+03 4.3370e+03 4.4280e+03 4.4610e+03
  4.4620e+03 4.4990e+03 4.5380e+03 4.5680e+03 4.6980e+03 4.7500e+03
  4.8020e+03 4.8660e+03 5.3230e+03]
 [3.0200e+03 3.6690e+03 3.7210e+03 3.8200e+03 3.8590e+03 3.9160e+03
  3.9560e+03 4.0080e+03 4.2740e+03 4.2970e+03 4.3540e+03 4.6130e+03
  4.6140e+03 4.6710e+03 4.7270e+03]
 [3.0000e+00 8.5000e+01 1.0880e+03 2.4550e+03 4.0670e+03 4.0740e+03
  4.1230e+03 4.1470e+03 4.1970e+03 4.2260e+03 4.3280e+03 4.3750e+03
  4.4170e+03 4.4700e+03 4.7590e+03]
 [6.6500e+02 1.4740e+03 3.5340e+03 3.5430e+03 3.6310e+03 3.6890e+03
  3.8050e+03 4.0570e+03 4.1230e+03 4.1410e+03 4.1810e+03 4.2140e+03
  4.2680e+03 4.3780e+03 4.4700e+03]
 [2.4480e+03 2.4500e+03 2.4800e+03 2.8200e+03 2.8980e+03 2.9650e+03
  3.0990e+03 3.1780e+03 3.4320e+03 3.4920e+03 3.5760e+03 3.6640e+03
  3.7070e+03 4.1180e+03 4.1890e+03]
 [1.2200e+02 1.8700e+02 2.4300e+02 2.6000e+02 4.2500e+02 5.0700e+02
  5.8300e+02 9.6400e+02 2.8050e+03 3.1180e+03 3.3320e+03 3.3790e+03
  3.4810e+03 3.5230e+03 3.6160e+03]
 [0.0000e+00 2.0600e+02 2.9200e+02 3.5700e+02 6.1400e+02 6.1700e+02
  7.0500e+02 8.3300e+02 8.5900e+02 8.6900e+02 2.4130e+03 3.6550e+03
  3.6870e+03 3.7250e+03 3.7730e+03]
 [1.1190e+03 3.2500e+03 3.2710e+03 3.3320e+03 3.3930e+03 3.4470e+03
  3.5180e+03 3.6160e+03 3.6550e+03 3.6690e+03 3.7070e+03 3.7810e+03
  3.7830e+03 3.7950e+03 3.8880e+03]
 [7.0000e+00 1.0000e+02 1.0100e+02 1.2700e+02 3.4700e+02 3.8500e+02
  5.2700e+02 6.6700e+02 8.4600e+02 1.1910e+03 1.3740e+03 3.1490e+03
  3.4030e+03 3.4190e+03 3.4690e+03]
 [0.0000e+00 2.3000e+01 1.0100e+02 3.6100e+02 4.1800e+02 4.6400e+02
  4.8100e+02 5.9500e+02 6.3900e+02 7.1900e+02 8.9000e+02 1.1220e+03
  1.4400e+03 3.2630e+03 3.5330e+03]
 [2.2410e+03 2.4130e+03 2.5450e+03 2.6000e+03 2.6780e+03 2.6870e+03
  2.7590e+03 3.3010e+03 3.3730e+03 3.4030e+03 3.4530e+03 3.5340e+03
  3.5630e+03 3.6520e+03 3.7210e+03]
 [2.6030e+03 2.6660e+03 2.7060e+03 2.7870e+03 2.8200e+03 2.8720e+03
  2.9580e+03 2.9600e+03 3.0030e+03 3.0600e+03 3.0990e+03 3.1520e+03
  3.1700e+03 3.1920e+03 3.3730e+03]
 [0.0000e+00 6.0000e+01 3.7800e+02 2.1000e+03 2.6330e+03 2.7090e+03
  2.9070e+03 2.9600e+03 3.0320e+03 3.0720e+03 3.1090e+03 3.1750e+03
  3.1780e+03 3.2300e+03 3.3300e+03]
 [5.7000e+01 9.8000e+01 1.8700e+02 3.7100e+02 2.5450e+03 2.6780e+03
  2.8180e+03 2.9600e+03 3.0200e+03 3.1160e+03 3.2550e+03 3.3300e+03
  3.4190e+03 3.4320e+03 3.4680e+03]
 [1.3510e+03 1.6430e+03 1.7780e+03 1.8660e+03 1.9530e+03 2.3590e+03
  2.4630e+03 2.4800e+03 2.6030e+03 2.7110e+03 2.7450e+03 2.7730e+03
  2.7890e+03 2.8640e+03 2.9580e+03]
 [8.5000e+01 1.4800e+02 1.9500e+02 2.0100e+02 2.4400e+02 4.6200e+02
  5.3500e+02 6.3800e+02 7.3600e+02 1.0560e+03 1.1160e+03 1.1280e+03
  2.6660e+03 2.7670e+03 2.8830e+03]
 [3.4600e+02 3.7800e+02 1.5360e+03 1.6070e+03 1.6100e+03 1.7390e+03
  1.9530e+03 2.0550e+03 2.1000e+03 2.1060e+03 2.1630e+03 2.1980e+03
  2.2740e+03 2.4130e+03 2.5000e+03]
 [7.8300e+02 1.0410e+03 1.3460e+03 1.4280e+03 1.4740e+03 1.7390e+03
  1.8010e+03 2.0520e+03 2.1160e+03 2.1980e+03 2.2530e+03 2.2950e+03
  2.4130e+03 2.4480e+03 2.4630e+03]
 [0.0000e+00 1.9400e+02 1.1630e+03 1.2650e+03 1.3610e+03 1.3630e+03
  1.4480e+03 1.5450e+03 1.6350e+03 1.7180e+03 1.7940e+03 1.8590e+03
  1.9050e+03 2.0520e+03 2.0940e+03]
 [7.8000e+01 1.7300e+02 2.2700e+02 4.7400e+02 5.0700e+02 5.2000e+02
  7.1300e+02 7.5000e+02 1.4190e+03 1.4690e+03 1.4990e+03 1.6250e+03
  1.7390e+03 1.8010e+03 1.8770e+03]
 [3.1200e+02 4.3500e+02 5.2100e+02 5.2700e+02 6.1700e+02 6.1800e+02
  7.7400e+02 8.6000e+02 1.0860e+03 1.1350e+03 1.2650e+03 1.3460e+03
  1.7400e+03 1.8160e+03 1.8980e+03]
 [0.0000e+00 9.8000e+01 1.6700e+02 2.4400e+02 3.6100e+02 3.7800e+02
  4.0700e+02 4.2200e+02 5.0300e+02 5.3400e+02 6.1300e+02 6.6700e+02
  7.1700e+02 7.9000e+02 7.9400e+02]
 [0.0000e+00 4.4000e+01 1.3900e+02 1.8600e+02 1.9400e+02 4.1800e+02
  4.3300e+02 5.2800e+02 6.1100e+02 6.1400e+02 7.3100e+02 1.0880e+03
  1.2650e+03 1.3630e+03 1.8890e+03]]
