optimal_status: 0
solution: 9775.0
cpu_time: 3600.0769209861755
gap: 0.8993075343087528
upper_bound: 984.2688521319413
lower_bound: 9775.0
cg_matrix: [[0. 0. 1. 1. 1. 0. 1. 1. 1. 1. 1. 0. 1. 1. 1. 0. 1. 1. 1. 0. 1. 1. 1. 1.
  1. 1. 1. 1. 1. 1.]
 [0. 0. 1. 1. 1. 0. 1. 1. 0. 1. 1. 0. 1. 1. 1. 1. 1. 1. 1. 0. 0. 1. 1. 1.
  1. 1. 1. 0. 1. 1.]
 [1. 1. 0. 0. 1. 1. 1. 1. 1. 1. 1. 1. 1. 1. 1. 1. 0. 1. 0. 1. 1. 1. 1. 1.
  1. 1. 1. 1. 1. 0.]
 [1. 1. 0. 0. 1. 1. 0. 1. 1. 1. 1. 1. 1. 0. 1. 0. 0. 0. 1. 1. 1. 1. 1. 1.
  1. 1. 0. 1. 1. 1.]
 [1. 1. 1. 1. 0. 0. 1. 1. 1. 1. 1. 1. 1. 1. 1. 1. 1. 0. 0. 1. 1. 1. 1. 1.
  0. 0. 1. 1. 1. 1.]
 [0. 0. 1. 1. 0. 0. 0. 1. 1. 1. 1. 1. 1. 1. 0. 1. 0. 0. 1. 1. 1. 1. 1. 1.
  1. 1. 1. 1. 0. 0.]
 [1. 1. 1. 0. 1. 0. 0. 0. 1. 0. 1. 1. 1. 1. 1. 1. 1. 1. 1. 0. 1. 1. 0. 1.
  0. 1. 1. 1. 1. 1.]
 [1. 1. 1. 1. 1. 1. 0. 0. 1. 1. 1. 1. 1. 1. 1. 0. 1. 0. 1. 1. 1. 1. 1. 0.
  1. 0. 1. 0. 1. 1.]
 [1. 0. 1. 1. 1. 1. 1. 1. 0. 1. 1. 0. 0. 0. 0. 1. 1. 1. 1. 1. 1. 1. 1. 0.
  0. 1. 0. 1. 1. 0.]
 [1. 1. 1. 1. 1. 1. 0. 1. 1. 0. 1. 1. 0. 1. 0. 0. 0. 1. 0. 1. 1. 1. 0. 1.
  1. 0. 1. 0. 0. 1.]
 [1. 1. 1. 1. 1. 1. 1. 1. 1. 1. 0. 1. 1. 1. 1. 0. 0. 1. 1. 1. 1. 1. 0. 1.
  1. 1. 1. 0. 0. 1.]
 [0. 0. 1. 1. 1. 1. 1. 1. 0. 1. 1. 0. 1. 1. 0. 1. 0. 1. 1. 1. 1. 0. 0. 1.
  1. 1. 1. 0. 1. 1.]
 [1. 1. 1. 1. 1. 1. 1. 1. 0. 0. 1. 1. 0. 1. 1. 1. 1. 1. 1. 1. 1. 1. 1. 1.
  1. 1. 1. 1. 1. 1.]
 [1. 1. 1. 0. 1. 1. 1. 1. 0. 1. 1. 1. 1. 0. 1. 0. 0. 1. 1. 1. 0. 1. 1. 0.
  1. 0. 1. 1. 1. 1.]
 [1. 1. 1. 1. 1. 0. 1. 1. 0. 0. 1. 0. 1. 1. 0. 1. 0. 1. 1. 1. 1. 1. 1. 0.
  1. 0. 1. 1. 1. 1.]
 [0. 1. 1. 0. 1. 1. 1. 0. 1. 0. 0. 1. 1. 0. 1. 0. 0. 0. 0. 0. 0. 0. 0. 0.
  0. 0. 0. 0. 0. 0.]
 [1. 1. 0. 0. 1. 0. 1. 1. 1. 0. 0. 0. 1. 0. 0. 0. 0. 0. 0. 0. 0. 0. 0. 0.
  0. 0. 0. 0. 0. 0.]
 [1. 1. 1. 0. 0. 0. 1. 0. 1. 1. 1. 1. 1. 1. 1. 0. 0. 0. 0. 0. 0. 0. 0. 0.
  0. 0. 0. 0. 0. 0.]
 [1. 1. 0. 1. 0. 1. 1. 1. 1. 0. 1. 1. 1. 1. 1. 0. 0. 0. 0. 0. 0. 0. 0. 0.
  0. 0. 0. 0. 0. 0.]
 [0. 0. 1. 1. 1. 1. 0. 1. 1. 1. 1. 1. 1. 1. 1. 0. 0. 0. 0. 0. 0. 0. 0. 0.
  0. 0. 0. 0. 0. 0.]
 [1. 0. 1. 1. 1. 1. 1. 1. 1. 1. 1. 1. 1. 0. 1. 0. 0. 0. 0. 0. 0. 0. 0. 0.
  0. 0. 0. 0. 0. 0.]
 [1. 1. 1. 1. 1. 1. 1. 1. 1. 1. 1. 0. 1. 1. 1. 0. 0. 0. 0. 0. 0. 0. 0. 0.
  0. 0. 0. 0. 0. 0.]
 [1. 1. 1. 1. 1. 1. 0. 1. 1. 0. 0. 0. 1. 1. 1. 0. 0. 0. 0. 0. 0. 0. 0. 0.
  0. 0. 0. 0. 0. 0.]
 [1. 1. 1. 1. 1. 1. 1. 0. 0. 1. 1. 1. 1. 0. 0. 0. 0. 0. 0. 0. 0. 0. 0. 0.
  0. 0. 0. 0. 0. 0.]
 [1. 1. 1. 1. 0. 1. 0. 1. 0. 1. 1. 1. 1. 1. 1. 0. 0. 0. 0. 0. 0. 0. 0. 0.
  0. 0. 0. 0. 0. 0.]
 [1. 1. 1. 1. 0. 1. 1. 0. 1. 0. 1. 1. 1. 0. 0. 0. 0. 0. 0. 0. 0. 0. 0. 0.
  0. 0. 0. 0. 0. 0.]
 [1. 1. 1. 0. 1. 1. 1. 1. 0. 1. 1. 1. 1. 1. 1. 0. 0. 0. 0. 0. 0. 0. 0. 0.
  0. 0. 0. 0. 0. 0.]
 [1. 0. 1. 1. 1. 1. 1. 0. 1. 0. 0. 0. 1. 1. 1. 0. 0. 0. 0. 0. 0. 0. 0. 0.
  0. 0. 0. 0. 0. 0.]
 [1. 1. 1. 1. 1. 0. 1. 1. 1. 0. 0. 1. 1. 1. 1. 0. 0. 0. 0. 0. 0. 0. 0. 0.
  0. 0. 0. 0. 0. 0.]
 [1. 1. 0. 1. 1. 0. 1. 1. 0. 1. 1. 1. 1. 1. 1. 0. 0. 0. 0. 0. 0. 0. 0. 0.
  0. 0. 0. 0. 0. 0.]]
start_times_array: [[8.35300000e+03 8.60900000e+03 8.76800000e+03 8.92300000e+03
  8.93800000e+03 8.94400000e+03 9.01900000e+03 9.25100000e+03
  9.27500000e+03 9.33900000e+03 9.37600000e+03 9.55800000e+03
  9.65300000e+03 9.68000000e+03 9.74000000e+03]
 [7.73700000e+03 8.76800000e+03 8.92300000e+03 8.97900000e+03
  9.00900000e+03 9.04600000e+03 9.25100000e+03 9.30600000e+03
  9.36900000e+03 9.40100000e+03 9.44400000e+03 9.60300000e+03
  9.67700000e+03 9.72300000e+03 9.73400000e+03]
 [7.11700000e+03 7.78900000e+03 7.86400000e+03 8.01900000e+03
  8.09000000e+03 8.14000000e+03 8.19600000e+03 8.20900000e+03
  8.45800000e+03 8.66500000e+03 8.83700000e+03 9.10300000e+03
  9.13100000e+03 9.16800000e+03 9.48800000e+03]
 [7.78900000e+03 8.01900000e+03 8.08500000e+03 8.11200000e+03
  8.14500000e+03 8.19200000e+03 8.37300000e+03 8.46000000e+03
  8.66500000e+03 8.84000000e+03 8.86200000e+03 8.89200000e+03
  8.90200000e+03 8.91300000e+03 9.10300000e+03]
 [5.81300000e+03 6.77800000e+03 6.82700000e+03 6.83800000e+03
  6.91700000e+03 7.05000000e+03 7.22600000e+03 7.29600000e+03
  7.36900000e+03 7.64500000e+03 7.87200000e+03 7.87300000e+03
  8.26500000e+03 8.55700000e+03 8.72200000e+03]
 [6.77800000e+03 6.79200000e+03 6.79900000e+03 6.91700000e+03
  7.05000000e+03 7.09500000e+03 7.29600000e+03 7.38100000e+03
  7.62800000e+03 7.69200000e+03 7.76700000e+03 7.87300000e+03
  7.90800000e+03 7.97300000e+03 8.92300000e+03]
 [6.15300000e+03 6.22000000e+03 6.46600000e+03 6.52400000e+03
  6.54400000e+03 6.64900000e+03 6.70400000e+03 6.90700000e+03
  6.96700000e+03 7.16000000e+03 7.45300000e+03 7.51600000e+03
  7.55200000e+03 7.95700000e+03 8.37300000e+03]
 [5.71200000e+03 6.00100000e+03 6.15300000e+03 6.28100000e+03
  6.56500000e+03 6.63700000e+03 6.70400000e+03 6.73600000e+03
  6.99600000e+03 7.16000000e+03 7.23800000e+03 7.45300000e+03
  7.52800000e+03 7.56500000e+03 8.00300000e+03]
 [5.18000000e+03 5.37400000e+03 5.69400000e+03 5.72000000e+03
  5.74500000e+03 5.81900000e+03 5.88200000e+03 5.91500000e+03
  6.02800000e+03 6.04000000e+03 6.06200000e+03 6.13700000e+03
  6.23700000e+03 6.38600000e+03 6.58900000e+03]
 [4.11200000e+03 4.42400000e+03 4.62100000e+03 4.71600000e+03
  4.73000000e+03 5.02100000e+03 5.16000000e+03 5.43000000e+03
  5.43200000e+03 5.46000000e+03 5.54800000e+03 5.55500000e+03
  5.62800000e+03 6.32000000e+03 6.48400000e+03]
 [2.18800000e+03 3.89800000e+03 4.22800000e+03 4.26400000e+03
  4.47800000e+03 4.79900000e+03 4.95900000e+03 5.00500000e+03
  5.01500000e+03 5.08700000e+03 5.26300000e+03 5.30400000e+03
  5.40100000e+03 5.43800000e+03 5.69700000e+03]
 [3.32100000e+03 3.61500000e+03 3.65300000e+03 3.80100000e+03
  3.97900000e+03 4.04400000e+03 4.05300000e+03 4.07400000e+03
  4.10400000e+03 4.20500000e+03 4.35000000e+03 4.57300000e+03
  4.70200000e+03 4.89100000e+03 5.10500000e+03]
 [1.74800000e+03 2.47800000e+03 2.51800000e+03 2.52100000e+03
  2.78300000e+03 2.93600000e+03 3.11500000e+03 3.18500000e+03
  3.30600000e+03 3.40100000e+03 3.52700000e+03 3.71200000e+03
  3.76600000e+03 4.11200000e+03 5.50700000e+03]
 [1.26200000e+03 1.93700000e+03 2.05600000e+03 2.25000000e+03
  2.34300000e+03 2.50400000e+03 2.60400000e+03 2.85600000e+03
  3.02500000e+03 3.12700000e+03 3.26600000e+03 3.38600000e+03
  3.43500000e+03 3.46900000e+03 4.04100000e+03]
 [1.35300000e+03 1.57500000e+03 1.70900000e+03 1.81500000e+03
  1.86600000e+03 1.97900000e+03 2.08800000e+03 2.13900000e+03
  2.18200000e+03 2.44000000e+03 2.50800000e+03 2.70200000e+03
  2.95500000e+03 2.99700000e+03 3.32100000e+03]
 [8.20000000e+01 2.33000000e+02 3.72000000e+02 4.36000000e+02
  5.98000000e+02 9.34000000e+02 1.02200000e+03 1.15800000e+03
  1.42100000e+03 1.52800000e+03 1.58700000e+03 1.66800000e+03
  1.96100000e+03 2.39300000e+03 2.40000000e+03]
 [2.67000000e+02 3.86000000e+02 4.12000000e+02 5.38000000e+02
  8.16000000e+02 9.11000000e+02 9.81000000e+02 1.19500000e+03
  1.27200000e+03 1.33300000e+03 1.48900000e+03 1.49200000e+03
  1.55200000e+03 1.72200000e+03 2.30300000e+03]
 [6.10000000e+01 3.63000000e+02 4.54000000e+02 5.84000000e+02
  6.35000000e+02 7.95000000e+02 8.76000000e+02 9.95000000e+02
  1.16200000e+03 1.19700000e+03 1.23600000e+03 1.43000000e+03
  1.44300000e+03 1.67200000e+03 1.68300000e+03]
 [0.00000000e+00 3.83000000e+02 4.62000000e+02 5.61000000e+02
  6.57000000e+02 7.53000000e+02 7.73000000e+02 9.13000000e+02
  1.00300000e+03 1.09100000e+03 1.15500000e+03 1.26900000e+03
  1.47900000e+03 1.59100000e+03 2.13200000e+03]
 [1.81000000e+02 4.45000000e+02 5.43000000e+02 7.27000000e+02
  8.94000000e+02 1.10100000e+03 1.16200000e+03 1.19400000e+03
  1.19500000e+03 1.42100000e+03 1.50100000e+03 1.50900000e+03
  1.52500000e+03 1.57800000e+03 1.59900000e+03]
 [8.70000000e+01 1.94000000e+02 4.30000000e+02 5.16000000e+02
  6.64000000e+02 8.32000000e+02 8.57000000e+02 8.92000000e+02
  9.14000000e+02 1.00600000e+03 1.02000000e+03 1.11900000e+03
  1.19700000e+03 1.21800000e+03 1.62600000e+03]
 [1.14000000e+02 2.30000000e+02 3.09736408e+02 4.05736408e+02
  4.91000000e+02 5.04000000e+02 5.42000000e+02 6.83000000e+02
  7.73000000e+02 8.57000000e+02 8.87000000e+02 9.00000000e+02
  9.60000000e+02 9.89000000e+02 1.00900000e+03]
 [2.70000000e+01 1.55000000e+02 2.30000000e+02 3.05000000e+02
  5.61000000e+02 5.81000000e+02 6.77000000e+02 7.53000000e+02
  8.43000000e+02 9.60000000e+02 1.01100000e+03 1.10100000e+03
  1.14100000e+03 1.14500000e+03 1.21100000e+03]
 [8.20000000e+01 1.78000000e+02 3.28000000e+02 4.15000000e+02
  5.42000000e+02 6.72000000e+02 8.88000000e+02 8.92000000e+02
  1.09300000e+03 1.13600000e+03 1.17500000e+03 1.43300000e+03
  1.56800000e+03 1.72300000e+03 2.14500000e+03]
 [1.11000000e+02 1.45000000e+02 1.96000000e+02 4.12000000e+02
  5.27000000e+02 5.38000000e+02 6.75000000e+02 9.18000000e+02
  1.01100000e+03 1.10100000e+03 1.13300000e+03 1.21000000e+03
  1.43000000e+03 1.52100000e+03 1.61300000e+03]
 [1.45000000e+02 1.85000000e+02 3.31736408e+02 3.34736408e+02
  4.30000000e+02 4.75000000e+02 5.27000000e+02 6.19000000e+02
  7.56000000e+02 8.47000000e+02 9.39000000e+02 1.21800000e+03
  1.25300000e+03 1.27700000e+03 1.30000000e+03]
 [3.00000000e+00 2.02000000e+02 2.90000000e+02 2.91000000e+02
  3.90736408e+02 4.50000000e+02 5.37000000e+02 8.21000000e+02
  8.53000000e+02 8.76000000e+02 9.40000000e+02 9.68000000e+02
  1.06000000e+03 1.51900000e+03 1.61900000e+03]
 [0.00000000e+00 9.40000000e+01 1.55000000e+02 2.23000000e+02
  2.88000000e+02 3.36000000e+02 4.49000000e+02 4.51000000e+02
  6.38000000e+02 6.75000000e+02 8.82000000e+02 9.00000000e+02
  9.36000000e+02 1.00000000e+03 1.18800000e+03]
 [0.00000000e+00 1.71000000e+02 1.85000000e+02 2.23000000e+02
  2.48000000e+02 3.05000000e+02 4.05736408e+02 4.24736408e+02
  6.94000000e+02 7.56000000e+02 8.77000000e+02 9.20000000e+02
  9.54000000e+02 1.12200000e+03 1.26000000e+03]
 [0.00000000e+00 2.30000000e+01 8.70000000e+01 1.44000000e+02
  2.33000000e+02 2.56000000e+02 3.52000000e+02 4.36000000e+02
  5.27000000e+02 5.90000000e+02 5.93000000e+02 6.77000000e+02
  7.27000000e+02 8.77000000e+02 1.20500000e+03]]
