optimal_status: 0
solution: 6734.0
cpu_time: 3600.203761100769
gap: 0.772120081382011
upper_bound: 1534.5433719735372
lower_bound: 6734.0
cg_matrix: [[0. 0. 0. 0. 0. 0. 0. 0. 0. 0. 0. 0. 0. 0. 0. 0. 0. 0. 1. 0. 0. 0. 0. 0.
  0. 1. 1. 0. 1. 0.]
 [0. 0. 0. 0. 0. 1. 1. 0. 0. 0. 1. 1. 1. 0. 0. 1. 0. 0. 1. 0. 0. 0. 0. 1.
  0. 0. 0. 1. 0. 0.]
 [0. 0. 0. 0. 0. 0. 0. 1. 1. 0. 0. 0. 0. 0. 0. 0. 0. 0. 0. 1. 0. 0. 0. 1.
  1. 1. 0. 0. 0. 1.]
 [0. 0. 0. 0. 0. 1. 1. 0. 0. 0. 1. 0. 0. 0. 0. 0. 0. 0. 0. 1. 0. 0. 0. 0.
  0. 0. 1. 1. 0. 1.]
 [0. 0. 0. 0. 0. 0. 1. 0. 0. 0. 0. 0. 0. 0. 0. 0. 1. 1. 0. 0. 0. 0. 1. 0.
  0. 1. 0. 0. 0. 0.]
 [0. 1. 0. 1. 0. 0. 0. 1. 0. 0. 0. 0. 0. 0. 0. 0. 0. 0. 0. 0. 0. 0. 0. 0.
  0. 0. 0. 0. 0. 0.]
 [0. 1. 0. 1. 1. 0. 0. 0. 0. 0. 1. 0. 0. 0. 1. 0. 0. 0. 0. 1. 0. 0. 0. 1.
  1. 0. 1. 1. 1. 0.]
 [0. 0. 1. 0. 0. 1. 0. 0. 1. 0. 0. 0. 0. 0. 0. 0. 0. 1. 0. 1. 0. 0. 0. 0.
  1. 0. 0. 0. 1. 0.]
 [0. 0. 1. 0. 0. 0. 0. 1. 0. 1. 0. 0. 0. 1. 1. 0. 0. 1. 0. 0. 1. 0. 0. 0.
  0. 0. 0. 1. 0. 1.]
 [0. 0. 0. 0. 0. 0. 0. 0. 1. 0. 0. 0. 0. 1. 1. 0. 0. 1. 0. 0. 0. 0. 0. 1.
  0. 0. 0. 0. 0. 1.]
 [0. 1. 0. 1. 0. 0. 1. 0. 0. 0. 0. 0. 0. 1. 0. 0. 0. 0. 0. 0. 0. 0. 0. 0.
  0. 0. 0. 0. 0. 1.]
 [0. 1. 0. 0. 0. 0. 0. 0. 0. 0. 0. 0. 0. 0. 0. 0. 0. 0. 0. 0. 0. 0. 0. 0.
  0. 1. 0. 0. 1. 0.]
 [0. 1. 0. 0. 0. 0. 0. 0. 0. 0. 0. 0. 0. 1. 0. 0. 1. 0. 1. 0. 0. 0. 0. 0.
  0. 0. 0. 0. 0. 0.]
 [0. 0. 0. 0. 0. 0. 0. 0. 1. 1. 1. 0. 1. 0. 0. 0. 1. 1. 1. 1. 1. 0. 0. 1.
  0. 0. 0. 0. 0. 1.]
 [0. 0. 0. 0. 0. 0. 1. 0. 1. 1. 0. 0. 0. 0. 0. 0. 0. 0. 0. 0. 0. 0. 0. 0.
  0. 0. 0. 0. 0. 0.]
 [0. 1. 0. 0. 0. 0. 0. 0. 0. 0. 0. 0. 0. 0. 0. 0. 0. 1. 1. 0. 0. 0. 0. 1.
  1. 1. 1. 0. 0. 0.]
 [0. 0. 0. 0. 1. 0. 0. 0. 0. 0. 0. 0. 1. 1. 0. 0. 0. 0. 0. 1. 0. 0. 0. 0.
  0. 0. 0. 0. 1. 0.]
 [0. 0. 0. 0. 1. 0. 0. 1. 1. 1. 0. 0. 0. 1. 0. 1. 0. 0. 0. 0. 0. 0. 0. 0.
  0. 0. 1. 0. 0. 1.]
 [1. 1. 0. 0. 0. 0. 0. 0. 0. 0. 0. 0. 1. 1. 0. 1. 0. 0. 0. 1. 0. 1. 1. 0.
  0. 0. 0. 1. 0. 0.]
 [0. 0. 1. 1. 0. 0. 1. 1. 0. 0. 0. 0. 0. 1. 0. 0. 1. 0. 1. 0. 0. 0. 0. 1.
  0. 0. 0. 0. 0. 0.]
 [0. 0. 0. 0. 0. 0. 0. 0. 1. 0. 0. 0. 0. 1. 0. 0. 0. 0. 0. 0. 0. 0. 0. 0.
  0. 0. 0. 0. 0. 0.]
 [0. 0. 0. 0. 0. 0. 0. 0. 0. 0. 0. 0. 0. 0. 0. 0. 0. 0. 1. 0. 0. 0. 0. 0.
  0. 0. 0. 0. 0. 0.]
 [0. 0. 0. 0. 1. 0. 0. 0. 0. 0. 0. 0. 0. 0. 0. 0. 0. 0. 1. 0. 0. 0. 0. 0.
  0. 0. 0. 0. 0. 0.]
 [0. 1. 1. 0. 0. 0. 1. 0. 0. 1. 0. 0. 0. 1. 0. 1. 0. 0. 0. 1. 0. 0. 0. 0.
  0. 0. 0. 0. 0. 0.]
 [0. 0. 1. 0. 0. 0. 1. 1. 0. 0. 0. 0. 0. 0. 0. 1. 0. 0. 0. 0. 0. 0. 0. 0.
  0. 0. 0. 0. 0. 0.]
 [1. 0. 1. 0. 1. 0. 0. 0. 0. 0. 0. 1. 0. 0. 0. 1. 0. 0. 0. 0. 0. 0. 0. 0.
  0. 0. 0. 0. 0. 0.]
 [1. 0. 0. 1. 0. 0. 1. 0. 0. 0. 0. 0. 0. 0. 0. 1. 0. 1. 0. 0. 0. 0. 0. 0.
  0. 0. 0. 0. 0. 0.]
 [0. 1. 0. 1. 0. 0. 1. 0. 1. 0. 0. 0. 0. 0. 0. 0. 0. 0. 1. 0. 0. 0. 0. 0.
  0. 0. 0. 0. 0. 0.]
 [1. 0. 0. 0. 0. 0. 1. 1. 0. 0. 0. 1. 0. 0. 0. 0. 1. 0. 0. 0. 0. 0. 0. 0.
  0. 0. 0. 0. 0. 0.]
 [0. 0. 1. 1. 0. 0. 0. 0. 1. 1. 1. 0. 0. 1. 0. 0. 0. 1. 0. 0. 0. 0. 0. 0.
  0. 0. 0. 0. 0. 0.]]
start_times_array: [[   0.  214.  279.  638.  758.  948. 1561. 1940. 2311. 2476. 2733. 3639.
  4372. 4702. 5473. 5966. 6138. 6187. 6573. 6675.]
 [ 631.  910. 1034. 1282. 1426. 1532. 1765. 1948. 2337. 2680. 3005. 3155.
  3236. 3639. 3988. 4418. 4860. 5330. 5906. 6604.]
 [ 300.  370.  578. 1062. 1408. 2085. 2510. 2994. 3406. 3857. 4055. 4474.
  4866. 5253. 5380. 5880. 6184. 6373. 6697. 6708.]
 [  21.   28.  230.  387.  545.  904. 1295. 1561. 1762. 2074. 2337. 3137.
  3384. 3901. 4466. 5264. 5600. 5880. 6327. 6664.]
 [ 159.  531.  964. 1242. 1377. 1878. 2418. 2749. 3076. 3475. 3521. 4013.
  4210. 4470. 4791. 5001. 5384. 5701. 6060. 6675.]
 [ 831.  866. 1047. 1433. 1849. 2249. 2800. 3031. 3571. 3632. 3875. 3942.
  3985. 4304. 4563. 4701. 4966. 5525. 6148. 6503.]
 [ 745. 1024. 1156. 1681. 1971. 2240. 2284. 2498. 2845. 3216. 3374. 3591.
  3861. 4668. 5204. 5511. 5684. 5747. 6158. 6545.]
 [ 136.  704. 1333. 1519. 1777. 2178. 2420. 2662. 2701. 2765. 2848. 3428.
  4120. 4365. 4710. 5029. 5565. 6239. 6439. 6662.]
 [ 237.  378.  872. 1001. 1138. 1189. 1282. 1608. 1957. 2284. 2785. 2924.
  3616. 4137. 4756. 5207. 5701. 6092. 6343. 6594.]
 [ 578.  923. 1018. 1512. 1556. 1826. 1889. 2372. 2662. 2695. 3380. 4046.
  4271. 4853. 5165. 5292. 5786. 6247. 6274. 6427.]
 [ 801. 1218. 1433. 1720. 2021. 2161. 2585. 2606. 2752. 3367. 3699. 3788.
  4067. 4769. 5117. 5467. 5695. 6055. 6391. 6701.]
 [ 101.  159.  289.  594.  712. 1229. 2089. 2765. 2800. 2961. 3252. 3458.
  3551. 3574. 3901. 5160. 5423. 6010. 6065. 6696.]
 [  44.  229.  472.  782.  947. 1330. 1624. 2090. 3034. 3252. 3479. 3699.
  4756. 5251. 5473. 5679. 6078. 6300. 6504. 6714.]
 [  28.  449.  712. 1097. 2123. 2473. 3076. 3102. 3353. 4306. 4650. 5026.
  5191. 5192. 5267. 5380. 5880. 6184. 6539. 6639.]
 [  64.  891. 1689. 1745. 2049. 2567. 2581. 2588. 3111. 3144. 3449. 3978.
  4306. 4451. 4933. 4984. 5019. 5351. 5581. 5994.]
 [ 712. 1047. 1330. 1619. 1624. 1777. 2085. 2759. 2809. 3406. 3699. 4160.
  4696. 5039. 5070. 5220. 5821. 6007. 6539. 6714.]
 [   0.  620.  836.  853. 2148. 2230. 2572. 2784. 3154. 3378. 3931. 4081.
  4700. 4960. 5194. 5503. 5764. 5894. 6298. 6459.]
 [ 303.  330.  787. 1171. 1188. 1426. 1689. 2135. 2572. 2994. 3165. 3557.
  4233. 4483. 4846. 5116. 5460. 5915. 6347. 6733.]
 [ 153.  378.  527.  834. 1138. 1718. 2017. 2600. 2873. 3317. 3538. 3610.
  3833. 4131. 4514. 4966. 5271. 5760. 6314. 6384.]
 [ 472. 1474. 1657. 1860. 2402. 2812. 3224. 3349. 3367. 3764. 3987. 4188.
  4563. 5104. 5338. 5731. 5837. 6075. 6433. 6503.]
 [ 138. 1343. 1417. 1510. 1908. 2377. 2630. 2843. 3145. 3195. 3253. 3841.
  4111. 4479. 4515. 5649. 5837. 5922. 6328. 6433.]
 [ 106.  449. 1527. 2043. 2090. 2101. 2195. 2250. 2536. 3020. 3022. 3429.
  3467. 3965. 4034. 4628. 5641. 5684. 6478. 6522.]
 [   0.   13.  644. 1062. 1093. 1514. 1580. 2154. 2699. 3010. 3348. 3675.
  4081. 4576. 4666. 5083. 5821. 5928. 6596. 6668.]
 [ 420.  509.  801.  814. 2150. 2260. 2572. 2912. 2934. 3266. 3513. 3760.
  3833. 3922. 4227. 4397. 4769. 4953. 5588. 6276.]
 [   0.   86.  118.  253.  393.  831.  923.  940. 1266. 1698. 4358. 4563.
  4815. 5092. 5473. 5533. 5688. 5932. 6342. 6625.]
 [  38.  103.  371.  819. 1004. 1111. 1162. 1474. 2022. 2259. 2863. 3350.
  3760. 4081. 4582. 5305. 5571. 5577. 5932. 6300.]
 [  55.  123.  472.  706.  916. 1098. 1867. 2178. 2662. 3237. 3616. 3942.
  4284. 4304. 4315. 5309. 5685. 6071. 6148. 6439.]
 [  55.  295. 1049. 1218. 1387. 1396. 2161. 2259. 2420. 2644. 3041. 3093.
  3348. 3476. 3752. 4326. 4576. 5423. 5991. 6250.]
 [1068. 1408. 1671. 1867. 1881. 1907. 1930. 2351. 2912. 2967. 3735. 4138.
  4756. 4806. 4945. 5251. 5693. 5893. 6355. 6617.]
 [   0.   25.   55.   87.  138.  154.  426.  472. 2228. 2843. 3483. 3942.
  4397. 4700. 4933. 5548. 5971. 6054. 6276. 6488.]]
