optimal_status: 0
solution: 14599.0
cpu_time: 3601.4087471961975
gap: 0.9038290293855743
upper_bound: 1404.0
lower_bound: 14599.0
cg_matrix: [[0. 1. 0. 0. 0. 1. 1. 0. 1. 0. 0. 0. 1. 1. 1. 0. 1. 1. 1. 0. 0. 1. 0. 0.
  0. 1. 0. 0. 1. 1.]
 [1. 0. 0. 0. 1. 1. 1. 0. 0. 1. 0. 0. 0. 0. 0. 1. 0. 0. 1. 0. 0. 0. 1. 0.
  1. 1. 0. 1. 1. 0.]
 [0. 0. 0. 1. 1. 1. 1. 1. 1. 0. 1. 1. 0. 1. 1. 1. 0. 1. 1. 1. 1. 1. 1. 0.
  0. 0. 1. 0. 1. 1.]
 [0. 0. 1. 0. 0. 0. 0. 0. 0. 1. 1. 0. 0. 0. 1. 0. 1. 0. 1. 1. 0. 1. 1. 0.
  1. 0. 0. 0. 1. 1.]
 [0. 1. 1. 0. 0. 0. 0. 1. 1. 0. 0. 1. 1. 1. 0. 1. 0. 1. 0. 0. 0. 1. 1. 1.
  1. 1. 1. 0. 0. 1.]
 [1. 1. 1. 0. 0. 0. 1. 0. 0. 0. 0. 0. 0. 0. 1. 1. 0. 0. 0. 1. 1. 0. 1. 1.
  1. 1. 0. 1. 1. 1.]
 [1. 1. 1. 0. 0. 1. 0. 0. 1. 0. 1. 0. 0. 0. 1. 1. 0. 0. 1. 1. 0. 1. 0. 0.
  0. 1. 0. 0. 0. 0.]
 [0. 0. 1. 0. 1. 0. 0. 0. 1. 1. 1. 0. 1. 1. 1. 0. 0. 0. 1. 1. 1. 1. 0. 1.
  1. 1. 0. 1. 1. 1.]
 [1. 0. 1. 0. 1. 0. 1. 1. 0. 1. 1. 1. 1. 0. 0. 1. 1. 1. 0. 0. 1. 1. 0. 0.
  1. 0. 1. 1. 0. 0.]
 [0. 1. 0. 1. 0. 0. 0. 1. 1. 0. 0. 0. 1. 0. 0. 0. 0. 0. 0. 1. 0. 0. 1. 0.
  0. 1. 1. 0. 0. 1.]
 [0. 0. 1. 1. 0. 0. 1. 1. 1. 0. 0. 1. 0. 0. 0. 1. 1. 0. 1. 0. 1. 0. 1. 0.
  0. 0. 1. 0. 1. 0.]
 [0. 0. 1. 0. 1. 0. 0. 0. 1. 0. 1. 0. 0. 0. 1. 1. 0. 1. 1. 1. 1. 0. 1. 1.
  0. 0. 0. 1. 0. 1.]
 [1. 0. 0. 0. 1. 0. 0. 1. 1. 1. 0. 0. 0. 0. 0. 0. 1. 0. 0. 0. 0. 1. 1. 0.
  0. 0. 0. 1. 1. 0.]
 [1. 0. 1. 0. 1. 0. 0. 1. 0. 0. 0. 0. 0. 0. 1. 1. 0. 1. 0. 0. 1. 1. 0. 0.
  0. 1. 1. 0. 0. 0.]
 [1. 0. 1. 1. 0. 1. 1. 1. 0. 0. 0. 1. 0. 1. 0. 0. 1. 0. 1. 0. 1. 1. 1. 0.
  1. 1. 1. 1. 1. 1.]
 [0. 1. 1. 0. 1. 1. 1. 0. 1. 0. 1. 1. 0. 1. 0. 0. 1. 1. 1. 0. 0. 0. 1. 0.
  1. 0. 1. 0. 1. 1.]
 [1. 0. 0. 1. 0. 0. 0. 0. 1. 0. 1. 0. 1. 0. 1. 1. 0. 1. 0. 0. 0. 1. 1. 1.
  1. 1. 0. 1. 1. 1.]
 [1. 0. 1. 0. 1. 0. 0. 0. 1. 0. 0. 1. 0. 1. 0. 1. 1. 0. 1. 1. 1. 1. 0. 0.
  0. 1. 1. 0. 1. 1.]
 [1. 1. 1. 1. 0. 0. 1. 1. 0. 0. 1. 1. 0. 0. 1. 1. 0. 1. 0. 0. 1. 0. 0. 0.
  1. 0. 1. 1. 0. 0.]
 [0. 0. 1. 1. 0. 1. 1. 1. 0. 1. 0. 1. 0. 0. 0. 0. 0. 1. 0. 0. 0. 0. 0. 0.
  0. 0. 1. 1. 0. 1.]
 [0. 0. 1. 0. 0. 1. 0. 1. 1. 0. 1. 1. 0. 1. 1. 0. 0. 1. 1. 0. 0. 0. 0. 0.
  0. 0. 0. 0. 0. 0.]
 [1. 0. 1. 1. 1. 0. 1. 1. 1. 0. 0. 0. 1. 1. 1. 0. 1. 1. 0. 0. 0. 0. 0. 0.
  0. 0. 0. 0. 0. 0.]
 [0. 1. 1. 1. 1. 1. 0. 0. 0. 1. 1. 1. 1. 0. 1. 1. 1. 0. 0. 0. 0. 0. 0. 0.
  0. 0. 0. 0. 0. 0.]
 [0. 0. 0. 0. 1. 1. 0. 1. 0. 0. 0. 1. 0. 0. 0. 0. 1. 0. 0. 0. 0. 0. 0. 0.
  0. 0. 0. 0. 0. 0.]
 [0. 1. 0. 1. 1. 1. 0. 1. 1. 0. 0. 0. 0. 0. 1. 1. 1. 0. 1. 0. 0. 0. 0. 0.
  0. 0. 0. 0. 0. 0.]
 [1. 1. 0. 0. 1. 1. 1. 1. 0. 1. 0. 0. 0. 1. 1. 0. 1. 1. 0. 0. 0. 0. 0. 0.
  0. 0. 0. 0. 0. 0.]
 [0. 0. 1. 0. 1. 0. 0. 0. 1. 1. 1. 0. 0. 1. 1. 1. 0. 1. 1. 1. 0. 0. 0. 0.
  0. 0. 0. 0. 0. 0.]
 [0. 1. 0. 0. 0. 1. 0. 1. 1. 0. 0. 1. 1. 0. 1. 0. 1. 0. 1. 1. 0. 0. 0. 0.
  0. 0. 0. 0. 0. 0.]
 [1. 1. 1. 1. 0. 1. 0. 1. 0. 0. 1. 0. 1. 0. 1. 1. 1. 1. 0. 0. 0. 0. 0. 0.
  0. 0. 0. 0. 0. 0.]
 [1. 0. 1. 1. 1. 1. 0. 1. 0. 1. 0. 1. 0. 0. 1. 1. 1. 1. 0. 1. 0. 0. 0. 0.
  0. 0. 0. 0. 0. 0.]]
start_times_array: [[5.9900e+02 1.0757e+04 1.1100e+04 1.1187e+04 1.1730e+04 1.1890e+04
  1.2253e+04 1.3205e+04 1.3358e+04 1.3622e+04 1.3763e+04 1.3892e+04
  1.4129e+04 1.4232e+04 1.4304e+04 1.4325e+04 1.4349e+04 1.4399e+04
  1.4456e+04 1.4530e+04]
 [1.2165e+04 1.2345e+04 1.2464e+04 1.2574e+04 1.2616e+04 1.2771e+04
  1.2994e+04 1.3026e+04 1.3116e+04 1.3127e+04 1.3157e+04 1.3261e+04
  1.3451e+04 1.3540e+04 1.3682e+04 1.3803e+04 1.3966e+04 1.4042e+04
  1.4188e+04 1.4373e+04]
 [1.2061e+04 1.2600e+04 1.2994e+04 1.3031e+04 1.3116e+04 1.3147e+04
  1.3228e+04 1.3252e+04 1.3319e+04 1.3322e+04 1.3334e+04 1.3342e+04
  1.3414e+04 1.3501e+04 1.3570e+04 1.3589e+04 1.3624e+04 1.3721e+04
  1.3767e+04 1.3840e+04]
 [2.4400e+02 9.8640e+03 9.9140e+03 1.0795e+04 1.0807e+04 1.0906e+04
  1.0995e+04 1.1100e+04 1.1152e+04 1.1233e+04 1.1244e+04 1.1438e+04
  1.1592e+04 1.1627e+04 1.1726e+04 1.1750e+04 1.2114e+04 1.2682e+04
  1.2879e+04 1.2899e+04]
 [8.9470e+03 1.1111e+04 1.1271e+04 1.1285e+04 1.1353e+04 1.1359e+04
  1.1438e+04 1.1498e+04 1.1513e+04 1.1626e+04 1.1694e+04 1.1823e+04
  1.1869e+04 1.2506e+04 1.2539e+04 1.2588e+04 1.2779e+04 1.2835e+04
  1.2932e+04 1.2958e+04]
 [7.1310e+03 1.0906e+04 1.1098e+04 1.1285e+04 1.1366e+04 1.1459e+04
  1.1494e+04 1.1596e+04 1.1660e+04 1.1690e+04 1.1823e+04 1.1947e+04
  1.2012e+04 1.2028e+04 1.2114e+04 1.2415e+04 1.2506e+04 1.2682e+04
  1.2787e+04 1.2959e+04]
 [8.9020e+03 9.8030e+03 9.8360e+03 1.0007e+04 1.0101e+04 1.0341e+04
  1.0402e+04 1.0492e+04 1.0582e+04 1.0674e+04 1.0795e+04 1.0809e+04
  1.1001e+04 1.1037e+04 1.1115e+04 1.1194e+04 1.1259e+04 1.1480e+04
  1.1592e+04 1.2879e+04]
 [9.0760e+03 9.5310e+03 9.8640e+03 9.8990e+03 1.0007e+04 1.0341e+04
  1.0424e+04 1.0492e+04 1.0582e+04 1.0669e+04 1.0688e+04 1.0702e+04
  1.0748e+04 1.0839e+04 1.0856e+04 1.1201e+04 1.1233e+04 1.1452e+04
  1.1530e+04 1.1713e+04]
 [8.2920e+03 8.8350e+03 8.8710e+03 8.8790e+03 8.9000e+03 8.9610e+03
  9.1980e+03 9.2730e+03 9.3540e+03 9.4670e+03 9.6270e+03 9.7280e+03
  9.9170e+03 9.9660e+03 1.0112e+04 1.0194e+04 1.0219e+04 1.0308e+04
  1.0463e+04 1.0535e+04]
 [8.9400e+02 1.0470e+03 6.3480e+03 6.3700e+03 6.5070e+03 7.9290e+03
  7.9620e+03 8.0340e+03 8.0610e+03 8.1060e+03 8.1250e+03 8.3610e+03
  8.3960e+03 8.4530e+03 8.7270e+03 8.7860e+03 8.9930e+03 9.1460e+03
  9.4010e+03 9.8030e+03]
 [4.0000e+00 7.1020e+03 7.7930e+03 7.9000e+03 7.9780e+03 7.9920e+03
  8.0110e+03 8.0370e+03 8.2190e+03 8.3610e+03 8.4020e+03 8.4790e+03
  8.5450e+03 8.6260e+03 8.6580e+03 8.6870e+03 8.7700e+03 8.7830e+03
  8.9930e+03 9.7070e+03]
 [6.8850e+03 6.9300e+03 7.0190e+03 7.0480e+03 7.0550e+03 7.1550e+03
  7.2020e+03 7.2270e+03 7.2720e+03 7.4250e+03 7.5240e+03 7.6070e+03
  7.6750e+03 7.6870e+03 7.7240e+03 7.8540e+03 7.9310e+03 8.1280e+03
  8.2720e+03 8.9020e+03]
 [3.0000e+00 4.3290e+03 4.4920e+03 4.9750e+03 5.6100e+03 6.0460e+03
  6.1210e+03 6.1750e+03 6.2510e+03 6.2860e+03 6.5390e+03 7.2460e+03
  7.3300e+03 7.5240e+03 7.6180e+03 7.6480e+03 7.7150e+03 7.9000e+03
  8.5400e+03 8.6390e+03]
 [1.0000e+01 1.0000e+02 3.4300e+02 6.8850e+03 7.1130e+03 7.2020e+03
  7.6330e+03 7.7310e+03 7.7870e+03 7.8090e+03 7.8420e+03 7.8830e+03
  7.9290e+03 7.9940e+03 8.0790e+03 8.2190e+03 8.2220e+03 8.2410e+03
  8.2800e+03 8.6390e+03]
 [1.0580e+03 4.5530e+03 5.7830e+03 5.7910e+03 5.9430e+03 5.9690e+03
  6.1410e+03 6.1740e+03 6.2230e+03 6.2520e+03 6.2910e+03 6.3280e+03
  6.3290e+03 6.4030e+03 6.4250e+03 6.4630e+03 6.4940e+03 6.5000e+03
  6.5980e+03 6.7050e+03]
 [5.0260e+03 5.4470e+03 6.1200e+03 6.1260e+03 6.1840e+03 6.2110e+03
  6.2320e+03 6.2510e+03 6.3480e+03 6.3560e+03 6.4260e+03 6.4750e+03
  6.5000e+03 6.5390e+03 6.6340e+03 6.7050e+03 6.7860e+03 6.8740e+03
  7.3320e+03 7.4530e+03]
 [1.0470e+03 3.8340e+03 4.2470e+03 4.4120e+03 4.5800e+03 4.7290e+03
  4.7890e+03 4.8320e+03 4.9070e+03 4.9110e+03 5.1210e+03 5.2130e+03
  5.2860e+03 5.3670e+03 5.5210e+03 5.6270e+03 5.6930e+03 5.7210e+03
  5.8610e+03 6.0040e+03]
 [3.6850e+03 3.6960e+03 3.7120e+03 3.7240e+03 3.9160e+03 3.9510e+03
  4.0340e+03 4.1200e+03 4.1610e+03 4.1840e+03 4.3310e+03 4.3470e+03
  4.3840e+03 4.4920e+03 4.6540e+03 4.9750e+03 5.0980e+03 5.1730e+03
  5.3630e+03 5.7830e+03]
 [2.3690e+03 2.5880e+03 2.6180e+03 2.7980e+03 2.8330e+03 2.9000e+03
  2.9600e+03 3.0180e+03 3.0990e+03 3.2060e+03 3.2220e+03 3.2800e+03
  3.3530e+03 3.3680e+03 3.4500e+03 3.5260e+03 3.6140e+03 3.7960e+03
  3.8530e+03 4.1070e+03]
 [4.2100e+02 5.9900e+02 9.0300e+02 1.0830e+03 1.7780e+03 2.2880e+03
  2.5100e+03 2.5390e+03 2.5950e+03 2.9000e+03 2.9840e+03 3.2220e+03
  3.2590e+03 3.3000e+03 3.3930e+03 3.4720e+03 3.5650e+03 3.6020e+03
  3.6030e+03 3.6480e+03]
 [1.2200e+02 1.3270e+03 1.4060e+03 1.5470e+03 1.6380e+03 1.7020e+03
  2.0330e+03 2.0780e+03 2.1360e+03 2.1830e+03 2.2060e+03 2.2990e+03
  2.4220e+03 2.4790e+03 2.5560e+03 2.7370e+03 2.8060e+03 2.9350e+03
  3.0470e+03 3.1530e+03]
 [0.0000e+00 2.6000e+01 2.7000e+01 8.3500e+02 1.0860e+03 1.2960e+03
  1.7040e+03 1.8590e+03 2.0470e+03 2.1350e+03 2.2030e+03 2.3000e+03
  2.3780e+03 2.4260e+03 2.4560e+03 2.5970e+03 2.6020e+03 2.6490e+03
  2.8330e+03 3.2800e+03]
 [1.1790e+03 1.2180e+03 1.2900e+03 1.3270e+03 1.4410e+03 1.4940e+03
  1.5900e+03 1.5980e+03 1.6110e+03 1.8100e+03 1.8500e+03 1.8650e+03
  2.0780e+03 2.1030e+03 2.1040e+03 2.1350e+03 2.1830e+03 2.1930e+03
  2.2190e+03 2.2780e+03]
 [1.0400e+02 2.9200e+02 8.3500e+02 1.6790e+03 1.7520e+03 1.8100e+03
  1.8370e+03 1.8590e+03 1.8980e+03 1.9960e+03 2.0310e+03 2.1290e+03
  2.2020e+03 2.2270e+03 2.3180e+03 2.4570e+03 2.6240e+03 2.6780e+03
  2.7720e+03 2.9120e+03]
 [0.0000e+00 3.2700e+02 1.0700e+03 1.2190e+03 1.3060e+03 1.3920e+03
  1.6320e+03 1.8370e+03 1.9290e+03 2.0020e+03 2.0780e+03 2.1310e+03
  2.2060e+03 2.2990e+03 2.4220e+03 2.4570e+03 2.5030e+03 2.7030e+03
  3.0470e+03 3.7390e+03]
 [2.4000e+01 5.8000e+01 1.0830e+03 1.1460e+03 1.2190e+03 1.2250e+03
  1.3650e+03 1.4410e+03 1.6050e+03 1.7020e+03 1.7180e+03 1.7720e+03
  1.8160e+03 1.8650e+03 2.1750e+03 2.2990e+03 2.3780e+03 2.4090e+03
  2.4810e+03 2.5360e+03]
 [0.0000e+00 2.8000e+01 2.6600e+02 2.9600e+02 1.1790e+03 1.2620e+03
  1.4390e+03 1.5270e+03 1.5990e+03 1.6750e+03 1.6790e+03 1.6890e+03
  1.8620e+03 1.9370e+03 2.0120e+03 2.0360e+03 2.0990e+03 2.1750e+03
  2.2520e+03 2.4220e+03]
 [1.4100e+02 2.2100e+02 3.2500e+02 1.1790e+03 1.1940e+03 1.2300e+03
  1.2640e+03 1.3580e+03 1.3650e+03 1.4640e+03 1.5080e+03 1.5890e+03
  1.9290e+03 1.9620e+03 2.0390e+03 2.0630e+03 2.1200e+03 2.2020e+03
  2.2030e+03 2.2820e+03]
 [4.9000e+01 1.6600e+02 1.6900e+02 2.3900e+02 3.4400e+02 4.1600e+02
  4.7600e+02 5.0800e+02 8.2000e+02 9.9300e+02 1.0700e+03 1.1460e+03
  1.2300e+03 1.3580e+03 1.4410e+03 1.5330e+03 1.5900e+03 1.6860e+03
  1.6970e+03 1.7950e+03]
 [0.0000e+00 7.7000e+01 1.1000e+02 1.7600e+02 2.7500e+02 3.7400e+02
  4.5500e+02 5.0700e+02 5.9500e+02 6.6500e+02 7.3600e+02 7.5600e+02
  7.8500e+02 8.6700e+02 8.7800e+02 9.3900e+02 9.9600e+02 1.0000e+03
  1.0180e+03 1.1790e+03]]
