optimal_status: 0
solution: 4196.999999580199
cpu_time: 3600.099310874939
gap: 0.7426733380729053
upper_bound: 1079.999999999991
lower_bound: 4196.999999580199
cg_matrix: [[0. 0. 1. 0. 0. 0. 0. 1. 0. 1. 0. 0. 1. 0. 1.]
 [0. 0. 0. 1. 1. 0. 1. 0. 1. 1. 1. 0. 0. 0. 1.]
 [1. 0. 0. 0. 0. 0. 0. 0. 0. 0. 1. 1. 0. 0. 0.]
 [0. 1. 0. 0. 1. 1. 1. 0. 0. 1. 0. 0. 1. 1. 1.]
 [0. 1. 0. 1. 0. 0. 1. 0. 1. 1. 1. 1. 1. 1. 0.]
 [0. 0. 0. 1. 0. 0. 1. 0. 0. 0. 0. 0. 1. 1. 1.]
 [0. 1. 0. 1. 1. 1. 0. 1. 0. 0. 1. 0. 1. 1. 0.]
 [1. 0. 0. 0. 0. 0. 1. 0. 1. 1. 1. 1. 0. 0. 0.]
 [0. 1. 0. 0. 1. 0. 0. 1. 0. 0. 1. 1. 0. 0. 1.]
 [1. 1. 0. 1. 1. 0. 0. 1. 0. 0. 0. 1. 1. 1. 1.]
 [0. 1. 1. 0. 1. 0. 1. 1. 1. 0. 0. 1. 0. 0. 1.]
 [0. 0. 1. 0. 1. 0. 0. 1. 1. 1. 1. 0. 0. 0. 1.]
 [1. 0. 0. 1. 1. 1. 1. 0. 0. 1. 0. 0. 0. 1. 1.]
 [0. 0. 0. 1. 1. 1. 1. 0. 0. 1. 0. 0. 1. 0. 0.]
 [1. 1. 0. 1. 0. 1. 0. 0. 1. 1. 1. 1. 1. 0. 0.]]
start_times_array: [[ 294.          377.          631.99999958 1025.99999958 1079.99999958
  1109.99999958 1262.99999958 1757.99999958 2118.99999958 2712.99999958
  2868.99999958 2938.99999958 3466.99999958 3729.99999958 3957.99999958]
 [  34.          197.          266.99999958  489.         1296.99999958
  1580.99999958 1673.         2159.99999958 2259.99999958 2514.99999958
  2704.99999958 2862.99999958 2900.99999958 2938.99999958 3415.99999958]
 [  46.           92.          197.          381.99999958  727.99999958
   815.99999958  924.99999958 1227.99999958 1610.99999958 2265.99999958
  2378.99999958 2532.99999958 2633.99999958 2657.99999958 3366.99999958]
 [ 149.          519.99999958  588.99999958 1109.99999958 1739.
  2078.99999958 3150.99999958 3491.99999958 3529.99999958 3647.99999958
  3650.99999958 3709.99999958 3991.99999958 4021.99999958 4097.99999958]
 [  38.          381.99999958  736.99999958  772.99999958 1013.99999958
  1380.99999958 1923.99999958 1937.99999958 1940.99999958 3231.99999958
  3330.99999958 3790.99999958 3832.99999958 3927.99999958 4168.99999958]
 [  14.           42.           53.          121.          364.
   979.99999958 1048.99999958 1839.99999958 2408.99999958 2540.99999958
  2646.99999958 2950.99999958 3790.99999958 3862.99999958 4168.99999958]
 [ 123.          144.          641.99999958  829.99999958  835.99999958
   857.99999958 1207.99999958 1414.99999958 1757.99999958 2213.99999958
  2610.99999958 2772.99999958 3037.99999958 3339.99999958 3954.99999958]
 [  74.          381.99999958  736.99999958 1582.99999958 1923.99999958
  1964.99999958 2314.99999958 2514.99999958 2887.99999958 3238.99999958
  3415.99999958 3568.99999958 3817.99999958 3916.99999958 4127.99999958]
 [ 537.          929.99999958 1154.99999958 1222.99999958 1430.99999958
  2215.99999958 3037.99999958 3191.99999958 3197.99999958 3339.99999958
  3652.99999958 3703.99999958 3785.99999958 3957.99999958 4195.99999958]
 [ 829.99999958  949.99999958 1207.99999958 1500.99999958 1766.99999958
  1855.99999958 2215.99999958 2408.99999958 2429.99999958 2481.99999958
  2610.99999958 2858.99999958 3037.99999958 3055.99999958 3339.99999958]
 [ 149.          189.          345.99999958  635.99999958  640.99999958
   873.99999958  980.99999958 1500.99999958 1833.99999958 2043.99999958
  2402.99999958 2449.99999958 3136.99999958 3541.99999958 3557.99999958]
 [   0.          263.          489.          653.99999958 1109.99999958
  1144.99999958 1291.99999958 1459.99999958 1669.99999958 2118.99999958
  2249.99999958 2725.99999958 2862.99999958 3446.99999958 4107.99999958]
 [ 183.          272.          914.99999958  934.99999958 1343.99999958
  1576.99999958 1641.99999958 1688.         2320.99999958 2596.99999958
  2744.99999958 2862.99999958 3415.99999958 3439.99999958 3443.99999958]
 [   0.          294.          360.          461.99999958 1670.
  1677.         1683.         2030.99999958 2159.99999958 2259.99999958
  2318.99999958 2514.99999958 2536.99999958 2868.99999958 3568.99999958]
 [ 125.          399.          465.          469.          736.99999958
  1380.99999958 1436.99999958 1923.99999958 1938.99999958 1952.99999958
  2772.99999958 3231.99999958 3568.99999958 3631.99999958 3954.99999958]]
