optimal_status: 0
solution: 69811.0
cpu_time: 3603.2925441265106
gap: 0.9561663282570739
upper_bound: 3060.0724580454093
lower_bound: 69811.0
cg_matrix: [[0. 0. 0. 0. 0. 0. 0. 0. 0. 1. 0. 0. 0. 1. 0. 0. 0. 1. 0. 0. 1. 0. 0. 0.
  0. 0. 0. 0. 0. 0. 0. 0. 0. 0. 0. 0. 0. 0. 0. 0. 0. 0. 0. 0. 0. 0. 0. 0.
  0. 0. 0. 1. 1. 0. 1. 0. 0. 1. 0. 0. 1. 0. 0. 0. 0. 0. 0. 0. 0. 0. 0. 0.
  0. 0. 0. 1. 1. 1. 0. 0. 0. 1. 1. 0. 0. 0. 0. 0. 0. 1. 1. 0. 0. 0. 0. 0.
  1. 0. 0. 0.]
 [0. 0. 0. 0. 0. 0. 0. 0. 0. 0. 1. 0. 0. 0. 0. 0. 1. 0. 1. 0. 1. 1. 0. 0.
  0. 0. 1. 0. 0. 0. 0. 0. 0. 0. 0. 0. 0. 0. 0. 1. 1. 0. 0. 0. 1. 0. 1. 0.
  0. 0. 1. 0. 0. 0. 0. 0. 0. 0. 0. 0. 0. 0. 0. 1. 0. 1. 1. 0. 0. 0. 0. 0.
  0. 1. 0. 0. 0. 0. 0. 0. 0. 0. 0. 0. 0. 0. 0. 0. 0. 0. 0. 0. 0. 0. 0. 0.
  0. 0. 1. 0.]
 [0. 0. 0. 0. 1. 0. 0. 0. 0. 1. 1. 1. 0. 0. 0. 1. 0. 1. 0. 1. 0. 0. 0. 0.
  0. 0. 1. 1. 0. 1. 0. 0. 0. 0. 0. 0. 0. 0. 0. 1. 0. 0. 1. 1. 0. 0. 1. 0.
  0. 0. 0. 0. 0. 0. 0. 0. 0. 0. 0. 0. 0. 0. 0. 0. 0. 1. 1. 0. 0. 0. 0. 0.
  0. 0. 0. 0. 0. 0. 0. 1. 0. 0. 0. 0. 1. 1. 1. 0. 0. 0. 0. 0. 0. 1. 0. 1.
  0. 0. 0. 0.]
 [0. 0. 0. 0. 1. 0. 0. 1. 0. 0. 0. 0. 1. 1. 0. 0. 0. 0. 1. 1. 1. 1. 0. 0.
  1. 0. 0. 0. 0. 0. 0. 1. 1. 1. 0. 0. 1. 0. 0. 1. 0. 1. 0. 0. 1. 0. 0. 1.
  0. 0. 1. 0. 0. 0. 1. 0. 0. 0. 0. 0. 0. 0. 1. 1. 0. 0. 0. 0. 0. 0. 0. 1.
  0. 0. 0. 0. 0. 0. 0. 0. 0. 0. 0. 0. 0. 0. 1. 0. 0. 0. 0. 0. 1. 0. 0. 0.
  0. 1. 1. 0.]
 [0. 0. 1. 1. 0. 0. 0. 1. 1. 0. 0. 0. 1. 0. 0. 0. 0. 0. 0. 0. 0. 0. 0. 1.
  0. 0. 0. 0. 0. 0. 0. 0. 0. 0. 0. 0. 0. 0. 0. 0. 1. 0. 0. 0. 0. 0. 1. 0.
  0. 0. 0. 0. 0. 0. 1. 0. 0. 0. 0. 0. 0. 0. 0. 0. 0. 0. 0. 0. 0. 0. 0. 0.
  1. 0. 0. 1. 1. 1. 0. 0. 0. 0. 0. 0. 1. 0. 0. 0. 0. 1. 0. 0. 0. 0. 0. 1.
  0. 0. 0. 0.]
 [0. 0. 0. 0. 0. 0. 0. 0. 1. 0. 0. 0. 1. 0. 0. 0. 0. 0. 0. 0. 0. 0. 0. 0.
  0. 1. 0. 0. 0. 0. 0. 0. 0. 0. 1. 0. 1. 1. 1. 1. 0. 0. 1. 0. 0. 0. 0. 1.
  0. 0. 0. 0. 0. 0. 1. 0. 1. 0. 0. 0. 1. 0. 1. 0. 1. 0. 1. 0. 0. 0. 1. 0.
  0. 0. 1. 1. 0. 0. 0. 0. 1. 0. 0. 0. 0. 0. 1. 0. 0. 0. 0. 0. 0. 0. 0. 0.
  0. 0. 0. 0.]
 [0. 0. 0. 0. 0. 0. 0. 0. 0. 1. 1. 0. 1. 1. 0. 0. 1. 0. 0. 1. 1. 0. 1. 0.
  1. 1. 0. 0. 0. 0. 0. 0. 1. 1. 0. 0. 1. 0. 0. 0. 1. 0. 0. 0. 0. 0. 0. 0.
  0. 0. 0. 0. 1. 0. 1. 0. 0. 0. 0. 1. 0. 1. 0. 1. 1. 0. 0. 0. 0. 1. 0. 0.
  0. 0. 0. 0. 0. 0. 0. 0. 1. 0. 0. 0. 0. 0. 0. 1. 0. 0. 0. 0. 0. 0. 0. 0.
  0. 0. 1. 0.]
 [0. 0. 0. 1. 1. 0. 0. 0. 0. 0. 0. 1. 0. 0. 0. 1. 0. 0. 0. 0. 0. 0. 0. 0.
  0. 0. 0. 0. 1. 0. 0. 0. 1. 0. 0. 0. 0. 1. 1. 0. 0. 0. 0. 0. 0. 0. 0. 0.
  1. 0. 0. 0. 1. 1. 0. 0. 1. 0. 0. 0. 0. 0. 0. 0. 0. 0. 1. 0. 0. 1. 0. 0.
  0. 0. 0. 0. 0. 0. 0. 0. 0. 0. 0. 0. 1. 0. 0. 1. 0. 0. 0. 0. 0. 0. 0. 1.
  0. 1. 0. 0.]
 [0. 0. 0. 0. 1. 1. 0. 0. 0. 0. 1. 0. 0. 1. 0. 0. 0. 0. 1. 1. 1. 0. 0. 1.
  0. 0. 0. 0. 0. 1. 1. 0. 0. 0. 0. 1. 0. 0. 0. 0. 0. 1. 0. 0. 0. 0. 0. 0.
  1. 0. 1. 0. 0. 0. 1. 1. 0. 0. 0. 0. 0. 0. 0. 0. 0. 1. 0. 1. 0. 0. 0. 0.
  0. 0. 0. 0. 0. 0. 1. 0. 0. 1. 0. 0. 0. 0. 0. 0. 0. 0. 0. 0. 0. 1. 0. 0.
  1. 0. 0. 0.]
 [1. 0. 1. 0. 0. 0. 1. 0. 0. 0. 0. 0. 1. 0. 0. 0. 0. 0. 0. 0. 0. 0. 0. 0.
  0. 0. 0. 1. 0. 0. 1. 0. 0. 0. 0. 0. 1. 0. 0. 0. 0. 0. 0. 0. 0. 0. 0. 0.
  0. 0. 0. 0. 0. 0. 0. 0. 0. 0. 0. 0. 1. 1. 1. 0. 0. 0. 0. 1. 0. 1. 0. 0.
  0. 1. 0. 0. 1. 1. 0. 0. 0. 0. 0. 0. 0. 1. 0. 1. 0. 1. 0. 0. 1. 0. 1. 0.
  1. 0. 1. 0.]
 [0. 1. 1. 0. 0. 0. 1. 0. 1. 0. 0. 0. 0. 0. 1. 1. 1. 0. 0. 0. 0. 0. 0. 0.
  0. 0. 0. 0. 0. 1. 1. 0. 0. 0. 1. 0. 0. 0. 0. 0. 1. 0. 0. 1. 0. 0. 0. 1.
  0. 0. 0. 0. 0. 0. 0. 0. 0. 0. 0. 0. 0. 0. 0. 1. 0. 0. 0. 0. 0. 0. 0. 0.
  0. 0. 0. 0. 0. 0. 0. 1. 0. 0. 0. 0. 0. 0. 0. 0. 0. 0. 0. 0. 0. 0. 0. 0.
  0. 0. 1. 1.]
 [0. 0. 1. 0. 0. 0. 0. 1. 0. 0. 0. 0. 0. 1. 0. 1. 0. 0. 0. 0. 0. 0. 0. 0.
  0. 0. 0. 0. 0. 0. 0. 0. 0. 0. 1. 1. 0. 0. 1. 0. 0. 0. 0. 0. 0. 1. 0. 1.
  0. 0. 0. 0. 0. 0. 1. 0. 1. 0. 1. 0. 0. 1. 0. 0. 0. 1. 0. 0. 0. 0. 0. 0.
  0. 0. 0. 0. 0. 0. 0. 0. 0. 0. 1. 1. 0. 0. 0. 1. 0. 0. 0. 0. 1. 0. 0. 0.
  0. 1. 0. 0.]
 [0. 0. 0. 1. 1. 1. 1. 0. 0. 1. 0. 0. 0. 0. 0. 0. 0. 0. 0. 0. 0. 0. 0. 0.
  0. 0. 1. 0. 0. 0. 0. 0. 0. 0. 0. 0. 0. 0. 0. 0. 0. 0. 0. 0. 0. 0. 0. 0.
  0. 0. 0. 0. 0. 0. 0. 0. 0. 0. 0. 0. 0. 1. 0. 0. 0. 0. 0. 0. 0. 0. 0. 0.
  0. 0. 0. 1. 0. 0. 0. 0. 0. 0. 1. 0. 0. 0. 0. 0. 0. 0. 0. 1. 0. 0. 0. 0.
  0. 0. 0. 0.]
 [1. 0. 0. 1. 0. 0. 1. 0. 1. 0. 0. 1. 0. 0. 0. 0. 0. 0. 0. 0. 0. 1. 0. 0.
  1. 1. 0. 0. 0. 0. 0. 0. 1. 0. 0. 0. 0. 0. 0. 1. 0. 0. 0. 0. 0. 0. 1. 0.
  0. 0. 0. 0. 1. 1. 0. 1. 0. 0. 1. 1. 0. 0. 0. 0. 0. 0. 0. 0. 0. 0. 1. 0.
  0. 0. 0. 0. 0. 0. 0. 1. 0. 0. 1. 0. 0. 1. 0. 0. 0. 0. 0. 0. 0. 1. 0. 1.
  0. 0. 0. 0.]
 [0. 0. 0. 0. 0. 0. 0. 0. 0. 0. 1. 0. 0. 0. 0. 0. 0. 0. 0. 0. 0. 0. 0. 0.
  0. 0. 1. 0. 0. 0. 1. 0. 0. 0. 1. 1. 0. 0. 1. 1. 0. 0. 0. 0. 0. 0. 0. 0.
  0. 0. 0. 1. 0. 0. 0. 1. 0. 0. 0. 0. 0. 0. 0. 1. 0. 0. 1. 0. 0. 0. 0. 0.
  0. 0. 0. 0. 0. 1. 1. 0. 0. 0. 0. 0. 0. 0. 1. 0. 0. 0. 0. 0. 0. 0. 0. 0.
  0. 0. 0. 0.]
 [0. 0. 1. 0. 0. 0. 0. 1. 0. 0. 1. 1. 0. 0. 0. 0. 0. 0. 0. 0. 0. 1. 0. 0.
  0. 0. 0. 0. 0. 0. 1. 1. 0. 0. 0. 0. 0. 0. 0. 0. 0. 0. 1. 0. 0. 0. 0. 1.
  0. 1. 0. 0. 0. 1. 0. 0. 0. 0. 0. 0. 1. 0. 0. 0. 0. 0. 0. 1. 0. 0. 0. 0.
  1. 0. 1. 1. 1. 0. 0. 0. 0. 0. 0. 0. 0. 0. 0. 0. 0. 1. 0. 0. 0. 0. 0. 0.
  0. 0. 0. 0.]
 [0. 1. 0. 0. 0. 0. 1. 0. 0. 0. 1. 0. 0. 0. 0. 0. 0. 0. 0. 0. 0. 0. 0. 0.
  0. 1. 1. 0. 0. 1. 0. 0. 0. 0. 0. 0. 0. 0. 0. 0. 0. 0. 0. 0. 1. 0. 0. 1.
  0. 0. 1. 0. 0. 0. 1. 0. 0. 0. 0. 0. 0. 0. 0. 1. 0. 1. 1. 1. 0. 0. 0. 0.
  0. 0. 0. 0. 0. 0. 0. 0. 0. 0. 0. 0. 0. 1. 0. 0. 1. 0. 0. 0. 0. 0. 0. 0.
  0. 0. 0. 0.]
 [1. 0. 1. 0. 0. 0. 0. 0. 0. 0. 0. 0. 0. 0. 0. 0. 0. 0. 0. 0. 0. 0. 1. 0.
  0. 0. 1. 0. 0. 0. 1. 0. 0. 1. 0. 0. 0. 0. 0. 0. 0. 0. 0. 0. 1. 0. 1. 0.
  1. 1. 1. 0. 0. 0. 0. 0. 0. 1. 0. 0. 0. 0. 0. 0. 0. 1. 0. 1. 0. 0. 0. 1.
  0. 0. 0. 1. 0. 0. 0. 1. 0. 1. 1. 1. 0. 1. 0. 1. 1. 0. 0. 0. 0. 0. 0. 0.
  0. 0. 0. 1.]
 [0. 1. 0. 1. 0. 0. 0. 0. 1. 0. 0. 0. 0. 0. 0. 0. 0. 0. 0. 0. 0. 0. 0. 0.
  0. 0. 1. 0. 0. 0. 1. 0. 0. 1. 0. 0. 0. 0. 0. 0. 0. 0. 1. 0. 1. 0. 0. 1.
  0. 0. 0. 0. 0. 0. 0. 0. 0. 1. 0. 0. 0. 0. 1. 0. 0. 0. 0. 0. 0. 0. 0. 1.
  0. 0. 0. 0. 0. 0. 0. 0. 0. 1. 0. 0. 0. 1. 0. 0. 0. 0. 0. 0. 0. 0. 0. 0.
  0. 1. 0. 0.]
 [0. 0. 1. 1. 0. 0. 1. 0. 1. 0. 0. 0. 0. 0. 0. 0. 0. 0. 0. 0. 0. 0. 0. 0.
  0. 0. 0. 1. 0. 0. 1. 0. 0. 0. 0. 0. 0. 0. 0. 0. 0. 0. 0. 0. 0. 1. 0. 1.
  1. 0. 0. 0. 0. 0. 1. 0. 0. 0. 0. 1. 0. 0. 0. 0. 0. 1. 0. 0. 0. 0. 0. 1.
  0. 0. 0. 0. 0. 0. 0. 0. 1. 0. 1. 0. 0. 0. 0. 1. 0. 0. 1. 0. 1. 1. 0. 0.
  0. 1. 1. 0.]
 [1. 1. 0. 1. 0. 0. 1. 0. 1. 0. 0. 0. 0. 0. 0. 0. 0. 0. 0. 0. 0. 0. 0. 0.
  0. 0. 0. 0. 0. 0. 0. 0. 0. 0. 0. 0. 0. 0. 0. 0. 0. 0. 0. 0. 0. 0. 0. 0.
  0. 0. 0. 0. 0. 0. 0. 0. 0. 0. 0. 0. 0. 0. 0. 0. 0. 0. 0. 0. 0. 0. 0. 0.
  0. 0. 0. 0. 0. 0. 0. 0. 0. 0. 0. 0. 0. 0. 0. 0. 0. 0. 0. 0. 0. 0. 0. 0.
  0. 0. 0. 0.]
 [0. 1. 0. 1. 0. 0. 0. 0. 0. 0. 0. 0. 0. 1. 0. 1. 0. 0. 0. 0. 0. 0. 0. 0.
  0. 0. 0. 0. 0. 0. 0. 0. 0. 0. 0. 0. 0. 0. 0. 0. 0. 0. 0. 0. 0. 0. 0. 0.
  0. 0. 0. 0. 0. 0. 0. 0. 0. 0. 0. 0. 0. 0. 0. 0. 0. 0. 0. 0. 0. 0. 0. 0.
  0. 0. 0. 0. 0. 0. 0. 0. 0. 0. 0. 0. 0. 0. 0. 0. 0. 0. 0. 0. 0. 0. 0. 0.
  0. 0. 0. 0.]
 [0. 0. 0. 0. 0. 0. 1. 0. 0. 0. 0. 0. 0. 0. 0. 0. 0. 1. 0. 0. 0. 0. 0. 0.
  0. 0. 0. 0. 0. 0. 0. 0. 0. 0. 0. 0. 0. 0. 0. 0. 0. 0. 0. 0. 0. 0. 0. 0.
  0. 0. 0. 0. 0. 0. 0. 0. 0. 0. 0. 0. 0. 0. 0. 0. 0. 0. 0. 0. 0. 0. 0. 0.
  0. 0. 0. 0. 0. 0. 0. 0. 0. 0. 0. 0. 0. 0. 0. 0. 0. 0. 0. 0. 0. 0. 0. 0.
  0. 0. 0. 0.]
 [0. 0. 0. 0. 1. 0. 0. 0. 1. 0. 0. 0. 0. 0. 0. 0. 0. 0. 0. 0. 0. 0. 0. 0.
  0. 0. 0. 0. 0. 0. 0. 0. 0. 0. 0. 0. 0. 0. 0. 0. 0. 0. 0. 0. 0. 0. 0. 0.
  0. 0. 0. 0. 0. 0. 0. 0. 0. 0. 0. 0. 0. 0. 0. 0. 0. 0. 0. 0. 0. 0. 0. 0.
  0. 0. 0. 0. 0. 0. 0. 0. 0. 0. 0. 0. 0. 0. 0. 0. 0. 0. 0. 0. 0. 0. 0. 0.
  0. 0. 0. 0.]
 [0. 0. 0. 1. 0. 0. 1. 0. 0. 0. 0. 0. 0. 1. 0. 0. 0. 0. 0. 0. 0. 0. 0. 0.
  0. 0. 0. 0. 0. 0. 0. 0. 0. 0. 0. 0. 0. 0. 0. 0. 0. 0. 0. 0. 0. 0. 0. 0.
  0. 0. 0. 0. 0. 0. 0. 0. 0. 0. 0. 0. 0. 0. 0. 0. 0. 0. 0. 0. 0. 0. 0. 0.
  0. 0. 0. 0. 0. 0. 0. 0. 0. 0. 0. 0. 0. 0. 0. 0. 0. 0. 0. 0. 0. 0. 0. 0.
  0. 0. 0. 0.]
 [0. 0. 0. 0. 0. 1. 1. 0. 0. 0. 0. 0. 0. 1. 0. 0. 1. 0. 0. 0. 0. 0. 0. 0.
  0. 0. 0. 0. 0. 0. 0. 0. 0. 0. 0. 0. 0. 0. 0. 0. 0. 0. 0. 0. 0. 0. 0. 0.
  0. 0. 0. 0. 0. 0. 0. 0. 0. 0. 0. 0. 0. 0. 0. 0. 0. 0. 0. 0. 0. 0. 0. 0.
  0. 0. 0. 0. 0. 0. 0. 0. 0. 0. 0. 0. 0. 0. 0. 0. 0. 0. 0. 0. 0. 0. 0. 0.
  0. 0. 0. 0.]
 [0. 1. 1. 0. 0. 0. 0. 0. 0. 0. 0. 0. 1. 0. 1. 0. 1. 1. 1. 0. 0. 0. 0. 0.
  0. 0. 0. 0. 0. 0. 0. 0. 0. 0. 0. 0. 0. 0. 0. 0. 0. 0. 0. 0. 0. 0. 0. 0.
  0. 0. 0. 0. 0. 0. 0. 0. 0. 0. 0. 0. 0. 0. 0. 0. 0. 0. 0. 0. 0. 0. 0. 0.
  0. 0. 0. 0. 0. 0. 0. 0. 0. 0. 0. 0. 0. 0. 0. 0. 0. 0. 0. 0. 0. 0. 0. 0.
  0. 0. 0. 0.]
 [0. 0. 1. 0. 0. 0. 0. 0. 0. 1. 0. 0. 0. 0. 0. 0. 0. 0. 0. 1. 0. 0. 0. 0.
  0. 0. 0. 0. 0. 0. 0. 0. 0. 0. 0. 0. 0. 0. 0. 0. 0. 0. 0. 0. 0. 0. 0. 0.
  0. 0. 0. 0. 0. 0. 0. 0. 0. 0. 0. 0. 0. 0. 0. 0. 0. 0. 0. 0. 0. 0. 0. 0.
  0. 0. 0. 0. 0. 0. 0. 0. 0. 0. 0. 0. 0. 0. 0. 0. 0. 0. 0. 0. 0. 0. 0. 0.
  0. 0. 0. 0.]
 [0. 0. 0. 0. 0. 0. 0. 1. 0. 0. 0. 0. 0. 0. 0. 0. 0. 0. 0. 0. 0. 0. 0. 0.
  0. 0. 0. 0. 0. 0. 0. 0. 0. 0. 0. 0. 0. 0. 0. 0. 0. 0. 0. 0. 0. 0. 0. 0.
  0. 0. 0. 0. 0. 0. 0. 0. 0. 0. 0. 0. 0. 0. 0. 0. 0. 0. 0. 0. 0. 0. 0. 0.
  0. 0. 0. 0. 0. 0. 0. 0. 0. 0. 0. 0. 0. 0. 0. 0. 0. 0. 0. 0. 0. 0. 0. 0.
  0. 0. 0. 0.]
 [0. 0. 1. 0. 0. 0. 0. 0. 1. 0. 1. 0. 0. 0. 0. 0. 1. 0. 0. 0. 0. 0. 0. 0.
  0. 0. 0. 0. 0. 0. 0. 0. 0. 0. 0. 0. 0. 0. 0. 0. 0. 0. 0. 0. 0. 0. 0. 0.
  0. 0. 0. 0. 0. 0. 0. 0. 0. 0. 0. 0. 0. 0. 0. 0. 0. 0. 0. 0. 0. 0. 0. 0.
  0. 0. 0. 0. 0. 0. 0. 0. 0. 0. 0. 0. 0. 0. 0. 0. 0. 0. 0. 0. 0. 0. 0. 0.
  0. 0. 0. 0.]
 [0. 0. 0. 0. 0. 0. 0. 0. 1. 1. 1. 0. 0. 0. 1. 1. 0. 1. 1. 1. 0. 0. 0. 0.
  0. 0. 0. 0. 0. 0. 0. 0. 0. 0. 0. 0. 0. 0. 0. 0. 0. 0. 0. 0. 0. 0. 0. 0.
  0. 0. 0. 0. 0. 0. 0. 0. 0. 0. 0. 0. 0. 0. 0. 0. 0. 0. 0. 0. 0. 0. 0. 0.
  0. 0. 0. 0. 0. 0. 0. 0. 0. 0. 0. 0. 0. 0. 0. 0. 0. 0. 0. 0. 0. 0. 0. 0.
  0. 0. 0. 0.]
 [0. 0. 0. 1. 0. 0. 0. 0. 0. 0. 0. 0. 0. 0. 0. 1. 0. 0. 0. 0. 0. 0. 0. 0.
  0. 0. 0. 0. 0. 0. 0. 0. 0. 0. 0. 0. 0. 0. 0. 0. 0. 0. 0. 0. 0. 0. 0. 0.
  0. 0. 0. 0. 0. 0. 0. 0. 0. 0. 0. 0. 0. 0. 0. 0. 0. 0. 0. 0. 0. 0. 0. 0.
  0. 0. 0. 0. 0. 0. 0. 0. 0. 0. 0. 0. 0. 0. 0. 0. 0. 0. 0. 0. 0. 0. 0. 0.
  0. 0. 0. 0.]
 [0. 0. 0. 1. 0. 0. 1. 1. 0. 0. 0. 0. 0. 1. 0. 0. 0. 0. 0. 0. 0. 0. 0. 0.
  0. 0. 0. 0. 0. 0. 0. 0. 0. 0. 0. 0. 0. 0. 0. 0. 0. 0. 0. 0. 0. 0. 0. 0.
  0. 0. 0. 0. 0. 0. 0. 0. 0. 0. 0. 0. 0. 0. 0. 0. 0. 0. 0. 0. 0. 0. 0. 0.
  0. 0. 0. 0. 0. 0. 0. 0. 0. 0. 0. 0. 0. 0. 0. 0. 0. 0. 0. 0. 0. 0. 0. 0.
  0. 0. 0. 0.]
 [0. 0. 0. 1. 0. 0. 1. 0. 0. 0. 0. 0. 0. 0. 0. 0. 0. 1. 1. 0. 0. 0. 0. 0.
  0. 0. 0. 0. 0. 0. 0. 0. 0. 0. 0. 0. 0. 0. 0. 0. 0. 0. 0. 0. 0. 0. 0. 0.
  0. 0. 0. 0. 0. 0. 0. 0. 0. 0. 0. 0. 0. 0. 0. 0. 0. 0. 0. 0. 0. 0. 0. 0.
  0. 0. 0. 0. 0. 0. 0. 0. 0. 0. 0. 0. 0. 0. 0. 0. 0. 0. 0. 0. 0. 0. 0. 0.
  0. 0. 0. 0.]
 [0. 0. 0. 0. 0. 1. 0. 0. 0. 0. 1. 1. 0. 0. 1. 0. 0. 0. 0. 0. 0. 0. 0. 0.
  0. 0. 0. 0. 0. 0. 0. 0. 0. 0. 0. 0. 0. 0. 0. 0. 0. 0. 0. 0. 0. 0. 0. 0.
  0. 0. 0. 0. 0. 0. 0. 0. 0. 0. 0. 0. 0. 0. 0. 0. 0. 0. 0. 0. 0. 0. 0. 0.
  0. 0. 0. 0. 0. 0. 0. 0. 0. 0. 0. 0. 0. 0. 0. 0. 0. 0. 0. 0. 0. 0. 0. 0.
  0. 0. 0. 0.]
 [0. 0. 0. 0. 0. 0. 0. 0. 1. 0. 0. 1. 0. 0. 1. 0. 0. 0. 0. 0. 0. 0. 0. 0.
  0. 0. 0. 0. 0. 0. 0. 0. 0. 0. 0. 0. 0. 0. 0. 0. 0. 0. 0. 0. 0. 0. 0. 0.
  0. 0. 0. 0. 0. 0. 0. 0. 0. 0. 0. 0. 0. 0. 0. 0. 0. 0. 0. 0. 0. 0. 0. 0.
  0. 0. 0. 0. 0. 0. 0. 0. 0. 0. 0. 0. 0. 0. 0. 0. 0. 0. 0. 0. 0. 0. 0. 0.
  0. 0. 0. 0.]
 [0. 0. 0. 1. 0. 1. 1. 0. 0. 1. 0. 0. 0. 0. 0. 0. 0. 0. 0. 0. 0. 0. 0. 0.
  0. 0. 0. 0. 0. 0. 0. 0. 0. 0. 0. 0. 0. 0. 0. 0. 0. 0. 0. 0. 0. 0. 0. 0.
  0. 0. 0. 0. 0. 0. 0. 0. 0. 0. 0. 0. 0. 0. 0. 0. 0. 0. 0. 0. 0. 0. 0. 0.
  0. 0. 0. 0. 0. 0. 0. 0. 0. 0. 0. 0. 0. 0. 0. 0. 0. 0. 0. 0. 0. 0. 0. 0.
  0. 0. 0. 0.]
 [0. 0. 0. 0. 0. 1. 0. 1. 0. 0. 0. 0. 0. 0. 0. 0. 0. 0. 0. 0. 0. 0. 0. 0.
  0. 0. 0. 0. 0. 0. 0. 0. 0. 0. 0. 0. 0. 0. 0. 0. 0. 0. 0. 0. 0. 0. 0. 0.
  0. 0. 0. 0. 0. 0. 0. 0. 0. 0. 0. 0. 0. 0. 0. 0. 0. 0. 0. 0. 0. 0. 0. 0.
  0. 0. 0. 0. 0. 0. 0. 0. 0. 0. 0. 0. 0. 0. 0. 0. 0. 0. 0. 0. 0. 0. 0. 0.
  0. 0. 0. 0.]
 [0. 0. 0. 0. 0. 1. 0. 1. 0. 0. 0. 1. 0. 0. 1. 0. 0. 0. 0. 0. 0. 0. 0. 0.
  0. 0. 0. 0. 0. 0. 0. 0. 0. 0. 0. 0. 0. 0. 0. 0. 0. 0. 0. 0. 0. 0. 0. 0.
  0. 0. 0. 0. 0. 0. 0. 0. 0. 0. 0. 0. 0. 0. 0. 0. 0. 0. 0. 0. 0. 0. 0. 0.
  0. 0. 0. 0. 0. 0. 0. 0. 0. 0. 0. 0. 0. 0. 0. 0. 0. 0. 0. 0. 0. 0. 0. 0.
  0. 0. 0. 0.]
 [0. 1. 1. 1. 0. 1. 0. 0. 0. 0. 0. 0. 0. 1. 1. 0. 0. 0. 0. 0. 0. 0. 0. 0.
  0. 0. 0. 0. 0. 0. 0. 0. 0. 0. 0. 0. 0. 0. 0. 0. 0. 0. 0. 0. 0. 0. 0. 0.
  0. 0. 0. 0. 0. 0. 0. 0. 0. 0. 0. 0. 0. 0. 0. 0. 0. 0. 0. 0. 0. 0. 0. 0.
  0. 0. 0. 0. 0. 0. 0. 0. 0. 0. 0. 0. 0. 0. 0. 0. 0. 0. 0. 0. 0. 0. 0. 0.
  0. 0. 0. 0.]
 [0. 1. 0. 0. 1. 0. 1. 0. 0. 0. 1. 0. 0. 0. 0. 0. 0. 0. 0. 0. 0. 0. 0. 0.
  0. 0. 0. 0. 0. 0. 0. 0. 0. 0. 0. 0. 0. 0. 0. 0. 0. 0. 0. 0. 0. 0. 0. 0.
  0. 0. 0. 0. 0. 0. 0. 0. 0. 0. 0. 0. 0. 0. 0. 0. 0. 0. 0. 0. 0. 0. 0. 0.
  0. 0. 0. 0. 0. 0. 0. 0. 0. 0. 0. 0. 0. 0. 0. 0. 0. 0. 0. 0. 0. 0. 0. 0.
  0. 0. 0. 0.]
 [0. 0. 0. 1. 0. 0. 0. 0. 1. 0. 0. 0. 0. 0. 0. 0. 0. 0. 0. 0. 0. 0. 0. 0.
  0. 0. 0. 0. 0. 0. 0. 0. 0. 0. 0. 0. 0. 0. 0. 0. 0. 0. 0. 0. 0. 0. 0. 0.
  0. 0. 0. 0. 0. 0. 0. 0. 0. 0. 0. 0. 0. 0. 0. 0. 0. 0. 0. 0. 0. 0. 0. 0.
  0. 0. 0. 0. 0. 0. 0. 0. 0. 0. 0. 0. 0. 0. 0. 0. 0. 0. 0. 0. 0. 0. 0. 0.
  0. 0. 0. 0.]
 [0. 0. 1. 0. 0. 1. 0. 0. 0. 0. 0. 0. 0. 0. 0. 1. 0. 0. 1. 0. 0. 0. 0. 0.
  0. 0. 0. 0. 0. 0. 0. 0. 0. 0. 0. 0. 0. 0. 0. 0. 0. 0. 0. 0. 0. 0. 0. 0.
  0. 0. 0. 0. 0. 0. 0. 0. 0. 0. 0. 0. 0. 0. 0. 0. 0. 0. 0. 0. 0. 0. 0. 0.
  0. 0. 0. 0. 0. 0. 0. 0. 0. 0. 0. 0. 0. 0. 0. 0. 0. 0. 0. 0. 0. 0. 0. 0.
  0. 0. 0. 0.]
 [0. 0. 1. 0. 0. 0. 0. 0. 0. 0. 1. 0. 0. 0. 0. 0. 0. 0. 0. 0. 0. 0. 0. 0.
  0. 0. 0. 0. 0. 0. 0. 0. 0. 0. 0. 0. 0. 0. 0. 0. 0. 0. 0. 0. 0. 0. 0. 0.
  0. 0. 0. 0. 0. 0. 0. 0. 0. 0. 0. 0. 0. 0. 0. 0. 0. 0. 0. 0. 0. 0. 0. 0.
  0. 0. 0. 0. 0. 0. 0. 0. 0. 0. 0. 0. 0. 0. 0. 0. 0. 0. 0. 0. 0. 0. 0. 0.
  0. 0. 0. 0.]
 [0. 1. 0. 1. 0. 0. 0. 0. 0. 0. 0. 0. 0. 0. 0. 0. 1. 1. 1. 0. 0. 0. 0. 0.
  0. 0. 0. 0. 0. 0. 0. 0. 0. 0. 0. 0. 0. 0. 0. 0. 0. 0. 0. 0. 0. 0. 0. 0.
  0. 0. 0. 0. 0. 0. 0. 0. 0. 0. 0. 0. 0. 0. 0. 0. 0. 0. 0. 0. 0. 0. 0. 0.
  0. 0. 0. 0. 0. 0. 0. 0. 0. 0. 0. 0. 0. 0. 0. 0. 0. 0. 0. 0. 0. 0. 0. 0.
  0. 0. 0. 0.]
 [0. 0. 0. 0. 0. 0. 0. 0. 0. 0. 0. 1. 0. 0. 0. 0. 0. 0. 0. 1. 0. 0. 0. 0.
  0. 0. 0. 0. 0. 0. 0. 0. 0. 0. 0. 0. 0. 0. 0. 0. 0. 0. 0. 0. 0. 0. 0. 0.
  0. 0. 0. 0. 0. 0. 0. 0. 0. 0. 0. 0. 0. 0. 0. 0. 0. 0. 0. 0. 0. 0. 0. 0.
  0. 0. 0. 0. 0. 0. 0. 0. 0. 0. 0. 0. 0. 0. 0. 0. 0. 0. 0. 0. 0. 0. 0. 0.
  0. 0. 0. 0.]
 [0. 1. 1. 0. 1. 0. 0. 0. 0. 0. 0. 0. 0. 1. 0. 0. 0. 1. 0. 0. 0. 0. 0. 0.
  0. 0. 0. 0. 0. 0. 0. 0. 0. 0. 0. 0. 0. 0. 0. 0. 0. 0. 0. 0. 0. 0. 0. 0.
  0. 0. 0. 0. 0. 0. 0. 0. 0. 0. 0. 0. 0. 0. 0. 0. 0. 0. 0. 0. 0. 0. 0. 0.
  0. 0. 0. 0. 0. 0. 0. 0. 0. 0. 0. 0. 0. 0. 0. 0. 0. 0. 0. 0. 0. 0. 0. 0.
  0. 0. 0. 0.]
 [0. 0. 0. 1. 0. 1. 0. 0. 0. 0. 1. 1. 0. 0. 0. 1. 1. 0. 1. 1. 0. 0. 0. 0.
  0. 0. 0. 0. 0. 0. 0. 0. 0. 0. 0. 0. 0. 0. 0. 0. 0. 0. 0. 0. 0. 0. 0. 0.
  0. 0. 0. 0. 0. 0. 0. 0. 0. 0. 0. 0. 0. 0. 0. 0. 0. 0. 0. 0. 0. 0. 0. 0.
  0. 0. 0. 0. 0. 0. 0. 0. 0. 0. 0. 0. 0. 0. 0. 0. 0. 0. 0. 0. 0. 0. 0. 0.
  0. 0. 0. 0.]
 [0. 0. 0. 0. 0. 0. 0. 1. 1. 0. 0. 0. 0. 0. 0. 0. 0. 1. 0. 1. 0. 0. 0. 0.
  0. 0. 0. 0. 0. 0. 0. 0. 0. 0. 0. 0. 0. 0. 0. 0. 0. 0. 0. 0. 0. 0. 0. 0.
  0. 0. 0. 0. 0. 0. 0. 0. 0. 0. 0. 0. 0. 0. 0. 0. 0. 0. 0. 0. 0. 0. 0. 0.
  0. 0. 0. 0. 0. 0. 0. 0. 0. 0. 0. 0. 0. 0. 0. 0. 0. 0. 0. 0. 0. 0. 0. 0.
  0. 0. 0. 0.]
 [0. 0. 0. 0. 0. 0. 0. 0. 0. 0. 0. 0. 0. 0. 0. 1. 0. 1. 0. 0. 0. 0. 0. 0.
  0. 0. 0. 0. 0. 0. 0. 0. 0. 0. 0. 0. 0. 0. 0. 0. 0. 0. 0. 0. 0. 0. 0. 0.
  0. 0. 0. 0. 0. 0. 0. 0. 0. 0. 0. 0. 0. 0. 0. 0. 0. 0. 0. 0. 0. 0. 0. 0.
  0. 0. 0. 0. 0. 0. 0. 0. 0. 0. 0. 0. 0. 0. 0. 0. 0. 0. 0. 0. 0. 0. 0. 0.
  0. 0. 0. 0.]
 [0. 1. 0. 1. 0. 0. 0. 0. 1. 0. 0. 0. 0. 0. 0. 0. 1. 1. 0. 0. 0. 0. 0. 0.
  0. 0. 0. 0. 0. 0. 0. 0. 0. 0. 0. 0. 0. 0. 0. 0. 0. 0. 0. 0. 0. 0. 0. 0.
  0. 0. 0. 0. 0. 0. 0. 0. 0. 0. 0. 0. 0. 0. 0. 0. 0. 0. 0. 0. 0. 0. 0. 0.
  0. 0. 0. 0. 0. 0. 0. 0. 0. 0. 0. 0. 0. 0. 0. 0. 0. 0. 0. 0. 0. 0. 0. 0.
  0. 0. 0. 0.]
 [1. 0. 0. 0. 0. 0. 0. 0. 0. 0. 0. 0. 0. 0. 1. 0. 0. 0. 0. 0. 0. 0. 0. 0.
  0. 0. 0. 0. 0. 0. 0. 0. 0. 0. 0. 0. 0. 0. 0. 0. 0. 0. 0. 0. 0. 0. 0. 0.
  0. 0. 0. 0. 0. 0. 0. 0. 0. 0. 0. 0. 0. 0. 0. 0. 0. 0. 0. 0. 0. 0. 0. 0.
  0. 0. 0. 0. 0. 0. 0. 0. 0. 0. 0. 0. 0. 0. 0. 0. 0. 0. 0. 0. 0. 0. 0. 0.
  0. 0. 0. 0.]
 [1. 0. 0. 0. 0. 0. 1. 1. 0. 0. 0. 0. 0. 1. 0. 0. 0. 0. 0. 0. 0. 0. 0. 0.
  0. 0. 0. 0. 0. 0. 0. 0. 0. 0. 0. 0. 0. 0. 0. 0. 0. 0. 0. 0. 0. 0. 0. 0.
  0. 0. 0. 0. 0. 0. 0. 0. 0. 0. 0. 0. 0. 0. 0. 0. 0. 0. 0. 0. 0. 0. 0. 0.
  0. 0. 0. 0. 0. 0. 0. 0. 0. 0. 0. 0. 0. 0. 0. 0. 0. 0. 0. 0. 0. 0. 0. 0.
  0. 0. 0. 0.]
 [0. 0. 0. 0. 0. 0. 0. 1. 0. 0. 0. 0. 0. 1. 0. 1. 0. 0. 0. 0. 0. 0. 0. 0.
  0. 0. 0. 0. 0. 0. 0. 0. 0. 0. 0. 0. 0. 0. 0. 0. 0. 0. 0. 0. 0. 0. 0. 0.
  0. 0. 0. 0. 0. 0. 0. 0. 0. 0. 0. 0. 0. 0. 0. 0. 0. 0. 0. 0. 0. 0. 0. 0.
  0. 0. 0. 0. 0. 0. 0. 0. 0. 0. 0. 0. 0. 0. 0. 0. 0. 0. 0. 0. 0. 0. 0. 0.
  0. 0. 0. 0.]
 [1. 0. 0. 1. 1. 1. 1. 0. 1. 0. 0. 1. 0. 0. 0. 0. 1. 0. 0. 1. 0. 0. 0. 0.
  0. 0. 0. 0. 0. 0. 0. 0. 0. 0. 0. 0. 0. 0. 0. 0. 0. 0. 0. 0. 0. 0. 0. 0.
  0. 0. 0. 0. 0. 0. 0. 0. 0. 0. 0. 0. 0. 0. 0. 0. 0. 0. 0. 0. 0. 0. 0. 0.
  0. 0. 0. 0. 0. 0. 0. 0. 0. 0. 0. 0. 0. 0. 0. 0. 0. 0. 0. 0. 0. 0. 0. 0.
  0. 0. 0. 0.]
 [0. 0. 0. 0. 0. 0. 0. 0. 1. 0. 0. 0. 0. 1. 1. 0. 0. 0. 0. 0. 0. 0. 0. 0.
  0. 0. 0. 0. 0. 0. 0. 0. 0. 0. 0. 0. 0. 0. 0. 0. 0. 0. 0. 0. 0. 0. 0. 0.
  0. 0. 0. 0. 0. 0. 0. 0. 0. 0. 0. 0. 0. 0. 0. 0. 0. 0. 0. 0. 0. 0. 0. 0.
  0. 0. 0. 0. 0. 0. 0. 0. 0. 0. 0. 0. 0. 0. 0. 0. 0. 0. 0. 0. 0. 0. 0. 0.
  0. 0. 0. 0.]
 [0. 0. 0. 0. 0. 1. 0. 1. 0. 0. 0. 1. 0. 0. 0. 0. 0. 0. 0. 0. 0. 0. 0. 0.
  0. 0. 0. 0. 0. 0. 0. 0. 0. 0. 0. 0. 0. 0. 0. 0. 0. 0. 0. 0. 0. 0. 0. 0.
  0. 0. 0. 0. 0. 0. 0. 0. 0. 0. 0. 0. 0. 0. 0. 0. 0. 0. 0. 0. 0. 0. 0. 0.
  0. 0. 0. 0. 0. 0. 0. 0. 0. 0. 0. 0. 0. 0. 0. 0. 0. 0. 0. 0. 0. 0. 0. 0.
  0. 0. 0. 0.]
 [1. 0. 0. 0. 0. 0. 0. 0. 0. 0. 0. 0. 0. 0. 0. 0. 0. 1. 1. 0. 0. 0. 0. 0.
  0. 0. 0. 0. 0. 0. 0. 0. 0. 0. 0. 0. 0. 0. 0. 0. 0. 0. 0. 0. 0. 0. 0. 0.
  0. 0. 0. 0. 0. 0. 0. 0. 0. 0. 0. 0. 0. 0. 0. 0. 0. 0. 0. 0. 0. 0. 0. 0.
  0. 0. 0. 0. 0. 0. 0. 0. 0. 0. 0. 0. 0. 0. 0. 0. 0. 0. 0. 0. 0. 0. 0. 0.
  0. 0. 0. 0.]
 [0. 0. 0. 0. 0. 0. 0. 0. 0. 0. 0. 1. 0. 1. 0. 0. 0. 0. 0. 0. 0. 0. 0. 0.
  0. 0. 0. 0. 0. 0. 0. 0. 0. 0. 0. 0. 0. 0. 0. 0. 0. 0. 0. 0. 0. 0. 0. 0.
  0. 0. 0. 0. 0. 0. 0. 0. 0. 0. 0. 0. 0. 0. 0. 0. 0. 0. 0. 0. 0. 0. 0. 0.
  0. 0. 0. 0. 0. 0. 0. 0. 0. 0. 0. 0. 0. 0. 0. 0. 0. 0. 0. 0. 0. 0. 0. 0.
  0. 0. 0. 0.]
 [0. 0. 0. 0. 0. 0. 1. 0. 0. 0. 0. 0. 0. 1. 0. 0. 0. 0. 0. 1. 0. 0. 0. 0.
  0. 0. 0. 0. 0. 0. 0. 0. 0. 0. 0. 0. 0. 0. 0. 0. 0. 0. 0. 0. 0. 0. 0. 0.
  0. 0. 0. 0. 0. 0. 0. 0. 0. 0. 0. 0. 0. 0. 0. 0. 0. 0. 0. 0. 0. 0. 0. 0.
  0. 0. 0. 0. 0. 0. 0. 0. 0. 0. 0. 0. 0. 0. 0. 0. 0. 0. 0. 0. 0. 0. 0. 0.
  0. 0. 0. 0.]
 [1. 0. 0. 0. 0. 1. 0. 0. 0. 1. 0. 0. 0. 0. 0. 1. 0. 0. 0. 0. 0. 0. 0. 0.
  0. 0. 0. 0. 0. 0. 0. 0. 0. 0. 0. 0. 0. 0. 0. 0. 0. 0. 0. 0. 0. 0. 0. 0.
  0. 0. 0. 0. 0. 0. 0. 0. 0. 0. 0. 0. 0. 0. 0. 0. 0. 0. 0. 0. 0. 0. 0. 0.
  0. 0. 0. 0. 0. 0. 0. 0. 0. 0. 0. 0. 0. 0. 0. 0. 0. 0. 0. 0. 0. 0. 0. 0.
  0. 0. 0. 0.]
 [0. 0. 0. 0. 0. 0. 1. 0. 0. 1. 0. 1. 1. 0. 0. 0. 0. 0. 0. 0. 0. 0. 0. 0.
  0. 0. 0. 0. 0. 0. 0. 0. 0. 0. 0. 0. 0. 0. 0. 0. 0. 0. 0. 0. 0. 0. 0. 0.
  0. 0. 0. 0. 0. 0. 0. 0. 0. 0. 0. 0. 0. 0. 0. 0. 0. 0. 0. 0. 0. 0. 0. 0.
  0. 0. 0. 0. 0. 0. 0. 0. 0. 0. 0. 0. 0. 0. 0. 0. 0. 0. 0. 0. 0. 0. 0. 0.
  0. 0. 0. 0.]
 [0. 0. 0. 1. 0. 1. 0. 0. 0. 1. 0. 0. 0. 0. 0. 0. 0. 0. 1. 0. 0. 0. 0. 0.
  0. 0. 0. 0. 0. 0. 0. 0. 0. 0. 0. 0. 0. 0. 0. 0. 0. 0. 0. 0. 0. 0. 0. 0.
  0. 0. 0. 0. 0. 0. 0. 0. 0. 0. 0. 0. 0. 0. 0. 0. 0. 0. 0. 0. 0. 0. 0. 0.
  0. 0. 0. 0. 0. 0. 0. 0. 0. 0. 0. 0. 0. 0. 0. 0. 0. 0. 0. 0. 0. 0. 0. 0.
  0. 0. 0. 0.]
 [0. 1. 0. 1. 0. 0. 1. 0. 0. 0. 1. 0. 0. 0. 1. 0. 1. 0. 0. 0. 0. 0. 0. 0.
  0. 0. 0. 0. 0. 0. 0. 0. 0. 0. 0. 0. 0. 0. 0. 0. 0. 0. 0. 0. 0. 0. 0. 0.
  0. 0. 0. 0. 0. 0. 0. 0. 0. 0. 0. 0. 0. 0. 0. 0. 0. 0. 0. 0. 0. 0. 0. 0.
  0. 0. 0. 0. 0. 0. 0. 0. 0. 0. 0. 0. 0. 0. 0. 0. 0. 0. 0. 0. 0. 0. 0. 0.
  0. 0. 0. 0.]
 [0. 0. 0. 0. 0. 1. 1. 0. 0. 0. 0. 0. 0. 0. 0. 0. 0. 0. 0. 0. 0. 0. 0. 0.
  0. 0. 0. 0. 0. 0. 0. 0. 0. 0. 0. 0. 0. 0. 0. 0. 0. 0. 0. 0. 0. 0. 0. 0.
  0. 0. 0. 0. 0. 0. 0. 0. 0. 0. 0. 0. 0. 0. 0. 0. 0. 0. 0. 0. 0. 0. 0. 0.
  0. 0. 0. 0. 0. 0. 0. 0. 0. 0. 0. 0. 0. 0. 0. 0. 0. 0. 0. 0. 0. 0. 0. 0.
  0. 0. 0. 0.]
 [0. 1. 1. 0. 0. 0. 0. 0. 1. 0. 0. 1. 0. 0. 0. 0. 1. 1. 0. 1. 0. 0. 0. 0.
  0. 0. 0. 0. 0. 0. 0. 0. 0. 0. 0. 0. 0. 0. 0. 0. 0. 0. 0. 0. 0. 0. 0. 0.
  0. 0. 0. 0. 0. 0. 0. 0. 0. 0. 0. 0. 0. 0. 0. 0. 0. 0. 0. 0. 0. 0. 0. 0.
  0. 0. 0. 0. 0. 0. 0. 0. 0. 0. 0. 0. 0. 0. 0. 0. 0. 0. 0. 0. 0. 0. 0. 0.
  0. 0. 0. 0.]
 [0. 1. 1. 0. 0. 1. 0. 1. 0. 0. 0. 0. 0. 0. 1. 0. 1. 0. 0. 0. 0. 0. 0. 0.
  0. 0. 0. 0. 0. 0. 0. 0. 0. 0. 0. 0. 0. 0. 0. 0. 0. 0. 0. 0. 0. 0. 0. 0.
  0. 0. 0. 0. 0. 0. 0. 0. 0. 0. 0. 0. 0. 0. 0. 0. 0. 0. 0. 0. 0. 0. 0. 0.
  0. 0. 0. 0. 0. 0. 0. 0. 0. 0. 0. 0. 0. 0. 0. 0. 0. 0. 0. 0. 0. 0. 0. 0.
  0. 0. 0. 0.]
 [0. 0. 0. 0. 0. 0. 0. 0. 1. 1. 0. 0. 0. 0. 0. 1. 1. 1. 0. 0. 0. 0. 0. 0.
  0. 0. 0. 0. 0. 0. 0. 0. 0. 0. 0. 0. 0. 0. 0. 0. 0. 0. 0. 0. 0. 0. 0. 0.
  0. 0. 0. 0. 0. 0. 0. 0. 0. 0. 0. 0. 0. 0. 0. 0. 0. 0. 0. 0. 0. 0. 0. 0.
  0. 0. 0. 0. 0. 0. 0. 0. 0. 0. 0. 0. 0. 0. 0. 0. 0. 0. 0. 0. 0. 0. 0. 0.
  0. 0. 0. 0.]
 [0. 0. 0. 0. 0. 0. 0. 0. 0. 0. 0. 0. 0. 0. 0. 0. 0. 0. 0. 0. 0. 0. 0. 0.
  0. 0. 0. 0. 0. 0. 0. 0. 0. 0. 0. 0. 0. 0. 0. 0. 0. 0. 0. 0. 0. 0. 0. 0.
  0. 0. 0. 0. 0. 0. 0. 0. 0. 0. 0. 0. 0. 0. 0. 0. 0. 0. 0. 0. 0. 0. 0. 0.
  0. 0. 0. 0. 0. 0. 0. 0. 0. 0. 0. 0. 0. 0. 0. 0. 0. 0. 0. 0. 0. 0. 0. 0.
  0. 0. 0. 0.]
 [0. 0. 0. 0. 0. 0. 1. 1. 0. 1. 0. 0. 0. 0. 0. 0. 0. 0. 0. 0. 0. 0. 0. 0.
  0. 0. 0. 0. 0. 0. 0. 0. 0. 0. 0. 0. 0. 0. 0. 0. 0. 0. 0. 0. 0. 0. 0. 0.
  0. 0. 0. 0. 0. 0. 0. 0. 0. 0. 0. 0. 0. 0. 0. 0. 0. 0. 0. 0. 0. 0. 0. 0.
  0. 0. 0. 0. 0. 0. 0. 0. 0. 0. 0. 0. 0. 0. 0. 0. 0. 0. 0. 0. 0. 0. 0. 0.
  0. 0. 0. 0.]
 [0. 0. 0. 0. 0. 1. 0. 0. 0. 0. 0. 0. 0. 1. 0. 0. 0. 0. 0. 0. 0. 0. 0. 0.
  0. 0. 0. 0. 0. 0. 0. 0. 0. 0. 0. 0. 0. 0. 0. 0. 0. 0. 0. 0. 0. 0. 0. 0.
  0. 0. 0. 0. 0. 0. 0. 0. 0. 0. 0. 0. 0. 0. 0. 0. 0. 0. 0. 0. 0. 0. 0. 0.
  0. 0. 0. 0. 0. 0. 0. 0. 0. 0. 0. 0. 0. 0. 0. 0. 0. 0. 0. 0. 0. 0. 0. 0.
  0. 0. 0. 0.]
 [0. 0. 0. 1. 0. 0. 0. 0. 0. 0. 0. 0. 0. 0. 0. 0. 0. 1. 1. 1. 0. 0. 0. 0.
  0. 0. 0. 0. 0. 0. 0. 0. 0. 0. 0. 0. 0. 0. 0. 0. 0. 0. 0. 0. 0. 0. 0. 0.
  0. 0. 0. 0. 0. 0. 0. 0. 0. 0. 0. 0. 0. 0. 0. 0. 0. 0. 0. 0. 0. 0. 0. 0.
  0. 0. 0. 0. 0. 0. 0. 0. 0. 0. 0. 0. 0. 0. 0. 0. 0. 0. 0. 0. 0. 0. 0. 0.
  0. 0. 0. 0.]
 [0. 0. 0. 0. 1. 0. 0. 0. 0. 0. 0. 0. 0. 0. 0. 1. 0. 0. 0. 0. 0. 0. 0. 0.
  0. 0. 0. 0. 0. 0. 0. 0. 0. 0. 0. 0. 0. 0. 0. 0. 0. 0. 0. 0. 0. 0. 0. 0.
  0. 0. 0. 0. 0. 0. 0. 0. 0. 0. 0. 0. 0. 0. 0. 0. 0. 0. 0. 0. 0. 0. 0. 0.
  0. 0. 0. 0. 0. 0. 0. 0. 0. 0. 0. 0. 0. 0. 0. 0. 0. 0. 0. 0. 0. 0. 0. 0.
  0. 0. 0. 0.]
 [0. 1. 0. 0. 0. 0. 0. 0. 0. 1. 0. 0. 0. 0. 0. 0. 0. 0. 0. 0. 0. 0. 0. 0.
  0. 0. 0. 0. 0. 0. 0. 0. 0. 0. 0. 0. 0. 0. 0. 0. 0. 0. 0. 0. 0. 0. 0. 0.
  0. 0. 0. 0. 0. 0. 0. 0. 0. 0. 0. 0. 0. 0. 0. 0. 0. 0. 0. 0. 0. 0. 0. 0.
  0. 0. 0. 0. 0. 0. 0. 0. 0. 0. 0. 0. 0. 0. 0. 0. 0. 0. 0. 0. 0. 0. 0. 0.
  0. 0. 0. 0.]
 [0. 0. 0. 0. 0. 1. 0. 0. 0. 0. 0. 0. 0. 0. 0. 1. 0. 0. 0. 0. 0. 0. 0. 0.
  0. 0. 0. 0. 0. 0. 0. 0. 0. 0. 0. 0. 0. 0. 0. 0. 0. 0. 0. 0. 0. 0. 0. 0.
  0. 0. 0. 0. 0. 0. 0. 0. 0. 0. 0. 0. 0. 0. 0. 0. 0. 0. 0. 0. 0. 0. 0. 0.
  0. 0. 0. 0. 0. 0. 0. 0. 0. 0. 0. 0. 0. 0. 0. 0. 0. 0. 0. 0. 0. 0. 0. 0.
  0. 0. 0. 0.]
 [1. 0. 0. 0. 1. 1. 0. 0. 0. 0. 0. 0. 1. 0. 0. 1. 0. 1. 0. 0. 0. 0. 0. 0.
  0. 0. 0. 0. 0. 0. 0. 0. 0. 0. 0. 0. 0. 0. 0. 0. 0. 0. 0. 0. 0. 0. 0. 0.
  0. 0. 0. 0. 0. 0. 0. 0. 0. 0. 0. 0. 0. 0. 0. 0. 0. 0. 0. 0. 0. 0. 0. 0.
  0. 0. 0. 0. 0. 0. 0. 0. 0. 0. 0. 0. 0. 0. 0. 0. 0. 0. 0. 0. 0. 0. 0. 0.
  0. 0. 0. 0.]
 [1. 0. 0. 0. 1. 0. 0. 0. 0. 1. 0. 0. 0. 0. 0. 1. 0. 0. 0. 0. 0. 0. 0. 0.
  0. 0. 0. 0. 0. 0. 0. 0. 0. 0. 0. 0. 0. 0. 0. 0. 0. 0. 0. 0. 0. 0. 0. 0.
  0. 0. 0. 0. 0. 0. 0. 0. 0. 0. 0. 0. 0. 0. 0. 0. 0. 0. 0. 0. 0. 0. 0. 0.
  0. 0. 0. 0. 0. 0. 0. 0. 0. 0. 0. 0. 0. 0. 0. 0. 0. 0. 0. 0. 0. 0. 0. 0.
  0. 0. 0. 0.]
 [1. 0. 0. 0. 1. 0. 0. 0. 0. 1. 0. 0. 0. 0. 1. 0. 0. 0. 0. 0. 0. 0. 0. 0.
  0. 0. 0. 0. 0. 0. 0. 0. 0. 0. 0. 0. 0. 0. 0. 0. 0. 0. 0. 0. 0. 0. 0. 0.
  0. 0. 0. 0. 0. 0. 0. 0. 0. 0. 0. 0. 0. 0. 0. 0. 0. 0. 0. 0. 0. 0. 0. 0.
  0. 0. 0. 0. 0. 0. 0. 0. 0. 0. 0. 0. 0. 0. 0. 0. 0. 0. 0. 0. 0. 0. 0. 0.
  0. 0. 0. 0.]
 [0. 0. 0. 0. 0. 0. 0. 0. 1. 0. 0. 0. 0. 0. 1. 0. 0. 0. 0. 0. 0. 0. 0. 0.
  0. 0. 0. 0. 0. 0. 0. 0. 0. 0. 0. 0. 0. 0. 0. 0. 0. 0. 0. 0. 0. 0. 0. 0.
  0. 0. 0. 0. 0. 0. 0. 0. 0. 0. 0. 0. 0. 0. 0. 0. 0. 0. 0. 0. 0. 0. 0. 0.
  0. 0. 0. 0. 0. 0. 0. 0. 0. 0. 0. 0. 0. 0. 0. 0. 0. 0. 0. 0. 0. 0. 0. 0.
  0. 0. 0. 0.]
 [0. 0. 1. 0. 0. 0. 0. 0. 0. 0. 1. 0. 0. 1. 0. 0. 0. 1. 0. 0. 0. 0. 0. 0.
  0. 0. 0. 0. 0. 0. 0. 0. 0. 0. 0. 0. 0. 0. 0. 0. 0. 0. 0. 0. 0. 0. 0. 0.
  0. 0. 0. 0. 0. 0. 0. 0. 0. 0. 0. 0. 0. 0. 0. 0. 0. 0. 0. 0. 0. 0. 0. 0.
  0. 0. 0. 0. 0. 0. 0. 0. 0. 0. 0. 0. 0. 0. 0. 0. 0. 0. 0. 0. 0. 0. 0. 0.
  0. 0. 0. 0.]
 [0. 0. 0. 0. 0. 1. 1. 0. 0. 0. 0. 0. 0. 0. 0. 0. 0. 0. 0. 1. 0. 0. 0. 0.
  0. 0. 0. 0. 0. 0. 0. 0. 0. 0. 0. 0. 0. 0. 0. 0. 0. 0. 0. 0. 0. 0. 0. 0.
  0. 0. 0. 0. 0. 0. 0. 0. 0. 0. 0. 0. 0. 0. 0. 0. 0. 0. 0. 0. 0. 0. 0. 0.
  0. 0. 0. 0. 0. 0. 0. 0. 0. 0. 0. 0. 0. 0. 0. 0. 0. 0. 0. 0. 0. 0. 0. 0.
  0. 0. 0. 0.]
 [1. 0. 0. 0. 0. 0. 0. 0. 1. 0. 0. 0. 0. 0. 0. 0. 0. 1. 1. 0. 0. 0. 0. 0.
  0. 0. 0. 0. 0. 0. 0. 0. 0. 0. 0. 0. 0. 0. 0. 0. 0. 0. 0. 0. 0. 0. 0. 0.
  0. 0. 0. 0. 0. 0. 0. 0. 0. 0. 0. 0. 0. 0. 0. 0. 0. 0. 0. 0. 0. 0. 0. 0.
  0. 0. 0. 0. 0. 0. 0. 0. 0. 0. 0. 0. 0. 0. 0. 0. 0. 0. 0. 0. 0. 0. 0. 0.
  0. 0. 0. 0.]
 [1. 0. 0. 0. 0. 0. 0. 0. 0. 0. 0. 1. 1. 1. 0. 0. 0. 1. 0. 1. 0. 0. 0. 0.
  0. 0. 0. 0. 0. 0. 0. 0. 0. 0. 0. 0. 0. 0. 0. 0. 0. 0. 0. 0. 0. 0. 0. 0.
  0. 0. 0. 0. 0. 0. 0. 0. 0. 0. 0. 0. 0. 0. 0. 0. 0. 0. 0. 0. 0. 0. 0. 0.
  0. 0. 0. 0. 0. 0. 0. 0. 0. 0. 0. 0. 0. 0. 0. 0. 0. 0. 0. 0. 0. 0. 0. 0.
  0. 0. 0. 0.]
 [0. 0. 0. 0. 0. 0. 0. 0. 0. 0. 0. 1. 0. 0. 0. 0. 0. 1. 0. 0. 0. 0. 0. 0.
  0. 0. 0. 0. 0. 0. 0. 0. 0. 0. 0. 0. 0. 0. 0. 0. 0. 0. 0. 0. 0. 0. 0. 0.
  0. 0. 0. 0. 0. 0. 0. 0. 0. 0. 0. 0. 0. 0. 0. 0. 0. 0. 0. 0. 0. 0. 0. 0.
  0. 0. 0. 0. 0. 0. 0. 0. 0. 0. 0. 0. 0. 0. 0. 0. 0. 0. 0. 0. 0. 0. 0. 0.
  0. 0. 0. 0.]
 [0. 0. 1. 0. 1. 0. 0. 1. 0. 0. 0. 0. 0. 0. 0. 0. 0. 0. 0. 0. 0. 0. 0. 0.
  0. 0. 0. 0. 0. 0. 0. 0. 0. 0. 0. 0. 0. 0. 0. 0. 0. 0. 0. 0. 0. 0. 0. 0.
  0. 0. 0. 0. 0. 0. 0. 0. 0. 0. 0. 0. 0. 0. 0. 0. 0. 0. 0. 0. 0. 0. 0. 0.
  0. 0. 0. 0. 0. 0. 0. 0. 0. 0. 0. 0. 0. 0. 0. 0. 0. 0. 0. 0. 0. 0. 0. 0.
  0. 0. 0. 0.]
 [0. 0. 1. 0. 0. 0. 0. 0. 0. 1. 0. 0. 0. 1. 0. 0. 1. 1. 1. 0. 0. 0. 0. 0.
  0. 0. 0. 0. 0. 0. 0. 0. 0. 0. 0. 0. 0. 0. 0. 0. 0. 0. 0. 0. 0. 0. 0. 0.
  0. 0. 0. 0. 0. 0. 0. 0. 0. 0. 0. 0. 0. 0. 0. 0. 0. 0. 0. 0. 0. 0. 0. 0.
  0. 0. 0. 0. 0. 0. 0. 0. 0. 0. 0. 0. 0. 0. 0. 0. 0. 0. 0. 0. 0. 0. 0. 0.
  0. 0. 0. 0.]
 [0. 0. 1. 1. 0. 1. 0. 0. 0. 0. 0. 0. 0. 0. 1. 0. 0. 0. 0. 0. 0. 0. 0. 0.
  0. 0. 0. 0. 0. 0. 0. 0. 0. 0. 0. 0. 0. 0. 0. 0. 0. 0. 0. 0. 0. 0. 0. 0.
  0. 0. 0. 0. 0. 0. 0. 0. 0. 0. 0. 0. 0. 0. 0. 0. 0. 0. 0. 0. 0. 0. 0. 0.
  0. 0. 0. 0. 0. 0. 0. 0. 0. 0. 0. 0. 0. 0. 0. 0. 0. 0. 0. 0. 0. 0. 0. 0.
  0. 0. 0. 0.]
 [0. 0. 0. 0. 0. 0. 1. 1. 0. 1. 0. 1. 0. 0. 0. 0. 0. 1. 0. 1. 0. 0. 0. 0.
  0. 0. 0. 0. 0. 0. 0. 0. 0. 0. 0. 0. 0. 0. 0. 0. 0. 0. 0. 0. 0. 0. 0. 0.
  0. 0. 0. 0. 0. 0. 0. 0. 0. 0. 0. 0. 0. 0. 0. 0. 0. 0. 0. 0. 0. 0. 0. 0.
  0. 0. 0. 0. 0. 0. 0. 0. 0. 0. 0. 0. 0. 0. 0. 0. 0. 0. 0. 0. 0. 0. 0. 0.
  0. 0. 0. 0.]
 [0. 0. 0. 0. 0. 0. 0. 0. 0. 0. 0. 0. 0. 0. 0. 0. 1. 1. 0. 0. 0. 0. 0. 0.
  0. 0. 0. 0. 0. 0. 0. 0. 0. 0. 0. 0. 0. 0. 0. 0. 0. 0. 0. 0. 0. 0. 0. 0.
  0. 0. 0. 0. 0. 0. 0. 0. 0. 0. 0. 0. 0. 0. 0. 0. 0. 0. 0. 0. 0. 0. 0. 0.
  0. 0. 0. 0. 0. 0. 0. 0. 0. 0. 0. 0. 0. 0. 0. 0. 0. 0. 0. 0. 0. 0. 0. 0.
  0. 0. 0. 0.]
 [1. 0. 0. 0. 1. 0. 0. 0. 0. 1. 0. 0. 0. 0. 0. 1. 0. 0. 0. 0. 0. 0. 0. 0.
  0. 0. 0. 0. 0. 0. 0. 0. 0. 0. 0. 0. 0. 0. 0. 0. 0. 0. 0. 0. 0. 0. 0. 0.
  0. 0. 0. 0. 0. 0. 0. 0. 0. 0. 0. 0. 0. 0. 0. 0. 0. 0. 0. 0. 0. 0. 0. 0.
  0. 0. 0. 0. 0. 0. 0. 0. 0. 0. 0. 0. 0. 0. 0. 0. 0. 0. 0. 0. 0. 0. 0. 0.
  0. 0. 0. 0.]
 [1. 0. 0. 0. 0. 0. 0. 0. 0. 0. 0. 0. 0. 0. 0. 0. 0. 0. 0. 1. 0. 0. 0. 0.
  0. 0. 0. 0. 0. 0. 0. 0. 0. 0. 0. 0. 0. 0. 0. 0. 0. 0. 0. 0. 0. 0. 0. 0.
  0. 0. 0. 0. 0. 0. 0. 0. 0. 0. 0. 0. 0. 0. 0. 0. 0. 0. 0. 0. 0. 0. 0. 0.
  0. 0. 0. 0. 0. 0. 0. 0. 0. 0. 0. 0. 0. 0. 0. 0. 0. 0. 0. 0. 0. 0. 0. 0.
  0. 0. 0. 0.]
 [0. 0. 0. 0. 0. 0. 0. 0. 0. 0. 0. 0. 1. 0. 0. 0. 0. 0. 0. 0. 0. 0. 0. 0.
  0. 0. 0. 0. 0. 0. 0. 0. 0. 0. 0. 0. 0. 0. 0. 0. 0. 0. 0. 0. 0. 0. 0. 0.
  0. 0. 0. 0. 0. 0. 0. 0. 0. 0. 0. 0. 0. 0. 0. 0. 0. 0. 0. 0. 0. 0. 0. 0.
  0. 0. 0. 0. 0. 0. 0. 0. 0. 0. 0. 0. 0. 0. 0. 0. 0. 0. 0. 0. 0. 0. 0. 0.
  0. 0. 0. 0.]
 [0. 0. 0. 1. 0. 0. 0. 0. 0. 1. 0. 1. 0. 0. 0. 0. 0. 0. 0. 1. 0. 0. 0. 0.
  0. 0. 0. 0. 0. 0. 0. 0. 0. 0. 0. 0. 0. 0. 0. 0. 0. 0. 0. 0. 0. 0. 0. 0.
  0. 0. 0. 0. 0. 0. 0. 0. 0. 0. 0. 0. 0. 0. 0. 0. 0. 0. 0. 0. 0. 0. 0. 0.
  0. 0. 0. 0. 0. 0. 0. 0. 0. 0. 0. 0. 0. 0. 0. 0. 0. 0. 0. 0. 0. 0. 0. 0.
  0. 0. 0. 0.]
 [0. 0. 1. 0. 0. 0. 0. 0. 1. 0. 0. 0. 0. 1. 0. 0. 0. 0. 0. 1. 0. 0. 0. 0.
  0. 0. 0. 0. 0. 0. 0. 0. 0. 0. 0. 0. 0. 0. 0. 0. 0. 0. 0. 0. 0. 0. 0. 0.
  0. 0. 0. 0. 0. 0. 0. 0. 0. 0. 0. 0. 0. 0. 0. 0. 0. 0. 0. 0. 0. 0. 0. 0.
  0. 0. 0. 0. 0. 0. 0. 0. 0. 0. 0. 0. 0. 0. 0. 0. 0. 0. 0. 0. 0. 0. 0. 0.
  0. 0. 0. 0.]
 [0. 0. 0. 0. 0. 0. 0. 0. 0. 1. 0. 0. 0. 0. 0. 0. 0. 0. 0. 0. 0. 0. 0. 0.
  0. 0. 0. 0. 0. 0. 0. 0. 0. 0. 0. 0. 0. 0. 0. 0. 0. 0. 0. 0. 0. 0. 0. 0.
  0. 0. 0. 0. 0. 0. 0. 0. 0. 0. 0. 0. 0. 0. 0. 0. 0. 0. 0. 0. 0. 0. 0. 0.
  0. 0. 0. 0. 0. 0. 0. 0. 0. 0. 0. 0. 0. 0. 0. 0. 0. 0. 0. 0. 0. 0. 0. 0.
  0. 0. 0. 0.]
 [0. 0. 1. 0. 1. 0. 0. 1. 0. 0. 0. 0. 0. 1. 0. 0. 0. 0. 0. 0. 0. 0. 0. 0.
  0. 0. 0. 0. 0. 0. 0. 0. 0. 0. 0. 0. 0. 0. 0. 0. 0. 0. 0. 0. 0. 0. 0. 0.
  0. 0. 0. 0. 0. 0. 0. 0. 0. 0. 0. 0. 0. 0. 0. 0. 0. 0. 0. 0. 0. 0. 0. 0.
  0. 0. 0. 0. 0. 0. 0. 0. 0. 0. 0. 0. 0. 0. 0. 0. 0. 0. 0. 0. 0. 0. 0. 0.
  0. 0. 0. 0.]
 [1. 0. 0. 0. 0. 0. 0. 0. 1. 1. 0. 0. 0. 0. 0. 0. 0. 0. 0. 0. 0. 0. 0. 0.
  0. 0. 0. 0. 0. 0. 0. 0. 0. 0. 0. 0. 0. 0. 0. 0. 0. 0. 0. 0. 0. 0. 0. 0.
  0. 0. 0. 0. 0. 0. 0. 0. 0. 0. 0. 0. 0. 0. 0. 0. 0. 0. 0. 0. 0. 0. 0. 0.
  0. 0. 0. 0. 0. 0. 0. 0. 0. 0. 0. 0. 0. 0. 0. 0. 0. 0. 0. 0. 0. 0. 0. 0.
  0. 0. 0. 0.]
 [0. 0. 0. 1. 0. 0. 0. 1. 0. 0. 0. 1. 0. 0. 0. 0. 0. 0. 1. 1. 0. 0. 0. 0.
  0. 0. 0. 0. 0. 0. 0. 0. 0. 0. 0. 0. 0. 0. 0. 0. 0. 0. 0. 0. 0. 0. 0. 0.
  0. 0. 0. 0. 0. 0. 0. 0. 0. 0. 0. 0. 0. 0. 0. 0. 0. 0. 0. 0. 0. 0. 0. 0.
  0. 0. 0. 0. 0. 0. 0. 0. 0. 0. 0. 0. 0. 0. 0. 0. 0. 0. 0. 0. 0. 0. 0. 0.
  0. 0. 0. 0.]
 [0. 1. 0. 1. 0. 0. 1. 0. 0. 1. 1. 0. 0. 0. 0. 0. 0. 0. 0. 1. 0. 0. 0. 0.
  0. 0. 0. 0. 0. 0. 0. 0. 0. 0. 0. 0. 0. 0. 0. 0. 0. 0. 0. 0. 0. 0. 0. 0.
  0. 0. 0. 0. 0. 0. 0. 0. 0. 0. 0. 0. 0. 0. 0. 0. 0. 0. 0. 0. 0. 0. 0. 0.
  0. 0. 0. 0. 0. 0. 0. 0. 0. 0. 0. 0. 0. 0. 0. 0. 0. 0. 0. 0. 0. 0. 0. 0.
  0. 0. 0. 0.]
 [0. 0. 0. 0. 0. 0. 0. 0. 0. 0. 1. 0. 0. 0. 0. 0. 0. 1. 0. 0. 0. 0. 0. 0.
  0. 0. 0. 0. 0. 0. 0. 0. 0. 0. 0. 0. 0. 0. 0. 0. 0. 0. 0. 0. 0. 0. 0. 0.
  0. 0. 0. 0. 0. 0. 0. 0. 0. 0. 0. 0. 0. 0. 0. 0. 0. 0. 0. 0. 0. 0. 0. 0.
  0. 0. 0. 0. 0. 0. 0. 0. 0. 0. 0. 0. 0. 0. 0. 0. 0. 0. 0. 0. 0. 0. 0. 0.
  0. 0. 0. 0.]]
start_times_array: [[6.81910000e+04 6.82820000e+04 6.84150000e+04 6.86350000e+04
  6.87060000e+04 6.87600000e+04 6.87980000e+04 6.88670000e+04
  6.89330000e+04 6.90110000e+04 6.90430000e+04 6.90900000e+04
  6.91710000e+04 6.92670000e+04 6.93360000e+04 6.94100000e+04
  6.95010000e+04 6.95740000e+04 6.96410000e+04 6.97300000e+04]
 [6.80290000e+04 6.80930000e+04 6.81420000e+04 6.82300000e+04
  6.82470000e+04 6.82770000e+04 6.83540000e+04 6.84510000e+04
  6.84560000e+04 6.85430000e+04 6.86420000e+04 6.86640000e+04
  6.87060000e+04 6.87560000e+04 6.88670000e+04 6.89060000e+04
  6.90470000e+04 6.91240000e+04 6.92020000e+04 6.92610000e+04]
 [6.71790000e+04 6.72410000e+04 6.73380000e+04 6.73660000e+04
  6.74380000e+04 6.75340000e+04 6.75590000e+04 6.76160000e+04
  6.76200000e+04 6.76560000e+04 6.76580000e+04 6.77090000e+04
  6.77220000e+04 6.78020000e+04 6.78840000e+04 6.79330000e+04
  6.80290000e+04 6.80560000e+04 6.80930000e+04 6.81860000e+04]
 [6.65450000e+04 6.66420000e+04 6.66730000e+04 6.66750000e+04
  6.67060000e+04 6.67210000e+04 6.67840000e+04 6.68030000e+04
  6.68410000e+04 6.69160000e+04 6.69510000e+04 6.70030000e+04
  6.70400000e+04 6.71310000e+04 6.71650000e+04 6.71720000e+04
  6.72350000e+04 6.72420000e+04 6.72530000e+04 6.72980000e+04]
 [6.46470000e+04 6.51010000e+04 6.57430000e+04 6.58370000e+04
  6.58840000e+04 6.59450000e+04 6.60360000e+04 6.60430000e+04
  6.60710000e+04 6.60790000e+04 6.61750000e+04 6.61790000e+04
  6.62700000e+04 6.62920000e+04 6.63520000e+04 6.64070000e+04
  6.64290000e+04 6.64650000e+04 6.65020000e+04 6.66290000e+04]
 [6.41480000e+04 6.48830000e+04 6.49690000e+04 6.49970000e+04
  6.50870000e+04 6.51010000e+04 6.51720000e+04 6.52430000e+04
  6.53060000e+04 6.53960000e+04 6.54400000e+04 6.55270000e+04
  6.55990000e+04 6.56300000e+04 6.56870000e+04 6.57290000e+04
  6.57300000e+04 6.57360000e+04 6.58100000e+04 6.63340000e+04]
 [6.41750000e+04 6.42850000e+04 6.43410000e+04 6.44180000e+04
  6.44480000e+04 6.44720000e+04 6.45310000e+04 6.45440000e+04
  6.45910000e+04 6.46470000e+04 6.46980000e+04 6.47530000e+04
  6.47640000e+04 6.48380000e+04 6.49230000e+04 6.49690000e+04
  6.49830000e+04 6.50400000e+04 6.50480000e+04 6.62300000e+04]
 [6.34300000e+04 6.35150000e+04 6.35420000e+04 6.36120000e+04
  6.36610000e+04 6.37580000e+04 6.37660000e+04 6.37860000e+04
  6.37970000e+04 6.38750000e+04 6.39220000e+04 6.39910000e+04
  6.40490000e+04 6.40840000e+04 6.41040000e+04 6.41560000e+04
  6.41610000e+04 6.42170000e+04 6.45230000e+04 6.45670000e+04]
 [6.20540000e+04 6.20790000e+04 6.23400000e+04 6.24540000e+04
  6.24780000e+04 6.25670000e+04 6.26640000e+04 6.27150000e+04
  6.27560000e+04 6.27850000e+04 6.28540000e+04 6.29140000e+04
  6.29640000e+04 6.30470000e+04 6.31110000e+04 6.31970000e+04
  6.32930000e+04 6.33510000e+04 6.34080000e+04 6.34680000e+04]
 [6.15350000e+04 6.15580000e+04 6.15980000e+04 6.16820000e+04
  6.17590000e+04 6.18190000e+04 6.18720000e+04 6.19200000e+04
  6.19780000e+04 6.19920000e+04 6.20080000e+04 6.20280000e+04
  6.21070000e+04 6.21950000e+04 6.22200000e+04 6.22490000e+04
  6.23170000e+04 6.23200000e+04 6.24050000e+04 6.27340000e+04]
 [5.88240000e+04 6.04420000e+04 6.05280000e+04 6.05390000e+04
  6.05750000e+04 6.06370000e+04 6.07190000e+04 6.07740000e+04
  6.08520000e+04 6.08910000e+04 6.09900000e+04 6.10830000e+04
  6.11560000e+04 6.12490000e+04 6.13400000e+04 6.13760000e+04
  6.13870000e+04 6.14650000e+04 6.18010000e+04 6.19240000e+04]
 [5.97440000e+04 5.98280000e+04 5.98420000e+04 5.98800000e+04
  5.99160000e+04 5.99840000e+04 6.00000000e+04 6.00920000e+04
  6.01330000e+04 6.01370000e+04 6.01840000e+04 6.02340000e+04
  6.03220000e+04 6.04140000e+04 6.04430000e+04 6.04660000e+04
  6.04850000e+04 6.04950000e+04 6.05040000e+04 6.07720000e+04]
 [5.90370000e+04 5.91460000e+04 5.91540000e+04 5.91890000e+04
  5.92000000e+04 5.92820000e+04 5.92840000e+04 5.93250000e+04
  5.93590000e+04 5.93810000e+04 5.94790000e+04 5.95510000e+04
  5.96180000e+04 5.97160000e+04 5.97350000e+04 5.97510000e+04
  5.97580000e+04 5.98400000e+04 5.99070000e+04 5.99310000e+04]
 [5.84750000e+04 5.87970000e+04 5.88030000e+04 5.88760000e+04
  5.89750000e+04 5.90440000e+04 5.91210000e+04 5.91460000e+04
  5.91850000e+04 5.92120000e+04 5.92200000e+04 5.92870000e+04
  5.93250000e+04 5.93870000e+04 5.93950000e+04 5.94300000e+04
  5.94740000e+04 5.95190000e+04 5.95750000e+04 5.96210000e+04]
 [5.74970000e+04 5.78980000e+04 5.79960000e+04 5.80720000e+04
  5.81210000e+04 5.82600000e+04 5.83290000e+04 5.83490000e+04
  5.83940000e+04 5.84270000e+04 5.84750000e+04 5.85500000e+04
  5.85650000e+04 5.85940000e+04 5.86090000e+04 5.86530000e+04
  5.87080000e+04 5.87090000e+04 5.87300000e+04 5.87970000e+04]
 [5.73030000e+04 5.74010000e+04 5.74230000e+04 5.75200000e+04
  5.75290000e+04 5.75840000e+04 5.76740000e+04 5.77250000e+04
  5.77550000e+04 5.78030000e+04 5.78500000e+04 5.78980000e+04
  5.79760000e+04 5.79960000e+04 5.80100000e+04 5.80310000e+04
  5.81280000e+04 5.81970000e+04 5.82220000e+04 5.82770000e+04]
 [5.62070000e+04 5.62790000e+04 5.63300000e+04 5.63890000e+04
  5.64480000e+04 5.65020000e+04 5.65880000e+04 5.66180000e+04
  5.67170000e+04 5.67680000e+04 5.68260000e+04 5.68270000e+04
  5.68820000e+04 5.69570000e+04 5.69920000e+04 5.70560000e+04
  5.71210000e+04 5.72200000e+04 5.75570000e+04 5.76740000e+04]
 [5.60170000e+04 5.61230000e+04 5.61470000e+04 5.62070000e+04
  5.62660000e+04 5.63430000e+04 5.65790000e+04 5.65990000e+04
  5.66980000e+04 5.67260000e+04 5.67910000e+04 5.68760000e+04
  5.68980000e+04 5.69920000e+04 5.70540000e+04 5.70780000e+04
  5.71340000e+04 5.72090000e+04 5.72200000e+04 5.72680000e+04]
 [5.54720000e+04 5.56450000e+04 5.57520000e+04 5.58480000e+04
  5.59310000e+04 5.60080000e+04 5.60400000e+04 5.60460000e+04
  5.61350000e+04 5.61790000e+04 5.62090000e+04 5.62190000e+04
  5.62540000e+04 5.63320000e+04 5.63720000e+04 5.64200000e+04
  5.65020000e+04 5.66040000e+04 5.67430000e+04 5.74110000e+04]
 [5.45560000e+04 5.50340000e+04 5.51100000e+04 5.53870000e+04
  5.54720000e+04 5.55180000e+04 5.55600000e+04 5.55940000e+04
  5.56790000e+04 5.57320000e+04 5.57520000e+04 5.57760000e+04
  5.57910000e+04 5.58170000e+04 5.58280000e+04 5.58560000e+04
  5.59520000e+04 5.60010000e+04 5.60080000e+04 5.60410000e+04]
 [5.44120000e+04 5.45460000e+04 5.46300000e+04 5.46490000e+04
  5.47320000e+04 5.47420000e+04 5.48190000e+04 5.49140000e+04
  5.49710000e+04 5.50200000e+04 5.50870000e+04 5.51210000e+04
  5.51420000e+04 5.51690000e+04 5.52120000e+04 5.52680000e+04
  5.53610000e+04 5.54080000e+04 5.54880000e+04 5.55160000e+04]
 [5.39430000e+04 5.40430000e+04 5.40890000e+04 5.41220000e+04
  5.41680000e+04 5.42180000e+04 5.42420000e+04 5.43080000e+04
  5.43380000e+04 5.44260000e+04 5.44520000e+04 5.45310000e+04
  5.45630000e+04 5.46300000e+04 5.46540000e+04 5.47420000e+04
  5.48090000e+04 5.50120000e+04 5.51010000e+04 5.51050000e+04]
 [5.30280000e+04 5.30880000e+04 5.31180000e+04 5.32140000e+04
  5.32640000e+04 5.33370000e+04 5.33790000e+04 5.34350000e+04
  5.35020000e+04 5.35180000e+04 5.35550000e+04 5.35830000e+04
  5.35970000e+04 5.36090000e+04 5.36260000e+04 5.36380000e+04
  5.37270000e+04 5.38170000e+04 5.39090000e+04 5.40010000e+04]
 [5.20970000e+04 5.22850000e+04 5.22930000e+04 5.23540000e+04
  5.23630000e+04 5.24110000e+04 5.24800000e+04 5.25450000e+04
  5.25530000e+04 5.26350000e+04 5.26990000e+04 5.27600000e+04
  5.27650000e+04 5.27860000e+04 5.28830000e+04 5.29460000e+04
  5.30310000e+04 5.30490000e+04 5.32460000e+04 5.33930000e+04]
 [5.15890000e+04 5.17600000e+04 5.18110000e+04 5.19040000e+04
  5.21120000e+04 5.21950000e+04 5.22010000e+04 5.22230000e+04
  5.22520000e+04 5.22570000e+04 5.22930000e+04 5.23470000e+04
  5.23780000e+04 5.23840000e+04 5.24710000e+04 5.25550000e+04
  5.25580000e+04 5.25630000e+04 5.26510000e+04 5.27650000e+04]
 [5.01570000e+04 5.13230000e+04 5.14400000e+04 5.15220000e+04
  5.15500000e+04 5.15640000e+04 5.15700000e+04 5.15760000e+04
  5.16550000e+04 5.17390000e+04 5.17620000e+04 5.18380000e+04
  5.18760000e+04 5.19040000e+04 5.20020000e+04 5.21000000e+04
  5.21380000e+04 5.22690000e+04 5.22980000e+04 5.24550000e+04]
 [5.08000000e+04 5.08920000e+04 5.09180000e+04 5.09420000e+04
  5.09600000e+04 5.09900000e+04 5.10010000e+04 5.10630000e+04
  5.11010000e+04 5.11530000e+04 5.11560000e+04 5.12420000e+04
  5.12590000e+04 5.12610000e+04 5.13110000e+04 5.13980000e+04
  5.14080000e+04 5.14450000e+04 5.14870000e+04 5.15170000e+04]
 [4.95690000e+04 4.97240000e+04 4.98250000e+04 4.99820000e+04
  5.00760000e+04 5.01300000e+04 5.01870000e+04 5.02190000e+04
  5.03050000e+04 5.03800000e+04 5.04440000e+04 5.05430000e+04
  5.06030000e+04 5.06740000e+04 5.07260000e+04 5.08000000e+04
  5.08400000e+04 5.08530000e+04 5.09520000e+04 5.12070000e+04]
 [4.90430000e+04 4.91080000e+04 4.91520000e+04 4.92500000e+04
  4.92790000e+04 4.93080000e+04 4.93610000e+04 4.94110000e+04
  4.94180000e+04 4.94990000e+04 4.95770000e+04 4.96620000e+04
  4.96880000e+04 4.97150000e+04 4.97670000e+04 4.97740000e+04
  4.98680000e+04 4.99540000e+04 5.00080000e+04 5.00590000e+04]
 [4.78060000e+04 4.81550000e+04 4.81860000e+04 4.82570000e+04
  4.82730000e+04 4.83370000e+04 4.83600000e+04 4.84370000e+04
  4.84660000e+04 4.85560000e+04 4.86360000e+04 4.87380000e+04
  4.87560000e+04 4.87980000e+04 4.89150000e+04 4.89540000e+04
  4.89660000e+04 4.89940000e+04 4.90910000e+04 4.92140000e+04]
 [4.75770000e+04 4.78570000e+04 4.79110000e+04 4.79530000e+04
  4.80310000e+04 4.80460000e+04 4.81170000e+04 4.81860000e+04
  4.81960000e+04 4.82630000e+04 4.82900000e+04 4.83720000e+04
  4.84370000e+04 4.85300000e+04 4.86170000e+04 4.86720000e+04
  4.87330000e+04 4.88030000e+04 4.88610000e+04 4.89470000e+04]
 [4.70760000e+04 4.71550000e+04 4.72260000e+04 4.73200000e+04
  4.73930000e+04 4.74510000e+04 4.74730000e+04 4.75150000e+04
  4.75280000e+04 4.75840000e+04 4.76580000e+04 4.76700000e+04
  4.76960000e+04 4.77660000e+04 4.78790000e+04 4.80040000e+04
  4.80380000e+04 4.81140000e+04 4.81270000e+04 4.85190000e+04]
 [4.59930000e+04 4.64540000e+04 4.64930000e+04 4.65610000e+04
  4.66500000e+04 4.66540000e+04 4.67370000e+04 4.68000000e+04
  4.68580000e+04 4.69040000e+04 4.69660000e+04 4.70650000e+04
  4.71550000e+04 4.72460000e+04 4.72550000e+04 4.73630000e+04
  4.73840000e+04 4.76460000e+04 4.76930000e+04 4.78440000e+04]
 [4.30760000e+04 4.31630000e+04 4.56180000e+04 4.56250000e+04
  4.56580000e+04 4.57500000e+04 4.58020000e+04 4.58840000e+04
  4.59130000e+04 4.60010000e+04 4.60220000e+04 4.60670000e+04
  4.61280000e+04 4.61620000e+04 4.62150000e+04 4.62410000e+04
  4.62640000e+04 4.63330000e+04 4.64060000e+04 4.70230000e+04]
 [4.46700000e+04 4.47530000e+04 4.48040000e+04 4.48610000e+04
  4.49490000e+04 4.50200000e+04 4.50300000e+04 4.50390000e+04
  4.50840000e+04 4.51740000e+04 4.51900000e+04 4.52450000e+04
  4.53360000e+04 4.54010000e+04 4.54370000e+04 4.54560000e+04
  4.55260000e+04 4.56730000e+04 4.57020000e+04 4.70220000e+04]
 [4.36740000e+04 4.37600000e+04 4.38390000e+04 4.39390000e+04
  4.40010000e+04 4.40730000e+04 4.40850000e+04 4.41830000e+04
  4.42360000e+04 4.42930000e+04 4.43600000e+04 4.44050000e+04
  4.44950000e+04 4.45780000e+04 4.46140000e+04 4.46680000e+04
  4.47530000e+04 4.47820000e+04 4.55630000e+04 4.56570000e+04]
 [4.24550000e+04 4.24830000e+04 4.25540000e+04 4.34750000e+04
  4.35310000e+04 4.35320000e+04 4.35930000e+04 4.36490000e+04
  4.36700000e+04 4.37090000e+04 4.37660000e+04 4.38090000e+04
  4.38430000e+04 4.39000000e+04 4.39390000e+04 4.41340000e+04
  4.42140000e+04 4.43330000e+04 4.43990000e+04 4.45520000e+04]
 [4.19820000e+04 4.19920000e+04 4.20000000e+04 4.25020000e+04
  4.26210000e+04 4.26770000e+04 4.27550000e+04 4.28300000e+04
  4.28700000e+04 4.29040000e+04 4.29460000e+04 4.29970000e+04
  4.30140000e+04 4.30760000e+04 4.31080000e+04 4.31960000e+04
  4.32660000e+04 4.33160000e+04 4.33940000e+04 4.34330000e+04]
 [4.07500000e+04 4.07740000e+04 4.20110000e+04 4.20700000e+04
  4.20990000e+04 4.21980000e+04 4.22070000e+04 4.22650000e+04
  4.23250000e+04 4.23770000e+04 4.24130000e+04 4.24270000e+04
  4.24740000e+04 4.25440000e+04 4.25540000e+04 4.25550000e+04
  4.26890000e+04 4.27520000e+04 4.29560000e+04 4.29970000e+04]
 [4.12950000e+04 4.13700000e+04 4.14590000e+04 4.15510000e+04
  4.15670000e+04 4.16190000e+04 4.17170000e+04 4.17380000e+04
  4.17880000e+04 4.18490000e+04 4.18710000e+04 4.19490000e+04
  4.20000000e+04 4.20700000e+04 4.21110000e+04 4.21500000e+04
  4.21900000e+04 4.23930000e+04 4.24630000e+04 4.25090000e+04]
 [4.03690000e+04 4.06590000e+04 4.07500000e+04 4.10960000e+04
  4.10980000e+04 4.11410000e+04 4.11780000e+04 4.11890000e+04
  4.12440000e+04 4.12950000e+04 4.13220000e+04 4.13500000e+04
  4.14410000e+04 4.14860000e+04 4.15640000e+04 4.15930000e+04
  4.16700000e+04 4.17570000e+04 4.19270000e+04 4.19720000e+04]
 [3.98660000e+04 3.98680000e+04 3.99320000e+04 4.00120000e+04
  4.00370000e+04 4.00560000e+04 4.04790000e+04 4.05370000e+04
  4.05590000e+04 4.05930000e+04 4.06610000e+04 4.07500000e+04
  4.08330000e+04 4.08380000e+04 4.08810000e+04 4.09510000e+04
  4.09610000e+04 4.10260000e+04 4.10990000e+04 4.11110000e+04]
 [3.91400000e+04 3.92360000e+04 3.93470000e+04 3.94240000e+04
  3.94980000e+04 3.95390000e+04 3.95430000e+04 3.98220000e+04
  3.98750000e+04 3.99310000e+04 3.99320000e+04 3.99840000e+04
  4.00360000e+04 4.01220000e+04 4.01280000e+04 4.01930000e+04
  4.02510000e+04 4.03310000e+04 4.04270000e+04 4.04650000e+04]
 [3.87990000e+04 3.89040000e+04 3.89270000e+04 3.89770000e+04
  3.90570000e+04 3.91400000e+04 3.92110000e+04 3.92440000e+04
  3.92920000e+04 3.93200000e+04 3.93800000e+04 3.94560000e+04
  3.94740000e+04 3.95060000e+04 3.95710000e+04 3.96040000e+04
  3.97020000e+04 3.97300000e+04 3.99020000e+04 4.09340000e+04]
 [3.71500000e+04 3.72240000e+04 3.73800000e+04 3.74200000e+04
  3.74730000e+04 3.74970000e+04 3.75580000e+04 3.76100000e+04
  3.83280000e+04 3.84180000e+04 3.84710000e+04 3.85210000e+04
  3.86120000e+04 3.86820000e+04 3.87720000e+04 3.88030000e+04
  3.88380000e+04 3.89720000e+04 3.90740000e+04 3.90820000e+04]
 [3.58950000e+04 3.69460000e+04 3.69880000e+04 3.71250000e+04
  3.72990000e+04 3.73800000e+04 3.74470000e+04 3.76780000e+04
  3.77020000e+04 3.77290000e+04 3.77810000e+04 3.78400000e+04
  3.78950000e+04 3.79690000e+04 3.79940000e+04 3.80520000e+04
  3.81140000e+04 3.81430000e+04 3.82310000e+04 3.84350000e+04]
 [3.65060000e+04 3.67860000e+04 3.68470000e+04 3.68580000e+04
  3.69460000e+04 3.70230000e+04 3.70870000e+04 3.71140000e+04
  3.71270000e+04 3.71790000e+04 3.72280000e+04 3.72470000e+04
  3.73090000e+04 3.73190000e+04 3.73610000e+04 3.74580000e+04
  3.75070000e+04 3.75830000e+04 3.76420000e+04 3.77320000e+04]
 [3.62520000e+04 3.63440000e+04 3.64260000e+04 3.64470000e+04
  3.65170000e+04 3.66060000e+04 3.66320000e+04 3.66560000e+04
  3.66570000e+04 3.66790000e+04 3.66910000e+04 3.66970000e+04
  3.67310000e+04 3.68190000e+04 3.69150000e+04 3.69690000e+04
  3.69890000e+04 3.71100000e+04 3.72400000e+04 3.75050000e+04]
 [3.55590000e+04 3.55990000e+04 3.56060000e+04 3.56840000e+04
  3.57740000e+04 3.58520000e+04 3.59920000e+04 3.59990000e+04
  3.60520000e+04 3.60720000e+04 3.61640000e+04 3.61820000e+04
  3.62410000e+04 3.63000000e+04 3.63960000e+04 3.64480000e+04
  3.65170000e+04 3.65810000e+04 3.66820000e+04 3.68070000e+04]
 [3.50460000e+04 3.50640000e+04 3.52950000e+04 3.53810000e+04
  3.54630000e+04 3.54690000e+04 3.54710000e+04 3.55530000e+04
  3.55990000e+04 3.56210000e+04 3.56340000e+04 3.57260000e+04
  3.58230000e+04 3.58950000e+04 3.59460000e+04 3.60120000e+04
  3.60600000e+04 3.60700000e+04 3.61640000e+04 3.62470000e+04]
 [3.45320000e+04 3.45700000e+04 3.46000000e+04 3.46990000e+04
  3.47710000e+04 3.47880000e+04 3.48570000e+04 3.49160000e+04
  3.49190000e+04 3.50120000e+04 3.50160000e+04 3.50460000e+04
  3.50640000e+04 3.51000000e+04 3.51650000e+04 3.52580000e+04
  3.52950000e+04 3.53050000e+04 3.53530000e+04 3.53670000e+04]
 [3.40160000e+04 3.40250000e+04 3.41020000e+04 3.41350000e+04
  3.41700000e+04 3.41950000e+04 3.42390000e+04 3.42520000e+04
  3.42600000e+04 3.43070000e+04 3.43870000e+04 3.44860000e+04
  3.45090000e+04 3.45680000e+04 3.45700000e+04 3.46590000e+04
  3.46750000e+04 3.47050000e+04 3.47500000e+04 3.51040000e+04]
 [3.35000000e+04 3.36180000e+04 3.36430000e+04 3.36520000e+04
  3.37480000e+04 3.37570000e+04 3.38010000e+04 3.38160000e+04
  3.38320000e+04 3.39300000e+04 3.39490000e+04 3.39570000e+04
  3.39580000e+04 3.40450000e+04 3.40540000e+04 3.41270000e+04
  3.42070000e+04 3.43300000e+04 3.44050000e+04 3.47320000e+04]
 [3.29490000e+04 3.30440000e+04 3.30830000e+04 3.31410000e+04
  3.31710000e+04 3.32060000e+04 3.32860000e+04 3.33550000e+04
  3.33620000e+04 3.34320000e+04 3.34840000e+04 3.35720000e+04
  3.36280000e+04 3.36360000e+04 3.36480000e+04 3.36770000e+04
  3.37580000e+04 3.38150000e+04 3.38540000e+04 3.39380000e+04]
 [3.24270000e+04 3.25180000e+04 3.25570000e+04 3.26430000e+04
  3.26900000e+04 3.27510000e+04 3.27700000e+04 3.28420000e+04
  3.29050000e+04 3.29490000e+04 3.30440000e+04 3.30960000e+04
  3.31570000e+04 3.31640000e+04 3.32580000e+04 3.33350000e+04
  3.34460000e+04 3.34820000e+04 3.35080000e+04 3.35620000e+04]
 [3.17310000e+04 3.18150000e+04 3.18770000e+04 3.18900000e+04
  3.19740000e+04 3.19890000e+04 3.20080000e+04 3.20780000e+04
  3.21100000e+04 3.21670000e+04 3.22050000e+04 3.22950000e+04
  3.23320000e+04 3.23630000e+04 3.24350000e+04 3.24550000e+04
  3.24670000e+04 3.24760000e+04 3.26550000e+04 3.30750000e+04]
 [3.11130000e+04 3.12710000e+04 3.12900000e+04 3.12950000e+04
  3.13080000e+04 3.13270000e+04 3.14140000e+04 3.14940000e+04
  3.15000000e+04 3.15540000e+04 3.15950000e+04 3.16510000e+04
  3.16610000e+04 3.17250000e+04 3.17510000e+04 3.17840000e+04
  3.17950000e+04 3.19120000e+04 3.19440000e+04 3.21720000e+04]
 [2.94530000e+04 3.02420000e+04 3.03330000e+04 3.05200000e+04
  3.05970000e+04 3.06210000e+04 3.06630000e+04 3.07080000e+04
  3.07910000e+04 3.08450000e+04 3.09080000e+04 3.09900000e+04
  3.10400000e+04 3.10490000e+04 3.11210000e+04 3.11670000e+04
  3.12180000e+04 3.12540000e+04 3.12810000e+04 3.16830000e+04]
 [2.99750000e+04 3.00090000e+04 3.00940000e+04 3.00960000e+04
  3.01250000e+04 3.01420000e+04 3.02020000e+04 3.02710000e+04
  3.03260000e+04 3.03920000e+04 3.04040000e+04 3.04210000e+04
  3.04810000e+04 3.04820000e+04 3.05450000e+04 3.06070000e+04
  3.06460000e+04 3.08390000e+04 3.08530000e+04 3.10340000e+04]
 [2.92830000e+04 2.92960000e+04 2.94350000e+04 2.96400000e+04
  2.96560000e+04 2.97190000e+04 2.97500000e+04 2.98230000e+04
  2.98980000e+04 2.99290000e+04 2.99750000e+04 3.00600000e+04
  3.01390000e+04 3.02060000e+04 3.02120000e+04 3.02370000e+04
  3.02770000e+04 3.03160000e+04 3.03320000e+04 3.04120000e+04]
 [2.89200000e+04 2.89840000e+04 2.90800000e+04 2.91350000e+04
  2.91600000e+04 2.92530000e+04 2.92830000e+04 2.93780000e+04
  2.94340000e+04 2.94350000e+04 2.94380000e+04 2.95150000e+04
  2.95160000e+04 2.95680000e+04 2.96200000e+04 2.96410000e+04
  2.96460000e+04 2.96470000e+04 2.98000000e+04 2.98970000e+04]
 [2.42940000e+04 2.80130000e+04 2.80830000e+04 2.81390000e+04
  2.82110000e+04 2.82740000e+04 2.83540000e+04 2.84450000e+04
  2.85250000e+04 2.85470000e+04 2.86170000e+04 2.86560000e+04
  2.86940000e+04 2.87510000e+04 2.88300000e+04 2.88900000e+04
  2.89090000e+04 2.90040000e+04 2.90390000e+04 2.93370000e+04]
 [2.72250000e+04 2.72800000e+04 2.73300000e+04 2.73320000e+04
  2.74010000e+04 2.74450000e+04 2.74640000e+04 2.75340000e+04
  2.76050000e+04 2.76580000e+04 2.77560000e+04 2.78210000e+04
  2.78250000e+04 2.78710000e+04 2.79650000e+04 2.80130000e+04
  2.80990000e+04 2.81050000e+04 2.84690000e+04 2.85700000e+04]
 [2.59700000e+04 2.61520000e+04 2.63370000e+04 2.63640000e+04
  2.64570000e+04 2.65380000e+04 2.65550000e+04 2.65690000e+04
  2.66470000e+04 2.67360000e+04 2.68260000e+04 2.69230000e+04
  2.70200000e+04 2.70320000e+04 2.70600000e+04 2.71320000e+04
  2.73480000e+04 2.73660000e+04 2.74560000e+04 2.75110000e+04]
 [2.53950000e+04 2.54780000e+04 2.54890000e+04 2.55830000e+04
  2.56270000e+04 2.57070000e+04 2.58010000e+04 2.58250000e+04
  2.58900000e+04 2.59120000e+04 2.59860000e+04 2.60480000e+04
  2.61060000e+04 2.61920000e+04 2.62410000e+04 2.63350000e+04
  2.64480000e+04 2.65250000e+04 2.66190000e+04 2.66520000e+04]
 [2.41090000e+04 2.41400000e+04 2.42160000e+04 2.42780000e+04
  2.47400000e+04 2.47680000e+04 2.48560000e+04 2.49530000e+04
  2.49960000e+04 2.50100000e+04 2.50990000e+04 2.51370000e+04
  2.52030000e+04 2.52650000e+04 2.52730000e+04 2.53140000e+04
  2.54510000e+04 2.56090000e+04 2.59580000e+04 2.61740000e+04]
 [2.40210000e+04 2.40720000e+04 2.40730000e+04 2.41530000e+04
  2.42160000e+04 2.42170000e+04 2.42780000e+04 2.43760000e+04
  2.44340000e+04 2.44810000e+04 2.44960000e+04 2.45790000e+04
  2.45950000e+04 2.46450000e+04 2.46810000e+04 2.46940000e+04
  2.47640000e+04 2.48630000e+04 2.49500000e+04 2.53990000e+04]
 [2.33530000e+04 2.34530000e+04 2.35180000e+04 2.35400000e+04
  2.35710000e+04 2.36090000e+04 2.36540000e+04 2.37260000e+04
  2.37980000e+04 2.38350000e+04 2.38980000e+04 2.39350000e+04
  2.39850000e+04 2.39910000e+04 2.40210000e+04 2.40390000e+04
  2.40970000e+04 2.41450000e+04 2.41790000e+04 2.46560000e+04]
 [2.23480000e+04 2.24380000e+04 2.27590000e+04 2.27890000e+04
  2.28690000e+04 2.28930000e+04 2.29670000e+04 2.30340000e+04
  2.30730000e+04 2.31080000e+04 2.31870000e+04 2.32290000e+04
  2.32530000e+04 2.32980000e+04 2.33030000e+04 2.33160000e+04
  2.33600000e+04 2.36100000e+04 2.36550000e+04 2.37700000e+04]
 [2.11610000e+04 2.21230000e+04 2.21270000e+04 2.21790000e+04
  2.22610000e+04 2.23030000e+04 2.23740000e+04 2.23930000e+04
  2.24400000e+04 2.24570000e+04 2.25240000e+04 2.25620000e+04
  2.25850000e+04 2.26640000e+04 2.27950000e+04 2.28180000e+04
  2.28740000e+04 2.31520000e+04 2.32040000e+04 2.37020000e+04]
 [1.93510000e+04 1.99550000e+04 2.02970000e+04 2.03830000e+04
  2.11890000e+04 2.12640000e+04 2.13500000e+04 2.13580000e+04
  2.14090000e+04 2.14550000e+04 2.14930000e+04 2.15260000e+04
  2.15600000e+04 2.16490000e+04 2.17390000e+04 2.18120000e+04
  2.18930000e+04 2.19300000e+04 2.19800000e+04 2.20600000e+04]
 [1.92770000e+04 1.98670000e+04 2.02660000e+04 2.03430000e+04
  2.03830000e+04 2.04120000e+04 2.04910000e+04 2.05740000e+04
  2.06140000e+04 2.06490000e+04 2.07020000e+04 2.07590000e+04
  2.08580000e+04 2.09150000e+04 2.10090000e+04 2.11080000e+04
  2.11610000e+04 2.12540000e+04 2.13290000e+04 2.19810000e+04]
 [1.88050000e+04 1.92560000e+04 1.92770000e+04 1.93280000e+04
  1.94200000e+04 1.95120000e+04 1.95480000e+04 1.96210000e+04
  1.96740000e+04 1.97360000e+04 1.98330000e+04 1.98950000e+04
  1.99120000e+04 1.99920000e+04 2.00210000e+04 2.01070000e+04
  2.01960000e+04 2.02220000e+04 2.02510000e+04 2.02600000e+04]
 [1.81530000e+04 1.83460000e+04 1.84340000e+04 1.84430000e+04
  1.85060000e+04 1.85700000e+04 1.86550000e+04 1.87500000e+04
  1.88370000e+04 1.88810000e+04 1.88960000e+04 1.89190000e+04
  1.89290000e+04 1.90220000e+04 1.90890000e+04 1.91580000e+04
  1.91710000e+04 1.92060000e+04 1.94050000e+04 1.94580000e+04]
 [1.78590000e+04 1.79120000e+04 1.79840000e+04 1.80330000e+04
  1.80440000e+04 1.80960000e+04 1.81570000e+04 1.81930000e+04
  1.82920000e+04 1.83410000e+04 1.84240000e+04 1.84340000e+04
  1.84660000e+04 1.85050000e+04 1.85440000e+04 1.86300000e+04
  1.86430000e+04 1.86970000e+04 1.90860000e+04 1.92050000e+04]
 [1.71990000e+04 1.72760000e+04 1.73350000e+04 1.74180000e+04
  1.74680000e+04 1.75560000e+04 1.75640000e+04 1.75730000e+04
  1.76310000e+04 1.76760000e+04 1.77010000e+04 1.77120000e+04
  1.77460000e+04 1.78140000e+04 1.78490000e+04 1.78750000e+04
  1.79230000e+04 1.79240000e+04 1.79720000e+04 1.85990000e+04]
 [1.69010000e+04 1.69250000e+04 1.69850000e+04 1.70050000e+04
  1.70210000e+04 1.70860000e+04 1.71520000e+04 1.71990000e+04
  1.72420000e+04 1.73050000e+04 1.73140000e+04 1.73280000e+04
  1.73980000e+04 1.74440000e+04 1.74760000e+04 1.75300000e+04
  1.75470000e+04 1.76950000e+04 1.78360000e+04 1.78480000e+04]
 [1.57900000e+04 1.58790000e+04 1.58980000e+04 1.59230000e+04
  1.59850000e+04 1.63910000e+04 1.64120000e+04 1.64440000e+04
  1.65000000e+04 1.65610000e+04 1.65840000e+04 1.66170000e+04
  1.66830000e+04 1.67480000e+04 1.67580000e+04 1.67850000e+04
  1.68240000e+04 1.68700000e+04 1.72190000e+04 1.72810000e+04]
 [1.25950000e+04 1.53400000e+04 1.54390000e+04 1.55500000e+04
  1.55830000e+04 1.56640000e+04 1.57030000e+04 1.57520000e+04
  1.58480000e+04 1.58790000e+04 1.59410000e+04 1.59810000e+04
  1.60350000e+04 1.60880000e+04 1.61790000e+04 1.62660000e+04
  1.63020000e+04 1.63810000e+04 1.64080000e+04 1.64100000e+04]
 [1.42810000e+04 1.47030000e+04 1.47720000e+04 1.47990000e+04
  1.48890000e+04 1.49800000e+04 1.49820000e+04 1.50510000e+04
  1.51400000e+04 1.51700000e+04 1.52370000e+04 1.52740000e+04
  1.52960000e+04 1.53750000e+04 1.54530000e+04 1.55260000e+04
  1.55970000e+04 1.57150000e+04 1.58690000e+04 1.60340000e+04]
 [1.38290000e+04 1.38900000e+04 1.38920000e+04 1.39190000e+04
  1.40820000e+04 1.42670000e+04 1.44930000e+04 1.45510000e+04
  1.45870000e+04 1.46410000e+04 1.46870000e+04 1.47720000e+04
  1.47990000e+04 1.48620000e+04 1.49040000e+04 1.49920000e+04
  1.50670000e+04 1.51970000e+04 1.52430000e+04 1.52620000e+04]
 [1.35050000e+04 1.35240000e+04 1.35830000e+04 1.36560000e+04
  1.37460000e+04 1.37660000e+04 1.37930000e+04 1.38290000e+04
  1.38450000e+04 1.38980000e+04 1.39660000e+04 1.39760000e+04
  1.40350000e+04 1.41180000e+04 1.41400000e+04 1.41460000e+04
  1.42370000e+04 1.42590000e+04 1.43330000e+04 1.44320000e+04]
 [1.20480000e+04 1.23020000e+04 1.24830000e+04 1.26600000e+04
  1.26800000e+04 1.27790000e+04 1.28080000e+04 1.28570000e+04
  1.29430000e+04 1.30390000e+04 1.31220000e+04 1.31360000e+04
  1.32310000e+04 1.32480000e+04 1.32930000e+04 1.33580000e+04
  1.34060000e+04 1.34700000e+04 1.34790000e+04 1.41100000e+04]
 [9.33400000e+03 1.14490000e+04 1.15030000e+04 1.15800000e+04
  1.16790000e+04 1.17690000e+04 1.18300000e+04 1.18950000e+04
  1.19530000e+04 1.19950000e+04 1.20810000e+04 1.21450000e+04
  1.21480000e+04 1.22030000e+04 1.22820000e+04 1.23700000e+04
  1.23830000e+04 1.24460000e+04 1.25120000e+04 1.25950000e+04]
 [7.94200000e+03 1.03170000e+04 1.03460000e+04 1.04080000e+04
  1.04890000e+04 1.05700000e+04 1.06670000e+04 1.07630000e+04
  1.08290000e+04 1.09100000e+04 1.09850000e+04 1.10780000e+04
  1.11290000e+04 1.12020000e+04 1.12780000e+04 1.13110000e+04
  1.13450000e+04 1.14400000e+04 1.14440000e+04 1.23770000e+04]
 [8.02300000e+03 9.34300000e+03 9.40200000e+03 9.41700000e+03
  9.52000000e+03 9.60500000e+03 9.63700000e+03 9.70500000e+03
  9.77500000e+03 9.79900000e+03 9.85200000e+03 9.86400000e+03
  9.93300000e+03 9.96800000e+03 1.00570000e+04 1.00630000e+04
  1.01040000e+04 1.01910000e+04 1.02320000e+04 1.05190000e+04]
 [8.88900000e+03 8.91600000e+03 8.98600000e+03 9.07000000e+03
  9.15000000e+03 9.16700000e+03 9.21000000e+03 9.26000000e+03
  9.27700000e+03 9.32700000e+03 9.39300000e+03 9.41700000e+03
  9.43200000e+03 9.52200000e+03 9.60500000e+03 9.65000000e+03
  9.66500000e+03 9.73700000e+03 9.81399999e+03 1.07460000e+04]
 [7.35500000e+03 7.89000000e+03 8.15700000e+03 8.24500000e+03
  8.29900000e+03 8.34900000e+03 8.40800000e+03 8.45900000e+03
  8.49500000e+03 8.58200000e+03 8.68000000e+03 8.70600000e+03
  8.76200000e+03 8.85100000e+03 8.88900000e+03 8.93700000e+03
  8.99500000e+03 8.99800000e+03 9.70800000e+03 9.71800000e+03]
 [7.18600000e+03 7.24900000e+03 7.27800000e+03 7.97300000e+03
  8.02300000e+03 8.03400000e+03 8.07200000e+03 8.09100000e+03
  8.09800000e+03 8.15700000e+03 8.19700000e+03 8.25300000e+03
  8.25800000e+03 8.31700000e+03 8.40000000e+03 8.44700000e+03
  8.48800000e+03 8.57800000e+03 8.68200000e+03 8.96400000e+03]
 [6.76600000e+03 6.93800000e+03 7.02000000e+03 7.08900000e+03
  7.20100000e+03 7.32400000e+03 7.36300000e+03 7.39000000e+03
  7.48800000e+03 7.49600000e+03 7.54900000e+03 7.56400000e+03
  7.56500000e+03 7.63300000e+03 7.68900000e+03 7.76100000e+03
  7.82200000e+03 7.87100000e+03 7.90600000e+03 8.23200000e+03]
 [6.57200000e+03 6.65600000e+03 6.69700000e+03 6.77500000e+03
  6.82800000e+03 6.91000000e+03 6.94200000e+03 6.99300000e+03
  7.02000000e+03 7.07600000e+03 7.08000000e+03 7.09900000e+03
  7.14000000e+03 7.22000000e+03 7.25300000e+03 7.32400000e+03
  7.34200000e+03 7.35500000e+03 7.35800000e+03 7.40100000e+03]
 [4.73600000e+03 6.02700000e+03 6.08600000e+03 6.15300000e+03
  6.17700000e+03 6.17900000e+03 6.24800000e+03 6.29300000e+03
  6.37800000e+03 6.42900000e+03 6.47500000e+03 6.56100000e+03
  6.57200000e+03 6.57400000e+03 6.67100000e+03 6.72400000e+03
  6.76800000e+03 6.83200000e+03 6.90600000e+03 7.27100000e+03]
 [4.71200000e+03 5.22200000e+03 5.31900000e+03 5.33000000e+03
  5.39900000e+03 5.40500000e+03 5.41700000e+03 5.50100000e+03
  5.53300000e+03 5.53400000e+03 5.62400000e+03 5.65600000e+03
  5.75400000e+03 5.83300000e+03 5.86900000e+03 5.92500000e+03
  5.92600000e+03 5.94300000e+03 6.09900000e+03 6.76800000e+03]
 [3.04800000e+03 4.43800000e+03 4.50200000e+03 4.51800000e+03
  4.58200000e+03 4.65100000e+03 4.66700000e+03 4.71200000e+03
  4.77400000e+03 4.79000000e+03 4.79500000e+03 4.82100000e+03
  4.89100000e+03 4.93900000e+03 4.99700000e+03 5.07200000e+03
  5.08500000e+03 5.09600000e+03 5.14300000e+03 5.19300000e+03]
 [3.88500000e+03 3.95700000e+03 4.00800000e+03 4.02400000e+03
  4.05600000e+03 4.09900000e+03 4.16000000e+03 4.17100000e+03
  4.17200000e+03 4.24600000e+03 4.26300000e+03 4.27800000e+03
  4.35000000e+03 4.43700000e+03 4.51800000e+03 4.54400000e+03
  4.57000000e+03 4.68200000e+03 4.96600000e+03 5.04500000e+03]
 [2.05600000e+03 2.95400000e+03 3.02300000e+03 3.12100000e+03
  3.18100000e+03 3.27100000e+03 3.30800000e+03 3.34300000e+03
  3.39000000e+03 3.40700000e+03 3.50000000e+03 3.58300000e+03
  3.61000000e+03 3.70500000e+03 3.78200000e+03 3.84900000e+03
  3.87900000e+03 3.97300000e+03 3.99900000e+03 4.04400000e+03]
 [2.46300000e+03 2.50500000e+03 2.59800000e+03 2.68600000e+03
  2.77500000e+03 2.80600000e+03 2.89500000e+03 2.95400000e+03
  3.04000000e+03 3.06800000e+03 3.09100000e+03 3.09500000e+03
  3.16700000e+03 3.21000000e+03 3.23800000e+03 3.29000000e+03
  3.44000000e+03 3.52800000e+03 3.61900000e+03 3.95100000e+03]
 [1.50000000e+03 1.58400000e+03 1.59200000e+03 1.67600000e+03
  1.74300000e+03 1.82700000e+03 1.83800000e+03 1.92700000e+03
  1.96500000e+03 1.97700000e+03 2.05100000e+03 2.06500000e+03
  2.11500000e+03 2.19800000e+03 2.24000000e+03 2.31700000e+03
  2.40500000e+03 2.87100000e+03 2.92900000e+03 2.93700000e+03]
 [3.30000000e+01 6.10000000e+01 6.19000000e+02 7.16000000e+02
  7.47000000e+02 7.62000000e+02 7.97000000e+02 8.06000000e+02
  8.65000000e+02 9.15000000e+02 1.01300000e+03 1.09900000e+03
  1.10500000e+03 1.15400000e+03 1.17800000e+03 1.26700000e+03
  1.32300000e+03 1.40800000e+03 1.42200000e+03 2.22000000e+03]
 [0.00000000e+00 5.10000000e+01 7.60000000e+01 1.32000000e+02
  1.99000000e+02 2.50000000e+02 2.94000000e+02 3.74000000e+02
  4.40000000e+02 4.63000000e+02 5.37000000e+02 5.49000000e+02
  6.01000000e+02 6.14000000e+02 6.18000000e+02 6.54000000e+02
  7.23000000e+02 7.28000000e+02 7.49000000e+02 1.02000000e+03]]
