optimal_status: 0
solution: 12308.0
cpu_time: 3600.4527490139008
gap: 0.903637344478814
upper_bound: 1186.0315641547566
lower_bound: 12308.0
cg_matrix: [[0. 1. 1. 1. 1. 1. 0. 0. 0. 1. 1. 1. 1. 0. 1. 1. 1. 0. 1. 1. 0. 1. 1. 1.
  1. 1. 0. 1. 1. 0.]
 [1. 0. 1. 1. 1. 1. 0. 1. 1. 1. 0. 1. 1. 0. 0. 1. 0. 1. 1. 1. 0. 0. 1. 1.
  1. 1. 0. 1. 1. 1.]
 [1. 1. 0. 1. 1. 1. 1. 1. 1. 1. 1. 0. 1. 1. 0. 1. 0. 1. 1. 0. 1. 0. 1. 1.
  1. 1. 1. 1. 1. 1.]
 [1. 1. 1. 0. 1. 1. 1. 1. 1. 1. 0. 0. 1. 1. 1. 1. 1. 1. 1. 0. 1. 1. 1. 1.
  0. 1. 1. 1. 1. 1.]
 [1. 1. 1. 1. 0. 0. 1. 1. 1. 1. 1. 0. 0. 1. 1. 1. 0. 1. 1. 1. 0. 1. 1. 1.
  1. 0. 1. 1. 1. 1.]
 [1. 1. 1. 1. 0. 0. 0. 1. 1. 1. 1. 1. 1. 1. 1. 1. 1. 1. 0. 0. 0. 1. 0. 1.
  1. 1. 1. 1. 1. 0.]
 [0. 0. 1. 1. 1. 0. 0. 1. 1. 1. 1. 1. 0. 1. 1. 1. 1. 0. 0. 1. 0. 1. 1. 1.
  1. 0. 0. 1. 1. 1.]
 [0. 1. 1. 1. 1. 1. 1. 0. 1. 1. 1. 1. 1. 1. 1. 0. 1. 1. 1. 1. 1. 1. 1. 1.
  1. 1. 1. 1. 1. 0.]
 [0. 1. 1. 1. 1. 1. 1. 1. 0. 0. 0. 1. 0. 1. 1. 1. 1. 1. 1. 1. 1. 1. 1. 1.
  1. 1. 1. 1. 1. 1.]
 [1. 1. 1. 1. 1. 1. 1. 1. 0. 0. 1. 1. 1. 1. 1. 1. 1. 1. 1. 1. 1. 1. 1. 1.
  0. 1. 0. 1. 1. 1.]
 [1. 0. 1. 0. 1. 1. 1. 1. 0. 1. 0. 1. 1. 1. 1. 1. 1. 1. 1. 1. 1. 1. 1. 1.
  1. 1. 1. 1. 1. 1.]
 [1. 1. 0. 0. 0. 1. 1. 1. 1. 1. 1. 0. 1. 1. 0. 1. 1. 1. 1. 1. 1. 1. 0. 1.
  1. 1. 1. 1. 1. 0.]
 [1. 1. 1. 1. 0. 1. 0. 1. 0. 1. 1. 1. 0. 1. 1. 0. 1. 1. 1. 1. 1. 1. 1. 1.
  0. 1. 1. 1. 1. 1.]
 [0. 0. 1. 1. 1. 1. 1. 1. 1. 1. 1. 1. 1. 0. 1. 1. 0. 1. 1. 1. 1. 1. 1. 1.
  1. 0. 1. 1. 1. 1.]
 [1. 0. 0. 1. 1. 1. 1. 1. 1. 1. 1. 0. 1. 1. 0. 0. 1. 1. 1. 1. 1. 1. 1. 1.
  1. 1. 1. 1. 1. 1.]
 [1. 1. 1. 1. 1. 1. 1. 0. 1. 1. 1. 1. 0. 1. 0. 0. 0. 0. 0. 0. 0. 0. 0. 0.
  0. 0. 0. 0. 0. 0.]
 [1. 0. 0. 1. 0. 1. 1. 1. 1. 1. 1. 1. 1. 0. 1. 0. 0. 0. 0. 0. 0. 0. 0. 0.
  0. 0. 0. 0. 0. 0.]
 [0. 1. 1. 1. 1. 1. 0. 1. 1. 1. 1. 1. 1. 1. 1. 0. 0. 0. 0. 0. 0. 0. 0. 0.
  0. 0. 0. 0. 0. 0.]
 [1. 1. 1. 1. 1. 0. 0. 1. 1. 1. 1. 1. 1. 1. 1. 0. 0. 0. 0. 0. 0. 0. 0. 0.
  0. 0. 0. 0. 0. 0.]
 [1. 1. 0. 0. 1. 0. 1. 1. 1. 1. 1. 1. 1. 1. 1. 0. 0. 0. 0. 0. 0. 0. 0. 0.
  0. 0. 0. 0. 0. 0.]
 [0. 0. 1. 1. 0. 0. 0. 1. 1. 1. 1. 1. 1. 1. 1. 0. 0. 0. 0. 0. 0. 0. 0. 0.
  0. 0. 0. 0. 0. 0.]
 [1. 0. 0. 1. 1. 1. 1. 1. 1. 1. 1. 1. 1. 1. 1. 0. 0. 0. 0. 0. 0. 0. 0. 0.
  0. 0. 0. 0. 0. 0.]
 [1. 1. 1. 1. 1. 0. 1. 1. 1. 1. 1. 0. 1. 1. 1. 0. 0. 0. 0. 0. 0. 0. 0. 0.
  0. 0. 0. 0. 0. 0.]
 [1. 1. 1. 1. 1. 1. 1. 1. 1. 1. 1. 1. 1. 1. 1. 0. 0. 0. 0. 0. 0. 0. 0. 0.
  0. 0. 0. 0. 0. 0.]
 [1. 1. 1. 0. 1. 1. 1. 1. 1. 0. 1. 1. 0. 1. 1. 0. 0. 0. 0. 0. 0. 0. 0. 0.
  0. 0. 0. 0. 0. 0.]
 [1. 1. 1. 1. 0. 1. 0. 1. 1. 1. 1. 1. 1. 0. 1. 0. 0. 0. 0. 0. 0. 0. 0. 0.
  0. 0. 0. 0. 0. 0.]
 [0. 0. 1. 1. 1. 1. 0. 1. 1. 0. 1. 1. 1. 1. 1. 0. 0. 0. 0. 0. 0. 0. 0. 0.
  0. 0. 0. 0. 0. 0.]
 [1. 1. 1. 1. 1. 1. 1. 1. 1. 1. 1. 1. 1. 1. 1. 0. 0. 0. 0. 0. 0. 0. 0. 0.
  0. 0. 0. 0. 0. 0.]
 [1. 1. 1. 1. 1. 1. 1. 1. 1. 1. 1. 1. 1. 1. 1. 0. 0. 0. 0. 0. 0. 0. 0. 0.
  0. 0. 0. 0. 0. 0.]
 [0. 1. 1. 1. 1. 0. 1. 0. 1. 1. 1. 0. 1. 1. 1. 0. 0. 0. 0. 0. 0. 0. 0. 0.
  0. 0. 0. 0. 0. 0.]]
start_times_array: [[2.7910e+03 1.0798e+04 1.0963e+04 1.1057e+04 1.1205e+04 1.1316e+04
  1.1407e+04 1.1464e+04 1.1700e+04 1.1787e+04 1.1793e+04 1.1875e+04
  1.1922e+04 1.2027e+04 1.2233e+04]
 [9.2010e+03 9.9430e+03 1.0470e+04 1.0552e+04 1.0731e+04 1.0845e+04
  1.0924e+04 1.1125e+04 1.1254e+04 1.1545e+04 1.1586e+04 1.1664e+04
  1.2019e+04 1.2121e+04 1.2142e+04]
 [9.5910e+03 9.7460e+03 9.7740e+03 9.8220e+03 9.8470e+03 9.9980e+03
  1.0096e+04 1.0227e+04 1.0234e+04 1.0302e+04 1.0398e+04 1.0613e+04
  1.0663e+04 1.1003e+04 1.1168e+04]
 [3.2860e+03 4.2670e+03 8.0240e+03 8.6310e+03 8.6920e+03 8.8650e+03
  9.2430e+03 9.2670e+03 9.3780e+03 9.4080e+03 9.4950e+03 9.5810e+03
  9.6430e+03 9.6530e+03 9.8490e+03]
 [8.1000e+02 7.7820e+03 7.9460e+03 8.0110e+03 8.1950e+03 8.2250e+03
  8.3570e+03 8.4030e+03 8.5430e+03 8.7870e+03 8.9360e+03 9.0150e+03
  9.0720e+03 9.1430e+03 1.0191e+04]
 [9.1600e+02 1.6150e+03 7.7500e+03 7.7820e+03 7.7970e+03 7.8950e+03
  8.0700e+03 8.1950e+03 8.2610e+03 8.3040e+03 8.3350e+03 8.5430e+03
  8.7350e+03 9.0150e+03 9.3380e+03]
 [2.6700e+02 7.2300e+03 7.3590e+03 7.3830e+03 7.6540e+03 7.7250e+03
  7.8530e+03 8.0700e+03 8.1280e+03 8.2470e+03 8.3110e+03 8.3410e+03
  8.4730e+03 8.7350e+03 8.7540e+03]
 [6.5390e+03 6.5820e+03 6.7480e+03 6.9230e+03 6.9850e+03 7.0430e+03
  7.0810e+03 7.1650e+03 7.2720e+03 7.3950e+03 7.4210e+03 7.5160e+03
  7.5770e+03 7.6760e+03 8.4940e+03]
 [3.4130e+03 4.0230e+03 5.0100e+03 5.2710e+03 5.3300e+03 5.4000e+03
  6.0240e+03 6.1210e+03 6.1780e+03 6.2260e+03 6.3180e+03 6.4000e+03
  6.6330e+03 6.7200e+03 6.8010e+03]
 [5.3300e+03 5.4570e+03 5.4900e+03 5.7180e+03 5.8330e+03 6.0240e+03
  6.0600e+03 6.0880e+03 6.1410e+03 6.2190e+03 6.2970e+03 6.4200e+03
  6.4920e+03 6.6330e+03 6.6610e+03]
 [4.3350e+03 4.9100e+03 5.0380e+03 5.1240e+03 5.1580e+03 5.2460e+03
  5.2610e+03 5.3250e+03 5.3900e+03 5.3940e+03 5.6490e+03 5.8560e+03
  6.3910e+03 6.8010e+03 6.8540e+03]
 [2.9750e+03 3.9360e+03 4.1040e+03 4.2670e+03 4.4640e+03 4.5400e+03
  4.6650e+03 4.8090e+03 4.8240e+03 4.8290e+03 4.8310e+03 5.0650e+03
  5.5560e+03 5.8140e+03 5.9380e+03]
 [2.3240e+03 3.0900e+03 3.2100e+03 3.3670e+03 3.4290e+03 3.5240e+03
  3.7840e+03 3.9250e+03 4.0230e+03 4.0520e+03 4.1540e+03 4.4330e+03
  4.6140e+03 4.7540e+03 4.9990e+03]
 [2.1560e+03 2.2320e+03 2.5660e+03 2.6510e+03 2.6710e+03 2.7320e+03
  2.7910e+03 2.8530e+03 2.9050e+03 3.2230e+03 3.5910e+03 3.6200e+03
  3.7050e+03 3.8730e+03 4.2160e+03]
 [7.3500e+02 1.3850e+03 1.5050e+03 1.8740e+03 1.9250e+03 2.0220e+03
  2.0680e+03 2.4790e+03 2.5090e+03 2.7460e+03 2.9100e+03 2.9330e+03
  3.0240e+03 3.1370e+03 3.9820e+03]
 [0.0000e+00 8.1000e+01 1.5600e+02 1.8800e+02 2.9400e+02 3.7900e+02
  4.4600e+02 4.6000e+02 4.9300e+02 6.0800e+02 1.2190e+03 1.5560e+03
  1.7560e+03 2.0870e+03 2.5090e+03]
 [5.4400e+02 1.0140e+03 1.0690e+03 1.0780e+03 1.1640e+03 1.1870e+03
  1.2880e+03 1.4370e+03 1.6640e+03 1.7620e+03 1.8200e+03 2.1930e+03
  2.2420e+03 2.4560e+03 2.7100e+03]
 [9.1000e+01 4.6200e+02 5.6600e+02 6.3800e+02 1.1520e+03 1.1840e+03
  1.2780e+03 1.3110e+03 1.6910e+03 1.7050e+03 1.7070e+03 1.8060e+03
  1.8540e+03 2.3840e+03 2.5070e+03]
 [0.0000e+00 2.2200e+02 4.8100e+02 6.4900e+02 9.8800e+02 1.0660e+03
  1.0760e+03 1.1650e+03 1.2540e+03 1.4710e+03 1.5980e+03 1.6680e+03
  1.7470e+03 1.8180e+03 1.8600e+03]
 [0.0000e+00 1.0000e+00 9.2000e+01 1.5600e+02 2.2300e+02 6.3800e+02
  9.2400e+02 1.0000e+03 1.0160e+03 1.0430e+03 1.0670e+03 1.2780e+03
  1.3030e+03 1.4300e+03 1.6920e+03]
 [2.3000e+01 4.9000e+01 5.3000e+01 8.3000e+01 4.3500e+02 4.9100e+02
  5.3500e+02 5.7900e+02 6.6300e+02 1.1430e+03 1.1720e+03 1.3070e+03
  1.7580e+03 1.8360e+03 2.3840e+03]
 [2.1000e+01 5.6000e+01 1.2500e+02 2.1400e+02 2.9400e+02 5.5500e+02
  6.0200e+02 9.9500e+02 1.0820e+03 1.2180e+03 1.2770e+03 1.3580e+03
  1.3710e+03 1.6730e+03 1.8630e+03]
 [0.0000e+00 5.6000e+01 3.8400e+02 5.0700e+02 5.9300e+02 6.7000e+02
  8.4000e+02 9.2400e+02 1.2630e+03 1.3170e+03 1.4610e+03 1.4670e+03
  1.6880e+03 1.7750e+03 1.8650e+03]
 [3.5000e+01 3.4700e+02 3.8900e+02 5.9300e+02 6.9200e+02 7.9600e+02
  8.4000e+02 9.8400e+02 1.0130e+03 1.0780e+03 1.1210e+03 1.1340e+03
  1.1760e+03 1.2430e+03 1.3050e+03]
 [2.0000e+00 9.6000e+01 1.6800e+02 3.3500e+02 4.7000e+02 5.4900e+02
  5.8800e+02 8.4000e+02 8.8700e+02 1.0750e+03 1.2670e+03 1.2730e+03
  1.3480e+03 1.3500e+03 1.3580e+03]
 [0.0000e+00 1.7000e+01 8.1000e+01 1.7800e+02 4.6300e+02 6.6700e+02
  8.0400e+02 8.6600e+02 1.0970e+03 1.1290e+03 1.2100e+03 1.2900e+03
  1.6470e+03 1.7290e+03 2.2360e+03]
 [4.4000e+01 6.4000e+01 1.8800e+02 2.8600e+02 2.9300e+02 4.0600e+02
  4.4900e+02 5.0900e+02 5.5600e+02 6.1800e+02 6.9300e+02 1.0240e+03
  1.0870e+03 1.2390e+03 1.2850e+03]
 [0.0000e+00 1.3000e+01 2.8000e+01 1.1300e+02 1.6800e+02 1.7500e+02
  1.8100e+02 1.8400e+02 3.4200e+02 3.5300e+02 4.1700e+02 5.0700e+02
  9.8400e+02 9.8900e+02 1.2600e+03]
 [0.0000e+00 1.8000e+02 2.9400e+02 3.8700e+02 4.8200e+02 5.3700e+02
  5.9200e+02 6.6200e+02 1.0060e+03 1.0100e+03 1.0130e+03 1.1840e+03
  1.2950e+03 1.3600e+03 1.8320e+03]
 [0.0000e+00 1.3000e+01 4.9000e+01 8.3000e+01 8.8000e+01 1.8600e+02
  2.9400e+02 4.4300e+02 5.0900e+02 6.4500e+02 6.9500e+02 9.3000e+02
  1.0670e+03 1.1900e+03 1.2520e+03]]
