optimal_status: 0
solution: 17731.0
cpu_time: 3603.8658170700073
gap: 0.924975337257796
upper_bound: 1330.2622950820182
lower_bound: 17731.0
cg_matrix: [[0. 1. 1. 1. 1. 1. 1. 1. 1. 1. 1. 1. 1. 1. 1. 0. 1. 0. 1. 0.]
 [1. 0. 1. 0. 1. 1. 1. 0. 1. 1. 0. 1. 0. 1. 0. 1. 1. 1. 0. 1.]
 [1. 1. 0. 1. 1. 1. 1. 1. 1. 0. 1. 1. 1. 1. 1. 1. 1. 1. 1. 1.]
 [1. 0. 1. 0. 1. 1. 1. 1. 0. 1. 1. 1. 1. 1. 1. 1. 0. 0. 1. 1.]
 [1. 1. 1. 1. 0. 1. 1. 0. 1. 1. 1. 1. 1. 1. 1. 1. 1. 1. 0. 1.]
 [1. 1. 1. 1. 1. 0. 1. 1. 1. 1. 1. 1. 1. 1. 1. 1. 1. 1. 0. 0.]
 [1. 1. 1. 1. 1. 1. 0. 1. 1. 1. 1. 1. 1. 0. 1. 0. 1. 1. 1. 1.]
 [1. 0. 1. 1. 0. 1. 1. 0. 1. 1. 1. 1. 1. 1. 1. 1. 1. 1. 1. 1.]
 [1. 1. 1. 0. 1. 1. 1. 1. 0. 1. 1. 1. 1. 1. 1. 1. 1. 1. 1. 1.]
 [1. 1. 0. 1. 1. 1. 1. 1. 1. 0. 1. 1. 1. 1. 0. 1. 1. 1. 1. 1.]
 [1. 0. 1. 1. 1. 1. 1. 1. 1. 1. 0. 1. 0. 1. 0. 0. 1. 1. 1. 1.]
 [1. 1. 1. 1. 1. 1. 1. 1. 1. 1. 1. 0. 1. 1. 1. 0. 0. 1. 1. 0.]
 [1. 0. 1. 1. 1. 1. 1. 1. 1. 1. 0. 1. 0. 1. 1. 1. 1. 1. 1. 1.]
 [1. 1. 1. 1. 1. 1. 0. 1. 1. 1. 1. 1. 1. 0. 1. 1. 1. 1. 1. 1.]
 [1. 0. 1. 1. 1. 1. 1. 1. 1. 0. 0. 1. 1. 1. 0. 1. 1. 1. 1. 1.]
 [0. 1. 1. 1. 1. 1. 0. 1. 1. 1. 0. 0. 1. 1. 1. 0. 1. 1. 0. 0.]
 [1. 1. 1. 0. 1. 1. 1. 1. 1. 1. 1. 0. 1. 1. 1. 1. 0. 1. 1. 1.]
 [0. 1. 1. 0. 1. 1. 1. 1. 1. 1. 1. 1. 1. 1. 1. 1. 1. 0. 1. 1.]
 [1. 0. 1. 1. 0. 0. 1. 1. 1. 1. 1. 1. 1. 1. 1. 0. 1. 1. 0. 1.]
 [0. 1. 1. 1. 1. 0. 1. 1. 1. 1. 1. 0. 1. 1. 1. 0. 1. 1. 1. 0.]]
start_times_array: [[4.2700e+02 6.8600e+02 7.4700e+02 1.1100e+03 2.4320e+03 3.8220e+03
  1.6193e+04 1.6435e+04 1.7083e+04 1.7167e+04 1.7174e+04 1.7248e+04
  1.7341e+04 1.7431e+04 1.7477e+04 1.7484e+04 1.7568e+04 1.7624e+04
  1.7682e+04 1.7727e+04]
 [1.1980e+03 1.3590e+03 1.3740e+03 1.4920e+03 1.5650e+03 1.7800e+03
  1.8740e+03 1.8940e+03 1.9630e+03 1.9760e+03 2.0020e+03 2.0500e+03
  2.2700e+03 2.5940e+03 3.0090e+03 4.2610e+03 4.6060e+03 6.1990e+03
  6.5680e+03 6.7220e+03]
 [2.9220e+03 3.3650e+03 4.1630e+03 4.2760e+03 4.4350e+03 4.4820e+03
  1.6276e+04 1.6343e+04 1.6421e+04 1.6495e+04 1.6587e+04 1.6681e+04
  1.6707e+04 1.6775e+04 1.6811e+04 1.6890e+04 1.6961e+04 1.7055e+04
  1.7140e+04 1.7165e+04]
 [1.6730e+03 1.7720e+03 3.7560e+03 3.8550e+03 1.4558e+04 1.4923e+04
  1.5015e+04 1.5120e+04 1.5187e+04 1.5321e+04 1.5487e+04 1.5497e+04
  1.5619e+04 1.5795e+04 1.5904e+04 1.5970e+04 1.6003e+04 1.6012e+04
  1.6065e+04 1.6164e+04]
 [2.9700e+02 1.2950e+03 1.3920e+03 2.7580e+03 2.8800e+03 4.1030e+03
  1.4174e+04 1.4568e+04 1.4792e+04 1.4828e+04 1.4978e+04 1.5035e+04
  1.5256e+04 1.5337e+04 1.5411e+04 1.5551e+04 1.5718e+04 1.5799e+04
  1.5813e+04 1.6095e+04]
 [5.5000e+02 6.3600e+02 6.5200e+02 1.4090e+03 3.0510e+03 1.3444e+04
  1.3783e+04 1.3873e+04 1.3961e+04 1.4030e+04 1.4188e+04 1.4210e+04
  1.4246e+04 1.4299e+04 1.4379e+04 1.4432e+04 1.4433e+04 1.4490e+04
  1.5666e+04 1.5692e+04]
 [2.1270e+03 1.2360e+04 1.2655e+04 1.2696e+04 1.2853e+04 1.2869e+04
  1.2957e+04 1.2973e+04 1.3034e+04 1.3086e+04 1.3140e+04 1.3238e+04
  1.3241e+04 1.4019e+04 1.4101e+04 1.4156e+04 1.4663e+04 1.4730e+04
  1.5304e+04 1.7400e+04]
 [6.6170e+03 6.8000e+03 8.9520e+03 1.0472e+04 1.1383e+04 1.2046e+04
  1.2082e+04 1.2153e+04 1.2248e+04 1.2257e+04 1.2303e+04 1.2443e+04
  1.2562e+04 1.2569e+04 1.2585e+04 1.2681e+04 1.3533e+04 1.3659e+04
  1.3700e+04 1.3947e+04]
 [1.0512e+04 1.0926e+04 1.0977e+04 1.1129e+04 1.1170e+04 1.1244e+04
  1.1328e+04 1.1459e+04 1.1513e+04 1.1555e+04 1.1630e+04 1.1685e+04
  1.1742e+04 1.1804e+04 1.1827e+04 1.1855e+04 1.1858e+04 1.1958e+04
  1.3075e+04 1.3805e+04]
 [8.8740e+03 9.1470e+03 9.5180e+03 9.5390e+03 9.7290e+03 9.8200e+03
  9.8950e+03 1.0080e+04 1.0115e+04 1.0192e+04 1.0221e+04 1.0380e+04
  1.0542e+04 1.0631e+04 1.0680e+04 1.0727e+04 1.0760e+04 1.0764e+04
  1.0822e+04 1.0893e+04]
 [2.5940e+03 7.2200e+03 7.4560e+03 8.0350e+03 8.6460e+03 8.7020e+03
  8.7450e+03 9.0440e+03 9.0590e+03 9.2870e+03 9.3150e+03 9.3560e+03
  9.4430e+03 9.6030e+03 9.6800e+03 9.9480e+03 1.0000e+04 1.3325e+04
  1.3350e+04 1.3604e+04]
 [1.4000e+01 5.4000e+01 3.3000e+02 3.5700e+02 4.7400e+02 8.0160e+03
  8.1320e+03 8.1990e+03 8.2080e+03 8.2180e+03 8.2260e+03 8.3950e+03
  8.4440e+03 8.5140e+03 8.5760e+03 8.7680e+03 8.8060e+03 8.9980e+03
  9.2100e+03 1.2073e+04]
 [1.4920e+03 2.3340e+03 6.7220e+03 6.9900e+03 7.0020e+03 7.2200e+03
  7.4560e+03 7.5020e+03 7.8140e+03 7.9020e+03 7.9130e+03 7.9490e+03
  8.0350e+03 9.0440e+03 1.0840e+04 1.1223e+04 1.1437e+04 1.1941e+04
  1.2750e+04 1.2793e+04]
 [4.8970e+03 5.9240e+03 6.0900e+03 6.4000e+03 6.4510e+03 6.4820e+03
  6.5470e+03 6.5650e+03 6.5740e+03 6.6050e+03 6.6330e+03 6.6680e+03
  6.9360e+03 6.9800e+03 7.1000e+03 7.1430e+03 7.3180e+03 7.3580e+03
  7.5810e+03 1.2529e+04]
 [4.7390e+03 5.1090e+03 5.2950e+03 5.3150e+03 5.3170e+03 5.4650e+03
  5.5320e+03 5.6130e+03 5.7080e+03 5.7470e+03 5.7920e+03 5.8740e+03
  6.0010e+03 6.1220e+03 6.1990e+03 6.2620e+03 8.6460e+03 8.6880e+03
  9.0660e+03 9.6780e+03]
 [2.5000e+01 8.7000e+01 9.3000e+01 1.3900e+02 1.7900e+02 3.3000e+02
  4.1900e+02 4.3000e+02 4.4300e+02 4.5350e+03 4.6700e+03 4.8110e+03
  4.9570e+03 5.0170e+03 5.1510e+03 5.2070e+03 5.3670e+03 5.4470e+03
  9.6030e+03 1.3009e+04]
 [2.1310e+03 2.4160e+03 3.1300e+03 3.1900e+03 3.2280e+03 3.2710e+03
  3.4540e+03 3.4570e+03 3.5100e+03 3.5900e+03 3.6860e+03 3.7560e+03
  3.8550e+03 3.9380e+03 4.0200e+03 4.1910e+03 4.4130e+03 6.3060e+03
  9.2100e+03 1.1072e+04]
 [9.9300e+02 1.0360e+03 1.6730e+03 1.7440e+03 1.7530e+03 2.1820e+03
  2.4320e+03 2.5220e+03 2.6190e+03 2.6620e+03 2.6780e+03 2.7140e+03
  2.8390e+03 6.8990e+03 7.6500e+03 7.7300e+03 8.3090e+03 1.0289e+04
  1.0950e+04 1.0974e+04]
 [1.1800e+02 2.9700e+02 1.0640e+03 1.1980e+03 1.2650e+03 1.3540e+03
  1.3640e+03 1.4270e+03 1.5640e+03 1.5780e+03 1.8370e+03 1.8980e+03
  1.9640e+03 2.0320e+03 2.0780e+03 2.1050e+03 2.1100e+03 2.2700e+03
  5.1510e+03 5.1610e+03]
 [0.0000e+00 8.3000e+01 1.6100e+02 2.0000e+02 3.3000e+02 4.2900e+02
  5.0600e+02 6.0400e+02 6.9200e+02 7.4300e+02 7.7400e+02 8.6200e+02
  8.8600e+02 9.2000e+02 9.6400e+02 9.9900e+02 1.1100e+03 1.1330e+03
  1.1480e+03 4.3570e+03]]
