optimal_status: 0
solution: 2588.0
cpu_time: 3600.1846058368683
gap: 0.5603135396062312
upper_bound: 1137.9085594990736
lower_bound: 2588.0
cg_matrix: [[0. 1. 0. 1. 0. 0. 0. 0. 0. 0. 0. 0. 0. 1. 0. 1. 0. 0. 0. 0.]
 [1. 0. 0. 0. 0. 0. 0. 0. 0. 1. 0. 0. 1. 0. 0. 0. 0. 1. 0. 1.]
 [0. 0. 0. 0. 0. 1. 0. 0. 1. 0. 0. 1. 0. 0. 0. 0. 0. 0. 1. 1.]
 [1. 0. 0. 0. 1. 0. 0. 0. 0. 0. 0. 0. 0. 0. 0. 0. 0. 0. 0. 0.]
 [0. 0. 0. 1. 0. 0. 0. 0. 0. 0. 0. 0. 0. 0. 0. 0. 0. 1. 0. 0.]
 [0. 0. 1. 0. 0. 0. 0. 0. 0. 0. 0. 0. 0. 0. 1. 0. 0. 1. 0. 1.]
 [0. 0. 0. 0. 0. 0. 0. 0. 0. 0. 0. 0. 0. 0. 1. 0. 0. 1. 0. 1.]
 [0. 0. 0. 0. 0. 0. 0. 0. 0. 0. 0. 0. 0. 0. 0. 1. 0. 0. 1. 0.]
 [0. 0. 1. 0. 0. 0. 0. 0. 0. 1. 0. 0. 1. 0. 1. 0. 0. 0. 1. 0.]
 [0. 1. 0. 0. 0. 0. 0. 0. 1. 0. 0. 0. 0. 0. 0. 0. 1. 0. 0. 0.]
 [0. 0. 0. 0. 0. 0. 0. 0. 0. 0. 0. 0. 0. 0. 0. 0. 0. 0. 0. 0.]
 [0. 0. 1. 0. 0. 0. 0. 0. 0. 0. 0. 0. 0. 0. 0. 0. 0. 1. 0. 0.]
 [0. 1. 0. 0. 0. 0. 0. 0. 1. 0. 0. 0. 0. 0. 0. 1. 0. 0. 0. 0.]
 [1. 0. 0. 0. 0. 0. 0. 0. 0. 0. 0. 0. 0. 0. 0. 1. 0. 0. 0. 0.]
 [0. 0. 0. 0. 0. 1. 1. 0. 1. 0. 0. 0. 0. 0. 0. 1. 0. 0. 0. 0.]
 [1. 0. 0. 0. 0. 0. 0. 1. 0. 0. 0. 0. 1. 1. 1. 0. 0. 0. 0. 0.]
 [0. 0. 0. 0. 0. 0. 0. 0. 0. 1. 0. 0. 0. 0. 0. 0. 0. 0. 0. 0.]
 [0. 1. 0. 0. 1. 1. 1. 0. 0. 0. 0. 1. 0. 0. 0. 0. 0. 0. 0. 0.]
 [0. 0. 1. 0. 0. 0. 0. 1. 1. 0. 0. 0. 0. 0. 0. 0. 0. 0. 0. 0.]
 [0. 1. 1. 0. 0. 1. 1. 0. 0. 0. 0. 0. 0. 0. 0. 0. 0. 0. 0. 0.]]
start_times_array: [[1.460e+02 1.860e+02 2.430e+02 3.870e+02 4.200e+02 4.920e+02 5.580e+02
  6.130e+02 6.490e+02 1.029e+03 1.347e+03 1.427e+03 1.802e+03 1.805e+03
  2.357e+03]
 [1.000e+00 2.100e+01 7.700e+01 3.380e+02 5.230e+02 7.580e+02 9.140e+02
  1.103e+03 1.155e+03 1.466e+03 1.933e+03 2.027e+03 2.156e+03 2.212e+03
  2.438e+03]
 [8.300e+01 1.810e+02 4.450e+02 1.206e+03 1.291e+03 1.322e+03 1.466e+03
  1.482e+03 1.501e+03 1.576e+03 2.049e+03 2.149e+03 2.216e+03 2.305e+03
  2.524e+03]
 [7.410e+02 8.400e+02 1.145e+03 1.186e+03 1.467e+03 1.639e+03 1.736e+03
  2.040e+03 2.115e+03 2.175e+03 2.217e+03 2.255e+03 2.284e+03 2.386e+03
  2.488e+03]
 [1.000e+00 1.110e+02 2.690e+02 2.950e+02 4.230e+02 6.090e+02 9.080e+02
  9.940e+02 1.220e+03 1.266e+03 1.273e+03 1.308e+03 1.744e+03 1.847e+03
  1.941e+03]
 [1.000e+00 2.690e+02 3.390e+02 5.420e+02 6.160e+02 7.460e+02 9.170e+02
  9.670e+02 1.116e+03 1.740e+03 1.762e+03 1.805e+03 1.903e+03 1.933e+03
  2.477e+03]
 [3.210e+02 5.270e+02 5.900e+02 8.010e+02 9.650e+02 1.117e+03 1.210e+03
  1.874e+03 1.941e+03 1.950e+03 2.012e+03 2.160e+03 2.256e+03 2.473e+03
  2.504e+03]
 [0.000e+00 7.000e+00 8.100e+01 3.380e+02 4.010e+02 5.000e+02 5.900e+02
  1.891e+03 1.972e+03 2.012e+03 2.074e+03 2.250e+03 2.271e+03 2.278e+03
  2.334e+03]
 [0.000e+00 9.000e+00 2.840e+02 3.680e+02 4.210e+02 5.420e+02 6.090e+02
  9.550e+02 9.920e+02 1.074e+03 1.143e+03 1.330e+03 1.743e+03 1.894e+03
  1.946e+03]
 [1.770e+02 4.500e+02 1.334e+03 1.438e+03 1.561e+03 1.604e+03 1.621e+03
  1.667e+03 1.805e+03 1.874e+03 2.059e+03 2.285e+03 2.358e+03 2.422e+03
  2.575e+03]
 [4.170e+02 5.620e+02 6.170e+02 9.940e+02 1.084e+03 1.166e+03 1.328e+03
  1.394e+03 1.716e+03 1.809e+03 1.822e+03 1.839e+03 2.042e+03 2.207e+03
  2.278e+03]
 [2.970e+02 4.090e+02 7.050e+02 7.920e+02 9.120e+02 9.350e+02 1.031e+03
  1.080e+03 1.159e+03 1.189e+03 1.734e+03 1.791e+03 1.967e+03 2.212e+03
  2.422e+03]
 [1.450e+02 2.220e+02 4.450e+02 6.800e+02 8.300e+02 1.252e+03 1.269e+03
  1.312e+03 1.413e+03 1.561e+03 1.577e+03 1.643e+03 1.814e+03 2.358e+03
  2.584e+03]
 [7.700e+01 7.410e+02 8.300e+02 8.530e+02 1.186e+03 1.238e+03 1.297e+03
  1.521e+03 1.578e+03 1.917e+03 1.978e+03 2.033e+03 2.266e+03 2.339e+03
  2.538e+03]
 [8.300e+01 1.540e+02 1.730e+02 4.450e+02 8.160e+02 1.421e+03 1.509e+03
  1.512e+03 1.580e+03 2.086e+03 2.276e+03 2.334e+03 2.356e+03 2.399e+03
  2.408e+03]
 [2.000e+01 4.300e+01 9.220e+02 9.950e+02 1.101e+03 1.198e+03 1.663e+03
  1.736e+03 1.751e+03 2.115e+03 2.206e+03 2.207e+03 2.327e+03 2.475e+03
  2.577e+03]
 [0.000e+00 1.800e+01 8.000e+01 2.440e+02 2.930e+02 2.970e+02 3.680e+02
  6.750e+02 7.260e+02 7.680e+02 8.080e+02 2.175e+03 2.267e+03 2.430e+03
  2.476e+03]
 [0.000e+00 1.760e+02 4.770e+02 6.820e+02 6.940e+02 8.240e+02 1.410e+03
  1.561e+03 1.600e+03 1.684e+03 2.079e+03 2.283e+03 2.313e+03 2.336e+03
  2.545e+03]
 [1.860e+02 6.750e+02 7.130e+02 8.050e+02 8.770e+02 1.349e+03 1.419e+03
  1.626e+03 1.658e+03 1.805e+03 2.086e+03 2.370e+03 2.465e+03 2.548e+03
  2.574e+03]
 [1.860e+02 3.920e+02 6.740e+02 8.160e+02 8.250e+02 1.004e+03 1.034e+03
  1.069e+03 1.327e+03 1.379e+03 1.643e+03 1.771e+03 2.076e+03 2.370e+03
  2.557e+03]]
