optimal_status: 0
solution: 9678.0
cpu_time: 3601.7435460090637
gap: 0.8029239386821866
upper_bound: 1907.302121433798
lower_bound: 9678.0
cg_matrix: [[0. 0. 0. 0. 0. 0. 0. 0. 0. 1. 0. 0. 0. 1. 0. 0. 0. 0. 0. 0. 0. 0. 0. 0.
  0. 1. 0. 0. 0. 0. 1. 0. 0. 0. 1. 0. 0. 1. 0. 0. 0. 0. 0. 0. 0. 0. 0. 0.
  0. 0.]
 [0. 0. 0. 0. 0. 0. 0. 0. 0. 0. 0. 0. 0. 0. 1. 0. 0. 1. 0. 0. 0. 0. 0. 0.
  1. 0. 1. 0. 1. 0. 0. 0. 1. 0. 0. 1. 1. 1. 0. 0. 1. 0. 0. 0. 0. 0. 1. 0.
  1. 0.]
 [0. 0. 0. 0. 0. 0. 1. 1. 0. 0. 0. 0. 0. 0. 0. 0. 1. 0. 0. 0. 0. 0. 0. 1.
  0. 0. 0. 0. 0. 0. 1. 0. 1. 0. 0. 1. 0. 0. 1. 1. 0. 0. 0. 0. 0. 1. 1. 0.
  0. 1.]
 [0. 0. 0. 0. 0. 1. 0. 0. 0. 0. 0. 0. 0. 0. 0. 0. 1. 0. 0. 0. 0. 0. 0. 1.
  0. 0. 0. 0. 0. 0. 0. 0. 0. 0. 1. 0. 1. 0. 0. 0. 0. 0. 1. 1. 0. 0. 1. 0.
  1. 0.]
 [0. 0. 0. 0. 0. 1. 0. 0. 0. 1. 0. 0. 1. 1. 0. 0. 0. 0. 1. 0. 0. 0. 1. 0.
  0. 0. 0. 0. 0. 0. 0. 0. 0. 0. 0. 0. 0. 0. 0. 0. 1. 1. 0. 0. 0. 0. 1. 0.
  0. 0.]
 [0. 0. 0. 1. 1. 0. 1. 0. 0. 0. 0. 0. 0. 0. 0. 0. 0. 0. 1. 0. 1. 0. 1. 1.
  0. 0. 0. 1. 0. 0. 1. 0. 0. 0. 0. 1. 0. 1. 0. 0. 0. 0. 0. 0. 0. 0. 0. 1.
  0. 0.]
 [0. 0. 1. 0. 0. 1. 0. 1. 0. 1. 0. 1. 1. 1. 0. 0. 0. 0. 0. 0. 0. 0. 0. 0.
  1. 0. 0. 0. 0. 0. 0. 0. 1. 0. 1. 0. 0. 0. 0. 0. 0. 0. 0. 1. 0. 0. 0. 0.
  0. 0.]
 [0. 0. 1. 0. 0. 0. 1. 0. 1. 0. 0. 0. 0. 0. 1. 0. 1. 0. 0. 0. 0. 0. 0. 0.
  0. 0. 0. 0. 0. 0. 0. 0. 1. 0. 1. 0. 0. 0. 0. 0. 1. 0. 0. 0. 1. 0. 1. 0.
  0. 0.]
 [0. 0. 0. 0. 0. 0. 0. 1. 0. 0. 1. 0. 0. 0. 0. 0. 0. 0. 0. 0. 0. 0. 0. 0.
  0. 0. 0. 1. 0. 0. 0. 1. 0. 0. 0. 0. 0. 0. 0. 0. 0. 0. 0. 0. 0. 0. 0. 0.
  1. 0.]
 [1. 0. 0. 0. 1. 0. 1. 0. 0. 0. 0. 0. 0. 1. 0. 0. 0. 0. 0. 1. 0. 1. 0. 0.
  0. 0. 0. 0. 0. 0. 0. 1. 0. 0. 0. 0. 0. 0. 1. 0. 0. 0. 0. 1. 1. 0. 0. 1.
  1. 0.]
 [0. 0. 0. 0. 0. 0. 0. 0. 1. 0. 0. 0. 0. 0. 0. 0. 0. 0. 0. 0. 0. 0. 0. 0.
  0. 0. 0. 0. 0. 1. 0. 0. 1. 0. 0. 1. 0. 0. 0. 0. 1. 0. 0. 0. 0. 0. 1. 1.
  1. 0.]
 [0. 0. 0. 0. 0. 0. 1. 0. 0. 0. 0. 0. 0. 0. 0. 0. 0. 1. 0. 0. 0. 0. 1. 0.
  0. 0. 1. 0. 0. 1. 0. 1. 0. 0. 0. 1. 0. 0. 1. 1. 0. 1. 0. 0. 0. 0. 0. 0.
  0. 0.]
 [0. 0. 0. 0. 1. 0. 1. 0. 0. 0. 0. 0. 0. 0. 0. 0. 0. 0. 0. 0. 0. 0. 0. 0.
  0. 0. 0. 0. 0. 0. 1. 0. 0. 0. 0. 0. 0. 1. 1. 1. 1. 0. 0. 0. 1. 0. 1. 0.
  0. 0.]
 [1. 0. 0. 0. 1. 0. 1. 0. 0. 1. 0. 0. 0. 0. 0. 0. 1. 1. 0. 0. 0. 1. 0. 0.
  1. 0. 1. 0. 0. 0. 0. 0. 0. 0. 0. 1. 1. 0. 0. 0. 0. 1. 0. 1. 0. 0. 0. 0.
  0. 1.]
 [0. 1. 0. 0. 0. 0. 0. 1. 0. 0. 0. 0. 0. 0. 0. 1. 0. 0. 0. 0. 1. 1. 0. 0.
  0. 1. 0. 0. 0. 1. 0. 0. 1. 0. 0. 0. 0. 0. 0. 1. 1. 0. 0. 1. 1. 0. 0. 0.
  0. 0.]
 [0. 0. 0. 0. 0. 0. 0. 0. 0. 0. 0. 0. 0. 0. 1. 0. 0. 0. 0. 0. 0. 0. 0. 1.
  1. 0. 0. 0. 0. 0. 0. 1. 0. 0. 1. 1. 0. 0. 0. 0. 0. 0. 1. 0. 0. 0. 0. 0.
  0. 0.]
 [0. 0. 1. 1. 0. 0. 0. 1. 0. 0. 0. 0. 0. 1. 0. 0. 0. 1. 1. 1. 0. 0. 0. 0.
  0. 0. 0. 0. 0. 0. 1. 1. 0. 0. 0. 0. 0. 0. 0. 0. 0. 0. 0. 0. 0. 0. 0. 0.
  0. 1.]
 [0. 1. 0. 0. 0. 0. 0. 0. 0. 0. 0. 1. 0. 1. 0. 0. 1. 0. 1. 0. 1. 0. 0. 0.
  0. 0. 0. 0. 0. 0. 1. 1. 1. 0. 1. 1. 0. 0. 0. 0. 0. 1. 0. 0. 0. 1. 0. 0.
  0. 0.]
 [0. 0. 0. 0. 1. 1. 0. 0. 0. 0. 0. 0. 0. 0. 0. 0. 1. 1. 0. 0. 1. 1. 1. 1.
  0. 0. 0. 0. 0. 0. 0. 0. 0. 0. 0. 0. 0. 1. 0. 1. 0. 0. 1. 0. 0. 1. 0. 0.
  0. 0.]
 [0. 0. 0. 0. 0. 0. 0. 0. 0. 1. 0. 0. 0. 0. 0. 0. 1. 0. 0. 0. 0. 0. 0. 1.
  1. 1. 0. 1. 1. 0. 0. 0. 0. 0. 1. 0. 1. 0. 0. 0. 0. 0. 0. 1. 0. 1. 0. 0.
  0. 0.]
 [0. 0. 0. 0. 0. 1. 0. 0. 0. 0. 0. 0. 0. 0. 1. 0. 0. 1. 1. 0. 0. 0. 0. 0.
  0. 0. 0. 0. 0. 0. 0. 0. 0. 0. 0. 0. 0. 0. 0. 0. 0. 0. 0. 0. 0. 0. 0. 0.
  0. 0.]
 [0. 0. 0. 0. 0. 0. 0. 0. 0. 1. 0. 0. 0. 1. 1. 0. 0. 0. 1. 0. 0. 0. 0. 0.
  0. 0. 0. 0. 0. 0. 0. 0. 0. 0. 0. 0. 0. 0. 0. 0. 0. 0. 0. 0. 0. 0. 0. 0.
  0. 0.]
 [0. 0. 0. 0. 1. 1. 0. 0. 0. 0. 0. 1. 0. 0. 0. 0. 0. 0. 1. 0. 0. 0. 0. 0.
  0. 0. 0. 0. 0. 0. 0. 0. 0. 0. 0. 0. 0. 0. 0. 0. 0. 0. 0. 0. 0. 0. 0. 0.
  0. 0.]
 [0. 0. 1. 1. 0. 1. 0. 0. 0. 0. 0. 0. 0. 0. 0. 1. 0. 0. 1. 1. 0. 0. 0. 0.
  0. 0. 0. 0. 0. 0. 0. 0. 0. 0. 0. 0. 0. 0. 0. 0. 0. 0. 0. 0. 0. 0. 0. 0.
  0. 0.]
 [0. 1. 0. 0. 0. 0. 1. 0. 0. 0. 0. 0. 0. 1. 0. 1. 0. 0. 0. 1. 0. 0. 0. 0.
  0. 0. 0. 0. 0. 0. 0. 0. 0. 0. 0. 0. 0. 0. 0. 0. 0. 0. 0. 0. 0. 0. 0. 0.
  0. 0.]
 [1. 0. 0. 0. 0. 0. 0. 0. 0. 0. 0. 0. 0. 0. 1. 0. 0. 0. 0. 1. 0. 0. 0. 0.
  0. 0. 0. 0. 0. 0. 0. 0. 0. 0. 0. 0. 0. 0. 0. 0. 0. 0. 0. 0. 0. 0. 0. 0.
  0. 0.]
 [0. 1. 0. 0. 0. 0. 0. 0. 0. 0. 0. 1. 0. 1. 0. 0. 0. 0. 0. 0. 0. 0. 0. 0.
  0. 0. 0. 0. 0. 0. 0. 0. 0. 0. 0. 0. 0. 0. 0. 0. 0. 0. 0. 0. 0. 0. 0. 0.
  0. 0.]
 [0. 0. 0. 0. 0. 1. 0. 0. 1. 0. 0. 0. 0. 0. 0. 0. 0. 0. 0. 1. 0. 0. 0. 0.
  0. 0. 0. 0. 0. 0. 0. 0. 0. 0. 0. 0. 0. 0. 0. 0. 0. 0. 0. 0. 0. 0. 0. 0.
  0. 0.]
 [0. 1. 0. 0. 0. 0. 0. 0. 0. 0. 0. 0. 0. 0. 0. 0. 0. 0. 0. 1. 0. 0. 0. 0.
  0. 0. 0. 0. 0. 0. 0. 0. 0. 0. 0. 0. 0. 0. 0. 0. 0. 0. 0. 0. 0. 0. 0. 0.
  0. 0.]
 [0. 0. 0. 0. 0. 0. 0. 0. 0. 0. 1. 1. 0. 0. 1. 0. 0. 0. 0. 0. 0. 0. 0. 0.
  0. 0. 0. 0. 0. 0. 0. 0. 0. 0. 0. 0. 0. 0. 0. 0. 0. 0. 0. 0. 0. 0. 0. 0.
  0. 0.]
 [1. 0. 1. 0. 0. 1. 0. 0. 0. 0. 0. 0. 1. 0. 0. 0. 1. 1. 0. 0. 0. 0. 0. 0.
  0. 0. 0. 0. 0. 0. 0. 0. 0. 0. 0. 0. 0. 0. 0. 0. 0. 0. 0. 0. 0. 0. 0. 0.
  0. 0.]
 [0. 0. 0. 0. 0. 0. 0. 0. 1. 1. 0. 1. 0. 0. 0. 1. 1. 1. 0. 0. 0. 0. 0. 0.
  0. 0. 0. 0. 0. 0. 0. 0. 0. 0. 0. 0. 0. 0. 0. 0. 0. 0. 0. 0. 0. 0. 0. 0.
  0. 0.]
 [0. 1. 1. 0. 0. 0. 1. 1. 0. 0. 1. 0. 0. 0. 1. 0. 0. 1. 0. 0. 0. 0. 0. 0.
  0. 0. 0. 0. 0. 0. 0. 0. 0. 0. 0. 0. 0. 0. 0. 0. 0. 0. 0. 0. 0. 0. 0. 0.
  0. 0.]
 [0. 0. 0. 0. 0. 0. 0. 0. 0. 0. 0. 0. 0. 0. 0. 0. 0. 0. 0. 0. 0. 0. 0. 0.
  0. 0. 0. 0. 0. 0. 0. 0. 0. 0. 0. 0. 0. 0. 0. 0. 0. 0. 0. 0. 0. 0. 0. 0.
  0. 0.]
 [1. 0. 0. 1. 0. 0. 1. 1. 0. 0. 0. 0. 0. 0. 0. 1. 0. 1. 0. 1. 0. 0. 0. 0.
  0. 0. 0. 0. 0. 0. 0. 0. 0. 0. 0. 0. 0. 0. 0. 0. 0. 0. 0. 0. 0. 0. 0. 0.
  0. 0.]
 [0. 1. 1. 0. 0. 1. 0. 0. 0. 0. 1. 1. 0. 1. 0. 1. 0. 1. 0. 0. 0. 0. 0. 0.
  0. 0. 0. 0. 0. 0. 0. 0. 0. 0. 0. 0. 0. 0. 0. 0. 0. 0. 0. 0. 0. 0. 0. 0.
  0. 0.]
 [0. 1. 0. 1. 0. 0. 0. 0. 0. 0. 0. 0. 0. 1. 0. 0. 0. 0. 0. 1. 0. 0. 0. 0.
  0. 0. 0. 0. 0. 0. 0. 0. 0. 0. 0. 0. 0. 0. 0. 0. 0. 0. 0. 0. 0. 0. 0. 0.
  0. 0.]
 [1. 1. 0. 0. 0. 1. 0. 0. 0. 0. 0. 0. 1. 0. 0. 0. 0. 0. 1. 0. 0. 0. 0. 0.
  0. 0. 0. 0. 0. 0. 0. 0. 0. 0. 0. 0. 0. 0. 0. 0. 0. 0. 0. 0. 0. 0. 0. 0.
  0. 0.]
 [0. 0. 1. 0. 0. 0. 0. 0. 0. 1. 0. 1. 1. 0. 0. 0. 0. 0. 0. 0. 0. 0. 0. 0.
  0. 0. 0. 0. 0. 0. 0. 0. 0. 0. 0. 0. 0. 0. 0. 0. 0. 0. 0. 0. 0. 0. 0. 0.
  0. 0.]
 [0. 0. 1. 0. 0. 0. 0. 0. 0. 0. 0. 1. 1. 0. 1. 0. 0. 0. 1. 0. 0. 0. 0. 0.
  0. 0. 0. 0. 0. 0. 0. 0. 0. 0. 0. 0. 0. 0. 0. 0. 0. 0. 0. 0. 0. 0. 0. 0.
  0. 0.]
 [0. 1. 0. 0. 1. 0. 0. 1. 0. 0. 1. 0. 1. 0. 1. 0. 0. 0. 0. 0. 0. 0. 0. 0.
  0. 0. 0. 0. 0. 0. 0. 0. 0. 0. 0. 0. 0. 0. 0. 0. 0. 0. 0. 0. 0. 0. 0. 0.
  0. 0.]
 [0. 0. 0. 0. 1. 0. 0. 0. 0. 0. 0. 1. 0. 1. 0. 0. 0. 1. 0. 0. 0. 0. 0. 0.
  0. 0. 0. 0. 0. 0. 0. 0. 0. 0. 0. 0. 0. 0. 0. 0. 0. 0. 0. 0. 0. 0. 0. 0.
  0. 0.]
 [0. 0. 0. 1. 0. 0. 0. 0. 0. 0. 0. 0. 0. 0. 0. 1. 0. 0. 1. 0. 0. 0. 0. 0.
  0. 0. 0. 0. 0. 0. 0. 0. 0. 0. 0. 0. 0. 0. 0. 0. 0. 0. 0. 0. 0. 0. 0. 0.
  0. 0.]
 [0. 0. 0. 1. 0. 0. 1. 0. 0. 1. 0. 0. 0. 1. 1. 0. 0. 0. 0. 1. 0. 0. 0. 0.
  0. 0. 0. 0. 0. 0. 0. 0. 0. 0. 0. 0. 0. 0. 0. 0. 0. 0. 0. 0. 0. 0. 0. 0.
  0. 0.]
 [0. 0. 0. 0. 0. 0. 0. 1. 0. 1. 0. 0. 1. 0. 1. 0. 0. 0. 0. 0. 0. 0. 0. 0.
  0. 0. 0. 0. 0. 0. 0. 0. 0. 0. 0. 0. 0. 0. 0. 0. 0. 0. 0. 0. 0. 0. 0. 0.
  0. 0.]
 [0. 0. 1. 0. 0. 0. 0. 0. 0. 0. 0. 0. 0. 0. 0. 0. 0. 1. 1. 1. 0. 0. 0. 0.
  0. 0. 0. 0. 0. 0. 0. 0. 0. 0. 0. 0. 0. 0. 0. 0. 0. 0. 0. 0. 0. 0. 0. 0.
  0. 0.]
 [0. 1. 1. 1. 1. 0. 0. 1. 0. 0. 1. 0. 1. 0. 0. 0. 0. 0. 0. 0. 0. 0. 0. 0.
  0. 0. 0. 0. 0. 0. 0. 0. 0. 0. 0. 0. 0. 0. 0. 0. 0. 0. 0. 0. 0. 0. 0. 0.
  0. 0.]
 [0. 0. 0. 0. 0. 1. 0. 0. 0. 1. 1. 0. 0. 0. 0. 0. 0. 0. 0. 0. 0. 0. 0. 0.
  0. 0. 0. 0. 0. 0. 0. 0. 0. 0. 0. 0. 0. 0. 0. 0. 0. 0. 0. 0. 0. 0. 0. 0.
  0. 0.]
 [0. 1. 0. 1. 0. 0. 0. 0. 1. 1. 1. 0. 0. 0. 0. 0. 0. 0. 0. 0. 0. 0. 0. 0.
  0. 0. 0. 0. 0. 0. 0. 0. 0. 0. 0. 0. 0. 0. 0. 0. 0. 0. 0. 0. 0. 0. 0. 0.
  0. 0.]
 [0. 0. 1. 0. 0. 0. 0. 0. 0. 0. 0. 0. 0. 1. 0. 0. 1. 0. 0. 0. 0. 0. 0. 0.
  0. 0. 0. 0. 0. 0. 0. 0. 0. 0. 0. 0. 0. 0. 0. 0. 0. 0. 0. 0. 0. 0. 0. 0.
  0. 0.]]
start_times_array: [[1.268e+03 1.620e+03 1.701e+03 1.803e+03 1.864e+03 2.383e+03 2.610e+03
  2.805e+03 2.910e+03 3.039e+03 3.051e+03 3.366e+03 4.642e+03 7.440e+03
  8.356e+03 8.397e+03 8.562e+03 8.754e+03 9.246e+03 9.635e+03]
 [1.370e+02 3.930e+02 2.877e+03 3.039e+03 3.303e+03 3.335e+03 4.569e+03
  4.947e+03 5.922e+03 6.372e+03 6.980e+03 7.217e+03 7.316e+03 7.456e+03
  7.740e+03 8.054e+03 8.289e+03 8.995e+03 9.309e+03 9.606e+03]
 [1.343e+03 1.535e+03 2.288e+03 3.043e+03 4.104e+03 4.246e+03 4.351e+03
  5.077e+03 5.344e+03 5.461e+03 5.762e+03 6.051e+03 6.332e+03 6.781e+03
  7.113e+03 8.402e+03 8.871e+03 8.983e+03 9.256e+03 9.322e+03]
 [2.200e+02 3.039e+03 3.609e+03 3.901e+03 3.905e+03 5.977e+03 6.187e+03
  6.222e+03 6.574e+03 7.360e+03 7.412e+03 7.740e+03 7.849e+03 8.051e+03
  8.237e+03 8.326e+03 8.837e+03 9.111e+03 9.256e+03 9.309e+03]
 [7.500e+01 3.039e+03 3.145e+03 5.651e+03 5.977e+03 6.051e+03 6.244e+03
  7.058e+03 7.542e+03 7.897e+03 7.960e+03 8.470e+03 8.759e+03 8.921e+03
  9.105e+03 9.155e+03 9.177e+03 9.529e+03 9.657e+03 9.661e+03]
 [3.930e+02 1.403e+03 1.513e+03 1.720e+03 1.814e+03 1.913e+03 2.352e+03
  3.964e+03 4.202e+03 4.380e+03 4.598e+03 4.965e+03 4.969e+03 5.263e+03
  7.575e+03 8.378e+03 8.978e+03 9.196e+03 9.218e+03 9.599e+03]
 [1.960e+02 1.943e+03 2.151e+03 2.161e+03 2.441e+03 4.682e+03 5.036e+03
  5.546e+03 5.597e+03 5.599e+03 5.977e+03 6.249e+03 6.426e+03 6.590e+03
  6.704e+03 6.890e+03 7.324e+03 8.575e+03 8.903e+03 9.434e+03]
 [1.420e+02 2.880e+02 3.940e+02 4.260e+02 6.440e+02 8.070e+02 1.269e+03
  1.399e+03 1.619e+03 2.004e+03 2.599e+03 6.168e+03 6.613e+03 7.032e+03
  7.574e+03 7.731e+03 8.051e+03 8.656e+03 8.882e+03 9.518e+03]
 [1.480e+03 1.692e+03 1.835e+03 2.325e+03 2.931e+03 3.008e+03 4.457e+03
  4.630e+03 5.582e+03 6.580e+03 6.867e+03 6.938e+03 7.113e+03 7.980e+03
  8.241e+03 8.266e+03 8.752e+03 8.786e+03 8.903e+03 9.214e+03]
 [1.670e+02 7.920e+02 8.700e+02 9.990e+02 1.107e+03 1.193e+03 4.948e+03
  6.297e+03 6.781e+03 6.851e+03 7.197e+03 7.250e+03 7.657e+03 7.797e+03
  7.972e+03 8.043e+03 8.387e+03 8.656e+03 9.289e+03 9.375e+03]
 [2.890e+02 1.833e+03 3.587e+03 3.775e+03 3.889e+03 3.935e+03 4.170e+03
  4.228e+03 4.388e+03 4.400e+03 4.569e+03 4.775e+03 5.077e+03 5.177e+03
  5.538e+03 7.809e+03 8.034e+03 8.319e+03 8.571e+03 9.127e+03]
 [2.215e+03 2.792e+03 2.877e+03 4.552e+03 4.757e+03 5.344e+03 5.672e+03
  5.696e+03 5.732e+03 6.085e+03 6.535e+03 6.735e+03 6.980e+03 7.182e+03
  7.206e+03 7.414e+03 7.736e+03 8.027e+03 9.062e+03 9.136e+03]
 [1.225e+03 1.269e+03 2.208e+03 2.747e+03 2.805e+03 3.752e+03 4.569e+03
  5.077e+03 5.408e+03 5.454e+03 5.908e+03 6.058e+03 6.287e+03 6.511e+03
  6.851e+03 7.268e+03 7.765e+03 8.659e+03 8.882e+03 9.322e+03]
 [3.710e+02 5.240e+02 7.010e+02 1.127e+03 1.377e+03 1.549e+03 4.936e+03
  5.107e+03 5.672e+03 5.922e+03 6.077e+03 6.613e+03 7.093e+03 7.307e+03
  7.565e+03 8.071e+03 8.837e+03 9.049e+03 9.198e+03 9.377e+03]
 [1.275e+03 2.581e+03 2.730e+03 3.615e+03 4.032e+03 4.699e+03 4.722e+03
  4.971e+03 6.280e+03 6.735e+03 7.120e+03 7.307e+03 7.440e+03 7.536e+03
  7.958e+03 8.255e+03 8.568e+03 8.611e+03 8.811e+03 9.225e+03]
 [2.382e+03 2.612e+03 3.367e+03 3.477e+03 3.568e+03 3.775e+03 4.277e+03
  4.399e+03 4.613e+03 4.851e+03 5.461e+03 5.835e+03 5.840e+03 5.869e+03
  5.977e+03 6.175e+03 6.249e+03 7.316e+03 8.950e+03 9.418e+03]
 [3.939e+03 4.831e+03 4.904e+03 5.354e+03 5.591e+03 5.840e+03 6.689e+03
  6.918e+03 6.919e+03 7.022e+03 7.234e+03 7.282e+03 7.422e+03 7.502e+03
  7.798e+03 7.972e+03 8.752e+03 9.170e+03 9.246e+03 9.526e+03]
 [2.320e+02 4.730e+02 1.936e+03 2.073e+03 2.187e+03 2.313e+03 2.353e+03
  2.634e+03 2.716e+03 4.011e+03 4.187e+03 4.340e+03 4.365e+03 4.971e+03
  5.740e+03 6.287e+03 6.822e+03 8.135e+03 8.953e+03 9.434e+03]
 [2.690e+02 3.780e+02 3.810e+02 1.869e+03 1.908e+03 2.015e+03 3.763e+03
  3.867e+03 4.120e+03 4.246e+03 4.748e+03 4.777e+03 5.444e+03 6.927e+03
  7.592e+03 8.326e+03 8.649e+03 8.950e+03 9.072e+03 9.386e+03]
 [1.554e+03 1.788e+03 2.067e+03 2.151e+03 2.252e+03 2.406e+03 2.686e+03
  3.039e+03 3.091e+03 3.300e+03 3.488e+03 3.740e+03 5.036e+03 5.252e+03
  6.077e+03 6.565e+03 7.881e+03 8.397e+03 9.010e+03 9.256e+03]
 [1.790e+02 1.225e+03 3.935e+03 4.156e+03 4.252e+03 4.462e+03 4.469e+03
  4.557e+03 5.172e+03 5.223e+03 5.823e+03 5.977e+03 6.689e+03 7.456e+03
  7.496e+03 7.691e+03 8.127e+03 8.169e+03 8.702e+03 8.882e+03]
 [0.000e+00 5.690e+02 2.043e+03 2.599e+03 4.156e+03 4.174e+03 4.499e+03
  4.630e+03 4.831e+03 5.057e+03 5.344e+03 5.505e+03 5.740e+03 6.243e+03
  6.332e+03 7.040e+03 7.286e+03 7.865e+03 8.195e+03 9.105e+03]
 [0.000e+00 2.930e+02 8.910e+02 1.480e+03 2.441e+03 3.195e+03 3.233e+03
  3.582e+03 3.650e+03 3.814e+03 3.832e+03 4.055e+03 4.281e+03 4.504e+03
  7.093e+03 7.195e+03 7.234e+03 8.193e+03 8.562e+03 8.837e+03]
 [0.000e+00 1.081e+03 2.515e+03 2.838e+03 3.191e+03 3.223e+03 3.510e+03
  3.675e+03 5.226e+03 5.905e+03 6.127e+03 7.422e+03 7.798e+03 8.161e+03
  8.255e+03 8.589e+03 8.607e+03 8.612e+03 8.894e+03 9.059e+03]
 [2.000e+00 1.200e+01 1.670e+03 1.990e+03 2.299e+03 2.502e+03 2.542e+03
  2.753e+03 3.209e+03 5.834e+03 6.029e+03 6.287e+03 6.689e+03 6.735e+03
  6.756e+03 7.480e+03 7.657e+03 8.754e+03 9.062e+03 9.518e+03]
 [8.710e+02 1.592e+03 2.502e+03 2.952e+03 3.181e+03 4.277e+03 4.361e+03
  4.569e+03 4.755e+03 4.846e+03 5.354e+03 5.378e+03 5.740e+03 5.768e+03
  5.770e+03 6.643e+03 7.352e+03 8.289e+03 8.612e+03 8.918e+03]
 [3.200e+01 1.300e+02 2.270e+02 4.750e+02 1.705e+03 1.803e+03 2.477e+03
  2.839e+03 4.285e+03 5.263e+03 5.597e+03 5.740e+03 6.470e+03 6.822e+03
  7.354e+03 7.480e+03 7.657e+03 7.935e+03 8.409e+03 8.456e+03]
 [3.700e+02 1.107e+03 1.193e+03 1.368e+03 1.869e+03 1.931e+03 1.965e+03
  1.994e+03 2.163e+03 2.502e+03 2.612e+03 3.181e+03 3.510e+03 4.170e+03
  5.121e+03 5.664e+03 5.740e+03 6.644e+03 7.286e+03 8.480e+03]
 [3.190e+02 5.540e+02 8.480e+02 2.296e+03 2.612e+03 4.665e+03 4.971e+03
  5.378e+03 5.474e+03 5.518e+03 6.016e+03 7.574e+03 7.592e+03 7.836e+03
  7.972e+03 8.115e+03 8.185e+03 8.752e+03 8.837e+03 8.903e+03]
 [0.000e+00 4.800e+02 5.030e+02 7.660e+02 1.501e+03 1.756e+03 2.962e+03
  3.332e+03 3.698e+03 3.841e+03 3.892e+03 4.125e+03 4.436e+03 4.692e+03
  4.855e+03 5.112e+03 6.175e+03 8.612e+03 8.620e+03 8.882e+03]
 [2.000e+00 2.595e+03 3.120e+03 3.498e+03 3.588e+03 4.218e+03 4.289e+03
  5.057e+03 5.214e+03 5.650e+03 5.996e+03 6.222e+03 6.426e+03 6.602e+03
  7.244e+03 7.861e+03 7.922e+03 8.611e+03 9.059e+03 9.225e+03]
 [1.400e+01 2.810e+02 3.720e+02 6.110e+02 7.230e+02 1.083e+03 1.130e+03
  1.352e+03 1.438e+03 1.547e+03 1.853e+03 1.910e+03 2.079e+03 2.531e+03
  3.144e+03 5.444e+03 6.590e+03 7.555e+03 7.823e+03 8.169e+03]
 [3.400e+01 5.240e+02 6.190e+02 7.070e+02 7.680e+02 7.770e+02 9.030e+02
  1.480e+03 1.692e+03 1.853e+03 2.079e+03 2.445e+03 2.531e+03 2.786e+03
  2.947e+03 3.232e+03 4.118e+03 4.910e+03 8.169e+03 8.752e+03]
 [3.930e+02 9.740e+02 1.243e+03 1.410e+03 1.615e+03 1.642e+03 1.686e+03
  1.705e+03 2.213e+03 2.296e+03 2.327e+03 2.437e+03 2.709e+03 2.759e+03
  2.890e+03 3.504e+03 4.087e+03 4.215e+03 4.244e+03 4.381e+03]
 [0.000e+00 2.502e+03 2.849e+03 2.884e+03 2.888e+03 3.201e+03 3.378e+03
  3.675e+03 3.827e+03 3.939e+03 4.218e+03 4.471e+03 4.569e+03 5.913e+03
  5.932e+03 6.470e+03 6.735e+03 7.113e+03 8.169e+03 8.480e+03]
 [5.500e+01 7.920e+02 1.152e+03 1.454e+03 1.475e+03 1.620e+03 2.150e+03
  2.441e+03 2.730e+03 2.962e+03 3.222e+03 3.459e+03 3.498e+03 3.697e+03
  3.934e+03 7.185e+03 7.480e+03 7.836e+03 7.875e+03 8.470e+03]
 [1.640e+02 2.850e+02 6.620e+02 1.869e+03 2.581e+03 2.776e+03 2.836e+03
  3.397e+03 4.462e+03 4.722e+03 4.811e+03 5.349e+03 5.548e+03 5.740e+03
  6.032e+03 6.165e+03 6.254e+03 7.657e+03 7.972e+03 9.287e+03]
 [1.200e+01 1.548e+03 1.690e+03 1.705e+03 1.731e+03 2.043e+03 2.296e+03
  2.533e+03 2.662e+03 2.730e+03 2.952e+03 3.123e+03 3.615e+03 3.683e+03
  4.480e+03 4.887e+03 4.971e+03 5.172e+03 5.505e+03 7.861e+03]
 [0.000e+00 1.200e+01 3.560e+02 5.400e+02 3.833e+03 3.845e+03 3.919e+03
  4.112e+03 4.289e+03 4.436e+03 4.543e+03 4.662e+03 5.840e+03 6.175e+03
  6.190e+03 6.426e+03 6.449e+03 6.887e+03 7.185e+03 7.565e+03]
 [0.000e+00 1.019e+03 1.072e+03 1.438e+03 2.406e+03 2.962e+03 3.075e+03
  3.434e+03 3.504e+03 3.841e+03 3.935e+03 4.157e+03 4.475e+03 4.831e+03
  5.241e+03 5.303e+03 7.316e+03 7.496e+03 7.861e+03 8.123e+03]
 [4.800e+02 9.600e+02 1.193e+03 1.243e+03 1.480e+03 1.780e+03 1.835e+03
  2.296e+03 2.300e+03 2.304e+03 2.441e+03 2.849e+03 2.947e+03 4.308e+03
  4.436e+03 4.495e+03 5.252e+03 7.366e+03 7.861e+03 8.115e+03]
 [0.000e+00 1.060e+02 1.830e+02 2.690e+02 6.950e+02 2.094e+03 2.982e+03
  3.134e+03 3.231e+03 3.300e+03 3.673e+03 3.732e+03 3.752e+03 3.774e+03
  3.832e+03 5.823e+03 6.440e+03 7.443e+03 7.657e+03 8.223e+03]
 [0.000e+00 2.930e+02 4.190e+02 4.990e+02 9.010e+02 9.840e+02 1.040e+03
  1.250e+03 1.538e+03 1.540e+03 1.686e+03 1.729e+03 2.043e+03 2.730e+03
  4.355e+03 4.374e+03 4.760e+03 5.102e+03 8.378e+03 8.702e+03]
 [1.000e+00 7.500e+01 2.880e+02 4.260e+02 6.530e+02 9.030e+02 1.053e+03
  1.151e+03 1.869e+03 3.181e+03 3.510e+03 3.823e+03 4.118e+03 4.289e+03
  4.602e+03 4.836e+03 5.208e+03 5.250e+03 7.456e+03 7.502e+03]
 [6.540e+02 7.080e+02 9.030e+02 1.068e+03 1.268e+03 1.692e+03 1.869e+03
  2.151e+03 2.296e+03 2.439e+03 2.694e+03 2.810e+03 2.889e+03 3.101e+03
  3.118e+03 3.396e+03 3.477e+03 3.915e+03 3.935e+03 4.187e+03]
 [3.930e+02 6.280e+02 7.220e+02 7.910e+02 1.289e+03 1.505e+03 1.619e+03
  2.753e+03 3.085e+03 3.228e+03 3.378e+03 3.443e+03 3.608e+03 3.935e+03
  4.181e+03 4.218e+03 4.399e+03 4.495e+03 4.831e+03 7.521e+03]
 [0.000e+00 1.000e+00 2.120e+02 1.692e+03 1.835e+03 1.855e+03 2.079e+03
  2.383e+03 2.452e+03 2.470e+03 2.810e+03 2.947e+03 3.683e+03 6.130e+03
  6.887e+03 7.320e+03 7.328e+03 7.664e+03 8.124e+03 8.220e+03]
 [1.200e+01 7.500e+01 3.210e+02 9.030e+02 1.053e+03 1.127e+03 1.179e+03
  1.454e+03 1.548e+03 1.931e+03 2.002e+03 2.136e+03 2.551e+03 2.678e+03
  3.002e+03 3.035e+03 3.208e+03 3.209e+03 3.313e+03 3.683e+03]
 [2.200e+01 5.600e+01 7.080e+02 1.753e+03 1.872e+03 2.079e+03 2.408e+03
  3.134e+03 3.397e+03 3.434e+03 3.498e+03 3.683e+03 4.016e+03 4.175e+03
  4.198e+03 4.472e+03 4.660e+03 4.746e+03 4.853e+03 5.102e+03]
 [0.000e+00 3.300e+01 4.260e+02 1.454e+03 1.620e+03 1.622e+03 1.782e+03
  1.799e+03 1.810e+03 1.965e+03 2.383e+03 2.401e+03 2.423e+03 2.607e+03
  3.075e+03 4.154e+03 4.479e+03 4.569e+03 4.851e+03 9.434e+03]]
