optimal_status: 0
solution: 39293.0
cpu_time: 3600.6784608364105
gap: 0.9665843788970045
upper_bound: 1313.0000000000005
lower_bound: 39293.0
cg_matrix: [[0. 0. 1. 1. 0. 1. 1. 1. 0. 0. 1. 1. 1. 1. 1. 1. 0. 1. 1. 0. 1. 1. 0. 1.
  0. 1. 1. 1. 0. 1. 1. 1. 1. 1. 1. 1. 1. 0. 1. 1. 1. 1. 1. 1. 1. 1. 0. 1.
  1. 0.]
 [0. 0. 1. 0. 0. 1. 1. 1. 1. 1. 0. 1. 0. 1. 1. 0. 1. 0. 1. 1. 1. 1. 1. 1.
  1. 1. 1. 0. 1. 1. 0. 0. 0. 1. 0. 1. 0. 1. 1. 1. 1. 1. 1. 1. 1. 1. 0. 0.
  1. 1.]
 [1. 1. 0. 1. 0. 1. 1. 1. 1. 1. 1. 1. 1. 1. 1. 1. 0. 0. 1. 1. 0. 1. 0. 0.
  1. 1. 0. 1. 1. 1. 1. 1. 1. 1. 1. 1. 0. 1. 1. 1. 0. 1. 1. 1. 0. 1. 0. 1.
  1. 1.]
 [1. 0. 1. 0. 1. 1. 1. 1. 1. 0. 1. 1. 1. 0. 1. 1. 1. 1. 1. 1. 1. 1. 1. 0.
  1. 0. 0. 1. 1. 1. 1. 1. 1. 1. 1. 1. 1. 1. 1. 1. 1. 1. 1. 0. 1. 0. 1. 1.
  0. 1.]
 [0. 0. 0. 1. 0. 1. 1. 0. 1. 1. 1. 1. 1. 0. 1. 1. 1. 1. 1. 0. 1. 1. 1. 1.
  0. 1. 1. 1. 1. 0. 1. 1. 1. 1. 1. 1. 1. 0. 1. 0. 1. 1. 1. 1. 1. 1. 1. 1.
  0. 1.]
 [1. 1. 1. 1. 1. 0. 1. 0. 1. 1. 1. 0. 1. 1. 1. 1. 1. 1. 1. 1. 1. 0. 1. 0.
  1. 1. 1. 0. 1. 0. 1. 1. 1. 1. 1. 1. 1. 0. 1. 0. 1. 1. 1. 0. 1. 1. 1. 1.
  0. 0.]
 [1. 1. 1. 1. 1. 1. 0. 1. 1. 0. 1. 0. 0. 1. 1. 1. 0. 0. 1. 1. 1. 1. 1. 1.
  1. 1. 1. 1. 1. 0. 1. 1. 0. 1. 1. 1. 1. 1. 1. 1. 1. 0. 1. 1. 1. 1. 1. 1.
  1. 1.]
 [1. 1. 1. 1. 0. 0. 1. 0. 1. 1. 1. 1. 1. 1. 1. 1. 1. 1. 0. 1. 1. 1. 0. 1.
  1. 1. 0. 1. 1. 1. 1. 1. 1. 1. 0. 1. 1. 1. 1. 1. 1. 1. 1. 1. 0. 1. 1. 1.
  0. 1.]
 [0. 1. 1. 1. 1. 1. 1. 1. 0. 1. 1. 1. 1. 1. 1. 1. 1. 1. 1. 1. 1. 1. 0. 1.
  1. 1. 1. 1. 0. 0. 1. 1. 1. 1. 1. 1. 1. 1. 1. 1. 1. 1. 1. 1. 1. 1. 0. 1.
  1. 0.]
 [0. 1. 1. 0. 1. 1. 0. 1. 1. 0. 1. 1. 1. 1. 1. 1. 1. 0. 0. 1. 1. 0. 1. 1.
  1. 0. 1. 1. 1. 1. 1. 1. 1. 1. 1. 1. 1. 1. 1. 1. 1. 1. 1. 0. 0. 0. 1. 1.
  0. 0.]
 [1. 0. 1. 1. 1. 1. 1. 1. 1. 1. 0. 0. 1. 1. 0. 0. 1. 1. 1. 1. 1. 1. 0. 0.
  0. 0. 1. 1. 1. 1. 1. 1. 1. 1. 1. 1. 0. 1. 1. 1. 0. 1. 1. 1. 1. 1. 1. 0.
  1. 1.]
 [1. 1. 1. 1. 1. 0. 0. 1. 1. 1. 0. 0. 1. 1. 1. 1. 1. 1. 1. 0. 1. 0. 1. 1.
  1. 1. 1. 0. 1. 1. 1. 1. 1. 1. 1. 0. 0. 0. 1. 1. 1. 1. 1. 1. 1. 1. 1. 0.
  1. 1.]
 [1. 0. 1. 1. 1. 1. 0. 1. 1. 1. 1. 1. 0. 1. 1. 1. 1. 1. 1. 1. 1. 1. 1. 1.
  1. 1. 1. 1. 1. 0. 1. 1. 1. 1. 0. 1. 0. 1. 0. 1. 0. 1. 1. 1. 0. 1. 1. 1.
  0. 1.]
 [1. 1. 1. 0. 0. 1. 1. 1. 1. 1. 1. 1. 1. 0. 1. 1. 1. 1. 0. 1. 1. 1. 1. 1.
  0. 1. 1. 1. 1. 1. 1. 0. 1. 1. 1. 1. 0. 0. 1. 0. 1. 1. 1. 1. 0. 1. 0. 1.
  1. 1.]
 [1. 1. 1. 1. 1. 1. 1. 1. 1. 1. 0. 1. 1. 1. 0. 1. 1. 0. 1. 1. 0. 1. 1. 1.
  1. 1. 1. 1. 1. 1. 1. 0. 1. 1. 1. 1. 1. 1. 0. 1. 1. 0. 1. 1. 1. 0. 0. 0.
  1. 1.]
 [1. 0. 1. 1. 1. 1. 1. 1. 1. 1. 0. 1. 1. 1. 1. 0. 1. 0. 1. 1. 1. 1. 1. 1.
  1. 0. 0. 1. 1. 1. 1. 0. 1. 1. 1. 1. 1. 0. 0. 0. 1. 1. 1. 1. 0. 1. 1. 1.
  1. 1.]
 [0. 1. 0. 1. 1. 1. 0. 1. 1. 1. 1. 1. 1. 1. 1. 1. 0. 1. 1. 1. 0. 1. 1. 1.
  1. 1. 1. 1. 1. 1. 0. 1. 1. 1. 1. 1. 1. 0. 1. 1. 1. 1. 1. 0. 1. 1. 1. 1.
  1. 0.]
 [1. 0. 0. 1. 1. 1. 0. 1. 1. 0. 1. 1. 1. 1. 0. 0. 1. 0. 1. 1. 1. 1. 0. 0.
  1. 1. 0. 1. 1. 1. 1. 1. 1. 1. 1. 1. 0. 1. 0. 1. 0. 0. 0. 1. 0. 1. 1. 1.
  1. 1.]
 [1. 1. 1. 1. 1. 1. 1. 0. 1. 0. 1. 1. 1. 0. 1. 1. 1. 1. 0. 1. 1. 1. 1. 1.
  1. 1. 1. 0. 1. 1. 1. 1. 1. 1. 0. 1. 1. 1. 1. 1. 1. 1. 1. 1. 0. 1. 1. 1.
  1. 1.]
 [0. 1. 1. 1. 0. 1. 1. 1. 1. 1. 1. 0. 1. 1. 1. 1. 1. 1. 1. 0. 1. 1. 1. 0.
  1. 0. 0. 1. 1. 1. 1. 1. 0. 1. 1. 1. 1. 1. 0. 1. 1. 0. 1. 1. 1. 1. 1. 1.
  1. 0.]
 [1. 1. 0. 1. 1. 1. 1. 1. 1. 1. 1. 1. 1. 1. 0. 1. 0. 1. 1. 1. 0. 0. 0. 0.
  0. 0. 0. 0. 0. 0. 0. 0. 0. 0. 0. 0. 0. 0. 0. 0. 0. 0. 0. 0. 0. 0. 0. 0.
  0. 0.]
 [1. 1. 1. 1. 1. 0. 1. 1. 1. 0. 1. 0. 1. 1. 1. 1. 1. 1. 1. 1. 0. 0. 0. 0.
  0. 0. 0. 0. 0. 0. 0. 0. 0. 0. 0. 0. 0. 0. 0. 0. 0. 0. 0. 0. 0. 0. 0. 0.
  0. 0.]
 [0. 1. 0. 1. 1. 1. 1. 0. 0. 1. 0. 1. 1. 1. 1. 1. 1. 0. 1. 1. 0. 0. 0. 0.
  0. 0. 0. 0. 0. 0. 0. 0. 0. 0. 0. 0. 0. 0. 0. 0. 0. 0. 0. 0. 0. 0. 0. 0.
  0. 0.]
 [1. 1. 0. 0. 1. 0. 1. 1. 1. 1. 0. 1. 1. 1. 1. 1. 1. 0. 1. 0. 0. 0. 0. 0.
  0. 0. 0. 0. 0. 0. 0. 0. 0. 0. 0. 0. 0. 0. 0. 0. 0. 0. 0. 0. 0. 0. 0. 0.
  0. 0.]
 [0. 1. 1. 1. 0. 1. 1. 1. 1. 1. 0. 1. 1. 0. 1. 1. 1. 1. 1. 1. 0. 0. 0. 0.
  0. 0. 0. 0. 0. 0. 0. 0. 0. 0. 0. 0. 0. 0. 0. 0. 0. 0. 0. 0. 0. 0. 0. 0.
  0. 0.]
 [1. 1. 1. 0. 1. 1. 1. 1. 1. 0. 0. 1. 1. 1. 1. 0. 1. 1. 1. 0. 0. 0. 0. 0.
  0. 0. 0. 0. 0. 0. 0. 0. 0. 0. 0. 0. 0. 0. 0. 0. 0. 0. 0. 0. 0. 0. 0. 0.
  0. 0.]
 [1. 1. 0. 0. 1. 1. 1. 0. 1. 1. 1. 1. 1. 1. 1. 0. 1. 0. 1. 0. 0. 0. 0. 0.
  0. 0. 0. 0. 0. 0. 0. 0. 0. 0. 0. 0. 0. 0. 0. 0. 0. 0. 0. 0. 0. 0. 0. 0.
  0. 0.]
 [1. 0. 1. 1. 1. 0. 1. 1. 1. 1. 1. 0. 1. 1. 1. 1. 1. 1. 0. 1. 0. 0. 0. 0.
  0. 0. 0. 0. 0. 0. 0. 0. 0. 0. 0. 0. 0. 0. 0. 0. 0. 0. 0. 0. 0. 0. 0. 0.
  0. 0.]
 [0. 1. 1. 1. 1. 1. 1. 1. 0. 1. 1. 1. 1. 1. 1. 1. 1. 1. 1. 1. 0. 0. 0. 0.
  0. 0. 0. 0. 0. 0. 0. 0. 0. 0. 0. 0. 0. 0. 0. 0. 0. 0. 0. 0. 0. 0. 0. 0.
  0. 0.]
 [1. 1. 1. 1. 0. 0. 0. 1. 0. 1. 1. 1. 0. 1. 1. 1. 1. 1. 1. 1. 0. 0. 0. 0.
  0. 0. 0. 0. 0. 0. 0. 0. 0. 0. 0. 0. 0. 0. 0. 0. 0. 0. 0. 0. 0. 0. 0. 0.
  0. 0.]
 [1. 0. 1. 1. 1. 1. 1. 1. 1. 1. 1. 1. 1. 1. 1. 1. 0. 1. 1. 1. 0. 0. 0. 0.
  0. 0. 0. 0. 0. 0. 0. 0. 0. 0. 0. 0. 0. 0. 0. 0. 0. 0. 0. 0. 0. 0. 0. 0.
  0. 0.]
 [1. 0. 1. 1. 1. 1. 1. 1. 1. 1. 1. 1. 1. 0. 0. 0. 1. 1. 1. 1. 0. 0. 0. 0.
  0. 0. 0. 0. 0. 0. 0. 0. 0. 0. 0. 0. 0. 0. 0. 0. 0. 0. 0. 0. 0. 0. 0. 0.
  0. 0.]
 [1. 0. 1. 1. 1. 1. 0. 1. 1. 1. 1. 1. 1. 1. 1. 1. 1. 1. 1. 0. 0. 0. 0. 0.
  0. 0. 0. 0. 0. 0. 0. 0. 0. 0. 0. 0. 0. 0. 0. 0. 0. 0. 0. 0. 0. 0. 0. 0.
  0. 0.]
 [1. 1. 1. 1. 1. 1. 1. 1. 1. 1. 1. 1. 1. 1. 1. 1. 1. 1. 1. 1. 0. 0. 0. 0.
  0. 0. 0. 0. 0. 0. 0. 0. 0. 0. 0. 0. 0. 0. 0. 0. 0. 0. 0. 0. 0. 0. 0. 0.
  0. 0.]
 [1. 0. 1. 1. 1. 1. 1. 0. 1. 1. 1. 1. 0. 1. 1. 1. 1. 1. 0. 1. 0. 0. 0. 0.
  0. 0. 0. 0. 0. 0. 0. 0. 0. 0. 0. 0. 0. 0. 0. 0. 0. 0. 0. 0. 0. 0. 0. 0.
  0. 0.]
 [1. 1. 1. 1. 1. 1. 1. 1. 1. 1. 1. 0. 1. 1. 1. 1. 1. 1. 1. 1. 0. 0. 0. 0.
  0. 0. 0. 0. 0. 0. 0. 0. 0. 0. 0. 0. 0. 0. 0. 0. 0. 0. 0. 0. 0. 0. 0. 0.
  0. 0.]
 [1. 0. 0. 1. 1. 1. 1. 1. 1. 1. 0. 0. 0. 0. 1. 1. 1. 0. 1. 1. 0. 0. 0. 0.
  0. 0. 0. 0. 0. 0. 0. 0. 0. 0. 0. 0. 0. 0. 0. 0. 0. 0. 0. 0. 0. 0. 0. 0.
  0. 0.]
 [0. 1. 1. 1. 0. 0. 1. 1. 1. 1. 1. 0. 1. 0. 1. 0. 0. 1. 1. 1. 0. 0. 0. 0.
  0. 0. 0. 0. 0. 0. 0. 0. 0. 0. 0. 0. 0. 0. 0. 0. 0. 0. 0. 0. 0. 0. 0. 0.
  0. 0.]
 [1. 1. 1. 1. 1. 1. 1. 1. 1. 1. 1. 1. 0. 1. 0. 0. 1. 0. 1. 0. 0. 0. 0. 0.
  0. 0. 0. 0. 0. 0. 0. 0. 0. 0. 0. 0. 0. 0. 0. 0. 0. 0. 0. 0. 0. 0. 0. 0.
  0. 0.]
 [1. 1. 1. 1. 0. 0. 1. 1. 1. 1. 1. 1. 1. 0. 1. 0. 1. 1. 1. 1. 0. 0. 0. 0.
  0. 0. 0. 0. 0. 0. 0. 0. 0. 0. 0. 0. 0. 0. 0. 0. 0. 0. 0. 0. 0. 0. 0. 0.
  0. 0.]
 [1. 1. 0. 1. 1. 1. 1. 1. 1. 1. 0. 1. 0. 1. 1. 1. 1. 0. 1. 1. 0. 0. 0. 0.
  0. 0. 0. 0. 0. 0. 0. 0. 0. 0. 0. 0. 0. 0. 0. 0. 0. 0. 0. 0. 0. 0. 0. 0.
  0. 0.]
 [1. 1. 1. 1. 1. 1. 0. 1. 1. 1. 1. 1. 1. 1. 0. 1. 1. 0. 1. 0. 0. 0. 0. 0.
  0. 0. 0. 0. 0. 0. 0. 0. 0. 0. 0. 0. 0. 0. 0. 0. 0. 0. 0. 0. 0. 0. 0. 0.
  0. 0.]
 [1. 1. 1. 1. 1. 1. 1. 1. 1. 1. 1. 1. 1. 1. 1. 1. 1. 0. 1. 1. 0. 0. 0. 0.
  0. 0. 0. 0. 0. 0. 0. 0. 0. 0. 0. 0. 0. 0. 0. 0. 0. 0. 0. 0. 0. 0. 0. 0.
  0. 0.]
 [1. 1. 1. 0. 1. 0. 1. 1. 1. 0. 1. 1. 1. 1. 1. 1. 0. 1. 1. 1. 0. 0. 0. 0.
  0. 0. 0. 0. 0. 0. 0. 0. 0. 0. 0. 0. 0. 0. 0. 0. 0. 0. 0. 0. 0. 0. 0. 0.
  0. 0.]
 [1. 1. 0. 1. 1. 1. 1. 0. 1. 0. 1. 1. 0. 0. 1. 0. 1. 0. 0. 1. 0. 0. 0. 0.
  0. 0. 0. 0. 0. 0. 0. 0. 0. 0. 0. 0. 0. 0. 0. 0. 0. 0. 0. 0. 0. 0. 0. 0.
  0. 0.]
 [1. 1. 1. 0. 1. 1. 1. 1. 1. 0. 1. 1. 1. 1. 0. 1. 1. 1. 1. 1. 0. 0. 0. 0.
  0. 0. 0. 0. 0. 0. 0. 0. 0. 0. 0. 0. 0. 0. 0. 0. 0. 0. 0. 0. 0. 0. 0. 0.
  0. 0.]
 [0. 0. 0. 1. 1. 1. 1. 1. 0. 1. 1. 1. 1. 0. 0. 1. 1. 1. 1. 1. 0. 0. 0. 0.
  0. 0. 0. 0. 0. 0. 0. 0. 0. 0. 0. 0. 0. 0. 0. 0. 0. 0. 0. 0. 0. 0. 0. 0.
  0. 0.]
 [1. 0. 1. 1. 1. 1. 1. 1. 1. 1. 0. 0. 1. 1. 0. 1. 1. 1. 1. 1. 0. 0. 0. 0.
  0. 0. 0. 0. 0. 0. 0. 0. 0. 0. 0. 0. 0. 0. 0. 0. 0. 0. 0. 0. 0. 0. 0. 0.
  0. 0.]
 [1. 1. 1. 0. 0. 0. 1. 0. 1. 0. 1. 1. 0. 1. 1. 1. 1. 1. 1. 1. 0. 0. 0. 0.
  0. 0. 0. 0. 0. 0. 0. 0. 0. 0. 0. 0. 0. 0. 0. 0. 0. 0. 0. 0. 0. 0. 0. 0.
  0. 0.]
 [0. 1. 1. 1. 1. 0. 1. 1. 0. 0. 1. 1. 1. 1. 1. 1. 0. 1. 1. 0. 0. 0. 0. 0.
  0. 0. 0. 0. 0. 0. 0. 0. 0. 0. 0. 0. 0. 0. 0. 0. 0. 0. 0. 0. 0. 0. 0. 0.
  0. 0.]]
start_times_array: [[38353. 38385. 38398. 38447. 38498. 38572. 38645. 38693. 38706. 38712.
  38771. 38804. 38822. 38913. 38926. 38983. 39065. 39136. 39168. 39243.]
 [38202. 38208. 38353. 38387. 38447. 38496. 38499. 38558. 38605. 38620.
  38697. 38721. 38799. 38870. 38889. 38954. 39042. 39065. 39067. 39099.]
 [37472. 37541. 37567. 37597. 37687. 37730. 37747. 37770. 37832. 37849.
  37853. 37871. 37941. 37960. 37975. 37992. 38076. 38130. 38147. 38272.]
 [36409. 36572. 36579. 36628. 36722. 36797. 36853. 36945. 37003. 37035.
  37123. 37162. 37221. 37234. 37248. 37297. 37350. 37368. 37381. 37437.]
 [35620. 35631. 35690. 35767. 35787. 35847. 35880. 35896. 35909. 35981.
  36016. 36052. 36144. 36175. 36267. 36320. 36432. 36502. 36523. 36560.]
 [34567. 34636. 34691. 34714. 34795. 34838. 34900. 34917. 35012. 35051.
  35080. 35101. 35196. 35258. 35299. 35373. 35448. 35455. 35554. 35612.]
 [33007. 33351. 33435. 33452. 33558. 33694. 33762. 33772. 33782. 33796.
  33882. 33972. 34066. 34075. 34151. 34226. 34288. 34349. 34372. 34468.]
 [32286. 32448. 32599. 32640. 32721. 32725. 32731. 32803. 32901. 32971.
  32998. 33018. 33063. 33114. 33198. 33290. 33331. 33539. 33603. 33665.]
 [31388. 31541. 31566. 31572. 31663. 31675. 31754. 31780. 31860. 31866.
  31882. 31966. 31999. 32012. 32076. 32137. 32178. 32255. 32374. 32532.]
 [30687. 30747. 30842. 30862. 30961. 30991. 31039. 31050. 31105. 31112.
  31167. 31184. 31263. 31281. 31340. 31362. 31440. 31475. 31476. 31501.]
 [28820. 29153. 29602. 29665. 29728. 29817. 29836. 29920. 30005. 30031.
  30109. 30162. 30260. 30283. 30367. 30420. 30467. 30469. 30567. 30625.]
 [28820. 28837. 28889. 28901. 28961. 28982. 28992. 29010. 29040. 29097.
  29162. 29193. 29211. 29306. 29394. 29435. 29527. 29602. 29620. 29707.]
 [27730. 27865. 27871. 27971. 28028. 28056. 28065. 28158. 28176. 28214.
  28267. 28355. 28454. 28465. 28551. 28626. 28713. 28729. 28758. 28767.]
 [26952. 27022. 27081. 27172. 27180. 27260. 27268. 27326. 27423. 27519.
  27566. 27602. 27631. 27632. 27645. 27662. 27696. 27766. 27800. 27964.]
 [25935. 26161. 26194. 26239. 26243. 26263. 26277. 26301. 26385. 26443.
  26533. 26628. 26674. 26734. 26745. 26774. 26813. 26837. 26859. 27114.]
 [25110. 25140. 25189. 25282. 25364. 25431. 25456. 25519. 25618. 25623.
  25716. 25788. 25801. 25818. 25891. 25896. 25997. 26017. 26044. 26094.]
 [23804. 23969. 24048. 24142. 24212. 24281. 24322. 24368. 24456. 24543.
  24554. 24609. 24660. 24716. 24748. 24777. 24783. 24880. 24934. 25026.]
 [22861. 22953. 22982. 23040. 23131. 23149. 23164. 23186. 23265. 23283.
  23378. 23392. 23458. 23505. 23575. 23665. 23725. 23903. 23909. 23991.]
 [21916. 21924. 21988. 22085. 22105. 22122. 22124. 22189. 22281. 22310.
  22337. 22399. 22448. 22543. 22548. 22641. 22679. 22761. 22802. 22845.]
 [21009. 21024. 21035. 21068. 21151. 21229. 21261. 21280. 21332. 21418.
  21438. 21446. 21468. 21510. 21590. 21651. 21727. 21742. 21828. 21843.]
 [19101. 19149. 19804. 19923. 19935. 19996. 20085. 20116. 20206. 20298.
  20350. 20449. 20500. 20548. 20646. 20745. 20792. 20890. 20907. 20939.]
 [19071. 19159. 19191. 19257. 19291. 19349. 19355. 19448. 19467. 19564.
  19606. 19633. 19655. 19671. 19763. 19804. 19891. 19923. 19996. 20085.]
 [17965. 18064. 18121. 18198. 18246. 18279. 18338. 18389. 18480. 18555.
  18579. 18594. 18610. 18666. 18746. 18788. 18857. 18930. 19016. 19101.]
 [14588. 16775. 16836. 17012. 17672. 17687. 17731. 17734. 17741. 17819.
  17875. 17965. 18049. 18083. 18096. 18191. 18252. 18338. 18414. 19216.]
 [16136. 16759. 16775. 16788. 16876. 16968. 16985. 17012. 17035. 17045.
  17133. 17221. 17264. 17334. 17408. 17492. 17497. 17533. 17604. 18122.]
 [15706. 16040. 16110. 16136. 16195. 16214. 16301. 16356. 16368. 16417.
  16458. 16545. 16597. 16682. 16721. 16759. 16780. 16829. 16876. 17136.]
 [12886. 14749. 14789. 14854. 14946. 15609. 15638. 15706. 15776. 15797.
  15846. 15888. 15955. 15995. 16001. 16040. 16069. 16110. 16192. 16702.]
 [14609. 14663. 14729. 14747. 14801. 14886. 14992. 15027. 15082. 15140.
  15173. 15225. 15253. 15284. 15381. 15432. 15446. 15545. 15595. 16671.]
 [14030. 14413. 14424. 14485. 14529. 14549. 14588. 14609. 14689. 14692.
  14736. 14749. 14822. 14918. 14987. 14992. 14994. 15140. 15214. 16640.]
 [12539. 12632. 12717. 12810. 13520. 13553. 13646. 13744. 13828. 13911.
  13965. 13980. 13997. 14030. 14112. 14164. 14236. 14273. 14368. 14937.]
 [10541. 12503. 12550. 12643. 13178. 13201. 13299. 13311. 13363. 13441.
  13452. 13454. 13479. 13481. 13520. 13599. 13695. 13728. 13837. 14897.]
 [12437. 12503. 12539. 12551. 12639. 12722. 12726. 12810. 12878. 12905.
  12970. 13060. 13133. 13134. 13178. 13205. 13307. 13380. 13392. 13419.]
 [11013. 11014. 11228. 11281. 11797. 11872. 11889. 11942. 12025. 12087.
  12180. 12185. 12279. 12304. 12369. 12437. 12481. 12497. 12551. 13412.]
 [ 9799.  9808. 10971. 11013. 11045. 11096. 11170. 11228. 11254. 11305.
  11330. 11339. 11391. 11478. 11501. 11571. 11629. 11643. 11692. 11743.]
 [ 9714.  9799.  9814. 10143. 10151. 10201. 10295. 10306. 10393. 10437.
  10472. 10541. 10603. 10638. 10693. 10770. 10862. 10951. 10971. 11083.]
 [ 6365.  6445.  9499.  9531.  9566.  9633.  9677.  9714.  9721.  9814.
   9887.  9893.  9970. 10047. 10131. 10143. 10295. 10531. 10604. 10944.]
 [ 3279.  7481.  7543.  8626.  8686.  8741.  8788.  8857.  8945.  9007.
   9029.  9073.  9076.  9132.  9207.  9287.  9288.  9353.  9429.  9433.]
 [ 7222.  7414.  7420.  7481.  7543.  7597.  8569.  8595.  8599.  8653.
   8707.  8791.  8794.  8796.  8808.  8890.  8979.  9060.  9286.  9365.]
 [ 4305.  4320.  7344.  7414.  7504.  7867.  7939.  7964.  8021.  8041.
   8121.  8209.  8253.  8331.  8410.  8463.  8505.  8569.  8653.  8668.]
 [ 3542.  5528.  5774.  5785.  6599.  7055.  7141.  7222.  7245.  7344.
   7393.  7491.  7569.  7583.  7608.  7682.  7776.  7867.  7899.  8021.]
 [ 4247.  5434.  5626.  5687.  6193.  6201.  6272.  6365.  6437.  6492.
   6587.  6599.  6659.  6741.  6787.  6869.  6876.  6931.  6969.  7869.]
 [ 5389.  5434.  5490.  5500.  5549.  5626.  5669.  5677.  5743.  5774.
   5848.  5941.  5990.  6047.  6070.  6096.  6193.  6287.  6358.  6381.]
 [ 3763.  4620.  4710.  4781.  4831.  4860.  4923.  4924.  4993.  5090.
   5175.  5217.  5237.  5257.  5260.  5303.  5389.  5486.  5508.  5560.]
 [ 3136.  3979.  3991.  4062.  4101.  4200.  4270.  4305.  4389.  4411.
   4458.  4522.  4620.  4627.  4639.  4714.  4778.  4864.  4924.  5550.]
 [ 2776.  3086.  3092.  3183.  3199.  3245.  3324.  3379.  3475.  3561.
   3606.  3649.  3654.  3749.  3763.  3793.  3797.  3835.  3926.  3935.]
 [  832.   852.  1879.  2672.  2971.  3033.  3107.  3151.  3190.  3287.
   3311.  3344.  3358.  3401.  3457.  3537.  3610.  3649.  3655.  3669.]
 [ 2482.  2543.  2626.  2672.  2743.  2768.  2776.  2857.  2917.  2931.
   2961.  2971.  2972.  3033.  3086.  3183.  3202.  3217.  3229.  3422.]
 [  641.   843.   851.  1327.  1755.  1848.  1879.  1890.  1931.  1943.
   1953.  2002.  2021.  2120.  2193.  2288.  2326.  2409.  2420.  2445.]
 [   58.   511.   938.  1018.  1044.  1086.  1120.  1187.  1246.  1327.
   1401.  1418.  1459.  1486.  1558.  1595.  1677.  1755.  1890.  2406.]
 [    0.    47.    48.    58.   146.   184.   267.   350.   449.   450.
    478.   539.   601.   677.   720.   749.   832.   929.   989.  1114.]]
