optimal_status: 0
solution: 6029.0
cpu_time: 3600.0736269950867
gap: 0.753247478437465
upper_bound: 1487.6709525005235
lower_bound: 6029.0
cg_matrix: [[0. 1. 0. 1. 0. 1. 0. 0. 1. 0. 0. 0. 0. 0. 0. 0. 0. 0. 1. 1. 0. 0. 0. 0.
  0. 0. 0. 0. 0. 0.]
 [1. 0. 0. 0. 0. 0. 0. 0. 0. 1. 0. 0. 0. 0. 0. 0. 0. 0. 0. 1. 1. 0. 0. 0.
  0. 1. 0. 0. 0. 0.]
 [0. 0. 0. 1. 1. 1. 0. 0. 0. 0. 0. 0. 0. 0. 0. 0. 1. 1. 0. 1. 0. 0. 0. 0.
  1. 0. 0. 0. 0. 0.]
 [1. 0. 1. 0. 1. 1. 0. 0. 0. 0. 1. 0. 0. 0. 0. 1. 0. 0. 0. 0. 0. 0. 0. 0.
  1. 1. 1. 0. 1. 1.]
 [0. 0. 1. 1. 0. 0. 0. 0. 0. 0. 0. 0. 0. 0. 0. 0. 0. 0. 0. 0. 1. 0. 1. 0.
  0. 0. 0. 1. 0. 0.]
 [1. 0. 1. 1. 0. 0. 0. 1. 1. 1. 0. 0. 0. 0. 0. 0. 0. 0. 0. 1. 0. 0. 1. 0.
  0. 1. 0. 0. 0. 0.]
 [0. 0. 0. 0. 0. 0. 0. 1. 1. 0. 0. 0. 0. 0. 0. 1. 0. 0. 1. 0. 1. 1. 0. 0.
  0. 1. 0. 1. 0. 0.]
 [0. 0. 0. 0. 0. 1. 1. 0. 0. 0. 0. 0. 0. 1. 0. 0. 1. 0. 0. 0. 0. 0. 0. 0.
  1. 1. 0. 0. 0. 0.]
 [1. 0. 0. 0. 0. 1. 1. 0. 0. 0. 0. 1. 1. 0. 0. 0. 0. 0. 0. 1. 0. 0. 0. 0.
  0. 0. 1. 0. 0. 0.]
 [0. 1. 0. 0. 0. 1. 0. 0. 0. 0. 0. 0. 0. 0. 0. 0. 0. 0. 1. 0. 0. 0. 0. 0.
  0. 0. 0. 0. 0. 0.]
 [0. 0. 0. 1. 0. 0. 0. 0. 0. 0. 0. 0. 1. 0. 1. 1. 0. 0. 1. 0. 1. 0. 0. 0.
  0. 0. 0. 1. 0. 0.]
 [0. 0. 0. 0. 0. 0. 0. 0. 1. 0. 0. 0. 0. 0. 0. 0. 0. 1. 0. 0. 0. 1. 0. 0.
  0. 1. 1. 1. 0. 1.]
 [0. 0. 0. 0. 0. 0. 0. 0. 1. 0. 1. 0. 0. 0. 0. 0. 0. 0. 0. 0. 0. 0. 0. 0.
  0. 0. 0. 0. 0. 0.]
 [0. 0. 0. 0. 0. 0. 0. 1. 0. 0. 0. 0. 0. 0. 1. 0. 1. 0. 0. 0. 0. 1. 0. 0.
  0. 0. 0. 0. 1. 0.]
 [0. 0. 0. 0. 0. 0. 0. 0. 0. 0. 1. 0. 0. 1. 0. 1. 1. 0. 0. 0. 0. 0. 0. 0.
  0. 0. 0. 0. 0. 0.]
 [0. 0. 0. 1. 0. 0. 1. 0. 0. 0. 1. 0. 0. 0. 1. 0. 1. 0. 0. 0. 0. 1. 0. 0.
  1. 1. 0. 0. 0. 0.]
 [0. 0. 1. 0. 0. 0. 0. 1. 0. 0. 0. 0. 0. 1. 1. 1. 0. 0. 0. 0. 0. 0. 0. 0.
  1. 0. 0. 0. 0. 0.]
 [0. 0. 1. 0. 0. 0. 0. 0. 0. 0. 0. 1. 0. 0. 0. 0. 0. 0. 0. 0. 0. 0. 1. 0.
  0. 0. 0. 0. 0. 0.]
 [1. 0. 0. 0. 0. 0. 1. 0. 0. 1. 1. 0. 0. 0. 0. 0. 0. 0. 0. 0. 0. 0. 0. 0.
  0. 0. 0. 1. 0. 0.]
 [1. 1. 1. 0. 0. 1. 0. 0. 1. 0. 0. 0. 0. 0. 0. 0. 0. 0. 0. 0. 0. 0. 1. 0.
  0. 0. 1. 0. 0. 0.]
 [0. 1. 0. 0. 1. 0. 1. 0. 0. 0. 1. 0. 0. 0. 0. 0. 0. 0. 0. 0. 0. 0. 0. 0.
  0. 0. 0. 0. 0. 0.]
 [0. 0. 0. 0. 0. 0. 1. 0. 0. 0. 0. 1. 0. 1. 0. 1. 0. 0. 0. 0. 0. 0. 0. 0.
  0. 0. 0. 0. 0. 0.]
 [0. 0. 0. 0. 1. 1. 0. 0. 0. 0. 0. 0. 0. 0. 0. 0. 0. 1. 0. 1. 0. 0. 0. 0.
  0. 0. 0. 0. 0. 0.]
 [0. 0. 0. 0. 0. 0. 0. 0. 0. 0. 0. 0. 0. 0. 0. 0. 0. 0. 0. 0. 0. 0. 0. 0.
  0. 0. 0. 0. 0. 0.]
 [0. 0. 1. 1. 0. 0. 0. 1. 0. 0. 0. 0. 0. 0. 0. 1. 1. 0. 0. 0. 0. 0. 0. 0.
  0. 0. 0. 0. 0. 0.]
 [0. 1. 0. 1. 0. 1. 1. 1. 0. 0. 0. 1. 0. 0. 0. 1. 0. 0. 0. 0. 0. 0. 0. 0.
  0. 0. 0. 0. 0. 0.]
 [0. 0. 0. 1. 0. 0. 0. 0. 1. 0. 0. 1. 0. 0. 0. 0. 0. 0. 0. 1. 0. 0. 0. 0.
  0. 0. 0. 0. 0. 0.]
 [0. 0. 0. 0. 1. 0. 1. 0. 0. 0. 1. 1. 0. 0. 0. 0. 0. 0. 1. 0. 0. 0. 0. 0.
  0. 0. 0. 0. 0. 0.]
 [0. 0. 0. 1. 0. 0. 0. 0. 0. 0. 0. 0. 0. 1. 0. 0. 0. 0. 0. 0. 0. 0. 0. 0.
  0. 0. 0. 0. 0. 0.]
 [0. 0. 0. 1. 0. 0. 0. 0. 0. 0. 0. 1. 0. 0. 0. 0. 0. 0. 0. 0. 0. 0. 0. 0.
  0. 0. 0. 0. 0. 0.]]
start_times_array: [[9.10000000e+01 4.03000000e+02 4.41000000e+02 4.56000000e+02
  9.49000000e+02 1.33000000e+03 1.75600000e+03 1.93900000e+03
  2.29400000e+03 2.62400000e+03 2.95000000e+03 3.35100000e+03
  3.56800000e+03 3.77400003e+03 4.16100000e+03 4.25200000e+03
  4.41500000e+03 4.62600000e+03 5.11800000e+03 5.36800000e+03]
 [6.73000000e+02 1.12700000e+03 1.19700000e+03 1.23900000e+03
  1.38700000e+03 1.45300000e+03 1.69000000e+03 2.18000000e+03
  2.40100000e+03 2.41200000e+03 2.57600000e+03 2.85300000e+03
  3.47900000e+03 4.05200003e+03 4.33400000e+03 4.68300000e+03
  5.29200000e+03 5.65700000e+03 5.79800004e+03 6.00300000e+03]
 [2.91000000e+02 4.03000000e+02 7.61000000e+02 9.49000000e+02
  1.17300000e+03 1.72500000e+03 1.96900000e+03 2.32000000e+03
  2.48500000e+03 2.55900000e+03 2.68100000e+03 2.90600000e+03
  3.53300000e+03 3.62000000e+03 3.77800000e+03 4.15100000e+03
  4.27900000e+03 4.65300000e+03 4.98900000e+03 5.41800000e+03]
 [2.40000000e+01 3.53000000e+02 5.82000000e+02 7.98000000e+02
  8.97000000e+02 1.46300000e+03 1.55200000e+03 2.12000000e+03
  2.25600000e+03 2.48800000e+03 2.51300000e+03 2.70100000e+03
  3.07900000e+03 3.25100000e+03 3.68900000e+03 4.02800000e+03
  4.44300000e+03 4.77100000e+03 5.33600000e+03 5.59800000e+03]
 [5.50000000e+01 4.92000000e+02 7.47000000e+02 8.10000000e+02
  1.08400000e+03 1.09400000e+03 1.63300000e+03 1.64700000e+03
  1.82900000e+03 2.05200000e+03 2.30100000e+03 2.62100000e+03
  3.11400000e+03 3.18600000e+03 3.35000000e+03 4.24500003e+03
  4.56600003e+03 5.23100000e+03 5.38000000e+03 5.45900000e+03]
 [1.57000000e+02 6.64000000e+02 7.59000000e+02 1.24900000e+03
  1.99500000e+03 2.17200000e+03 2.38700000e+03 2.80200000e+03
  2.99000000e+03 3.11400000e+03 3.46600000e+03 3.91900000e+03
  4.13500000e+03 4.38200000e+03 4.53800000e+03 4.71500000e+03
  4.85100000e+03 5.43700000e+03 5.78900000e+03 5.99400000e+03]
 [1.60000000e+02 1.88000000e+02 5.47000000e+02 9.21000000e+02
  1.31900000e+03 1.37600000e+03 1.43700000e+03 1.81500000e+03
  2.01300000e+03 2.62400000e+03 2.70700000e+03 3.01600000e+03
  3.51700000e+03 3.76700000e+03 4.39000000e+03 4.81900000e+03
  5.49600000e+03 5.59800000e+03 5.61200000e+03 5.94900000e+03]
 [3.71000000e+02 1.11800000e+03 1.21400000e+03 1.47300000e+03
  1.70800000e+03 2.19300000e+03 2.55500000e+03 2.72100000e+03
  2.89900000e+03 3.30900000e+03 3.36600000e+03 3.60700000e+03
  3.82800000e+03 4.36500000e+03 4.46200000e+03 4.68300000e+03
  4.95900003e+03 5.00800000e+03 5.33800000e+03 5.88100000e+03]
 [4.63000000e+02 6.28000000e+02 7.79000000e+02 7.87000000e+02
  8.08000000e+02 1.04200000e+03 1.07400000e+03 1.59300000e+03
  1.89200000e+03 2.19300000e+03 2.54400000e+03 2.86600000e+03
  3.25900000e+03 3.42500000e+03 3.98400000e+03 4.22700000e+03
  4.91900000e+03 5.08500000e+03 5.28800000e+03 5.31700000e+03]
 [0.00000000e+00 2.86000000e+02 3.22000000e+02 3.44000000e+02
  9.21000000e+02 9.53000000e+02 1.56700000e+03 1.66300000e+03
  1.80300000e+03 2.08800000e+03 2.49900000e+03 2.66000000e+03
  3.05700000e+03 3.72600000e+03 3.99300003e+03 4.15100000e+03
  4.24500003e+03 5.02700000e+03 5.52800000e+03 5.93300000e+03]
 [0.00000000e+00 3.00000000e+02 4.75000000e+02 6.56000000e+02
  8.64000000e+02 9.49000000e+02 1.43700000e+03 1.62000000e+03
  1.99900000e+03 2.62500000e+03 2.81400000e+03 3.12000000e+03
  3.74300000e+03 3.93600000e+03 3.99500000e+03 4.36000000e+03
  4.80200000e+03 4.81500000e+03 4.84600000e+03 5.02300000e+03]
 [4.00000000e+00 1.90000000e+02 3.67000000e+02 5.42000000e+02
  9.06000000e+02 1.14900000e+03 1.35400000e+03 1.41700000e+03
  1.76200000e+03 2.63800000e+03 3.03000000e+03 3.48500000e+03
  3.55300000e+03 3.57700000e+03 4.06600000e+03 4.39900003e+03
  4.72000000e+03 5.14600000e+03 5.77900000e+03 5.94900000e+03]
 [6.00000000e+01 2.45000000e+02 3.96000000e+02 9.68000000e+02
  1.02000000e+03 1.28700000e+03 1.36200000e+03 1.81600000e+03
  1.96400000e+03 2.34200000e+03 2.74700000e+03 2.94300000e+03
  3.02700000e+03 3.30800000e+03 3.86100000e+03 4.07900000e+03
  4.46400000e+03 5.04400000e+03 5.18900000e+03 5.49400000e+03]
 [3.90000000e+01 1.62000000e+02 1.87000000e+02 7.59000000e+02
  9.06000000e+02 1.33500000e+03 1.53100000e+03 2.00500000e+03
  2.17100000e+03 2.46200000e+03 2.51300000e+03 2.78900000e+03
  3.20700000e+03 3.49300000e+03 3.65300000e+03 3.94700000e+03
  4.20500000e+03 4.31600000e+03 4.35500000e+03 4.39000000e+03]
 [2.40000000e+01 5.30000000e+01 2.92000000e+02 3.90000000e+02
  5.36000000e+02 5.62000000e+02 9.95000000e+02 1.25300000e+03
  1.30200000e+03 1.88100000e+03 1.93900000e+03 2.06600000e+03
  2.66600000e+03 2.76700000e+03 2.90100000e+03 3.01900000e+03
  3.11400000e+03 3.28200000e+03 5.04400000e+03 5.67300000e+03]
 [4.03000000e+02 7.24000000e+02 1.03200000e+03 1.15200000e+03
  1.21000000e+03 1.33600000e+03 1.35700000e+03 1.71100000e+03
  1.99100000e+03 2.18600000e+03 2.54500000e+03 2.78900000e+03
  2.93900000e+03 3.59400000e+03 3.82800000e+03 4.27900000e+03
  4.68300000e+03 4.88500000e+03 4.89600000e+03 5.35600000e+03]
 [1.30000000e+01 8.00000000e+01 5.97000000e+02 1.03800000e+03
  1.37900000e+03 1.62900000e+03 2.12800000e+03 2.38700000e+03
  2.50900000e+03 2.83500000e+03 3.06200000e+03 3.38000000e+03
  3.99400000e+03 4.07100000e+03 4.49400000e+03 4.77100000e+03
  5.23700000e+03 5.52900000e+03 5.59100000e+03 5.96000000e+03]
 [4.90000000e+01 6.00000000e+01 2.79000000e+02 5.49000000e+02
  6.21000000e+02 1.27100000e+03 1.55300000e+03 1.91400000e+03
  2.06800000e+03 2.40100000e+03 2.46400000e+03 2.81500000e+03
  2.85200000e+03 3.13500000e+03 3.93200000e+03 4.44900000e+03
  4.50000000e+03 4.52300000e+03 4.78300000e+03 4.91100000e+03]
 [2.40000000e+01 2.56000000e+02 7.38000000e+02 8.23000000e+02
  1.21400000e+03 1.28100000e+03 1.50900000e+03 1.84800000e+03
  2.11700000e+03 2.27800000e+03 2.43500000e+03 2.73500000e+03
  2.93500000e+03 3.85400000e+03 4.46200000e+03 4.53800000e+03
  4.88400000e+03 5.43700000e+03 5.78900000e+03 5.85200000e+03]
 [4.90000000e+01 2.28000000e+02 2.45000000e+02 5.32000000e+02
  1.50900000e+03 2.08800000e+03 2.25700000e+03 2.48800000e+03
  2.71900000e+03 3.03000000e+03 3.72200003e+03 3.85000000e+03
  4.18600000e+03 4.44100000e+03 4.77200000e+03 5.52600000e+03
  5.61900000e+03 5.65600000e+03 5.74400000e+03 5.89400000e+03]
 [2.40000000e+01 2.21000000e+02 7.67000000e+02 8.78000000e+02
  1.25300000e+03 1.31700000e+03 1.36200000e+03 1.75700000e+03
  1.86200000e+03 2.27800000e+03 2.44200000e+03 2.73500000e+03
  2.75400000e+03 3.37000000e+03 3.44700000e+03 3.56800000e+03
  3.96800000e+03 4.54100003e+03 4.93500000e+03 5.40600000e+03]
 [0.00000000e+00 3.00000000e+00 6.90000000e+01 2.86000000e+02
  8.18000000e+02 1.03800000e+03 1.47300000e+03 1.84800000e+03
  1.90300000e+03 2.72100000e+03 3.12700000e+03 3.34100000e+03
  3.89900000e+03 4.36000000e+03 4.46500000e+03 4.53300000e+03
  4.77100000e+03 5.06700000e+03 5.23700000e+03 5.79900000e+03]
 [0.00000000e+00 8.50000000e+01 4.22000000e+02 4.59000000e+02
  1.19600000e+03 1.66200000e+03 1.80800000e+03 1.81600000e+03
  1.89100000e+03 1.95500000e+03 2.28600000e+03 2.33400000e+03
  2.34000000e+03 2.54400000e+03 2.66700000e+03 2.68900000e+03
  2.89600000e+03 2.94200000e+03 3.22300000e+03 3.77400003e+03]
 [1.60000000e+01 6.78000000e+02 8.68000000e+02 1.13100000e+03
  1.24900000e+03 1.62600000e+03 1.73700000e+03 1.97200000e+03
  2.43800000e+03 2.55200000e+03 3.25100000e+03 3.46700000e+03
  3.54000000e+03 4.05800000e+03 4.24700000e+03 4.53400000e+03
  4.61300000e+03 4.71500000e+03 4.80900000e+03 4.92500000e+03]
 [1.79000000e+02 2.28000000e+02 4.85000000e+02 8.10000000e+02
  1.25000000e+03 1.82200000e+03 1.91800000e+03 2.01300000e+03
  2.59400000e+03 2.98600000e+03 3.45300000e+03 3.91900000e+03
  4.18600000e+03 4.58300000e+03 4.83700000e+03 4.87200000e+03
  5.14600000e+03 5.43400000e+03 5.81800000e+03 5.90300000e+03]
 [5.50000000e+01 3.11000000e+02 4.75000000e+02 1.04300000e+03
  1.33000000e+03 1.61900000e+03 1.87900000e+03 2.30100000e+03
  3.15400000e+03 3.35000000e+03 3.71300000e+03 3.98400000e+03
  4.16400000e+03 4.58900000e+03 5.05400000e+03 5.23700000e+03
  5.26100000e+03 5.52600000e+03 5.74400000e+03 5.90300000e+03]
 [0.00000000e+00 2.81000000e+02 7.49000000e+02 8.10000000e+02
  1.19600000e+03 1.30700000e+03 1.67400000e+03 2.01100000e+03
  2.35900000e+03 2.62400000e+03 2.62800000e+03 2.94100000e+03
  3.35000000e+03 3.61400000e+03 3.77800000e+03 4.32900000e+03
  4.62600000e+03 5.00800000e+03 5.23700000e+03 5.38100000e+03]
 [8.00000000e+01 3.96000000e+02 1.01900000e+03 1.33900000e+03
  1.47300000e+03 1.56700000e+03 1.89700000e+03 2.20600000e+03
  2.49900000e+03 2.89100000e+03 3.37000000e+03 3.56500000e+03
  3.62700000e+03 4.13500000e+03 4.22100003e+03 4.64400000e+03
  4.95500000e+03 5.32800000e+03 5.32900000e+03 5.33200000e+03]
 [5.50000000e+01 1.84000000e+02 4.62000000e+02 5.77000000e+02
  9.95000000e+02 1.27500000e+03 1.75600000e+03 1.78800000e+03
  2.55400000e+03 2.59800000e+03 2.94900000e+03 2.96700000e+03
  3.12700000e+03 3.36300000e+03 4.22400000e+03 4.83400000e+03
  4.89100000e+03 5.04600000e+03 5.06200000e+03 5.84800000e+03]
 [5.50000000e+01 1.11600000e+03 1.67500000e+03 1.90000000e+03
  1.96800000e+03 2.34300000e+03 2.57900000e+03 2.79200000e+03
  3.41000000e+03 3.41400000e+03 3.62700000e+03 3.73800000e+03
  4.55100000e+03 4.63300000e+03 4.78600000e+03 4.83700000e+03
  4.91900000e+03 4.92300000e+03 5.11100000e+03 5.79900000e+03]]
