optimal_status: 0
solution: 18674.0
cpu_time: 3600.1755220890045
gap: 0.9058545170185207
upper_bound: 1758.0727491961425
lower_bound: 18674.0
cg_matrix: [[0. 1. 0. 0. 1. 0. 0. 0. 1. 0. 0. 1. 1. 1. 0. 0. 1. 1. 0. 0. 1. 0. 0. 0.
  0. 0. 0. 0. 1. 1. 0. 0. 0. 0. 1. 0. 0. 1. 0. 0. 0. 0. 0. 1. 0. 1. 0. 0.
  0. 0.]
 [1. 0. 0. 0. 0. 0. 0. 0. 0. 1. 0. 1. 0. 0. 0. 0. 0. 0. 0. 0. 0. 0. 0. 0.
  0. 0. 1. 0. 0. 0. 0. 1. 1. 0. 0. 0. 0. 1. 0. 1. 1. 0. 0. 0. 0. 0. 1. 0.
  0. 1.]
 [0. 0. 0. 1. 1. 0. 0. 0. 0. 0. 0. 0. 1. 0. 0. 1. 0. 0. 0. 1. 0. 1. 1. 1.
  0. 0. 0. 0. 0. 0. 0. 0. 0. 0. 0. 0. 1. 0. 0. 0. 0. 0. 1. 0. 1. 0. 0. 0.
  1. 0.]
 [0. 0. 1. 0. 0. 0. 1. 0. 0. 0. 0. 0. 0. 0. 1. 1. 1. 0. 1. 0. 0. 0. 1. 0.
  0. 0. 1. 0. 0. 0. 0. 0. 0. 1. 1. 1. 0. 1. 1. 0. 1. 1. 1. 1. 0. 0. 0. 0.
  0. 1.]
 [1. 0. 1. 0. 0. 0. 0. 0. 0. 1. 0. 0. 0. 0. 0. 0. 0. 0. 0. 0. 1. 1. 0. 0.
  1. 0. 1. 1. 1. 0. 0. 0. 0. 0. 0. 0. 0. 0. 0. 1. 0. 0. 0. 1. 0. 0. 0. 0.
  1. 0.]
 [0. 0. 0. 0. 0. 0. 0. 0. 1. 0. 0. 0. 0. 1. 0. 0. 0. 0. 0. 1. 0. 1. 0. 1.
  0. 0. 1. 0. 0. 0. 0. 0. 0. 0. 0. 0. 1. 1. 0. 0. 0. 0. 1. 0. 0. 0. 1. 0.
  0. 0.]
 [0. 0. 0. 1. 0. 0. 0. 1. 0. 0. 1. 0. 0. 1. 1. 0. 1. 0. 0. 0. 0. 0. 0. 0.
  0. 0. 0. 1. 0. 0. 0. 0. 0. 0. 0. 0. 1. 0. 0. 0. 0. 0. 0. 0. 0. 1. 0. 0.
  0. 0.]
 [0. 0. 0. 0. 0. 0. 1. 0. 0. 1. 0. 0. 0. 1. 0. 0. 0. 0. 0. 0. 0. 1. 0. 0.
  0. 1. 0. 1. 0. 0. 0. 0. 0. 0. 1. 0. 1. 0. 0. 0. 0. 0. 0. 0. 0. 0. 1. 1.
  0. 0.]
 [1. 0. 0. 0. 0. 1. 0. 0. 0. 0. 0. 0. 1. 1. 0. 0. 0. 0. 0. 1. 0. 1. 0. 0.
  0. 0. 0. 1. 1. 0. 0. 1. 0. 0. 0. 0. 0. 0. 0. 0. 0. 1. 0. 0. 0. 0. 1. 0.
  0. 0.]
 [0. 1. 0. 0. 1. 0. 0. 1. 0. 0. 0. 0. 0. 0. 1. 1. 0. 0. 0. 0. 0. 0. 0. 0.
  0. 0. 0. 1. 0. 0. 0. 0. 0. 0. 1. 0. 1. 1. 0. 0. 0. 0. 1. 0. 0. 0. 0. 0.
  1. 0.]
 [0. 0. 0. 0. 0. 0. 1. 0. 0. 0. 0. 0. 0. 0. 1. 0. 0. 0. 1. 0. 0. 0. 1. 0.
  0. 0. 0. 1. 0. 0. 0. 1. 0. 0. 0. 0. 0. 0. 0. 0. 1. 0. 0. 0. 0. 1. 1. 0.
  0. 0.]
 [1. 1. 0. 0. 0. 0. 0. 0. 0. 0. 0. 0. 0. 0. 0. 0. 0. 1. 0. 0. 0. 1. 0. 0.
  0. 0. 0. 0. 0. 0. 1. 0. 0. 0. 0. 0. 0. 0. 0. 0. 0. 0. 1. 0. 0. 0. 0. 0.
  1. 0.]
 [1. 0. 1. 0. 0. 0. 0. 0. 1. 0. 0. 0. 0. 0. 0. 0. 0. 1. 0. 0. 1. 0. 1. 0.
  0. 1. 0. 1. 0. 1. 0. 1. 1. 0. 0. 0. 0. 0. 0. 0. 0. 0. 1. 0. 0. 0. 0. 0.
  0. 0.]
 [1. 0. 0. 0. 0. 1. 1. 1. 1. 0. 0. 0. 0. 0. 1. 0. 0. 0. 0. 1. 0. 0. 1. 0.
  0. 0. 0. 0. 1. 0. 1. 0. 1. 1. 0. 0. 0. 0. 1. 0. 0. 1. 0. 0. 0. 0. 0. 0.
  0. 0.]
 [0. 0. 0. 1. 0. 0. 1. 0. 0. 1. 1. 0. 0. 1. 0. 0. 0. 0. 0. 0. 0. 0. 0. 0.
  1. 0. 0. 0. 0. 0. 1. 0. 0. 0. 1. 0. 0. 0. 0. 0. 0. 1. 0. 0. 0. 0. 1. 0.
  1. 0.]
 [0. 0. 1. 1. 0. 0. 0. 0. 0. 1. 0. 0. 0. 0. 0. 0. 0. 0. 0. 1. 0. 1. 0. 0.
  0. 0. 0. 0. 0. 1. 0. 0. 1. 0. 0. 0. 1. 0. 0. 0. 0. 0. 0. 0. 0. 0. 1. 1.
  1. 0.]
 [1. 0. 0. 1. 0. 0. 1. 0. 0. 0. 0. 0. 0. 0. 0. 0. 0. 0. 0. 0. 0. 0. 0. 1.
  1. 0. 0. 0. 0. 0. 0. 0. 1. 0. 1. 0. 0. 0. 0. 0. 0. 0. 0. 0. 1. 1. 0. 0.
  0. 0.]
 [1. 0. 0. 0. 0. 0. 0. 0. 0. 0. 0. 1. 1. 0. 0. 0. 0. 0. 0. 0. 0. 0. 1. 0.
  0. 0. 0. 0. 0. 0. 0. 0. 0. 0. 0. 1. 0. 0. 0. 0. 0. 0. 0. 0. 0. 0. 0. 1.
  0. 0.]
 [0. 0. 0. 1. 0. 0. 0. 0. 0. 0. 1. 0. 0. 0. 0. 0. 0. 0. 0. 0. 0. 1. 0. 0.
  1. 1. 1. 0. 0. 0. 0. 0. 1. 0. 0. 1. 0. 0. 0. 0. 0. 0. 0. 0. 0. 0. 0. 0.
  0. 0.]
 [0. 0. 1. 0. 0. 1. 0. 0. 1. 0. 0. 0. 0. 1. 0. 1. 0. 0. 0. 0. 0. 0. 0. 1.
  0. 0. 0. 1. 0. 0. 0. 0. 0. 0. 0. 0. 0. 0. 0. 0. 0. 0. 0. 0. 0. 0. 0. 0.
  0. 1.]
 [1. 0. 0. 0. 1. 0. 0. 0. 0. 0. 0. 0. 1. 0. 0. 0. 0. 0. 0. 0. 0. 0. 0. 0.
  0. 0. 0. 0. 0. 0. 0. 0. 0. 0. 0. 0. 0. 0. 0. 0. 0. 0. 0. 0. 0. 0. 0. 0.
  0. 0.]
 [0. 0. 1. 0. 1. 1. 0. 1. 1. 0. 0. 1. 0. 0. 0. 1. 0. 0. 1. 0. 0. 0. 0. 0.
  0. 0. 0. 0. 0. 0. 0. 0. 0. 0. 0. 0. 0. 0. 0. 0. 0. 0. 0. 0. 0. 0. 0. 0.
  0. 0.]
 [0. 0. 1. 1. 0. 0. 0. 0. 0. 0. 1. 0. 1. 1. 0. 0. 0. 1. 0. 0. 0. 0. 0. 0.
  0. 0. 0. 0. 0. 0. 0. 0. 0. 0. 0. 0. 0. 0. 0. 0. 0. 0. 0. 0. 0. 0. 0. 0.
  0. 0.]
 [0. 0. 1. 0. 0. 1. 0. 0. 0. 0. 0. 0. 0. 0. 0. 0. 1. 0. 0. 1. 0. 0. 0. 0.
  0. 0. 0. 0. 0. 0. 0. 0. 0. 0. 0. 0. 0. 0. 0. 0. 0. 0. 0. 0. 0. 0. 0. 0.
  0. 0.]
 [0. 0. 0. 0. 1. 0. 0. 0. 0. 0. 0. 0. 0. 0. 1. 0. 1. 0. 1. 0. 0. 0. 0. 0.
  0. 0. 0. 0. 0. 0. 0. 0. 0. 0. 0. 0. 0. 0. 0. 0. 0. 0. 0. 0. 0. 0. 0. 0.
  0. 0.]
 [0. 0. 0. 0. 0. 0. 0. 1. 0. 0. 0. 0. 1. 0. 0. 0. 0. 0. 1. 0. 0. 0. 0. 0.
  0. 0. 0. 0. 0. 0. 0. 0. 0. 0. 0. 0. 0. 0. 0. 0. 0. 0. 0. 0. 0. 0. 0. 0.
  0. 0.]
 [0. 1. 0. 1. 1. 1. 0. 0. 0. 0. 0. 0. 0. 0. 0. 0. 0. 0. 1. 0. 0. 0. 0. 0.
  0. 0. 0. 0. 0. 0. 0. 0. 0. 0. 0. 0. 0. 0. 0. 0. 0. 0. 0. 0. 0. 0. 0. 0.
  0. 0.]
 [0. 0. 0. 0. 1. 0. 1. 1. 1. 1. 1. 0. 1. 0. 0. 0. 0. 0. 0. 1. 0. 0. 0. 0.
  0. 0. 0. 0. 0. 0. 0. 0. 0. 0. 0. 0. 0. 0. 0. 0. 0. 0. 0. 0. 0. 0. 0. 0.
  0. 0.]
 [1. 0. 0. 0. 1. 0. 0. 0. 1. 0. 0. 0. 0. 1. 0. 0. 0. 0. 0. 0. 0. 0. 0. 0.
  0. 0. 0. 0. 0. 0. 0. 0. 0. 0. 0. 0. 0. 0. 0. 0. 0. 0. 0. 0. 0. 0. 0. 0.
  0. 0.]
 [1. 0. 0. 0. 0. 0. 0. 0. 0. 0. 0. 0. 1. 0. 0. 1. 0. 0. 0. 0. 0. 0. 0. 0.
  0. 0. 0. 0. 0. 0. 0. 0. 0. 0. 0. 0. 0. 0. 0. 0. 0. 0. 0. 0. 0. 0. 0. 0.
  0. 0.]
 [0. 0. 0. 0. 0. 0. 0. 0. 0. 0. 0. 1. 0. 1. 1. 0. 0. 0. 0. 0. 0. 0. 0. 0.
  0. 0. 0. 0. 0. 0. 0. 0. 0. 0. 0. 0. 0. 0. 0. 0. 0. 0. 0. 0. 0. 0. 0. 0.
  0. 0.]
 [0. 1. 0. 0. 0. 0. 0. 0. 1. 0. 1. 0. 1. 0. 0. 0. 0. 0. 0. 0. 0. 0. 0. 0.
  0. 0. 0. 0. 0. 0. 0. 0. 0. 0. 0. 0. 0. 0. 0. 0. 0. 0. 0. 0. 0. 0. 0. 0.
  0. 0.]
 [0. 1. 0. 0. 0. 0. 0. 0. 0. 0. 0. 0. 1. 1. 0. 1. 1. 0. 1. 0. 0. 0. 0. 0.
  0. 0. 0. 0. 0. 0. 0. 0. 0. 0. 0. 0. 0. 0. 0. 0. 0. 0. 0. 0. 0. 0. 0. 0.
  0. 0.]
 [0. 0. 0. 1. 0. 0. 0. 0. 0. 0. 0. 0. 0. 1. 0. 0. 0. 0. 0. 0. 0. 0. 0. 0.
  0. 0. 0. 0. 0. 0. 0. 0. 0. 0. 0. 0. 0. 0. 0. 0. 0. 0. 0. 0. 0. 0. 0. 0.
  0. 0.]
 [1. 0. 0. 1. 0. 0. 0. 1. 0. 1. 0. 0. 0. 0. 1. 0. 1. 0. 0. 0. 0. 0. 0. 0.
  0. 0. 0. 0. 0. 0. 0. 0. 0. 0. 0. 0. 0. 0. 0. 0. 0. 0. 0. 0. 0. 0. 0. 0.
  0. 0.]
 [0. 0. 0. 1. 0. 0. 0. 0. 0. 0. 0. 0. 0. 0. 0. 0. 0. 1. 1. 0. 0. 0. 0. 0.
  0. 0. 0. 0. 0. 0. 0. 0. 0. 0. 0. 0. 0. 0. 0. 0. 0. 0. 0. 0. 0. 0. 0. 0.
  0. 0.]
 [0. 0. 1. 0. 0. 1. 1. 1. 0. 1. 0. 0. 0. 0. 0. 1. 0. 0. 0. 0. 0. 0. 0. 0.
  0. 0. 0. 0. 0. 0. 0. 0. 0. 0. 0. 0. 0. 0. 0. 0. 0. 0. 0. 0. 0. 0. 0. 0.
  0. 0.]
 [1. 1. 0. 1. 0. 1. 0. 0. 0. 1. 0. 0. 0. 0. 0. 0. 0. 0. 0. 0. 0. 0. 0. 0.
  0. 0. 0. 0. 0. 0. 0. 0. 0. 0. 0. 0. 0. 0. 0. 0. 0. 0. 0. 0. 0. 0. 0. 0.
  0. 0.]
 [0. 0. 0. 1. 0. 0. 0. 0. 0. 0. 0. 0. 0. 1. 0. 0. 0. 0. 0. 0. 0. 0. 0. 0.
  0. 0. 0. 0. 0. 0. 0. 0. 0. 0. 0. 0. 0. 0. 0. 0. 0. 0. 0. 0. 0. 0. 0. 0.
  0. 0.]
 [0. 1. 0. 0. 1. 0. 0. 0. 0. 0. 0. 0. 0. 0. 0. 0. 0. 0. 0. 0. 0. 0. 0. 0.
  0. 0. 0. 0. 0. 0. 0. 0. 0. 0. 0. 0. 0. 0. 0. 0. 0. 0. 0. 0. 0. 0. 0. 0.
  0. 0.]
 [0. 1. 0. 1. 0. 0. 0. 0. 0. 0. 1. 0. 0. 0. 0. 0. 0. 0. 0. 0. 0. 0. 0. 0.
  0. 0. 0. 0. 0. 0. 0. 0. 0. 0. 0. 0. 0. 0. 0. 0. 0. 0. 0. 0. 0. 0. 0. 0.
  0. 0.]
 [0. 0. 0. 1. 0. 0. 0. 0. 1. 0. 0. 0. 0. 1. 1. 0. 0. 0. 0. 0. 0. 0. 0. 0.
  0. 0. 0. 0. 0. 0. 0. 0. 0. 0. 0. 0. 0. 0. 0. 0. 0. 0. 0. 0. 0. 0. 0. 0.
  0. 0.]
 [0. 0. 1. 1. 0. 1. 0. 0. 0. 1. 0. 1. 1. 0. 0. 0. 0. 0. 0. 0. 0. 0. 0. 0.
  0. 0. 0. 0. 0. 0. 0. 0. 0. 0. 0. 0. 0. 0. 0. 0. 0. 0. 0. 0. 0. 0. 0. 0.
  0. 0.]
 [1. 0. 0. 1. 1. 0. 0. 0. 0. 0. 0. 0. 0. 0. 0. 0. 0. 0. 0. 0. 0. 0. 0. 0.
  0. 0. 0. 0. 0. 0. 0. 0. 0. 0. 0. 0. 0. 0. 0. 0. 0. 0. 0. 0. 0. 0. 0. 0.
  0. 0.]
 [0. 0. 1. 0. 0. 0. 0. 0. 0. 0. 0. 0. 0. 0. 0. 0. 1. 0. 0. 0. 0. 0. 0. 0.
  0. 0. 0. 0. 0. 0. 0. 0. 0. 0. 0. 0. 0. 0. 0. 0. 0. 0. 0. 0. 0. 0. 0. 0.
  0. 0.]
 [1. 0. 0. 0. 0. 0. 1. 0. 0. 0. 1. 0. 0. 0. 0. 0. 1. 0. 0. 0. 0. 0. 0. 0.
  0. 0. 0. 0. 0. 0. 0. 0. 0. 0. 0. 0. 0. 0. 0. 0. 0. 0. 0. 0. 0. 0. 0. 0.
  0. 0.]
 [0. 1. 0. 0. 0. 1. 0. 1. 1. 0. 1. 0. 0. 0. 1. 1. 0. 0. 0. 0. 0. 0. 0. 0.
  0. 0. 0. 0. 0. 0. 0. 0. 0. 0. 0. 0. 0. 0. 0. 0. 0. 0. 0. 0. 0. 0. 0. 0.
  0. 0.]
 [0. 0. 0. 0. 0. 0. 0. 1. 0. 0. 0. 0. 0. 0. 0. 1. 0. 1. 0. 0. 0. 0. 0. 0.
  0. 0. 0. 0. 0. 0. 0. 0. 0. 0. 0. 0. 0. 0. 0. 0. 0. 0. 0. 0. 0. 0. 0. 0.
  0. 0.]
 [0. 0. 1. 0. 1. 0. 0. 0. 0. 1. 0. 1. 0. 0. 1. 1. 0. 0. 0. 0. 0. 0. 0. 0.
  0. 0. 0. 0. 0. 0. 0. 0. 0. 0. 0. 0. 0. 0. 0. 0. 0. 0. 0. 0. 0. 0. 0. 0.
  0. 0.]
 [0. 1. 0. 1. 0. 0. 0. 0. 0. 0. 0. 0. 0. 0. 0. 0. 0. 0. 0. 1. 0. 0. 0. 0.
  0. 0. 0. 0. 0. 0. 0. 0. 0. 0. 0. 0. 0. 0. 0. 0. 0. 0. 0. 0. 0. 0. 0. 0.
  0. 0.]]
start_times_array: [[1.33900000e+03 1.18240000e+04 1.20040000e+04 1.20210000e+04
  1.20550000e+04 1.20910000e+04 1.29450000e+04 1.30870000e+04
  1.68100000e+04 1.68520000e+04 1.68640000e+04 1.70650000e+04
  1.83170000e+04 1.83880000e+04 1.84770000e+04 1.85080000e+04
  1.85220000e+04 1.85350000e+04 1.85880000e+04 1.86310000e+04]
 [1.40770000e+04 1.41140000e+04 1.66390000e+04 1.67090000e+04
  1.67930000e+04 1.70030000e+04 1.70770000e+04 1.71680000e+04
  1.71920000e+04 1.73910000e+04 1.74890000e+04 1.75670000e+04
  1.78990000e+04 1.79000000e+04 1.79240000e+04 1.80200000e+04
  1.80810000e+04 1.81710000e+04 1.82380000e+04 1.82450000e+04]
 [1.73350000e+04 1.73910000e+04 1.74750000e+04 1.76590000e+04
  1.76910000e+04 1.76990000e+04 1.77420000e+04 1.77790000e+04
  1.78040000e+04 1.78140000e+04 1.78990000e+04 1.79770000e+04
  1.80530000e+04 1.81470000e+04 1.82070000e+04 1.82440000e+04
  1.83120000e+04 1.83230000e+04 1.83890000e+04 1.84550000e+04]
 [1.60880000e+04 1.61530000e+04 1.62480000e+04 1.63140000e+04
  1.63180000e+04 1.64570000e+04 1.65120000e+04 1.68100000e+04
  1.68420000e+04 1.69200000e+04 1.69720000e+04 1.69820000e+04
  1.70400000e+04 1.70490000e+04 1.71220000e+04 1.71400000e+04
  1.71920000e+04 1.72490000e+04 1.73080000e+04 1.75700000e+04]
 [1.51200000e+04 1.51510000e+04 1.55945138e+04 1.61910000e+04
  1.62120000e+04 1.62860000e+04 1.62930000e+04 1.63360000e+04
  1.63710000e+04 1.63940000e+04 1.64570000e+04 1.64690000e+04
  1.65610000e+04 1.66390000e+04 1.66480000e+04 1.66780000e+04
  1.67000000e+04 1.67190000e+04 1.67890000e+04 1.67930000e+04]
 [1.48500000e+03 1.43030000e+04 1.43540000e+04 1.43890000e+04
  1.44600000e+04 1.45150000e+04 1.45330000e+04 1.46220000e+04
  1.47130000e+04 1.49480000e+04 1.50300000e+04 1.51140000e+04
  1.51180000e+04 1.51200000e+04 1.52150000e+04 1.56050000e+04
  1.60880000e+04 1.61690000e+04 1.61910000e+04 1.62165138e+04]
 [1.47330000e+04 1.50120000e+04 1.50590000e+04 1.51860000e+04
  1.52340000e+04 1.52380000e+04 1.53130000e+04 1.53540000e+04
  1.54050000e+04 1.54070000e+04 1.54800000e+04 1.55320000e+04
  1.55700000e+04 1.56140000e+04 1.56370000e+04 1.56680000e+04
  1.57580000e+04 1.58480000e+04 1.59290000e+04 1.60040000e+04]
 [1.08200000e+03 1.39980000e+04 1.40180000e+04 1.40500000e+04
  1.41040000e+04 1.41140000e+04 1.42100000e+04 1.42160000e+04
  1.42970000e+04 1.43700000e+04 1.44450000e+04 1.45400000e+04
  1.46210000e+04 1.46520000e+04 1.48250000e+04 1.49150000e+04
  1.49480000e+04 1.50690000e+04 1.51650000e+04 1.52330000e+04]
 [5.50000000e+01 6.89000000e+02 7.50000000e+02 8.64000000e+02
  9.83000000e+02 1.06000000e+03 1.11300000e+03 1.21900000e+03
  1.24700000e+03 1.32900000e+03 1.41400000e+03 2.03100000e+03
  1.31310000e+04 1.40500000e+04 1.41040000e+04 1.41290000e+04
  1.41660000e+04 1.42000000e+04 1.42260000e+04 1.44000000e+04]
 [3.37500000e+03 1.20630000e+04 1.21410000e+04 1.21740000e+04
  1.22280000e+04 1.29970000e+04 1.30720000e+04 1.31830000e+04
  1.32490000e+04 1.33190000e+04 1.33540000e+04 1.34070000e+04
  1.34430000e+04 1.36130000e+04 1.36390000e+04 1.37740000e+04
  1.38020000e+04 1.38120000e+04 1.39100000e+04 1.39960000e+04]
 [1.29450000e+04 1.29750000e+04 1.30870000e+04 1.31830000e+04
  1.32490000e+04 1.33490000e+04 1.34300000e+04 1.34340000e+04
  1.34870000e+04 1.34990000e+04 1.35350000e+04 1.35960000e+04
  1.36740000e+04 1.36990000e+04 1.39940000e+04 1.40380000e+04
  1.40500000e+04 1.41310000e+04 1.41540000e+04 1.42160000e+04]
 [1.10290000e+04 1.11270000e+04 1.11740000e+04 1.29970000e+04
  1.31310000e+04 1.32050000e+04 1.32990000e+04 1.33230000e+04
  1.33410000e+04 1.33490000e+04 1.34390000e+04 1.34940000e+04
  1.35610000e+04 1.36130000e+04 1.36160000e+04 1.36440000e+04
  1.36730000e+04 1.37460000e+04 1.38420000e+04 1.39390000e+04]
 [1.09500000e+03 9.90800000e+03 1.07260000e+04 1.08140000e+04
  1.08720000e+04 1.08770000e+04 1.09580000e+04 1.21600000e+04
  1.22550000e+04 1.22910000e+04 1.23420000e+04 1.23950000e+04
  1.24560000e+04 1.25280000e+04 1.25910000e+04 1.26270000e+04
  1.26750000e+04 1.27710000e+04 1.28630000e+04 1.28840000e+04]
 [3.16000000e+02 5.53000000e+02 5.98000000e+02 7.75000000e+02
  1.10070000e+04 1.11680000e+04 1.12390000e+04 1.12510000e+04
  1.13420000e+04 1.14100000e+04 1.14650000e+04 1.15530000e+04
  1.16290000e+04 1.17180000e+04 1.17320000e+04 1.18740000e+04
  1.19380000e+04 1.20080000e+04 1.28360000e+04 1.28840000e+04]
 [1.00430000e+04 1.01350000e+04 1.01530000e+04 1.02090000e+04
  1.02780000e+04 1.03640000e+04 1.03870000e+04 1.04200000e+04
  1.05060000e+04 1.05580000e+04 1.06290000e+04 1.07260000e+04
  1.07350000e+04 1.07510000e+04 1.07890000e+04 1.08580000e+04
  1.08920000e+04 1.09350000e+04 1.09360000e+04 1.10840000e+04]
 [2.69000000e+02 4.91000000e+02 9.34000000e+02 1.05700000e+03
  1.07800000e+03 1.12500000e+03 9.53800000e+03 1.02780000e+04
  1.03500000e+04 1.04360000e+04 1.04640000e+04 1.05450000e+04
  1.05500000e+04 1.05790000e+04 1.06150000e+04 1.06220000e+04
  1.06900000e+04 1.07180000e+04 1.08150000e+04 1.09360000e+04]
 [8.28500000e+03 9.33700000e+03 9.35700000e+03 9.38900000e+03
  9.47900000e+03 9.53800000e+03 9.61900000e+03 9.71100000e+03
  9.71200000e+03 9.72000000e+03 9.73000000e+03 9.74000000e+03
  9.76500000e+03 9.77300000e+03 9.82600000e+03 9.85100000e+03
  9.93000000e+03 1.00150000e+04 1.00430000e+04 1.02080000e+04]
 [1.30200000e+03 1.41400000e+03 8.37300000e+03 8.45200000e+03
  8.45800000e+03 8.48600000e+03 8.52600000e+03 8.73400000e+03
  8.90200000e+03 8.91600000e+03 8.92800000e+03 8.95900000e+03
  8.98400000e+03 8.99900000e+03 9.08300000e+03 9.16600000e+03
  9.35000000e+03 9.74000000e+03 9.77400000e+03 9.81600000e+03]
 [8.26100000e+03 8.28500000e+03 8.28800000e+03 8.30000000e+03
  8.49800000e+03 8.50300000e+03 8.53100000e+03 8.58200000e+03
  9.30100000e+03 9.33700000e+03 9.34300000e+03 9.35500000e+03
  9.40900000e+03 9.47000000e+03 9.48100000e+03 9.58000000e+03
  9.61900000e+03 9.67200000e+03 9.67500000e+03 9.70800000e+03]
 [9.45000000e+02 2.25100000e+03 7.79200000e+03 7.87600000e+03
  7.88800000e+03 7.92400000e+03 8.43100000e+03 8.49800000e+03
  8.54400000e+03 8.63400000e+03 8.71200000e+03 8.73400000e+03
  8.81700000e+03 8.90200000e+03 8.99900000e+03 9.04900000e+03
  9.12700000e+03 9.21800000e+03 9.30100000e+03 9.35000000e+03]
 [2.69000000e+02 7.15200000e+03 7.25600000e+03 7.64400000e+03
  7.64500000e+03 7.73300000e+03 7.74000000e+03 7.75100000e+03
  7.79200000e+03 7.84300000e+03 7.88300000e+03 7.97300000e+03
  7.99300000e+03 8.15700000e+03 8.19700000e+03 8.22200000e+03
  8.25300000e+03 8.26100000e+03 8.34700000e+03 8.43100000e+03]
 [1.22000000e+02 3.28000000e+02 7.68000000e+02 2.17400000e+03
  5.79500000e+03 6.59100000e+03 7.28800000e+03 7.35800000e+03
  7.39300000e+03 7.49000000e+03 7.60100000e+03 7.63300000e+03
  7.72100000e+03 7.81900000e+03 7.85600000e+03 7.93800000e+03
  7.99100000e+03 8.01200000e+03 8.10500000e+03 8.16500000e+03]
 [2.10000000e+01 2.31000000e+02 8.61000000e+02 6.95800000e+03
  7.34800000e+03 7.52400000e+03 7.60100000e+03 7.68800000e+03
  7.75600000e+03 7.79400000e+03 7.81200000e+03 7.84700000e+03
  7.89600000e+03 7.99500000e+03 8.04300000e+03 8.13000000e+03
  8.14100000e+03 8.15700000e+03 8.25300000e+03 8.28900000e+03]
 [6.47700000e+03 6.48300000e+03 6.65700000e+03 6.92100000e+03
  7.06500000e+03 7.09700000e+03 7.22100000e+03 7.25600000e+03
  7.31800000e+03 7.33300000e+03 7.40500000e+03 7.45300000e+03
  7.48700000e+03 7.53800000e+03 7.56200000e+03 7.63300000e+03
  7.65100000e+03 7.65600000e+03 7.69300000e+03 7.74900000e+03]
 [1.28000000e+02 1.67000000e+02 6.08000000e+02 6.89000000e+02
  7.66000000e+02 6.91800000e+03 6.95800000e+03 7.00100000e+03
  7.06500000e+03 7.15600000e+03 7.15700000e+03 7.20500000e+03
  7.28500000e+03 7.30000000e+03 7.32100000e+03 7.41400000e+03
  7.43000000e+03 7.49000000e+03 7.53500000e+03 7.60000000e+03]
 [0.00000000e+00 2.90000000e+01 6.40400000e+03 6.48300000e+03
  6.69100000e+03 6.71800000e+03 6.80200000e+03 6.84700000e+03
  6.89300000e+03 6.98400000e+03 6.99300000e+03 7.01700000e+03
  7.11500000e+03 7.14300000e+03 7.14500000e+03 7.22100000e+03
  7.24300000e+03 7.33100000e+03 7.39800000e+03 7.48400000e+03]
 [0.00000000e+00 1.01000000e+02 1.08000000e+02 2.20000000e+02
  3.74000000e+02 4.78000000e+02 5.39000000e+02 5.98000000e+02
  8.82000000e+02 8.95000000e+02 9.00000000e+02 1.19000000e+03
  1.26400000e+03 1.32900000e+03 1.39500000e+03 1.45500000e+03
  6.71800000e+03 6.79700000e+03 7.01700000e+03 7.06400000e+03]
 [0.00000000e+00 1.22000000e+02 2.68000000e+02 3.64000000e+02
  3.99000000e+02 4.36000000e+02 5.16000000e+02 5.45000000e+02
  5.57000000e+02 1.48500000e+03 5.96000000e+03 6.03400000e+03
  6.08600000e+03 6.58800000e+03 6.60500000e+03 6.69100000e+03
  6.82500000e+03 6.92100000e+03 6.98700000e+03 7.11500000e+03]
 [2.42000000e+02 3.71000000e+02 4.25700000e+03 6.23500000e+03
  6.24400000e+03 6.31800000e+03 6.40100000e+03 6.40400000e+03
  6.50000000e+03 6.54400000e+03 6.56700000e+03 6.57000000e+03
  6.58800000e+03 6.59100000e+03 6.63600000e+03 6.67400000e+03
  6.69800000e+03 6.78900000e+03 6.82500000e+03 6.84700000e+03]
 [0.00000000e+00 5.50000000e+01 6.57000000e+02 3.97300000e+03
  4.86800000e+03 4.92100000e+03 6.22500000e+03 6.29600000e+03
  6.36100000e+03 6.43800000e+03 6.48600000e+03 6.52900000e+03
  6.57400000e+03 6.65700000e+03 6.66400000e+03 6.75700000e+03
  6.82200000e+03 6.90500000e+03 6.91300000e+03 6.91800000e+03]
 [0.00000000e+00 2.27000000e+02 3.71000000e+02 4.01000000e+02
  4.91000000e+02 7.35000000e+02 5.42600000e+03 5.73500000e+03
  5.73800000e+03 5.82900000e+03 5.91900000e+03 5.97400000e+03
  6.03900000e+03 6.12400000e+03 6.21100000e+03 6.23500000e+03
  6.29600000e+03 6.34600000e+03 6.39400000e+03 6.74900000e+03]
 [1.30000000e+02 2.01000000e+02 2.92000000e+02 3.62000000e+02
  5.38100000e+03 5.42600000e+03 5.45000000e+03 5.51300000e+03
  5.65400000e+03 5.67000000e+03 5.73800000e+03 5.79500000e+03
  5.81300000e+03 5.87300000e+03 5.95400000e+03 5.95700000e+03
  5.97400000e+03 6.04200000e+03 6.13900000e+03 6.18100000e+03]
 [3.40000000e+01 3.71000000e+02 4.66000000e+02 7.05000000e+02
  7.66000000e+02 7.99000000e+02 8.29000000e+02 9.13000000e+02
  9.69000000e+02 1.17700000e+03 5.35200000e+03 5.48800000e+03
  5.57400000e+03 5.59400000e+03 5.66700000e+03 5.70600000e+03
  5.77700000e+03 5.82900000e+03 6.06900000e+03 6.14100000e+03]
 [1.38000000e+02 1.84000000e+02 2.29000000e+02 4.32000000e+02
  6.89000000e+02 4.34000000e+03 4.38400000e+03 4.40300000e+03
  5.27500000e+03 5.35800000e+03 5.36000000e+03 5.45000000e+03
  5.46300000e+03 5.55700000e+03 5.59900000e+03 5.69400000e+03
  5.77700000e+03 5.81000000e+03 5.94200000e+03 6.03400000e+03]
 [3.50000000e+01 5.70000000e+01 1.70000000e+02 2.05000000e+02
  2.09000000e+02 5.82000000e+02 9.83000000e+02 1.41400000e+03
  2.18900000e+03 5.22100000e+03 5.29300000e+03 5.35200000e+03
  5.45000000e+03 5.49400000e+03 5.51300000e+03 5.53600000e+03
  5.78600000e+03 5.87300000e+03 5.94200000e+03 6.32700000e+03]
 [0.00000000e+00 2.00000000e+01 1.67000000e+02 3.16000000e+02
  4.91000000e+02 4.37100000e+03 4.66300000e+03 4.70000000e+03
  4.72100000e+03 4.78300000e+03 4.83100000e+03 4.90900000e+03
  4.92700000e+03 4.99700000e+03 5.07500000e+03 5.07600000e+03
  5.09700000e+03 5.18200000e+03 5.22100000e+03 5.39000000e+03]
 [5.30000000e+01 1.09000000e+02 1.69000000e+02 3.36000000e+02
  6.21000000e+02 6.89000000e+02 7.49000000e+02 1.58500000e+03
  4.31800000e+03 4.33500000e+03 4.62200000e+03 4.68100000e+03
  4.75200000e+03 4.80100000e+03 4.87600000e+03 4.92100000e+03
  4.94300000e+03 5.12100000e+03 5.20400000e+03 5.40900000e+03]
 [2.78100000e+03 3.40400000e+03 3.47600000e+03 3.48700000e+03
  3.50200000e+03 3.89800000e+03 3.96300000e+03 4.01900000e+03
  4.09600000e+03 4.16400000e+03 4.18100000e+03 4.24000000e+03
  4.25700000e+03 4.32500000e+03 4.41000000e+03 4.48100000e+03
  4.54100000e+03 4.58000000e+03 4.62200000e+03 4.70000000e+03]
 [0.00000000e+00 1.93000000e+02 2.67700000e+03 4.05400000e+03
  4.07700000e+03 4.08900000e+03 4.16300000e+03 4.23500000e+03
  4.28300000e+03 4.31800000e+03 4.37100000e+03 4.41500000e+03
  4.49500000e+03 4.56300000e+03 4.57800000e+03 4.64000000e+03
  4.66300000e+03 4.77900000e+03 4.86800000e+03 4.88000000e+03]
 [3.50000000e+01 5.29000000e+02 2.59100000e+03 3.50600000e+03
  3.60300000e+03 3.67400000e+03 3.75500000e+03 3.78300000e+03
  3.85300000e+03 3.92000000e+03 3.94600000e+03 4.04300000e+03
  4.05400000e+03 4.13100000e+03 4.18700000e+03 4.24900000e+03
  4.29000000e+03 4.34000000e+03 4.38000000e+03 4.41500000e+03]
 [3.30000000e+01 1.08000000e+02 1.11000000e+02 1.43000000e+02
  1.53000000e+02 3.26000000e+02 3.99000000e+02 4.66000000e+02
  4.70000000e+02 6.95000000e+02 1.07800000e+03 2.36200000e+03
  2.40400000e+03 2.45900000e+03 3.37000000e+03 3.68100000e+03
  3.75500000e+03 3.80600000e+03 4.11500000e+03 4.13500000e+03]
 [2.30000000e+01 4.76000000e+02 2.12500000e+03 2.17400000e+03
  2.25000000e+03 2.42800000e+03 2.52100000e+03 2.66600000e+03
  2.67700000e+03 2.74600000e+03 2.78100000e+03 2.84000000e+03
  3.20200000e+03 3.49300000e+03 3.54500000e+03 3.58000000e+03
  3.67900000e+03 4.14100000e+03 4.24000000e+03 4.31400000e+03]
 [2.00000000e+01 7.50000000e+01 1.23000000e+02 8.03000000e+02
  8.46000000e+02 9.19000000e+02 9.75000000e+02 2.84000000e+03
  2.85600000e+03 3.12200000e+03 3.20200000e+03 3.24500000e+03
  3.29500000e+03 3.36300000e+03 3.43200000e+03 3.45100000e+03
  3.47600000e+03 3.49300000e+03 3.54500000e+03 3.72100000e+03]
 [0.00000000e+00 7.50000000e+01 5.64000000e+02 1.14900000e+03
  2.14100000e+03 2.18900000e+03 2.21500000e+03 2.24500000e+03
  2.26500000e+03 2.33900000e+03 2.38600000e+03 2.48500000e+03
  2.56300000e+03 2.66000000e+03 2.75400000e+03 3.17100000e+03
  3.24500000e+03 3.28700000e+03 3.29200000e+03 3.33800000e+03]
 [0.00000000e+00 1.29000000e+02 2.05800000e+03 2.32300000e+03
  2.36200000e+03 2.36300000e+03 2.46100000e+03 2.50400000e+03
  2.56100000e+03 2.59000000e+03 2.66600000e+03 2.70200000e+03
  2.76000000e+03 2.85300000e+03 2.87000000e+03 2.90800000e+03
  2.98900000e+03 3.06300000e+03 3.08300000e+03 3.17700000e+03]
 [1.06000000e+03 1.41400000e+03 1.54500000e+03 1.72700000e+03
  1.79600000e+03 1.85000000e+03 1.88000000e+03 1.96600000e+03
  2.04600000e+03 2.05200000e+03 2.12400000e+03 2.18900000e+03
  2.23400000e+03 2.33700000e+03 2.40400000e+03 2.41000000e+03
  2.48500000e+03 2.56100000e+03 2.58900000e+03 2.69300000e+03]
 [1.22000000e+02 1.23000000e+02 3.28000000e+02 7.68000000e+02
  1.39400000e+03 1.53800000e+03 1.54500000e+03 1.57100000e+03
  1.59600000e+03 1.61400000e+03 1.69800000e+03 1.79000000e+03
  1.88200000e+03 1.90000000e+03 1.93800000e+03 2.14900000e+03
  2.15700000e+03 2.18900000e+03 2.25600000e+03 2.33700000e+03]
 [1.20000000e+01 6.90000000e+01 1.14000000e+02 1.86000000e+02
  2.41000000e+02 3.47000000e+02 3.99000000e+02 5.98000000e+02
  6.57000000e+02 8.28000000e+02 1.17700000e+03 1.33900000e+03
  1.48500000e+03 1.48900000e+03 1.70400000e+03 1.71000000e+03
  1.88200000e+03 1.96600000e+03 2.03600000e+03 2.24300000e+03]
 [0.00000000e+00 4.70000000e+01 1.28000000e+02 2.12000000e+02
  6.36000000e+02 6.95000000e+02 7.89000000e+02 8.20000000e+02
  9.46000000e+02 9.93000000e+02 1.17700000e+03 1.24600000e+03
  1.30200000e+03 1.55400000e+03 1.57700000e+03 1.60700000e+03
  1.70400000e+03 1.79000000e+03 1.81900000e+03 1.95600000e+03]
 [0.00000000e+00 3.30000000e+01 1.43000000e+02 2.01000000e+02
  2.82000000e+02 2.84000000e+02 3.09000000e+02 3.26000000e+02
  3.27000000e+02 3.99000000e+02 4.32000000e+02 4.50000000e+02
  4.72000000e+02 5.16000000e+02 5.44000000e+02 6.13000000e+02
  7.13000000e+02 8.03000000e+02 8.92000000e+02 1.09500000e+03]]
