optimal_status: 0
solution: 76626.0
cpu_time: 3600.2828319072723
gap: 0.9729734546227748
upper_bound: 2070.936066075253
lower_bound: 76626.0
cg_matrix: [[0. 0. 1. 0. 1. 1. 0. 1. 1. 0. 0. 1. 1. 1. 1. 1. 1. 1. 0. 0. 0. 1. 0. 1.
  1. 0. 1. 1. 0. 1. 1. 0. 0. 0. 1. 1. 0. 0. 0. 0. 0. 1. 1. 0. 0. 0. 0. 0.
  0. 1. 1. 0. 1. 0. 0. 0. 1. 0. 0. 1. 1. 0. 1. 1. 0. 1. 1. 0. 1. 0. 0. 0.
  0. 0. 0. 1. 0. 0. 0. 1. 0. 0. 1. 0. 0. 0. 0. 0. 1. 1. 0. 0. 0. 1. 1. 0.
  0. 0. 1. 0.]
 [0. 0. 1. 0. 0. 0. 0. 0. 1. 1. 1. 0. 1. 1. 1. 0. 0. 0. 0. 1. 1. 0. 1. 0.
  0. 0. 0. 1. 1. 1. 1. 1. 1. 0. 1. 0. 0. 0. 0. 1. 1. 0. 1. 0. 1. 1. 1. 0.
  1. 1. 0. 0. 1. 1. 0. 1. 1. 0. 0. 0. 1. 1. 0. 1. 0. 1. 0. 0. 1. 1. 1. 1.
  0. 0. 0. 0. 0. 1. 0. 0. 1. 0. 0. 0. 0. 1. 0. 0. 1. 0. 1. 1. 0. 1. 0. 1.
  0. 1. 1. 0.]
 [1. 1. 0. 1. 0. 1. 0. 1. 1. 0. 1. 1. 1. 1. 1. 0. 0. 1. 0. 1. 1. 1. 1. 0.
  0. 0. 1. 0. 1. 0. 1. 1. 1. 1. 1. 1. 0. 0. 1. 0. 0. 0. 0. 1. 1. 0. 1. 1.
  0. 1. 1. 1. 0. 0. 0. 0. 1. 1. 1. 0. 0. 0. 0. 1. 0. 1. 1. 0. 0. 1. 1. 1.
  0. 0. 0. 1. 1. 1. 0. 0. 1. 1. 0. 1. 1. 1. 0. 1. 1. 0. 1. 0. 0. 0. 0. 1.
  1. 0. 1. 1.]
 [0. 0. 1. 0. 0. 0. 1. 0. 1. 0. 1. 0. 0. 1. 0. 1. 0. 0. 1. 0. 0. 1. 0. 1.
  0. 0. 0. 1. 1. 0. 1. 0. 0. 1. 0. 0. 0. 0. 0. 0. 0. 0. 1. 0. 1. 1. 1. 0.
  0. 0. 0. 0. 1. 1. 1. 0. 0. 0. 1. 1. 0. 0. 1. 1. 0. 1. 0. 1. 0. 0. 0. 0.
  1. 1. 0. 1. 1. 1. 0. 1. 1. 1. 1. 1. 1. 0. 0. 0. 1. 1. 1. 0. 0. 0. 1. 0.
  1. 1. 0. 1.]
 [1. 0. 0. 0. 0. 0. 1. 0. 0. 0. 1. 1. 1. 0. 0. 0. 0. 1. 0. 0. 0. 1. 1. 1.
  1. 1. 0. 0. 0. 1. 0. 1. 1. 0. 1. 0. 1. 0. 1. 0. 1. 0. 1. 1. 0. 1. 0. 0.
  0. 0. 1. 0. 1. 0. 1. 1. 1. 1. 1. 1. 1. 1. 1. 1. 1. 0. 1. 1. 0. 0. 1. 0.
  0. 0. 0. 1. 0. 1. 1. 0. 0. 0. 1. 0. 0. 1. 0. 1. 0. 0. 0. 1. 0. 1. 1. 0.
  0. 1. 1. 0.]
 [1. 0. 1. 0. 0. 0. 1. 0. 0. 0. 1. 1. 1. 1. 1. 0. 0. 1. 1. 0. 1. 0. 0. 0.
  1. 1. 1. 0. 0. 0. 1. 0. 1. 0. 0. 1. 1. 1. 1. 0. 0. 0. 0. 1. 0. 1. 0. 1.
  1. 0. 1. 1. 1. 0. 0. 1. 1. 1. 1. 0. 1. 0. 0. 0. 0. 1. 0. 1. 0. 0. 0. 0.
  0. 0. 1. 1. 0. 0. 0. 0. 0. 1. 1. 0. 1. 1. 1. 1. 1. 1. 0. 1. 1. 1. 0. 1.
  0. 0. 0. 0.]
 [0. 0. 0. 1. 1. 1. 0. 1. 0. 0. 1. 0. 0. 0. 0. 0. 0. 1. 0. 0. 0. 1. 1. 1.
  0. 0. 1. 0. 1. 1. 0. 1. 1. 1. 1. 1. 0. 1. 1. 1. 1. 1. 0. 0. 0. 0. 1. 0.
  1. 0. 1. 1. 0. 0. 0. 0. 0. 1. 0. 1. 0. 0. 0. 0. 1. 0. 1. 0. 0. 0. 0. 1.
  0. 0. 0. 0. 1. 0. 1. 1. 1. 0. 1. 1. 0. 0. 1. 1. 0. 0. 0. 1. 0. 0. 1. 1.
  1. 1. 1. 1.]
 [1. 0. 1. 0. 0. 0. 1. 0. 1. 1. 1. 1. 1. 1. 0. 0. 0. 0. 0. 1. 1. 0. 1. 1.
  1. 1. 0. 1. 1. 1. 1. 0. 0. 0. 1. 1. 1. 1. 1. 1. 0. 0. 1. 1. 0. 0. 0. 0.
  0. 1. 1. 0. 0. 1. 1. 0. 1. 0. 1. 1. 0. 1. 0. 1. 1. 1. 1. 0. 0. 1. 1. 0.
  0. 1. 1. 1. 0. 0. 1. 0. 1. 0. 1. 1. 0. 1. 1. 0. 0. 0. 0. 1. 1. 1. 0. 1.
  1. 0. 0. 1.]
 [1. 1. 1. 1. 0. 0. 0. 1. 0. 0. 1. 1. 1. 0. 0. 1. 1. 1. 1. 0. 0. 1. 1. 1.
  0. 1. 0. 1. 1. 0. 0. 0. 0. 1. 0. 0. 1. 1. 0. 0. 0. 1. 0. 1. 1. 1. 0. 1.
  0. 0. 1. 1. 0. 0. 1. 1. 0. 1. 0. 1. 1. 1. 1. 1. 1. 1. 0. 0. 0. 0. 1. 1.
  1. 1. 1. 0. 1. 1. 0. 0. 0. 1. 1. 1. 0. 0. 0. 1. 0. 1. 1. 0. 1. 0. 0. 0.
  0. 0. 1. 0.]
 [0. 1. 0. 0. 0. 0. 0. 1. 0. 0. 0. 0. 1. 1. 1. 1. 0. 0. 0. 1. 0. 1. 1. 0.
  1. 0. 1. 0. 1. 1. 0. 1. 0. 1. 0. 1. 0. 1. 0. 1. 0. 1. 1. 0. 1. 0. 1. 1.
  0. 0. 1. 0. 1. 0. 0. 1. 0. 1. 1. 1. 0. 0. 1. 1. 0. 1. 1. 0. 1. 1. 0. 1.
  1. 1. 0. 0. 0. 0. 1. 1. 0. 1. 1. 0. 0. 0. 0. 1. 0. 0. 1. 0. 1. 0. 1. 1.
  1. 1. 1. 1.]
 [0. 1. 1. 1. 1. 1. 1. 1. 1. 0. 0. 0. 0. 1. 1. 1. 0. 0. 0. 0. 0. 1. 1. 1.
  0. 1. 1. 0. 1. 0. 1. 0. 1. 1. 0. 1. 0. 1. 1. 0. 0. 1. 0. 1. 0. 0. 1. 1.
  1. 0. 0. 1. 1. 1. 1. 0. 1. 0. 0. 1. 0. 1. 1. 1. 0. 0. 1. 1. 0. 1. 0. 0.
  1. 0. 1. 1. 0. 1. 0. 0. 1. 0. 0. 1. 1. 0. 0. 0. 1. 1. 1. 0. 1. 0. 1. 1.
  1. 0. 1. 0.]
 [1. 0. 1. 0. 1. 1. 0. 1. 1. 0. 0. 0. 1. 0. 1. 0. 1. 0. 1. 0. 1. 0. 1. 0.
  1. 0. 0. 1. 1. 0. 1. 0. 0. 0. 0. 1. 0. 0. 0. 0. 0. 1. 0. 1. 1. 0. 0. 0.
  1. 1. 0. 1. 0. 1. 0. 1. 0. 0. 1. 0. 0. 1. 1. 0. 1. 0. 1. 1. 1. 1. 1. 1.
  1. 1. 1. 1. 0. 0. 1. 1. 0. 0. 0. 1. 1. 1. 1. 0. 1. 0. 1. 0. 0. 0. 1. 0.
  1. 0. 1. 1.]
 [1. 1. 1. 0. 1. 1. 0. 1. 1. 1. 0. 1. 0. 0. 0. 0. 0. 0. 1. 0. 1. 1. 1. 0.
  0. 1. 1. 1. 1. 0. 1. 0. 0. 1. 0. 1. 0. 1. 0. 0. 0. 0. 1. 1. 0. 0. 0. 0.
  1. 1. 1. 1. 1. 0. 1. 0. 1. 1. 0. 1. 1. 1. 0. 0. 0. 0. 0. 0. 1. 1. 1. 1.
  0. 0. 1. 1. 0. 1. 0. 1. 1. 1. 1. 0. 1. 0. 0. 0. 1. 0. 0. 1. 0. 1. 1. 0.
  1. 0. 0. 1.]
 [1. 1. 1. 1. 0. 1. 0. 1. 0. 1. 1. 0. 0. 0. 1. 0. 1. 1. 1. 1. 0. 0. 0. 1.
  1. 0. 1. 1. 1. 0. 0. 1. 0. 0. 0. 0. 1. 0. 1. 0. 1. 1. 1. 0. 1. 1. 0. 1.
  1. 1. 1. 0. 0. 0. 1. 0. 1. 1. 1. 0. 1. 1. 0. 0. 0. 1. 1. 1. 0. 0. 0. 0.
  1. 0. 0. 0. 1. 1. 1. 0. 0. 1. 1. 1. 0. 1. 0. 1. 0. 0. 1. 1. 1. 0. 1. 1.
  0. 0. 1. 1.]
 [1. 1. 1. 0. 0. 1. 0. 0. 0. 1. 1. 1. 0. 1. 0. 1. 1. 1. 0. 0. 1. 1. 1. 1.
  0. 1. 1. 1. 0. 1. 1. 0. 1. 1. 1. 0. 1. 0. 0. 0. 1. 0. 0. 1. 1. 1. 0. 0.
  0. 0. 0. 1. 1. 0. 0. 1. 1. 1. 1. 1. 0. 1. 0. 0. 0. 0. 1. 1. 1. 1. 0. 1.
  1. 0. 0. 0. 1. 0. 0. 0. 1. 1. 0. 1. 0. 0. 0. 0. 1. 1. 1. 0. 0. 1. 1. 0.
  1. 1. 1. 0.]
 [1. 0. 0. 1. 0. 0. 0. 0. 1. 1. 1. 0. 0. 0. 1. 0. 0. 0. 1. 0. 1. 1. 1. 1.
  1. 1. 1. 1. 0. 1. 1. 0. 0. 0. 1. 1. 1. 1. 1. 0. 1. 1. 1. 0. 1. 1. 0. 0.
  1. 0. 1. 0. 1. 0. 1. 0. 0. 0. 1. 0. 0. 0. 1. 0. 0. 0. 0. 0. 0. 0. 0. 1.
  0. 1. 1. 0. 0. 1. 0. 0. 1. 1. 0. 1. 0. 0. 0. 0. 1. 1. 0. 1. 0. 1. 0. 1.
  1. 1. 0. 1.]
 [1. 0. 0. 0. 0. 0. 0. 0. 1. 0. 0. 1. 0. 1. 1. 0. 0. 1. 1. 1. 0. 1. 0. 1.
  1. 0. 0. 0. 1. 1. 0. 0. 0. 0. 0. 1. 0. 1. 1. 0. 1. 0. 1. 1. 0. 1. 0. 0.
  0. 0. 1. 1. 1. 0. 1. 0. 1. 1. 1. 1. 0. 0. 1. 0. 0. 0. 1. 0. 0. 0. 0. 0.
  0. 0. 1. 1. 0. 0. 1. 0. 1. 1. 1. 1. 1. 1. 1. 1. 0. 1. 1. 1. 0. 1. 0. 0.
  1. 1. 1. 1.]
 [1. 0. 1. 0. 1. 1. 1. 0. 1. 0. 0. 0. 0. 1. 1. 0. 1. 0. 1. 1. 0. 0. 0. 0.
  0. 0. 0. 1. 1. 0. 0. 1. 0. 1. 1. 0. 0. 0. 1. 1. 1. 1. 0. 0. 1. 0. 1. 0.
  1. 0. 1. 0. 0. 1. 1. 0. 0. 0. 1. 1. 1. 0. 0. 1. 1. 0. 1. 0. 1. 0. 1. 1.
  0. 1. 1. 1. 0. 1. 1. 0. 0. 0. 1. 1. 0. 0. 0. 0. 0. 1. 0. 0. 1. 0. 1. 0.
  0. 1. 0. 1.]
 [0. 0. 0. 1. 0. 1. 0. 0. 1. 0. 0. 1. 1. 1. 0. 1. 1. 1. 0. 1. 1. 1. 1. 1.
  0. 0. 0. 0. 0. 0. 1. 0. 0. 1. 1. 0. 0. 1. 1. 1. 1. 1. 1. 0. 0. 1. 0. 1.
  1. 0. 1. 0. 0. 1. 1. 0. 0. 0. 0. 1. 0. 0. 0. 0. 0. 0. 0. 1. 0. 0. 0. 1.
  0. 1. 1. 1. 0. 1. 1. 1. 0. 0. 1. 0. 1. 0. 0. 1. 1. 1. 1. 0. 0. 0. 0. 0.
  1. 1. 1. 1.]
 [0. 1. 1. 0. 0. 0. 0. 1. 0. 1. 0. 0. 0. 1. 0. 0. 1. 1. 1. 0. 1. 1. 1. 1.
  0. 1. 0. 1. 0. 0. 1. 1. 1. 0. 1. 0. 1. 1. 0. 1. 1. 0. 1. 1. 0. 1. 1. 0.
  1. 1. 1. 1. 0. 1. 1. 0. 0. 0. 0. 1. 1. 1. 1. 0. 0. 1. 0. 1. 1. 1. 0. 1.
  1. 1. 1. 0. 1. 0. 0. 0. 1. 0. 0. 1. 1. 0. 0. 1. 1. 0. 0. 0. 0. 1. 0. 0.
  0. 0. 0. 0.]
 [0. 1. 1. 0. 0. 1. 0. 1. 0. 0. 0. 1. 1. 0. 1. 1. 0. 0. 1. 1. 0. 0. 0. 0.
  0. 0. 0. 0. 0. 0. 0. 0. 0. 0. 0. 0. 0. 0. 0. 0. 0. 0. 0. 0. 0. 0. 0. 0.
  0. 0. 0. 0. 0. 0. 0. 0. 0. 0. 0. 0. 0. 0. 0. 0. 0. 0. 0. 0. 0. 0. 0. 0.
  0. 0. 0. 0. 0. 0. 0. 0. 0. 0. 0. 0. 0. 0. 0. 0. 0. 0. 0. 0. 0. 0. 0. 0.
  0. 0. 0. 0.]
 [1. 0. 1. 1. 1. 0. 1. 0. 1. 1. 1. 0. 1. 0. 1. 1. 1. 0. 1. 1. 0. 0. 0. 0.
  0. 0. 0. 0. 0. 0. 0. 0. 0. 0. 0. 0. 0. 0. 0. 0. 0. 0. 0. 0. 0. 0. 0. 0.
  0. 0. 0. 0. 0. 0. 0. 0. 0. 0. 0. 0. 0. 0. 0. 0. 0. 0. 0. 0. 0. 0. 0. 0.
  0. 0. 0. 0. 0. 0. 0. 0. 0. 0. 0. 0. 0. 0. 0. 0. 0. 0. 0. 0. 0. 0. 0. 0.
  0. 0. 0. 0.]
 [0. 1. 1. 0. 1. 0. 1. 1. 1. 1. 1. 1. 1. 0. 1. 1. 0. 0. 1. 1. 0. 0. 0. 0.
  0. 0. 0. 0. 0. 0. 0. 0. 0. 0. 0. 0. 0. 0. 0. 0. 0. 0. 0. 0. 0. 0. 0. 0.
  0. 0. 0. 0. 0. 0. 0. 0. 0. 0. 0. 0. 0. 0. 0. 0. 0. 0. 0. 0. 0. 0. 0. 0.
  0. 0. 0. 0. 0. 0. 0. 0. 0. 0. 0. 0. 0. 0. 0. 0. 0. 0. 0. 0. 0. 0. 0. 0.
  0. 0. 0. 0.]
 [1. 0. 0. 1. 1. 0. 1. 1. 1. 0. 1. 0. 0. 1. 1. 1. 1. 0. 1. 1. 0. 0. 0. 0.
  0. 0. 0. 0. 0. 0. 0. 0. 0. 0. 0. 0. 0. 0. 0. 0. 0. 0. 0. 0. 0. 0. 0. 0.
  0. 0. 0. 0. 0. 0. 0. 0. 0. 0. 0. 0. 0. 0. 0. 0. 0. 0. 0. 0. 0. 0. 0. 0.
  0. 0. 0. 0. 0. 0. 0. 0. 0. 0. 0. 0. 0. 0. 0. 0. 0. 0. 0. 0. 0. 0. 0. 0.
  0. 0. 0. 0.]
 [1. 0. 0. 0. 1. 1. 0. 1. 0. 1. 0. 1. 0. 1. 0. 1. 1. 0. 0. 0. 0. 0. 0. 0.
  0. 0. 0. 0. 0. 0. 0. 0. 0. 0. 0. 0. 0. 0. 0. 0. 0. 0. 0. 0. 0. 0. 0. 0.
  0. 0. 0. 0. 0. 0. 0. 0. 0. 0. 0. 0. 0. 0. 0. 0. 0. 0. 0. 0. 0. 0. 0. 0.
  0. 0. 0. 0. 0. 0. 0. 0. 0. 0. 0. 0. 0. 0. 0. 0. 0. 0. 0. 0. 0. 0. 0. 0.
  0. 0. 0. 0.]
 [0. 0. 0. 0. 1. 1. 0. 1. 1. 0. 1. 0. 1. 0. 1. 1. 0. 0. 0. 1. 0. 0. 0. 0.
  0. 0. 0. 0. 0. 0. 0. 0. 0. 0. 0. 0. 0. 0. 0. 0. 0. 0. 0. 0. 0. 0. 0. 0.
  0. 0. 0. 0. 0. 0. 0. 0. 0. 0. 0. 0. 0. 0. 0. 0. 0. 0. 0. 0. 0. 0. 0. 0.
  0. 0. 0. 0. 0. 0. 0. 0. 0. 0. 0. 0. 0. 0. 0. 0. 0. 0. 0. 0. 0. 0. 0. 0.
  0. 0. 0. 0.]
 [1. 0. 1. 0. 0. 1. 1. 0. 0. 1. 1. 0. 1. 1. 1. 1. 0. 0. 0. 0. 0. 0. 0. 0.
  0. 0. 0. 0. 0. 0. 0. 0. 0. 0. 0. 0. 0. 0. 0. 0. 0. 0. 0. 0. 0. 0. 0. 0.
  0. 0. 0. 0. 0. 0. 0. 0. 0. 0. 0. 0. 0. 0. 0. 0. 0. 0. 0. 0. 0. 0. 0. 0.
  0. 0. 0. 0. 0. 0. 0. 0. 0. 0. 0. 0. 0. 0. 0. 0. 0. 0. 0. 0. 0. 0. 0. 0.
  0. 0. 0. 0.]
 [1. 1. 0. 1. 0. 0. 0. 1. 1. 0. 0. 1. 1. 1. 1. 1. 0. 1. 0. 1. 0. 0. 0. 0.
  0. 0. 0. 0. 0. 0. 0. 0. 0. 0. 0. 0. 0. 0. 0. 0. 0. 0. 0. 0. 0. 0. 0. 0.
  0. 0. 0. 0. 0. 0. 0. 0. 0. 0. 0. 0. 0. 0. 0. 0. 0. 0. 0. 0. 0. 0. 0. 0.
  0. 0. 0. 0. 0. 0. 0. 0. 0. 0. 0. 0. 0. 0. 0. 0. 0. 0. 0. 0. 0. 0. 0. 0.
  0. 0. 0. 0.]
 [0. 1. 1. 1. 0. 0. 1. 1. 1. 1. 1. 1. 1. 1. 0. 0. 1. 1. 0. 0. 0. 0. 0. 0.
  0. 0. 0. 0. 0. 0. 0. 0. 0. 0. 0. 0. 0. 0. 0. 0. 0. 0. 0. 0. 0. 0. 0. 0.
  0. 0. 0. 0. 0. 0. 0. 0. 0. 0. 0. 0. 0. 0. 0. 0. 0. 0. 0. 0. 0. 0. 0. 0.
  0. 0. 0. 0. 0. 0. 0. 0. 0. 0. 0. 0. 0. 0. 0. 0. 0. 0. 0. 0. 0. 0. 0. 0.
  0. 0. 0. 0.]
 [1. 1. 0. 0. 1. 0. 1. 1. 0. 1. 0. 0. 0. 0. 1. 1. 1. 0. 0. 0. 0. 0. 0. 0.
  0. 0. 0. 0. 0. 0. 0. 0. 0. 0. 0. 0. 0. 0. 0. 0. 0. 0. 0. 0. 0. 0. 0. 0.
  0. 0. 0. 0. 0. 0. 0. 0. 0. 0. 0. 0. 0. 0. 0. 0. 0. 0. 0. 0. 0. 0. 0. 0.
  0. 0. 0. 0. 0. 0. 0. 0. 0. 0. 0. 0. 0. 0. 0. 0. 0. 0. 0. 0. 0. 0. 0. 0.
  0. 0. 0. 0.]
 [1. 1. 1. 1. 0. 1. 0. 1. 0. 0. 1. 1. 1. 0. 1. 1. 0. 0. 1. 1. 0. 0. 0. 0.
  0. 0. 0. 0. 0. 0. 0. 0. 0. 0. 0. 0. 0. 0. 0. 0. 0. 0. 0. 0. 0. 0. 0. 0.
  0. 0. 0. 0. 0. 0. 0. 0. 0. 0. 0. 0. 0. 0. 0. 0. 0. 0. 0. 0. 0. 0. 0. 0.
  0. 0. 0. 0. 0. 0. 0. 0. 0. 0. 0. 0. 0. 0. 0. 0. 0. 0. 0. 0. 0. 0. 0. 0.
  0. 0. 0. 0.]
 [0. 1. 1. 0. 1. 0. 1. 0. 0. 1. 0. 0. 0. 1. 0. 0. 0. 1. 0. 1. 0. 0. 0. 0.
  0. 0. 0. 0. 0. 0. 0. 0. 0. 0. 0. 0. 0. 0. 0. 0. 0. 0. 0. 0. 0. 0. 0. 0.
  0. 0. 0. 0. 0. 0. 0. 0. 0. 0. 0. 0. 0. 0. 0. 0. 0. 0. 0. 0. 0. 0. 0. 0.
  0. 0. 0. 0. 0. 0. 0. 0. 0. 0. 0. 0. 0. 0. 0. 0. 0. 0. 0. 0. 0. 0. 0. 0.
  0. 0. 0. 0.]
 [0. 1. 1. 0. 1. 1. 1. 0. 0. 0. 1. 0. 0. 0. 1. 0. 0. 0. 0. 1. 0. 0. 0. 0.
  0. 0. 0. 0. 0. 0. 0. 0. 0. 0. 0. 0. 0. 0. 0. 0. 0. 0. 0. 0. 0. 0. 0. 0.
  0. 0. 0. 0. 0. 0. 0. 0. 0. 0. 0. 0. 0. 0. 0. 0. 0. 0. 0. 0. 0. 0. 0. 0.
  0. 0. 0. 0. 0. 0. 0. 0. 0. 0. 0. 0. 0. 0. 0. 0. 0. 0. 0. 0. 0. 0. 0. 0.
  0. 0. 0. 0.]
 [0. 0. 1. 1. 0. 0. 1. 0. 1. 1. 1. 0. 1. 0. 1. 0. 0. 1. 1. 0. 0. 0. 0. 0.
  0. 0. 0. 0. 0. 0. 0. 0. 0. 0. 0. 0. 0. 0. 0. 0. 0. 0. 0. 0. 0. 0. 0. 0.
  0. 0. 0. 0. 0. 0. 0. 0. 0. 0. 0. 0. 0. 0. 0. 0. 0. 0. 0. 0. 0. 0. 0. 0.
  0. 0. 0. 0. 0. 0. 0. 0. 0. 0. 0. 0. 0. 0. 0. 0. 0. 0. 0. 0. 0. 0. 0. 0.
  0. 0. 0. 0.]
 [1. 1. 1. 0. 1. 0. 1. 1. 0. 0. 0. 0. 0. 0. 1. 1. 0. 1. 1. 1. 0. 0. 0. 0.
  0. 0. 0. 0. 0. 0. 0. 0. 0. 0. 0. 0. 0. 0. 0. 0. 0. 0. 0. 0. 0. 0. 0. 0.
  0. 0. 0. 0. 0. 0. 0. 0. 0. 0. 0. 0. 0. 0. 0. 0. 0. 0. 0. 0. 0. 0. 0. 0.
  0. 0. 0. 0. 0. 0. 0. 0. 0. 0. 0. 0. 0. 0. 0. 0. 0. 0. 0. 0. 0. 0. 0. 0.
  0. 0. 0. 0.]
 [1. 0. 1. 0. 0. 1. 1. 1. 0. 1. 1. 1. 1. 0. 0. 1. 1. 0. 0. 0. 0. 0. 0. 0.
  0. 0. 0. 0. 0. 0. 0. 0. 0. 0. 0. 0. 0. 0. 0. 0. 0. 0. 0. 0. 0. 0. 0. 0.
  0. 0. 0. 0. 0. 0. 0. 0. 0. 0. 0. 0. 0. 0. 0. 0. 0. 0. 0. 0. 0. 0. 0. 0.
  0. 0. 0. 0. 0. 0. 0. 0. 0. 0. 0. 0. 0. 0. 0. 0. 0. 0. 0. 0. 0. 0. 0. 0.
  0. 0. 0. 0.]
 [0. 0. 0. 0. 1. 1. 0. 1. 1. 0. 0. 0. 0. 1. 1. 1. 0. 0. 0. 1. 0. 0. 0. 0.
  0. 0. 0. 0. 0. 0. 0. 0. 0. 0. 0. 0. 0. 0. 0. 0. 0. 0. 0. 0. 0. 0. 0. 0.
  0. 0. 0. 0. 0. 0. 0. 0. 0. 0. 0. 0. 0. 0. 0. 0. 0. 0. 0. 0. 0. 0. 0. 0.
  0. 0. 0. 0. 0. 0. 0. 0. 0. 0. 0. 0. 0. 0. 0. 0. 0. 0. 0. 0. 0. 0. 0. 0.
  0. 0. 0. 0.]
 [0. 0. 0. 0. 0. 1. 1. 1. 1. 1. 1. 0. 1. 0. 0. 1. 1. 0. 1. 1. 0. 0. 0. 0.
  0. 0. 0. 0. 0. 0. 0. 0. 0. 0. 0. 0. 0. 0. 0. 0. 0. 0. 0. 0. 0. 0. 0. 0.
  0. 0. 0. 0. 0. 0. 0. 0. 0. 0. 0. 0. 0. 0. 0. 0. 0. 0. 0. 0. 0. 0. 0. 0.
  0. 0. 0. 0. 0. 0. 0. 0. 0. 0. 0. 0. 0. 0. 0. 0. 0. 0. 0. 0. 0. 0. 0. 0.
  0. 0. 0. 0.]
 [0. 0. 1. 0. 1. 1. 1. 1. 0. 0. 1. 0. 0. 1. 0. 1. 1. 1. 1. 0. 0. 0. 0. 0.
  0. 0. 0. 0. 0. 0. 0. 0. 0. 0. 0. 0. 0. 0. 0. 0. 0. 0. 0. 0. 0. 0. 0. 0.
  0. 0. 0. 0. 0. 0. 0. 0. 0. 0. 0. 0. 0. 0. 0. 0. 0. 0. 0. 0. 0. 0. 0. 0.
  0. 0. 0. 0. 0. 0. 0. 0. 0. 0. 0. 0. 0. 0. 0. 0. 0. 0. 0. 0. 0. 0. 0. 0.
  0. 0. 0. 0.]
 [0. 1. 0. 0. 0. 0. 1. 1. 0. 1. 0. 0. 0. 0. 0. 0. 0. 1. 1. 1. 0. 0. 0. 0.
  0. 0. 0. 0. 0. 0. 0. 0. 0. 0. 0. 0. 0. 0. 0. 0. 0. 0. 0. 0. 0. 0. 0. 0.
  0. 0. 0. 0. 0. 0. 0. 0. 0. 0. 0. 0. 0. 0. 0. 0. 0. 0. 0. 0. 0. 0. 0. 0.
  0. 0. 0. 0. 0. 0. 0. 0. 0. 0. 0. 0. 0. 0. 0. 0. 0. 0. 0. 0. 0. 0. 0. 0.
  0. 0. 0. 0.]
 [0. 1. 0. 0. 1. 0. 1. 0. 0. 0. 0. 0. 0. 1. 1. 1. 1. 1. 1. 1. 0. 0. 0. 0.
  0. 0. 0. 0. 0. 0. 0. 0. 0. 0. 0. 0. 0. 0. 0. 0. 0. 0. 0. 0. 0. 0. 0. 0.
  0. 0. 0. 0. 0. 0. 0. 0. 0. 0. 0. 0. 0. 0. 0. 0. 0. 0. 0. 0. 0. 0. 0. 0.
  0. 0. 0. 0. 0. 0. 0. 0. 0. 0. 0. 0. 0. 0. 0. 0. 0. 0. 0. 0. 0. 0. 0. 0.
  0. 0. 0. 0.]
 [1. 0. 0. 0. 0. 0. 1. 0. 1. 1. 1. 1. 0. 1. 0. 1. 0. 1. 1. 0. 0. 0. 0. 0.
  0. 0. 0. 0. 0. 0. 0. 0. 0. 0. 0. 0. 0. 0. 0. 0. 0. 0. 0. 0. 0. 0. 0. 0.
  0. 0. 0. 0. 0. 0. 0. 0. 0. 0. 0. 0. 0. 0. 0. 0. 0. 0. 0. 0. 0. 0. 0. 0.
  0. 0. 0. 0. 0. 0. 0. 0. 0. 0. 0. 0. 0. 0. 0. 0. 0. 0. 0. 0. 0. 0. 0. 0.
  0. 0. 0. 0.]
 [1. 1. 0. 1. 1. 0. 0. 1. 0. 1. 0. 0. 1. 1. 0. 1. 1. 0. 1. 1. 0. 0. 0. 0.
  0. 0. 0. 0. 0. 0. 0. 0. 0. 0. 0. 0. 0. 0. 0. 0. 0. 0. 0. 0. 0. 0. 0. 0.
  0. 0. 0. 0. 0. 0. 0. 0. 0. 0. 0. 0. 0. 0. 0. 0. 0. 0. 0. 0. 0. 0. 0. 0.
  0. 0. 0. 0. 0. 0. 0. 0. 0. 0. 0. 0. 0. 0. 0. 0. 0. 0. 0. 0. 0. 0. 0. 0.
  0. 0. 0. 0.]
 [0. 0. 1. 0. 1. 1. 0. 1. 1. 0. 1. 1. 1. 0. 1. 0. 1. 0. 0. 1. 0. 0. 0. 0.
  0. 0. 0. 0. 0. 0. 0. 0. 0. 0. 0. 0. 0. 0. 0. 0. 0. 0. 0. 0. 0. 0. 0. 0.
  0. 0. 0. 0. 0. 0. 0. 0. 0. 0. 0. 0. 0. 0. 0. 0. 0. 0. 0. 0. 0. 0. 0. 0.
  0. 0. 0. 0. 0. 0. 0. 0. 0. 0. 0. 0. 0. 0. 0. 0. 0. 0. 0. 0. 0. 0. 0. 0.
  0. 0. 0. 0.]
 [0. 1. 1. 1. 0. 0. 0. 0. 1. 1. 0. 1. 0. 1. 1. 1. 0. 1. 0. 0. 0. 0. 0. 0.
  0. 0. 0. 0. 0. 0. 0. 0. 0. 0. 0. 0. 0. 0. 0. 0. 0. 0. 0. 0. 0. 0. 0. 0.
  0. 0. 0. 0. 0. 0. 0. 0. 0. 0. 0. 0. 0. 0. 0. 0. 0. 0. 0. 0. 0. 0. 0. 0.
  0. 0. 0. 0. 0. 0. 0. 0. 0. 0. 0. 0. 0. 0. 0. 0. 0. 0. 0. 0. 0. 0. 0. 0.
  0. 0. 0. 0.]
 [0. 1. 0. 1. 1. 1. 0. 0. 1. 0. 0. 0. 0. 1. 1. 1. 1. 0. 1. 1. 0. 0. 0. 0.
  0. 0. 0. 0. 0. 0. 0. 0. 0. 0. 0. 0. 0. 0. 0. 0. 0. 0. 0. 0. 0. 0. 0. 0.
  0. 0. 0. 0. 0. 0. 0. 0. 0. 0. 0. 0. 0. 0. 0. 0. 0. 0. 0. 0. 0. 0. 0. 0.
  0. 0. 0. 0. 0. 0. 0. 0. 0. 0. 0. 0. 0. 0. 0. 0. 0. 0. 0. 0. 0. 0. 0. 0.
  0. 0. 0. 0.]
 [0. 1. 1. 1. 0. 0. 1. 0. 0. 1. 1. 0. 0. 0. 0. 0. 0. 1. 0. 1. 0. 0. 0. 0.
  0. 0. 0. 0. 0. 0. 0. 0. 0. 0. 0. 0. 0. 0. 0. 0. 0. 0. 0. 0. 0. 0. 0. 0.
  0. 0. 0. 0. 0. 0. 0. 0. 0. 0. 0. 0. 0. 0. 0. 0. 0. 0. 0. 0. 0. 0. 0. 0.
  0. 0. 0. 0. 0. 0. 0. 0. 0. 0. 0. 0. 0. 0. 0. 0. 0. 0. 0. 0. 0. 0. 0. 0.
  0. 0. 0. 0.]
 [0. 0. 1. 0. 0. 1. 0. 0. 1. 1. 1. 0. 0. 1. 0. 0. 0. 0. 1. 0. 0. 0. 0. 0.
  0. 0. 0. 0. 0. 0. 0. 0. 0. 0. 0. 0. 0. 0. 0. 0. 0. 0. 0. 0. 0. 0. 0. 0.
  0. 0. 0. 0. 0. 0. 0. 0. 0. 0. 0. 0. 0. 0. 0. 0. 0. 0. 0. 0. 0. 0. 0. 0.
  0. 0. 0. 0. 0. 0. 0. 0. 0. 0. 0. 0. 0. 0. 0. 0. 0. 0. 0. 0. 0. 0. 0. 0.
  0. 0. 0. 0.]
 [0. 1. 0. 0. 0. 1. 1. 0. 0. 0. 1. 1. 1. 1. 0. 1. 0. 1. 1. 1. 0. 0. 0. 0.
  0. 0. 0. 0. 0. 0. 0. 0. 0. 0. 0. 0. 0. 0. 0. 0. 0. 0. 0. 0. 0. 0. 0. 0.
  0. 0. 0. 0. 0. 0. 0. 0. 0. 0. 0. 0. 0. 0. 0. 0. 0. 0. 0. 0. 0. 0. 0. 0.
  0. 0. 0. 0. 0. 0. 0. 0. 0. 0. 0. 0. 0. 0. 0. 0. 0. 0. 0. 0. 0. 0. 0. 0.
  0. 0. 0. 0.]
 [1. 1. 1. 0. 0. 0. 0. 1. 0. 0. 0. 1. 1. 1. 0. 0. 0. 0. 0. 1. 0. 0. 0. 0.
  0. 0. 0. 0. 0. 0. 0. 0. 0. 0. 0. 0. 0. 0. 0. 0. 0. 0. 0. 0. 0. 0. 0. 0.
  0. 0. 0. 0. 0. 0. 0. 0. 0. 0. 0. 0. 0. 0. 0. 0. 0. 0. 0. 0. 0. 0. 0. 0.
  0. 0. 0. 0. 0. 0. 0. 0. 0. 0. 0. 0. 0. 0. 0. 0. 0. 0. 0. 0. 0. 0. 0. 0.
  0. 0. 0. 0.]
 [1. 0. 1. 0. 1. 1. 1. 1. 1. 1. 0. 0. 1. 1. 0. 1. 1. 1. 1. 1. 0. 0. 0. 0.
  0. 0. 0. 0. 0. 0. 0. 0. 0. 0. 0. 0. 0. 0. 0. 0. 0. 0. 0. 0. 0. 0. 0. 0.
  0. 0. 0. 0. 0. 0. 0. 0. 0. 0. 0. 0. 0. 0. 0. 0. 0. 0. 0. 0. 0. 0. 0. 0.
  0. 0. 0. 0. 0. 0. 0. 0. 0. 0. 0. 0. 0. 0. 0. 0. 0. 0. 0. 0. 0. 0. 0. 0.
  0. 0. 0. 0.]
 [0. 0. 1. 0. 0. 1. 1. 0. 1. 0. 1. 1. 1. 0. 1. 0. 1. 0. 0. 1. 0. 0. 0. 0.
  0. 0. 0. 0. 0. 0. 0. 0. 0. 0. 0. 0. 0. 0. 0. 0. 0. 0. 0. 0. 0. 0. 0. 0.
  0. 0. 0. 0. 0. 0. 0. 0. 0. 0. 0. 0. 0. 0. 0. 0. 0. 0. 0. 0. 0. 0. 0. 0.
  0. 0. 0. 0. 0. 0. 0. 0. 0. 0. 0. 0. 0. 0. 0. 0. 0. 0. 0. 0. 0. 0. 0. 0.
  0. 0. 0. 0.]
 [1. 1. 0. 1. 1. 1. 0. 0. 0. 1. 1. 0. 1. 0. 1. 1. 1. 0. 0. 0. 0. 0. 0. 0.
  0. 0. 0. 0. 0. 0. 0. 0. 0. 0. 0. 0. 0. 0. 0. 0. 0. 0. 0. 0. 0. 0. 0. 0.
  0. 0. 0. 0. 0. 0. 0. 0. 0. 0. 0. 0. 0. 0. 0. 0. 0. 0. 0. 0. 0. 0. 0. 0.
  0. 0. 0. 0. 0. 0. 0. 0. 0. 0. 0. 0. 0. 0. 0. 0. 0. 0. 0. 0. 0. 0. 0. 0.
  0. 0. 0. 0.]
 [0. 1. 0. 1. 0. 0. 0. 1. 0. 0. 1. 1. 0. 0. 0. 0. 0. 1. 1. 1. 0. 0. 0. 0.
  0. 0. 0. 0. 0. 0. 0. 0. 0. 0. 0. 0. 0. 0. 0. 0. 0. 0. 0. 0. 0. 0. 0. 0.
  0. 0. 0. 0. 0. 0. 0. 0. 0. 0. 0. 0. 0. 0. 0. 0. 0. 0. 0. 0. 0. 0. 0. 0.
  0. 0. 0. 0. 0. 0. 0. 0. 0. 0. 0. 0. 0. 0. 0. 0. 0. 0. 0. 0. 0. 0. 0. 0.
  0. 0. 0. 0.]
 [0. 0. 0. 1. 1. 0. 0. 1. 1. 0. 1. 0. 1. 1. 0. 1. 1. 1. 1. 1. 0. 0. 0. 0.
  0. 0. 0. 0. 0. 0. 0. 0. 0. 0. 0. 0. 0. 0. 0. 0. 0. 0. 0. 0. 0. 0. 0. 0.
  0. 0. 0. 0. 0. 0. 0. 0. 0. 0. 0. 0. 0. 0. 0. 0. 0. 0. 0. 0. 0. 0. 0. 0.
  0. 0. 0. 0. 0. 0. 0. 0. 0. 0. 0. 0. 0. 0. 0. 0. 0. 0. 0. 0. 0. 0. 0. 0.
  0. 0. 0. 0.]
 [0. 1. 0. 0. 1. 1. 0. 0. 1. 1. 0. 1. 0. 0. 1. 0. 0. 0. 0. 0. 0. 0. 0. 0.
  0. 0. 0. 0. 0. 0. 0. 0. 0. 0. 0. 0. 0. 0. 0. 0. 0. 0. 0. 0. 0. 0. 0. 0.
  0. 0. 0. 0. 0. 0. 0. 0. 0. 0. 0. 0. 0. 0. 0. 0. 0. 0. 0. 0. 0. 0. 0. 0.
  0. 0. 0. 0. 0. 0. 0. 0. 0. 0. 0. 0. 0. 0. 0. 0. 0. 0. 0. 0. 0. 0. 0. 0.
  0. 0. 0. 0.]
 [1. 1. 1. 0. 1. 1. 0. 1. 0. 0. 1. 0. 1. 1. 1. 0. 1. 0. 0. 0. 0. 0. 0. 0.
  0. 0. 0. 0. 0. 0. 0. 0. 0. 0. 0. 0. 0. 0. 0. 0. 0. 0. 0. 0. 0. 0. 0. 0.
  0. 0. 0. 0. 0. 0. 0. 0. 0. 0. 0. 0. 0. 0. 0. 0. 0. 0. 0. 0. 0. 0. 0. 0.
  0. 0. 0. 0. 0. 0. 0. 0. 0. 0. 0. 0. 0. 0. 0. 0. 0. 0. 0. 0. 0. 0. 0. 0.
  0. 0. 0. 0.]
 [0. 0. 1. 0. 1. 1. 1. 0. 1. 1. 0. 0. 1. 1. 1. 0. 1. 0. 0. 0. 0. 0. 0. 0.
  0. 0. 0. 0. 0. 0. 0. 0. 0. 0. 0. 0. 0. 0. 0. 0. 0. 0. 0. 0. 0. 0. 0. 0.
  0. 0. 0. 0. 0. 0. 0. 0. 0. 0. 0. 0. 0. 0. 0. 0. 0. 0. 0. 0. 0. 0. 0. 0.
  0. 0. 0. 0. 0. 0. 0. 0. 0. 0. 0. 0. 0. 0. 0. 0. 0. 0. 0. 0. 0. 0. 0. 0.
  0. 0. 0. 0.]
 [0. 0. 1. 1. 1. 1. 0. 1. 0. 1. 0. 1. 0. 1. 1. 1. 1. 1. 0. 0. 0. 0. 0. 0.
  0. 0. 0. 0. 0. 0. 0. 0. 0. 0. 0. 0. 0. 0. 0. 0. 0. 0. 0. 0. 0. 0. 0. 0.
  0. 0. 0. 0. 0. 0. 0. 0. 0. 0. 0. 0. 0. 0. 0. 0. 0. 0. 0. 0. 0. 0. 0. 0.
  0. 0. 0. 0. 0. 0. 0. 0. 0. 0. 0. 0. 0. 0. 0. 0. 0. 0. 0. 0. 0. 0. 0. 0.
  0. 0. 0. 0.]
 [1. 0. 0. 1. 1. 0. 1. 1. 1. 1. 1. 0. 1. 0. 1. 0. 1. 1. 1. 1. 0. 0. 0. 0.
  0. 0. 0. 0. 0. 0. 0. 0. 0. 0. 0. 0. 0. 0. 0. 0. 0. 0. 0. 0. 0. 0. 0. 0.
  0. 0. 0. 0. 0. 0. 0. 0. 0. 0. 0. 0. 0. 0. 0. 0. 0. 0. 0. 0. 0. 0. 0. 0.
  0. 0. 0. 0. 0. 0. 0. 0. 0. 0. 0. 0. 0. 0. 0. 0. 0. 0. 0. 0. 0. 0. 0. 0.
  0. 0. 0. 0.]
 [1. 1. 0. 0. 1. 1. 0. 0. 1. 0. 0. 0. 1. 1. 0. 0. 0. 1. 0. 1. 0. 0. 0. 0.
  0. 0. 0. 0. 0. 0. 0. 0. 0. 0. 0. 0. 0. 0. 0. 0. 0. 0. 0. 0. 0. 0. 0. 0.
  0. 0. 0. 0. 0. 0. 0. 0. 0. 0. 0. 0. 0. 0. 0. 0. 0. 0. 0. 0. 0. 0. 0. 0.
  0. 0. 0. 0. 0. 0. 0. 0. 0. 0. 0. 0. 0. 0. 0. 0. 0. 0. 0. 0. 0. 0. 0. 0.
  0. 0. 0. 0.]
 [0. 1. 0. 0. 1. 0. 0. 1. 1. 0. 1. 1. 1. 1. 1. 0. 0. 0. 0. 1. 0. 0. 0. 0.
  0. 0. 0. 0. 0. 0. 0. 0. 0. 0. 0. 0. 0. 0. 0. 0. 0. 0. 0. 0. 0. 0. 0. 0.
  0. 0. 0. 0. 0. 0. 0. 0. 0. 0. 0. 0. 0. 0. 0. 0. 0. 0. 0. 0. 0. 0. 0. 0.
  0. 0. 0. 0. 0. 0. 0. 0. 0. 0. 0. 0. 0. 0. 0. 0. 0. 0. 0. 0. 0. 0. 0. 0.
  0. 0. 0. 0.]
 [1. 0. 0. 1. 1. 0. 0. 0. 1. 1. 1. 1. 0. 0. 0. 1. 1. 0. 0. 1. 0. 0. 0. 0.
  0. 0. 0. 0. 0. 0. 0. 0. 0. 0. 0. 0. 0. 0. 0. 0. 0. 0. 0. 0. 0. 0. 0. 0.
  0. 0. 0. 0. 0. 0. 0. 0. 0. 0. 0. 0. 0. 0. 0. 0. 0. 0. 0. 0. 0. 0. 0. 0.
  0. 0. 0. 0. 0. 0. 0. 0. 0. 0. 0. 0. 0. 0. 0. 0. 0. 0. 0. 0. 0. 0. 0. 0.
  0. 0. 0. 0.]
 [1. 1. 1. 1. 1. 0. 0. 1. 1. 1. 1. 0. 0. 0. 0. 0. 0. 1. 0. 0. 0. 0. 0. 0.
  0. 0. 0. 0. 0. 0. 0. 0. 0. 0. 0. 0. 0. 0. 0. 0. 0. 0. 0. 0. 0. 0. 0. 0.
  0. 0. 0. 0. 0. 0. 0. 0. 0. 0. 0. 0. 0. 0. 0. 0. 0. 0. 0. 0. 0. 0. 0. 0.
  0. 0. 0. 0. 0. 0. 0. 0. 0. 0. 0. 0. 0. 0. 0. 0. 0. 0. 0. 0. 0. 0. 0. 0.
  0. 0. 0. 0.]
 [0. 0. 0. 0. 1. 0. 1. 1. 1. 0. 0. 1. 0. 0. 0. 0. 0. 1. 0. 0. 0. 0. 0. 0.
  0. 0. 0. 0. 0. 0. 0. 0. 0. 0. 0. 0. 0. 0. 0. 0. 0. 0. 0. 0. 0. 0. 0. 0.
  0. 0. 0. 0. 0. 0. 0. 0. 0. 0. 0. 0. 0. 0. 0. 0. 0. 0. 0. 0. 0. 0. 0. 0.
  0. 0. 0. 0. 0. 0. 0. 0. 0. 0. 0. 0. 0. 0. 0. 0. 0. 0. 0. 0. 0. 0. 0. 0.
  0. 0. 0. 0.]
 [1. 1. 1. 1. 0. 1. 0. 1. 1. 1. 0. 0. 0. 1. 0. 0. 0. 0. 0. 1. 0. 0. 0. 0.
  0. 0. 0. 0. 0. 0. 0. 0. 0. 0. 0. 0. 0. 0. 0. 0. 0. 0. 0. 0. 0. 0. 0. 0.
  0. 0. 0. 0. 0. 0. 0. 0. 0. 0. 0. 0. 0. 0. 0. 0. 0. 0. 0. 0. 0. 0. 0. 0.
  0. 0. 0. 0. 0. 0. 0. 0. 0. 0. 0. 0. 0. 0. 0. 0. 0. 0. 0. 0. 0. 0. 0. 0.
  0. 0. 0. 0.]
 [1. 0. 1. 0. 1. 0. 1. 1. 0. 1. 1. 1. 0. 1. 1. 0. 1. 1. 0. 0. 0. 0. 0. 0.
  0. 0. 0. 0. 0. 0. 0. 0. 0. 0. 0. 0. 0. 0. 0. 0. 0. 0. 0. 0. 0. 0. 0. 0.
  0. 0. 0. 0. 0. 0. 0. 0. 0. 0. 0. 0. 0. 0. 0. 0. 0. 0. 0. 0. 0. 0. 0. 0.
  0. 0. 0. 0. 0. 0. 0. 0. 0. 0. 0. 0. 0. 0. 0. 0. 0. 0. 0. 0. 0. 0. 0. 0.
  0. 0. 0. 0.]
 [0. 0. 0. 1. 1. 1. 0. 0. 0. 0. 1. 1. 0. 1. 1. 0. 0. 0. 1. 1. 0. 0. 0. 0.
  0. 0. 0. 0. 0. 0. 0. 0. 0. 0. 0. 0. 0. 0. 0. 0. 0. 0. 0. 0. 0. 0. 0. 0.
  0. 0. 0. 0. 0. 0. 0. 0. 0. 0. 0. 0. 0. 0. 0. 0. 0. 0. 0. 0. 0. 0. 0. 0.
  0. 0. 0. 0. 0. 0. 0. 0. 0. 0. 0. 0. 0. 0. 0. 0. 0. 0. 0. 0. 0. 0. 0. 0.
  0. 0. 0. 0.]
 [1. 1. 0. 0. 0. 0. 0. 0. 0. 1. 0. 1. 1. 0. 1. 0. 0. 1. 0. 1. 0. 0. 0. 0.
  0. 0. 0. 0. 0. 0. 0. 0. 0. 0. 0. 0. 0. 0. 0. 0. 0. 0. 0. 0. 0. 0. 0. 0.
  0. 0. 0. 0. 0. 0. 0. 0. 0. 0. 0. 0. 0. 0. 0. 0. 0. 0. 0. 0. 0. 0. 0. 0.
  0. 0. 0. 0. 0. 0. 0. 0. 0. 0. 0. 0. 0. 0. 0. 0. 0. 0. 0. 0. 0. 0. 0. 0.
  0. 0. 0. 0.]
 [0. 1. 1. 0. 0. 0. 0. 1. 0. 1. 1. 1. 1. 0. 1. 0. 0. 0. 0. 1. 0. 0. 0. 0.
  0. 0. 0. 0. 0. 0. 0. 0. 0. 0. 0. 0. 0. 0. 0. 0. 0. 0. 0. 0. 0. 0. 0. 0.
  0. 0. 0. 0. 0. 0. 0. 0. 0. 0. 0. 0. 0. 0. 0. 0. 0. 0. 0. 0. 0. 0. 0. 0.
  0. 0. 0. 0. 0. 0. 0. 0. 0. 0. 0. 0. 0. 0. 0. 0. 0. 0. 0. 0. 0. 0. 0. 0.
  0. 0. 0. 0.]
 [0. 1. 1. 0. 1. 0. 0. 1. 1. 0. 0. 1. 1. 0. 0. 0. 0. 1. 0. 0. 0. 0. 0. 0.
  0. 0. 0. 0. 0. 0. 0. 0. 0. 0. 0. 0. 0. 0. 0. 0. 0. 0. 0. 0. 0. 0. 0. 0.
  0. 0. 0. 0. 0. 0. 0. 0. 0. 0. 0. 0. 0. 0. 0. 0. 0. 0. 0. 0. 0. 0. 0. 0.
  0. 0. 0. 0. 0. 0. 0. 0. 0. 0. 0. 0. 0. 0. 0. 0. 0. 0. 0. 0. 0. 0. 0. 0.
  0. 0. 0. 0.]
 [0. 1. 1. 0. 0. 0. 1. 0. 1. 1. 0. 1. 1. 0. 1. 1. 0. 1. 1. 1. 0. 0. 0. 0.
  0. 0. 0. 0. 0. 0. 0. 0. 0. 0. 0. 0. 0. 0. 0. 0. 0. 0. 0. 0. 0. 0. 0. 0.
  0. 0. 0. 0. 0. 0. 0. 0. 0. 0. 0. 0. 0. 0. 0. 0. 0. 0. 0. 0. 0. 0. 0. 0.
  0. 0. 0. 0. 0. 0. 0. 0. 0. 0. 0. 0. 0. 0. 0. 0. 0. 0. 0. 0. 0. 0. 0. 0.
  0. 0. 0. 0.]
 [0. 0. 0. 1. 0. 0. 0. 0. 1. 1. 1. 1. 0. 1. 1. 0. 0. 0. 0. 1. 0. 0. 0. 0.
  0. 0. 0. 0. 0. 0. 0. 0. 0. 0. 0. 0. 0. 0. 0. 0. 0. 0. 0. 0. 0. 0. 0. 0.
  0. 0. 0. 0. 0. 0. 0. 0. 0. 0. 0. 0. 0. 0. 0. 0. 0. 0. 0. 0. 0. 0. 0. 0.
  0. 0. 0. 0. 0. 0. 0. 0. 0. 0. 0. 0. 0. 0. 0. 0. 0. 0. 0. 0. 0. 0. 0. 0.
  0. 0. 0. 0.]
 [0. 0. 0. 1. 0. 0. 0. 1. 1. 1. 0. 1. 0. 0. 0. 1. 0. 1. 1. 1. 0. 0. 0. 0.
  0. 0. 0. 0. 0. 0. 0. 0. 0. 0. 0. 0. 0. 0. 0. 0. 0. 0. 0. 0. 0. 0. 0. 0.
  0. 0. 0. 0. 0. 0. 0. 0. 0. 0. 0. 0. 0. 0. 0. 0. 0. 0. 0. 0. 0. 0. 0. 0.
  0. 0. 0. 0. 0. 0. 0. 0. 0. 0. 0. 0. 0. 0. 0. 0. 0. 0. 0. 0. 0. 0. 0. 0.
  0. 0. 0. 0.]
 [0. 0. 0. 0. 0. 1. 0. 1. 1. 0. 1. 1. 1. 0. 0. 1. 1. 1. 1. 1. 0. 0. 0. 0.
  0. 0. 0. 0. 0. 0. 0. 0. 0. 0. 0. 0. 0. 0. 0. 0. 0. 0. 0. 0. 0. 0. 0. 0.
  0. 0. 0. 0. 0. 0. 0. 0. 0. 0. 0. 0. 0. 0. 0. 0. 0. 0. 0. 0. 0. 0. 0. 0.
  0. 0. 0. 0. 0. 0. 0. 0. 0. 0. 0. 0. 0. 0. 0. 0. 0. 0. 0. 0. 0. 0. 0. 0.
  0. 0. 0. 0.]
 [1. 0. 1. 1. 1. 1. 0. 1. 0. 0. 1. 1. 1. 0. 0. 0. 1. 1. 1. 0. 0. 0. 0. 0.
  0. 0. 0. 0. 0. 0. 0. 0. 0. 0. 0. 0. 0. 0. 0. 0. 0. 0. 0. 0. 0. 0. 0. 0.
  0. 0. 0. 0. 0. 0. 0. 0. 0. 0. 0. 0. 0. 0. 0. 0. 0. 0. 0. 0. 0. 0. 0. 0.
  0. 0. 0. 0. 0. 0. 0. 0. 0. 0. 0. 0. 0. 0. 0. 0. 0. 0. 0. 0. 0. 0. 0. 0.
  0. 0. 0. 0.]
 [0. 0. 1. 1. 0. 0. 1. 0. 1. 0. 0. 0. 0. 1. 1. 0. 0. 0. 0. 1. 0. 0. 0. 0.
  0. 0. 0. 0. 0. 0. 0. 0. 0. 0. 0. 0. 0. 0. 0. 0. 0. 0. 0. 0. 0. 0. 0. 0.
  0. 0. 0. 0. 0. 0. 0. 0. 0. 0. 0. 0. 0. 0. 0. 0. 0. 0. 0. 0. 0. 0. 0. 0.
  0. 0. 0. 0. 0. 0. 0. 0. 0. 0. 0. 0. 0. 0. 0. 0. 0. 0. 0. 0. 0. 0. 0. 0.
  0. 0. 0. 0.]
 [0. 1. 1. 1. 1. 0. 0. 0. 1. 0. 1. 0. 1. 1. 0. 1. 0. 1. 1. 0. 0. 0. 0. 0.
  0. 0. 0. 0. 0. 0. 0. 0. 0. 0. 0. 0. 0. 0. 0. 0. 0. 0. 0. 0. 0. 0. 0. 0.
  0. 0. 0. 0. 0. 0. 0. 0. 0. 0. 0. 0. 0. 0. 0. 0. 0. 0. 0. 0. 0. 0. 0. 0.
  0. 0. 0. 0. 0. 0. 0. 0. 0. 0. 0. 0. 0. 0. 0. 0. 0. 0. 0. 0. 0. 0. 0. 0.
  0. 0. 0. 0.]
 [0. 0. 0. 0. 1. 0. 1. 1. 0. 1. 0. 1. 0. 1. 0. 0. 1. 1. 1. 0. 0. 0. 0. 0.
  0. 0. 0. 0. 0. 0. 0. 0. 0. 0. 0. 0. 0. 0. 0. 0. 0. 0. 0. 0. 0. 0. 0. 0.
  0. 0. 0. 0. 0. 0. 0. 0. 0. 0. 0. 0. 0. 0. 0. 0. 0. 0. 0. 0. 0. 0. 0. 0.
  0. 0. 0. 0. 0. 0. 0. 0. 0. 0. 0. 0. 0. 0. 0. 0. 0. 0. 0. 0. 0. 0. 0. 0.
  0. 0. 0. 0.]
 [1. 0. 0. 1. 0. 0. 1. 0. 0. 1. 0. 1. 1. 0. 0. 0. 0. 0. 1. 0. 0. 0. 0. 0.
  0. 0. 0. 0. 0. 0. 0. 0. 0. 0. 0. 0. 0. 0. 0. 0. 0. 0. 0. 0. 0. 0. 0. 0.
  0. 0. 0. 0. 0. 0. 0. 0. 0. 0. 0. 0. 0. 0. 0. 0. 0. 0. 0. 0. 0. 0. 0. 0.
  0. 0. 0. 0. 0. 0. 0. 0. 0. 0. 0. 0. 0. 0. 0. 0. 0. 0. 0. 0. 0. 0. 0. 0.
  0. 0. 0. 0.]
 [0. 1. 1. 1. 0. 0. 1. 1. 0. 0. 1. 0. 1. 0. 1. 1. 1. 0. 0. 1. 0. 0. 0. 0.
  0. 0. 0. 0. 0. 0. 0. 0. 0. 0. 0. 0. 0. 0. 0. 0. 0. 0. 0. 0. 0. 0. 0. 0.
  0. 0. 0. 0. 0. 0. 0. 0. 0. 0. 0. 0. 0. 0. 0. 0. 0. 0. 0. 0. 0. 0. 0. 0.
  0. 0. 0. 0. 0. 0. 0. 0. 0. 0. 0. 0. 0. 0. 0. 0. 0. 0. 0. 0. 0. 0. 0. 0.
  0. 0. 0. 0.]
 [0. 0. 1. 1. 0. 1. 0. 0. 1. 1. 0. 0. 1. 1. 1. 1. 1. 0. 0. 0. 0. 0. 0. 0.
  0. 0. 0. 0. 0. 0. 0. 0. 0. 0. 0. 0. 0. 0. 0. 0. 0. 0. 0. 0. 0. 0. 0. 0.
  0. 0. 0. 0. 0. 0. 0. 0. 0. 0. 0. 0. 0. 0. 0. 0. 0. 0. 0. 0. 0. 0. 0. 0.
  0. 0. 0. 0. 0. 0. 0. 0. 0. 0. 0. 0. 0. 0. 0. 0. 0. 0. 0. 0. 0. 0. 0. 0.
  0. 0. 0. 0.]
 [1. 0. 0. 1. 1. 1. 1. 1. 1. 1. 0. 0. 1. 1. 0. 0. 1. 1. 1. 0. 0. 0. 0. 0.
  0. 0. 0. 0. 0. 0. 0. 0. 0. 0. 0. 0. 0. 0. 0. 0. 0. 0. 0. 0. 0. 0. 0. 0.
  0. 0. 0. 0. 0. 0. 0. 0. 0. 0. 0. 0. 0. 0. 0. 0. 0. 0. 0. 0. 0. 0. 0. 0.
  0. 0. 0. 0. 0. 0. 0. 0. 0. 0. 0. 0. 0. 0. 0. 0. 0. 0. 0. 0. 0. 0. 0. 0.
  0. 0. 0. 0.]
 [0. 0. 1. 1. 0. 0. 1. 1. 1. 0. 1. 1. 0. 1. 1. 1. 1. 1. 0. 1. 0. 0. 0. 0.
  0. 0. 0. 0. 0. 0. 0. 0. 0. 0. 0. 0. 0. 0. 0. 0. 0. 0. 0. 0. 0. 0. 0. 0.
  0. 0. 0. 0. 0. 0. 0. 0. 0. 0. 0. 0. 0. 0. 0. 0. 0. 0. 0. 0. 0. 0. 0. 0.
  0. 0. 0. 0. 0. 0. 0. 0. 0. 0. 0. 0. 0. 0. 0. 0. 0. 0. 0. 0. 0. 0. 0. 0.
  0. 0. 0. 0.]
 [0. 0. 1. 1. 0. 1. 0. 0. 0. 0. 1. 1. 1. 0. 0. 0. 1. 0. 1. 1. 0. 0. 0. 0.
  0. 0. 0. 0. 0. 0. 0. 0. 0. 0. 0. 0. 0. 0. 0. 0. 0. 0. 0. 0. 0. 0. 0. 0.
  0. 0. 0. 0. 0. 0. 0. 0. 0. 0. 0. 0. 0. 0. 0. 0. 0. 0. 0. 0. 0. 0. 0. 0.
  0. 0. 0. 0. 0. 0. 0. 0. 0. 0. 0. 0. 0. 0. 0. 0. 0. 0. 0. 0. 0. 0. 0. 0.
  0. 0. 0. 0.]
 [0. 1. 1. 0. 1. 1. 0. 1. 0. 0. 0. 1. 0. 1. 0. 0. 1. 0. 0. 0. 0. 0. 0. 0.
  0. 0. 0. 0. 0. 0. 0. 0. 0. 0. 0. 0. 0. 0. 0. 0. 0. 0. 0. 0. 0. 0. 0. 0.
  0. 0. 0. 0. 0. 0. 0. 0. 0. 0. 0. 0. 0. 0. 0. 0. 0. 0. 0. 0. 0. 0. 0. 0.
  0. 0. 0. 0. 0. 0. 0. 0. 0. 0. 0. 0. 0. 0. 0. 0. 0. 0. 0. 0. 0. 0. 0. 0.
  0. 0. 0. 0.]
 [0. 0. 0. 0. 0. 1. 1. 1. 0. 0. 0. 1. 0. 0. 0. 0. 1. 0. 0. 0. 0. 0. 0. 0.
  0. 0. 0. 0. 0. 0. 0. 0. 0. 0. 0. 0. 0. 0. 0. 0. 0. 0. 0. 0. 0. 0. 0. 0.
  0. 0. 0. 0. 0. 0. 0. 0. 0. 0. 0. 0. 0. 0. 0. 0. 0. 0. 0. 0. 0. 0. 0. 0.
  0. 0. 0. 0. 0. 0. 0. 0. 0. 0. 0. 0. 0. 0. 0. 0. 0. 0. 0. 0. 0. 0. 0. 0.
  0. 0. 0. 0.]
 [0. 0. 1. 0. 1. 1. 1. 0. 1. 1. 0. 0. 0. 1. 0. 0. 1. 0. 1. 1. 0. 0. 0. 0.
  0. 0. 0. 0. 0. 0. 0. 0. 0. 0. 0. 0. 0. 0. 0. 0. 0. 0. 0. 0. 0. 0. 0. 0.
  0. 0. 0. 0. 0. 0. 0. 0. 0. 0. 0. 0. 0. 0. 0. 0. 0. 0. 0. 0. 0. 0. 0. 0.
  0. 0. 0. 0. 0. 0. 0. 0. 0. 0. 0. 0. 0. 0. 0. 0. 0. 0. 0. 0. 0. 0. 0. 0.
  0. 0. 0. 0.]
 [1. 1. 1. 1. 0. 1. 0. 0. 0. 0. 1. 1. 1. 0. 1. 1. 0. 0. 1. 1. 0. 0. 0. 0.
  0. 0. 0. 0. 0. 0. 0. 0. 0. 0. 0. 0. 0. 0. 0. 0. 0. 0. 0. 0. 0. 0. 0. 0.
  0. 0. 0. 0. 0. 0. 0. 0. 0. 0. 0. 0. 0. 0. 0. 0. 0. 0. 0. 0. 0. 0. 0. 0.
  0. 0. 0. 0. 0. 0. 0. 0. 0. 0. 0. 0. 0. 0. 0. 0. 0. 0. 0. 0. 0. 0. 0. 0.
  0. 0. 0. 0.]
 [1. 0. 0. 1. 0. 1. 0. 0. 1. 0. 1. 0. 0. 0. 1. 1. 1. 1. 1. 0. 0. 0. 0. 0.
  0. 0. 0. 0. 0. 0. 0. 0. 0. 0. 0. 0. 0. 0. 0. 0. 0. 0. 0. 0. 0. 0. 0. 0.
  0. 0. 0. 0. 0. 0. 0. 0. 0. 0. 0. 0. 0. 0. 0. 0. 0. 0. 0. 0. 0. 0. 0. 0.
  0. 0. 0. 0. 0. 0. 0. 0. 0. 0. 0. 0. 0. 0. 0. 0. 0. 0. 0. 0. 0. 0. 0. 0.
  0. 0. 0. 0.]
 [0. 1. 1. 1. 0. 0. 0. 0. 1. 1. 1. 1. 0. 1. 1. 0. 1. 0. 1. 0. 0. 0. 0. 0.
  0. 0. 0. 0. 0. 0. 0. 0. 0. 0. 0. 0. 0. 0. 0. 0. 0. 0. 0. 0. 0. 0. 0. 0.
  0. 0. 0. 0. 0. 0. 0. 0. 0. 0. 0. 0. 0. 0. 0. 0. 0. 0. 0. 0. 0. 0. 0. 0.
  0. 0. 0. 0. 0. 0. 0. 0. 0. 0. 0. 0. 0. 0. 0. 0. 0. 0. 0. 0. 0. 0. 0. 0.
  0. 0. 0. 0.]
 [0. 1. 0. 0. 1. 1. 1. 1. 0. 0. 0. 0. 1. 1. 0. 1. 1. 0. 0. 0. 0. 0. 0. 0.
  0. 0. 0. 0. 0. 0. 0. 0. 0. 0. 0. 0. 0. 0. 0. 0. 0. 0. 0. 0. 0. 0. 0. 0.
  0. 0. 0. 0. 0. 0. 0. 0. 0. 0. 0. 0. 0. 0. 0. 0. 0. 0. 0. 0. 0. 0. 0. 0.
  0. 0. 0. 0. 0. 0. 0. 0. 0. 0. 0. 0. 0. 0. 0. 0. 0. 0. 0. 0. 0. 0. 0. 0.
  0. 0. 0. 0.]
 [0. 0. 0. 0. 0. 1. 0. 1. 1. 1. 1. 0. 0. 1. 0. 0. 0. 1. 0. 0. 0. 0. 0. 0.
  0. 0. 0. 0. 0. 0. 0. 0. 0. 0. 0. 0. 0. 0. 0. 0. 0. 0. 0. 0. 0. 0. 0. 0.
  0. 0. 0. 0. 0. 0. 0. 0. 0. 0. 0. 0. 0. 0. 0. 0. 0. 0. 0. 0. 0. 0. 0. 0.
  0. 0. 0. 0. 0. 0. 0. 0. 0. 0. 0. 0. 0. 0. 0. 0. 0. 0. 0. 0. 0. 0. 0. 0.
  0. 0. 0. 0.]
 [1. 1. 0. 0. 1. 1. 0. 1. 0. 0. 0. 0. 1. 0. 1. 1. 1. 0. 0. 1. 0. 0. 0. 0.
  0. 0. 0. 0. 0. 0. 0. 0. 0. 0. 0. 0. 0. 0. 0. 0. 0. 0. 0. 0. 0. 0. 0. 0.
  0. 0. 0. 0. 0. 0. 0. 0. 0. 0. 0. 0. 0. 0. 0. 0. 0. 0. 0. 0. 0. 0. 0. 0.
  0. 0. 0. 0. 0. 0. 0. 0. 0. 0. 0. 0. 0. 0. 0. 0. 0. 0. 0. 0. 0. 0. 0. 0.
  0. 0. 0. 0.]
 [1. 0. 0. 1. 1. 0. 1. 0. 0. 1. 1. 1. 1. 1. 1. 0. 0. 1. 0. 0. 0. 0. 0. 0.
  0. 0. 0. 0. 0. 0. 0. 0. 0. 0. 0. 0. 0. 0. 0. 0. 0. 0. 0. 0. 0. 0. 0. 0.
  0. 0. 0. 0. 0. 0. 0. 0. 0. 0. 0. 0. 0. 0. 0. 0. 0. 0. 0. 0. 0. 0. 0. 0.
  0. 0. 0. 0. 0. 0. 0. 0. 0. 0. 0. 0. 0. 0. 0. 0. 0. 0. 0. 0. 0. 0. 0. 0.
  0. 0. 0. 0.]
 [0. 1. 1. 0. 0. 1. 1. 1. 0. 1. 1. 0. 0. 1. 0. 1. 0. 0. 0. 0. 0. 0. 0. 0.
  0. 0. 0. 0. 0. 0. 0. 0. 0. 0. 0. 0. 0. 0. 0. 0. 0. 0. 0. 0. 0. 0. 0. 0.
  0. 0. 0. 0. 0. 0. 0. 0. 0. 0. 0. 0. 0. 0. 0. 0. 0. 0. 0. 0. 0. 0. 0. 0.
  0. 0. 0. 0. 0. 0. 0. 0. 0. 0. 0. 0. 0. 0. 0. 0. 0. 0. 0. 0. 0. 0. 0. 0.
  0. 0. 0. 0.]
 [0. 0. 1. 1. 0. 0. 1. 1. 0. 1. 1. 1. 1. 0. 1. 1. 1. 0. 1. 0. 0. 0. 0. 0.
  0. 0. 0. 0. 0. 0. 0. 0. 0. 0. 0. 0. 0. 0. 0. 0. 0. 0. 0. 0. 0. 0. 0. 0.
  0. 0. 0. 0. 0. 0. 0. 0. 0. 0. 0. 0. 0. 0. 0. 0. 0. 0. 0. 0. 0. 0. 0. 0.
  0. 0. 0. 0. 0. 0. 0. 0. 0. 0. 0. 0. 0. 0. 0. 0. 0. 0. 0. 0. 0. 0. 0. 0.
  0. 0. 0. 0.]
 [0. 1. 0. 1. 1. 0. 1. 0. 0. 1. 0. 0. 0. 0. 1. 1. 1. 1. 1. 0. 0. 0. 0. 0.
  0. 0. 0. 0. 0. 0. 0. 0. 0. 0. 0. 0. 0. 0. 0. 0. 0. 0. 0. 0. 0. 0. 0. 0.
  0. 0. 0. 0. 0. 0. 0. 0. 0. 0. 0. 0. 0. 0. 0. 0. 0. 0. 0. 0. 0. 0. 0. 0.
  0. 0. 0. 0. 0. 0. 0. 0. 0. 0. 0. 0. 0. 0. 0. 0. 0. 0. 0. 0. 0. 0. 0. 0.
  0. 0. 0. 0.]
 [1. 1. 1. 0. 1. 0. 1. 0. 1. 1. 1. 1. 0. 1. 1. 0. 1. 0. 1. 0. 0. 0. 0. 0.
  0. 0. 0. 0. 0. 0. 0. 0. 0. 0. 0. 0. 0. 0. 0. 0. 0. 0. 0. 0. 0. 0. 0. 0.
  0. 0. 0. 0. 0. 0. 0. 0. 0. 0. 0. 0. 0. 0. 0. 0. 0. 0. 0. 0. 0. 0. 0. 0.
  0. 0. 0. 0. 0. 0. 0. 0. 0. 0. 0. 0. 0. 0. 0. 0. 0. 0. 0. 0. 0. 0. 0. 0.
  0. 0. 0. 0.]
 [0. 0. 1. 1. 0. 0. 1. 1. 0. 1. 0. 1. 1. 1. 0. 1. 1. 1. 1. 0. 0. 0. 0. 0.
  0. 0. 0. 0. 0. 0. 0. 0. 0. 0. 0. 0. 0. 0. 0. 0. 0. 0. 0. 0. 0. 0. 0. 0.
  0. 0. 0. 0. 0. 0. 0. 0. 0. 0. 0. 0. 0. 0. 0. 0. 0. 0. 0. 0. 0. 0. 0. 0.
  0. 0. 0. 0. 0. 0. 0. 0. 0. 0. 0. 0. 0. 0. 0. 0. 0. 0. 0. 0. 0. 0. 0. 0.
  0. 0. 0. 0.]]
start_times_array: [[7.55920000e+04 7.56490000e+04 7.56670000e+04 7.57110000e+04
  7.57280000e+04 7.57940000e+04 7.58280000e+04 7.59110000e+04
  7.59870000e+04 7.60530000e+04 7.60730000e+04 7.61670000e+04
  7.62340000e+04 7.63100000e+04 7.63110000e+04 7.63950000e+04
  7.64260000e+04 7.65040000e+04 7.65200000e+04 7.65350000e+04]
 [7.45060000e+04 7.45620000e+04 7.46530000e+04 7.47150000e+04
  7.47470000e+04 7.48080000e+04 7.48570000e+04 7.48840000e+04
  7.49780000e+04 7.50700000e+04 7.50970000e+04 7.51040000e+04
  7.52030000e+04 7.52290000e+04 7.53090000e+04 7.53990000e+04
  7.54600000e+04 7.55000000e+04 7.55740000e+04 7.65060000e+04]
 [7.35790000e+04 7.36040000e+04 7.36650000e+04 7.36700000e+04
  7.37430000e+04 7.37520000e+04 7.37690000e+04 7.37940000e+04
  7.38930000e+04 7.39150000e+04 7.39390000e+04 7.40310000e+04
  7.41220000e+04 7.41410000e+04 7.41610000e+04 7.41950000e+04
  7.42770000e+04 7.43680000e+04 7.44060000e+04 7.44930000e+04]
 [7.21980000e+04 7.22280000e+04 7.24500000e+04 7.24630000e+04
  7.25400000e+04 7.25500000e+04 7.26420000e+04 7.27270000e+04
  7.28110000e+04 7.29090000e+04 7.29340000e+04 7.29930000e+04
  7.30620000e+04 7.31300000e+04 7.31780000e+04 7.32570000e+04
  7.33470000e+04 7.33880000e+04 7.34480000e+04 7.35060000e+04]
 [7.18550000e+04 7.19250000e+04 7.20180000e+04 7.20900000e+04
  7.21070000e+04 7.21090000e+04 7.21960000e+04 7.22150000e+04
  7.22590000e+04 7.22970000e+04 7.23260000e+04 7.23880000e+04
  7.24320000e+04 7.25690000e+04 7.26210000e+04 7.26840000e+04
  7.27250000e+04 7.28240000e+04 7.28920000e+04 7.55910000e+04]
 [7.11460000e+04 7.12100000e+04 7.12750000e+04 7.13090000e+04
  7.13820000e+04 7.14140000e+04 7.14310000e+04 7.14620000e+04
  7.15420000e+04 7.16050000e+04 7.16180000e+04 7.16210000e+04
  7.16550000e+04 7.16570000e+04 7.17170000e+04 7.17230000e+04
  7.18160000e+04 7.18570000e+04 7.22170000e+04 7.22750000e+04]
 [7.02120000e+04 7.03030000e+04 7.03680000e+04 7.03900000e+04
  7.03940000e+04 7.04660000e+04 7.05160000e+04 7.06010000e+04
  7.06050000e+04 7.06120000e+04 7.06700000e+04 7.07660000e+04
  7.07870000e+04 7.08490000e+04 7.08640000e+04 7.09430000e+04
  7.09790000e+04 7.10370000e+04 7.10800000e+04 7.11010000e+04]
 [6.93560000e+04 6.93620000e+04 6.93650000e+04 6.93860000e+04
  6.93870000e+04 6.94470000e+04 6.94790000e+04 6.95100000e+04
  6.95530000e+04 6.96380000e+04 6.96970000e+04 6.97450000e+04
  6.97560000e+04 6.98260000e+04 6.98470000e+04 6.99350000e+04
  7.00270000e+04 7.01170000e+04 7.01210000e+04 7.01700000e+04]
 [6.86110000e+04 6.87000000e+04 6.87990000e+04 6.88830000e+04
  6.89520000e+04 6.89870000e+04 6.90090000e+04 6.90510000e+04
  6.90640000e+04 6.90690000e+04 6.91020000e+04 6.91170000e+04
  6.91390000e+04 6.91550000e+04 6.91670000e+04 6.91890000e+04
  6.92150000e+04 6.92670000e+04 6.92780000e+04 6.93170000e+04]
 [6.80260000e+04 6.80270000e+04 6.80940000e+04 6.81640000e+04
  6.82380000e+04 6.82900000e+04 6.83250000e+04 6.84080000e+04
  6.84100000e+04 6.84670000e+04 6.84910000e+04 6.85490000e+04
  6.86270000e+04 6.86920000e+04 6.87360000e+04 6.88310000e+04
  6.88360000e+04 6.91830000e+04 6.92520000e+04 6.93180000e+04]
 [6.67950000e+04 6.68600000e+04 6.72270000e+04 6.72610000e+04
  6.72670000e+04 6.73550000e+04 6.74510000e+04 6.75310000e+04
  6.76180000e+04 6.76740000e+04 6.76890000e+04 6.77510000e+04
  6.78260000e+04 6.78870000e+04 6.78900000e+04 6.79460000e+04
  6.80130000e+04 6.80190000e+04 6.80560000e+04 6.80900000e+04]
 [6.64390000e+04 6.64620000e+04 6.65050000e+04 6.65330000e+04
  6.66110000e+04 6.66880000e+04 6.67430000e+04 6.67700000e+04
  6.68500000e+04 6.68920000e+04 6.69430000e+04 6.69970000e+04
  6.70060000e+04 6.70910000e+04 6.71840000e+04 6.77960000e+04
  6.78270000e+04 6.79030000e+04 6.83730000e+04 6.84020000e+04]
 [6.54230000e+04 6.54780000e+04 6.55270000e+04 6.55490000e+04
  6.55700000e+04 6.56270000e+04 6.56520000e+04 6.56540000e+04
  6.57410000e+04 6.58150000e+04 6.59090000e+04 6.59160000e+04
  6.60010000e+04 6.60470000e+04 6.61220000e+04 6.62130000e+04
  6.62520000e+04 6.62730000e+04 6.62900000e+04 6.63560000e+04]
 [6.52300000e+04 6.52720000e+04 6.52800000e+04 6.53050000e+04
  6.53470000e+04 6.53860000e+04 6.53980000e+04 6.54090000e+04
  6.54820000e+04 6.55070000e+04 6.57530000e+04 6.58180000e+04
  6.58750000e+04 6.59520000e+04 6.60620000e+04 6.60800000e+04
  6.60810000e+04 6.61650000e+04 6.62230000e+04 6.63480000e+04]
 [6.43060000e+04 6.43360000e+04 6.43620000e+04 6.43970000e+04
  6.44370000e+04 6.44710000e+04 6.44720000e+04 6.45600000e+04
  6.46520000e+04 6.47050000e+04 6.47630000e+04 6.47950000e+04
  6.48650000e+04 6.48760000e+04 6.49000000e+04 6.49640000e+04
  6.50140000e+04 6.50820000e+04 6.51810000e+04 6.52190000e+04]
 [6.31260000e+04 6.31640000e+04 6.32570000e+04 6.33070000e+04
  6.33760000e+04 6.34540000e+04 6.35160000e+04 6.35860000e+04
  6.36310000e+04 6.36380000e+04 6.37250000e+04 6.38020000e+04
  6.38890000e+04 6.39750000e+04 6.40410000e+04 6.40760000e+04
  6.41180000e+04 6.42000000e+04 6.42550000e+04 6.42830000e+04]
 [6.20640000e+04 6.21460000e+04 6.23320000e+04 6.24300000e+04
  6.24800000e+04 6.25290000e+04 6.25510000e+04 6.25600000e+04
  6.26120000e+04 6.26330000e+04 6.26710000e+04 6.27210000e+04
  6.27950000e+04 6.28530000e+04 6.28970000e+04 6.29020000e+04
  6.29550000e+04 6.30160000e+04 6.30370000e+04 6.42210000e+04]
 [6.12620000e+04 6.12740000e+04 6.13890000e+04 6.14160000e+04
  6.14900000e+04 6.15500000e+04 6.15580000e+04 6.15840000e+04
  6.15870000e+04 6.16170000e+04 6.16230000e+04 6.16690000e+04
  6.17320000e+04 6.17990000e+04 6.18160000e+04 6.18910000e+04
  6.19480000e+04 6.19990000e+04 6.20510000e+04 6.22450000e+04]
 [6.03360000e+04 6.04040000e+04 6.04270000e+04 6.04330000e+04
  6.04530000e+04 6.05270000e+04 6.05570000e+04 6.05710000e+04
  6.06170000e+04 6.06660000e+04 6.07330000e+04 6.07670000e+04
  6.08140000e+04 6.08970000e+04 6.09420000e+04 6.09850000e+04
  6.10600000e+04 6.11010000e+04 6.11820000e+04 6.13340000e+04]
 [5.95880000e+04 5.96310000e+04 5.96480000e+04 5.96740000e+04
  5.96790000e+04 5.97010000e+04 5.97520000e+04 5.97610000e+04
  5.98220000e+04 5.98380000e+04 5.99310000e+04 6.00070000e+04
  6.00410000e+04 6.00460000e+04 6.00760000e+04 6.01570000e+04
  6.01930000e+04 6.02060000e+04 6.02290000e+04 6.03050000e+04]
 [5.85640000e+04 5.85890000e+04 5.86460000e+04 5.86970000e+04
  5.87480000e+04 5.87700000e+04 5.88610000e+04 5.88930000e+04
  5.89150000e+04 5.89220000e+04 5.90210000e+04 5.90820000e+04
  5.90890000e+04 5.91560000e+04 5.92430000e+04 5.93380000e+04
  5.94170000e+04 5.94360000e+04 5.94730000e+04 5.95650000e+04]
 [5.75130000e+04 5.76020000e+04 5.76250000e+04 5.77490000e+04
  5.77940000e+04 5.78410000e+04 5.79000000e+04 5.79530000e+04
  5.80210000e+04 5.80890000e+04 5.81440000e+04 5.81630000e+04
  5.82390000e+04 5.82690000e+04 5.83560000e+04 5.84110000e+04
  5.84880000e+04 5.85000000e+04 5.85400000e+04 5.85700000e+04]
 [5.61108555e+04 5.67798555e+04 5.68048555e+04 5.68880000e+04
  5.69290000e+04 5.70050000e+04 5.70500000e+04 5.70730000e+04
  5.71380000e+04 5.72110000e+04 5.72460000e+04 5.72500000e+04
  5.72970000e+04 5.73570000e+04 5.74720000e+04 5.75660000e+04
  5.76170000e+04 5.76670000e+04 5.94930000e+04 5.95770000e+04]
 [5.64280000e+04 5.65170000e+04 5.65930000e+04 5.66080000e+04
  5.66760000e+04 5.67570000e+04 5.68380000e+04 5.68930000e+04
  5.69490000e+04 5.70270000e+04 5.70730000e+04 5.71650000e+04
  5.71800000e+04 5.71850000e+04 5.71970000e+04 5.72460000e+04
  5.74310000e+04 5.75250000e+04 5.75370000e+04 5.75700000e+04]
 [5.55830000e+04 5.56390000e+04 5.56530000e+04 5.57330000e+04
  5.57440000e+04 5.57940000e+04 5.58450000e+04 5.59280000e+04
  5.59930000e+04 5.60800000e+04 5.61300000e+04 5.62080000e+04
  5.62140000e+04 5.62320000e+04 5.62720000e+04 5.63150000e+04
  5.64020000e+04 5.64760000e+04 5.65520000e+04 5.66250000e+04]
 [5.44758555e+04 5.48308555e+04 5.50120000e+04 5.50610000e+04
  5.51130000e+04 5.51790000e+04 5.52060000e+04 5.52720000e+04
  5.52730000e+04 5.53560000e+04 5.53790000e+04 5.54280000e+04
  5.55230000e+04 5.55710000e+04 5.55970000e+04 5.57060000e+04
  5.57260000e+04 5.60310000e+04 5.60370000e+04 5.62570000e+04]
 [5.38960000e+04 5.39250000e+04 5.40150000e+04 5.41640000e+04
  5.41970000e+04 5.42880000e+04 5.43330000e+04 5.44040000e+04
  5.44530000e+04 5.45430000e+04 5.46150000e+04 5.46940000e+04
  5.47500000e+04 5.48150000e+04 5.48260000e+04 5.49000000e+04
  5.49360000e+04 5.51020000e+04 5.51030000e+04 5.51050000e+04]
 [5.33440000e+04 5.34330000e+04 5.35520000e+04 5.36250000e+04
  5.36700000e+04 5.37070000e+04 5.37510000e+04 5.37760000e+04
  5.38620000e+04 5.39280000e+04 5.39470000e+04 5.40230000e+04
  5.40540000e+04 5.40980000e+04 5.41100000e+04 5.42150000e+04
  5.42880000e+04 5.43300000e+04 5.43310000e+04 5.44220000e+04]
 [5.27998555e+04 5.28728555e+04 5.29420000e+04 5.30450000e+04
  5.30950000e+04 5.31690000e+04 5.31990000e+04 5.32030000e+04
  5.32720000e+04 5.33160000e+04 5.34140000e+04 5.34330000e+04
  5.34350000e+04 5.35250000e+04 5.35590000e+04 5.36050000e+04
  5.36810000e+04 5.37620000e+04 5.38380000e+04 5.38780000e+04]
 [5.18980000e+04 5.19020000e+04 5.19620000e+04 5.19670000e+04
  5.19860000e+04 5.20350000e+04 5.20610000e+04 5.20790000e+04
  5.21750000e+04 5.22120000e+04 5.22670000e+04 5.23500000e+04
  5.24220000e+04 5.24980000e+04 5.25360000e+04 5.26310000e+04
  5.27290000e+04 5.27940000e+04 5.28680000e+04 5.29480000e+04]
 [5.13340000e+04 5.13500000e+04 5.14140000e+04 5.14340000e+04
  5.14920000e+04 5.15910000e+04 5.15950000e+04 5.16040000e+04
  5.16630000e+04 5.16920000e+04 5.17180000e+04 5.17410000e+04
  5.17510000e+04 5.17660000e+04 5.17870000e+04 5.18060000e+04
  5.19040000e+04 5.19810000e+04 5.28470000e+04 5.29230000e+04]
 [5.06070000e+04 5.06640000e+04 5.06970000e+04 5.07110000e+04
  5.07740000e+04 5.08200000e+04 5.08260000e+04 5.08790000e+04
  5.09060000e+04 5.10050000e+04 5.10920000e+04 5.11070000e+04
  5.11840000e+04 5.12500000e+04 5.12530000e+04 5.13040000e+04
  5.13070000e+04 5.13160000e+04 5.15180000e+04 5.24128555e+04]
 [4.94590000e+04 4.95260000e+04 4.96620000e+04 4.97190000e+04
  4.97930000e+04 4.98400000e+04 4.98520000e+04 4.99440000e+04
  4.99740000e+04 5.00190000e+04 5.00580000e+04 5.00940000e+04
  5.01060000e+04 5.01920000e+04 5.02800000e+04 5.02950000e+04
  5.03840000e+04 5.04800000e+04 5.05490000e+04 5.05920000e+04]
 [4.85480000e+04 4.86320000e+04 4.86990000e+04 4.90990000e+04
  4.91680000e+04 4.91740000e+04 4.92610000e+04 4.93190000e+04
  4.93560000e+04 4.94430000e+04 4.94550000e+04 4.95450000e+04
  4.95830000e+04 4.96300000e+04 4.97290000e+04 4.97370000e+04
  4.97670000e+04 4.98150000e+04 4.98450000e+04 5.12838555e+04]
 [4.71690000e+04 4.72610000e+04 4.73350000e+04 4.79450000e+04
  4.80310000e+04 4.80730000e+04 4.81510000e+04 4.83280000e+04
  4.83360000e+04 4.88360000e+04 4.88500000e+04 4.89220000e+04
  4.90160000e+04 4.90990000e+04 4.91030000e+04 4.91530000e+04
  4.92430000e+04 4.93650000e+04 4.93920000e+04 4.96600000e+04]
 [4.72720000e+04 4.73560000e+04 4.73970000e+04 4.79620000e+04
  4.80480000e+04 4.81310000e+04 4.82020000e+04 4.82560000e+04
  4.83360000e+04 4.84040000e+04 4.84200000e+04 4.85080000e+04
  4.85480000e+04 4.86360000e+04 4.86470000e+04 4.86560000e+04
  4.87100000e+04 4.87130000e+04 4.87370000e+04 4.88180000e+04]
 [4.70770000e+04 4.71490000e+04 4.72130000e+04 4.72810000e+04
  4.73270000e+04 4.73560000e+04 4.74480000e+04 4.75220000e+04
  4.75900000e+04 4.76020000e+04 4.76700000e+04 4.77570000e+04
  4.78370000e+04 4.79180000e+04 4.79620000e+04 4.80380000e+04
  4.80470000e+04 4.80730000e+04 4.81040000e+04 4.82560000e+04]
 [4.51800000e+04 4.63540000e+04 4.64070000e+04 4.64930000e+04
  4.65600000e+04 4.65640000e+04 4.65780000e+04 4.66250000e+04
  4.66440000e+04 4.66940000e+04 4.67620000e+04 4.68270000e+04
  4.68490000e+04 4.69460000e+04 4.69570000e+04 4.69910000e+04
  4.70660000e+04 4.70770000e+04 4.70910000e+04 4.76710000e+04]
 [4.57210000e+04 4.57840000e+04 4.58320000e+04 4.58950000e+04
  4.59380000e+04 4.59470000e+04 4.60290000e+04 4.60420000e+04
  4.60900000e+04 4.60930000e+04 4.61620000e+04 4.62120000e+04
  4.62150000e+04 4.62710000e+04 4.63030000e+04 4.63440000e+04
  4.63540000e+04 4.65240000e+04 4.65400000e+04 4.68920000e+04]
 [4.45680000e+04 4.51220000e+04 4.52190000e+04 4.52300000e+04
  4.53320000e+04 4.54290000e+04 4.54690000e+04 4.55040000e+04
  4.56000000e+04 4.56950000e+04 4.57210000e+04 4.58010000e+04
  4.58620000e+04 4.59310000e+04 4.59470000e+04 4.60060000e+04
  4.60710000e+04 4.60740000e+04 4.60790000e+04 4.61640000e+04]
 [4.43680000e+04 4.43710000e+04 4.46230000e+04 4.46490000e+04
  4.47180000e+04 4.47380000e+04 4.48210000e+04 4.48770000e+04
  4.49530000e+04 4.50000000e+04 4.50090000e+04 4.50510000e+04
  4.50860000e+04 4.51090000e+04 4.51200000e+04 4.51400000e+04
  4.51680000e+04 4.52190000e+04 4.52970000e+04 4.53320000e+04]
 [4.39270000e+04 4.39400000e+04 4.40160000e+04 4.40360000e+04
  4.41030000e+04 4.41090000e+04 4.41280000e+04 4.42020000e+04
  4.42030000e+04 4.42180000e+04 4.42660000e+04 4.43100000e+04
  4.43220000e+04 4.43680000e+04 4.44620000e+04 4.44880000e+04
  4.45310000e+04 4.45680000e+04 4.46410000e+04 4.46890000e+04]
 [3.75450000e+04 4.36000000e+04 4.36490000e+04 4.37000000e+04
  4.37360000e+04 4.37860000e+04 4.38010000e+04 4.38670000e+04
  4.38840000e+04 4.39270000e+04 4.39800000e+04 4.39830000e+04
  4.40300000e+04 4.40420000e+04 4.41160000e+04 4.41240000e+04
  4.41890000e+04 4.42520000e+04 4.44710000e+04 4.44890000e+04]
 [4.21500000e+04 4.21890000e+04 4.22030000e+04 4.30480000e+04
  4.30960000e+04 4.31640000e+04 4.31880000e+04 4.32750000e+04
  4.33180000e+04 4.33280000e+04 4.33680000e+04 4.34000000e+04
  4.34430000e+04 4.35090000e+04 4.35510000e+04 4.35800000e+04
  4.37130000e+04 4.37410000e+04 4.39590000e+04 4.42110000e+04]
 [4.19830000e+04 4.20560000e+04 4.21220000e+04 4.21890000e+04
  4.22560000e+04 4.23280000e+04 4.23910000e+04 4.24720000e+04
  4.25560000e+04 4.25630000e+04 4.26150000e+04 4.26240000e+04
  4.26330000e+04 4.26680000e+04 4.26790000e+04 4.27160000e+04
  4.27710000e+04 4.28670000e+04 4.29510000e+04 4.31260000e+04]
 [4.03300000e+04 4.03970000e+04 4.09450000e+04 4.11230000e+04
  4.11810000e+04 4.12440000e+04 4.12850000e+04 4.15720000e+04
  4.16180000e+04 4.16720000e+04 4.17030000e+04 4.17500000e+04
  4.17660000e+04 4.18090000e+04 4.18680000e+04 4.19350000e+04
  4.19680000e+04 4.21060000e+04 4.25570000e+04 4.25660000e+04]
 [4.02350000e+04 4.03960000e+04 4.04580000e+04 4.07860000e+04
  4.08460000e+04 4.09140000e+04 4.09340000e+04 4.09540000e+04
  4.09860000e+04 4.10360000e+04 4.10450000e+04 4.10670000e+04
  4.11230000e+04 4.12170000e+04 4.12440000e+04 4.12850000e+04
  4.13620000e+04 4.13810000e+04 4.14350000e+04 4.15220000e+04]
 [4.00140000e+04 4.00830000e+04 4.01490000e+04 4.02350000e+04
  4.02780000e+04 4.03300000e+04 4.03690000e+04 4.03960000e+04
  4.04590000e+04 4.04640000e+04 4.05340000e+04 4.05360000e+04
  4.05460000e+04 4.05480000e+04 4.05610000e+04 4.06050000e+04
  4.06970000e+04 4.07680000e+04 4.07820000e+04 4.13400000e+04]
 [3.81060000e+04 3.81710000e+04 3.82490000e+04 3.85730000e+04
  3.89050000e+04 3.89810000e+04 3.90070000e+04 3.95530000e+04
  3.95860000e+04 3.96770000e+04 3.97240000e+04 3.98130000e+04
  3.98620000e+04 3.99120000e+04 3.99530000e+04 4.01210000e+04
  4.02940000e+04 4.04140000e+04 4.04460000e+04 4.06480000e+04]
 [3.77530000e+04 3.78730000e+04 3.79570000e+04 3.80440000e+04
  3.89650000e+04 3.90070000e+04 3.90180000e+04 3.90830000e+04
  3.91660000e+04 3.92410000e+04 3.92530000e+04 3.92990000e+04
  3.93450000e+04 3.94060000e+04 3.95040000e+04 3.95530000e+04
  3.95880000e+04 4.00940000e+04 4.02710000e+04 4.03900000e+04]
 [3.58100000e+04 3.74100000e+04 3.76080000e+04 3.76450000e+04
  3.77460000e+04 3.78370000e+04 3.82740000e+04 3.82880000e+04
  3.83060000e+04 3.83600000e+04 3.83830000e+04 3.84770000e+04
  3.85390000e+04 3.86050000e+04 3.86080000e+04 3.86290000e+04
  3.86910000e+04 3.87630000e+04 3.87910000e+04 3.88820000e+04]
 [3.62020000e+04 3.75020000e+04 3.75750000e+04 3.76260000e+04
  3.76480000e+04 3.77370000e+04 3.77410000e+04 3.77450000e+04
  3.77460000e+04 3.78170000e+04 3.78610000e+04 3.78960000e+04
  3.79950000e+04 3.80440000e+04 3.80630000e+04 3.80880000e+04
  3.81650000e+04 3.81790000e+04 3.82690000e+04 3.82880000e+04]
 [3.66810000e+04 3.67570000e+04 3.67650000e+04 3.68330000e+04
  3.68460000e+04 3.69440000e+04 3.70320000e+04 3.70820000e+04
  3.70990000e+04 3.71720000e+04 3.71900000e+04 3.72120000e+04
  3.72750000e+04 3.73480000e+04 3.74040000e+04 3.74650000e+04
  3.74900000e+04 3.75610000e+04 3.75760000e+04 3.77880000e+04]
 [3.54590000e+04 3.55490000e+04 3.56480000e+04 3.57120000e+04
  3.57630000e+04 3.59920000e+04 3.61120000e+04 3.61380000e+04
  3.61710000e+04 3.62020000e+04 3.62250000e+04 3.63150000e+04
  3.63800000e+04 3.63960000e+04 3.64870000e+04 3.65340000e+04
  3.65690000e+04 3.66080000e+04 3.66170000e+04 3.67650000e+04]
 [3.53800000e+04 3.54150000e+04 3.54570000e+04 3.54600000e+04
  3.54750000e+04 3.55490000e+04 3.55940000e+04 3.56280000e+04
  3.56770000e+04 3.57220000e+04 3.57760000e+04 3.58620000e+04
  3.58900000e+04 3.58960000e+04 3.59730000e+04 3.60490000e+04
  3.61080000e+04 3.64322419e+04 3.64590000e+04 3.65090000e+04]
 [3.47840000e+04 3.48100000e+04 3.49040000e+04 3.49370000e+04
  3.50130000e+04 3.50400000e+04 3.51230000e+04 3.51780000e+04
  3.52710000e+04 3.53120000e+04 3.53740000e+04 3.53800000e+04
  3.54130000e+04 3.54600000e+04 3.55440000e+04 3.55690000e+04
  3.58480000e+04 3.58560000e+04 3.58700000e+04 3.58960000e+04]
 [3.42200000e+04 3.43100000e+04 3.44090000e+04 3.44280000e+04
  3.45020000e+04 3.45170000e+04 3.45990000e+04 3.46540000e+04
  3.47450000e+04 3.47980000e+04 3.48060000e+04 3.48250000e+04
  3.48340000e+04 3.48940000e+04 3.49040000e+04 3.49090000e+04
  3.49460000e+04 3.50410000e+04 3.50600000e+04 3.55420000e+04]
 [3.27370000e+04 3.33990000e+04 3.34180000e+04 3.34210000e+04
  3.34650000e+04 3.34950000e+04 3.35790000e+04 3.36280000e+04
  3.36500000e+04 3.36650000e+04 3.37580000e+04 3.37660000e+04
  3.38560000e+04 3.39040000e+04 3.39910000e+04 3.40250000e+04
  3.40670000e+04 3.41450000e+04 3.42210000e+04 3.43030000e+04]
 [3.07980000e+04 3.21560000e+04 3.21600000e+04 3.21950000e+04
  3.22100000e+04 3.26380000e+04 3.27020000e+04 3.27770000e+04
  3.28400000e+04 3.29370000e+04 3.29880000e+04 3.30530000e+04
  3.30940000e+04 3.31400000e+04 3.32040000e+04 3.32250000e+04
  3.32750000e+04 3.32780000e+04 3.33180000e+04 3.33530000e+04]
 [3.17330000e+04 3.18220000e+04 3.18450000e+04 3.18540000e+04
  3.18610000e+04 3.18690000e+04 3.19520000e+04 3.20460000e+04
  3.21280000e+04 3.21600000e+04 3.22530000e+04 3.22570000e+04
  3.23300000e+04 3.24240000e+04 3.24900000e+04 3.25720000e+04
  3.26000000e+04 3.26380000e+04 3.30598555e+04 3.33130000e+04]
 [3.07000000e+04 3.07300000e+04 3.07980000e+04 3.11690000e+04
  3.12260000e+04 3.13080000e+04 3.13830000e+04 3.13930000e+04
  3.14300000e+04 3.14650000e+04 3.15600000e+04 3.16460000e+04
  3.16710000e+04 3.17330000e+04 3.18140000e+04 3.18890000e+04
  3.19480000e+04 3.20440000e+04 3.22440000e+04 3.23250000e+04]
 [3.03230000e+04 3.04140000e+04 3.04750000e+04 3.05190000e+04
  3.05300000e+04 3.05510000e+04 3.05650000e+04 3.06270000e+04
  3.06430000e+04 3.06790000e+04 3.07300000e+04 3.07860000e+04
  3.08630000e+04 3.09420000e+04 3.09950000e+04 3.10320000e+04
  3.10800000e+04 3.11080000e+04 3.15080000e+04 3.19720000e+04]
 [2.95990000e+04 2.96500000e+04 2.96700000e+04 2.96790000e+04
  2.96850000e+04 2.97380000e+04 2.98100000e+04 2.98580000e+04
  2.99300000e+04 2.99940000e+04 3.00430000e+04 3.01000000e+04
  3.01420000e+04 3.02220000e+04 3.03140000e+04 3.03230000e+04
  3.04600000e+04 3.05690000e+04 3.06290000e+04 3.18930000e+04]
 [2.80840000e+04 2.86820000e+04 2.86980000e+04 2.90810000e+04
  2.91110000e+04 2.91230000e+04 2.91340000e+04 2.91600000e+04
  2.92340000e+04 2.92700000e+04 2.92930000e+04 2.93430000e+04
  2.93560000e+04 2.94150000e+04 2.94520000e+04 2.95310000e+04
  2.95990000e+04 2.96190000e+04 3.00830000e+04 3.01700000e+04]
 [2.72210000e+04 2.73030000e+04 2.73070000e+04 2.80570000e+04
  2.80840000e+04 2.81190000e+04 2.81650000e+04 2.84110000e+04
  2.84130000e+04 2.84720000e+04 2.85430000e+04 2.86270000e+04
  2.86420000e+04 2.86820000e+04 2.87590000e+04 2.88370000e+04
  2.88390000e+04 2.89010000e+04 2.89730000e+04 2.90520000e+04]
 [2.71350000e+04 2.72110000e+04 2.73020000e+04 2.76490000e+04
  2.76640000e+04 2.77470000e+04 2.77860000e+04 2.78520000e+04
  2.79310000e+04 2.80090000e+04 2.80390000e+04 2.80570000e+04
  2.80860000e+04 2.81420000e+04 2.81690000e+04 2.82130000e+04
  2.82910000e+04 2.82920000e+04 2.83610000e+04 2.83950000e+04]
 [2.67420000e+04 2.67930000e+04 2.68820000e+04 2.69810000e+04
  2.70350000e+04 2.71340000e+04 2.72100000e+04 2.72210000e+04
  2.73130000e+04 2.73170000e+04 2.73420000e+04 2.74080000e+04
  2.74490000e+04 2.75410000e+04 2.75770000e+04 2.76320000e+04
  2.76640000e+04 2.78510000e+04 2.79500000e+04 2.79950000e+04]
 [2.62910000e+04 2.63720000e+04 2.64590000e+04 2.64870000e+04
  2.65020000e+04 2.65450000e+04 2.65490000e+04 2.66160000e+04
  2.66280000e+04 2.67230000e+04 2.67270000e+04 2.67930000e+04
  2.68520000e+04 2.68860000e+04 2.68950000e+04 2.69200000e+04
  2.69220000e+04 2.69280000e+04 2.70150000e+04 2.71000000e+04]
 [2.51770000e+04 2.51830000e+04 2.51940000e+04 2.52440000e+04
  2.53280000e+04 2.57360000e+04 2.58300000e+04 2.58320000e+04
  2.59290000e+04 2.59810000e+04 2.59850000e+04 2.60770000e+04
  2.61210000e+04 2.61720000e+04 2.61950000e+04 2.62750000e+04
  2.63100000e+04 2.63260000e+04 2.63720000e+04 2.63770000e+04]
 [2.46740000e+04 2.47360000e+04 2.48330000e+04 2.48850000e+04
  2.49840000e+04 2.50670000e+04 2.51200000e+04 2.51770000e+04
  2.51850000e+04 2.52540000e+04 2.52910000e+04 2.53630000e+04
  2.54580000e+04 2.55190000e+04 2.55950000e+04 2.56670000e+04
  2.57210000e+04 2.60710000e+04 2.61890000e+04 2.62390000e+04]
 [2.30910000e+04 2.40500000e+04 2.40830000e+04 2.41070000e+04
  2.41910000e+04 2.42200000e+04 2.42520000e+04 2.42820000e+04
  2.43240000e+04 2.44030000e+04 2.44610000e+04 2.45070000e+04
  2.45140000e+04 2.46030000e+04 2.46740000e+04 2.47650000e+04
  2.47740000e+04 2.52180000e+04 2.52580000e+04 2.62170000e+04]
 [2.24608555e+04 2.26030000e+04 2.26260000e+04 2.29290000e+04
  2.29660000e+04 2.30460000e+04 2.35590000e+04 2.36160000e+04
  2.37020000e+04 2.37540000e+04 2.37550000e+04 2.38500000e+04
  2.39180000e+04 2.40050000e+04 2.40230000e+04 2.40790000e+04
  2.42420000e+04 2.43080000e+04 2.43960000e+04 2.44410000e+04]
 [2.17750000e+04 2.18430000e+04 2.25830000e+04 2.26260000e+04
  2.29010000e+04 2.29450000e+04 2.29660000e+04 2.29940000e+04
  2.30910000e+04 2.31890000e+04 2.32370000e+04 2.33320000e+04
  2.34160000e+04 2.34860000e+04 2.35240000e+04 2.36430000e+04
  2.36990000e+04 2.37970000e+04 2.38820000e+04 2.38970000e+04]
 [2.17660000e+04 2.18570000e+04 2.19130000e+04 2.20100000e+04
  2.20560000e+04 2.20740000e+04 2.21380000e+04 2.22320000e+04
  2.23310000e+04 2.24120000e+04 2.24740000e+04 2.25300000e+04
  2.25830000e+04 2.26810000e+04 2.27130000e+04 2.27640000e+04
  2.27880000e+04 2.28140000e+04 2.28950000e+04 2.29190000e+04]
 [2.08640000e+04 2.09630000e+04 2.10090000e+04 2.10310000e+04
  2.10560000e+04 2.10680000e+04 2.10960000e+04 2.11250000e+04
  2.12120000e+04 2.12480000e+04 2.12860000e+04 2.13280000e+04
  2.13630000e+04 2.13930000e+04 2.14500000e+04 2.15350000e+04
  2.16320000e+04 2.16340000e+04 2.16830000e+04 2.23840000e+04]
 [1.80170000e+04 1.86270000e+04 1.87200000e+04 1.87790000e+04
  1.99450000e+04 1.99960000e+04 2.00700000e+04 2.01540000e+04
  2.02370000e+04 2.03110000e+04 2.04000000e+04 2.04700000e+04
  2.05150000e+04 2.05740000e+04 2.06280000e+04 2.06290000e+04
  2.06890000e+04 2.07670000e+04 2.08260000e+04 2.08720000e+04]
 [1.85610000e+04 1.90270000e+04 1.90620000e+04 1.90870000e+04
  1.91410000e+04 1.91910000e+04 1.92220000e+04 1.92940000e+04
  1.93780000e+04 1.94470000e+04 1.95370000e+04 1.95920000e+04
  1.96560000e+04 1.97450000e+04 1.97550000e+04 1.98060000e+04
  1.98870000e+04 1.99450000e+04 2.01050000e+04 2.01410000e+04]
 [1.78640000e+04 1.79460000e+04 1.80300000e+04 1.80550000e+04
  1.80710000e+04 1.81620000e+04 1.82730000e+04 1.83810000e+04
  1.84290000e+04 1.85010000e+04 1.85480000e+04 1.86080000e+04
  1.86440000e+04 1.86710000e+04 1.87130000e+04 1.87470000e+04
  1.87820000e+04 1.88670000e+04 1.89000000e+04 1.89700000e+04]
 [1.75780000e+04 1.75820000e+04 1.76790000e+04 1.77380000e+04
  1.78340000e+04 1.78650000e+04 1.79370000e+04 1.79830000e+04
  1.80300000e+04 1.80860000e+04 1.81500000e+04 1.82010000e+04
  1.82780000e+04 1.83510000e+04 1.84180000e+04 1.84990000e+04
  1.85490000e+04 1.86680000e+04 1.86900000e+04 1.87380000e+04]
 [1.53330000e+04 1.67640000e+04 1.67850000e+04 1.68660000e+04
  1.69080000e+04 1.69710000e+04 1.70690000e+04 1.71530000e+04
  1.71820000e+04 1.72360000e+04 1.73270000e+04 1.74020000e+04
  1.74920000e+04 1.74930000e+04 1.79100000e+04 1.79160000e+04
  1.79580000e+04 1.79600000e+04 1.79720000e+04 1.80050000e+04]
 [1.51650000e+04 1.52450000e+04 1.57840000e+04 1.58410000e+04
  1.58710000e+04 1.59650000e+04 1.60600000e+04 1.61180000e+04
  1.62070000e+04 1.62540000e+04 1.62710000e+04 1.62950000e+04
  1.63930000e+04 1.64550000e+04 1.65460000e+04 1.65950000e+04
  1.66600000e+04 1.66940000e+04 1.72950000e+04 1.73890000e+04]
 [1.50060000e+04 1.50470000e+04 1.51410000e+04 1.51500000e+04
  1.52450000e+04 1.53220000e+04 1.54090000e+04 1.54990000e+04
  1.55850000e+04 1.56060000e+04 1.56190000e+04 1.56790000e+04
  1.57150000e+04 1.57370000e+04 1.58080000e+04 1.58260000e+04
  1.59330000e+04 1.59650000e+04 1.65300000e+04 1.65410000e+04]
 [1.18840000e+04 1.19310000e+04 1.44470000e+04 1.45400000e+04
  1.45970000e+04 1.46710000e+04 1.46730000e+04 1.47310000e+04
  1.48000000e+04 1.48100000e+04 1.48510000e+04 1.49310000e+04
  1.49340000e+04 1.50060000e+04 1.50660000e+04 1.53370000e+04
  1.53970000e+04 1.54310000e+04 1.54630000e+04 1.54960000e+04]
 [1.35170000e+04 1.36050000e+04 1.36360000e+04 1.36630000e+04
  1.37510000e+04 1.37990000e+04 1.38260000e+04 1.38310000e+04
  1.38800000e+04 1.38880000e+04 1.39550000e+04 1.39780000e+04
  1.40260000e+04 1.40500000e+04 1.41390000e+04 1.42120000e+04
  1.42880000e+04 1.43750000e+04 1.44300000e+04 1.44470000e+04]
 [1.12910000e+04 1.14170000e+04 1.15000000e+04 1.18540000e+04
  1.19000000e+04 1.30290000e+04 1.31480000e+04 1.31760000e+04
  1.31910000e+04 1.32220000e+04 1.33050000e+04 1.33470000e+04
  1.33870000e+04 1.34300000e+04 1.34900000e+04 1.34950000e+04
  1.35570000e+04 1.37730000e+04 1.38010000e+04 1.38140000e+04]
 [1.21220000e+04 1.21950000e+04 1.22720000e+04 1.23660000e+04
  1.23820000e+04 1.24710000e+04 1.25190000e+04 1.26120000e+04
  1.26370000e+04 1.27130000e+04 1.27170000e+04 1.27870000e+04
  1.28530000e+04 1.28840000e+04 1.29470000e+04 1.30170000e+04
  1.31080000e+04 1.31470000e+04 1.32140000e+04 1.32170000e+04]
 [9.52600000e+03 9.58800000e+03 1.06710000e+04 1.12360000e+04
  1.13010000e+04 1.13820000e+04 1.14270000e+04 1.14830000e+04
  1.15520000e+04 1.16290000e+04 1.16330000e+04 1.16410000e+04
  1.17070000e+04 1.17230000e+04 1.17290000e+04 1.18050000e+04
  1.18840000e+04 1.19080000e+04 1.20040000e+04 1.20840000e+04]
 [9.52200000e+03 9.61700000e+03 9.64300000e+03 9.81600000e+03
  1.05550000e+04 1.06460000e+04 1.07090000e+04 1.07570000e+04
  1.07960000e+04 1.08240000e+04 1.08720000e+04 1.09550000e+04
  1.10290000e+04 1.11130000e+04 1.11150000e+04 1.11910000e+04
  1.12360000e+04 1.13340000e+04 1.16490000e+04 1.17370000e+04]
 [9.41600000e+03 9.42600000e+03 9.52200000e+03 9.65400000e+03
  9.73300000e+03 9.82700000e+03 9.83500000e+03 9.85400000e+03
  9.91200000e+03 9.92000000e+03 9.99400000e+03 9.99500000e+03
  1.00250000e+04 1.01180000e+04 1.02090000e+04 1.02200000e+04
  1.02770000e+04 1.03530000e+04 1.04280000e+04 1.05150000e+04]
 [8.71200000e+03 8.72900000e+03 8.82700000e+03 8.90200000e+03
  8.95900000e+03 8.96000000e+03 9.02100000e+03 9.09300000e+03
  9.17500000e+03 9.23500000e+03 9.32200000e+03 9.41600000e+03
  9.46500000e+03 9.52900000e+03 9.61200000e+03 9.65400000e+03
  9.71700000e+03 9.74600000e+03 9.81300000e+03 9.91200000e+03]
 [8.04100000e+03 8.04700000e+03 8.13900000e+03 8.14800000e+03
  8.20800000e+03 8.23200000e+03 8.25200000e+03 8.33000000e+03
  8.37600000e+03 8.39200000e+03 8.44400000e+03 8.52200000e+03
  8.55200000e+03 8.55500000e+03 8.61800000e+03 8.63100000e+03
  8.69900000e+03 8.77200000e+03 8.82700000e+03 9.17000000e+03]
 [6.75000000e+03 6.77100000e+03 6.86400000e+03 6.88200000e+03
  7.28500000e+03 7.36700000e+03 7.41800000e+03 7.46700000e+03
  7.53700000e+03 7.58800000e+03 7.64600000e+03 7.70300000e+03
  7.78300000e+03 7.82800000e+03 7.89700000e+03 7.94700000e+03
  8.19800000e+03 8.51800000e+03 8.52000000e+03 8.59100000e+03]
 [6.19400000e+03 6.21100000e+03 6.28900000e+03 6.34500000e+03
  6.42100000e+03 6.45700000e+03 6.48300000e+03 6.57000000e+03
  6.64400000e+03 6.67900000e+03 6.71800000e+03 6.75000000e+03
  6.83200000e+03 6.91600000e+03 7.01100000e+03 7.05200000e+03
  7.09500000e+03 7.14500000e+03 7.18600000e+03 7.23200000e+03]
 [5.15200000e+03 5.21900000e+03 5.48900000e+03 5.56000000e+03
  5.57200000e+03 5.59500000e+03 5.74800000e+03 5.81300000e+03
  5.85300000e+03 5.91200000e+03 5.97800000e+03 6.05600000e+03
  6.07700000e+03 6.12500000e+03 6.19400000e+03 6.19800000e+03
  6.29300000e+03 6.36100000e+03 6.39700000e+03 6.51900000e+03]
 [4.65300000e+03 4.75000000e+03 4.83400000e+03 4.92100000e+03
  5.01600000e+03 5.04200000e+03 5.05600000e+03 5.12800000e+03
  5.15200000e+03 5.23800000e+03 5.24400000e+03 5.28900000e+03
  5.31800000e+03 5.33700000e+03 5.42900000e+03 5.50900000e+03
  5.52000000e+03 5.57200000e+03 5.64900000e+03 5.73800000e+03]
 [3.91600000e+03 3.93600000e+03 4.02100000e+03 4.06900000e+03
  4.13900000e+03 4.17000000e+03 4.18400000e+03 4.26500000e+03
  4.28600000e+03 4.34300000e+03 4.44100000e+03 4.45000000e+03
  4.47300000e+03 4.48900000e+03 4.53500000e+03 4.57900000e+03
  4.59500000e+03 4.63600000e+03 5.04800000e+03 5.55900000e+03]
 [2.80700000e+03 2.87500000e+03 2.90500000e+03 2.99100000e+03
  3.04500000e+03 3.12500000e+03 3.20300000e+03 3.21900000e+03
  3.30800000e+03 3.37900000e+03 3.47600000e+03 3.55600000e+03
  3.62500000e+03 3.66300000e+03 3.74000000e+03 3.74300000e+03
  3.77300000e+03 3.83400000e+03 4.46300000e+03 4.55100000e+03]
 [1.83400000e+03 1.93100000e+03 1.97700000e+03 2.02600000e+03
  2.10300000e+03 2.13000000e+03 2.22600000e+03 2.30800000e+03
  2.37100000e+03 2.39200000e+03 2.47500000e+03 2.52600000e+03
  2.60300000e+03 2.68300000e+03 2.77100000e+03 2.77800000e+03
  3.08800000e+03 3.16100000e+03 3.58900000e+03 3.74100000e+03]
 [1.06600000e+03 1.11000000e+03 1.20100000e+03 1.20300000e+03
  1.29700000e+03 1.37800000e+03 1.42900000e+03 1.51700000e+03
  1.56000000e+03 1.58000000e+03 1.65900000e+03 1.70600000e+03
  1.76800000e+03 2.00900000e+03 2.05000000e+03 2.07400000e+03
  2.13400000e+03 2.14600000e+03 2.14900000e+03 2.69700000e+03]
 [0.00000000e+00 4.30000000e+01 1.08000000e+02 1.76000000e+02
  2.37000000e+02 3.06000000e+02 3.32000000e+02 3.79000000e+02
  4.66000000e+02 5.19000000e+02 6.00000000e+02 6.59000000e+02
  7.40000000e+02 8.20000000e+02 8.83000000e+02 9.14000000e+02
  9.35000000e+02 9.81000000e+02 9.84000000e+02 1.13700000e+03]]
