optimal_status: 0
solution: 10992.0
cpu_time: 3600.1667540073395
gap: 0.9006550218340611
upper_bound: 1092.0
lower_bound: 10992.0
cg_matrix: [[0. 1. 1. 1. 0. 1. 1. 1. 1. 0. 1. 0. 1. 0. 1. 0. 1. 0. 1. 1. 1. 1. 1. 1.
  1. 1. 1. 1. 1. 1.]
 [1. 0. 0. 0. 1. 1. 1. 1. 1. 1. 1. 1. 1. 1. 1. 0. 1. 1. 1. 1. 1. 1. 0. 1.
  0. 0. 1. 1. 0. 0.]
 [1. 0. 0. 1. 1. 0. 1. 1. 1. 1. 1. 1. 1. 0. 0. 1. 0. 1. 1. 1. 1. 1. 1. 1.
  1. 0. 0. 1. 1. 0.]
 [1. 0. 1. 0. 1. 1. 0. 1. 0. 1. 1. 1. 1. 1. 1. 1. 1. 1. 1. 1. 1. 1. 1. 1.
  0. 1. 1. 1. 0. 1.]
 [0. 1. 1. 1. 0. 1. 0. 1. 1. 1. 1. 1. 1. 1. 0. 1. 1. 1. 1. 1. 1. 1. 1. 1.
  1. 1. 1. 1. 1. 0.]
 [1. 1. 0. 1. 1. 0. 1. 1. 1. 1. 0. 1. 1. 0. 1. 1. 1. 1. 0. 1. 0. 1. 1. 1.
  1. 1. 0. 1. 1. 1.]
 [1. 1. 1. 0. 0. 1. 0. 1. 1. 1. 1. 1. 1. 1. 0. 1. 1. 1. 1. 1. 1. 0. 1. 0.
  1. 1. 1. 1. 1. 1.]
 [1. 1. 1. 1. 1. 1. 1. 0. 1. 1. 1. 0. 1. 1. 0. 1. 1. 1. 1. 0. 1. 1. 1. 1.
  1. 1. 0. 0. 1. 1.]
 [1. 1. 1. 0. 1. 1. 1. 1. 0. 0. 1. 1. 1. 1. 1. 0. 1. 0. 1. 0. 1. 0. 1. 1.
  1. 1. 1. 1. 1. 1.]
 [0. 1. 1. 1. 1. 1. 1. 1. 0. 0. 1. 0. 1. 1. 1. 1. 1. 1. 1. 1. 0. 1. 1. 1.
  0. 1. 0. 1. 1. 1.]
 [1. 1. 1. 1. 1. 0. 1. 1. 1. 1. 0. 1. 1. 1. 1. 1. 1. 1. 1. 1. 1. 0. 0. 1.
  1. 1. 1. 1. 0. 1.]
 [0. 1. 1. 1. 1. 1. 1. 0. 1. 0. 1. 0. 0. 0. 1. 1. 1. 1. 1. 0. 1. 0. 0. 0.
  1. 1. 1. 1. 1. 1.]
 [1. 1. 1. 1. 1. 1. 1. 1. 1. 1. 1. 0. 0. 0. 0. 1. 1. 1. 1. 1. 0. 1. 1. 0.
  1. 1. 0. 0. 1. 0.]
 [0. 1. 0. 1. 1. 0. 1. 1. 1. 1. 1. 0. 0. 0. 1. 1. 1. 1. 1. 1. 0. 1. 1. 1.
  1. 0. 1. 0. 1. 0.]
 [1. 1. 0. 1. 0. 1. 0. 0. 1. 1. 1. 1. 0. 1. 0. 1. 1. 1. 1. 1. 0. 1. 0. 1.
  1. 1. 1. 1. 1. 0.]
 [0. 0. 1. 1. 1. 1. 1. 1. 0. 1. 1. 1. 1. 1. 1. 0. 0. 0. 0. 0. 0. 0. 0. 0.
  0. 0. 0. 0. 0. 0.]
 [1. 1. 0. 1. 1. 1. 1. 1. 1. 1. 1. 1. 1. 1. 1. 0. 0. 0. 0. 0. 0. 0. 0. 0.
  0. 0. 0. 0. 0. 0.]
 [0. 1. 1. 1. 1. 1. 1. 1. 0. 1. 1. 1. 1. 1. 1. 0. 0. 0. 0. 0. 0. 0. 0. 0.
  0. 0. 0. 0. 0. 0.]
 [1. 1. 1. 1. 1. 0. 1. 1. 1. 1. 1. 1. 1. 1. 1. 0. 0. 0. 0. 0. 0. 0. 0. 0.
  0. 0. 0. 0. 0. 0.]
 [1. 1. 1. 1. 1. 1. 1. 0. 0. 1. 1. 0. 1. 1. 1. 0. 0. 0. 0. 0. 0. 0. 0. 0.
  0. 0. 0. 0. 0. 0.]
 [1. 1. 1. 1. 1. 0. 1. 1. 1. 0. 1. 1. 0. 0. 0. 0. 0. 0. 0. 0. 0. 0. 0. 0.
  0. 0. 0. 0. 0. 0.]
 [1. 1. 1. 1. 1. 1. 0. 1. 0. 1. 0. 0. 1. 1. 1. 0. 0. 0. 0. 0. 0. 0. 0. 0.
  0. 0. 0. 0. 0. 0.]
 [1. 0. 1. 1. 1. 1. 1. 1. 1. 1. 0. 0. 1. 1. 0. 0. 0. 0. 0. 0. 0. 0. 0. 0.
  0. 0. 0. 0. 0. 0.]
 [1. 1. 1. 1. 1. 1. 0. 1. 1. 1. 1. 0. 0. 1. 1. 0. 0. 0. 0. 0. 0. 0. 0. 0.
  0. 0. 0. 0. 0. 0.]
 [1. 0. 1. 0. 1. 1. 1. 1. 1. 0. 1. 1. 1. 1. 1. 0. 0. 0. 0. 0. 0. 0. 0. 0.
  0. 0. 0. 0. 0. 0.]
 [1. 0. 0. 1. 1. 1. 1. 1. 1. 1. 1. 1. 1. 0. 1. 0. 0. 0. 0. 0. 0. 0. 0. 0.
  0. 0. 0. 0. 0. 0.]
 [1. 1. 0. 1. 1. 0. 1. 0. 1. 0. 1. 1. 0. 1. 1. 0. 0. 0. 0. 0. 0. 0. 0. 0.
  0. 0. 0. 0. 0. 0.]
 [1. 1. 1. 1. 1. 1. 1. 0. 1. 1. 1. 1. 0. 0. 1. 0. 0. 0. 0. 0. 0. 0. 0. 0.
  0. 0. 0. 0. 0. 0.]
 [1. 0. 1. 0. 1. 1. 1. 1. 1. 1. 0. 1. 1. 1. 1. 0. 0. 0. 0. 0. 0. 0. 0. 0.
  0. 0. 0. 0. 0. 0.]
 [1. 0. 0. 1. 0. 1. 1. 1. 1. 1. 1. 1. 0. 0. 0. 0. 0. 0. 0. 0. 0. 0. 0. 0.
  0. 0. 0. 0. 0. 0.]]
start_times_array: [[8.3070e+03 8.3110e+03 8.3380e+03 8.4280e+03 8.5040e+03 8.5800e+03
  8.9760e+03 9.0140e+03 9.0860e+03 9.1660e+03 1.0581e+04 1.0815e+04
  1.0916e+04 1.0960e+04 1.0969e+04]
 [6.0000e+00 3.5800e+02 6.8900e+02 1.0800e+03 2.5640e+03 2.6370e+03
  2.6710e+03 9.4780e+03 9.5100e+03 9.6430e+03 9.7330e+03 9.8480e+03
  9.9400e+03 9.9950e+03 1.0020e+04]
 [1.0210e+03 1.3680e+03 2.1530e+03 1.0192e+04 1.0272e+04 1.0289e+04
  1.0346e+04 1.0406e+04 1.0442e+04 1.0454e+04 1.0510e+04 1.0678e+04
  1.0684e+04 1.0726e+04 1.0820e+04]
 [8.8000e+02 9.4780e+03 9.4890e+03 9.5580e+03 9.6370e+03 9.7980e+03
  9.8480e+03 9.9460e+03 9.9960e+03 1.0015e+04 1.0091e+04 1.0097e+04
  1.0290e+04 1.0309e+04 1.0372e+04]
 [5.7000e+01 7.7900e+02 8.9760e+03 9.0700e+03 9.0920e+03 9.1470e+03
  9.2050e+03 9.2110e+03 9.2890e+03 9.3250e+03 9.3810e+03 9.3970e+03
  9.4190e+03 9.5960e+03 9.7350e+03]
 [6.3400e+02 1.0210e+03 2.1550e+03 3.4200e+03 3.5130e+03 3.6060e+03
  3.6130e+03 3.7080e+03 3.7180e+03 4.0760e+03 8.6550e+03 8.7390e+03
  8.8030e+03 8.8170e+03 8.9070e+03]
 [8.8000e+02 7.4780e+03 7.7770e+03 7.8200e+03 7.8500e+03 7.8750e+03
  7.8780e+03 7.9720e+03 8.0740e+03 8.0800e+03 8.1220e+03 8.1390e+03
  8.2150e+03 8.2440e+03 8.5960e+03]
 [1.2400e+03 1.2540e+03 1.4220e+03 1.4490e+03 1.9780e+03 2.0340e+03
  2.5890e+03 7.5900e+03 7.6330e+03 7.6750e+03 7.7020e+03 7.7450e+03
  7.8040e+03 7.8150e+03 8.0490e+03]
 [2.3240e+03 2.3380e+03 2.3850e+03 7.1690e+03 7.2010e+03 7.2300e+03
  7.2700e+03 7.3330e+03 7.3580e+03 7.4070e+03 7.4110e+03 7.4790e+03
  7.5060e+03 7.5150e+03 7.6600e+03]
 [6.3340e+03 6.4710e+03 6.7970e+03 6.8490e+03 6.8710e+03 6.9580e+03
  7.0450e+03 7.0810e+03 7.1670e+03 7.1690e+03 7.2620e+03 7.2630e+03
  7.2790e+03 7.3490e+03 7.4790e+03]
 [4.1100e+02 5.8810e+03 5.9090e+03 5.9860e+03 6.0090e+03 6.0720e+03
  6.1410e+03 6.1760e+03 6.1980e+03 6.2880e+03 6.4040e+03 6.5680e+03
  6.6310e+03 6.6940e+03 6.7180e+03]
 [2.4150e+03 5.1000e+03 5.2050e+03 5.2700e+03 5.2990e+03 5.3500e+03
  5.4750e+03 5.5450e+03 5.5700e+03 5.6280e+03 5.6480e+03 5.6720e+03
  5.7100e+03 5.7440e+03 5.8150e+03]
 [2.0000e+00 5.3000e+01 2.5200e+02 5.0400e+02 4.2840e+03 4.4600e+03
  4.5150e+03 4.6190e+03 5.0650e+03 5.1450e+03 5.2010e+03 5.2300e+03
  5.3830e+03 5.6310e+03 5.7530e+03]
 [4.1600e+02 2.1530e+03 4.8210e+03 4.8710e+03 4.9090e+03 4.9610e+03
  4.9680e+03 5.1000e+03 5.1460e+03 5.2050e+03 5.2430e+03 5.2570e+03
  5.3230e+03 5.3950e+03 5.4750e+03]
 [5.0400e+02 1.9780e+03 3.9780e+03 4.1240e+03 4.2840e+03 4.3700e+03
  4.3830e+03 4.4770e+03 4.5020e+03 4.5520e+03 4.6280e+03 4.7170e+03
  4.7580e+03 4.8110e+03 5.0010e+03]
 [6.7000e+01 1.4400e+02 2.0800e+02 3.7100e+02 5.4100e+02 6.4600e+02
  7.1700e+02 8.1100e+02 9.2300e+02 1.1080e+03 2.2500e+03 2.6370e+03
  2.8480e+03 2.8830e+03 2.9620e+03]
 [1.1600e+02 1.6200e+02 2.2500e+03 2.4840e+03 2.6790e+03 2.7790e+03
  3.0320e+03 3.0820e+03 3.1840e+03 3.3600e+03 3.7540e+03 3.8240e+03
  3.9080e+03 3.9340e+03 4.2020e+03]
 [6.7000e+01 1.4400e+02 2.0900e+02 5.4300e+02 8.1100e+02 1.1640e+03
  1.3430e+03 1.9440e+03 3.2050e+03 3.2260e+03 3.3500e+03 3.7410e+03
  3.7970e+03 3.8770e+03 3.8890e+03]
 [5.3900e+02 6.3500e+02 8.2800e+02 8.3100e+02 1.1640e+03 1.3130e+03
  1.7770e+03 2.7950e+03 3.0600e+03 3.1690e+03 3.3030e+03 3.3920e+03
  3.3940e+03 3.3950e+03 3.6060e+03]
 [5.3900e+02 2.3880e+03 2.7090e+03 2.7490e+03 2.7930e+03 2.8280e+03
  2.9020e+03 2.9640e+03 2.9860e+03 3.0200e+03 3.1250e+03 3.1950e+03
  3.2260e+03 3.2360e+03 3.3300e+03]
 [6.7000e+01 1.2900e+02 1.6000e+02 1.8300e+02 2.7900e+02 4.1600e+02
  4.8300e+02 5.4100e+02 1.1640e+03 1.3130e+03 1.5080e+03 1.7660e+03
  1.8580e+03 1.9420e+03 2.7410e+03]
 [7.7000e+01 2.1700e+02 9.0500e+02 1.1640e+03 2.6790e+03 2.7680e+03
  2.8620e+03 2.9100e+03 2.9860e+03 3.0790e+03 3.1250e+03 3.1590e+03
  3.2170e+03 3.2910e+03 3.3400e+03]
 [2.9000e+02 4.0600e+02 5.2900e+02 1.1080e+03 1.1680e+03 1.2230e+03
  1.3420e+03 1.8610e+03 2.0400e+03 2.0770e+03 2.5420e+03 2.6370e+03
  2.7360e+03 2.7900e+03 3.1680e+03]
 [1.0800e+02 1.5080e+03 1.5770e+03 1.6240e+03 1.7200e+03 1.7500e+03
  1.7790e+03 1.8010e+03 1.8270e+03 2.0660e+03 2.0940e+03 2.4060e+03
  2.7780e+03 2.8670e+03 3.2750e+03]
 [6.7000e+01 1.5800e+02 1.1980e+03 1.5080e+03 1.5870e+03 1.5950e+03
  1.6040e+03 1.6700e+03 1.6710e+03 1.7300e+03 1.8720e+03 1.9260e+03
  2.0660e+03 2.6920e+03 2.8680e+03]
 [2.2000e+01 6.7000e+01 1.8400e+02 2.8600e+02 3.8900e+02 4.1900e+02
  5.3900e+02 6.8800e+02 1.1200e+03 1.5080e+03 2.0660e+03 2.4840e+03
  2.7360e+03 2.7790e+03 2.9010e+03]
 [1.0900e+02 2.2000e+02 2.9500e+02 6.3500e+02 7.5800e+02 1.2630e+03
  1.3420e+03 1.3770e+03 1.5220e+03 1.5290e+03 1.5960e+03 1.6310e+03
  1.7800e+03 1.8340e+03 1.9520e+03]
 [1.7900e+02 1.9300e+02 4.1600e+02 6.1900e+02 6.4600e+02 7.5900e+02
  9.2300e+02 9.8400e+02 1.1640e+03 1.2060e+03 1.2630e+03 1.2770e+03
  1.5210e+03 1.6040e+03 2.6790e+03]
 [0.0000e+00 6.7000e+01 1.5400e+02 2.0300e+02 2.0500e+02 2.1700e+02
  5.3900e+02 5.4600e+02 6.4600e+02 7.2800e+02 8.2300e+02 9.2300e+02
  1.1450e+03 2.6370e+03 2.6490e+03]
 [0.0000e+00 4.0000e+00 1.3000e+01 2.0000e+01 7.9000e+01 1.0800e+02
  1.4700e+02 2.0200e+02 2.2000e+02 2.9000e+02 3.0400e+02 4.1600e+02
  6.4600e+02 7.2400e+02 2.4060e+03]]
