optimal_status: 0
solution: 10418.0
cpu_time: 3600.935647010803
gap: 0.8972931464772509
upper_bound: 1070.0
lower_bound: 10418.0
cg_matrix: [[0. 1. 1. 1. 1. 1. 1. 0. 1. 0. 1. 1. 1. 1. 0. 1. 0. 1. 0. 1. 1. 1. 1. 1.
  0. 1. 1. 1. 1. 0.]
 [1. 0. 1. 1. 1. 1. 0. 1. 1. 1. 1. 1. 1. 1. 1. 1. 1. 1. 1. 0. 1. 1. 1. 1.
  1. 1. 1. 1. 1. 0.]
 [1. 1. 0. 1. 1. 1. 1. 0. 1. 1. 1. 1. 1. 1. 1. 1. 0. 1. 1. 0. 1. 0. 1. 1.
  1. 1. 0. 1. 0. 1.]
 [1. 1. 1. 0. 1. 1. 1. 1. 1. 1. 1. 1. 1. 1. 1. 1. 1. 1. 1. 1. 1. 1. 1. 1.
  1. 1. 1. 1. 0. 1.]
 [1. 1. 1. 1. 0. 1. 1. 1. 1. 0. 1. 1. 1. 0. 1. 1. 1. 1. 1. 1. 1. 1. 1. 1.
  1. 1. 1. 1. 1. 1.]
 [1. 1. 1. 1. 1. 0. 0. 1. 1. 1. 1. 0. 1. 0. 1. 1. 1. 0. 1. 0. 0. 0. 1. 1.
  1. 1. 1. 1. 1. 0.]
 [1. 0. 1. 1. 1. 0. 0. 0. 1. 1. 0. 1. 0. 1. 1. 1. 1. 1. 1. 1. 1. 1. 0. 0.
  0. 0. 1. 1. 0. 0.]
 [0. 1. 0. 1. 1. 1. 0. 0. 1. 1. 1. 1. 0. 0. 1. 1. 1. 1. 1. 1. 1. 1. 1. 1.
  1. 1. 0. 1. 1. 0.]
 [1. 1. 1. 1. 1. 1. 1. 1. 0. 1. 0. 1. 1. 1. 0. 1. 1. 1. 1. 1. 1. 1. 1. 1.
  1. 1. 1. 1. 1. 1.]
 [0. 1. 1. 1. 0. 1. 1. 1. 1. 0. 1. 1. 1. 1. 0. 0. 1. 1. 1. 0. 1. 1. 1. 1.
  1. 1. 1. 1. 0. 1.]
 [1. 1. 1. 1. 1. 1. 0. 1. 0. 1. 0. 1. 1. 1. 1. 1. 1. 1. 1. 1. 1. 1. 1. 1.
  1. 1. 1. 0. 1. 0.]
 [1. 1. 1. 1. 1. 0. 1. 1. 1. 1. 1. 0. 1. 1. 1. 1. 1. 0. 0. 1. 1. 1. 1. 1.
  1. 0. 1. 1. 1. 1.]
 [1. 1. 1. 1. 1. 1. 0. 0. 1. 1. 1. 1. 0. 1. 0. 1. 1. 1. 1. 1. 1. 1. 1. 0.
  1. 1. 1. 1. 1. 0.]
 [1. 1. 1. 1. 0. 0. 1. 0. 1. 1. 1. 1. 1. 0. 0. 0. 1. 1. 0. 1. 1. 1. 1. 1.
  1. 1. 1. 1. 1. 0.]
 [0. 1. 1. 1. 1. 1. 1. 1. 0. 0. 1. 1. 0. 0. 0. 1. 0. 1. 1. 0. 1. 1. 0. 1.
  1. 1. 1. 1. 1. 1.]
 [1. 1. 1. 1. 1. 1. 1. 1. 1. 0. 1. 1. 1. 0. 1. 0. 0. 0. 0. 0. 0. 0. 0. 0.
  0. 0. 0. 0. 0. 0.]
 [0. 1. 0. 1. 1. 1. 1. 1. 1. 1. 1. 1. 1. 1. 0. 0. 0. 0. 0. 0. 0. 0. 0. 0.
  0. 0. 0. 0. 0. 0.]
 [1. 1. 1. 1. 1. 0. 1. 1. 1. 1. 1. 0. 1. 1. 1. 0. 0. 0. 0. 0. 0. 0. 0. 0.
  0. 0. 0. 0. 0. 0.]
 [0. 1. 1. 1. 1. 1. 1. 1. 1. 1. 1. 0. 1. 0. 1. 0. 0. 0. 0. 0. 0. 0. 0. 0.
  0. 0. 0. 0. 0. 0.]
 [1. 0. 0. 1. 1. 0. 1. 1. 1. 0. 1. 1. 1. 1. 0. 0. 0. 0. 0. 0. 0. 0. 0. 0.
  0. 0. 0. 0. 0. 0.]
 [1. 1. 1. 1. 1. 0. 1. 1. 1. 1. 1. 1. 1. 1. 1. 0. 0. 0. 0. 0. 0. 0. 0. 0.
  0. 0. 0. 0. 0. 0.]
 [1. 1. 0. 1. 1. 0. 1. 1. 1. 1. 1. 1. 1. 1. 1. 0. 0. 0. 0. 0. 0. 0. 0. 0.
  0. 0. 0. 0. 0. 0.]
 [1. 1. 1. 1. 1. 1. 0. 1. 1. 1. 1. 1. 1. 1. 0. 0. 0. 0. 0. 0. 0. 0. 0. 0.
  0. 0. 0. 0. 0. 0.]
 [1. 1. 1. 1. 1. 1. 0. 1. 1. 1. 1. 1. 0. 1. 1. 0. 0. 0. 0. 0. 0. 0. 0. 0.
  0. 0. 0. 0. 0. 0.]
 [0. 1. 1. 1. 1. 1. 0. 1. 1. 1. 1. 1. 1. 1. 1. 0. 0. 0. 0. 0. 0. 0. 0. 0.
  0. 0. 0. 0. 0. 0.]
 [1. 1. 1. 1. 1. 1. 0. 1. 1. 1. 1. 0. 1. 1. 1. 0. 0. 0. 0. 0. 0. 0. 0. 0.
  0. 0. 0. 0. 0. 0.]
 [1. 1. 0. 1. 1. 1. 1. 0. 1. 1. 1. 1. 1. 1. 1. 0. 0. 0. 0. 0. 0. 0. 0. 0.
  0. 0. 0. 0. 0. 0.]
 [1. 1. 1. 1. 1. 1. 1. 1. 1. 1. 0. 1. 1. 1. 1. 0. 0. 0. 0. 0. 0. 0. 0. 0.
  0. 0. 0. 0. 0. 0.]
 [1. 1. 0. 0. 1. 1. 0. 1. 1. 0. 1. 1. 1. 1. 1. 0. 0. 0. 0. 0. 0. 0. 0. 0.
  0. 0. 0. 0. 0. 0.]
 [0. 0. 1. 1. 1. 0. 0. 0. 1. 1. 0. 1. 0. 0. 1. 0. 0. 0. 0. 0. 0. 0. 0. 0.
  0. 0. 0. 0. 0. 0.]]
start_times_array: [[3.3800e+02 6.7800e+02 2.0270e+03 4.5460e+03 4.6220e+03 5.0350e+03
  5.2050e+03 5.3060e+03 5.3780e+03 5.6720e+03 6.0130e+03 6.1350e+03
  6.1900e+03 6.3520e+03 6.6230e+03]
 [6.2340e+03 6.9560e+03 9.0420e+03 9.4780e+03 9.7710e+03 9.7960e+03
  9.8300e+03 9.8380e+03 9.8700e+03 9.9320e+03 1.0022e+04 1.0113e+04
  1.0205e+04 1.0260e+04 1.0381e+04]
 [5.0510e+03 8.8930e+03 9.1740e+03 9.2500e+03 9.3490e+03 9.3660e+03
  9.3670e+03 9.4300e+03 9.4660e+03 9.5620e+03 9.6180e+03 9.6890e+03
  9.7290e+03 1.0024e+04 1.0285e+04]
 [7.3050e+03 7.4590e+03 8.0510e+03 8.1200e+03 8.1580e+03 8.2560e+03
  8.3060e+03 8.4940e+03 8.6720e+03 8.6910e+03 8.8080e+03 8.9470e+03
  9.3300e+03 9.3930e+03 9.6950e+03]
 [6.9460e+03 7.0040e+03 7.1160e+03 7.4920e+03 7.5140e+03 7.6170e+03
  7.7590e+03 7.8430e+03 7.9210e+03 7.9570e+03 8.0130e+03 8.0290e+03
  8.5440e+03 8.7670e+03 9.1110e+03]
 [1.2500e+03 1.5750e+03 1.6340e+03 3.4620e+03 5.5790e+03 7.1090e+03
  7.2100e+03 7.3300e+03 7.3660e+03 7.5690e+03 7.6750e+03 7.7650e+03
  7.8290e+03 8.4040e+03 8.6030e+03]
 [3.4200e+02 6.1400e+03 6.3610e+03 6.3880e+03 6.4810e+03 6.6460e+03
  6.6490e+03 6.8040e+03 6.8810e+03 6.8870e+03 6.9290e+03 7.0360e+03
  7.2100e+03 7.2390e+03 7.3300e+03]
 [7.2100e+02 1.2620e+03 2.2820e+03 6.3590e+03 6.5900e+03 6.7370e+03
  6.7580e+03 6.8060e+03 6.8490e+03 6.8760e+03 6.9030e+03 7.0360e+03
  7.0680e+03 7.0790e+03 7.0840e+03]
 [4.3030e+03 4.8370e+03 4.8840e+03 4.9050e+03 5.7950e+03 5.9100e+03
  5.9500e+03 6.1100e+03 6.1410e+03 6.2810e+03 6.2850e+03 6.4540e+03
  6.5060e+03 6.5150e+03 6.7430e+03]
 [3.8800e+03 4.5460e+03 4.9370e+03 5.2050e+03 5.3710e+03 5.6720e+03
  5.7590e+03 5.8240e+03 6.0150e+03 6.0170e+03 6.1900e+03 6.1910e+03
  7.3890e+03 7.4700e+03 7.8430e+03]
 [2.1210e+03 3.6940e+03 4.0160e+03 4.1180e+03 4.2540e+03 4.4270e+03
  4.6980e+03 4.7770e+03 4.8470e+03 4.9890e+03 5.1380e+03 5.2430e+03
  5.4580e+03 5.5550e+03 8.8140e+03]
 [2.7390e+03 3.0010e+03 3.1060e+03 3.3070e+03 3.4620e+03 3.7220e+03
  3.8100e+03 4.0930e+03 4.1410e+03 4.7330e+03 4.7530e+03 4.7990e+03
  5.5210e+03 5.6010e+03 7.7770e+03]
 [2.1170e+03 2.2890e+03 2.6240e+03 2.6580e+03 2.6790e+03 2.8080e+03
  2.8630e+03 2.9330e+03 3.1710e+03 3.2510e+03 3.3360e+03 3.3650e+03
  3.6100e+03 3.9500e+03 4.4960e+03]
 [1.2620e+03 1.6030e+03 1.8870e+03 1.9370e+03 1.9750e+03 2.1520e+03
  2.1590e+03 2.1920e+03 2.2930e+03 2.4340e+03 2.4720e+03 2.4860e+03
  2.5520e+03 3.0260e+03 3.5130e+03]
 [1.4670e+03 1.9330e+03 2.0210e+03 2.1600e+03 2.3090e+03 2.3950e+03
  2.4340e+03 2.6240e+03 2.6890e+03 2.8080e+03 2.9120e+03 3.0260e+03
  3.2440e+03 3.2970e+03 3.3630e+03]
 [4.6700e+02 5.0900e+02 6.2700e+02 7.3500e+02 9.5900e+02 9.9400e+02
  1.1340e+03 1.3210e+03 1.3560e+03 1.5020e+03 1.7970e+03 1.8890e+03
  2.5890e+03 4.3480e+03 4.9720e+03]
 [4.8700e+02 5.3300e+02 7.3500e+02 9.9800e+02 1.0780e+03 1.1890e+03
  1.3740e+03 1.4080e+03 1.4830e+03 1.7290e+03 1.8170e+03 2.0330e+03
  2.1260e+03 2.2380e+03 2.3520e+03]
 [2.4000e+01 1.9600e+02 7.6100e+02 9.0200e+02 9.7800e+02 1.3660e+03
  1.4080e+03 1.4330e+03 1.5180e+03 1.5260e+03 1.6840e+03 1.7410e+03
  1.8070e+03 3.7220e+03 4.1650e+03]
 [4.6600e+02 6.3600e+02 6.8900e+02 7.6200e+02 8.1100e+02 8.8700e+02
  1.0280e+03 1.0790e+03 1.1520e+03 1.3210e+03 1.3650e+03 1.5020e+03
  1.5740e+03 1.7290e+03 2.5350e+03]
 [1.5000e+01 2.2000e+01 5.9700e+02 7.3500e+02 7.7900e+02 7.8100e+02
  8.4700e+02 9.0900e+02 9.3100e+02 1.0430e+03 1.1460e+03 1.2160e+03
  1.3560e+03 1.3660e+03 1.4600e+03]
 [0.0000e+00 1.1300e+02 1.2800e+02 1.5100e+02 2.2100e+02 7.3500e+02
  8.0200e+02 1.1040e+03 1.1960e+03 4.1990e+03 4.3170e+03 4.3300e+03
  4.3630e+03 6.4180e+03 7.5960e+03]
 [4.3000e+01 8.2000e+01 3.8600e+02 5.6200e+02 7.7900e+02 8.8200e+02
  9.9900e+02 1.0470e+03 1.1230e+03 1.2160e+03 1.3500e+03 1.5020e+03
  1.6840e+03 1.7580e+03 1.8070e+03]
 [6.4000e+01 2.3800e+02 2.4800e+02 3.4500e+02 5.1000e+02 5.1500e+02
  5.5400e+02 5.9500e+02 7.4200e+02 7.7900e+02 1.0730e+03 1.0900e+03
  1.2080e+03 1.4540e+03 1.5390e+03]
 [3.7000e+01 1.6200e+02 3.4200e+02 4.0600e+02 5.0200e+02 6.2700e+02
  6.5600e+02 7.3500e+02 7.8300e+02 8.8200e+02 8.9500e+02 9.5400e+02
  1.0200e+03 1.2150e+03 2.2380e+03]
 [1.2700e+02 2.3100e+02 2.5200e+02 3.8800e+02 5.0200e+02 5.1000e+02
  5.6200e+02 7.2000e+02 8.0200e+02 8.6100e+02 9.0900e+02 9.7600e+02
  1.0470e+03 1.1350e+03 1.2170e+03]
 [4.0000e+00 3.5000e+01 1.2800e+02 2.1800e+02 3.6600e+02 4.3000e+02
  5.2000e+02 5.6000e+02 8.1100e+02 1.1670e+03 1.3780e+03 3.7220e+03
  4.2110e+03 4.3580e+03 6.6460e+03]
 [0.0000e+00 1.0100e+02 1.6000e+02 2.8400e+02 3.8500e+02 4.0600e+02
  4.8500e+02 5.3200e+02 6.2700e+02 7.0500e+02 7.7200e+02 7.8700e+02
  1.0650e+03 1.3690e+03 2.4080e+03]
 [0.0000e+00 1.4000e+01 1.6300e+02 2.5000e+02 2.9800e+02 3.8500e+02
  4.0500e+02 4.6600e+02 4.7400e+02 4.8500e+02 5.4200e+02 5.8800e+02
  7.0500e+02 7.7500e+02 1.0550e+03]
 [0.0000e+00 2.2000e+01 1.0900e+02 1.1700e+02 1.1900e+02 1.3100e+02
  1.6600e+02 2.6500e+02 4.0500e+02 4.8700e+02 5.2400e+02 5.7800e+02
  6.5900e+02 7.3500e+02 7.6100e+02]
 [0.0000e+00 6.0000e+00 1.5000e+01 2.2000e+01 1.3100e+02 1.6000e+02
  2.2300e+02 2.7800e+02 2.9600e+02 4.1200e+02 5.3300e+02 6.3000e+02
  7.0500e+02 8.6000e+02 1.1140e+03]]
