optimal_status: 0
solution: 9277.0
cpu_time: 3602.6738550662994
gap: 0.838616333169398
upper_bound: 1497.1562771874949
lower_bound: 9277.0
cg_matrix: [[0. 1. 0. 0. 0. 1. 0. 1. 1. 0. 0. 0. 1. 1. 0. 1. 0. 0. 1. 0. 1. 0. 0. 0.
  0. 0. 0. 0. 0. 1. 0. 1. 1. 1. 1. 0. 1. 0. 0. 1. 1. 0. 1. 0. 1. 0. 0. 1.
  1. 0.]
 [1. 0. 0. 1. 0. 1. 0. 0. 1. 0. 1. 0. 1. 0. 1. 0. 0. 1. 1. 0. 1. 1. 0. 0.
  0. 0. 0. 1. 0. 0. 1. 1. 0. 0. 0. 1. 0. 1. 1. 0. 1. 0. 0. 0. 1. 1. 0. 1.
  0. 1.]
 [0. 0. 0. 0. 1. 1. 0. 1. 1. 1. 1. 0. 0. 0. 0. 0. 0. 0. 0. 1. 0. 1. 0. 1.
  0. 0. 1. 0. 0. 0. 1. 0. 1. 1. 0. 0. 1. 0. 1. 0. 0. 0. 1. 1. 1. 1. 0. 1.
  0. 1.]
 [0. 1. 0. 0. 0. 0. 0. 1. 0. 0. 0. 1. 1. 0. 1. 1. 1. 1. 1. 0. 1. 1. 1. 1.
  1. 1. 0. 0. 0. 1. 1. 1. 1. 1. 0. 1. 0. 0. 1. 1. 1. 1. 1. 0. 1. 1. 1. 0.
  0. 0.]
 [0. 0. 1. 0. 0. 0. 0. 0. 0. 1. 0. 1. 1. 0. 0. 1. 1. 0. 1. 0. 0. 0. 0. 1.
  1. 1. 0. 1. 0. 1. 0. 1. 1. 0. 1. 1. 1. 1. 0. 0. 1. 1. 1. 1. 0. 0. 0. 1.
  0. 1.]
 [1. 1. 1. 0. 0. 0. 0. 0. 0. 0. 1. 0. 1. 0. 0. 1. 0. 1. 1. 1. 0. 0. 0. 0.
  0. 0. 1. 0. 0. 0. 1. 1. 1. 1. 0. 1. 0. 0. 0. 1. 1. 0. 1. 0. 0. 0. 1. 0.
  1. 0.]
 [0. 0. 0. 0. 0. 0. 0. 0. 0. 0. 0. 0. 1. 0. 0. 0. 0. 1. 0. 1. 1. 0. 0. 1.
  0. 0. 1. 0. 0. 0. 0. 0. 0. 1. 1. 1. 1. 1. 1. 1. 0. 0. 0. 0. 1. 1. 1. 1.
  1. 1.]
 [1. 0. 1. 1. 0. 0. 0. 0. 1. 1. 1. 1. 1. 0. 0. 0. 0. 1. 0. 0. 1. 0. 1. 1.
  0. 0. 0. 0. 0. 1. 1. 0. 1. 0. 0. 0. 0. 0. 1. 0. 1. 1. 0. 1. 1. 1. 0. 1.
  1. 1.]
 [1. 1. 1. 0. 0. 0. 0. 1. 0. 0. 0. 0. 0. 1. 0. 0. 0. 1. 0. 1. 1. 1. 1. 1.
  0. 0. 0. 0. 1. 1. 0. 0. 1. 1. 0. 0. 1. 1. 0. 0. 1. 0. 1. 0. 1. 0. 1. 0.
  0. 1.]
 [0. 0. 1. 0. 1. 0. 0. 1. 0. 0. 0. 1. 0. 1. 1. 1. 0. 1. 0. 0. 1. 0. 1. 0.
  1. 1. 1. 1. 0. 0. 1. 1. 1. 0. 1. 1. 1. 1. 1. 0. 1. 1. 0. 0. 1. 0. 1. 0.
  1. 0.]
 [0. 1. 1. 0. 0. 1. 0. 1. 0. 0. 0. 1. 0. 0. 1. 1. 0. 0. 0. 1. 1. 0. 1. 0.
  0. 1. 0. 1. 1. 1. 0. 0. 1. 0. 0. 0. 1. 1. 1. 1. 0. 0. 1. 0. 1. 0. 0. 1.
  1. 0.]
 [0. 0. 0. 1. 1. 0. 0. 1. 0. 1. 1. 0. 1. 1. 1. 0. 0. 1. 0. 0. 1. 1. 0. 0.
  1. 1. 0. 0. 0. 0. 1. 0. 0. 0. 1. 0. 0. 0. 1. 0. 1. 0. 1. 0. 1. 1. 1. 0.
  1. 0.]
 [1. 1. 0. 1. 1. 1. 1. 1. 0. 0. 0. 1. 0. 1. 0. 1. 0. 1. 1. 1. 0. 0. 0. 0.
  0. 1. 1. 0. 1. 0. 0. 0. 0. 1. 1. 0. 1. 1. 0. 0. 1. 1. 0. 1. 0. 1. 1. 1.
  0. 1.]
 [1. 0. 0. 0. 0. 0. 0. 0. 1. 1. 0. 1. 1. 0. 1. 1. 0. 1. 1. 0. 0. 0. 1. 0.
  0. 0. 0. 1. 1. 1. 1. 1. 1. 1. 0. 1. 0. 0. 0. 1. 1. 0. 0. 0. 1. 0. 0. 1.
  1. 0.]
 [0. 1. 0. 1. 0. 0. 0. 0. 0. 1. 1. 1. 0. 1. 0. 1. 0. 0. 0. 0. 1. 1. 0. 0.
  1. 1. 1. 1. 0. 1. 0. 0. 0. 1. 1. 1. 0. 0. 0. 0. 1. 1. 1. 1. 1. 1. 0. 0.
  0. 0.]
 [1. 0. 0. 1. 1. 1. 0. 0. 0. 1. 1. 0. 1. 1. 1. 0. 0. 0. 0. 0. 0. 0. 0. 0.
  0. 0. 0. 0. 0. 0. 0. 0. 0. 0. 0. 0. 0. 0. 0. 0. 0. 0. 0. 0. 0. 0. 0. 0.
  0. 0.]
 [0. 0. 0. 1. 1. 0. 0. 0. 0. 0. 0. 0. 0. 0. 0. 0. 0. 0. 0. 0. 0. 0. 0. 0.
  0. 0. 0. 0. 0. 0. 0. 0. 0. 0. 0. 0. 0. 0. 0. 0. 0. 0. 0. 0. 0. 0. 0. 0.
  0. 0.]
 [0. 1. 0. 1. 0. 1. 1. 1. 1. 1. 0. 1. 1. 1. 0. 0. 0. 0. 0. 0. 0. 0. 0. 0.
  0. 0. 0. 0. 0. 0. 0. 0. 0. 0. 0. 0. 0. 0. 0. 0. 0. 0. 0. 0. 0. 0. 0. 0.
  0. 0.]
 [1. 1. 0. 1. 1. 1. 0. 0. 0. 0. 0. 0. 1. 1. 0. 0. 0. 0. 0. 0. 0. 0. 0. 0.
  0. 0. 0. 0. 0. 0. 0. 0. 0. 0. 0. 0. 0. 0. 0. 0. 0. 0. 0. 0. 0. 0. 0. 0.
  0. 0.]
 [0. 0. 1. 0. 0. 1. 1. 0. 1. 0. 1. 0. 1. 0. 0. 0. 0. 0. 0. 0. 0. 0. 0. 0.
  0. 0. 0. 0. 0. 0. 0. 0. 0. 0. 0. 0. 0. 0. 0. 0. 0. 0. 0. 0. 0. 0. 0. 0.
  0. 0.]
 [1. 1. 0. 1. 0. 0. 1. 1. 1. 1. 1. 1. 0. 0. 1. 0. 0. 0. 0. 0. 0. 0. 0. 0.
  0. 0. 0. 0. 0. 0. 0. 0. 0. 0. 0. 0. 0. 0. 0. 0. 0. 0. 0. 0. 0. 0. 0. 0.
  0. 0.]
 [0. 1. 1. 1. 0. 0. 0. 0. 1. 0. 0. 1. 0. 0. 1. 0. 0. 0. 0. 0. 0. 0. 0. 0.
  0. 0. 0. 0. 0. 0. 0. 0. 0. 0. 0. 0. 0. 0. 0. 0. 0. 0. 0. 0. 0. 0. 0. 0.
  0. 0.]
 [0. 0. 0. 1. 0. 0. 0. 1. 1. 1. 1. 0. 0. 1. 0. 0. 0. 0. 0. 0. 0. 0. 0. 0.
  0. 0. 0. 0. 0. 0. 0. 0. 0. 0. 0. 0. 0. 0. 0. 0. 0. 0. 0. 0. 0. 0. 0. 0.
  0. 0.]
 [0. 0. 1. 1. 1. 0. 1. 1. 1. 0. 0. 0. 0. 0. 0. 0. 0. 0. 0. 0. 0. 0. 0. 0.
  0. 0. 0. 0. 0. 0. 0. 0. 0. 0. 0. 0. 0. 0. 0. 0. 0. 0. 0. 0. 0. 0. 0. 0.
  0. 0.]
 [0. 0. 0. 1. 1. 0. 0. 0. 0. 1. 0. 1. 0. 0. 1. 0. 0. 0. 0. 0. 0. 0. 0. 0.
  0. 0. 0. 0. 0. 0. 0. 0. 0. 0. 0. 0. 0. 0. 0. 0. 0. 0. 0. 0. 0. 0. 0. 0.
  0. 0.]
 [0. 0. 0. 1. 1. 0. 0. 0. 0. 1. 1. 1. 1. 0. 1. 0. 0. 0. 0. 0. 0. 0. 0. 0.
  0. 0. 0. 0. 0. 0. 0. 0. 0. 0. 0. 0. 0. 0. 0. 0. 0. 0. 0. 0. 0. 0. 0. 0.
  0. 0.]
 [0. 0. 1. 0. 0. 1. 1. 0. 0. 1. 0. 0. 1. 0. 1. 0. 0. 0. 0. 0. 0. 0. 0. 0.
  0. 0. 0. 0. 0. 0. 0. 0. 0. 0. 0. 0. 0. 0. 0. 0. 0. 0. 0. 0. 0. 0. 0. 0.
  0. 0.]
 [0. 1. 0. 0. 1. 0. 0. 0. 0. 1. 1. 0. 0. 1. 1. 0. 0. 0. 0. 0. 0. 0. 0. 0.
  0. 0. 0. 0. 0. 0. 0. 0. 0. 0. 0. 0. 0. 0. 0. 0. 0. 0. 0. 0. 0. 0. 0. 0.
  0. 0.]
 [0. 0. 0. 0. 0. 0. 0. 0. 1. 0. 1. 0. 1. 1. 0. 0. 0. 0. 0. 0. 0. 0. 0. 0.
  0. 0. 0. 0. 0. 0. 0. 0. 0. 0. 0. 0. 0. 0. 0. 0. 0. 0. 0. 0. 0. 0. 0. 0.
  0. 0.]
 [1. 0. 0. 1. 1. 0. 0. 1. 1. 0. 1. 0. 0. 1. 1. 0. 0. 0. 0. 0. 0. 0. 0. 0.
  0. 0. 0. 0. 0. 0. 0. 0. 0. 0. 0. 0. 0. 0. 0. 0. 0. 0. 0. 0. 0. 0. 0. 0.
  0. 0.]
 [0. 1. 1. 1. 0. 1. 0. 1. 0. 1. 0. 1. 0. 1. 0. 0. 0. 0. 0. 0. 0. 0. 0. 0.
  0. 0. 0. 0. 0. 0. 0. 0. 0. 0. 0. 0. 0. 0. 0. 0. 0. 0. 0. 0. 0. 0. 0. 0.
  0. 0.]
 [1. 1. 0. 1. 1. 1. 0. 0. 0. 1. 0. 0. 0. 1. 0. 0. 0. 0. 0. 0. 0. 0. 0. 0.
  0. 0. 0. 0. 0. 0. 0. 0. 0. 0. 0. 0. 0. 0. 0. 0. 0. 0. 0. 0. 0. 0. 0. 0.
  0. 0.]
 [1. 0. 1. 1. 1. 1. 0. 1. 1. 1. 1. 0. 0. 1. 0. 0. 0. 0. 0. 0. 0. 0. 0. 0.
  0. 0. 0. 0. 0. 0. 0. 0. 0. 0. 0. 0. 0. 0. 0. 0. 0. 0. 0. 0. 0. 0. 0. 0.
  0. 0.]
 [1. 0. 1. 1. 0. 1. 1. 0. 1. 0. 0. 0. 1. 1. 1. 0. 0. 0. 0. 0. 0. 0. 0. 0.
  0. 0. 0. 0. 0. 0. 0. 0. 0. 0. 0. 0. 0. 0. 0. 0. 0. 0. 0. 0. 0. 0. 0. 0.
  0. 0.]
 [1. 0. 0. 0. 1. 0. 1. 0. 0. 1. 0. 1. 1. 0. 1. 0. 0. 0. 0. 0. 0. 0. 0. 0.
  0. 0. 0. 0. 0. 0. 0. 0. 0. 0. 0. 0. 0. 0. 0. 0. 0. 0. 0. 0. 0. 0. 0. 0.
  0. 0.]
 [0. 1. 0. 1. 1. 1. 1. 0. 0. 1. 0. 0. 0. 1. 1. 0. 0. 0. 0. 0. 0. 0. 0. 0.
  0. 0. 0. 0. 0. 0. 0. 0. 0. 0. 0. 0. 0. 0. 0. 0. 0. 0. 0. 0. 0. 0. 0. 0.
  0. 0.]
 [1. 0. 1. 0. 1. 0. 1. 0. 1. 1. 1. 0. 1. 0. 0. 0. 0. 0. 0. 0. 0. 0. 0. 0.
  0. 0. 0. 0. 0. 0. 0. 0. 0. 0. 0. 0. 0. 0. 0. 0. 0. 0. 0. 0. 0. 0. 0. 0.
  0. 0.]
 [0. 1. 0. 0. 1. 0. 1. 0. 1. 1. 1. 0. 1. 0. 0. 0. 0. 0. 0. 0. 0. 0. 0. 0.
  0. 0. 0. 0. 0. 0. 0. 0. 0. 0. 0. 0. 0. 0. 0. 0. 0. 0. 0. 0. 0. 0. 0. 0.
  0. 0.]
 [0. 1. 1. 1. 0. 0. 1. 1. 0. 1. 1. 1. 0. 0. 0. 0. 0. 0. 0. 0. 0. 0. 0. 0.
  0. 0. 0. 0. 0. 0. 0. 0. 0. 0. 0. 0. 0. 0. 0. 0. 0. 0. 0. 0. 0. 0. 0. 0.
  0. 0.]
 [1. 0. 0. 1. 0. 1. 1. 0. 0. 0. 1. 0. 0. 1. 0. 0. 0. 0. 0. 0. 0. 0. 0. 0.
  0. 0. 0. 0. 0. 0. 0. 0. 0. 0. 0. 0. 0. 0. 0. 0. 0. 0. 0. 0. 0. 0. 0. 0.
  0. 0.]
 [1. 1. 0. 1. 1. 1. 0. 1. 1. 1. 0. 1. 1. 1. 1. 0. 0. 0. 0. 0. 0. 0. 0. 0.
  0. 0. 0. 0. 0. 0. 0. 0. 0. 0. 0. 0. 0. 0. 0. 0. 0. 0. 0. 0. 0. 0. 0. 0.
  0. 0.]
 [0. 0. 0. 1. 1. 0. 0. 1. 0. 1. 0. 0. 1. 0. 1. 0. 0. 0. 0. 0. 0. 0. 0. 0.
  0. 0. 0. 0. 0. 0. 0. 0. 0. 0. 0. 0. 0. 0. 0. 0. 0. 0. 0. 0. 0. 0. 0. 0.
  0. 0.]
 [1. 0. 1. 1. 1. 1. 0. 0. 1. 0. 1. 1. 0. 0. 1. 0. 0. 0. 0. 0. 0. 0. 0. 0.
  0. 0. 0. 0. 0. 0. 0. 0. 0. 0. 0. 0. 0. 0. 0. 0. 0. 0. 0. 0. 0. 0. 0. 0.
  0. 0.]
 [0. 0. 1. 0. 1. 0. 0. 1. 0. 0. 0. 0. 1. 0. 1. 0. 0. 0. 0. 0. 0. 0. 0. 0.
  0. 0. 0. 0. 0. 0. 0. 0. 0. 0. 0. 0. 0. 0. 0. 0. 0. 0. 0. 0. 0. 0. 0. 0.
  0. 0.]
 [1. 1. 1. 1. 0. 0. 1. 1. 1. 1. 1. 1. 0. 1. 1. 0. 0. 0. 0. 0. 0. 0. 0. 0.
  0. 0. 0. 0. 0. 0. 0. 0. 0. 0. 0. 0. 0. 0. 0. 0. 0. 0. 0. 0. 0. 0. 0. 0.
  0. 0.]
 [0. 1. 1. 1. 0. 0. 1. 1. 0. 0. 0. 1. 1. 0. 1. 0. 0. 0. 0. 0. 0. 0. 0. 0.
  0. 0. 0. 0. 0. 0. 0. 0. 0. 0. 0. 0. 0. 0. 0. 0. 0. 0. 0. 0. 0. 0. 0. 0.
  0. 0.]
 [0. 0. 0. 1. 0. 1. 1. 0. 1. 1. 0. 1. 1. 0. 0. 0. 0. 0. 0. 0. 0. 0. 0. 0.
  0. 0. 0. 0. 0. 0. 0. 0. 0. 0. 0. 0. 0. 0. 0. 0. 0. 0. 0. 0. 0. 0. 0. 0.
  0. 0.]
 [1. 1. 1. 0. 1. 0. 1. 1. 0. 0. 1. 0. 1. 1. 0. 0. 0. 0. 0. 0. 0. 0. 0. 0.
  0. 0. 0. 0. 0. 0. 0. 0. 0. 0. 0. 0. 0. 0. 0. 0. 0. 0. 0. 0. 0. 0. 0. 0.
  0. 0.]
 [1. 0. 0. 0. 0. 1. 1. 1. 0. 1. 1. 1. 0. 1. 0. 0. 0. 0. 0. 0. 0. 0. 0. 0.
  0. 0. 0. 0. 0. 0. 0. 0. 0. 0. 0. 0. 0. 0. 0. 0. 0. 0. 0. 0. 0. 0. 0. 0.
  0. 0.]
 [0. 1. 1. 0. 1. 0. 1. 1. 1. 0. 0. 0. 1. 0. 0. 0. 0. 0. 0. 0. 0. 0. 0. 0.
  0. 0. 0. 0. 0. 0. 0. 0. 0. 0. 0. 0. 0. 0. 0. 0. 0. 0. 0. 0. 0. 0. 0. 0.
  0. 0.]]
start_times_array: [[6.220e+02 5.001e+03 8.241e+03 8.312e+03 8.380e+03 8.458e+03 8.559e+03
  8.607e+03 8.639e+03 8.673e+03 8.761e+03 8.855e+03 9.013e+03 9.174e+03
  9.204e+03]
 [5.605e+03 7.273e+03 7.324e+03 7.392e+03 7.425e+03 7.503e+03 7.527e+03
  7.755e+03 7.866e+03 8.004e+03 8.146e+03 8.204e+03 8.504e+03 8.940e+03
  9.096e+03]
 [7.339e+03 7.527e+03 7.646e+03 7.813e+03 7.880e+03 8.019e+03 8.245e+03
  8.406e+03 8.431e+03 8.520e+03 8.521e+03 8.524e+03 8.568e+03 9.044e+03
  9.237e+03]
 [6.624e+03 7.207e+03 7.353e+03 7.442e+03 7.602e+03 7.659e+03 7.880e+03
  8.241e+03 8.295e+03 8.827e+03 8.848e+03 9.033e+03 9.036e+03 9.075e+03
  9.204e+03]
 [5.062e+03 6.703e+03 7.109e+03 7.202e+03 7.378e+03 7.442e+03 7.553e+03
  7.725e+03 7.928e+03 8.089e+03 8.136e+03 8.162e+03 8.428e+03 9.121e+03
  9.198e+03]
 [2.680e+02 4.170e+02 5.625e+03 6.223e+03 6.727e+03 6.745e+03 6.874e+03
  7.049e+03 7.097e+03 7.129e+03 7.224e+03 7.850e+03 7.928e+03 8.091e+03
  8.342e+03]
 [4.330e+02 4.490e+02 1.413e+03 5.826e+03 5.915e+03 5.976e+03 6.023e+03
  6.048e+03 6.086e+03 6.360e+03 6.459e+03 6.745e+03 6.813e+03 6.912e+03
  7.494e+03]
 [5.377e+03 6.703e+03 6.849e+03 6.956e+03 7.109e+03 7.273e+03 7.404e+03
  7.427e+03 7.503e+03 7.553e+03 7.594e+03 7.823e+03 8.067e+03 8.135e+03
  8.577e+03]
 [2.717e+03 4.032e+03 4.625e+03 4.909e+03 5.017e+03 5.110e+03 5.619e+03
  5.637e+03 5.708e+03 6.580e+03 6.675e+03 6.860e+03 7.035e+03 7.076e+03
  7.442e+03]
 [3.704e+03 5.584e+03 5.748e+03 5.821e+03 6.022e+03 6.212e+03 6.245e+03
  6.338e+03 6.406e+03 6.514e+03 6.552e+03 6.616e+03 6.695e+03 6.780e+03
  7.035e+03]
 [5.717e+03 5.821e+03 6.022e+03 6.245e+03 6.323e+03 6.372e+03 6.417e+03
  6.461e+03 6.514e+03 6.597e+03 6.625e+03 6.628e+03 6.689e+03 6.797e+03
  7.442e+03]
 [4.909e+03 4.980e+03 4.989e+03 5.153e+03 5.243e+03 5.361e+03 5.427e+03
  5.530e+03 5.605e+03 5.653e+03 5.804e+03 5.895e+03 5.958e+03 6.114e+03
  6.860e+03]
 [6.520e+02 4.045e+03 4.377e+03 4.625e+03 4.659e+03 4.673e+03 4.684e+03
  4.686e+03 4.738e+03 4.767e+03 5.067e+03 5.301e+03 5.517e+03 5.584e+03
  5.589e+03]
 [2.536e+03 2.841e+03 3.718e+03 3.753e+03 3.759e+03 3.931e+03 4.094e+03
  4.130e+03 4.212e+03 4.269e+03 4.325e+03 4.472e+03 4.511e+03 4.604e+03
  4.832e+03]
 [1.421e+03 3.076e+03 3.210e+03 3.275e+03 3.595e+03 3.640e+03 3.849e+03
  3.882e+03 3.973e+03 4.008e+03 4.159e+03 4.308e+03 4.424e+03 4.704e+03
  5.142e+03]
 [4.780e+02 5.330e+02 7.820e+02 1.740e+03 2.746e+03 2.870e+03 3.068e+03
  3.191e+03 3.254e+03 3.360e+03 3.396e+03 3.461e+03 3.498e+03 3.591e+03
  4.092e+03]
 [8.600e+01 1.370e+02 4.570e+02 5.260e+02 6.640e+02 1.973e+03 2.052e+03
  2.599e+03 2.740e+03 2.815e+03 2.887e+03 3.136e+03 3.174e+03 3.485e+03
  5.444e+03]
 [1.522e+03 1.991e+03 2.127e+03 2.132e+03 2.197e+03 2.229e+03 2.627e+03
  3.037e+03 3.118e+03 3.197e+03 3.278e+03 3.521e+03 3.595e+03 3.622e+03
  3.973e+03]
 [1.002e+03 2.384e+03 2.722e+03 2.740e+03 2.772e+03 3.068e+03 3.150e+03
  3.226e+03 3.265e+03 3.337e+03 3.427e+03 3.431e+03 3.498e+03 3.577e+03
  3.973e+03]
 [3.400e+01 5.250e+02 7.100e+02 8.340e+02 9.290e+02 1.559e+03 2.490e+03
  2.536e+03 2.801e+03 2.841e+03 2.919e+03 3.007e+03 3.103e+03 3.150e+03
  3.193e+03]
 [1.668e+03 1.733e+03 2.280e+03 2.338e+03 2.384e+03 2.540e+03 2.593e+03
  2.646e+03 2.743e+03 2.755e+03 2.818e+03 2.908e+03 3.370e+03 3.426e+03
  3.568e+03]
 [2.100e+01 2.810e+02 3.670e+02 6.340e+02 6.470e+02 1.894e+03 2.442e+03
  2.540e+03 2.568e+03 2.600e+03 2.801e+03 2.822e+03 2.936e+03 3.202e+03
  3.382e+03]
 [1.850e+02 1.847e+03 1.947e+03 1.949e+03 2.082e+03 2.305e+03 2.743e+03
  2.919e+03 3.011e+03 3.108e+03 3.129e+03 3.330e+03 3.461e+03 3.537e+03
  3.610e+03]
 [3.420e+02 3.610e+02 3.780e+02 9.700e+02 1.036e+03 2.500e+03 2.743e+03
  2.746e+03 2.813e+03 2.827e+03 2.867e+03 2.936e+03 2.986e+03 3.006e+03
  3.180e+03]
 [0.000e+00 1.176e+03 1.354e+03 1.656e+03 1.934e+03 2.008e+03 2.089e+03
  2.344e+03 2.443e+03 2.542e+03 2.964e+03 3.472e+03 3.546e+03 3.577e+03
  3.718e+03]
 [3.500e+02 4.350e+02 7.400e+02 1.085e+03 1.660e+03 2.052e+03 2.384e+03
  2.574e+03 2.658e+03 2.808e+03 2.818e+03 2.876e+03 2.998e+03 3.274e+03
  3.360e+03]
 [1.053e+03 2.129e+03 2.224e+03 2.255e+03 2.354e+03 2.443e+03 2.640e+03
  2.664e+03 2.706e+03 2.820e+03 2.858e+03 2.939e+03 3.360e+03 3.413e+03
  3.507e+03]
 [0.000e+00 1.300e+01 1.400e+02 3.880e+02 5.160e+02 5.320e+02 6.220e+02
  8.210e+02 8.900e+02 2.150e+03 2.323e+03 2.600e+03 2.696e+03 2.730e+03
  3.010e+03]
 [4.590e+02 5.200e+02 1.337e+03 1.410e+03 1.715e+03 2.175e+03 2.224e+03
  2.276e+03 2.293e+03 2.372e+03 2.749e+03 2.819e+03 2.872e+03 2.997e+03
  2.998e+03]
 [4.200e+01 2.560e+02 1.730e+03 1.980e+03 2.109e+03 2.600e+03 2.743e+03
  2.745e+03 2.813e+03 2.936e+03 3.011e+03 3.047e+03 3.068e+03 3.360e+03
  3.425e+03]
 [3.700e+01 2.740e+02 3.140e+02 1.754e+03 1.920e+03 1.985e+03 2.078e+03
  2.085e+03 2.255e+03 2.297e+03 2.305e+03 2.509e+03 2.683e+03 2.870e+03
  3.253e+03]
 [7.160e+02 8.030e+02 9.480e+02 1.540e+03 2.272e+03 2.280e+03 2.345e+03
  2.411e+03 2.487e+03 2.515e+03 2.663e+03 2.706e+03 2.960e+03 3.026e+03
  3.210e+03]
 [1.930e+02 8.290e+02 9.290e+02 1.032e+03 1.045e+03 1.084e+03 1.100e+03
  1.200e+03 1.910e+03 1.945e+03 2.020e+03 2.454e+03 2.770e+03 2.870e+03
  3.108e+03]
 [0.000e+00 1.730e+02 2.550e+02 1.632e+03 1.886e+03 2.156e+03 2.166e+03
  2.261e+03 2.337e+03 2.341e+03 2.351e+03 2.435e+03 2.600e+03 2.788e+03
  3.026e+03]
 [2.100e+01 7.550e+02 1.113e+03 1.277e+03 1.858e+03 2.031e+03 2.105e+03
  2.261e+03 2.272e+03 2.344e+03 2.434e+03 2.523e+03 2.621e+03 2.665e+03
  2.682e+03]
 [3.810e+02 1.139e+03 1.210e+03 1.627e+03 1.633e+03 1.714e+03 2.010e+03
  2.078e+03 2.127e+03 2.132e+03 2.277e+03 2.465e+03 2.600e+03 2.696e+03
  2.749e+03]
 [0.000e+00 4.800e+01 1.550e+02 5.660e+02 8.730e+02 8.810e+02 1.368e+03
  1.633e+03 1.717e+03 1.804e+03 1.863e+03 2.085e+03 2.368e+03 2.451e+03
  2.454e+03]
 [7.700e+01 2.720e+02 2.950e+02 3.610e+02 7.100e+02 7.590e+02 1.208e+03
  1.257e+03 1.370e+03 1.922e+03 2.024e+03 2.119e+03 2.157e+03 2.188e+03
  2.237e+03]
 [0.000e+00 2.000e+01 4.200e+01 1.320e+02 3.830e+02 3.970e+02 6.180e+02
  7.340e+02 8.140e+02 1.146e+03 1.239e+03 1.306e+03 1.506e+03 1.760e+03
  2.182e+03]
 [0.000e+00 1.300e+02 2.180e+02 2.740e+02 4.890e+02 8.790e+02 1.125e+03
  1.561e+03 1.646e+03 1.721e+03 1.760e+03 1.837e+03 1.949e+03 2.031e+03
  2.161e+03]
 [3.670e+02 9.650e+02 1.126e+03 1.321e+03 1.506e+03 1.717e+03 1.757e+03
  1.831e+03 1.861e+03 1.894e+03 1.927e+03 1.942e+03 2.020e+03 2.078e+03
  2.157e+03]
 [2.000e+02 1.054e+03 1.169e+03 1.293e+03 1.344e+03 1.603e+03 1.646e+03
  1.715e+03 1.748e+03 1.831e+03 1.850e+03 1.947e+03 2.102e+03 2.200e+03
  2.299e+03]
 [1.050e+02 2.740e+02 7.470e+02 9.480e+02 1.167e+03 1.251e+03 1.410e+03
  1.544e+03 1.639e+03 1.733e+03 1.823e+03 1.844e+03 1.927e+03 2.064e+03
  2.191e+03]
 [3.410e+02 5.110e+02 6.230e+02 7.600e+02 8.510e+02 9.470e+02 1.016e+03
  1.111e+03 1.201e+03 1.268e+03 1.321e+03 1.609e+03 1.627e+03 1.681e+03
  1.730e+03]
 [3.050e+02 3.890e+02 7.590e+02 8.280e+02 8.530e+02 9.770e+02 1.054e+03
  1.055e+03 1.125e+03 1.268e+03 1.293e+03 1.388e+03 1.506e+03 1.721e+03
  1.785e+03]
 [1.510e+02 7.930e+02 8.730e+02 9.430e+02 1.016e+03 1.059e+03 1.113e+03
  1.167e+03 1.226e+03 1.255e+03 1.321e+03 1.410e+03 1.615e+03 1.912e+03
  1.991e+03]
 [5.000e+00 1.150e+02 5.580e+02 5.760e+02 8.210e+02 8.420e+02 9.240e+02
  1.099e+03 1.239e+03 1.339e+03 1.622e+03 1.733e+03 1.794e+03 1.805e+03
  1.963e+03]
 [2.600e+01 1.110e+02 5.330e+02 7.100e+02 7.490e+02 7.930e+02 8.340e+02
  9.620e+02 1.045e+03 1.111e+03 1.198e+03 1.317e+03 1.324e+03 1.506e+03
  1.561e+03]
 [0.000e+00 5.000e+00 6.400e+01 1.410e+02 2.000e+02 2.770e+02 3.760e+02
  4.780e+02 5.050e+02 6.520e+02 8.810e+02 9.110e+02 1.079e+03 1.198e+03
  1.353e+03]
 [6.400e+01 1.320e+02 2.730e+02 3.400e+02 4.250e+02 4.780e+02 4.930e+02
  6.000e+02 8.300e+02 8.420e+02 9.130e+02 1.023e+03 1.139e+03 1.201e+03
  1.357e+03]]
