optimal_status: 0
solution: 11768.0
cpu_time: 3601.406860113144
gap: 0.9015648695288396
upper_bound: 1158.384615384616
lower_bound: 11768.0
cg_matrix: [[0. 1. 0. 1. 1. 1. 1. 1. 1. 0. 0. 1. 1. 0. 1. 1. 0. 0. 1. 1. 1. 1. 1. 1.
  0. 1. 1. 1. 0. 0.]
 [1. 0. 1. 1. 1. 1. 1. 0. 0. 1. 0. 1. 1. 1. 0. 1. 1. 0. 1. 1. 1. 0. 0. 1.
  0. 1. 1. 1. 1. 1.]
 [0. 1. 0. 1. 1. 1. 1. 1. 1. 1. 1. 1. 0. 0. 1. 1. 1. 1. 0. 1. 1. 0. 1. 1.
  1. 1. 1. 1. 0. 1.]
 [1. 1. 1. 0. 1. 1. 1. 1. 0. 1. 1. 1. 1. 0. 1. 1. 1. 1. 1. 1. 0. 1. 1. 0.
  1. 1. 1. 1. 0. 1.]
 [1. 1. 1. 1. 0. 1. 1. 1. 1. 1. 1. 0. 1. 1. 1. 1. 1. 1. 1. 1. 1. 0. 1. 1.
  1. 1. 0. 1. 1. 1.]
 [1. 1. 1. 1. 1. 0. 1. 1. 0. 0. 1. 1. 0. 1. 1. 1. 1. 1. 0. 1. 1. 1. 0. 1.
  1. 1. 1. 1. 1. 1.]
 [1. 1. 1. 1. 1. 1. 0. 1. 1. 1. 1. 0. 0. 1. 1. 1. 1. 0. 1. 1. 0. 1. 1. 1.
  1. 1. 1. 1. 1. 0.]
 [1. 0. 1. 1. 1. 1. 1. 0. 1. 1. 1. 1. 1. 0. 1. 1. 1. 1. 1. 1. 1. 0. 1. 0.
  1. 0. 1. 1. 1. 1.]
 [1. 0. 1. 0. 1. 0. 1. 1. 0. 1. 1. 1. 1. 0. 1. 1. 0. 1. 1. 0. 0. 1. 1. 0.
  1. 1. 0. 1. 1. 1.]
 [0. 1. 1. 1. 1. 0. 1. 1. 1. 0. 1. 0. 1. 1. 1. 1. 1. 1. 1. 1. 1. 1. 1. 1.
  1. 1. 1. 1. 0. 1.]
 [0. 0. 1. 1. 1. 1. 1. 1. 1. 1. 0. 0. 0. 1. 1. 1. 1. 1. 0. 1. 1. 1. 1. 1.
  0. 1. 1. 1. 1. 1.]
 [1. 1. 1. 1. 0. 1. 0. 1. 1. 0. 0. 0. 1. 0. 1. 1. 1. 0. 1. 1. 0. 1. 0. 1.
  1. 1. 1. 1. 1. 1.]
 [1. 1. 0. 1. 1. 0. 0. 1. 1. 1. 0. 1. 0. 1. 1. 1. 1. 1. 1. 1. 1. 0. 1. 1.
  1. 1. 1. 1. 1. 1.]
 [0. 1. 0. 0. 1. 1. 1. 0. 0. 1. 1. 0. 1. 0. 1. 1. 1. 0. 1. 0. 1. 0. 1. 1.
  1. 0. 1. 1. 1. 1.]
 [1. 0. 1. 1. 1. 1. 1. 1. 1. 1. 1. 1. 1. 1. 0. 1. 1. 0. 1. 1. 1. 0. 1. 1.
  1. 1. 0. 1. 1. 0.]
 [1. 1. 1. 1. 1. 1. 1. 1. 1. 1. 1. 1. 1. 1. 1. 0. 0. 0. 0. 0. 0. 0. 0. 0.
  0. 0. 0. 0. 0. 0.]
 [0. 1. 1. 1. 1. 1. 1. 1. 0. 1. 1. 1. 1. 1. 1. 0. 0. 0. 0. 0. 0. 0. 0. 0.
  0. 0. 0. 0. 0. 0.]
 [0. 0. 1. 1. 1. 1. 0. 1. 1. 1. 1. 0. 1. 0. 0. 0. 0. 0. 0. 0. 0. 0. 0. 0.
  0. 0. 0. 0. 0. 0.]
 [1. 1. 0. 1. 1. 0. 1. 1. 1. 1. 0. 1. 1. 1. 1. 0. 0. 0. 0. 0. 0. 0. 0. 0.
  0. 0. 0. 0. 0. 0.]
 [1. 1. 1. 1. 1. 1. 1. 1. 0. 1. 1. 1. 1. 0. 1. 0. 0. 0. 0. 0. 0. 0. 0. 0.
  0. 0. 0. 0. 0. 0.]
 [1. 1. 1. 0. 1. 1. 0. 1. 0. 1. 1. 0. 1. 1. 1. 0. 0. 0. 0. 0. 0. 0. 0. 0.
  0. 0. 0. 0. 0. 0.]
 [1. 0. 0. 1. 0. 1. 1. 0. 1. 1. 1. 1. 0. 0. 0. 0. 0. 0. 0. 0. 0. 0. 0. 0.
  0. 0. 0. 0. 0. 0.]
 [1. 0. 1. 1. 1. 0. 1. 1. 1. 1. 1. 0. 1. 1. 1. 0. 0. 0. 0. 0. 0. 0. 0. 0.
  0. 0. 0. 0. 0. 0.]
 [1. 1. 1. 0. 1. 1. 1. 0. 0. 1. 1. 1. 1. 1. 1. 0. 0. 0. 0. 0. 0. 0. 0. 0.
  0. 0. 0. 0. 0. 0.]
 [0. 0. 1. 1. 1. 1. 1. 1. 1. 1. 0. 1. 1. 1. 1. 0. 0. 0. 0. 0. 0. 0. 0. 0.
  0. 0. 0. 0. 0. 0.]
 [1. 1. 1. 1. 1. 1. 1. 0. 1. 1. 1. 1. 1. 0. 1. 0. 0. 0. 0. 0. 0. 0. 0. 0.
  0. 0. 0. 0. 0. 0.]
 [1. 1. 1. 1. 0. 1. 1. 1. 0. 1. 1. 1. 1. 1. 0. 0. 0. 0. 0. 0. 0. 0. 0. 0.
  0. 0. 0. 0. 0. 0.]
 [1. 1. 1. 1. 1. 1. 1. 1. 1. 1. 1. 1. 1. 1. 1. 0. 0. 0. 0. 0. 0. 0. 0. 0.
  0. 0. 0. 0. 0. 0.]
 [0. 1. 0. 0. 1. 1. 1. 1. 1. 0. 1. 1. 1. 1. 1. 0. 0. 0. 0. 0. 0. 0. 0. 0.
  0. 0. 0. 0. 0. 0.]
 [0. 1. 1. 1. 1. 1. 0. 1. 1. 1. 1. 1. 1. 1. 0. 0. 0. 0. 0. 0. 0. 0. 0. 0.
  0. 0. 0. 0. 0. 0.]]
start_times_array: [[ 9567.  9909.  9968. 10019. 10369. 10866. 11029. 11106. 11201. 11290.
  11362. 11455. 11543. 11641. 11736.]
 [ 8857.  9731. 10066. 10150. 10613. 10657. 10723. 10770. 10842. 10921.
  10989. 10994. 11133. 11146. 11470.]
 [ 6312.  9448.  9567.  9884.  9968. 10226. 10297. 10358. 10532. 10536.
  10597. 10877. 11095. 11102. 11130.]
 [ 7723.  8434.  8437.  9253.  9351.  9455.  9548.  9652.  9661.  9773.
   9792.  9941. 10456. 10535. 10609.]
 [ 7025.  7670.  7739.  7964.  8027.  8096.  8185.  8650.  8686.  8765.
   8930.  9065.  9125.  9280.  9332.]
 [ 5261.  5994.  6571.  6781.  6933.  6996.  7380.  7603.  7823.  8043.
   8534.  8585.  8953.  9050.  9174.]
 [ 5524.  5929.  6140.  6371.  6830.  6918.  7096.  7408.  7434.  7775.
   7885.  8131.  8212.  8310.  8391.]
 [ 4675.  5403.  5841.  6082.  6443.  6639.  6657.  6662.  6787.  6890.
   7166.  7248.  7282.  7505.  8857.]
 [ 4592.  4907.  5092.  5270.  5506.  5573.  5643.  6232.  6298.  6530.
   6592.  6736.  6933.  7023.  7310.]
 [ 4050.  4227.  4510.  4717.  4783.  5000.  5178.  5213.  5332.  5431.
   5710.  5794.  5994.  6015.  6166.]
 [ 2939.  3139.  3201.  3508.  3624.  3647.  3710.  3884.  3963.  4078.
   4118.  4210.  4429.  4434.  4862.]
 [ 3043.  3454.  3800.  4032.  4102.  4267.  4510.  4710.  4772.  4779.
   4784.  4796.  5000.  5178.  5332.]
 [ 2409.  3139.  3245.  3513.  3624.  3710.  3797.  3899.  3948.  4129.
   4321.  4367.  4425.  4499.  4886.]
 [ 1695.  1982.  2191.  2818.  2829.  2834.  3008.  3043.  3238.  3293.
   3373.  3469.  3486.  3579.  3800.]
 [ 1432.  1525.  1636.  1879.  2126.  2284.  2324.  2499.  2518.  2606.
   2684.  2719.  2772.  2866.  3027.]
 [    0.    77.   334.   485.   825.   889.   969.  1215.  1288.  1327.
   1390.  1543.  1661.  1792.  2959.]
 [  381.   875.   954.  1017.  1032.  1198.  1199.  1257.  1365.  1555.
   1661.  1751.  1827.  1948.  2031.]
 [   36.   133.   286.   631.   684.   695.   862.  1105.  1487.  1529.
   1612.  1624.  1827.  1882.  1948.]
 [    0.   368.   398.   606.  1007.  1079.  1099.  1170.  1259.  1298.
   1359.  1543.  1661.  1751.  1813.]
 [    0.    68.    83.   354.   543.   954.  1051.  1100.  1170.  1273.
   1338.  1661.  1737.  2045.  2207.]
 [   26.   207.   337.   395.   569.   632.   787.   797.   980.  1055.
   1082.  1101.  1236.  1282.  1304.]
 [   53.   216.   233.   440.   605.   657.   749.   766.   796.   906.
    956.  1032.  1110.  1716.  2409.]
 [  151.   253.   302.   353.   490.   527.   539.   550.   701.   810.
    953.  1100.  1132.  1255.  1353.]
 [    0.    95.   151.   173.   370.   425.   510.   706.   836.   904.
   1014.  1100.  1192.  1217.  1359.]
 [    0.   181.   268.   360.   425.   435.   657.   749.   797.   964.
   1025.  1074.  1198.  1273.  1543.]
 [   18.    32.   118.   202.   293.   390.   527.   581.   632.   766.
    799.   853.   861.   899.  1024.]
 [    0.    68.    78.   133.   309.   335.   352.   445.   543.   714.
    759.   786.   895.  1009.  1390.]
 [   13.    22.    46.    78.   118.   165.   368.   445.   515.   586.
    605.   608.   797.   895.  1048.]
 [   99.   162.   181.   253.   291.   309.   393.   551.   631.   677.
    702.   731.   788.   899.  1166.]
 [    0.    16.   100.   153.   360.   368.   388.   390.   454.   515.
    593.   714.   749.   804.   990.]]
