optimal_status: 0
solution: 5549.999999439703
cpu_time: 3600.116140127182
gap: 0.706591008657587
upper_bound: 1628.4199017859962
lower_bound: 5549.999999439703
cg_matrix: [[0. 0. 0. 0. 0. 0. 0. 0. 0. 1. 0. 0. 0. 0. 0. 0. 1. 0. 0. 1. 0. 0. 0. 1.
  0. 0. 1. 0. 0. 0.]
 [0. 0. 1. 1. 0. 0. 0. 1. 0. 0. 0. 1. 0. 1. 0. 1. 0. 0. 0. 0. 0. 0. 0. 0.
  1. 0. 0. 1. 0. 1.]
 [0. 1. 0. 0. 0. 0. 0. 0. 0. 0. 1. 0. 0. 1. 0. 0. 0. 0. 0. 0. 0. 0. 0. 0.
  0. 1. 0. 0. 0. 0.]
 [0. 1. 0. 0. 0. 0. 0. 0. 0. 1. 1. 0. 0. 0. 0. 0. 0. 1. 0. 0. 0. 0. 1. 0.
  1. 0. 0. 0. 0. 0.]
 [0. 0. 0. 0. 0. 0. 0. 1. 0. 0. 0. 0. 0. 0. 0. 0. 0. 0. 0. 0. 0. 1. 0. 0.
  0. 0. 1. 0. 0. 0.]
 [0. 0. 0. 0. 0. 0. 0. 1. 0. 0. 0. 0. 0. 0. 0. 0. 0. 0. 0. 0. 0. 1. 0. 0.
  0. 0. 0. 0. 0. 0.]
 [0. 0. 0. 0. 0. 0. 0. 0. 0. 0. 0. 0. 0. 0. 0. 1. 0. 1. 0. 0. 0. 1. 0. 0.
  0. 0. 0. 0. 1. 0.]
 [0. 1. 0. 0. 1. 1. 0. 0. 0. 0. 0. 0. 0. 0. 0. 1. 1. 0. 0. 0. 0. 0. 0. 0.
  0. 0. 0. 0. 1. 0.]
 [0. 0. 0. 0. 0. 0. 0. 0. 0. 1. 1. 0. 0. 0. 1. 0. 0. 1. 0. 0. 0. 0. 0. 0.
  0. 0. 1. 0. 0. 0.]
 [1. 0. 0. 1. 0. 0. 0. 0. 1. 0. 0. 0. 0. 0. 0. 1. 0. 0. 0. 0. 0. 1. 1. 0.
  0. 1. 0. 0. 0. 1.]
 [0. 0. 1. 1. 0. 0. 0. 0. 1. 0. 0. 1. 1. 0. 1. 0. 0. 0. 0. 0. 0. 0. 0. 0.
  1. 1. 0. 0. 0. 1.]
 [0. 1. 0. 0. 0. 0. 0. 0. 0. 0. 1. 0. 1. 1. 0. 0. 0. 0. 0. 0. 0. 0. 0. 0.
  0. 0. 0. 1. 0. 1.]
 [0. 0. 0. 0. 0. 0. 0. 0. 0. 0. 1. 1. 0. 0. 0. 1. 0. 0. 1. 0. 1. 0. 0. 0.
  0. 0. 0. 0. 0. 0.]
 [0. 1. 1. 0. 0. 0. 0. 0. 0. 0. 0. 1. 0. 0. 0. 0. 0. 0. 0. 0. 0. 0. 0. 0.
  0. 0. 0. 0. 0. 0.]
 [0. 0. 0. 0. 0. 0. 0. 0. 1. 0. 1. 0. 0. 0. 0. 0. 0. 0. 1. 0. 0. 0. 0. 0.
  0. 0. 0. 0. 0. 0.]
 [0. 1. 0. 0. 0. 0. 1. 1. 0. 1. 0. 0. 1. 0. 0. 0. 0. 0. 0. 0. 1. 0. 0. 0.
  0. 0. 0. 0. 0. 1.]
 [1. 0. 0. 0. 0. 0. 0. 1. 0. 0. 0. 0. 0. 0. 0. 0. 0. 0. 0. 0. 1. 0. 0. 1.
  0. 0. 0. 0. 1. 0.]
 [0. 0. 0. 1. 0. 0. 1. 0. 1. 0. 0. 0. 0. 0. 0. 0. 0. 0. 0. 0. 0. 0. 0. 0.
  0. 0. 0. 0. 0. 0.]
 [0. 0. 0. 0. 0. 0. 0. 0. 0. 0. 0. 0. 1. 0. 1. 0. 0. 0. 0. 0. 0. 0. 0. 0.
  0. 0. 0. 0. 0. 0.]
 [1. 0. 0. 0. 0. 0. 0. 0. 0. 0. 0. 0. 0. 0. 0. 0. 0. 0. 0. 0. 0. 0. 0. 0.
  0. 1. 0. 1. 0. 1.]
 [0. 0. 0. 0. 0. 0. 0. 0. 0. 0. 0. 0. 1. 0. 0. 1. 1. 0. 0. 0. 0. 0. 0. 0.
  0. 0. 0. 0. 0. 0.]
 [0. 0. 0. 0. 1. 1. 1. 0. 0. 1. 0. 0. 0. 0. 0. 0. 0. 0. 0. 0. 0. 0. 0. 0.
  0. 0. 0. 0. 0. 0.]
 [0. 0. 0. 1. 0. 0. 0. 0. 0. 1. 0. 0. 0. 0. 0. 0. 0. 0. 0. 0. 0. 0. 0. 0.
  0. 0. 0. 0. 0. 0.]
 [1. 0. 0. 0. 0. 0. 0. 0. 0. 0. 0. 0. 0. 0. 0. 0. 1. 0. 0. 0. 0. 0. 0. 0.
  0. 0. 0. 0. 0. 0.]
 [0. 1. 0. 1. 0. 0. 0. 0. 0. 0. 1. 0. 0. 0. 0. 0. 0. 0. 0. 0. 0. 0. 0. 0.
  0. 0. 0. 0. 0. 0.]
 [0. 0. 1. 0. 0. 0. 0. 0. 0. 1. 1. 0. 0. 0. 0. 0. 0. 0. 0. 1. 0. 0. 0. 0.
  0. 0. 0. 0. 0. 0.]
 [1. 0. 0. 0. 1. 0. 0. 0. 1. 0. 0. 0. 0. 0. 0. 0. 0. 0. 0. 0. 0. 0. 0. 0.
  0. 0. 0. 0. 0. 0.]
 [0. 1. 0. 0. 0. 0. 0. 0. 0. 0. 0. 1. 0. 0. 0. 0. 0. 0. 0. 1. 0. 0. 0. 0.
  0. 0. 0. 0. 0. 0.]
 [0. 0. 0. 0. 0. 0. 1. 1. 0. 0. 0. 0. 0. 0. 0. 0. 1. 0. 0. 0. 0. 0. 0. 0.
  0. 0. 0. 0. 0. 0.]
 [0. 1. 0. 0. 0. 0. 0. 0. 0. 1. 1. 1. 0. 0. 0. 1. 0. 0. 0. 1. 0. 0. 0. 0.
  0. 0. 0. 0. 0. 0.]]
start_times_array: [[ 143.          396.          729.          793.          854.
  1634.99999944 2119.99999944 2178.99999944 2618.99999944 2786.99999944
  3077.99999944 3164.99999944 3744.         3963.         3967.
  4266.99999944 4495.99999944 4740.99999944 4858.99999944 5174.99999944]
 [  45.          166.          230.          245.          474.
   510.          564.          635.          664.          681.
   885.         1219.         1453.99999944 1609.99999944 1805.99999944
  2090.99999944 2165.99999944 2283.99999944 2544.99999944 2718.99999944]
 [ 402.          473.         2577.99999944 2786.99999944 3438.99999944
  3595.99999944 3645.99999944 4213.99999944 4296.99999944 4404.99999944
  4621.99999944 4622.99999944 4702.99999944 4792.99999944 4939.99999944
  4976.99999944 4999.99999944 5012.99999944 5065.99999944 5438.99999944]
 [  28.          264.          488.         1007.         1518.99999944
  2786.99999944 3087.99999944 3239.99999944 3438.99999944 3614.99999944
  3753.99999944 4059.99999944 4092.99999944 4310.99999944 4622.99999944
  4716.99999944 4772.99999944 4924.99999944 5161.99999944 5218.99999944]
 [ 112.          115.          166.          880.          941.
  1026.         1314.         1781.         2090.99999944 2501.99999944
  3123.99999944 3492.99999944 3580.99999944 3905.         4063.
  4705.99999944 4881.99999944 5187.99999944 5326.99999944 5330.99999944]
 [ 167.         2296.99999944 2405.99999944 2449.99999944 2544.99999944
  2713.99999944 2781.99999944 2914.         3165.99999944 3586.
  3842.         3913.         4058.99999944 4218.99999944 4421.99999944
  4470.99999944 4510.99999944 4766.99999944 5355.99999944 5390.99999944]
 [  28.          354.00000056  429.00000056  431.00000056  531.
   596.          704.00000056 1543.99999944 1834.99999944 2049.99999944
  2053.99999944 2343.99999944 2730.99999944 2935.99999944 3217.99999944
  3280.99999944 3513.99999944 3654.99999944 4063.99999944 4377.99999944]
 [ 724.          816.          855.         1382.99999944 1518.99999944
  1547.         1717.         2073.99999944 2618.99999944 2862.
  3051.99999944 3074.99999944 3280.99999944 3678.         4561.99999944
  4737.99999944 4858.99999944 5042.99999944 5104.99999944 5275.99999944]
 [ 324.          672.          793.         1028.         1770.99999944
  2006.99999944 2166.99999944 2354.99999944 2397.99999944 2786.99999944
  2867.99999944 2973.99999944 3076.99999944 3092.99999944 3222.99999944
  4648.99999944 4924.99999944 4961.99999944 5060.99999944 5153.99999944]
 [ 112.          243.          531.          763.         1383.
  2049.99999944 2259.99999944 2548.99999944 2700.99999944 2885.99999944
  3351.99999944 3532.         3586.         3834.         3849.
  3870.         3906.         4134.99999944 4209.99999944 5001.99999944]
 [  45.          223.          510.          910.         1219.
  1385.         1941.99999944 2097.99999944 2146.99999944 2555.99999944
  3003.99999944 3312.99999944 3378.99999944 3398.99999944 3523.99999944
  3901.99999944 3974.99999944 4121.99999944 4125.99999944 4478.99999944]
 [ 102.          135.          724.         1007.         1306.
  1671.99999944 1885.99999944 2006.99999944 2389.99999944 2402.99999944
  2653.99999944 2869.99999944 3060.99999944 3111.99999944 3455.99999944
  3595.99999944 3658.99999944 3817.99999944 4621.99999944 5254.99999944]
 [ 345.          412.          556.          808.          845.
  1492.         1584.         1812.99999944 1869.99999944 2166.99999944
  2207.99999944 2353.99999944 4024.99999944 4213.99999944 4897.99999944
  4928.99999944 5001.99999944 5346.99999944 5372.99999944 5507.99999944]
 [ 264.          808.         1108.         1140.         1393.99999944
  1777.99999944 1947.99999944 2449.99999944 3146.99999944 3277.
  3720.99999944 4321.99999944 4473.99999944 4483.99999944 4551.99999944
  4772.99999944 4868.99999944 5016.99999944 5367.99999944 5498.99999944]
 [   0.          135.         1137.         1344.         1671.99999944
  1885.99999944 1930.99999944 2049.99999944 2144.99999944 2346.99999944
  2433.99999944 2680.99999944 3158.99999944 3438.99999944 3720.99999944
  3834.99999944 4796.99999944 4996.99999944 5268.99999944 5517.99999944]
 [ 264.          488.         1306.         1684.         1781.
  1959.99999944 1968.99999944 1973.99999944 2389.99999944 2786.99999944
  2989.99999944 3077.99999944 3146.99999944 3411.99999944 3477.99999944
  4468.99999944 4766.99999944 5147.99999944 5215.99999944 5412.99999944]
 [  96.          154.          242.          302.          663.00000056
   678.00000056  691.00000056  699.00000056  901.          962.
  1169.         1475.         1959.99999944 2259.99999944 2521.99999944
  4392.99999944 4767.99999944 4956.99999944 5326.99999944 5492.99999944]
 [   0.          160.          819.         1109.         1205.
  1614.         2089.99999944 3156.99999944 3172.99999944 3394.99999944
  3834.         3874.         4143.99999944 4213.99999944 4473.99999944
  4844.99999944 5032.99999944 5099.99999944 5300.99999944 5485.99999944]
 [  39.          131.          223.          480.         1017.
  1219.         1285.         1395.         1870.99999944 2406.99999944
  2521.99999944 2536.99999944 2598.99999944 2879.99999944 3383.99999944
  3782.99999944 5133.99999944 5229.99999944 5402.99999944 5454.99999944]
 [  45.          441.         1973.99999944 2258.99999944 2435.99999944
  2449.99999944 2700.99999944 2876.99999944 3312.99999944 3356.
  3849.         3915.         3954.         4121.99999944 4404.99999944
  4621.99999944 4688.99999944 4703.99999944 5126.99999944 5377.99999944]
 [1034.         1238.         1419.         1614.         2091.99999944
  2709.99999944 2851.99999944 2909.99999944 3167.99999944 3523.99999944
  3580.99999944 3719.99999944 3902.99999944 4119.99999944 4531.99999944
  4594.99999944 4858.99999944 4904.99999944 5039.99999944 5454.99999944]
 [  45.          264.          286.          488.          525.
   640.00000056 1009.         1885.99999944 2214.99999944 2412.99999944
  2442.99999944 2973.99999944 3051.99999944 3244.99999944 3375.99999944
  3398.99999944 3718.99999944 3743.99999944 3899.         4280.99999944]
 [  44.          153.          409.00000056  614.00000056  633.00000056
   881.         1967.99999944 2166.99999944 2618.99999944 3040.99999944
  3156.99999944 3654.99999944 3742.99999944 4415.99999944 4780.99999944
  4850.99999944 5044.99999944 5052.99999944 5215.99999944 5465.99999944]
 [   0.           62.          488.00000056  586.00000056  651.00000056
  1034.         1137.         1415.         2394.99999944 2406.99999944
  3230.99999944 3303.99999944 3358.99999944 3620.99999944 3724.
  3937.         4592.         4684.         5050.99999944 5091.99999944]
 [  16.          355.          724.         1077.         1097.
  1130.         1314.         1671.99999944 2006.99999944 2184.99999944
  2359.99999944 3216.99999944 3666.         4316.99999944 4453.99999944
  4807.99999944 4890.99999944 5001.99999944 5091.99999944 5522.99999944]
 [ 811.         1306.         1753.99999944 2166.99999944 2175.99999944
  2451.99999944 3091.99999944 3128.99999944 3231.99999944 3614.99999944
  3762.         4024.99999944 4321.99999944 4361.99999944 4522.99999944
  4737.99999944 4868.99999944 5044.99999944 5162.99999944 5499.99999944]
 [   0.           55.          108.          558.00000056 1169.
  1255.         1879.         3003.99999944 3678.         3835.
  3984.         4072.         4157.         4468.99999944 4590.99999944
  4723.99999944 4755.99999944 4785.99999944 5119.99999944 5362.99999944]
 [ 324.          813.          966.         1077.         1110.
  1133.         1731.99999944 2340.99999944 2475.99999944 2841.99999944
  2945.99999944 3000.99999944 3251.99999944 3508.99999944 3984.
  3986.         4335.99999944 4495.99999944 4568.99999944 5458.99999944]
 [   0.          437.00000056 2422.99999944 2782.99999944 3077.99999944
  3232.99999944 3367.99999944 3587.99999944 3724.         3823.
  3974.99999944 4024.99999944 4321.99999944 4485.99999944 4632.99999944
  4648.99999944 4887.99999944 5161.99999944 5425.99999944 5440.99999944]
 [   0.          144.          345.          843.         1077.
  1120.         1518.99999944 1907.99999944 2346.99999944 2464.99999944
  2577.99999944 3165.99999944 3224.99999944 3239.99999944 3672.99999944
  3728.99999944 4266.99999944 4522.99999944 5044.99999944 5477.99999944]]
