optimal_status: 0
solution: 9072.999999092279
cpu_time: 3600.5838940143585
gap: 0.8706389965903633
upper_bound: 1173.69238381821
lower_bound: 9072.999999092279
cg_matrix: [[0. 1. 1. 1. 1. 0. 0. 1. 1. 1. 0. 1. 1. 1. 1. 1. 1. 1. 0. 1.]
 [1. 0. 1. 1. 1. 0. 1. 1. 1. 1. 1. 1. 1. 1. 1. 1. 0. 1. 0. 0.]
 [1. 1. 0. 0. 1. 1. 1. 1. 1. 1. 1. 1. 1. 0. 1. 1. 1. 1. 1. 1.]
 [1. 1. 0. 0. 0. 0. 1. 1. 1. 1. 1. 1. 0. 1. 1. 1. 1. 1. 0. 1.]
 [1. 1. 1. 0. 0. 0. 1. 1. 1. 1. 1. 1. 1. 1. 1. 0. 1. 1. 1. 1.]
 [0. 0. 1. 0. 0. 0. 1. 1. 0. 0. 1. 0. 1. 1. 1. 0. 1. 1. 1. 1.]
 [0. 1. 1. 1. 1. 1. 0. 1. 0. 1. 1. 1. 1. 1. 1. 0. 0. 0. 1. 1.]
 [1. 1. 1. 1. 1. 1. 1. 0. 1. 1. 1. 1. 1. 0. 1. 0. 1. 1. 1. 1.]
 [1. 1. 1. 1. 1. 0. 0. 1. 0. 0. 1. 1. 1. 1. 0. 1. 1. 1. 1. 1.]
 [1. 1. 1. 1. 1. 0. 1. 1. 0. 0. 1. 0. 1. 1. 1. 1. 1. 0. 1. 1.]
 [0. 1. 1. 1. 1. 1. 1. 1. 1. 1. 0. 1. 1. 1. 1. 0. 1. 0. 1. 0.]
 [1. 1. 1. 1. 1. 0. 1. 1. 1. 0. 1. 0. 1. 1. 1. 1. 1. 1. 1. 1.]
 [1. 1. 1. 0. 1. 1. 1. 1. 1. 1. 1. 1. 0. 0. 0. 0. 1. 1. 1. 1.]
 [1. 1. 0. 1. 1. 1. 1. 0. 1. 1. 1. 1. 0. 0. 1. 0. 1. 1. 1. 1.]
 [1. 1. 1. 1. 1. 1. 1. 1. 0. 1. 1. 1. 0. 1. 0. 1. 1. 0. 0. 1.]
 [1. 1. 1. 1. 0. 0. 0. 0. 1. 1. 0. 1. 0. 0. 1. 0. 0. 0. 0. 0.]
 [1. 0. 1. 1. 1. 1. 0. 1. 1. 1. 1. 1. 1. 1. 1. 0. 0. 0. 0. 0.]
 [1. 1. 1. 1. 1. 1. 0. 1. 1. 0. 0. 1. 1. 1. 0. 0. 0. 0. 0. 0.]
 [0. 0. 1. 0. 1. 1. 1. 1. 1. 1. 1. 1. 1. 1. 0. 0. 0. 0. 0. 0.]
 [1. 0. 1. 1. 1. 1. 1. 1. 1. 1. 0. 1. 1. 1. 1. 0. 0. 0. 0. 0.]]
start_times_array: [[5427.         8243.99999909 8428.99999909 8476.99999909 8535.99999909
  8543.99999909 8584.99999909 8648.99999909 8655.99999909 8735.99999909
  8740.99999909 8799.99999909 8807.99999909 8898.99999909 8991.99999909]
 [7303.         7388.99999909 7497.99999909 7624.99999909 7700.99999909
  7709.99999909 7802.99999909 8043.99999909 8094.99999909 8195.99999909
  8309.99999909 8377.99999909 8564.99999909 8579.99999909 8909.99999909]
 [6467.         6715.         6912.         6977.         7047.
  7080.         7202.         7222.         7261.         7464.99999909
  7732.99999909 7882.99999909 7966.99999909 7989.99999909 8140.99999909]
 [4335.         6177.         6259.         6273.         6309.
  6331.         6368.         6371.         6382.         6464.
  6556.         6715.         6800.         6877.         7111.        ]
 [5795.         6177.         6210.         6225.         6272.
  6368.         6551.         6632.         6656.         6812.
  6901.         6938.         6951.         7111.         7537.99999909]
 [2192.         3791.         4011.         4204.         6177.
  6272.         6313.         6320.         6387.         6551.
  6596.         6812.         7111.         7198.         7303.        ]
 [3923.         4133.         4595.         4841.         5198.
  5427.         5496.         5667.         5793.         5878.
  5977.         5986.         6004.         6032.         6065.        ]
 [3217.         4395.         4453.         4567.         4642.
  4913.         5009.         5106.         5275.         5359.
  5495.         5581.         5694.         5727.         6157.        ]
 [3820.         3837.         3848.         3866.         4011.
  4068.         4163.         4180.         4213.         4274.
  4595.         4722.         4760.         4822.         5198.        ]
 [2192.         2636.         2847.         2944.         2988.
  3791.         3855.         4011.         4068.         4204.
  4293.         4490.         4722.         4765.         4875.        ]
 [2138.         2428.         2494.         2502.         2748.
  2832.         3124.         3422.         3516.         3573.
  3589.         3653.         3666.         3728.         3958.        ]
 [1728.         2192.         2262.         2636.         2665.
  2847.         2852.         2868.         2944.         3011.
  3057.         3293.         3376.         3791.         4490.        ]
 [ 832.         1019.         1186.         1235.         1289.
  1373.         1381.         1422.         1436.         1471.
  1590.         1664.         1749.         1799.         1868.        ]
 [ 832.         1266.         1356.         1453.         1471.
  1590.         1638.         1749.         1820.         1847.
  1975.         2046.         2304.         2417.         2550.        ]
 [ 603.          644.          978.         1060.         1133.
  1157.         1232.         1373.         1516.         1669.
  1723.         1778.         1932.         1940.         2324.        ]
 [   0.           63.           90.          175.          228.
   289.          418.          519.          537.          542.
   720.          744.          832.          899.         1266.        ]
 [   0.           68.          105.          161.          231.
   287.          311.          406.          418.          514.
   541.          671.          726.          767.         1110.        ]
 [  63.          142.          231.          320.          389.
   405.          461.          542.          640.          652.
   671.          793.          796.         1061.         1516.        ]
 [   0.           38.          114.          161.          182.
   322.          419.          469.          514.          588.
   680.          778.          928.         1061.         1140.        ]
 [   0.           34.          114.          140.          202.
   284.          322.          411.          444.          494.
   556.          668.          731.          819.          936.        ]]
