optimal_status: 0
solution: 19620.0
cpu_time: 3606.2537682056427
gap: 0.9313965341488277
upper_bound: 1346.0
lower_bound: 19620.0
cg_matrix: [[0. 0. 1. 1. 1. 1. 1. 1. 1. 1. 0. 0. 0. 0. 1. 1. 0. 0. 0. 1. 0. 1. 1. 1.
  1. 1. 0. 1. 1. 1.]
 [0. 0. 1. 1. 0. 1. 1. 1. 1. 0. 1. 1. 0. 1. 1. 0. 1. 1. 1. 1. 0. 0. 1. 1.
  1. 1. 1. 1. 1. 1.]
 [1. 1. 0. 1. 1. 1. 0. 1. 1. 1. 1. 0. 0. 0. 1. 1. 0. 1. 1. 1. 1. 1. 1. 1.
  1. 1. 0. 1. 1. 1.]
 [1. 1. 1. 0. 1. 0. 1. 1. 1. 1. 1. 1. 1. 1. 1. 1. 1. 1. 0. 1. 1. 1. 1. 1.
  0. 1. 1. 1. 0. 1.]
 [1. 0. 1. 1. 0. 1. 1. 1. 1. 1. 0. 1. 1. 1. 1. 1. 1. 1. 1. 1. 0. 1. 0. 1.
  1. 1. 1. 1. 1. 1.]
 [1. 1. 1. 0. 1. 0. 1. 0. 1. 0. 1. 1. 1. 1. 1. 1. 1. 1. 1. 1. 1. 1. 1. 0.
  1. 1. 1. 0. 1. 0.]
 [1. 1. 0. 1. 1. 1. 0. 0. 1. 1. 1. 1. 1. 1. 1. 1. 1. 1. 1. 0. 1. 0. 1. 1.
  1. 1. 1. 1. 0. 1.]
 [1. 1. 1. 1. 1. 0. 0. 0. 0. 1. 1. 1. 0. 1. 0. 1. 1. 1. 0. 1. 0. 1. 1. 1.
  1. 1. 1. 1. 0. 1.]
 [1. 1. 1. 1. 1. 1. 1. 0. 0. 0. 1. 1. 1. 1. 0. 1. 1. 0. 1. 0. 1. 1. 0. 0.
  0. 1. 1. 1. 1. 0.]
 [1. 0. 1. 1. 1. 0. 1. 1. 0. 0. 1. 1. 1. 1. 1. 1. 1. 1. 1. 1. 0. 1. 1. 1.
  0. 1. 0. 1. 1. 1.]
 [0. 1. 1. 1. 0. 1. 1. 1. 1. 1. 0. 1. 1. 1. 0. 1. 0. 1. 1. 1. 1. 0. 0. 0.
  1. 1. 1. 1. 0. 1.]
 [0. 1. 0. 1. 1. 1. 1. 1. 1. 1. 1. 0. 1. 1. 1. 1. 1. 1. 0. 1. 1. 0. 1. 0.
  1. 0. 0. 1. 1. 1.]
 [0. 0. 0. 1. 1. 1. 1. 0. 1. 1. 1. 1. 0. 0. 1. 0. 1. 1. 1. 1. 1. 1. 1. 1.
  1. 1. 1. 0. 1. 1.]
 [0. 1. 0. 1. 1. 1. 1. 1. 1. 1. 1. 1. 0. 0. 0. 1. 1. 1. 1. 0. 1. 1. 1. 0.
  1. 0. 0. 1. 1. 1.]
 [1. 1. 1. 1. 1. 1. 1. 0. 0. 1. 0. 1. 1. 0. 0. 1. 0. 1. 0. 1. 1. 1. 1. 1.
  1. 1. 1. 1. 1. 1.]
 [1. 0. 1. 1. 1. 1. 1. 1. 1. 1. 1. 1. 0. 1. 1. 0. 1. 1. 1. 1. 1. 1. 1. 1.
  1. 1. 1. 1. 1. 1.]
 [0. 1. 0. 1. 1. 1. 1. 1. 1. 1. 0. 1. 1. 1. 0. 1. 0. 1. 1. 1. 0. 0. 1. 0.
  0. 1. 1. 1. 1. 1.]
 [0. 1. 1. 1. 1. 1. 1. 1. 0. 1. 1. 1. 1. 1. 1. 1. 1. 0. 1. 1. 1. 1. 1. 1.
  1. 1. 1. 1. 1. 1.]
 [0. 1. 1. 0. 1. 1. 1. 0. 1. 1. 1. 0. 1. 1. 0. 1. 1. 1. 0. 1. 1. 1. 1. 1.
  1. 1. 1. 1. 1. 0.]
 [1. 1. 1. 1. 1. 1. 0. 1. 0. 1. 1. 1. 1. 0. 1. 1. 1. 1. 1. 0. 1. 1. 1. 0.
  0. 1. 1. 0. 1. 0.]
 [0. 0. 1. 1. 0. 1. 1. 0. 1. 0. 1. 1. 1. 1. 1. 1. 0. 1. 1. 1. 0. 0. 0. 0.
  0. 0. 0. 0. 0. 0.]
 [1. 0. 1. 1. 1. 1. 0. 1. 1. 1. 0. 0. 1. 1. 1. 1. 0. 1. 1. 1. 0. 0. 0. 0.
  0. 0. 0. 0. 0. 0.]
 [1. 1. 1. 1. 0. 1. 1. 1. 0. 1. 0. 1. 1. 1. 1. 1. 1. 1. 1. 1. 0. 0. 0. 0.
  0. 0. 0. 0. 0. 0.]
 [1. 1. 1. 1. 1. 0. 1. 1. 0. 1. 0. 0. 1. 0. 1. 1. 0. 1. 1. 0. 0. 0. 0. 0.
  0. 0. 0. 0. 0. 0.]
 [1. 1. 1. 0. 1. 1. 1. 1. 0. 0. 1. 1. 1. 1. 1. 1. 0. 1. 1. 0. 0. 0. 0. 0.
  0. 0. 0. 0. 0. 0.]
 [1. 1. 1. 1. 1. 1. 1. 1. 1. 1. 1. 0. 1. 0. 1. 1. 1. 1. 1. 1. 0. 0. 0. 0.
  0. 0. 0. 0. 0. 0.]
 [0. 1. 0. 1. 1. 1. 1. 1. 1. 0. 1. 0. 1. 0. 1. 1. 1. 1. 1. 1. 0. 0. 0. 0.
  0. 0. 0. 0. 0. 0.]
 [1. 1. 1. 1. 1. 0. 1. 1. 1. 1. 1. 1. 0. 1. 1. 1. 1. 1. 1. 0. 0. 0. 0. 0.
  0. 0. 0. 0. 0. 0.]
 [1. 1. 1. 0. 1. 1. 0. 0. 1. 1. 0. 1. 1. 1. 1. 1. 1. 1. 1. 1. 0. 0. 0. 0.
  0. 0. 0. 0. 0. 0.]
 [1. 1. 1. 1. 1. 0. 1. 1. 0. 1. 1. 1. 1. 1. 1. 1. 1. 1. 0. 0. 0. 0. 0. 0.
  0. 0. 0. 0. 0. 0.]]
start_times_array: [[ 2436.         18320.         18561.         18582.
  18649.         18736.         18826.         18847.
  19003.         19085.         19153.         19178.
  19188.         19246.         19366.         19386.
  19420.         19432.         19467.         19579.        ]
 [18320.         18411.         18561.         18599.
  18678.         18744.         18750.         18771.
  18860.         18910.         19003.         19055.
  19088.         19170.         19221.         19311.
  19366.         19465.         19540.         19562.        ]
 [ 2522.         17675.         17806.         17816.
  17817.         17892.         17893.         17928.
  17943.         17982.         18010.         18039.
  18047.         18112.         18157.         18162.
  18252.         18270.         18281.         18491.        ]
 [ 3269.         16782.         16916.         16918.
  16950.         16994.         17079.         17109.
  17177.         17244.         17301.         17315.
  17390.         17461.         17502.         17538.
  17571.         17643.         17697.         17789.        ]
 [ 3493.         15816.         15887.         15964.
  15992.         16065.         16077.         16095.
  16136.         16214.         16285.         16311.
  16408.         16431.         16496.         16550.
  16638.         16732.         16760.         16821.        ]
 [   93.           298.          1809.          1882.
  15026.         15077.         15147.         15171.
  15260.         15281.         15370.         15453.
  15467.         15528.         15540.         15637.
  15694.         15755.         15942.         15961.        ]
 [  697.         13795.         13948.         13980.
  14130.         14226.         14260.         14281.
  14283.         14316.         14393.         14455.
  14494.         14583.         14673.         14763.
  14805.         14821.         14894.         14969.        ]
 [ 3063.         13463.         13526.         13607.
  13655.         13664.         13690.         13745.
  13838.         13853.         13938.         13977.
  14064.         14130.         14184.         14348.
  14378.         14385.         14525.         14762.14501117]
 [  327.          3406.         12649.         12659.
  12664.         12712.         12790.         12906.
  12914.         13081.95144598 13150.95144598 13315.
  13400.         13458.         13532.         13664.
  13741.         13838.         13881.         13942.        ]
 [ 2194.          2294.         12288.         12450.
  12649.         12668.         12680.         12739.
  12813.         12884.         12906.         12913.
  12966.         13065.         13136.         13224.
  13315.         13337.         13383.         13552.        ]
 [  614.           935.           952.          1031.
   1032.          1280.          1464.          3965.
  11808.         11892.         11912.         11952.
  12043.         12109.         12194.         12237.
  12356.         12527.         12550.         12634.        ]
 [  691.         10799.         10928.         10933.
  11084.         11130.         11205.         11254.
  11260.         11261.         11311.         11399.
  11464.         11474.         11562.         11608.
  11641.         11688.         11760.         11900.        ]
 [ 9666.          9970.         10045.         10098.
  10132.         10205.         10288.         10360.
  10375.         10403.         10455.         10504.
  10519.         10600.         10688.         10699.
  10751.         10840.         11020.         11038.        ]
 [ 2365.          2433.          2469.          8872.
   9200.          9277.          9385.23884318  9421.95144598
   9480.95144598  9623.          9683.          9761.
  10023.95144598 10070.95144598 10158.95144598 10201.95144598
  10267.95144598 10360.95144598 10442.95144598 10481.95144598]
 [  614.          8872.          9053.          9150.
   9217.          9220.          9305.          9341.
   9365.          9367.          9404.          9476.
   9478.          9503.          9577.          9623.
   9722.          9784.          9811.          9888.        ]
 [ 7899.          7987.          8080.          8159.
   8199.          8203.          8285.          8358.
   8429.          8490.          8555.          8629.
   8631.          8688.          8766.          8778.
   8779.          8862.          8920.          9005.        ]
 [  614.          1283.          1346.          1523.
   2503.          7214.          7305.          7332.
   7335.          7418.          7425.          7437.
   7500.          7594.          7614.          7649.
   7724.          7776.          7801.          7904.        ]
 [ 3230.          3410.          3575.          4189.
   6370.          6436.          6473.          6554.
   6587.          6616.          6711.          6712.
   6776.          6858.          6919.          6993.
   7044.          7092.          7191.          7248.        ]
 [  416.          3063.          5599.          5643.
   5733.          5760.          5823.          5843.
   5894.          5958.          6034.          6060.
   6070.          6141.          6215.          6250.
   6298.          6310.          6346.          6463.        ]
 [    0.           180.           270.           327.
    384.           524.           697.          1579.
   1793.          5171.          5392.          5398.
   5447.          5479.          5561.          5564.
   5568.          5610.          5635.          5930.        ]
 [   98.           405.          4521.          4620.
   4640.          4718.          4719.          4758.
   4823.          4842.          4858.          4869.
   4895.          4905.          4959.          4961.
   5080.          5261.          5300.          5301.        ]
 [  236.           246.          3763.99999804  3933.
   4223.          4406.          4491.          4549.
   4567.          4578.          4668.          4675.
   4763.          4838.          4935.          5010.
   5021.          5029.          5035.          5093.        ]
 [  107.          3289.          3359.          3374.
   3498.          3630.          3706.          3772.
   3810.          3907.          3970.          4322.
   4345.          4413.          4432.          4521.
   4567.          4601.          4645.          4797.        ]
 [  147.          2581.          2638.          2906.99999804
   3316.          3596.          3662.          3706.
   3758.          3798.          3887.          3979.
   4006.          4012.          4087.          4093.
   4223.          4273.          4346.          4677.99999804]
 [ 2581.          2671.          2726.          2767.
   2787.          2838.          2882.          2949.
   2955.          3037.          3042.          3167.
   3269.          3349.          3388.          3763.99999804
   3829.          3853.          3919.          4098.        ]
 [ 1132.          1448.          1545.          2119.
   2236.          2365.          2581.          2638.
   2719.          2781.          2865.          2922.
   2955.          2986.          3045.          3156.
   3346.          4786.          5002.          5072.        ]
 [  745.           826.           832.          1173.
   1277.          1538.          1951.          1979.
   2040.          2083.          2119.          2187.
   2195.          2230.          2422.          2545.
   2829.          2830.          2925.          3157.        ]
 [  175.          1104.          1198.          1252.
   1269.          1368.          1409.          1508.
   1538.          1625.          1706.          1768.
   1846.          1874.          1882.          1959.
   2041.          2042.          2110.          2236.        ]
 [   98.           583.           745.           757.
    835.           918.           951.           990.
   1068.          1101.          1112.          1203.
   1257.          1362.          1452.          1781.
   2166.          2581.          3307.          3673.        ]
 [    0.            37.            54.            57.
    114.           185.           267.           276.
    305.           322.           421.           517.
    740.           750.           776.           812.
    844.           858.           893.           927.        ]]
