optimal_status: 0
solution: 21289.0
cpu_time: 3600.1918799877167
gap: 0.946122622358817
upper_bound: 1146.9954926031469
lower_bound: 21289.0
cg_matrix: [[0. 0. 0. 1. 0. 1. 1. 1. 1. 1. 1. 0. 1. 1. 1. 1. 1. 1. 1. 0. 1. 1. 1. 1.
  1. 1. 1. 1. 1. 0. 0. 0. 1. 1. 1. 1. 1. 1. 0. 0. 0. 1. 1. 1. 1. 1. 1. 1.
  1. 0.]
 [0. 0. 1. 1. 1. 1. 0. 1. 1. 1. 1. 1. 1. 1. 1. 1. 1. 1. 1. 0. 1. 1. 1. 0.
  1. 1. 1. 1. 1. 1. 1. 0. 1. 0. 0. 1. 1. 0. 1. 1. 1. 0. 0. 1. 1. 1. 1. 0.
  0. 1.]
 [0. 1. 0. 1. 1. 1. 1. 1. 0. 1. 1. 0. 1. 1. 1. 0. 1. 1. 1. 1. 1. 1. 1. 1.
  1. 1. 1. 1. 1. 1. 1. 1. 0. 1. 1. 1. 0. 1. 1. 1. 1. 0. 1. 1. 1. 1. 1. 0.
  1. 1.]
 [1. 1. 1. 0. 1. 1. 1. 1. 1. 1. 1. 1. 1. 0. 1. 1. 1. 1. 1. 0. 1. 1. 1. 1.
  1. 0. 1. 1. 1. 1. 1. 1. 1. 1. 1. 1. 1. 1. 1. 1. 1. 1. 1. 0. 1. 1. 1. 1.
  1. 1.]
 [0. 1. 1. 1. 0. 1. 1. 1. 0. 1. 1. 1. 1. 1. 0. 1. 1. 0. 1. 1. 0. 1. 1. 1.
  1. 1. 1. 1. 1. 0. 1. 1. 0. 1. 1. 1. 1. 1. 1. 1. 0. 1. 1. 1. 1. 0. 1. 1.
  1. 0.]
 [1. 1. 1. 1. 1. 0. 1. 0. 1. 1. 1. 1. 1. 1. 1. 1. 0. 1. 1. 1. 1. 0. 1. 1.
  1. 0. 1. 1. 1. 1. 0. 1. 0. 1. 0. 1. 1. 1. 1. 1. 1. 1. 1. 0. 1. 1. 0. 1.
  1. 1.]
 [1. 0. 1. 1. 1. 1. 0. 1. 1. 0. 1. 1. 1. 1. 1. 1. 1. 1. 1. 1. 1. 1. 1. 1.
  1. 1. 0. 1. 1. 1. 1. 1. 1. 0. 1. 1. 1. 1. 1. 1. 1. 1. 1. 1. 1. 1. 1. 1.
  1. 1.]
 [1. 1. 1. 1. 1. 0. 1. 0. 1. 1. 1. 0. 1. 1. 1. 0. 1. 1. 1. 1. 1. 0. 1. 1.
  0. 0. 1. 1. 1. 0. 1. 1. 1. 1. 1. 1. 1. 1. 1. 0. 0. 1. 1. 0. 0. 0. 1. 0.
  1. 1.]
 [1. 1. 0. 1. 0. 1. 1. 1. 0. 1. 0. 1. 1. 1. 1. 1. 0. 1. 1. 0. 1. 0. 1. 1.
  0. 1. 1. 1. 0. 1. 1. 0. 1. 1. 1. 0. 1. 1. 1. 0. 1. 1. 1. 1. 0. 1. 1. 0.
  1. 1.]
 [1. 1. 1. 1. 1. 1. 0. 1. 1. 0. 1. 1. 1. 1. 0. 1. 1. 1. 1. 0. 1. 1. 1. 0.
  1. 1. 0. 1. 1. 0. 1. 1. 1. 1. 0. 0. 1. 1. 1. 1. 0. 1. 1. 1. 1. 1. 1. 0.
  1. 1.]
 [1. 1. 1. 1. 1. 1. 1. 1. 0. 1. 0. 1. 1. 1. 1. 0. 0. 0. 0. 1. 1. 1. 1. 1.
  1. 1. 0. 1. 1. 1. 1. 1. 0. 0. 1. 0. 0. 1. 1. 1. 1. 1. 0. 1. 0. 1. 1. 0.
  0. 1.]
 [0. 1. 0. 1. 1. 1. 1. 0. 1. 1. 1. 0. 1. 1. 1. 1. 1. 1. 1. 1. 1. 0. 1. 0.
  1. 1. 1. 1. 1. 1. 1. 1. 1. 1. 1. 1. 1. 0. 1. 1. 1. 0. 1. 1. 1. 1. 1. 1.
  1. 0.]
 [1. 1. 1. 1. 1. 1. 1. 1. 1. 1. 1. 1. 0. 1. 0. 1. 0. 0. 0. 0. 1. 1. 0. 1.
  1. 0. 1. 1. 1. 1. 1. 0. 1. 1. 1. 1. 1. 1. 0. 1. 1. 1. 1. 1. 1. 1. 1. 1.
  1. 1.]
 [1. 1. 1. 0. 1. 1. 1. 1. 1. 1. 1. 1. 1. 0. 1. 1. 1. 0. 1. 0. 0. 1. 1. 0.
  1. 1. 1. 0. 1. 1. 1. 1. 1. 1. 1. 1. 1. 1. 1. 0. 1. 1. 1. 0. 1. 1. 0. 1.
  1. 1.]
 [1. 1. 1. 1. 0. 1. 1. 1. 1. 0. 1. 1. 0. 1. 0. 1. 1. 1. 1. 0. 1. 0. 1. 1.
  1. 1. 1. 0. 1. 0. 1. 1. 1. 1. 1. 1. 1. 1. 1. 0. 1. 1. 1. 1. 1. 1. 1. 1.
  0. 1.]
 [1. 1. 0. 1. 1. 1. 1. 0. 1. 1. 0. 1. 1. 1. 1. 0. 0. 0. 0. 0. 0. 0. 0. 0.
  0. 0. 0. 0. 0. 0. 0. 0. 0. 0. 0. 0. 0. 0. 0. 0. 0. 0. 0. 0. 0. 0. 0. 0.
  0. 0.]
 [1. 1. 1. 1. 1. 0. 1. 1. 0. 1. 0. 1. 0. 1. 1. 0. 0. 0. 0. 0. 0. 0. 0. 0.
  0. 0. 0. 0. 0. 0. 0. 0. 0. 0. 0. 0. 0. 0. 0. 0. 0. 0. 0. 0. 0. 0. 0. 0.
  0. 0.]
 [1. 1. 1. 1. 0. 1. 1. 1. 1. 1. 0. 1. 0. 0. 1. 0. 0. 0. 0. 0. 0. 0. 0. 0.
  0. 0. 0. 0. 0. 0. 0. 0. 0. 0. 0. 0. 0. 0. 0. 0. 0. 0. 0. 0. 0. 0. 0. 0.
  0. 0.]
 [1. 1. 1. 1. 1. 1. 1. 1. 1. 1. 0. 1. 0. 1. 1. 0. 0. 0. 0. 0. 0. 0. 0. 0.
  0. 0. 0. 0. 0. 0. 0. 0. 0. 0. 0. 0. 0. 0. 0. 0. 0. 0. 0. 0. 0. 0. 0. 0.
  0. 0.]
 [0. 0. 1. 0. 1. 1. 1. 1. 0. 0. 1. 1. 0. 0. 0. 0. 0. 0. 0. 0. 0. 0. 0. 0.
  0. 0. 0. 0. 0. 0. 0. 0. 0. 0. 0. 0. 0. 0. 0. 0. 0. 0. 0. 0. 0. 0. 0. 0.
  0. 0.]
 [1. 1. 1. 1. 0. 1. 1. 1. 1. 1. 1. 1. 1. 0. 1. 0. 0. 0. 0. 0. 0. 0. 0. 0.
  0. 0. 0. 0. 0. 0. 0. 0. 0. 0. 0. 0. 0. 0. 0. 0. 0. 0. 0. 0. 0. 0. 0. 0.
  0. 0.]
 [1. 1. 1. 1. 1. 0. 1. 0. 0. 1. 1. 0. 1. 1. 0. 0. 0. 0. 0. 0. 0. 0. 0. 0.
  0. 0. 0. 0. 0. 0. 0. 0. 0. 0. 0. 0. 0. 0. 0. 0. 0. 0. 0. 0. 0. 0. 0. 0.
  0. 0.]
 [1. 1. 1. 1. 1. 1. 1. 1. 1. 1. 1. 1. 0. 1. 1. 0. 0. 0. 0. 0. 0. 0. 0. 0.
  0. 0. 0. 0. 0. 0. 0. 0. 0. 0. 0. 0. 0. 0. 0. 0. 0. 0. 0. 0. 0. 0. 0. 0.
  0. 0.]
 [1. 0. 1. 1. 1. 1. 1. 1. 1. 0. 1. 0. 1. 0. 1. 0. 0. 0. 0. 0. 0. 0. 0. 0.
  0. 0. 0. 0. 0. 0. 0. 0. 0. 0. 0. 0. 0. 0. 0. 0. 0. 0. 0. 0. 0. 0. 0. 0.
  0. 0.]
 [1. 1. 1. 1. 1. 1. 1. 0. 0. 1. 1. 1. 1. 1. 1. 0. 0. 0. 0. 0. 0. 0. 0. 0.
  0. 0. 0. 0. 0. 0. 0. 0. 0. 0. 0. 0. 0. 0. 0. 0. 0. 0. 0. 0. 0. 0. 0. 0.
  0. 0.]
 [1. 1. 1. 0. 1. 0. 1. 0. 1. 1. 1. 1. 0. 1. 1. 0. 0. 0. 0. 0. 0. 0. 0. 0.
  0. 0. 0. 0. 0. 0. 0. 0. 0. 0. 0. 0. 0. 0. 0. 0. 0. 0. 0. 0. 0. 0. 0. 0.
  0. 0.]
 [1. 1. 1. 1. 1. 1. 0. 1. 1. 0. 0. 1. 1. 1. 1. 0. 0. 0. 0. 0. 0. 0. 0. 0.
  0. 0. 0. 0. 0. 0. 0. 0. 0. 0. 0. 0. 0. 0. 0. 0. 0. 0. 0. 0. 0. 0. 0. 0.
  0. 0.]
 [1. 1. 1. 1. 1. 1. 1. 1. 1. 1. 1. 1. 1. 0. 0. 0. 0. 0. 0. 0. 0. 0. 0. 0.
  0. 0. 0. 0. 0. 0. 0. 0. 0. 0. 0. 0. 0. 0. 0. 0. 0. 0. 0. 0. 0. 0. 0. 0.
  0. 0.]
 [1. 1. 1. 1. 1. 1. 1. 1. 0. 1. 1. 1. 1. 1. 1. 0. 0. 0. 0. 0. 0. 0. 0. 0.
  0. 0. 0. 0. 0. 0. 0. 0. 0. 0. 0. 0. 0. 0. 0. 0. 0. 0. 0. 0. 0. 0. 0. 0.
  0. 0.]
 [0. 1. 1. 1. 0. 1. 1. 0. 1. 0. 1. 1. 1. 1. 0. 0. 0. 0. 0. 0. 0. 0. 0. 0.
  0. 0. 0. 0. 0. 0. 0. 0. 0. 0. 0. 0. 0. 0. 0. 0. 0. 0. 0. 0. 0. 0. 0. 0.
  0. 0.]
 [0. 1. 1. 1. 1. 0. 1. 1. 1. 1. 1. 1. 1. 1. 1. 0. 0. 0. 0. 0. 0. 0. 0. 0.
  0. 0. 0. 0. 0. 0. 0. 0. 0. 0. 0. 0. 0. 0. 0. 0. 0. 0. 0. 0. 0. 0. 0. 0.
  0. 0.]
 [0. 0. 1. 1. 1. 1. 1. 1. 0. 1. 1. 1. 0. 1. 1. 0. 0. 0. 0. 0. 0. 0. 0. 0.
  0. 0. 0. 0. 0. 0. 0. 0. 0. 0. 0. 0. 0. 0. 0. 0. 0. 0. 0. 0. 0. 0. 0. 0.
  0. 0.]
 [1. 1. 0. 1. 0. 0. 1. 1. 1. 1. 0. 1. 1. 1. 1. 0. 0. 0. 0. 0. 0. 0. 0. 0.
  0. 0. 0. 0. 0. 0. 0. 0. 0. 0. 0. 0. 0. 0. 0. 0. 0. 0. 0. 0. 0. 0. 0. 0.
  0. 0.]
 [1. 0. 1. 1. 1. 1. 0. 1. 1. 1. 0. 1. 1. 1. 1. 0. 0. 0. 0. 0. 0. 0. 0. 0.
  0. 0. 0. 0. 0. 0. 0. 0. 0. 0. 0. 0. 0. 0. 0. 0. 0. 0. 0. 0. 0. 0. 0. 0.
  0. 0.]
 [1. 0. 1. 1. 1. 0. 1. 1. 1. 0. 1. 1. 1. 1. 1. 0. 0. 0. 0. 0. 0. 0. 0. 0.
  0. 0. 0. 0. 0. 0. 0. 0. 0. 0. 0. 0. 0. 0. 0. 0. 0. 0. 0. 0. 0. 0. 0. 0.
  0. 0.]
 [1. 1. 1. 1. 1. 1. 1. 1. 0. 0. 0. 1. 1. 1. 1. 0. 0. 0. 0. 0. 0. 0. 0. 0.
  0. 0. 0. 0. 0. 0. 0. 0. 0. 0. 0. 0. 0. 0. 0. 0. 0. 0. 0. 0. 0. 0. 0. 0.
  0. 0.]
 [1. 1. 0. 1. 1. 1. 1. 1. 1. 1. 0. 1. 1. 1. 1. 0. 0. 0. 0. 0. 0. 0. 0. 0.
  0. 0. 0. 0. 0. 0. 0. 0. 0. 0. 0. 0. 0. 0. 0. 0. 0. 0. 0. 0. 0. 0. 0. 0.
  0. 0.]
 [1. 0. 1. 1. 1. 1. 1. 1. 1. 1. 1. 0. 1. 1. 1. 0. 0. 0. 0. 0. 0. 0. 0. 0.
  0. 0. 0. 0. 0. 0. 0. 0. 0. 0. 0. 0. 0. 0. 0. 0. 0. 0. 0. 0. 0. 0. 0. 0.
  0. 0.]
 [0. 1. 1. 1. 1. 1. 1. 1. 1. 1. 1. 1. 0. 1. 1. 0. 0. 0. 0. 0. 0. 0. 0. 0.
  0. 0. 0. 0. 0. 0. 0. 0. 0. 0. 0. 0. 0. 0. 0. 0. 0. 0. 0. 0. 0. 0. 0. 0.
  0. 0.]
 [0. 1. 1. 1. 1. 1. 1. 0. 0. 1. 1. 1. 1. 0. 0. 0. 0. 0. 0. 0. 0. 0. 0. 0.
  0. 0. 0. 0. 0. 0. 0. 0. 0. 0. 0. 0. 0. 0. 0. 0. 0. 0. 0. 0. 0. 0. 0. 0.
  0. 0.]
 [0. 1. 1. 1. 0. 1. 1. 0. 1. 0. 1. 1. 1. 1. 1. 0. 0. 0. 0. 0. 0. 0. 0. 0.
  0. 0. 0. 0. 0. 0. 0. 0. 0. 0. 0. 0. 0. 0. 0. 0. 0. 0. 0. 0. 0. 0. 0. 0.
  0. 0.]
 [1. 0. 0. 1. 1. 1. 1. 1. 1. 1. 1. 0. 1. 1. 1. 0. 0. 0. 0. 0. 0. 0. 0. 0.
  0. 0. 0. 0. 0. 0. 0. 0. 0. 0. 0. 0. 0. 0. 0. 0. 0. 0. 0. 0. 0. 0. 0. 0.
  0. 0.]
 [1. 0. 1. 1. 1. 1. 1. 1. 1. 1. 0. 1. 1. 1. 1. 0. 0. 0. 0. 0. 0. 0. 0. 0.
  0. 0. 0. 0. 0. 0. 0. 0. 0. 0. 0. 0. 0. 0. 0. 0. 0. 0. 0. 0. 0. 0. 0. 0.
  0. 0.]
 [1. 1. 1. 0. 1. 0. 1. 0. 1. 1. 1. 1. 1. 0. 1. 0. 0. 0. 0. 0. 0. 0. 0. 0.
  0. 0. 0. 0. 0. 0. 0. 0. 0. 0. 0. 0. 0. 0. 0. 0. 0. 0. 0. 0. 0. 0. 0. 0.
  0. 0.]
 [1. 1. 1. 1. 1. 1. 1. 0. 0. 1. 0. 1. 1. 1. 1. 0. 0. 0. 0. 0. 0. 0. 0. 0.
  0. 0. 0. 0. 0. 0. 0. 0. 0. 0. 0. 0. 0. 0. 0. 0. 0. 0. 0. 0. 0. 0. 0. 0.
  0. 0.]
 [1. 1. 1. 1. 0. 1. 1. 0. 1. 1. 1. 1. 1. 1. 1. 0. 0. 0. 0. 0. 0. 0. 0. 0.
  0. 0. 0. 0. 0. 0. 0. 0. 0. 0. 0. 0. 0. 0. 0. 0. 0. 0. 0. 0. 0. 0. 0. 0.
  0. 0.]
 [1. 1. 1. 1. 1. 0. 1. 1. 1. 1. 1. 1. 1. 0. 1. 0. 0. 0. 0. 0. 0. 0. 0. 0.
  0. 0. 0. 0. 0. 0. 0. 0. 0. 0. 0. 0. 0. 0. 0. 0. 0. 0. 0. 0. 0. 0. 0. 0.
  0. 0.]
 [1. 0. 0. 1. 1. 1. 1. 0. 0. 0. 0. 1. 1. 1. 1. 0. 0. 0. 0. 0. 0. 0. 0. 0.
  0. 0. 0. 0. 0. 0. 0. 0. 0. 0. 0. 0. 0. 0. 0. 0. 0. 0. 0. 0. 0. 0. 0. 0.
  0. 0.]
 [1. 0. 1. 1. 1. 1. 1. 1. 1. 1. 0. 1. 1. 1. 0. 0. 0. 0. 0. 0. 0. 0. 0. 0.
  0. 0. 0. 0. 0. 0. 0. 0. 0. 0. 0. 0. 0. 0. 0. 0. 0. 0. 0. 0. 0. 0. 0. 0.
  0. 0.]
 [0. 1. 1. 1. 0. 1. 1. 1. 1. 1. 1. 0. 1. 1. 1. 0. 0. 0. 0. 0. 0. 0. 0. 0.
  0. 0. 0. 0. 0. 0. 0. 0. 0. 0. 0. 0. 0. 0. 0. 0. 0. 0. 0. 0. 0. 0. 0. 0.
  0. 0.]]
start_times_array: [[19645. 19668. 20622. 20682. 20725. 20742. 20810. 20852. 20905. 20923.
  20965. 21061. 21080. 21130. 21192.]
 [19954. 19983. 20087. 20221. 20254. 20326. 20406. 20470. 20550. 20554.
  20594. 21065. 21143. 21238. 21268.]
 [19170. 19269. 19392. 19470. 19525. 19566. 19569. 19668. 19700. 19786.
  19812. 19901. 19905. 20045. 20143.]
 [18427. 18630. 18693. 18720. 18789. 18797. 18825. 18865. 18938. 18940.
  19011. 19061. 19156. 19204. 19329.]
 [17855. 17901. 18032. 18075. 18123. 18175. 18190. 18249. 18307. 18341.
  18398. 18514. 18559. 18603. 18633.]
 [17222. 17289. 17365. 17373. 17436. 17454. 17500. 17564. 17591. 17628.
  17723. 17798. 17817. 17941. 18151.]
 [  784. 16674. 16720. 16779. 16850. 16869. 16945. 17006. 17038. 17067.
  17093. 17124. 17151. 17320. 17394.]
 [15883. 15948. 16005. 16067. 16141. 16143. 16216. 16256. 16292. 16390.
  16396. 16445. 16514. 16564. 16622.]
 [15157. 15251. 15336. 15384. 15407. 15504. 15591. 15664. 15689. 15693.
  15733. 15793. 15804. 15817. 15975.]
 [14367. 14436. 14490. 14563. 14624. 14636. 14711. 14736. 14777. 14873.
  14896. 14922. 14990. 15082. 15323.]
 [13697. 13753. 13796. 13806. 13873. 13972. 14022. 14109. 14113. 14141.
  14169. 14173. 14229. 14284. 14504.]
 [12871. 12967. 13041. 13053. 13149. 13224. 13240. 13330. 13418. 13430.
  13511. 13519. 13547. 13637. 13657.]
 [11877. 12164. 12251. 12347. 12375. 12466. 12504. 12596. 12612. 12640.
  12686. 12760. 12795. 12810. 12917.]
 [  708. 11460. 11535. 11540. 11588. 11646. 11697. 11729. 11788. 11913.
  11984. 12043. 12054. 12133. 12369.]
 [  989. 10882. 10919. 10969. 11057. 11144. 11208. 11216. 11233. 11323.
  11337. 11393. 11418. 11512. 11530.]
 [    0.   176.   240.   356.   420. 10165. 10211. 10250. 10342. 10375.
  10429. 10487. 10664. 10742. 10803.]
 [ 9068.  9165.  9869.  9916.  9987. 10071. 10149. 10211. 10309. 10373.
  10462. 10517. 10610. 10696. 10788.]
 [  104.   176.   479.   535.  9951.  9960.  9973. 10035. 10097. 10152.
  10154. 10183. 10250. 10342. 10411.]
 [  263.  9244.  9445.  9477.  9518.  9582.  9673.  9675.  9684.  9732.
   9808.  9853.  9865.  9943. 10253.]
 [  460.   566.  8827.  8906.  9001.  9020.  9049.  9135.  9199.  9203.
   9268.  9348.  9389.  9480.  9518.]
 [    0.    88.   216.   254.   353.   397.   478.   566.   599.   606.
    727.  9195.  9238.  9647.  9662.]
 [   29.   114.   162.   165.  8218.  8718.  8744.  8836.  8898.  8903.
   8980.  9076.  9135.  9183.  9195.]
 [ 7156.  7249.  7647.  8006.  8039.  8057.  8146.  8195.  8268.  8357.
   8425.  8497.  8596.  8645.  8718.]
 [ 7371.  7380.  7419.  7494.  7572.  7582.  7681.  7735.  7789.  7817.
   7839.  8158.  8166.  8218.  8268.]
 [    0.  6753.  6843.  6909.  6919.  6995.  7064.  7192.  7249.  7759.
   7761.  7820.  7838.  7839.  7908.]
 [ 4854.  4937.  6597.  6634.  6788.  6836.  7092.  7158.  7218.  7317.
   7397.  7417.  7733.  7767.  7839.]
 [ 4441.  4463.  6995.  7040.  7052.  7139.  7156.  7266.  7280.  7371.
   7378.  7461.  7519.  7606.  7636.]
 [   31.   237.  6571.  6581.  6597.  6666.  6744.  6790.  6821.  6891.
   6984.  7080.  7113.  7158.  7239.]
 [  294.   307.  6024.  6038.  6113.  6201.  6215.  6243.  6324.  6340.
   6422.  6516.  6571.  6735.  6813.]
 [  587.  5824.  5836.  5882.  5884.  5889.  5944.  6020.  6121.  6126.
   6251.  6291.  6387.  6449.  6485.]
 [ 4698.  5702.  5788.  5824.  5834.  5928.  5993.  5997.  6037.  6040.
   6052.  6152.  6251.  6256.  6324.]
 [ 4119.  4171.  4241.  4313.  5062.  5154.  5242.  5249.  5342.  5480.
   5543.  5614.  5702.  5888.  5906.]
 [  319.   356.   491.   566.   644.   658.  5204.  5224.  5247.  5279.
   5297.  5326.  5389.  5480.  5544.]
 [ 3096.  3165.  3180.  3219.  3470.  4571.  4854.  4908.  4937.  5028.
   5044.  5139.  5154.  5174.  5198.]
 [ 4215.  4225.  4273.  4336.  4418.  4465.  4521.  4529.  4604.  4631.
   4713.  4724.  4734.  4801.  4890.]
 [    0.  4252.  4263.  4313.  4338.  4418.  4494.  4570.  4571.  4606.
   4675.  4694.  4698.  4724.  4771.]
 [ 3842.  3852.  3867.  3954.  4004.  4053.  4109.  4171.  4228.  4313.
   4339.  4356.  4392.  4598.  4606.]
 [   75.   159.  3366.  3433.  3651.  3739.  3807.  3836.  3899.  3907.
   3912.  3949.  3996.  4002.  4004.]
 [    0.  3170.  3232.  3300.  3357.  3421.  3503.  3523.  3613.  3678.
   3807.  3938.  3996.  4179.  4252.]
 [  535.  2569.  3242.  3251.  3334.  3356.  3433.  3493.  3521.  3552.
   3564.  3651.  3736.  3744.  3899.]
 [ 1727.  1765.  1800.  1829.  1896.  2962.  3019.  3079.  3083.  3096.
   3147.  3165.  3252.  3270.  3486.]
 [  429.   489.  2471.  2569.  2646.  2712.  2793.  2817.  2871.  2933.
   2974.  3010.  3097.  3147.  3148.]
 [    0.    25.   275.  2362.  2424.  2467.  2517.  2569.  2587.  2614.
   2630.  2819.  2916.  2962.  3042.]
 [ 1797.  1951.  1991.  2037.  2055.  2094.  2401.  2453.  2471.  2517.
   2522.  2548.  2587.  2723.  2817.]
 [ 1697.  1753.  1797.  1888.  1951.  2003.  2057.  2088.  2187.  2229.
   2235.  2236.  2330.  2362.  2455.]
 [ 1151.  1186.  1213.  1267.  1334.  1406.  1503.  1582.  1595.  1612.
   1668.  1731.  1829.  2211.  2229.]
 [    0.   117.   164.   548.   606.   708.   817.   886.   985.  1127.
   1152.  1213.  1237.  1299.  1307.]
 [   98.   169.   283.   307.   381.   458.   593.   662.   817.   904.
   1083.  1116.  1503.  1640.  1731.]
 [    0.    25.    85.   397.   479.   510.   817.   818.   831.   893.
    990.  1000.  1119.  1151.  1206.]
 [    0.    31.    98.   156.   203.   240.   292.   381.   397.   433.
    513.   817.   904.   949.  1205.]]
