optimal_status: 0
solution: 39129.0
cpu_time: 3608.5985221862793
gap: 0.9609924866537138
upper_bound: 1526.324989726833
lower_bound: 39129.0
cg_matrix: [[0. 0. 1. 1. 1. 0. 1. 0. 1. 1. 1. 1. 0. 1. 1. 1. 1. 1. 1. 1. 1. 1. 1. 0.
  1. 1. 1. 1. 1. 0. 0. 1. 1. 1. 1. 1. 1. 0. 0. 1. 1. 1. 1. 0. 1. 1. 1. 1.
  1. 0.]
 [0. 0. 1. 1. 1. 1. 1. 1. 1. 1. 1. 1. 0. 1. 1. 1. 1. 1. 1. 0. 0. 1. 1. 0.
  1. 0. 1. 1. 1. 1. 1. 1. 1. 1. 1. 1. 1. 1. 1. 0. 1. 1. 0. 1. 1. 1. 1. 1.
  1. 1.]
 [1. 1. 0. 1. 0. 1. 1. 1. 0. 1. 1. 1. 1. 1. 0. 1. 1. 1. 1. 0. 1. 1. 1. 1.
  1. 0. 1. 1. 1. 1. 1. 1. 0. 1. 1. 0. 1. 0. 1. 1. 1. 1. 1. 1. 1. 1. 1. 1.
  1. 1.]
 [1. 1. 1. 0. 0. 1. 1. 0. 0. 1. 1. 1. 0. 0. 1. 1. 0. 1. 1. 1. 1. 1. 1. 1.
  1. 1. 1. 1. 1. 1. 1. 1. 1. 1. 1. 1. 1. 1. 0. 0. 1. 0. 1. 1. 1. 1. 1. 1.
  1. 1.]
 [1. 1. 0. 0. 0. 0. 1. 1. 1. 1. 1. 1. 1. 1. 0. 1. 1. 0. 0. 1. 1. 0. 1. 0.
  1. 1. 1. 1. 0. 1. 1. 0. 1. 1. 1. 1. 1. 1. 1. 1. 1. 1. 1. 0. 0. 1. 1. 1.
  1. 0.]
 [0. 1. 1. 1. 0. 0. 1. 1. 1. 1. 1. 0. 0. 1. 1. 1. 0. 1. 1. 1. 1. 1. 1. 0.
  1. 1. 1. 1. 0. 1. 0. 1. 1. 1. 1. 1. 1. 1. 1. 1. 1. 0. 0. 0. 1. 0. 1. 0.
  1. 1.]
 [1. 1. 1. 1. 1. 1. 0. 1. 1. 1. 1. 0. 1. 0. 1. 0. 1. 1. 1. 1. 1. 1. 1. 0.
  1. 1. 1. 1. 1. 1. 0. 1. 1. 1. 1. 0. 1. 1. 1. 1. 1. 1. 1. 1. 1. 1. 1. 1.
  1. 1.]
 [0. 1. 1. 0. 1. 1. 1. 0. 1. 0. 1. 1. 1. 0. 1. 1. 1. 1. 1. 1. 0. 1. 0. 1.
  1. 1. 0. 1. 1. 0. 0. 1. 1. 1. 0. 1. 1. 1. 1. 1. 1. 1. 1. 0. 1. 0. 1. 0.
  1. 1.]
 [1. 1. 0. 0. 1. 1. 1. 1. 0. 0. 1. 1. 1. 1. 1. 1. 1. 1. 1. 1. 0. 1. 1. 1.
  1. 1. 0. 1. 0. 1. 1. 0. 1. 0. 1. 1. 1. 1. 1. 1. 0. 1. 1. 1. 1. 1. 1. 1.
  1. 1.]
 [1. 1. 1. 1. 1. 1. 1. 0. 0. 0. 1. 0. 1. 1. 1. 1. 1. 1. 1. 1. 1. 1. 0. 1.
  0. 1. 1. 1. 0. 0. 1. 1. 0. 1. 0. 1. 1. 1. 1. 0. 1. 0. 1. 1. 1. 1. 1. 1.
  1. 1.]
 [1. 1. 1. 1. 1. 1. 1. 1. 1. 1. 0. 1. 1. 1. 1. 1. 1. 0. 1. 1. 1. 1. 1. 1.
  1. 1. 0. 1. 1. 1. 1. 1. 1. 1. 1. 1. 1. 1. 1. 0. 1. 0. 1. 1. 1. 1. 0. 1.
  1. 0.]
 [1. 1. 1. 1. 1. 0. 0. 1. 1. 0. 1. 0. 1. 0. 1. 1. 1. 1. 1. 1. 0. 1. 0. 0.
  1. 1. 1. 1. 1. 1. 1. 0. 1. 1. 0. 1. 1. 1. 1. 0. 1. 0. 1. 1. 1. 0. 1. 1.
  1. 0.]
 [0. 0. 1. 0. 1. 0. 1. 1. 1. 1. 1. 1. 0. 1. 1. 1. 1. 0. 1. 1. 1. 1. 0. 1.
  1. 1. 1. 1. 1. 1. 0. 1. 1. 1. 1. 1. 1. 1. 1. 1. 1. 1. 1. 0. 0. 1. 1. 0.
  0. 1.]
 [1. 1. 1. 0. 1. 1. 0. 0. 1. 1. 1. 0. 1. 0. 0. 1. 1. 1. 0. 1. 1. 1. 1. 1.
  0. 1. 1. 1. 1. 1. 1. 1. 0. 1. 1. 1. 0. 1. 1. 0. 1. 1. 1. 1. 1. 1. 1. 1.
  1. 1.]
 [1. 1. 0. 1. 0. 1. 1. 1. 1. 1. 1. 1. 1. 0. 0. 1. 1. 1. 1. 1. 1. 1. 1. 1.
  1. 1. 1. 0. 1. 0. 1. 0. 1. 1. 1. 1. 1. 0. 1. 1. 1. 1. 1. 1. 1. 1. 1. 0.
  1. 1.]
 [1. 1. 1. 1. 1. 1. 0. 1. 1. 1. 1. 1. 1. 1. 1. 0. 1. 1. 1. 1. 1. 1. 1. 1.
  1. 1. 0. 1. 1. 1. 1. 1. 1. 0. 1. 1. 1. 1. 1. 1. 0. 1. 1. 0. 1. 1. 1. 1.
  0. 0.]
 [1. 1. 1. 0. 1. 0. 1. 1. 1. 1. 1. 1. 1. 1. 1. 1. 0. 1. 0. 1. 0. 1. 0. 1.
  1. 1. 1. 0. 1. 1. 0. 1. 1. 0. 1. 0. 0. 1. 1. 1. 1. 1. 1. 1. 1. 1. 1. 1.
  1. 1.]
 [1. 1. 1. 1. 0. 1. 1. 1. 1. 1. 0. 1. 0. 1. 1. 1. 1. 0. 1. 1. 1. 1. 1. 1.
  1. 1. 1. 0. 1. 1. 1. 1. 1. 1. 1. 1. 1. 1. 1. 1. 1. 1. 0. 1. 1. 0. 1. 0.
  1. 1.]
 [1. 1. 1. 1. 0. 1. 1. 1. 1. 1. 1. 1. 1. 0. 1. 1. 0. 1. 0. 1. 1. 1. 1. 1.
  1. 1. 1. 1. 1. 0. 1. 1. 1. 1. 1. 1. 0. 1. 0. 1. 0. 1. 1. 1. 1. 1. 1. 1.
  1. 1.]
 [1. 0. 0. 1. 1. 1. 1. 1. 1. 1. 1. 1. 1. 1. 1. 1. 1. 1. 1. 0. 0. 0. 1. 1.
  1. 1. 1. 0. 1. 0. 1. 1. 1. 1. 0. 1. 1. 1. 1. 0. 1. 0. 1. 0. 1. 1. 0. 1.
  1. 1.]
 [1. 0. 1. 1. 1. 1. 1. 0. 0. 1. 1. 0. 1. 1. 1. 1. 0. 1. 1. 0. 0. 0. 0. 0.
  0. 0. 0. 0. 0. 0. 0. 0. 0. 0. 0. 0. 0. 0. 0. 0. 0. 0. 0. 0. 0. 0. 0. 0.
  0. 0.]
 [1. 1. 1. 1. 0. 1. 1. 1. 1. 1. 1. 1. 1. 1. 1. 1. 1. 1. 1. 0. 0. 0. 0. 0.
  0. 0. 0. 0. 0. 0. 0. 0. 0. 0. 0. 0. 0. 0. 0. 0. 0. 0. 0. 0. 0. 0. 0. 0.
  0. 0.]
 [1. 1. 1. 1. 1. 1. 1. 0. 1. 0. 1. 0. 0. 1. 1. 1. 0. 1. 1. 1. 0. 0. 0. 0.
  0. 0. 0. 0. 0. 0. 0. 0. 0. 0. 0. 0. 0. 0. 0. 0. 0. 0. 0. 0. 0. 0. 0. 0.
  0. 0.]
 [0. 0. 1. 1. 0. 0. 0. 1. 1. 1. 1. 0. 1. 1. 1. 1. 1. 1. 1. 1. 0. 0. 0. 0.
  0. 0. 0. 0. 0. 0. 0. 0. 0. 0. 0. 0. 0. 0. 0. 0. 0. 0. 0. 0. 0. 0. 0. 0.
  0. 0.]
 [1. 1. 1. 1. 1. 1. 1. 1. 1. 0. 1. 1. 1. 0. 1. 1. 1. 1. 1. 1. 0. 0. 0. 0.
  0. 0. 0. 0. 0. 0. 0. 0. 0. 0. 0. 0. 0. 0. 0. 0. 0. 0. 0. 0. 0. 0. 0. 0.
  0. 0.]
 [1. 0. 0. 1. 1. 1. 1. 1. 1. 1. 1. 1. 1. 1. 1. 1. 1. 1. 1. 1. 0. 0. 0. 0.
  0. 0. 0. 0. 0. 0. 0. 0. 0. 0. 0. 0. 0. 0. 0. 0. 0. 0. 0. 0. 0. 0. 0. 0.
  0. 0.]
 [1. 1. 1. 1. 1. 1. 1. 0. 0. 1. 0. 1. 1. 1. 1. 0. 1. 1. 1. 1. 0. 0. 0. 0.
  0. 0. 0. 0. 0. 0. 0. 0. 0. 0. 0. 0. 0. 0. 0. 0. 0. 0. 0. 0. 0. 0. 0. 0.
  0. 0.]
 [1. 1. 1. 1. 1. 1. 1. 1. 1. 1. 1. 1. 1. 1. 0. 1. 0. 0. 1. 0. 0. 0. 0. 0.
  0. 0. 0. 0. 0. 0. 0. 0. 0. 0. 0. 0. 0. 0. 0. 0. 0. 0. 0. 0. 0. 0. 0. 0.
  0. 0.]
 [1. 1. 1. 1. 0. 0. 1. 1. 0. 0. 1. 1. 1. 1. 1. 1. 1. 1. 1. 1. 0. 0. 0. 0.
  0. 0. 0. 0. 0. 0. 0. 0. 0. 0. 0. 0. 0. 0. 0. 0. 0. 0. 0. 0. 0. 0. 0. 0.
  0. 0.]
 [0. 1. 1. 1. 1. 1. 1. 0. 1. 0. 1. 1. 1. 1. 0. 1. 1. 1. 0. 0. 0. 0. 0. 0.
  0. 0. 0. 0. 0. 0. 0. 0. 0. 0. 0. 0. 0. 0. 0. 0. 0. 0. 0. 0. 0. 0. 0. 0.
  0. 0.]
 [0. 1. 1. 1. 1. 0. 0. 0. 1. 1. 1. 1. 0. 1. 1. 1. 0. 1. 1. 1. 0. 0. 0. 0.
  0. 0. 0. 0. 0. 0. 0. 0. 0. 0. 0. 0. 0. 0. 0. 0. 0. 0. 0. 0. 0. 0. 0. 0.
  0. 0.]
 [1. 1. 1. 1. 0. 1. 1. 1. 0. 1. 1. 0. 1. 1. 0. 1. 1. 1. 1. 1. 0. 0. 0. 0.
  0. 0. 0. 0. 0. 0. 0. 0. 0. 0. 0. 0. 0. 0. 0. 0. 0. 0. 0. 0. 0. 0. 0. 0.
  0. 0.]
 [1. 1. 0. 1. 1. 1. 1. 1. 1. 0. 1. 1. 1. 0. 1. 1. 1. 1. 1. 1. 0. 0. 0. 0.
  0. 0. 0. 0. 0. 0. 0. 0. 0. 0. 0. 0. 0. 0. 0. 0. 0. 0. 0. 0. 0. 0. 0. 0.
  0. 0.]
 [1. 1. 1. 1. 1. 1. 1. 1. 0. 1. 1. 1. 1. 1. 1. 0. 0. 1. 1. 1. 0. 0. 0. 0.
  0. 0. 0. 0. 0. 0. 0. 0. 0. 0. 0. 0. 0. 0. 0. 0. 0. 0. 0. 0. 0. 0. 0. 0.
  0. 0.]
 [1. 1. 1. 1. 1. 1. 1. 0. 1. 0. 1. 0. 1. 1. 1. 1. 1. 1. 1. 0. 0. 0. 0. 0.
  0. 0. 0. 0. 0. 0. 0. 0. 0. 0. 0. 0. 0. 0. 0. 0. 0. 0. 0. 0. 0. 0. 0. 0.
  0. 0.]
 [1. 1. 0. 1. 1. 1. 0. 1. 1. 1. 1. 1. 1. 1. 1. 1. 0. 1. 1. 1. 0. 0. 0. 0.
  0. 0. 0. 0. 0. 0. 0. 0. 0. 0. 0. 0. 0. 0. 0. 0. 0. 0. 0. 0. 0. 0. 0. 0.
  0. 0.]
 [1. 1. 1. 1. 1. 1. 1. 1. 1. 1. 1. 1. 1. 0. 1. 1. 0. 1. 0. 1. 0. 0. 0. 0.
  0. 0. 0. 0. 0. 0. 0. 0. 0. 0. 0. 0. 0. 0. 0. 0. 0. 0. 0. 0. 0. 0. 0. 0.
  0. 0.]
 [0. 1. 0. 1. 1. 1. 1. 1. 1. 1. 1. 1. 1. 1. 0. 1. 1. 1. 1. 1. 0. 0. 0. 0.
  0. 0. 0. 0. 0. 0. 0. 0. 0. 0. 0. 0. 0. 0. 0. 0. 0. 0. 0. 0. 0. 0. 0. 0.
  0. 0.]
 [0. 1. 1. 0. 1. 1. 1. 1. 1. 1. 1. 1. 1. 1. 1. 1. 1. 1. 0. 1. 0. 0. 0. 0.
  0. 0. 0. 0. 0. 0. 0. 0. 0. 0. 0. 0. 0. 0. 0. 0. 0. 0. 0. 0. 0. 0. 0. 0.
  0. 0.]
 [1. 0. 1. 0. 1. 1. 1. 1. 1. 0. 0. 0. 1. 0. 1. 1. 1. 1. 1. 0. 0. 0. 0. 0.
  0. 0. 0. 0. 0. 0. 0. 0. 0. 0. 0. 0. 0. 0. 0. 0. 0. 0. 0. 0. 0. 0. 0. 0.
  0. 0.]
 [1. 1. 1. 1. 1. 1. 1. 1. 0. 1. 1. 1. 1. 1. 1. 0. 1. 1. 0. 1. 0. 0. 0. 0.
  0. 0. 0. 0. 0. 0. 0. 0. 0. 0. 0. 0. 0. 0. 0. 0. 0. 0. 0. 0. 0. 0. 0. 0.
  0. 0.]
 [1. 1. 1. 0. 1. 0. 1. 1. 1. 0. 0. 0. 1. 1. 1. 1. 1. 1. 1. 0. 0. 0. 0. 0.
  0. 0. 0. 0. 0. 0. 0. 0. 0. 0. 0. 0. 0. 0. 0. 0. 0. 0. 0. 0. 0. 0. 0. 0.
  0. 0.]
 [1. 0. 1. 1. 1. 0. 1. 1. 1. 1. 1. 1. 1. 1. 1. 1. 1. 0. 1. 1. 0. 0. 0. 0.
  0. 0. 0. 0. 0. 0. 0. 0. 0. 0. 0. 0. 0. 0. 0. 0. 0. 0. 0. 0. 0. 0. 0. 0.
  0. 0.]
 [0. 1. 1. 1. 0. 0. 1. 0. 1. 1. 1. 1. 0. 1. 1. 0. 1. 1. 1. 0. 0. 0. 0. 0.
  0. 0. 0. 0. 0. 0. 0. 0. 0. 0. 0. 0. 0. 0. 0. 0. 0. 0. 0. 0. 0. 0. 0. 0.
  0. 0.]
 [1. 1. 1. 1. 0. 1. 1. 1. 1. 1. 1. 1. 0. 1. 1. 1. 1. 1. 1. 1. 0. 0. 0. 0.
  0. 0. 0. 0. 0. 0. 0. 0. 0. 0. 0. 0. 0. 0. 0. 0. 0. 0. 0. 0. 0. 0. 0. 0.
  0. 0.]
 [1. 1. 1. 1. 1. 0. 1. 0. 1. 1. 1. 0. 1. 1. 1. 1. 1. 0. 1. 1. 0. 0. 0. 0.
  0. 0. 0. 0. 0. 0. 0. 0. 0. 0. 0. 0. 0. 0. 0. 0. 0. 0. 0. 0. 0. 0. 0. 0.
  0. 0.]
 [1. 1. 1. 1. 1. 1. 1. 1. 1. 1. 0. 1. 1. 1. 1. 1. 1. 1. 1. 0. 0. 0. 0. 0.
  0. 0. 0. 0. 0. 0. 0. 0. 0. 0. 0. 0. 0. 0. 0. 0. 0. 0. 0. 0. 0. 0. 0. 0.
  0. 0.]
 [1. 1. 1. 1. 1. 0. 1. 0. 1. 1. 1. 1. 0. 1. 0. 1. 1. 0. 1. 1. 0. 0. 0. 0.
  0. 0. 0. 0. 0. 0. 0. 0. 0. 0. 0. 0. 0. 0. 0. 0. 0. 0. 0. 0. 0. 0. 0. 0.
  0. 0.]
 [1. 1. 1. 1. 1. 1. 1. 1. 1. 1. 1. 1. 0. 1. 1. 0. 1. 1. 1. 1. 0. 0. 0. 0.
  0. 0. 0. 0. 0. 0. 0. 0. 0. 0. 0. 0. 0. 0. 0. 0. 0. 0. 0. 0. 0. 0. 0. 0.
  0. 0.]
 [0. 1. 1. 1. 0. 1. 1. 1. 1. 1. 0. 0. 1. 1. 1. 0. 1. 1. 1. 1. 0. 0. 0. 0.
  0. 0. 0. 0. 0. 0. 0. 0. 0. 0. 0. 0. 0. 0. 0. 0. 0. 0. 0. 0. 0. 0. 0. 0.
  0. 0.]]
start_times_array: [[37636.98958513 37797.98958513 37837.98958513 38251.
  38322.         38374.         38444.         38572.
  38648.         38700.         38724.         38729.
  38772.         38840.         38850.         38899.
  38908.         38989.         39019.         39112.        ]
 [37606.         37691.         37709.         37763.
  37805.         37846.         37917.         37985.
  38067.         38121.         38170.         38191.
  38192.         38250.         38251.         38320.
  38378.         38418.         38477.         38543.        ]
 [36575.         36627.         36661.         36738.
  36780.         36875.         36877.         36948.
  37021.         37040.         37065.         37110.
  37198.         37217.         37257.         37299.
  37316.         37397.         37469.         37539.        ]
 [35579.         35630.         35671.         35998.
  36095.         36121.         36125.         36150.
  36162.         36179.         36255.         36261.
  36340.         36389.         36428.         36429.
  36456.         36500.         36608.         36609.        ]
 [34608.         34952.         35349.         35356.
  35363.         35435.         35459.         35478.
  35559.         35582.         35654.         35704.
  35799.         35830.         35897.         35964.
  35986.         35998.         36026.         36255.        ]
 [34506.         34608.         34659.         34703.
  34741.         34805.         34816.         34878.
  34898.         34952.         34967.         35050.
  35129.         35184.         35232.         35270.
  35307.         35349.         35430.         35519.        ]
 [33733.         33815.         33858.         33915.
  33916.         34005.         34016.         34057.
  34107.         34175.         34177.         34181.
  34246.         34266.         34322.         34368.
  34404.         34437.         34493.         34558.        ]
 [32635.         32680.         32691.         32754.
  32813.         32882.         32921.         32965.
  33026.         33093.         33165.         33239.
  33298.         33314.         33340.         33430.
  33496.         33552.         33599.         33694.        ]
 [31285.         31377.         31379.         31571.
  31774.         31819.         31907.         32017.
  32111.         32145.         32146.         32227.
  32291.         32361.         32416.         32423.
  32456.         32477.         32512.         32574.        ]
 [31285.         31374.         31395.         31456.
  31474.         31551.         31571.         31613.
  31672.         31751.         31763.         31819.
  31833.         31854.         31897.         31986.
  32017.         32088.         32180.         32290.        ]
 [30101.         30162.         30272.         30275.
  30348.         30383.         30419.         30498.
  30586.         30640.         30736.         30758.
  30828.         30838.         30842.         30918.
  30958.         31043.         31127.         31220.        ]
 [29102.         29170.         29242.         29316.
  29413.         29476.         29509.         29605.
  29609.         29672.         29703.         29704.
  29802.         29841.         29906.         29978.
  29998.         30005.         30068.         30246.        ]
 [28008.         28049.         28114.         28148.
  28219.         28238.         28287.         28374.
  28435.         28514.         28575.         28604.
  28626.         28700.         28768.         28828.
  28851.         28933.         28966.         29060.        ]
 [26926.         26943.         26983.         27023.
  27051.         27057.         27119.         27202.
  27297.         27341.         27432.         27511.
  27550.         27618.         27697.         27698.
  27718.         27814.         27876.         27938.        ]
 [25831.         25943.         26032.         26069.
  26076.         26160.         26220.         26281.
  26354.         26418.         26491.         26494.
  26569.         26572.         26620.         26694.
  26761.         26800.         26832.         26901.        ]
 [24838.         24847.         24930.         24960.
  24963.         24994.         25087.         25173.
  25222.         25256.         25347.         25403.
  25483.         25516.         25593.         25628.
  25691.         25763.         25809.         25870.        ]
 [23552.         23640.         23730.         23763.
  23817.         23839.         23903.         23923.
  23999.         24076.         24173.         24201.
  24255.         24336.         24431.         24512.
  24584.         24664.         24739.         24757.        ]
 [22668.         22720.         22750.         22788.
  22858.         22880.         22895.         22961.
  22987.         23042.         23076.         23089.
  23154.         23241.         23279.         23364.
  23453.         23530.         23573.         23686.        ]
 [21486.         21549.         21644.         21662.
  21756.         21829.         21880.         21915.
  21972.         22010.         22075.         22144.
  22204.         22294.         22362.         22394.
  22434.         22445.         22520.         22617.        ]
 [20563.         20632.         20669.         20708.
  20721.         20797.         20874.         20880.
  20886.         20939.         20980.         21052.
  21123.         21169.         21193.         21239.
  21289.         21301.         21340.         21432.        ]
 [19682.         19775.         19870.         19878.
  19905.         19958.         20033.         20036.
  20078.         20083.         20107.         20180.
  20268.         20325.         20345.         20444.
  20483.         20557.         20708.         20752.        ]
 [19007.         19090.         19104.         19170.
  19266.         19278.         19314.         19334.
  19339.         19411.         19449.         19528.
  19538.         19565.         19592.         19803.
  19811.         19894.         20098.63445877 20176.        ]
 [18378.         18400.         18654.         18708.
  18758.         18809.         18818.         18833.
  18869.         18890.         18969.         19020.
  19104.         19144.         19203.         19251.
  19278.         19343.         19387.         19852.        ]
 [17444.         18082.         18157.         18200.
  18218.         18228.         18320.         18342.
  18378.         18385.         18456.         18533.
  18603.         18613.         18637.         18715.
  18792.         18848.         18943.         18959.        ]
 [16854.         17261.         17357.         17438.
  17450.         17542.         17628.         17691.
  17779.         17807.         17864.         17922.
  17945.         17949.         18044.         18124.
  18136.         18218.         18379.         18457.        ]
 [16306.         16365.         16424.         16489.
  16567.         16635.         16685.         16723.
  16820.         16892.         16986.         17045.
  17087.         17092.         17111.         17138.
  17192.         17483.         17486.         17970.        ]
 [16057.         16061.         16068.         16104.
  16139.         16219.         16314.         16365.
  16424.         16517.         16522.         16583.
  16587.         16630.         16660.         16753.
  16829.         16871.         16970.         17000.        ]
 [14799.         14887.         14962.         15043.
  15083.         15144.         15238.         15316.
  15340.         15359.         15403.         15499.
  15522.         15612.         15706.         15786.
  15883.         15907.         15951.         16005.        ]
 [14334.         14339.         14438.         14498.
  14585.         14649.         14685.         14763.
  14795.         14799.         14817.         14843.
  14930.         15004.         15030.         15144.
  15189.         15254.         15308.         15335.        ]
 [12013.         13426.         13521.         13532.
  13546.         13646.         13732.         13773.
  13799.         13849.         13923.         13944.
  13950.         14017.         14104.         14150.
  14234.         14245.         14342.         14432.        ]
 [12668.         12741.         12840.         12912.
  12917.         12977.         13006.         13023.
  13052.         13150.         13211.         13298.
  13356.         13362.         13422.         13506.
  13598.         13621.         13646.         13959.        ]
 [10380.         11311.         12370.         12447.
  12496.         12583.         12635.         12733.
  12741.         12796.         12935.         12990.
  13058.         13117.         13207.         13257.
  13565.         13622.         13665.         13737.        ]
 [11171.         11366.         11389.         11477.
  11526.         11560.         11956.         12035.
  12107.         12184.         12231.         12286.
  12349.         12407.         12496.         12567.
  12661.         12756.         12769.         12866.        ]
 [10659.         10706.         10973.         11045.
  11113.         11121.         11193.         11250.
  11289.         11372.         11389.         11479.
  11510.         11591.         11597.         11694.
  11792.         11874.         12296.         12462.        ]
 [10070.         10112.         10189.         10260.
  10279.         10359.         10390.         10456.
  10546.         10564.         10579.         10655.
  10713.         10805.         10839.         10905.
  10913.         10978.         11045.         11129.        ]
 [ 6211.          7230.          7939.          8584.
   8665.          8760.          9357.          9402.
   9454.          9547.          9582.          9655.
   9735.          9816.          9820.          9823.
   9827.          9923.          9976.          9990.        ]
 [ 8730.          8759.          8765.          8777.
   8863.          8889.          8941.          9011.
   9104.          9185.          9216.          9305.
   9404.          9503.          9574.          9648.
   9655.          9698.          9784.         10095.        ]
 [ 6545.          7693.          7749.63445885  7806.
   7846.          7914.          7963.          8008.
   8066.          8110.          8175.          8247.
   8312.          8365.          8413.          8503.
   8601.          8661.          8732.          8962.        ]
 [ 7164.          7173.          7189.          7245.
   7272.          7322.          7379.          7434.
   7521.          7565.          7612.          7641.
   7723.          7803.          7846.          7921.
   7931.          8245.          8283.          8707.        ]
 [ 2128.          6543.          6634.          6719.
   6770.          6856.          6890.          6963.
   6975.          6989.          7040.          7041.
   7079.          7153.          7245.          7305.
   7348.          7384.          7439.          8193.        ]
 [ 6024.          6045.          6142.          6146.
   6231.          6252.          6307.          6341.
   6403.          6481.          6492.          6526.
   6543.          6546.          6589.          6750.
   6794.          6839.          6903.          6906.        ]
 [ 5276.          5328.          5334.          5379.
   5394.          5454.          5483.          5580.
   5671.          5684.          5692.          5742.
   5788.          5860.          5946.          5953.
   5983.          6011.          6184.          6478.        ]
 [ 3995.          4033.          4571.          4664.
   4670.          4742.          4780.          4853.
   4941.          4985.          5051.          5130.
   5177.          5238.          5244.          5308.
   5326.          5448.          5593.          6441.        ]
 [ 3358.          3379.          3944.          4018.
   4114.          4165.          4207.          4259.
   4296.          4381.          4399.          4443.
   4503.          4571.          4574.          4580.
   4600.          4681.          4911.          5042.        ]
 [ 3178.          3194.          3248.          3301.
   3358.          3404.          3488.          3489.
   3565.          3591.          3598.          3667.
   3755.          3784.          3857.          3889.
   3940.          3944.          4109.          4184.        ]
 [ 1333.          2513.          2567.          2657.
   2682.          2779.          2847.          2861.
   2915.          2944.          2958.          2966.
   2967.          3027.          3040.          3056.
   3097.          3178.          3213.          3231.        ]
 [ 1375.          1431.          1552.          1583.
   1638.          1723.          1765.          1847.
   1910.          1945.          1999.          2051.
   2128.          2210.          2304.          2385.
   2410.          2434.          2490.          2513.        ]
 [  968.          1001.          1051.          1073.
   1143.          1202.          1253.          1333.
   1417.          1464.          1552.          1579.
   1597.          1631.          1678.          1682.
   1723.          1779.          1821.          1847.        ]
 [  277.           308.           391.           400.
    434.           496.           579.           640.
    847.           905.          1001.          1088.
   1106.          1162.          1164.          1259.
   1280.          1331.          1344.          1417.        ]
 [    0.            62.           157.           165.
    168.           195.           214.           250.
    347.           434.           496.           582.
    603.           640.           651.           662.
    729.           813.           847.           895.        ]]
