optimal_status: 0
solution: 18865.0
cpu_time: 3603.577819108963
gap: 0.9291810230585741
upper_bound: 1336.0
lower_bound: 18865.0
cg_matrix: [[0. 0. 1. 1. 1. 1. 0. 1. 1. 1. 1. 0. 1. 1. 1. 1. 1. 1. 1. 1. 1. 0. 0. 0.
  1. 1. 1. 0. 0. 1.]
 [0. 0. 0. 1. 1. 1. 1. 1. 0. 1. 1. 1. 1. 1. 1. 1. 1. 0. 1. 1. 0. 1. 1. 1.
  1. 1. 1. 0. 1. 1.]
 [1. 0. 0. 0. 1. 1. 1. 1. 1. 1. 1. 1. 1. 1. 1. 1. 1. 1. 1. 1. 1. 1. 1. 1.
  1. 1. 1. 1. 0. 1.]
 [1. 1. 0. 0. 0. 1. 0. 1. 1. 1. 1. 1. 1. 1. 1. 1. 1. 1. 1. 1. 1. 1. 0. 1.
  1. 1. 1. 1. 1. 1.]
 [1. 1. 1. 0. 0. 1. 1. 1. 1. 1. 0. 1. 1. 1. 1. 1. 0. 1. 1. 1. 1. 0. 1. 1.
  0. 1. 1. 1. 1. 1.]
 [1. 1. 1. 1. 1. 0. 1. 1. 0. 1. 1. 1. 1. 1. 0. 1. 0. 1. 1. 1. 1. 1. 1. 1.
  1. 1. 1. 0. 1. 1.]
 [0. 1. 1. 0. 1. 1. 0. 1. 1. 0. 1. 1. 0. 0. 1. 0. 1. 1. 1. 1. 1. 1. 1. 0.
  1. 1. 1. 1. 1. 1.]
 [1. 1. 1. 1. 1. 1. 1. 0. 1. 1. 1. 1. 1. 0. 1. 1. 0. 1. 0. 1. 0. 1. 1. 1.
  1. 1. 0. 1. 0. 1.]
 [1. 0. 1. 1. 1. 0. 1. 1. 0. 1. 1. 1. 1. 1. 1. 0. 1. 1. 1. 1. 1. 0. 0. 1.
  1. 1. 1. 1. 1. 1.]
 [1. 1. 1. 1. 1. 1. 0. 1. 1. 0. 1. 1. 0. 0. 1. 1. 1. 1. 1. 0. 1. 1. 1. 1.
  1. 1. 1. 0. 1. 1.]
 [1. 1. 1. 1. 0. 1. 1. 1. 1. 1. 0. 0. 0. 1. 0. 1. 1. 1. 1. 1. 1. 0. 0. 0.
  1. 1. 1. 1. 1. 1.]
 [0. 1. 1. 1. 1. 1. 1. 1. 1. 1. 0. 0. 0. 0. 0. 0. 1. 1. 1. 1. 1. 0. 1. 1.
  1. 1. 1. 1. 1. 1.]
 [1. 1. 1. 1. 1. 1. 0. 1. 1. 0. 0. 0. 0. 1. 1. 1. 1. 1. 1. 1. 1. 0. 1. 1.
  1. 1. 1. 1. 1. 1.]
 [1. 1. 1. 1. 1. 1. 0. 0. 1. 0. 1. 0. 1. 0. 1. 1. 1. 1. 0. 1. 1. 0. 1. 1.
  1. 1. 1. 0. 1. 1.]
 [1. 1. 1. 1. 1. 0. 1. 1. 1. 1. 0. 0. 1. 1. 0. 1. 1. 1. 1. 1. 1. 1. 1. 1.
  1. 1. 0. 1. 1. 1.]
 [1. 1. 1. 1. 1. 1. 0. 1. 0. 1. 1. 0. 1. 1. 1. 0. 1. 1. 1. 1. 1. 1. 0. 0.
  1. 1. 1. 1. 1. 0.]
 [1. 1. 1. 1. 0. 0. 1. 0. 1. 1. 1. 1. 1. 1. 1. 1. 0. 0. 0. 1. 1. 1. 1. 1.
  1. 0. 1. 1. 1. 0.]
 [1. 0. 1. 1. 1. 1. 1. 1. 1. 1. 1. 1. 1. 1. 1. 1. 0. 0. 1. 1. 1. 1. 1. 1.
  1. 1. 1. 1. 0. 0.]
 [1. 1. 1. 1. 1. 1. 1. 0. 1. 1. 1. 1. 1. 0. 1. 1. 0. 1. 0. 0. 1. 1. 1. 0.
  1. 1. 1. 1. 1. 1.]
 [1. 1. 1. 1. 1. 1. 1. 1. 1. 0. 1. 1. 1. 1. 1. 1. 1. 1. 0. 0. 1. 1. 1. 1.
  1. 1. 1. 1. 0. 1.]
 [1. 0. 1. 1. 1. 1. 1. 0. 1. 1. 1. 1. 1. 1. 1. 1. 1. 1. 1. 1. 0. 0. 0. 0.
  0. 0. 0. 0. 0. 0.]
 [0. 1. 1. 1. 0. 1. 1. 1. 0. 1. 0. 0. 0. 0. 1. 1. 1. 1. 1. 1. 0. 0. 0. 0.
  0. 0. 0. 0. 0. 0.]
 [0. 1. 1. 0. 1. 1. 1. 1. 0. 1. 0. 1. 1. 1. 1. 0. 1. 1. 1. 1. 0. 0. 0. 0.
  0. 0. 0. 0. 0. 0.]
 [0. 1. 1. 1. 1. 1. 0. 1. 1. 1. 0. 1. 1. 1. 1. 0. 1. 1. 0. 1. 0. 0. 0. 0.
  0. 0. 0. 0. 0. 0.]
 [1. 1. 1. 1. 0. 1. 1. 1. 1. 1. 1. 1. 1. 1. 1. 1. 1. 1. 1. 1. 0. 0. 0. 0.
  0. 0. 0. 0. 0. 0.]
 [1. 1. 1. 1. 1. 1. 1. 1. 1. 1. 1. 1. 1. 1. 1. 1. 0. 1. 1. 1. 0. 0. 0. 0.
  0. 0. 0. 0. 0. 0.]
 [1. 1. 1. 1. 1. 1. 1. 0. 1. 1. 1. 1. 1. 1. 0. 1. 1. 1. 1. 1. 0. 0. 0. 0.
  0. 0. 0. 0. 0. 0.]
 [0. 0. 1. 1. 1. 0. 1. 1. 1. 0. 1. 1. 1. 0. 1. 1. 1. 1. 1. 1. 0. 0. 0. 0.
  0. 0. 0. 0. 0. 0.]
 [0. 1. 0. 1. 1. 1. 1. 0. 1. 1. 1. 1. 1. 1. 1. 1. 1. 0. 1. 0. 0. 0. 0. 0.
  0. 0. 0. 0. 0. 0.]
 [1. 1. 1. 1. 1. 1. 1. 1. 1. 1. 1. 1. 1. 1. 1. 0. 0. 0. 1. 1. 0. 0. 0. 0.
  0. 0. 0. 0. 0. 0.]]
start_times_array: [[  594.          1145.          1238.         17831.
  17832.         17884.         18032.         18106.
  18165.         18209.         18243.         18345.
  18440.         18508.         18565.         18622.
  18662.         18679.         18771.         18859.        ]
 [17357.         17432.         17536.         17547.
  17596.         17739.         17771.         17776.
  17827.         17841.         17884.         18106.
  18130.         18284.         18351.         18353.
  18398.         18473.         18508.         18700.99999811]
 [17026.         17106.         17119.         17155.
  17206.         17269.         17327.         17357.
  17432.         17504.         17596.         17609.
  17622.         17714.         17726.         17802.
  17910.         17974.         18217.         18324.        ]
 [16183.         16274.         16369.         16420.
  16495.         16584.         16640.         16714.
  16774.         16860.         16930.         17027.
  17038.         17099.         17167.         17210.
  17215.         17232.         17250.         17264.        ]
 [ 1105.          1590.         15639.         15951.
  16033.         16100.         16133.         16217.
  16256.         16304.         16393.         16488.
  16548.         16552.         16651.         16743.
  16795.         16874.         16883.         16972.        ]
 [ 1289.          1429.          1760.         14795.
  14855.         14886.         15108.         15160.
  15276.         15282.         15309.         15366.
  15455.         15518.         15547.         15602.
  15719.         15785.         15801.         15888.        ]
 [ 2371.          3095.          3142.         13833.
  14012.         14091.         14231.         14289.
  14387.         14449.         14457.         14488.
  14582.         14631.         14721.         14732.
  14864.         14968.         15012.         15190.        ]
 [12642.         13019.         13249.         13321.
  13404.         13429.         13484.         13552.
  13594.         13664.         13728.         13752.
  13759.         13804.         13816.         13868.
  13876.         13917.         14005.         14148.        ]
 [ 3496.         11963.         12135.         12172.
  12283.         12410.         12508.         12600.
  12628.         12705.         12721.         12820.
  12829.         12922.         12947.         12955.
  13099.         13103.         13177.         13212.        ]
 [ 1024.         11138.         11268.         11365.
  11448.         11496.         11519.         11521.
  11526.         11542.         11618.         11628.
  11723.         11735.         11829.         11875.
  11928.         12062.         12205.         12355.        ]
 [ 9609.          9640.          9787.          9865.
  10359.         10405.         10489.         10528.
  10545.         10628.         10715.         10801.
  10894.         10962.         11029.         11112.
  11172.         11304.         11307.         11314.        ]
 [ 8379.          8383.          8634.          8654.
   8728.          9457.          9552.          9640.
   9723.          9821.          9846.         10560.
  10650.         10701.         10762.         10859.
  10929.         10943.         10956.         11055.        ]
 [ 2521.          9609.          9690.          9787.
   9865.          9918.          9984.         10024.
  10032.         10095.         10161.         10163.
  10199.         10223.         10284.         10359.
  10489.         10560.         10583.         10601.        ]
 [ 8526.          8728.          8757.          8793.
   8795.          8813.          8815.          8826.
   8873.          8967.          9059.          9117.
   9210.          9257.          9347.          9375.
   9429.          9457.          9541.          9783.        ]
 [ 7595.          7618.          7692.          7787.
   7851.          7872.          7918.          8004.
   8012.          8070.          8134.          8233.
   8262.          8309.          8373.          8379.
   8404.          8467.          8613.          8709.        ]
 [ 6284.          6577.          6652.          6728.
   6811.          6833.          6931.          7016.
   7091.          7102.          7166.          7187.
   7281.          7327.          7390.          7468.
   7503.          7512.          7528.          7567.        ]
 [  245.          4878.          5376.          5422.
   5506.          5522.          5541.          5542.
   5571.          5636.          5678.          5765.
   5884.          5972.          6055.          6141.
   6162.          6223.          6359.          6388.        ]
 [  402.          5489.          5635.          5678.
   5733.          5819.          5888.          5899.
   5911.          5972.          6028.          6084.
   6161.          6241.          6257.          6270.
   6359.          6373.          6469.          6557.        ]
 [ 4463.          4516.          4517.          4599.
   4656.          4674.          4795.          4839.
   4920.          4945.          5020.          5049.
   5123.          5133.          5157.          5220.
   5262.          5324.          5422.          5563.        ]
 [ 1024.          4298.          4458.          4504.
   4510.          4516.          4534.          4613.
   4656.          4684.          4711.          4795.
   4944.          5043.          5103.          5189.
   5210.          5223.          5251.          5342.        ]
 [ 1913.          3232.          3288.          3564.
   3607.          3637.          3659.          3690.
   3754.          3810.          3877.          3902.
   3987.          4000.          4076.          4139.
   4190.          4277.          4393.          4515.        ]
 [   37.            91.            92.           169.
   1001.          2130.          3076.          3312.
   3409.          3493.          3520.          3590.
   3628.          3690.          3902.          3949.
   3971.          4023.          4044.          4076.        ]
 [    0.            91.           158.           170.
    468.          1855.          3232.          3312.
   3404.          3445.          3459.          3487.
   3571.          3610.          3659.          3810.
   3868.          3877.          3896.          3913.        ]
 [ 1671.          1924.          1968.          2650.
   2824.          2965.          3035.          3089.
   3188.          3232.          3300.          3386.
   3472.          3483.          3590.          3607.
   3692.          3754.          3834.          3871.        ]
 [  468.           552.          1876.          1895.
   1976.          2022.          2109.          2116.
   2254.          2587.          2684.          2737.
   2758.          2827.          2924.          2988.
   3035.          3046.          3232.          3299.        ]
 [   37.            41.          1601.          1645.
   1737.          1855.          1880.          1924.
   1991.          2029.          2060.          2098.
   2193.          2206.          2225.          2290.
   2327.          2684.          2761.          2785.        ]
 [ 1344.          1499.          1599.          1636.
   1672.          1758.          1855.          1894.
   1913.          2003.          2046.          2118.
   2205.          2242.          2281.          2415.
   2448.          2562.          2650.          2684.        ]
 [    0.            56.           191.           239.
    507.          1211.          1268.          1289.
   1345.          1382.          1457.          1497.
   1611.          1708.          1713.          1780.
   1804.          1824.          1839.          2109.        ]
 [    0.            31.            75.           163.
    208.           333.           371.           374.
    471.           511.           540.           564.
    742.           771.           816.           867.
    925.          1238.          1344.          1895.        ]
 [    0.            38.           115.           123.
    171.           217.           306.           402.
    452.           473.           511.           568.
    645.           742.           812.           835.
    853.           886.           920.           955.        ]]
