optimal_status: 0
solution: 8250.0
cpu_time: 3600.125179052353
gap: 0.8373148139789381
upper_bound: 1342.1527846737602
lower_bound: 8250.0
cg_matrix: [[0. 0. 1. 1. 0. 1. 1. 0. 1. 1. 0. 1. 0. 0. 1. 1. 0. 0. 0. 1.]
 [0. 0. 1. 0. 1. 0. 0. 0. 0. 0. 1. 0. 0. 0. 1. 0. 1. 0. 1. 0.]
 [1. 1. 0. 0. 1. 0. 1. 0. 1. 0. 0. 0. 1. 1. 0. 1. 1. 0. 1. 0.]
 [1. 0. 0. 0. 0. 0. 0. 1. 1. 1. 1. 0. 1. 0. 0. 0. 0. 1. 1. 0.]
 [0. 1. 1. 0. 0. 0. 0. 0. 1. 0. 0. 0. 1. 1. 0. 1. 0. 1. 1. 0.]
 [1. 0. 0. 0. 0. 0. 0. 1. 0. 0. 1. 0. 1. 0. 1. 0. 1. 1. 1. 1.]
 [1. 0. 1. 0. 0. 0. 0. 1. 0. 0. 0. 0. 1. 0. 1. 1. 1. 1. 0. 1.]
 [0. 0. 0. 1. 0. 1. 1. 0. 1. 0. 1. 0. 0. 0. 0. 0. 0. 1. 0. 0.]
 [1. 0. 1. 1. 1. 0. 0. 1. 0. 1. 1. 1. 1. 0. 0. 1. 1. 0. 1. 0.]
 [1. 0. 0. 1. 0. 0. 0. 0. 1. 0. 1. 0. 1. 1. 1. 1. 0. 1. 0. 1.]
 [0. 1. 0. 1. 0. 1. 0. 1. 1. 1. 0. 1. 1. 1. 0. 1. 0. 1. 1. 0.]
 [1. 0. 0. 0. 0. 0. 0. 0. 1. 0. 1. 0. 1. 1. 1. 0. 1. 0. 0. 0.]
 [0. 0. 1. 1. 1. 1. 1. 0. 1. 1. 1. 1. 0. 0. 0. 1. 1. 0. 0. 0.]
 [0. 0. 1. 0. 1. 0. 0. 0. 0. 1. 1. 1. 0. 0. 0. 0. 0. 1. 1. 1.]
 [1. 1. 0. 0. 0. 1. 1. 0. 0. 1. 0. 1. 0. 0. 0. 1. 1. 0. 1. 0.]
 [1. 0. 1. 0. 1. 0. 1. 0. 1. 1. 1. 0. 1. 0. 1. 0. 0. 1. 0. 0.]
 [0. 1. 1. 0. 0. 1. 1. 0. 1. 0. 0. 1. 1. 0. 1. 0. 0. 1. 0. 0.]
 [0. 0. 0. 1. 1. 1. 1. 1. 0. 1. 1. 0. 0. 1. 0. 1. 1. 0. 1. 1.]
 [0. 1. 1. 1. 1. 1. 0. 0. 1. 0. 1. 0. 0. 1. 1. 0. 0. 1. 0. 0.]
 [1. 0. 0. 0. 0. 1. 1. 0. 0. 1. 0. 0. 0. 1. 0. 0. 0. 1. 0. 0.]]
start_times_array: [[1814. 2024. 2085. 2193. 2648. 2780. 3117. 4686. 4932. 4966. 5680. 5902.
  6053. 6496. 6704. 6924. 7840. 7999. 8120. 8199.]
 [ 613.  635. 1421. 1725. 2641. 2712. 2984. 3080. 4115. 4192. 4702. 5144.
  5236. 5245. 5832. 6908. 7682. 7986. 8132. 8242.]
 [  67.  229.  710.  905. 1132. 1331. 1450. 1698. 1985. 4587. 4841. 5517.
  5735. 6829. 7063. 7187. 7209. 7852. 8019. 8036.]
 [   0.  411.  764. 1132. 1289. 1293. 1328. 3024. 3147. 3429. 3722. 3724.
  4784. 4861. 5386. 5483. 5635. 6330. 7098. 8074.]
 [ 254.  433. 1041. 1074. 1293. 1621. 2199. 3645. 4227. 4274. 4472. 5320.
  6116. 6411. 6415. 7098. 7386. 7662. 7919. 8134.]
 [ 147.  390.  635.  909. 1147. 1621. 1658. 2371. 2607. 2640. 2712. 4486.
  4502. 4514. 4587. 5509. 6289. 6878. 7479. 8031.]
 [ 150.  153.  254.  809. 2384. 2712. 2749. 2934. 3147. 4178. 4259. 4430.
  5058. 5449. 6289. 6345. 7111. 7492. 7624. 7635.]
 [ 519. 1035. 1579. 2053. 2343. 2525. 3231. 3778. 3975. 4205. 4352. 4525.
  4702. 5041. 5166. 5680. 5957. 7852. 7951. 8168.]
 [ 150.  349.  635.  919. 1173. 1384. 1396. 1400. 1404. 1415. 1717. 3464.
  3698. 3854. 4158. 4178. 4376. 5493. 5571. 7473.]
 [ 254.  454.  666.  861.  995. 1006. 1035. 1334. 1450. 1908. 3351. 3365.
  3778. 6241. 6411. 7012. 7624. 7684. 7768. 8136.]
 [1025. 1245. 1882. 1992. 2193. 2495. 2965. 3204. 3381. 3612. 3934. 4002.
  4939. 5031. 5054. 6029. 6114. 6530. 6734. 6829.]
 [   0.  412.  626.  666. 1302. 1450. 1634. 1908. 2107. 2580. 5733. 6748.
  6875. 7063. 7113. 7719. 7757. 8019. 8070. 8136.]
 [ 237.  540.  629.  946. 1547. 1800. 2285. 2857. 3231. 3956. 4064. 4296.
  4349. 4561. 4687. 5220. 5234. 5261. 5264. 6032.]
 [  21.  558.  612. 2285. 2688. 2771. 2793. 2795. 3460. 4702. 5014. 5132.
  5448. 5832. 6362. 6628. 7528. 7991. 8199. 8233.]
 [ 340.  564.  935. 1529. 2019. 2261. 2864. 3077. 3231. 3464. 3878. 3936.
  4063. 4519. 5320. 6114. 7188. 7249. 7388. 7889.]
 [   0.   99.  315.  417. 2525. 2984. 3080. 3403. 4800. 5150. 5276. 5296.
  5391. 5894. 5957. 6211. 6330. 6618. 6744. 7566.]
 [ 268.  463.  995. 1087. 2024. 2495. 2688. 2707. 2780. 3779. 4002. 6200.
  6530. 6607. 7031. 7302. 7389. 7566. 7589. 7795.]
 [ 579.  613.  935. 1800. 2126. 2458. 2646. 3698. 4103. 4296. 4376. 4398.
  4566. 4699. 4870. 5199. 5904. 6032. 6496. 6719.]
 [ 280.  503. 1917. 2053. 2085. 3293. 3521. 4620. 5680. 5960. 5976. 6744.
  6828. 6997. 7084. 7302. 7385. 7566. 7768. 7822.]
 [  67.  728.  997. 1245. 1294. 1384. 1529. 2495. 2984. 3521. 3722. 3922.
  4297. 4519. 5596. 6734. 7187. 7253. 7304. 7895.]]
