optimal_status: 0
solution: 3560.0
cpu_time: 3600.0832068920135
gap: 0.6017983076541341
upper_bound: 1417.5980247512823
lower_bound: 3560.0
cg_matrix: [[0. 0. 0. 0. 0. 0. 0. 0. 0. 0. 0. 0. 0. 0. 0. 0. 0. 0. 0. 0. 1. 0. 0. 1.
  0. 0. 1. 1. 0. 0.]
 [0. 0. 0. 0. 0. 0. 1. 0. 1. 0. 0. 0. 1. 0. 1. 1. 0. 0. 0. 0. 0. 0. 1. 0.
  1. 1. 0. 0. 0. 1.]
 [0. 0. 0. 1. 0. 1. 0. 1. 0. 0. 0. 0. 1. 0. 0. 0. 1. 1. 0. 0. 0. 0. 1. 0.
  0. 0. 0. 0. 0. 0.]
 [0. 0. 1. 0. 0. 0. 0. 0. 0. 0. 1. 0. 0. 1. 0. 0. 0. 0. 0. 0. 1. 0. 0. 0.
  0. 0. 0. 0. 0. 0.]
 [0. 0. 0. 0. 0. 0. 0. 0. 0. 1. 0. 0. 1. 0. 0. 0. 0. 0. 0. 0. 0. 0. 0. 0.
  0. 0. 0. 0. 0. 0.]
 [0. 0. 1. 0. 0. 0. 1. 0. 0. 0. 1. 0. 1. 0. 0. 0. 0. 1. 0. 0. 1. 0. 0. 0.
  0. 0. 0. 0. 0. 0.]
 [0. 1. 0. 0. 0. 1. 0. 0. 0. 0. 0. 0. 0. 1. 0. 1. 1. 0. 1. 0. 0. 1. 0. 0.
  0. 0. 0. 0. 0. 0.]
 [0. 0. 1. 0. 0. 0. 0. 0. 1. 0. 0. 1. 0. 0. 1. 0. 1. 0. 0. 0. 0. 0. 1. 0.
  0. 0. 0. 0. 0. 1.]
 [0. 1. 0. 0. 0. 0. 0. 1. 0. 0. 0. 0. 0. 0. 0. 0. 1. 1. 0. 0. 0. 0. 0. 0.
  0. 1. 0. 0. 0. 0.]
 [0. 0. 0. 0. 1. 0. 0. 0. 0. 0. 0. 0. 0. 1. 0. 0. 0. 0. 1. 0. 0. 0. 0. 0.
  0. 0. 0. 0. 0. 0.]
 [0. 0. 0. 1. 0. 1. 0. 0. 0. 0. 0. 0. 0. 0. 1. 0. 1. 0. 0. 1. 0. 0. 0. 1.
  0. 1. 0. 0. 0. 0.]
 [0. 0. 0. 0. 0. 0. 0. 1. 0. 0. 0. 0. 0. 0. 0. 0. 0. 0. 0. 0. 0. 0. 0. 1.
  0. 0. 0. 0. 0. 0.]
 [0. 1. 1. 0. 1. 1. 0. 0. 0. 0. 0. 0. 0. 0. 0. 0. 0. 0. 0. 0. 0. 0. 0. 0.
  1. 0. 1. 0. 0. 0.]
 [0. 0. 0. 1. 0. 0. 1. 0. 0. 1. 0. 0. 0. 0. 0. 0. 1. 0. 1. 1. 0. 0. 0. 0.
  0. 0. 0. 0. 0. 0.]
 [0. 1. 0. 0. 0. 0. 0. 1. 0. 0. 1. 0. 0. 0. 0. 1. 0. 0. 0. 0. 0. 0. 0. 1.
  0. 0. 1. 0. 0. 0.]
 [0. 1. 0. 0. 0. 0. 1. 0. 0. 0. 0. 0. 0. 0. 1. 0. 0. 0. 0. 0. 0. 0. 0. 0.
  0. 0. 0. 0. 0. 0.]
 [0. 0. 1. 0. 0. 0. 1. 1. 1. 0. 1. 0. 0. 1. 0. 0. 0. 0. 0. 0. 0. 0. 0. 0.
  0. 0. 0. 0. 0. 0.]
 [0. 0. 1. 0. 0. 1. 0. 0. 1. 0. 0. 0. 0. 0. 0. 0. 0. 0. 0. 0. 0. 0. 0. 0.
  0. 0. 0. 0. 0. 0.]
 [0. 0. 0. 0. 0. 0. 1. 0. 0. 1. 0. 0. 0. 1. 0. 0. 0. 0. 0. 0. 0. 0. 0. 0.
  0. 0. 0. 0. 0. 0.]
 [0. 0. 0. 0. 0. 0. 0. 0. 0. 0. 1. 0. 0. 1. 0. 0. 0. 0. 0. 0. 0. 0. 0. 0.
  0. 0. 0. 0. 0. 0.]
 [1. 0. 0. 1. 0. 1. 0. 0. 0. 0. 0. 0. 0. 0. 0. 0. 0. 0. 0. 0. 0. 0. 0. 0.
  0. 0. 0. 0. 0. 0.]
 [0. 0. 0. 0. 0. 0. 1. 0. 0. 0. 0. 0. 0. 0. 0. 0. 0. 0. 0. 0. 0. 0. 0. 0.
  0. 0. 0. 0. 0. 0.]
 [0. 1. 1. 0. 0. 0. 0. 1. 0. 0. 0. 0. 0. 0. 0. 0. 0. 0. 0. 0. 0. 0. 0. 0.
  0. 0. 0. 0. 0. 0.]
 [1. 0. 0. 0. 0. 0. 0. 0. 0. 0. 1. 1. 0. 0. 1. 0. 0. 0. 0. 0. 0. 0. 0. 0.
  0. 0. 0. 0. 0. 0.]
 [0. 1. 0. 0. 0. 0. 0. 0. 0. 0. 0. 0. 1. 0. 0. 0. 0. 0. 0. 0. 0. 0. 0. 0.
  0. 0. 0. 0. 0. 0.]
 [0. 1. 0. 0. 0. 0. 0. 0. 1. 0. 1. 0. 0. 0. 0. 0. 0. 0. 0. 0. 0. 0. 0. 0.
  0. 0. 0. 0. 0. 0.]
 [1. 0. 0. 0. 0. 0. 0. 0. 0. 0. 0. 0. 1. 0. 1. 0. 0. 0. 0. 0. 0. 0. 0. 0.
  0. 0. 0. 0. 0. 0.]
 [1. 0. 0. 0. 0. 0. 0. 0. 0. 0. 0. 0. 0. 0. 0. 0. 0. 0. 0. 0. 0. 0. 0. 0.
  0. 0. 0. 0. 0. 0.]
 [0. 0. 0. 0. 0. 0. 0. 0. 0. 0. 0. 0. 0. 0. 0. 0. 0. 0. 0. 0. 0. 0. 0. 0.
  0. 0. 0. 0. 0. 0.]
 [0. 1. 0. 0. 0. 0. 0. 1. 0. 0. 0. 0. 0. 0. 0. 0. 0. 0. 0. 0. 0. 0. 0. 0.
  0. 0. 0. 0. 0. 0.]]
start_times_array: [[   9.           45.          170.          232.          279.
   735.          897.          974.         1182.         1441.
  1671.         1981.         2263.         3170.         3363.        ]
 [   0.            7.          321.          615.         1093.
  1836.         1902.         2371.         2632.         2916.
  2984.         2989.         3024.         3038.         3487.        ]
 [  63.          220.          364.          770.         1207.
  1573.         1644.         2509.         2898.         2901.
  2962.         3109.         3518.         3525.         3553.        ]
 [  20.           36.         1416.         1546.         1783.
  2416.         2607.         2626.         2763.         2833.
  3314.         3406.         3433.         3510.         3556.        ]
 [   0.           77.          986.         1124.         1187.
  1203.         1278.         1669.         1869.         2521.
  2879.         2902.         2989.         3047.         3500.        ]
 [ 316.          566.          702.         1099.         1105.
  1305.         1416.         1444.         1511.         1816.
  2000.         2062.         2995.         3311.         3392.        ]
 [  85.          191.          491.          860.          932.
  1008.         1023.         1279.         1573.         1949.
  2466.         2545.         2731.         3230.         3344.        ]
 [   0.           35.          276.          992.         1050.
  1306.         1554.         1831.         1905.         2086.
  2361.         2607.         2645.         2800.         3255.        ]
 [  63.          146.          704.          828.          974.
  1137.         1238.         1485.         1559.         1966.
  2298.00000864 2529.         2673.         3155.         3157.        ]
 [ 130.          581.          918.         1305.         1416.
  1495.         1566.         1740.         1948.         2214.
  2778.         3099.         3248.         3269.         3335.        ]
 [   0.          364.          426.          463.          683.
   812.          977.         1633.         2289.         2376.
  2855.         2947.         3152.         3222.         3511.        ]
 [ 166.          458.          590.          795.          865.
  1169.         1223.         1360.         1422.         1477.
  1482.         1996.         2267.         2487.         3109.        ]
 [ 130.          237.          518.          827.         1330.
  1705.         1792.         1951.         2248.         2680.
  2833.         3153.         3211.         3360.         3371.        ]
 [ 334.          517.          767.          997.         1138.
  1220.         1252.         1644.         1880.         2289.
  2635.         2862.         2879.         2917.         3146.        ]
 [ 152.          245.          590.          726.          912.
  1429.         1721.00000864 1979.         2126.         2503.
  2690.         3093.         3176.         3335.         3471.        ]
 [  49.          134.          263.          405.          796.
  1184.         1342.         1494.         1534.         2000.
  2082.         2233.         2656.         2829.         3422.        ]
 [ 599.         1343.         1422.         1743.         1758.
  1948.         2028.         2114.         2141.         2208.
  2444.         2988.         3023.         3075.         3416.        ]
 [ 239.          654.          892.         1004.         1012.
  1043.         1062.         1869.         2227.         2374.
  2607.         2619.         2843.         3326.         3476.        ]
 [   0.          178.          279.          566.          675.
   747.         1143.         1371.         1797.         1887.
  2049.         2369.         3003.         3037.         3494.        ]
 [  20.           88.          134.          231.          602.
   875.          928.         1067.         1290.         1962.
  2036.         2213.         2525.         2988.         3069.        ]
 [  77.          412.          496.          791.          827.
  1005.         1089.         1330.         1581.         1644.
  1764.         2160.         2395.         2509.         2654.        ]
 [   0.          259.          337.          588.         1147.
  1199.         1369.         1386.         1452.         1749.00000864
  1803.         1871.         2144.         2257.         2854.        ]
 [ 122.          178.          484.          906.          943.
   980.         1168.         1324.         1469.         1997.
  2129.         2307.         2443.         3157.         3337.        ]
 [ 120.          534.          704.         1074.         1305.
  1807.         1857.         1903.         1911.         2214.
  2581.         2761.         3408.         3447.         3487.        ]
 [  60.          129.          426.          752.          817.
  1238.         2108.         2200.         2332.         2443.
  2496.         2778.         3285.         3392.         3485.        ]
 [  49.          245.          890.         1207.         1712.
  1773.         2051.         2075.         2144.         2175.
  2763.         2840.         3101.00000864 3139.00000864 3392.        ]
 [ 366.          434.          463.          663.          700.
   810.          893.         1001.         1127.         1513.
  1824.         2427.         2879.         3003.         3493.        ]
 [   0.          146.          210.          444.          563.
   610.         1271.         1601.         1800.         2017.
  2036.         2390.         2723.         3424.         3509.        ]
 [   0.           85.          424.          528.         1070.
  1119.         1237.         1712.         1792.         1838.
  1863.         1892.         2165.         2371.         2725.        ]
 [  63.          195.          405.          492.          804.
   845.          941.         1214.         1493.         2145.
  2223.         2517.         2552.         2692.         3328.        ]]
