optimal_status: 0
solution: 2160.0
cpu_time: 3600.0367159843445
gap: 0.4222222222222222
upper_bound: 1248.0
lower_bound: 2160.0
cg_matrix: [[0. 0. 0. 0. 0. 0. 1. 0. 0. 0. 1. 1. 0. 0. 0.]
 [0. 0. 0. 0. 0. 0. 0. 0. 0. 0. 0. 1. 0. 0. 0.]
 [0. 0. 0. 1. 0. 0. 0. 0. 0. 1. 1. 0. 0. 0. 0.]
 [0. 0. 1. 0. 1. 0. 0. 0. 0. 0. 0. 0. 0. 1. 0.]
 [0. 0. 0. 1. 0. 0. 0. 0. 0. 0. 1. 0. 0. 0. 1.]
 [0. 0. 0. 0. 0. 0. 1. 0. 0. 0. 0. 0. 0. 0. 0.]
 [1. 0. 0. 0. 0. 1. 0. 0. 1. 1. 0. 0. 0. 0. 0.]
 [0. 0. 0. 0. 0. 0. 0. 0. 1. 0. 0. 0. 0. 1. 1.]
 [0. 0. 0. 0. 0. 0. 1. 1. 0. 0. 0. 0. 0. 0. 0.]
 [0. 0. 1. 0. 0. 0. 1. 0. 0. 0. 1. 0. 0. 0. 1.]
 [1. 0. 1. 0. 1. 0. 0. 0. 0. 1. 0. 0. 0. 1. 0.]
 [1. 1. 0. 0. 0. 0. 0. 0. 0. 0. 0. 0. 0. 0. 0.]
 [0. 0. 0. 0. 0. 0. 0. 0. 0. 0. 0. 0. 0. 0. 0.]
 [0. 0. 0. 1. 0. 0. 0. 1. 0. 0. 1. 0. 0. 0. 0.]
 [0. 0. 0. 0. 1. 0. 0. 1. 0. 1. 0. 0. 0. 0. 0.]]
start_times_array: [[3.400e+01 9.600e+01 4.140e+02 4.730e+02 7.690e+02 8.450e+02 1.041e+03
  1.072e+03 1.254e+03 1.319e+03 1.565e+03 1.699e+03 1.751e+03 1.835e+03
  2.136e+03]
 [1.350e+02 2.730e+02 4.070e+02 5.060e+02 5.580e+02 6.700e+02 7.690e+02
  8.660e+02 9.010e+02 1.088e+03 1.255e+03 1.576e+03 1.699e+03 1.849e+03
  1.990e+03]
 [1.020e+02 3.110e+02 3.570e+02 3.710e+02 7.350e+02 8.020e+02 8.810e+02
  1.148e+03 1.281e+03 1.478e+03 1.479e+03 1.686e+03 1.702e+03 1.865e+03
  1.916e+03]
 [6.800e+01 8.700e+01 1.890e+02 2.310e+02 2.390e+02 4.580e+02 5.460e+02
  6.220e+02 6.470e+02 9.430e+02 1.189e+03 1.339e+03 1.589e+03 1.670e+03
  1.752e+03]
 [0.000e+00 1.020e+02 3.110e+02 4.780e+02 7.650e+02 1.027e+03 1.064e+03
  1.164e+03 1.254e+03 1.510e+03 1.701e+03 1.849e+03 1.991e+03 2.060e+03
  2.090e+03]
 [9.600e+01 1.100e+02 4.410e+02 4.700e+02 5.420e+02 6.430e+02 7.680e+02
  8.660e+02 1.003e+03 1.086e+03 1.195e+03 1.565e+03 1.699e+03 1.732e+03
  2.095e+03]
 [1.920e+02 2.130e+02 2.930e+02 5.730e+02 6.760e+02 9.320e+02 1.148e+03
  1.335e+03 1.431e+03 1.487e+03 1.636e+03 1.689e+03 1.934e+03 2.026e+03
  2.027e+03]
 [5.000e+01 8.800e+01 2.670e+02 5.600e+02 5.700e+02 6.000e+02 6.380e+02
  6.870e+02 8.400e+02 1.000e+03 1.345e+03 1.704e+03 1.777e+03 2.061e+03
  2.107e+03]
 [1.300e+01 7.900e+01 3.920e+02 4.580e+02 4.810e+02 4.820e+02 7.560e+02
  8.160e+02 8.310e+02 8.560e+02 8.970e+02 1.065e+03 1.266e+03 1.274e+03
  1.865e+03]
 [0.000e+00 1.000e+00 4.700e+02 5.170e+02 5.630e+02 7.650e+02 1.004e+03
  1.064e+03 1.255e+03 1.583e+03 1.594e+03 1.704e+03 1.783e+03 2.060e+03
  2.109e+03]
 [7.400e+01 1.920e+02 2.410e+02 2.740e+02 2.760e+02 3.000e+02 5.730e+02
  6.460e+02 7.140e+02 9.430e+02 1.185e+03 1.341e+03 1.435e+03 1.644e+03
  2.012e+03]
 [1.920e+02 3.610e+02 6.260e+02 6.470e+02 6.830e+02 9.580e+02 9.770e+02
  1.137e+03 1.189e+03 1.348e+03 1.398e+03 1.409e+03 1.482e+03 1.683e+03
  2.061e+03]
 [8.100e+01 1.280e+02 2.080e+02 3.200e+02 4.560e+02 5.300e+02 5.530e+02
  6.700e+02 7.620e+02 8.680e+02 8.810e+02 1.003e+03 1.063e+03 1.182e+03
  1.251e+03]
 [1.000e+00 3.610e+02 4.730e+02 7.350e+02 8.070e+02 8.560e+02 8.680e+02
  1.086e+03 1.254e+03 1.478e+03 1.506e+03 1.686e+03 1.865e+03 1.955e+03
  2.154e+03]
 [1.730e+02 3.560e+02 3.740e+02 4.280e+02 8.560e+02 9.260e+02 9.550e+02
  1.185e+03 1.435e+03 1.631e+03 1.903e+03 1.943e+03 2.012e+03 2.013e+03
  2.040e+03]]
