optimal_status: 0
solution: 36003.0
cpu_time: 3600.530501127243
gap: 0.9606554922190086
upper_bound: 1416.5203136390312
lower_bound: 36003.0
cg_matrix: [[0. 1. 1. 1. 1. 1. 0. 1. 1. 0. 1. 1. 1. 1. 1. 0. 1. 1. 1. 0. 1. 1. 1. 1.
  1. 0. 1. 0. 1. 0. 1. 1. 1. 1. 1. 1. 1. 1. 1. 1. 1. 1. 0. 1. 1. 0. 0. 1.
  1. 1.]
 [1. 0. 1. 0. 0. 0. 1. 1. 1. 0. 0. 1. 1. 0. 1. 1. 1. 1. 1. 1. 1. 1. 1. 1.
  1. 0. 1. 1. 1. 1. 0. 1. 1. 1. 0. 1. 0. 1. 0. 1. 1. 0. 1. 1. 1. 1. 1. 1.
  0. 1.]
 [1. 1. 0. 1. 1. 0. 1. 1. 1. 1. 1. 1. 1. 1. 1. 1. 1. 0. 1. 1. 1. 1. 1. 1.
  1. 0. 0. 0. 0. 0. 1. 1. 0. 1. 1. 1. 1. 1. 1. 1. 1. 1. 0. 1. 0. 1. 1. 0.
  1. 1.]
 [1. 0. 1. 0. 1. 1. 0. 1. 1. 1. 1. 1. 1. 1. 1. 0. 0. 1. 1. 1. 1. 1. 1. 1.
  1. 1. 1. 1. 1. 0. 1. 1. 1. 1. 1. 1. 1. 0. 1. 0. 0. 1. 1. 0. 1. 1. 0. 1.
  1. 0.]
 [1. 0. 1. 1. 0. 1. 0. 1. 0. 1. 0. 1. 1. 1. 1. 1. 1. 1. 1. 1. 0. 1. 1. 1.
  1. 1. 1. 1. 1. 1. 1. 0. 0. 0. 1. 1. 0. 1. 1. 0. 1. 1. 1. 1. 0. 0. 0. 0.
  0. 1.]
 [1. 0. 0. 1. 1. 0. 1. 1. 1. 1. 1. 1. 1. 0. 1. 1. 1. 1. 1. 1. 1. 0. 0. 1.
  1. 1. 1. 1. 1. 1. 1. 0. 1. 1. 1. 1. 1. 1. 1. 1. 1. 1. 1. 1. 1. 1. 0. 1.
  0. 1.]
 [0. 1. 1. 0. 0. 1. 0. 1. 1. 1. 1. 1. 1. 1. 1. 1. 1. 1. 1. 1. 1. 1. 0. 1.
  1. 1. 1. 1. 0. 1. 1. 1. 0. 1. 1. 1. 0. 0. 1. 1. 1. 1. 1. 1. 1. 1. 1. 1.
  1. 1.]
 [1. 1. 1. 1. 1. 1. 1. 0. 1. 1. 1. 1. 1. 1. 1. 1. 0. 1. 1. 1. 1. 1. 1. 1.
  1. 1. 1. 0. 0. 1. 1. 1. 0. 1. 1. 0. 1. 0. 0. 1. 1. 1. 1. 1. 1. 1. 0. 1.
  1. 1.]
 [1. 1. 1. 1. 0. 1. 1. 1. 0. 1. 1. 1. 0. 0. 1. 1. 1. 1. 1. 0. 0. 1. 1. 1.
  1. 1. 0. 0. 1. 1. 0. 1. 1. 1. 1. 1. 1. 1. 1. 1. 1. 1. 1. 0. 1. 1. 1. 1.
  1. 1.]
 [0. 0. 1. 1. 1. 1. 1. 1. 1. 0. 1. 1. 0. 1. 1. 0. 0. 1. 1. 1. 1. 1. 1. 1.
  1. 0. 1. 0. 0. 1. 1. 0. 0. 1. 1. 0. 1. 1. 1. 1. 1. 1. 1. 1. 1. 1. 1. 0.
  1. 1.]
 [1. 0. 1. 1. 0. 1. 1. 1. 1. 1. 0. 1. 1. 1. 0. 1. 1. 1. 1. 1. 0. 1. 1. 0.
  1. 1. 0. 1. 1. 1. 1. 1. 1. 1. 1. 0. 1. 0. 1. 1. 1. 1. 1. 1. 1. 1. 1. 1.
  0. 0.]
 [1. 1. 1. 1. 1. 1. 1. 1. 1. 1. 1. 0. 1. 1. 1. 1. 1. 1. 1. 1. 1. 1. 1. 0.
  1. 1. 1. 1. 1. 1. 1. 1. 0. 1. 1. 0. 1. 1. 1. 1. 1. 1. 1. 1. 1. 1. 1. 1.
  1. 1.]
 [1. 1. 1. 1. 1. 1. 1. 1. 0. 0. 1. 1. 0. 1. 1. 1. 0. 1. 1. 1. 1. 1. 1. 1.
  1. 1. 1. 1. 1. 1. 1. 1. 0. 1. 1. 1. 1. 1. 1. 1. 1. 1. 0. 1. 0. 1. 1. 0.
  1. 1.]
 [1. 0. 1. 1. 1. 0. 1. 1. 0. 1. 1. 1. 1. 0. 0. 1. 1. 1. 1. 1. 1. 1. 1. 1.
  0. 1. 1. 1. 0. 0. 1. 1. 1. 0. 1. 1. 1. 1. 0. 1. 1. 1. 1. 1. 1. 1. 1. 1.
  1. 1.]
 [1. 1. 1. 1. 1. 1. 1. 1. 1. 1. 0. 1. 1. 0. 0. 1. 1. 1. 0. 0. 1. 1. 1. 1.
  1. 1. 1. 0. 1. 1. 1. 0. 1. 1. 0. 0. 1. 1. 0. 1. 1. 0. 0. 1. 1. 1. 0. 1.
  1. 0.]
 [0. 1. 1. 0. 1. 1. 1. 1. 1. 0. 1. 1. 1. 1. 1. 0. 1. 1. 1. 1. 1. 1. 1. 1.
  1. 1. 0. 1. 0. 1. 1. 1. 1. 1. 0. 1. 1. 1. 1. 1. 1. 1. 0. 1. 1. 1. 1. 1.
  1. 1.]
 [1. 1. 1. 0. 1. 1. 1. 0. 1. 0. 1. 1. 0. 1. 1. 1. 0. 1. 1. 1. 0. 1. 1. 1.
  1. 1. 1. 1. 1. 1. 0. 1. 1. 1. 1. 0. 0. 1. 1. 1. 0. 1. 1. 1. 1. 1. 1. 1.
  1. 1.]
 [1. 1. 0. 1. 1. 1. 1. 1. 1. 1. 1. 1. 1. 1. 1. 1. 1. 0. 1. 1. 1. 1. 1. 1.
  1. 1. 1. 1. 1. 0. 0. 1. 1. 1. 1. 0. 1. 0. 1. 0. 1. 1. 1. 1. 0. 1. 1. 1.
  1. 1.]
 [1. 1. 1. 1. 1. 1. 1. 1. 1. 1. 1. 1. 1. 1. 0. 1. 1. 1. 0. 1. 1. 0. 1. 0.
  0. 1. 0. 0. 1. 1. 1. 1. 0. 1. 0. 1. 0. 1. 1. 1. 1. 1. 0. 1. 0. 0. 1. 1.
  0. 1.]
 [0. 1. 1. 1. 1. 1. 1. 1. 0. 1. 1. 1. 1. 1. 0. 1. 1. 1. 1. 0. 1. 1. 1. 1.
  1. 1. 1. 1. 1. 1. 1. 1. 1. 1. 1. 1. 1. 1. 1. 0. 1. 0. 1. 1. 1. 1. 1. 0.
  0. 1.]
 [1. 1. 1. 1. 0. 1. 1. 1. 0. 1. 0. 1. 1. 1. 1. 1. 0. 1. 1. 1. 0. 0. 0. 0.
  0. 0. 0. 0. 0. 0. 0. 0. 0. 0. 0. 0. 0. 0. 0. 0. 0. 0. 0. 0. 0. 0. 0. 0.
  0. 0.]
 [1. 1. 1. 1. 1. 0. 1. 1. 1. 1. 1. 1. 1. 1. 1. 1. 1. 1. 0. 1. 0. 0. 0. 0.
  0. 0. 0. 0. 0. 0. 0. 0. 0. 0. 0. 0. 0. 0. 0. 0. 0. 0. 0. 0. 0. 0. 0. 0.
  0. 0.]
 [1. 1. 1. 1. 1. 0. 0. 1. 1. 1. 1. 1. 1. 1. 1. 1. 1. 1. 1. 1. 0. 0. 0. 0.
  0. 0. 0. 0. 0. 0. 0. 0. 0. 0. 0. 0. 0. 0. 0. 0. 0. 0. 0. 0. 0. 0. 0. 0.
  0. 0.]
 [1. 1. 1. 1. 1. 1. 1. 1. 1. 1. 0. 0. 1. 1. 1. 1. 1. 1. 0. 1. 0. 0. 0. 0.
  0. 0. 0. 0. 0. 0. 0. 0. 0. 0. 0. 0. 0. 0. 0. 0. 0. 0. 0. 0. 0. 0. 0. 0.
  0. 0.]
 [1. 1. 1. 1. 1. 1. 1. 1. 1. 1. 1. 1. 1. 0. 1. 1. 1. 1. 0. 1. 0. 0. 0. 0.
  0. 0. 0. 0. 0. 0. 0. 0. 0. 0. 0. 0. 0. 0. 0. 0. 0. 0. 0. 0. 0. 0. 0. 0.
  0. 0.]
 [0. 0. 0. 1. 1. 1. 1. 1. 1. 0. 1. 1. 1. 1. 1. 1. 1. 1. 1. 1. 0. 0. 0. 0.
  0. 0. 0. 0. 0. 0. 0. 0. 0. 0. 0. 0. 0. 0. 0. 0. 0. 0. 0. 0. 0. 0. 0. 0.
  0. 0.]
 [1. 1. 0. 1. 1. 1. 1. 1. 0. 1. 0. 1. 1. 1. 1. 0. 1. 1. 0. 1. 0. 0. 0. 0.
  0. 0. 0. 0. 0. 0. 0. 0. 0. 0. 0. 0. 0. 0. 0. 0. 0. 0. 0. 0. 0. 0. 0. 0.
  0. 0.]
 [0. 1. 0. 1. 1. 1. 1. 0. 0. 0. 1. 1. 1. 1. 0. 1. 1. 1. 0. 1. 0. 0. 0. 0.
  0. 0. 0. 0. 0. 0. 0. 0. 0. 0. 0. 0. 0. 0. 0. 0. 0. 0. 0. 0. 0. 0. 0. 0.
  0. 0.]
 [1. 1. 0. 1. 1. 1. 0. 0. 1. 0. 1. 1. 1. 0. 1. 0. 1. 1. 1. 1. 0. 0. 0. 0.
  0. 0. 0. 0. 0. 0. 0. 0. 0. 0. 0. 0. 0. 0. 0. 0. 0. 0. 0. 0. 0. 0. 0. 0.
  0. 0.]
 [0. 1. 0. 0. 1. 1. 1. 1. 1. 1. 1. 1. 1. 0. 1. 1. 1. 0. 1. 1. 0. 0. 0. 0.
  0. 0. 0. 0. 0. 0. 0. 0. 0. 0. 0. 0. 0. 0. 0. 0. 0. 0. 0. 0. 0. 0. 0. 0.
  0. 0.]
 [1. 0. 1. 1. 1. 1. 1. 1. 0. 1. 1. 1. 1. 1. 1. 1. 0. 0. 1. 1. 0. 0. 0. 0.
  0. 0. 0. 0. 0. 0. 0. 0. 0. 0. 0. 0. 0. 0. 0. 0. 0. 0. 0. 0. 0. 0. 0. 0.
  0. 0.]
 [1. 1. 1. 1. 0. 0. 1. 1. 1. 0. 1. 1. 1. 1. 0. 1. 1. 1. 1. 1. 0. 0. 0. 0.
  0. 0. 0. 0. 0. 0. 0. 0. 0. 0. 0. 0. 0. 0. 0. 0. 0. 0. 0. 0. 0. 0. 0. 0.
  0. 0.]
 [1. 1. 0. 1. 0. 1. 0. 0. 1. 0. 1. 0. 0. 1. 1. 1. 1. 1. 0. 1. 0. 0. 0. 0.
  0. 0. 0. 0. 0. 0. 0. 0. 0. 0. 0. 0. 0. 0. 0. 0. 0. 0. 0. 0. 0. 0. 0. 0.
  0. 0.]
 [1. 1. 1. 1. 0. 1. 1. 1. 1. 1. 1. 1. 1. 0. 1. 1. 1. 1. 1. 1. 0. 0. 0. 0.
  0. 0. 0. 0. 0. 0. 0. 0. 0. 0. 0. 0. 0. 0. 0. 0. 0. 0. 0. 0. 0. 0. 0. 0.
  0. 0.]
 [1. 0. 1. 1. 1. 1. 1. 1. 1. 1. 1. 1. 1. 1. 0. 0. 1. 1. 0. 1. 0. 0. 0. 0.
  0. 0. 0. 0. 0. 0. 0. 0. 0. 0. 0. 0. 0. 0. 0. 0. 0. 0. 0. 0. 0. 0. 0. 0.
  0. 0.]
 [1. 1. 1. 1. 1. 1. 1. 0. 1. 0. 0. 0. 1. 1. 0. 1. 0. 0. 1. 1. 0. 0. 0. 0.
  0. 0. 0. 0. 0. 0. 0. 0. 0. 0. 0. 0. 0. 0. 0. 0. 0. 0. 0. 0. 0. 0. 0. 0.
  0. 0.]
 [1. 0. 1. 1. 0. 1. 0. 1. 1. 1. 1. 1. 1. 1. 1. 1. 0. 1. 0. 1. 0. 0. 0. 0.
  0. 0. 0. 0. 0. 0. 0. 0. 0. 0. 0. 0. 0. 0. 0. 0. 0. 0. 0. 0. 0. 0. 0. 0.
  0. 0.]
 [1. 1. 1. 0. 1. 1. 0. 0. 1. 1. 0. 1. 1. 1. 1. 1. 1. 0. 1. 1. 0. 0. 0. 0.
  0. 0. 0. 0. 0. 0. 0. 0. 0. 0. 0. 0. 0. 0. 0. 0. 0. 0. 0. 0. 0. 0. 0. 0.
  0. 0.]
 [1. 0. 1. 1. 1. 1. 1. 0. 1. 1. 1. 1. 1. 0. 0. 1. 1. 1. 1. 1. 0. 0. 0. 0.
  0. 0. 0. 0. 0. 0. 0. 0. 0. 0. 0. 0. 0. 0. 0. 0. 0. 0. 0. 0. 0. 0. 0. 0.
  0. 0.]
 [1. 1. 1. 0. 0. 1. 1. 1. 1. 1. 1. 1. 1. 1. 1. 1. 1. 0. 1. 0. 0. 0. 0. 0.
  0. 0. 0. 0. 0. 0. 0. 0. 0. 0. 0. 0. 0. 0. 0. 0. 0. 0. 0. 0. 0. 0. 0. 0.
  0. 0.]
 [1. 1. 1. 0. 1. 1. 1. 1. 1. 1. 1. 1. 1. 1. 1. 1. 0. 1. 1. 1. 0. 0. 0. 0.
  0. 0. 0. 0. 0. 0. 0. 0. 0. 0. 0. 0. 0. 0. 0. 0. 0. 0. 0. 0. 0. 0. 0. 0.
  0. 0.]
 [1. 0. 1. 1. 1. 1. 1. 1. 1. 1. 1. 1. 1. 1. 0. 1. 1. 1. 1. 0. 0. 0. 0. 0.
  0. 0. 0. 0. 0. 0. 0. 0. 0. 0. 0. 0. 0. 0. 0. 0. 0. 0. 0. 0. 0. 0. 0. 0.
  0. 0.]
 [0. 1. 0. 1. 1. 1. 1. 1. 1. 1. 1. 1. 0. 1. 0. 0. 1. 1. 0. 1. 0. 0. 0. 0.
  0. 0. 0. 0. 0. 0. 0. 0. 0. 0. 0. 0. 0. 0. 0. 0. 0. 0. 0. 0. 0. 0. 0. 0.
  0. 0.]
 [1. 1. 1. 0. 1. 1. 1. 1. 0. 1. 1. 1. 1. 1. 1. 1. 1. 1. 1. 1. 0. 0. 0. 0.
  0. 0. 0. 0. 0. 0. 0. 0. 0. 0. 0. 0. 0. 0. 0. 0. 0. 0. 0. 0. 0. 0. 0. 0.
  0. 0.]
 [1. 1. 0. 1. 0. 1. 1. 1. 1. 1. 1. 1. 0. 1. 1. 1. 1. 0. 0. 1. 0. 0. 0. 0.
  0. 0. 0. 0. 0. 0. 0. 0. 0. 0. 0. 0. 0. 0. 0. 0. 0. 0. 0. 0. 0. 0. 0. 0.
  0. 0.]
 [0. 1. 1. 1. 0. 1. 1. 1. 1. 1. 1. 1. 1. 1. 1. 1. 1. 1. 0. 1. 0. 0. 0. 0.
  0. 0. 0. 0. 0. 0. 0. 0. 0. 0. 0. 0. 0. 0. 0. 0. 0. 0. 0. 0. 0. 0. 0. 0.
  0. 0.]
 [0. 1. 1. 0. 0. 0. 1. 0. 1. 1. 1. 1. 1. 1. 0. 1. 1. 1. 1. 1. 0. 0. 0. 0.
  0. 0. 0. 0. 0. 0. 0. 0. 0. 0. 0. 0. 0. 0. 0. 0. 0. 0. 0. 0. 0. 0. 0. 0.
  0. 0.]
 [1. 1. 0. 1. 0. 1. 1. 1. 1. 0. 1. 1. 0. 1. 1. 1. 1. 1. 1. 0. 0. 0. 0. 0.
  0. 0. 0. 0. 0. 0. 0. 0. 0. 0. 0. 0. 0. 0. 0. 0. 0. 0. 0. 0. 0. 0. 0. 0.
  0. 0.]
 [1. 0. 1. 1. 0. 0. 1. 1. 1. 1. 0. 1. 1. 1. 1. 1. 1. 1. 0. 0. 0. 0. 0. 0.
  0. 0. 0. 0. 0. 0. 0. 0. 0. 0. 0. 0. 0. 0. 0. 0. 0. 0. 0. 0. 0. 0. 0. 0.
  0. 0.]
 [1. 1. 1. 0. 1. 1. 1. 1. 1. 1. 0. 1. 1. 1. 0. 1. 1. 1. 1. 1. 0. 0. 0. 0.
  0. 0. 0. 0. 0. 0. 0. 0. 0. 0. 0. 0. 0. 0. 0. 0. 0. 0. 0. 0. 0. 0. 0. 0.
  0. 0.]]
start_times_array: [[34875.         35046.         35072.         35088.
  35102.         35145.         35173.         35259.
  35351.         35383.         35456.         35517.
  35530.         35578.         35648.         35716.
  35772.         35856.         35879.         35973.        ]
 [33867.         33944.         33976.         34031.
  34053.         34136.         34155.         34204.
  34284.         34311.         34380.         34426.
  34512.         34563.         34564.         34652.
  34729.         34827.         34959.         34983.        ]
 [32726.         32762.         32830.         32872.
  33004.         33038.         33111.         33125.
  33207.         33222.         33257.         33349.
  33359.         33402.         33420.         33493.
  33562.         33617.         33680.         33769.        ]
 [31837.         31887.         31910.         31939.
  31947.         32040.         32059.         32123.
  32170.         32189.         32193.         32277.
  32349.         32351.         32440.         32517.
  32529.         32621.         32688.         32917.        ]
 [30791.         30970.         31037.         31136.
  31145.         31234.         31292.         31308.
  31343.         31373.         31431.         31459.
  31529.         31611.         31641.         31725.
  31730.         31743.         31746.         31879.        ]
 [30179.         30213.         30247.         30279.
  30296.         30345.         30358.         30362.
  30369.         30407.         30469.         30515.
  30544.         30631.         30654.         30698.
  30848.         30863.         30872.         30928.        ]
 [29026.         29030.         29344.         29407.
  29426.         29444.         29492.         29539.
  29589.         29671.         29765.         29787.
  29794.         29863.         29931.         29965.
  30040.         30053.         30108.         30119.        ]
 [28161.         28226.         28246.         28332.
  28334.         28424.         28456.         28510.
  28550.         28590.         28593.         28613.
  28681.         28765.         28805.         28896.
  28949.         29101.         29184.         29281.        ]
 [27227.         27272.         27344.         27352.
  27413.         27464.         27560.         27654.
  27752.         27835.         27883.         27889.
  27911.         27961.         27985.         28021.
  28042.         28059.         28107.         28205.        ]
 [26221.         26245.         26265.         26357.
  26404.         26503.         26588.         26608.
  26698.         26699.         26719.         26755.
  26813.         26815.         26901.         26943.
  26981.         27050.         27129.         27172.        ]
 [24761.         25202.         25223.         25318.
  25371.         25446.         25536.         25630.
  25673.         25745.         25783.         25843.
  25873.         25879.         25954.         25985.
  26072.         26135.         26159.         26175.        ]
 [23909.         23914.         23962.         24050.
  24128.         24212.         24297.         24298.
  24377.         24472.         24514.         24535.
  24604.         24693.         24823.         24879.
  24909.         25005.         25103.         25178.        ]
 [22970.         23028.         23077.         23130.
  23215.         23235.         23250.         23294.
  23391.         23415.         23427.         23525.
  23578.         23645.         23655.         23746.
  23793.         23871.         23876.         23904.        ]
 [22084.         22139.         22169.         22237.
  22271.         22274.         22332.         22350.
  22370.         22403.         22465.         22535.
  22622.         22677.         22768.         22770.
  22803.         22825.         22845.         22871.        ]
 [20869.         20933.         21115.         21209.
  21243.         21247.         21325.         21335.
  21402.         21479.         21532.         21599.
  21690.         21714.         21744.         21820.
  21890.         21946.         22035.         22388.00405587]
 [19521.         20047.         20056.         20136.
  20181.         20245.         20318.         20380.
  20391.         20422.         20499.         20560.
  20580.         20634.         20671.         20688.
  20719.         20751.         20849.         21021.        ]
 [18791.         18805.         18977.         19050.
  19134.         19209.         19298.         19339.
  19398.         19456.         19500.         19616.
  19677.         19768.         19793.         19841.
  19853.         19890.         19970.         20085.        ]
 [17431.         17737.         17829.         17840.
  17913.         17917.         17926.         18021.
  18043.         18075.         18164.         18228.
  18247.         18316.         18399.         18490.
  18524.         18604.         18698.         18895.        ]
 [16440.         16543.         16622.         16701.
  16703.         16800.         16868.         16966.
  17044.         17066.         17107.         17165.
  17264.         17316.         17383.         17478.
  17511.         17559.         17617.         17698.        ]
 [15353.         15373.         15604.         15668.
  15763.         15769.         15795.         15834.
  15860.         15952.         15964.         16029.
  16043.         16114.         16145.         16242.
  16266.         16351.         16532.         16696.        ]
 [14270.         14347.         14429.         14465.
  14517.         14611.         14698.         14705.
  14770.         14810.         14871.         14950.
  15078.         15085.         15156.         15205.
  15223.         15284.         15469.         15519.        ]
 [12813.         13542.         13996.         14084.
  14443.         14478.         14498.         14567.
  14655.         14698.         14792.         14843.
  14937.         14949.         15039.         15075.
  15078.         15177.         15214.         15222.        ]
 [13422.         13476.         13542.         13634.
  13695.         13706.         13846.         13900.
  13954.         13996.         14083.         14169.
  14203.         14210.         14270.         14322.
  14418.         14443.         14498.         14547.        ]
 [10404.         10423.         12606.         12666.
  12739.         12830.         12929.         12974.
  13497.         13577.         13656.         13753.
  13846.         13931.         14003.         14099.
  14151.         14221.         14232.         14347.        ]
 [11822.         12556.         12825.         12876.
  12925.         12956.         12995.         13089.
  13177.         13223.         13321.         13387.
  13394.         13414.         13467.         13476.
  13483.         13497.         13582.         13656.        ]
 [11196.         11592.         11872.         11950.
  12004.         12059.         12104.         12163.
  12240.         12271.         12664.         12724.
  12785.         12847.         12906.         12995.
  13020.         13048.         13077.         13126.        ]
 [11694.         11752.         11813.         11820.
  11898.         11973.         11976.         12069.
  12089.         12270.         12365.         12403.
  12461.         12531.         12606.         12612.
  12638.         12664.         12718.         12813.        ]
 [11115.         11196.         11267.         11289.
  11345.         11604.         11629.         11694.
  11784.         11813.         11860.         11868.
  11907.         11916.         11974.         12069.
  12094.         12095.         12160.         12204.        ]
 [10085.         10266.         10353.         10705.
  10748.         10843.         10885.         10891.
  11076.         11081.         11093.         11147.
  11165.         11248.         11275.         11313.
  11362.         11456.         11551.         11629.        ]
 [ 8654.          8672.          8739.         10050.
  10060.         10187.         10212.         10284.
  10353.         10368.         10385.         10416.
  10500.         10683.         10730.         10784.
  10894.         10979.         11026.         11066.        ]
 [ 3310.          7853.          9102.          9113.
   9628.         10105.         10187.         10263.
  10274.         10326.         10346.         10381.
  10454.         10535.         10577.         10581.
  10608.         10622.         10695.         10705.        ]
 [ 8943.          8997.          9078.          9130.
   9155.          9233.          9256.          9294.
   9369.          9391.          9516.          9590.
   9684.          9741.          9823.          9874.
   9928.          9953.         10050.         10141.        ]
 [ 8342.          8393.          8414.          8450.
   8545.          8777.          8867.          8943.
   9027.          9064.          9102.          9132.
   9154.          9182.          9272.          9278.
   9369.          9442.          9535.          9590.        ]
 [ 5074.          7462.          7479.          7837.
   8188.          8282.          8365.          8414.
   8469.          8531.          8558.          8653.
   8723.          8773.          8794.          8845.
   8864.          8884.          8943.          9072.        ]
 [ 5072.          5443.          7795.          7853.
   8151.          8217.          8298.          8370.
   8411.          8429.          8514.          8570.
   8572.          8653.          8654.          8690.
   8741.          8766.          8777.          8798.        ]
 [ 6724.          6811.          6876.          7914.
   7999.          8036.          8062.          8151.
   8178.          8188.          8201.          8263.
   8293.          8317.          8396.          8494.
   8555.          8620.          8649.          8676.        ]
 [ 6256.          6270.          7321.          7332.
   7361.          7379.          7418.          7439.
   7519.          7560.          7622.          7694.
   7743.          7795.          7878.          7914.
   7945.          7996.          8053.          8086.        ]
 [ 5006.          5669.          5765.          6685.
   6724.          6730.          6797.          6856.
   6947.          7028.          7118.          7125.
   7174.          7270.          7321.          7359.
   7415.          7462.          7557.          7580.        ]
 [ 5283.          5361.          5457.          5536.
   5571.          5669.          5679.          6090.
   6172.          6228.          6259.          6347.
   6399.          6495.          6570.          6624.
   6636.          6699.          6743.          6786.        ]
 [ 4875.          5154.          5227.          5710.
   5762.          5854.          5931.          5988.
   6054.          6090.          6097.          6103.
   6172.          6256.          6310.          6363.
   6460.          6498.          6591.          6619.        ]
 [   74.          3705.          3793.          3810.
   4668.          4948.          5006.          5208.
   5283.          5340.          5345.          5367.
   5378.          5454.          5547.          5558.
   5621.          5710.          5806.          5821.        ]
 [ 3156.          3204.          4562.          4575.
   4707.          4784.          4793.          4853.
   4861.          4948.          4977.          5033.
   5072.          5154.          5188.          5208.
   5266.          5307.          5355.          5411.        ]
 [ 3474.          3628.          3705.          3903.
   3963.          4014.          4476.          4532.
   4618.          4668.          4707.          4732.
   4822.          4836.          4903.          4977.
   5019.          5047.          5083.          5090.        ]
 [  934.          1160.          2701.          3183.
   3646.          3719.          4065.          4141.
   4200.          4260.          4280.          4363.
   4451.          4476.          4553.          4626.
   4670.          4700.          4784.          4812.        ]
 [ 1787.          2711.          2722.          2798.
   3153.          3165.          3232.          3265.
   3282.          3294.          3352.          3408.
   3576.          3672.          4005.          4033.
   4066.          4141.          4240.          4280.        ]
 [ 2937.          3027.          3028.          3096.
   3100.          3195.          3204.          3265.
   3310.          3373.          3408.          3489.
   3566.          3575.          3628.          3672.
   3731.          3827.          3903.          4642.        ]
 [  900.          2111.          2190.          2250.
   2348.          2351.          2355.          2403.
   2475.          2516.          2606.          2700.
   2711.          2741.          2751.          2792.
   2871.          2937.          2948.          3035.        ]
 [  855.           946.          1011.          1373.
   1423.          1489.          1524.          1594.
   1692.          1772.          1819.          1828.
   1835.          1902.          1924.          2019.
   2030.          2086.          2111.          2880.        ]
 [  142.           165.           240.           804.
    855.           900.           923.           975.
   1052.          1128.          1176.          1228.
   1281.          1334.          1352.          1355.
   1373.          1429.          1527.          1598.        ]
 [    0.            64.            84.           173.
    200.           205.           252.           344.
    367.           445.           509.           586.
    598.           647.           687.           690.
    750.           943.           980.           995.        ]]
