optimal_status: 0
solution: 78659.0
cpu_time: 3600.3457338809967
gap: 0.9756748147500238
upper_bound: 1913.394746577878
lower_bound: 78659.0
cg_matrix: [[0. 1. 1. 0. 1. 1. 0. 1. 1. 1. 1. 0. 1. 1. 1. 0. 1. 1. 1. 1. 1. 1. 1. 1.
  1. 1. 1. 0. 1. 0. 1. 1. 0. 1. 1. 1. 1. 0. 1. 0. 1. 1. 1. 1. 1. 1. 0. 1.
  1. 1. 1. 1. 1. 0. 1. 1. 0. 1. 1. 1. 1. 1. 1. 0. 1. 0. 1. 1. 1. 1. 1. 1.
  0. 0. 1. 1. 1. 1. 1. 1. 1. 1. 0. 0. 1. 1. 1. 0. 1. 0. 0. 1. 1. 1. 1. 1.
  1. 0. 0. 1.]
 [1. 0. 1. 1. 0. 1. 1. 1. 1. 1. 1. 1. 1. 0. 1. 1. 1. 1. 1. 1. 1. 1. 1. 1.
  1. 0. 1. 1. 1. 1. 0. 1. 1. 1. 1. 0. 1. 1. 1. 0. 0. 1. 1. 1. 1. 0. 1. 1.
  1. 1. 1. 1. 1. 1. 1. 1. 1. 1. 1. 1. 1. 1. 1. 1. 1. 1. 1. 1. 1. 1. 1. 1.
  1. 1. 0. 1. 1. 1. 1. 1. 1. 1. 1. 0. 1. 1. 1. 1. 0. 1. 1. 1. 1. 1. 1. 1.
  0. 1. 1. 1.]
 [1. 1. 0. 1. 1. 1. 1. 1. 1. 1. 1. 1. 1. 1. 1. 1. 1. 1. 1. 0. 0. 0. 1. 0.
  1. 1. 0. 1. 1. 1. 1. 0. 1. 0. 1. 1. 1. 1. 1. 1. 1. 1. 0. 1. 1. 1. 1. 1.
  0. 1. 1. 1. 1. 0. 1. 1. 1. 1. 0. 1. 1. 1. 1. 1. 1. 1. 1. 1. 1. 1. 0. 0.
  1. 1. 1. 1. 1. 1. 0. 1. 0. 1. 1. 1. 1. 0. 1. 1. 0. 1. 1. 1. 1. 1. 1. 1.
  1. 1. 0. 0.]
 [0. 1. 1. 0. 1. 1. 1. 1. 1. 1. 1. 1. 1. 1. 1. 1. 1. 0. 1. 1. 1. 0. 1. 1.
  0. 0. 1. 1. 1. 1. 1. 0. 1. 0. 1. 1. 1. 1. 1. 1. 0. 1. 1. 0. 1. 1. 1. 1.
  1. 1. 1. 1. 1. 1. 1. 0. 1. 0. 1. 1. 0. 0. 1. 1. 1. 1. 1. 0. 1. 1. 1. 1.
  0. 1. 1. 1. 1. 1. 1. 1. 1. 0. 0. 0. 1. 1. 1. 1. 0. 1. 1. 0. 1. 1. 0. 1.
  1. 1. 1. 0.]
 [1. 0. 1. 1. 0. 1. 1. 1. 0. 1. 1. 0. 1. 1. 0. 1. 1. 1. 1. 1. 1. 1. 1. 0.
  1. 1. 1. 1. 1. 1. 0. 1. 1. 1. 1. 0. 1. 0. 1. 0. 0. 1. 1. 1. 0. 1. 1. 1.
  1. 1. 1. 1. 1. 1. 1. 1. 1. 1. 1. 0. 1. 1. 1. 0. 1. 1. 0. 0. 1. 1. 1. 1.
  1. 1. 1. 1. 1. 1. 1. 0. 1. 1. 0. 1. 1. 1. 0. 1. 1. 1. 1. 1. 1. 1. 1. 1.
  1. 1. 1. 1.]
 [1. 1. 1. 1. 1. 0. 1. 1. 0. 1. 0. 1. 1. 1. 1. 1. 1. 1. 1. 1. 1. 1. 1. 1.
  1. 0. 0. 1. 1. 1. 1. 0. 1. 1. 1. 1. 0. 1. 1. 1. 1. 0. 1. 1. 1. 0. 1. 1.
  0. 1. 1. 0. 1. 1. 1. 1. 1. 1. 1. 1. 0. 0. 1. 1. 1. 1. 1. 1. 1. 1. 0. 1.
  1. 1. 1. 1. 1. 1. 1. 0. 1. 1. 1. 1. 1. 1. 1. 1. 1. 1. 0. 0. 1. 1. 1. 1.
  1. 1. 1. 1.]
 [0. 1. 1. 1. 1. 1. 0. 1. 1. 1. 0. 1. 1. 1. 1. 1. 0. 0. 0. 1. 1. 1. 1. 1.
  1. 1. 1. 0. 1. 0. 1. 1. 1. 0. 1. 0. 1. 1. 1. 1. 0. 1. 1. 1. 0. 1. 1. 1.
  1. 1. 1. 1. 1. 1. 1. 1. 1. 1. 0. 1. 1. 1. 1. 1. 0. 1. 1. 0. 0. 0. 0. 1.
  1. 1. 1. 1. 1. 1. 1. 0. 1. 0. 1. 0. 1. 1. 1. 1. 1. 1. 1. 0. 1. 1. 1. 0.
  1. 1. 0. 0.]
 [1. 1. 1. 1. 1. 1. 1. 0. 1. 0. 1. 1. 1. 1. 0. 1. 0. 0. 1. 1. 0. 1. 1. 0.
  1. 1. 1. 1. 0. 1. 1. 1. 1. 1. 1. 1. 1. 1. 1. 0. 1. 1. 1. 1. 1. 0. 1. 1.
  0. 1. 0. 1. 0. 1. 1. 1. 1. 0. 0. 0. 1. 1. 1. 1. 1. 0. 1. 1. 1. 1. 1. 1.
  1. 1. 1. 1. 0. 1. 0. 0. 1. 1. 1. 1. 1. 1. 0. 0. 1. 0. 1. 1. 1. 1. 1. 1.
  1. 1. 1. 1.]
 [1. 1. 1. 1. 0. 0. 1. 1. 0. 0. 1. 1. 1. 1. 0. 1. 1. 0. 0. 1. 1. 1. 1. 1.
  1. 1. 1. 1. 1. 1. 1. 1. 1. 1. 1. 1. 1. 1. 1. 0. 0. 0. 1. 1. 0. 1. 1. 0.
  1. 1. 1. 1. 1. 0. 1. 0. 1. 1. 1. 1. 0. 0. 0. 1. 0. 1. 1. 1. 1. 0. 1. 1.
  1. 1. 1. 1. 1. 1. 0. 1. 0. 0. 1. 0. 1. 1. 1. 1. 1. 0. 1. 0. 1. 1. 1. 1.
  0. 1. 1. 1.]
 [1. 1. 1. 1. 1. 1. 1. 0. 0. 0. 1. 1. 0. 1. 1. 1. 1. 1. 0. 1. 0. 1. 1. 1.
  1. 1. 1. 0. 1. 1. 1. 1. 0. 1. 1. 1. 0. 1. 1. 1. 1. 1. 1. 0. 1. 0. 1. 1.
  1. 1. 1. 1. 1. 1. 1. 1. 1. 1. 1. 1. 1. 1. 0. 1. 1. 1. 1. 0. 0. 1. 0. 1.
  0. 1. 1. 0. 1. 1. 1. 1. 0. 1. 1. 1. 0. 1. 1. 1. 0. 1. 0. 0. 1. 1. 1. 1.
  0. 1. 1. 1.]
 [1. 1. 1. 1. 1. 0. 0. 1. 1. 1. 0. 1. 0. 0. 1. 1. 1. 1. 1. 1. 1. 1. 1. 1.
  1. 1. 0. 0. 0. 1. 0. 1. 1. 0. 1. 1. 0. 1. 1. 1. 1. 1. 1. 1. 1. 0. 1. 1.
  1. 1. 1. 0. 1. 1. 0. 1. 1. 0. 1. 1. 1. 1. 1. 0. 1. 1. 1. 1. 1. 1. 0. 1.
  1. 1. 1. 1. 1. 1. 1. 0. 0. 1. 1. 1. 1. 1. 1. 1. 1. 1. 0. 1. 1. 0. 0. 1.
  1. 0. 1. 1.]
 [0. 1. 1. 1. 0. 1. 1. 1. 1. 1. 1. 0. 0. 1. 1. 1. 1. 1. 1. 1. 1. 0. 1. 1.
  1. 1. 1. 0. 1. 1. 1. 1. 1. 0. 1. 1. 1. 1. 1. 1. 1. 1. 1. 0. 1. 0. 1. 0.
  1. 1. 1. 1. 0. 1. 1. 1. 1. 1. 1. 1. 0. 1. 1. 1. 1. 1. 1. 1. 1. 1. 1. 1.
  0. 1. 1. 1. 0. 0. 1. 1. 1. 1. 1. 1. 0. 1. 1. 0. 1. 0. 1. 0. 1. 1. 1. 0.
  1. 0. 1. 1.]
 [1. 1. 1. 1. 1. 1. 1. 1. 1. 0. 0. 0. 0. 1. 0. 1. 1. 1. 1. 1. 1. 1. 1. 1.
  1. 1. 0. 0. 1. 1. 0. 1. 0. 1. 1. 1. 0. 0. 1. 1. 1. 1. 1. 1. 1. 1. 1. 1.
  1. 1. 1. 1. 1. 1. 1. 1. 1. 0. 1. 1. 1. 1. 1. 1. 1. 1. 1. 1. 1. 0. 1. 1.
  1. 0. 1. 1. 1. 1. 1. 0. 1. 1. 1. 1. 0. 1. 0. 1. 1. 1. 1. 1. 1. 1. 1. 1.
  1. 1. 1. 1.]
 [1. 0. 1. 1. 1. 1. 1. 1. 1. 1. 0. 1. 1. 0. 1. 1. 1. 1. 1. 1. 1. 1. 1. 1.
  1. 0. 1. 1. 1. 1. 1. 1. 1. 1. 1. 1. 1. 1. 0. 1. 1. 1. 1. 0. 1. 0. 1. 0.
  0. 1. 0. 1. 1. 1. 1. 1. 1. 1. 1. 1. 1. 1. 1. 1. 0. 1. 1. 1. 1. 1. 1. 0.
  1. 1. 1. 1. 1. 1. 1. 1. 1. 1. 1. 0. 0. 1. 1. 1. 1. 1. 1. 1. 1. 0. 1. 1.
  1. 1. 1. 1.]
 [1. 1. 1. 1. 0. 1. 1. 0. 0. 1. 1. 1. 0. 1. 0. 0. 1. 1. 1. 1. 1. 0. 1. 1.
  1. 0. 1. 1. 1. 1. 1. 1. 1. 1. 1. 1. 0. 1. 1. 1. 1. 0. 1. 0. 1. 0. 0. 0.
  1. 1. 1. 1. 1. 1. 1. 1. 1. 1. 1. 0. 1. 1. 1. 1. 1. 1. 1. 0. 1. 0. 1. 1.
  1. 1. 1. 1. 1. 1. 1. 1. 1. 1. 1. 1. 1. 1. 1. 1. 1. 0. 0. 1. 0. 1. 1. 1.
  1. 1. 1. 1.]
 [0. 1. 1. 1. 1. 1. 1. 1. 1. 1. 1. 1. 1. 1. 0. 0. 0. 1. 1. 0. 1. 1. 1. 1.
  1. 1. 1. 0. 1. 1. 1. 1. 0. 1. 1. 1. 1. 1. 1. 1. 0. 1. 1. 1. 1. 0. 1. 1.
  1. 1. 0. 1. 1. 1. 1. 1. 0. 1. 1. 0. 1. 0. 1. 1. 1. 1. 0. 0. 1. 1. 1. 1.
  1. 1. 1. 0. 1. 1. 1. 1. 1. 1. 1. 1. 1. 1. 1. 0. 1. 0. 1. 1. 1. 1. 1. 1.
  1. 1. 0. 1.]
 [1. 1. 1. 1. 1. 1. 0. 0. 1. 1. 1. 1. 1. 1. 1. 0. 0. 1. 1. 1. 1. 1. 1. 1.
  1. 1. 1. 1. 1. 1. 1. 1. 1. 1. 0. 1. 1. 1. 0. 0. 1. 1. 0. 1. 1. 0. 1. 0.
  1. 0. 1. 0. 0. 1. 1. 1. 1. 0. 0. 0. 0. 1. 1. 0. 0. 0. 0. 1. 1. 1. 1. 1.
  1. 0. 1. 0. 1. 1. 1. 1. 1. 1. 1. 1. 1. 1. 1. 1. 1. 1. 0. 1. 1. 1. 0. 1.
  0. 1. 1. 0.]
 [1. 1. 1. 0. 1. 1. 0. 0. 0. 1. 1. 1. 1. 1. 1. 1. 1. 0. 1. 1. 0. 1. 1. 1.
  1. 1. 1. 0. 1. 1. 1. 1. 1. 1. 1. 1. 1. 1. 1. 1. 1. 1. 1. 1. 0. 1. 1. 1.
  1. 1. 1. 0. 0. 1. 0. 1. 0. 0. 1. 1. 0. 1. 1. 1. 1. 1. 1. 0. 1. 1. 1. 1.
  1. 1. 1. 1. 1. 0. 1. 1. 1. 1. 1. 1. 1. 1. 1. 1. 1. 1. 1. 0. 1. 0. 1. 1.
  1. 0. 1. 1.]
 [1. 1. 1. 1. 1. 1. 0. 1. 0. 0. 1. 1. 1. 1. 1. 1. 1. 1. 0. 1. 1. 1. 1. 1.
  1. 1. 1. 1. 0. 1. 0. 1. 0. 1. 1. 0. 1. 1. 1. 0. 1. 1. 0. 1. 1. 1. 0. 1.
  1. 0. 1. 1. 1. 0. 1. 1. 1. 1. 1. 1. 1. 0. 1. 1. 1. 1. 1. 1. 1. 1. 1. 1.
  1. 1. 0. 0. 1. 1. 1. 1. 1. 1. 0. 1. 1. 1. 1. 1. 1. 0. 1. 1. 1. 1. 1. 1.
  1. 1. 1. 1.]
 [1. 1. 0. 1. 1. 1. 1. 1. 1. 1. 1. 1. 1. 1. 1. 0. 1. 1. 1. 0. 1. 1. 1. 1.
  1. 1. 0. 1. 0. 1. 1. 0. 1. 1. 1. 1. 1. 0. 1. 1. 1. 1. 1. 1. 1. 1. 0. 1.
  1. 0. 1. 0. 1. 1. 1. 1. 0. 1. 1. 1. 0. 0. 0. 0. 0. 1. 1. 1. 1. 1. 0. 1.
  0. 1. 1. 1. 1. 1. 1. 0. 1. 1. 0. 1. 1. 0. 1. 1. 1. 0. 1. 1. 1. 1. 1. 1.
  1. 1. 1. 1.]
 [1. 1. 0. 1. 1. 1. 1. 0. 1. 0. 1. 1. 1. 1. 1. 1. 1. 0. 1. 1. 0. 0. 0. 0.
  0. 0. 0. 0. 0. 0. 0. 0. 0. 0. 0. 0. 0. 0. 0. 0. 0. 0. 0. 0. 0. 0. 0. 0.
  0. 0. 0. 0. 0. 0. 0. 0. 0. 0. 0. 0. 0. 0. 0. 0. 0. 0. 0. 0. 0. 0. 0. 0.
  0. 0. 0. 0. 0. 0. 0. 0. 0. 0. 0. 0. 0. 0. 0. 0. 0. 0. 0. 0. 0. 0. 0. 0.
  0. 0. 0. 0.]
 [1. 1. 0. 0. 1. 1. 1. 1. 1. 1. 1. 0. 1. 1. 0. 1. 1. 1. 1. 1. 0. 0. 0. 0.
  0. 0. 0. 0. 0. 0. 0. 0. 0. 0. 0. 0. 0. 0. 0. 0. 0. 0. 0. 0. 0. 0. 0. 0.
  0. 0. 0. 0. 0. 0. 0. 0. 0. 0. 0. 0. 0. 0. 0. 0. 0. 0. 0. 0. 0. 0. 0. 0.
  0. 0. 0. 0. 0. 0. 0. 0. 0. 0. 0. 0. 0. 0. 0. 0. 0. 0. 0. 0. 0. 0. 0. 0.
  0. 0. 0. 0.]
 [1. 1. 1. 1. 1. 1. 1. 1. 1. 1. 1. 1. 1. 1. 1. 1. 1. 1. 1. 1. 0. 0. 0. 0.
  0. 0. 0. 0. 0. 0. 0. 0. 0. 0. 0. 0. 0. 0. 0. 0. 0. 0. 0. 0. 0. 0. 0. 0.
  0. 0. 0. 0. 0. 0. 0. 0. 0. 0. 0. 0. 0. 0. 0. 0. 0. 0. 0. 0. 0. 0. 0. 0.
  0. 0. 0. 0. 0. 0. 0. 0. 0. 0. 0. 0. 0. 0. 0. 0. 0. 0. 0. 0. 0. 0. 0. 0.
  0. 0. 0. 0.]
 [1. 1. 0. 1. 0. 1. 1. 0. 1. 1. 1. 1. 1. 1. 1. 1. 1. 1. 1. 1. 0. 0. 0. 0.
  0. 0. 0. 0. 0. 0. 0. 0. 0. 0. 0. 0. 0. 0. 0. 0. 0. 0. 0. 0. 0. 0. 0. 0.
  0. 0. 0. 0. 0. 0. 0. 0. 0. 0. 0. 0. 0. 0. 0. 0. 0. 0. 0. 0. 0. 0. 0. 0.
  0. 0. 0. 0. 0. 0. 0. 0. 0. 0. 0. 0. 0. 0. 0. 0. 0. 0. 0. 0. 0. 0. 0. 0.
  0. 0. 0. 0.]
 [1. 1. 1. 0. 1. 1. 1. 1. 1. 1. 1. 1. 1. 1. 1. 1. 1. 1. 1. 1. 0. 0. 0. 0.
  0. 0. 0. 0. 0. 0. 0. 0. 0. 0. 0. 0. 0. 0. 0. 0. 0. 0. 0. 0. 0. 0. 0. 0.
  0. 0. 0. 0. 0. 0. 0. 0. 0. 0. 0. 0. 0. 0. 0. 0. 0. 0. 0. 0. 0. 0. 0. 0.
  0. 0. 0. 0. 0. 0. 0. 0. 0. 0. 0. 0. 0. 0. 0. 0. 0. 0. 0. 0. 0. 0. 0. 0.
  0. 0. 0. 0.]
 [1. 0. 1. 0. 1. 0. 1. 1. 1. 1. 1. 1. 1. 0. 0. 1. 1. 1. 1. 1. 0. 0. 0. 0.
  0. 0. 0. 0. 0. 0. 0. 0. 0. 0. 0. 0. 0. 0. 0. 0. 0. 0. 0. 0. 0. 0. 0. 0.
  0. 0. 0. 0. 0. 0. 0. 0. 0. 0. 0. 0. 0. 0. 0. 0. 0. 0. 0. 0. 0. 0. 0. 0.
  0. 0. 0. 0. 0. 0. 0. 0. 0. 0. 0. 0. 0. 0. 0. 0. 0. 0. 0. 0. 0. 0. 0. 0.
  0. 0. 0. 0.]
 [1. 1. 0. 1. 1. 0. 1. 1. 1. 1. 0. 1. 0. 1. 1. 1. 1. 1. 1. 0. 0. 0. 0. 0.
  0. 0. 0. 0. 0. 0. 0. 0. 0. 0. 0. 0. 0. 0. 0. 0. 0. 0. 0. 0. 0. 0. 0. 0.
  0. 0. 0. 0. 0. 0. 0. 0. 0. 0. 0. 0. 0. 0. 0. 0. 0. 0. 0. 0. 0. 0. 0. 0.
  0. 0. 0. 0. 0. 0. 0. 0. 0. 0. 0. 0. 0. 0. 0. 0. 0. 0. 0. 0. 0. 0. 0. 0.
  0. 0. 0. 0.]
 [0. 1. 1. 1. 1. 1. 0. 1. 1. 0. 0. 0. 0. 1. 1. 0. 1. 0. 1. 1. 0. 0. 0. 0.
  0. 0. 0. 0. 0. 0. 0. 0. 0. 0. 0. 0. 0. 0. 0. 0. 0. 0. 0. 0. 0. 0. 0. 0.
  0. 0. 0. 0. 0. 0. 0. 0. 0. 0. 0. 0. 0. 0. 0. 0. 0. 0. 0. 0. 0. 0. 0. 0.
  0. 0. 0. 0. 0. 0. 0. 0. 0. 0. 0. 0. 0. 0. 0. 0. 0. 0. 0. 0. 0. 0. 0. 0.
  0. 0. 0. 0.]
 [1. 1. 1. 1. 1. 1. 1. 0. 1. 1. 0. 1. 1. 1. 1. 1. 1. 1. 0. 0. 0. 0. 0. 0.
  0. 0. 0. 0. 0. 0. 0. 0. 0. 0. 0. 0. 0. 0. 0. 0. 0. 0. 0. 0. 0. 0. 0. 0.
  0. 0. 0. 0. 0. 0. 0. 0. 0. 0. 0. 0. 0. 0. 0. 0. 0. 0. 0. 0. 0. 0. 0. 0.
  0. 0. 0. 0. 0. 0. 0. 0. 0. 0. 0. 0. 0. 0. 0. 0. 0. 0. 0. 0. 0. 0. 0. 0.
  0. 0. 0. 0.]
 [0. 1. 1. 1. 1. 1. 0. 1. 1. 1. 1. 1. 1. 1. 1. 1. 1. 1. 1. 1. 0. 0. 0. 0.
  0. 0. 0. 0. 0. 0. 0. 0. 0. 0. 0. 0. 0. 0. 0. 0. 0. 0. 0. 0. 0. 0. 0. 0.
  0. 0. 0. 0. 0. 0. 0. 0. 0. 0. 0. 0. 0. 0. 0. 0. 0. 0. 0. 0. 0. 0. 0. 0.
  0. 0. 0. 0. 0. 0. 0. 0. 0. 0. 0. 0. 0. 0. 0. 0. 0. 0. 0. 0. 0. 0. 0. 0.
  0. 0. 0. 0.]
 [1. 0. 1. 1. 0. 1. 1. 1. 1. 1. 0. 1. 0. 1. 1. 1. 1. 1. 0. 1. 0. 0. 0. 0.
  0. 0. 0. 0. 0. 0. 0. 0. 0. 0. 0. 0. 0. 0. 0. 0. 0. 0. 0. 0. 0. 0. 0. 0.
  0. 0. 0. 0. 0. 0. 0. 0. 0. 0. 0. 0. 0. 0. 0. 0. 0. 0. 0. 0. 0. 0. 0. 0.
  0. 0. 0. 0. 0. 0. 0. 0. 0. 0. 0. 0. 0. 0. 0. 0. 0. 0. 0. 0. 0. 0. 0. 0.
  0. 0. 0. 0.]
 [1. 1. 0. 0. 1. 0. 1. 1. 1. 1. 1. 1. 1. 1. 1. 1. 1. 1. 1. 0. 0. 0. 0. 0.
  0. 0. 0. 0. 0. 0. 0. 0. 0. 0. 0. 0. 0. 0. 0. 0. 0. 0. 0. 0. 0. 0. 0. 0.
  0. 0. 0. 0. 0. 0. 0. 0. 0. 0. 0. 0. 0. 0. 0. 0. 0. 0. 0. 0. 0. 0. 0. 0.
  0. 0. 0. 0. 0. 0. 0. 0. 0. 0. 0. 0. 0. 0. 0. 0. 0. 0. 0. 0. 0. 0. 0. 0.
  0. 0. 0. 0.]
 [0. 1. 1. 1. 1. 1. 1. 1. 1. 0. 1. 1. 0. 1. 1. 0. 1. 1. 0. 1. 0. 0. 0. 0.
  0. 0. 0. 0. 0. 0. 0. 0. 0. 0. 0. 0. 0. 0. 0. 0. 0. 0. 0. 0. 0. 0. 0. 0.
  0. 0. 0. 0. 0. 0. 0. 0. 0. 0. 0. 0. 0. 0. 0. 0. 0. 0. 0. 0. 0. 0. 0. 0.
  0. 0. 0. 0. 0. 0. 0. 0. 0. 0. 0. 0. 0. 0. 0. 0. 0. 0. 0. 0. 0. 0. 0. 0.
  0. 0. 0. 0.]
 [1. 1. 0. 0. 1. 1. 0. 1. 1. 1. 0. 0. 1. 1. 1. 1. 1. 1. 1. 1. 0. 0. 0. 0.
  0. 0. 0. 0. 0. 0. 0. 0. 0. 0. 0. 0. 0. 0. 0. 0. 0. 0. 0. 0. 0. 0. 0. 0.
  0. 0. 0. 0. 0. 0. 0. 0. 0. 0. 0. 0. 0. 0. 0. 0. 0. 0. 0. 0. 0. 0. 0. 0.
  0. 0. 0. 0. 0. 0. 0. 0. 0. 0. 0. 0. 0. 0. 0. 0. 0. 0. 0. 0. 0. 0. 0. 0.
  0. 0. 0. 0.]
 [1. 1. 1. 1. 1. 1. 1. 1. 1. 1. 1. 1. 1. 1. 1. 1. 0. 1. 1. 1. 0. 0. 0. 0.
  0. 0. 0. 0. 0. 0. 0. 0. 0. 0. 0. 0. 0. 0. 0. 0. 0. 0. 0. 0. 0. 0. 0. 0.
  0. 0. 0. 0. 0. 0. 0. 0. 0. 0. 0. 0. 0. 0. 0. 0. 0. 0. 0. 0. 0. 0. 0. 0.
  0. 0. 0. 0. 0. 0. 0. 0. 0. 0. 0. 0. 0. 0. 0. 0. 0. 0. 0. 0. 0. 0. 0. 0.
  0. 0. 0. 0.]
 [1. 0. 1. 1. 0. 1. 0. 1. 1. 1. 1. 1. 1. 1. 1. 1. 1. 1. 0. 1. 0. 0. 0. 0.
  0. 0. 0. 0. 0. 0. 0. 0. 0. 0. 0. 0. 0. 0. 0. 0. 0. 0. 0. 0. 0. 0. 0. 0.
  0. 0. 0. 0. 0. 0. 0. 0. 0. 0. 0. 0. 0. 0. 0. 0. 0. 0. 0. 0. 0. 0. 0. 0.
  0. 0. 0. 0. 0. 0. 0. 0. 0. 0. 0. 0. 0. 0. 0. 0. 0. 0. 0. 0. 0. 0. 0. 0.
  0. 0. 0. 0.]
 [1. 1. 1. 1. 1. 0. 1. 1. 1. 0. 0. 1. 0. 1. 0. 1. 1. 1. 1. 1. 0. 0. 0. 0.
  0. 0. 0. 0. 0. 0. 0. 0. 0. 0. 0. 0. 0. 0. 0. 0. 0. 0. 0. 0. 0. 0. 0. 0.
  0. 0. 0. 0. 0. 0. 0. 0. 0. 0. 0. 0. 0. 0. 0. 0. 0. 0. 0. 0. 0. 0. 0. 0.
  0. 0. 0. 0. 0. 0. 0. 0. 0. 0. 0. 0. 0. 0. 0. 0. 0. 0. 0. 0. 0. 0. 0. 0.
  0. 0. 0. 0.]
 [0. 1. 1. 1. 0. 1. 1. 1. 1. 1. 1. 1. 0. 1. 1. 1. 1. 1. 1. 0. 0. 0. 0. 0.
  0. 0. 0. 0. 0. 0. 0. 0. 0. 0. 0. 0. 0. 0. 0. 0. 0. 0. 0. 0. 0. 0. 0. 0.
  0. 0. 0. 0. 0. 0. 0. 0. 0. 0. 0. 0. 0. 0. 0. 0. 0. 0. 0. 0. 0. 0. 0. 0.
  0. 0. 0. 0. 0. 0. 0. 0. 0. 0. 0. 0. 0. 0. 0. 0. 0. 0. 0. 0. 0. 0. 0. 0.
  0. 0. 0. 0.]
 [1. 1. 1. 1. 1. 1. 1. 1. 1. 1. 1. 1. 1. 0. 1. 1. 0. 1. 1. 1. 0. 0. 0. 0.
  0. 0. 0. 0. 0. 0. 0. 0. 0. 0. 0. 0. 0. 0. 0. 0. 0. 0. 0. 0. 0. 0. 0. 0.
  0. 0. 0. 0. 0. 0. 0. 0. 0. 0. 0. 0. 0. 0. 0. 0. 0. 0. 0. 0. 0. 0. 0. 0.
  0. 0. 0. 0. 0. 0. 0. 0. 0. 0. 0. 0. 0. 0. 0. 0. 0. 0. 0. 0. 0. 0. 0. 0.
  0. 0. 0. 0.]
 [0. 0. 1. 1. 0. 1. 1. 0. 0. 1. 1. 1. 1. 1. 1. 1. 0. 1. 0. 1. 0. 0. 0. 0.
  0. 0. 0. 0. 0. 0. 0. 0. 0. 0. 0. 0. 0. 0. 0. 0. 0. 0. 0. 0. 0. 0. 0. 0.
  0. 0. 0. 0. 0. 0. 0. 0. 0. 0. 0. 0. 0. 0. 0. 0. 0. 0. 0. 0. 0. 0. 0. 0.
  0. 0. 0. 0. 0. 0. 0. 0. 0. 0. 0. 0. 0. 0. 0. 0. 0. 0. 0. 0. 0. 0. 0. 0.
  0. 0. 0. 0.]
 [1. 0. 1. 0. 0. 1. 0. 1. 0. 1. 1. 1. 1. 1. 1. 0. 1. 1. 1. 1. 0. 0. 0. 0.
  0. 0. 0. 0. 0. 0. 0. 0. 0. 0. 0. 0. 0. 0. 0. 0. 0. 0. 0. 0. 0. 0. 0. 0.
  0. 0. 0. 0. 0. 0. 0. 0. 0. 0. 0. 0. 0. 0. 0. 0. 0. 0. 0. 0. 0. 0. 0. 0.
  0. 0. 0. 0. 0. 0. 0. 0. 0. 0. 0. 0. 0. 0. 0. 0. 0. 0. 0. 0. 0. 0. 0. 0.
  0. 0. 0. 0.]
 [1. 1. 1. 1. 1. 0. 1. 1. 0. 1. 1. 1. 1. 1. 0. 1. 1. 1. 1. 1. 0. 0. 0. 0.
  0. 0. 0. 0. 0. 0. 0. 0. 0. 0. 0. 0. 0. 0. 0. 0. 0. 0. 0. 0. 0. 0. 0. 0.
  0. 0. 0. 0. 0. 0. 0. 0. 0. 0. 0. 0. 0. 0. 0. 0. 0. 0. 0. 0. 0. 0. 0. 0.
  0. 0. 0. 0. 0. 0. 0. 0. 0. 0. 0. 0. 0. 0. 0. 0. 0. 0. 0. 0. 0. 0. 0. 0.
  0. 0. 0. 0.]
 [1. 1. 0. 1. 1. 1. 1. 1. 1. 1. 1. 1. 1. 1. 1. 1. 0. 1. 0. 1. 0. 0. 0. 0.
  0. 0. 0. 0. 0. 0. 0. 0. 0. 0. 0. 0. 0. 0. 0. 0. 0. 0. 0. 0. 0. 0. 0. 0.
  0. 0. 0. 0. 0. 0. 0. 0. 0. 0. 0. 0. 0. 0. 0. 0. 0. 0. 0. 0. 0. 0. 0. 0.
  0. 0. 0. 0. 0. 0. 0. 0. 0. 0. 0. 0. 0. 0. 0. 0. 0. 0. 0. 0. 0. 0. 0. 0.
  0. 0. 0. 0.]
 [1. 1. 1. 0. 1. 1. 1. 1. 1. 0. 1. 0. 1. 0. 0. 1. 1. 1. 1. 1. 0. 0. 0. 0.
  0. 0. 0. 0. 0. 0. 0. 0. 0. 0. 0. 0. 0. 0. 0. 0. 0. 0. 0. 0. 0. 0. 0. 0.
  0. 0. 0. 0. 0. 0. 0. 0. 0. 0. 0. 0. 0. 0. 0. 0. 0. 0. 0. 0. 0. 0. 0. 0.
  0. 0. 0. 0. 0. 0. 0. 0. 0. 0. 0. 0. 0. 0. 0. 0. 0. 0. 0. 0. 0. 0. 0. 0.
  0. 0. 0. 0.]
 [1. 1. 1. 1. 0. 1. 0. 1. 0. 1. 1. 1. 1. 1. 1. 1. 1. 0. 1. 1. 0. 0. 0. 0.
  0. 0. 0. 0. 0. 0. 0. 0. 0. 0. 0. 0. 0. 0. 0. 0. 0. 0. 0. 0. 0. 0. 0. 0.
  0. 0. 0. 0. 0. 0. 0. 0. 0. 0. 0. 0. 0. 0. 0. 0. 0. 0. 0. 0. 0. 0. 0. 0.
  0. 0. 0. 0. 0. 0. 0. 0. 0. 0. 0. 0. 0. 0. 0. 0. 0. 0. 0. 0. 0. 0. 0. 0.
  0. 0. 0. 0.]
 [1. 0. 1. 1. 1. 0. 1. 0. 1. 0. 0. 0. 1. 0. 0. 0. 0. 1. 1. 1. 0. 0. 0. 0.
  0. 0. 0. 0. 0. 0. 0. 0. 0. 0. 0. 0. 0. 0. 0. 0. 0. 0. 0. 0. 0. 0. 0. 0.
  0. 0. 0. 0. 0. 0. 0. 0. 0. 0. 0. 0. 0. 0. 0. 0. 0. 0. 0. 0. 0. 0. 0. 0.
  0. 0. 0. 0. 0. 0. 0. 0. 0. 0. 0. 0. 0. 0. 0. 0. 0. 0. 0. 0. 0. 0. 0. 0.
  0. 0. 0. 0.]
 [0. 1. 1. 1. 1. 1. 1. 1. 1. 1. 1. 1. 1. 1. 0. 1. 1. 1. 0. 0. 0. 0. 0. 0.
  0. 0. 0. 0. 0. 0. 0. 0. 0. 0. 0. 0. 0. 0. 0. 0. 0. 0. 0. 0. 0. 0. 0. 0.
  0. 0. 0. 0. 0. 0. 0. 0. 0. 0. 0. 0. 0. 0. 0. 0. 0. 0. 0. 0. 0. 0. 0. 0.
  0. 0. 0. 0. 0. 0. 0. 0. 0. 0. 0. 0. 0. 0. 0. 0. 0. 0. 0. 0. 0. 0. 0. 0.
  0. 0. 0. 0.]
 [1. 1. 1. 1. 1. 1. 1. 1. 0. 1. 1. 0. 1. 0. 0. 1. 0. 1. 1. 1. 0. 0. 0. 0.
  0. 0. 0. 0. 0. 0. 0. 0. 0. 0. 0. 0. 0. 0. 0. 0. 0. 0. 0. 0. 0. 0. 0. 0.
  0. 0. 0. 0. 0. 0. 0. 0. 0. 0. 0. 0. 0. 0. 0. 0. 0. 0. 0. 0. 0. 0. 0. 0.
  0. 0. 0. 0. 0. 0. 0. 0. 0. 0. 0. 0. 0. 0. 0. 0. 0. 0. 0. 0. 0. 0. 0. 0.
  0. 0. 0. 0.]
 [1. 1. 0. 1. 1. 0. 1. 0. 1. 1. 1. 1. 1. 0. 1. 1. 1. 1. 1. 1. 0. 0. 0. 0.
  0. 0. 0. 0. 0. 0. 0. 0. 0. 0. 0. 0. 0. 0. 0. 0. 0. 0. 0. 0. 0. 0. 0. 0.
  0. 0. 0. 0. 0. 0. 0. 0. 0. 0. 0. 0. 0. 0. 0. 0. 0. 0. 0. 0. 0. 0. 0. 0.
  0. 0. 0. 0. 0. 0. 0. 0. 0. 0. 0. 0. 0. 0. 0. 0. 0. 0. 0. 0. 0. 0. 0. 0.
  0. 0. 0. 0.]
 [1. 1. 1. 1. 1. 1. 1. 1. 1. 1. 1. 1. 1. 1. 1. 1. 0. 1. 0. 0. 0. 0. 0. 0.
  0. 0. 0. 0. 0. 0. 0. 0. 0. 0. 0. 0. 0. 0. 0. 0. 0. 0. 0. 0. 0. 0. 0. 0.
  0. 0. 0. 0. 0. 0. 0. 0. 0. 0. 0. 0. 0. 0. 0. 0. 0. 0. 0. 0. 0. 0. 0. 0.
  0. 0. 0. 0. 0. 0. 0. 0. 0. 0. 0. 0. 0. 0. 0. 0. 0. 0. 0. 0. 0. 0. 0. 0.
  0. 0. 0. 0.]
 [1. 1. 1. 1. 1. 1. 1. 0. 1. 1. 1. 1. 1. 0. 1. 0. 1. 1. 1. 1. 0. 0. 0. 0.
  0. 0. 0. 0. 0. 0. 0. 0. 0. 0. 0. 0. 0. 0. 0. 0. 0. 0. 0. 0. 0. 0. 0. 0.
  0. 0. 0. 0. 0. 0. 0. 0. 0. 0. 0. 0. 0. 0. 0. 0. 0. 0. 0. 0. 0. 0. 0. 0.
  0. 0. 0. 0. 0. 0. 0. 0. 0. 0. 0. 0. 0. 0. 0. 0. 0. 0. 0. 0. 0. 0. 0. 0.
  0. 0. 0. 0.]
 [1. 1. 1. 1. 1. 0. 1. 1. 1. 1. 0. 1. 1. 1. 1. 1. 0. 0. 1. 0. 0. 0. 0. 0.
  0. 0. 0. 0. 0. 0. 0. 0. 0. 0. 0. 0. 0. 0. 0. 0. 0. 0. 0. 0. 0. 0. 0. 0.
  0. 0. 0. 0. 0. 0. 0. 0. 0. 0. 0. 0. 0. 0. 0. 0. 0. 0. 0. 0. 0. 0. 0. 0.
  0. 0. 0. 0. 0. 0. 0. 0. 0. 0. 0. 0. 0. 0. 0. 0. 0. 0. 0. 0. 0. 0. 0. 0.
  0. 0. 0. 0.]
 [1. 1. 1. 1. 1. 1. 1. 0. 1. 1. 1. 0. 1. 1. 1. 1. 0. 0. 1. 1. 0. 0. 0. 0.
  0. 0. 0. 0. 0. 0. 0. 0. 0. 0. 0. 0. 0. 0. 0. 0. 0. 0. 0. 0. 0. 0. 0. 0.
  0. 0. 0. 0. 0. 0. 0. 0. 0. 0. 0. 0. 0. 0. 0. 0. 0. 0. 0. 0. 0. 0. 0. 0.
  0. 0. 0. 0. 0. 0. 0. 0. 0. 0. 0. 0. 0. 0. 0. 0. 0. 0. 0. 0. 0. 0. 0. 0.
  0. 0. 0. 0.]
 [0. 1. 0. 1. 1. 1. 1. 1. 0. 1. 1. 1. 1. 1. 1. 1. 1. 1. 0. 1. 0. 0. 0. 0.
  0. 0. 0. 0. 0. 0. 0. 0. 0. 0. 0. 0. 0. 0. 0. 0. 0. 0. 0. 0. 0. 0. 0. 0.
  0. 0. 0. 0. 0. 0. 0. 0. 0. 0. 0. 0. 0. 0. 0. 0. 0. 0. 0. 0. 0. 0. 0. 0.
  0. 0. 0. 0. 0. 0. 0. 0. 0. 0. 0. 0. 0. 0. 0. 0. 0. 0. 0. 0. 0. 0. 0. 0.
  0. 0. 0. 0.]
 [1. 1. 1. 1. 1. 1. 1. 1. 1. 1. 0. 1. 1. 1. 1. 1. 1. 0. 1. 1. 0. 0. 0. 0.
  0. 0. 0. 0. 0. 0. 0. 0. 0. 0. 0. 0. 0. 0. 0. 0. 0. 0. 0. 0. 0. 0. 0. 0.
  0. 0. 0. 0. 0. 0. 0. 0. 0. 0. 0. 0. 0. 0. 0. 0. 0. 0. 0. 0. 0. 0. 0. 0.
  0. 0. 0. 0. 0. 0. 0. 0. 0. 0. 0. 0. 0. 0. 0. 0. 0. 0. 0. 0. 0. 0. 0. 0.
  0. 0. 0. 0.]
 [1. 1. 1. 0. 1. 1. 1. 1. 0. 1. 1. 1. 1. 1. 1. 1. 1. 1. 1. 1. 0. 0. 0. 0.
  0. 0. 0. 0. 0. 0. 0. 0. 0. 0. 0. 0. 0. 0. 0. 0. 0. 0. 0. 0. 0. 0. 0. 0.
  0. 0. 0. 0. 0. 0. 0. 0. 0. 0. 0. 0. 0. 0. 0. 0. 0. 0. 0. 0. 0. 0. 0. 0.
  0. 0. 0. 0. 0. 0. 0. 0. 0. 0. 0. 0. 0. 0. 0. 0. 0. 0. 0. 0. 0. 0. 0. 0.
  0. 0. 0. 0.]
 [0. 1. 1. 1. 1. 1. 1. 1. 1. 1. 1. 1. 1. 1. 1. 0. 1. 0. 1. 0. 0. 0. 0. 0.
  0. 0. 0. 0. 0. 0. 0. 0. 0. 0. 0. 0. 0. 0. 0. 0. 0. 0. 0. 0. 0. 0. 0. 0.
  0. 0. 0. 0. 0. 0. 0. 0. 0. 0. 0. 0. 0. 0. 0. 0. 0. 0. 0. 0. 0. 0. 0. 0.
  0. 0. 0. 0. 0. 0. 0. 0. 0. 0. 0. 0. 0. 0. 0. 0. 0. 0. 0. 0. 0. 0. 0. 0.
  0. 0. 0. 0.]
 [1. 1. 1. 0. 1. 1. 1. 0. 1. 1. 0. 1. 0. 1. 1. 1. 0. 0. 1. 1. 0. 0. 0. 0.
  0. 0. 0. 0. 0. 0. 0. 0. 0. 0. 0. 0. 0. 0. 0. 0. 0. 0. 0. 0. 0. 0. 0. 0.
  0. 0. 0. 0. 0. 0. 0. 0. 0. 0. 0. 0. 0. 0. 0. 0. 0. 0. 0. 0. 0. 0. 0. 0.
  0. 0. 0. 0. 0. 0. 0. 0. 0. 0. 0. 0. 0. 0. 0. 0. 0. 0. 0. 0. 0. 0. 0. 0.
  0. 0. 0. 0.]
 [1. 1. 0. 1. 1. 1. 0. 0. 1. 1. 1. 1. 1. 1. 1. 1. 0. 1. 1. 1. 0. 0. 0. 0.
  0. 0. 0. 0. 0. 0. 0. 0. 0. 0. 0. 0. 0. 0. 0. 0. 0. 0. 0. 0. 0. 0. 0. 0.
  0. 0. 0. 0. 0. 0. 0. 0. 0. 0. 0. 0. 0. 0. 0. 0. 0. 0. 0. 0. 0. 0. 0. 0.
  0. 0. 0. 0. 0. 0. 0. 0. 0. 0. 0. 0. 0. 0. 0. 0. 0. 0. 0. 0. 0. 0. 0. 0.
  0. 0. 0. 0.]
 [1. 1. 1. 1. 0. 1. 1. 0. 1. 1. 1. 1. 1. 1. 0. 0. 0. 1. 1. 1. 0. 0. 0. 0.
  0. 0. 0. 0. 0. 0. 0. 0. 0. 0. 0. 0. 0. 0. 0. 0. 0. 0. 0. 0. 0. 0. 0. 0.
  0. 0. 0. 0. 0. 0. 0. 0. 0. 0. 0. 0. 0. 0. 0. 0. 0. 0. 0. 0. 0. 0. 0. 0.
  0. 0. 0. 0. 0. 0. 0. 0. 0. 0. 0. 0. 0. 0. 0. 0. 0. 0. 0. 0. 0. 0. 0. 0.
  0. 0. 0. 0.]
 [1. 1. 1. 0. 1. 0. 1. 1. 0. 1. 1. 0. 1. 1. 1. 1. 0. 0. 1. 0. 0. 0. 0. 0.
  0. 0. 0. 0. 0. 0. 0. 0. 0. 0. 0. 0. 0. 0. 0. 0. 0. 0. 0. 0. 0. 0. 0. 0.
  0. 0. 0. 0. 0. 0. 0. 0. 0. 0. 0. 0. 0. 0. 0. 0. 0. 0. 0. 0. 0. 0. 0. 0.
  0. 0. 0. 0. 0. 0. 0. 0. 0. 0. 0. 0. 0. 0. 0. 0. 0. 0. 0. 0. 0. 0. 0. 0.
  0. 0. 0. 0.]
 [1. 1. 1. 0. 1. 0. 1. 1. 0. 1. 1. 1. 1. 1. 1. 0. 1. 1. 0. 0. 0. 0. 0. 0.
  0. 0. 0. 0. 0. 0. 0. 0. 0. 0. 0. 0. 0. 0. 0. 0. 0. 0. 0. 0. 0. 0. 0. 0.
  0. 0. 0. 0. 0. 0. 0. 0. 0. 0. 0. 0. 0. 0. 0. 0. 0. 0. 0. 0. 0. 0. 0. 0.
  0. 0. 0. 0. 0. 0. 0. 0. 0. 0. 0. 0. 0. 0. 0. 0. 0. 0. 0. 0. 0. 0. 0. 0.
  0. 0. 0. 0.]
 [1. 1. 1. 1. 1. 1. 1. 1. 0. 0. 1. 1. 1. 1. 1. 1. 1. 1. 1. 0. 0. 0. 0. 0.
  0. 0. 0. 0. 0. 0. 0. 0. 0. 0. 0. 0. 0. 0. 0. 0. 0. 0. 0. 0. 0. 0. 0. 0.
  0. 0. 0. 0. 0. 0. 0. 0. 0. 0. 0. 0. 0. 0. 0. 0. 0. 0. 0. 0. 0. 0. 0. 0.
  0. 0. 0. 0. 0. 0. 0. 0. 0. 0. 0. 0. 0. 0. 0. 0. 0. 0. 0. 0. 0. 0. 0. 0.
  0. 0. 0. 0.]
 [0. 1. 1. 1. 0. 1. 1. 1. 1. 1. 0. 1. 1. 1. 1. 1. 0. 1. 1. 0. 0. 0. 0. 0.
  0. 0. 0. 0. 0. 0. 0. 0. 0. 0. 0. 0. 0. 0. 0. 0. 0. 0. 0. 0. 0. 0. 0. 0.
  0. 0. 0. 0. 0. 0. 0. 0. 0. 0. 0. 0. 0. 0. 0. 0. 0. 0. 0. 0. 0. 0. 0. 0.
  0. 0. 0. 0. 0. 0. 0. 0. 0. 0. 0. 0. 0. 0. 0. 0. 0. 0. 0. 0. 0. 0. 0. 0.
  0. 0. 0. 0.]
 [1. 1. 1. 1. 1. 1. 0. 1. 0. 1. 1. 1. 1. 0. 1. 1. 0. 1. 1. 0. 0. 0. 0. 0.
  0. 0. 0. 0. 0. 0. 0. 0. 0. 0. 0. 0. 0. 0. 0. 0. 0. 0. 0. 0. 0. 0. 0. 0.
  0. 0. 0. 0. 0. 0. 0. 0. 0. 0. 0. 0. 0. 0. 0. 0. 0. 0. 0. 0. 0. 0. 0. 0.
  0. 0. 0. 0. 0. 0. 0. 0. 0. 0. 0. 0. 0. 0. 0. 0. 0. 0. 0. 0. 0. 0. 0. 0.
  0. 0. 0. 0.]
 [0. 1. 1. 1. 1. 1. 1. 0. 1. 1. 1. 1. 1. 1. 1. 1. 0. 1. 1. 1. 0. 0. 0. 0.
  0. 0. 0. 0. 0. 0. 0. 0. 0. 0. 0. 0. 0. 0. 0. 0. 0. 0. 0. 0. 0. 0. 0. 0.
  0. 0. 0. 0. 0. 0. 0. 0. 0. 0. 0. 0. 0. 0. 0. 0. 0. 0. 0. 0. 0. 0. 0. 0.
  0. 0. 0. 0. 0. 0. 0. 0. 0. 0. 0. 0. 0. 0. 0. 0. 0. 0. 0. 0. 0. 0. 0. 0.
  0. 0. 0. 0.]
 [1. 1. 1. 1. 0. 1. 1. 1. 1. 1. 1. 1. 1. 1. 1. 0. 0. 1. 1. 1. 0. 0. 0. 0.
  0. 0. 0. 0. 0. 0. 0. 0. 0. 0. 0. 0. 0. 0. 0. 0. 0. 0. 0. 0. 0. 0. 0. 0.
  0. 0. 0. 0. 0. 0. 0. 0. 0. 0. 0. 0. 0. 0. 0. 0. 0. 0. 0. 0. 0. 0. 0. 0.
  0. 0. 0. 0. 0. 0. 0. 0. 0. 0. 0. 0. 0. 0. 0. 0. 0. 0. 0. 0. 0. 0. 0. 0.
  0. 0. 0. 0.]
 [1. 1. 1. 0. 0. 1. 0. 1. 1. 0. 1. 1. 1. 1. 0. 0. 1. 0. 1. 1. 0. 0. 0. 0.
  0. 0. 0. 0. 0. 0. 0. 0. 0. 0. 0. 0. 0. 0. 0. 0. 0. 0. 0. 0. 0. 0. 0. 0.
  0. 0. 0. 0. 0. 0. 0. 0. 0. 0. 0. 0. 0. 0. 0. 0. 0. 0. 0. 0. 0. 0. 0. 0.
  0. 0. 0. 0. 0. 0. 0. 0. 0. 0. 0. 0. 0. 0. 0. 0. 0. 0. 0. 0. 0. 0. 0. 0.
  0. 0. 0. 0.]
 [1. 1. 1. 1. 1. 1. 0. 1. 1. 0. 1. 1. 1. 1. 1. 1. 1. 1. 1. 1. 0. 0. 0. 0.
  0. 0. 0. 0. 0. 0. 0. 0. 0. 0. 0. 0. 0. 0. 0. 0. 0. 0. 0. 0. 0. 0. 0. 0.
  0. 0. 0. 0. 0. 0. 0. 0. 0. 0. 0. 0. 0. 0. 0. 0. 0. 0. 0. 0. 0. 0. 0. 0.
  0. 0. 0. 0. 0. 0. 0. 0. 0. 0. 0. 0. 0. 0. 0. 0. 0. 0. 0. 0. 0. 0. 0. 0.
  0. 0. 0. 0.]
 [1. 1. 1. 1. 1. 1. 0. 1. 0. 1. 1. 1. 0. 1. 0. 1. 1. 1. 1. 1. 0. 0. 0. 0.
  0. 0. 0. 0. 0. 0. 0. 0. 0. 0. 0. 0. 0. 0. 0. 0. 0. 0. 0. 0. 0. 0. 0. 0.
  0. 0. 0. 0. 0. 0. 0. 0. 0. 0. 0. 0. 0. 0. 0. 0. 0. 0. 0. 0. 0. 0. 0. 0.
  0. 0. 0. 0. 0. 0. 0. 0. 0. 0. 0. 0. 0. 0. 0. 0. 0. 0. 0. 0. 0. 0. 0. 0.
  0. 0. 0. 0.]
 [1. 1. 0. 1. 1. 0. 0. 1. 1. 0. 0. 1. 1. 1. 1. 1. 1. 1. 1. 0. 0. 0. 0. 0.
  0. 0. 0. 0. 0. 0. 0. 0. 0. 0. 0. 0. 0. 0. 0. 0. 0. 0. 0. 0. 0. 0. 0. 0.
  0. 0. 0. 0. 0. 0. 0. 0. 0. 0. 0. 0. 0. 0. 0. 0. 0. 0. 0. 0. 0. 0. 0. 0.
  0. 0. 0. 0. 0. 0. 0. 0. 0. 0. 0. 0. 0. 0. 0. 0. 0. 0. 0. 0. 0. 0. 0. 0.
  0. 0. 0. 0.]
 [1. 1. 0. 1. 1. 1. 1. 1. 1. 1. 1. 1. 1. 0. 1. 1. 1. 1. 1. 1. 0. 0. 0. 0.
  0. 0. 0. 0. 0. 0. 0. 0. 0. 0. 0. 0. 0. 0. 0. 0. 0. 0. 0. 0. 0. 0. 0. 0.
  0. 0. 0. 0. 0. 0. 0. 0. 0. 0. 0. 0. 0. 0. 0. 0. 0. 0. 0. 0. 0. 0. 0. 0.
  0. 0. 0. 0. 0. 0. 0. 0. 0. 0. 0. 0. 0. 0. 0. 0. 0. 0. 0. 0. 0. 0. 0. 0.
  0. 0. 0. 0.]
 [0. 1. 1. 0. 1. 1. 1. 1. 1. 0. 1. 0. 1. 1. 1. 1. 1. 1. 1. 0. 0. 0. 0. 0.
  0. 0. 0. 0. 0. 0. 0. 0. 0. 0. 0. 0. 0. 0. 0. 0. 0. 0. 0. 0. 0. 0. 0. 0.
  0. 0. 0. 0. 0. 0. 0. 0. 0. 0. 0. 0. 0. 0. 0. 0. 0. 0. 0. 0. 0. 0. 0. 0.
  0. 0. 0. 0. 0. 0. 0. 0. 0. 0. 0. 0. 0. 0. 0. 0. 0. 0. 0. 0. 0. 0. 0. 0.
  0. 0. 0. 0.]
 [0. 1. 1. 1. 1. 1. 1. 1. 1. 1. 1. 1. 0. 1. 1. 1. 0. 1. 1. 1. 0. 0. 0. 0.
  0. 0. 0. 0. 0. 0. 0. 0. 0. 0. 0. 0. 0. 0. 0. 0. 0. 0. 0. 0. 0. 0. 0. 0.
  0. 0. 0. 0. 0. 0. 0. 0. 0. 0. 0. 0. 0. 0. 0. 0. 0. 0. 0. 0. 0. 0. 0. 0.
  0. 0. 0. 0. 0. 0. 0. 0. 0. 0. 0. 0. 0. 0. 0. 0. 0. 0. 0. 0. 0. 0. 0. 0.
  0. 0. 0. 0.]
 [1. 0. 1. 1. 1. 1. 1. 1. 1. 1. 1. 1. 1. 1. 1. 1. 1. 1. 0. 1. 0. 0. 0. 0.
  0. 0. 0. 0. 0. 0. 0. 0. 0. 0. 0. 0. 0. 0. 0. 0. 0. 0. 0. 0. 0. 0. 0. 0.
  0. 0. 0. 0. 0. 0. 0. 0. 0. 0. 0. 0. 0. 0. 0. 0. 0. 0. 0. 0. 0. 0. 0. 0.
  0. 0. 0. 0. 0. 0. 0. 0. 0. 0. 0. 0. 0. 0. 0. 0. 0. 0. 0. 0. 0. 0. 0. 0.
  0. 0. 0. 0.]
 [1. 1. 1. 1. 1. 1. 1. 1. 1. 0. 1. 1. 1. 1. 1. 0. 0. 1. 0. 1. 0. 0. 0. 0.
  0. 0. 0. 0. 0. 0. 0. 0. 0. 0. 0. 0. 0. 0. 0. 0. 0. 0. 0. 0. 0. 0. 0. 0.
  0. 0. 0. 0. 0. 0. 0. 0. 0. 0. 0. 0. 0. 0. 0. 0. 0. 0. 0. 0. 0. 0. 0. 0.
  0. 0. 0. 0. 0. 0. 0. 0. 0. 0. 0. 0. 0. 0. 0. 0. 0. 0. 0. 0. 0. 0. 0. 0.
  0. 0. 0. 0.]
 [1. 1. 1. 1. 1. 1. 1. 0. 1. 1. 1. 0. 1. 1. 1. 1. 1. 1. 1. 1. 0. 0. 0. 0.
  0. 0. 0. 0. 0. 0. 0. 0. 0. 0. 0. 0. 0. 0. 0. 0. 0. 0. 0. 0. 0. 0. 0. 0.
  0. 0. 0. 0. 0. 0. 0. 0. 0. 0. 0. 0. 0. 0. 0. 0. 0. 0. 0. 0. 0. 0. 0. 0.
  0. 0. 0. 0. 0. 0. 0. 0. 0. 0. 0. 0. 0. 0. 0. 0. 0. 0. 0. 0. 0. 0. 0. 0.
  0. 0. 0. 0.]
 [1. 1. 1. 1. 1. 1. 1. 1. 1. 1. 1. 0. 1. 1. 1. 1. 1. 0. 1. 1. 0. 0. 0. 0.
  0. 0. 0. 0. 0. 0. 0. 0. 0. 0. 0. 0. 0. 0. 0. 0. 0. 0. 0. 0. 0. 0. 0. 0.
  0. 0. 0. 0. 0. 0. 0. 0. 0. 0. 0. 0. 0. 0. 0. 0. 0. 0. 0. 0. 0. 0. 0. 0.
  0. 0. 0. 0. 0. 0. 0. 0. 0. 0. 0. 0. 0. 0. 0. 0. 0. 0. 0. 0. 0. 0. 0. 0.
  0. 0. 0. 0.]
 [1. 1. 0. 1. 1. 1. 1. 0. 0. 1. 1. 1. 1. 1. 1. 1. 1. 1. 1. 1. 0. 0. 0. 0.
  0. 0. 0. 0. 0. 0. 0. 0. 0. 0. 0. 0. 0. 0. 0. 0. 0. 0. 0. 0. 0. 0. 0. 0.
  0. 0. 0. 0. 0. 0. 0. 0. 0. 0. 0. 0. 0. 0. 0. 0. 0. 0. 0. 0. 0. 0. 0. 0.
  0. 0. 0. 0. 0. 0. 0. 0. 0. 0. 0. 0. 0. 0. 0. 0. 0. 0. 0. 0. 0. 0. 0. 0.
  0. 0. 0. 0.]
 [1. 1. 1. 1. 0. 0. 0. 0. 1. 1. 0. 1. 0. 1. 1. 1. 1. 1. 1. 0. 0. 0. 0. 0.
  0. 0. 0. 0. 0. 0. 0. 0. 0. 0. 0. 0. 0. 0. 0. 0. 0. 0. 0. 0. 0. 0. 0. 0.
  0. 0. 0. 0. 0. 0. 0. 0. 0. 0. 0. 0. 0. 0. 0. 0. 0. 0. 0. 0. 0. 0. 0. 0.
  0. 0. 0. 0. 0. 0. 0. 0. 0. 0. 0. 0. 0. 0. 0. 0. 0. 0. 0. 0. 0. 0. 0. 0.
  0. 0. 0. 0.]
 [1. 1. 0. 1. 1. 1. 1. 1. 0. 0. 0. 1. 1. 1. 1. 1. 1. 1. 1. 1. 0. 0. 0. 0.
  0. 0. 0. 0. 0. 0. 0. 0. 0. 0. 0. 0. 0. 0. 0. 0. 0. 0. 0. 0. 0. 0. 0. 0.
  0. 0. 0. 0. 0. 0. 0. 0. 0. 0. 0. 0. 0. 0. 0. 0. 0. 0. 0. 0. 0. 0. 0. 0.
  0. 0. 0. 0. 0. 0. 0. 0. 0. 0. 0. 0. 0. 0. 0. 0. 0. 0. 0. 0. 0. 0. 0. 0.
  0. 0. 0. 0.]
 [1. 1. 1. 0. 1. 1. 0. 1. 0. 1. 1. 1. 1. 1. 1. 1. 1. 1. 1. 1. 0. 0. 0. 0.
  0. 0. 0. 0. 0. 0. 0. 0. 0. 0. 0. 0. 0. 0. 0. 0. 0. 0. 0. 0. 0. 0. 0. 0.
  0. 0. 0. 0. 0. 0. 0. 0. 0. 0. 0. 0. 0. 0. 0. 0. 0. 0. 0. 0. 0. 0. 0. 0.
  0. 0. 0. 0. 0. 0. 0. 0. 0. 0. 0. 0. 0. 0. 0. 0. 0. 0. 0. 0. 0. 0. 0. 0.
  0. 0. 0. 0.]
 [0. 1. 1. 0. 0. 1. 1. 1. 1. 1. 1. 1. 1. 1. 1. 1. 1. 1. 0. 0. 0. 0. 0. 0.
  0. 0. 0. 0. 0. 0. 0. 0. 0. 0. 0. 0. 0. 0. 0. 0. 0. 0. 0. 0. 0. 0. 0. 0.
  0. 0. 0. 0. 0. 0. 0. 0. 0. 0. 0. 0. 0. 0. 0. 0. 0. 0. 0. 0. 0. 0. 0. 0.
  0. 0. 0. 0. 0. 0. 0. 0. 0. 0. 0. 0. 0. 0. 0. 0. 0. 0. 0. 0. 0. 0. 0. 0.
  0. 0. 0. 0.]
 [0. 0. 1. 0. 1. 1. 0. 1. 0. 1. 1. 1. 1. 0. 1. 1. 1. 1. 1. 1. 0. 0. 0. 0.
  0. 0. 0. 0. 0. 0. 0. 0. 0. 0. 0. 0. 0. 0. 0. 0. 0. 0. 0. 0. 0. 0. 0. 0.
  0. 0. 0. 0. 0. 0. 0. 0. 0. 0. 0. 0. 0. 0. 0. 0. 0. 0. 0. 0. 0. 0. 0. 0.
  0. 0. 0. 0. 0. 0. 0. 0. 0. 0. 0. 0. 0. 0. 0. 0. 0. 0. 0. 0. 0. 0. 0. 0.
  0. 0. 0. 0.]
 [1. 1. 1. 1. 1. 1. 1. 1. 1. 0. 1. 0. 0. 0. 1. 1. 1. 1. 1. 1. 0. 0. 0. 0.
  0. 0. 0. 0. 0. 0. 0. 0. 0. 0. 0. 0. 0. 0. 0. 0. 0. 0. 0. 0. 0. 0. 0. 0.
  0. 0. 0. 0. 0. 0. 0. 0. 0. 0. 0. 0. 0. 0. 0. 0. 0. 0. 0. 0. 0. 0. 0. 0.
  0. 0. 0. 0. 0. 0. 0. 0. 0. 0. 0. 0. 0. 0. 0. 0. 0. 0. 0. 0. 0. 0. 0. 0.
  0. 0. 0. 0.]
 [1. 1. 0. 1. 1. 1. 1. 1. 1. 1. 1. 1. 1. 1. 1. 1. 1. 1. 1. 0. 0. 0. 0. 0.
  0. 0. 0. 0. 0. 0. 0. 0. 0. 0. 0. 0. 0. 0. 0. 0. 0. 0. 0. 0. 0. 0. 0. 0.
  0. 0. 0. 0. 0. 0. 0. 0. 0. 0. 0. 0. 0. 0. 0. 0. 0. 0. 0. 0. 0. 0. 0. 0.
  0. 0. 0. 0. 0. 0. 0. 0. 0. 0. 0. 0. 0. 0. 0. 0. 0. 0. 0. 0. 0. 0. 0. 0.
  0. 0. 0. 0.]
 [1. 1. 1. 1. 0. 1. 1. 0. 1. 1. 1. 1. 0. 1. 1. 1. 1. 1. 1. 1. 0. 0. 0. 0.
  0. 0. 0. 0. 0. 0. 0. 0. 0. 0. 0. 0. 0. 0. 0. 0. 0. 0. 0. 0. 0. 0. 0. 0.
  0. 0. 0. 0. 0. 0. 0. 0. 0. 0. 0. 0. 0. 0. 0. 0. 0. 0. 0. 0. 0. 0. 0. 0.
  0. 0. 0. 0. 0. 0. 0. 0. 0. 0. 0. 0. 0. 0. 0. 0. 0. 0. 0. 0. 0. 0. 0. 0.
  0. 0. 0. 0.]
 [0. 1. 1. 1. 1. 1. 1. 0. 1. 1. 1. 0. 1. 1. 1. 0. 1. 1. 1. 1. 0. 0. 0. 0.
  0. 0. 0. 0. 0. 0. 0. 0. 0. 0. 0. 0. 0. 0. 0. 0. 0. 0. 0. 0. 0. 0. 0. 0.
  0. 0. 0. 0. 0. 0. 0. 0. 0. 0. 0. 0. 0. 0. 0. 0. 0. 0. 0. 0. 0. 0. 0. 0.
  0. 0. 0. 0. 0. 0. 0. 0. 0. 0. 0. 0. 0. 0. 0. 0. 0. 0. 0. 0. 0. 0. 0. 0.
  0. 0. 0. 0.]
 [1. 0. 0. 0. 1. 1. 1. 1. 1. 0. 1. 1. 1. 1. 1. 1. 1. 1. 1. 1. 0. 0. 0. 0.
  0. 0. 0. 0. 0. 0. 0. 0. 0. 0. 0. 0. 0. 0. 0. 0. 0. 0. 0. 0. 0. 0. 0. 0.
  0. 0. 0. 0. 0. 0. 0. 0. 0. 0. 0. 0. 0. 0. 0. 0. 0. 0. 0. 0. 0. 0. 0. 0.
  0. 0. 0. 0. 0. 0. 0. 0. 0. 0. 0. 0. 0. 0. 0. 0. 0. 0. 0. 0. 0. 0. 0. 0.
  0. 0. 0. 0.]
 [0. 1. 1. 1. 1. 1. 1. 0. 0. 1. 1. 0. 1. 1. 0. 0. 1. 1. 0. 0. 0. 0. 0. 0.
  0. 0. 0. 0. 0. 0. 0. 0. 0. 0. 0. 0. 0. 0. 0. 0. 0. 0. 0. 0. 0. 0. 0. 0.
  0. 0. 0. 0. 0. 0. 0. 0. 0. 0. 0. 0. 0. 0. 0. 0. 0. 0. 0. 0. 0. 0. 0. 0.
  0. 0. 0. 0. 0. 0. 0. 0. 0. 0. 0. 0. 0. 0. 0. 0. 0. 0. 0. 0. 0. 0. 0. 0.
  0. 0. 0. 0.]
 [0. 1. 1. 1. 1. 0. 1. 1. 1. 0. 0. 1. 1. 1. 0. 1. 0. 1. 1. 1. 0. 0. 0. 0.
  0. 0. 0. 0. 0. 0. 0. 0. 0. 0. 0. 0. 0. 0. 0. 0. 0. 0. 0. 0. 0. 0. 0. 0.
  0. 0. 0. 0. 0. 0. 0. 0. 0. 0. 0. 0. 0. 0. 0. 0. 0. 0. 0. 0. 0. 0. 0. 0.
  0. 0. 0. 0. 0. 0. 0. 0. 0. 0. 0. 0. 0. 0. 0. 0. 0. 0. 0. 0. 0. 0. 0. 0.
  0. 0. 0. 0.]
 [1. 1. 1. 0. 1. 0. 0. 1. 0. 0. 1. 0. 1. 1. 1. 1. 1. 0. 1. 1. 0. 0. 0. 0.
  0. 0. 0. 0. 0. 0. 0. 0. 0. 0. 0. 0. 0. 0. 0. 0. 0. 0. 0. 0. 0. 0. 0. 0.
  0. 0. 0. 0. 0. 0. 0. 0. 0. 0. 0. 0. 0. 0. 0. 0. 0. 0. 0. 0. 0. 0. 0. 0.
  0. 0. 0. 0. 0. 0. 0. 0. 0. 0. 0. 0. 0. 0. 0. 0. 0. 0. 0. 0. 0. 0. 0. 0.
  0. 0. 0. 0.]
 [1. 1. 1. 1. 1. 1. 1. 1. 1. 1. 1. 1. 1. 1. 0. 1. 1. 1. 1. 1. 0. 0. 0. 0.
  0. 0. 0. 0. 0. 0. 0. 0. 0. 0. 0. 0. 0. 0. 0. 0. 0. 0. 0. 0. 0. 0. 0. 0.
  0. 0. 0. 0. 0. 0. 0. 0. 0. 0. 0. 0. 0. 0. 0. 0. 0. 0. 0. 0. 0. 0. 0. 0.
  0. 0. 0. 0. 0. 0. 0. 0. 0. 0. 0. 0. 0. 0. 0. 0. 0. 0. 0. 0. 0. 0. 0. 0.
  0. 0. 0. 0.]
 [1. 1. 1. 1. 1. 1. 1. 1. 1. 1. 0. 1. 1. 0. 1. 1. 1. 0. 1. 1. 0. 0. 0. 0.
  0. 0. 0. 0. 0. 0. 0. 0. 0. 0. 0. 0. 0. 0. 0. 0. 0. 0. 0. 0. 0. 0. 0. 0.
  0. 0. 0. 0. 0. 0. 0. 0. 0. 0. 0. 0. 0. 0. 0. 0. 0. 0. 0. 0. 0. 0. 0. 0.
  0. 0. 0. 0. 0. 0. 0. 0. 0. 0. 0. 0. 0. 0. 0. 0. 0. 0. 0. 0. 0. 0. 0. 0.
  0. 0. 0. 0.]
 [1. 1. 1. 0. 1. 1. 1. 1. 1. 1. 0. 1. 1. 1. 1. 1. 0. 1. 1. 1. 0. 0. 0. 0.
  0. 0. 0. 0. 0. 0. 0. 0. 0. 0. 0. 0. 0. 0. 0. 0. 0. 0. 0. 0. 0. 0. 0. 0.
  0. 0. 0. 0. 0. 0. 0. 0. 0. 0. 0. 0. 0. 0. 0. 0. 0. 0. 0. 0. 0. 0. 0. 0.
  0. 0. 0. 0. 0. 0. 0. 0. 0. 0. 0. 0. 0. 0. 0. 0. 0. 0. 0. 0. 0. 0. 0. 0.
  0. 0. 0. 0.]
 [1. 1. 1. 1. 1. 1. 0. 1. 1. 1. 1. 0. 1. 1. 1. 1. 1. 1. 1. 1. 0. 0. 0. 0.
  0. 0. 0. 0. 0. 0. 0. 0. 0. 0. 0. 0. 0. 0. 0. 0. 0. 0. 0. 0. 0. 0. 0. 0.
  0. 0. 0. 0. 0. 0. 0. 0. 0. 0. 0. 0. 0. 0. 0. 0. 0. 0. 0. 0. 0. 0. 0. 0.
  0. 0. 0. 0. 0. 0. 0. 0. 0. 0. 0. 0. 0. 0. 0. 0. 0. 0. 0. 0. 0. 0. 0. 0.
  0. 0. 0. 0.]
 [1. 0. 1. 1. 1. 1. 1. 1. 0. 0. 1. 1. 1. 1. 1. 1. 0. 1. 1. 1. 0. 0. 0. 0.
  0. 0. 0. 0. 0. 0. 0. 0. 0. 0. 0. 0. 0. 0. 0. 0. 0. 0. 0. 0. 0. 0. 0. 0.
  0. 0. 0. 0. 0. 0. 0. 0. 0. 0. 0. 0. 0. 0. 0. 0. 0. 0. 0. 0. 0. 0. 0. 0.
  0. 0. 0. 0. 0. 0. 0. 0. 0. 0. 0. 0. 0. 0. 0. 0. 0. 0. 0. 0. 0. 0. 0. 0.
  0. 0. 0. 0.]
 [0. 1. 1. 1. 1. 1. 1. 1. 1. 1. 0. 0. 1. 1. 1. 1. 1. 0. 1. 1. 0. 0. 0. 0.
  0. 0. 0. 0. 0. 0. 0. 0. 0. 0. 0. 0. 0. 0. 0. 0. 0. 0. 0. 0. 0. 0. 0. 0.
  0. 0. 0. 0. 0. 0. 0. 0. 0. 0. 0. 0. 0. 0. 0. 0. 0. 0. 0. 0. 0. 0. 0. 0.
  0. 0. 0. 0. 0. 0. 0. 0. 0. 0. 0. 0. 0. 0. 0. 0. 0. 0. 0. 0. 0. 0. 0. 0.
  0. 0. 0. 0.]
 [0. 1. 0. 1. 1. 1. 0. 1. 1. 1. 1. 1. 1. 1. 1. 0. 1. 1. 1. 1. 0. 0. 0. 0.
  0. 0. 0. 0. 0. 0. 0. 0. 0. 0. 0. 0. 0. 0. 0. 0. 0. 0. 0. 0. 0. 0. 0. 0.
  0. 0. 0. 0. 0. 0. 0. 0. 0. 0. 0. 0. 0. 0. 0. 0. 0. 0. 0. 0. 0. 0. 0. 0.
  0. 0. 0. 0. 0. 0. 0. 0. 0. 0. 0. 0. 0. 0. 0. 0. 0. 0. 0. 0. 0. 0. 0. 0.
  0. 0. 0. 0.]
 [1. 1. 0. 0. 1. 1. 0. 1. 1. 1. 1. 1. 1. 1. 1. 1. 0. 1. 1. 1. 0. 0. 0. 0.
  0. 0. 0. 0. 0. 0. 0. 0. 0. 0. 0. 0. 0. 0. 0. 0. 0. 0. 0. 0. 0. 0. 0. 0.
  0. 0. 0. 0. 0. 0. 0. 0. 0. 0. 0. 0. 0. 0. 0. 0. 0. 0. 0. 0. 0. 0. 0. 0.
  0. 0. 0. 0. 0. 0. 0. 0. 0. 0. 0. 0. 0. 0. 0. 0. 0. 0. 0. 0. 0. 0. 0. 0.
  0. 0. 0. 0.]]
start_times_array: [[7.73700000e+04 7.74610000e+04 7.74810000e+04 7.75410000e+04
  7.75540000e+04 7.76080000e+04 7.76460000e+04 7.77150000e+04
  7.77810000e+04 7.78590000e+04 7.78910000e+04 7.79380000e+04
  7.80190000e+04 7.81150000e+04 7.81840000e+04 7.82580000e+04
  7.83490000e+04 7.84220000e+04 7.84890000e+04 7.85780000e+04]
 [7.63110000e+04 7.63750000e+04 7.64240000e+04 7.65120000e+04
  7.65290000e+04 7.65590000e+04 7.66360000e+04 7.67330000e+04
  7.67380000e+04 7.68250000e+04 7.69240000e+04 7.69460000e+04
  7.69880000e+04 7.70380000e+04 7.70650000e+04 7.70840000e+04
  7.71390000e+04 7.72160000e+04 7.72940000e+04 7.73140000e+04]
 [7.53420000e+04 7.54040000e+04 7.54660000e+04 7.54710000e+04
  7.55430000e+04 7.56390000e+04 7.56640000e+04 7.57210000e+04
  7.57250000e+04 7.57610000e+04 7.57630000e+04 7.58140000e+04
  7.58270000e+04 7.59070000e+04 7.59890000e+04 7.60380000e+04
  7.61340000e+04 7.61610000e+04 7.61860000e+04 7.62690000e+04]
 [7.45210000e+04 7.46180000e+04 7.46490000e+04 7.46510000e+04
  7.46820000e+04 7.46970000e+04 7.47600000e+04 7.47790000e+04
  7.48170000e+04 7.48920000e+04 7.49270000e+04 7.49790000e+04
  7.50160000e+04 7.51070000e+04 7.51410000e+04 7.51480000e+04
  7.52110000e+04 7.52180000e+04 7.52290000e+04 7.52740000e+04]
 [7.36350000e+04 7.36500000e+04 7.37250000e+04 7.38130000e+04
  7.38600000e+04 7.39210000e+04 7.40120000e+04 7.40190000e+04
  7.40470000e+04 7.40550000e+04 7.41510000e+04 7.41550000e+04
  7.42460000e+04 7.42680000e+04 7.43280000e+04 7.43830000e+04
  7.44050000e+04 7.44410000e+04 7.44780000e+04 7.46050000e+04]
 [7.26380000e+04 7.26400000e+04 7.26810000e+04 7.27090000e+04
  7.27990000e+04 7.28130000e+04 7.28840000e+04 7.29550000e+04
  7.30180000e+04 7.31080000e+04 7.31520000e+04 7.32390000e+04
  7.33110000e+04 7.33420000e+04 7.33990000e+04 7.34410000e+04
  7.34420000e+04 7.34480000e+04 7.35220000e+04 7.35490000e+04]
 [7.17570000e+04 7.18220000e+04 7.18780000e+04 7.19550000e+04
  7.19850000e+04 7.20090000e+04 7.20680000e+04 7.20810000e+04
  7.21280000e+04 7.21840000e+04 7.22350000e+04 7.22900000e+04
  7.23010000e+04 7.23750000e+04 7.24600000e+04 7.25060000e+04
  7.25200000e+04 7.25770000e+04 7.25850000e+04 7.26210000e+04]
 [7.08290000e+04 7.08690000e+04 7.08960000e+04 7.09660000e+04
  7.10150000e+04 7.11120000e+04 7.11200000e+04 7.11400000e+04
  7.11510000e+04 7.12290000e+04 7.12760000e+04 7.13450000e+04
  7.14030000e+04 7.14380000e+04 7.14580000e+04 7.15100000e+04
  7.15150000e+04 7.15710000e+04 7.16390000e+04 7.16830000e+04]
 [6.93720001e+04 6.93850001e+04 6.96760000e+04 6.97680000e+04
  6.97920000e+04 6.98810000e+04 6.99780000e+04 7.00290000e+04
  7.00700000e+04 7.00990000e+04 7.01680000e+04 7.02280000e+04
  7.02780000e+04 7.03610000e+04 7.04250000e+04 7.05110000e+04
  7.06070000e+04 7.06650000e+04 7.07220000e+04 7.07820000e+04]
 [6.88490000e+04 6.88720000e+04 6.89120000e+04 6.89960000e+04
  6.90730000e+04 6.91330000e+04 6.91860000e+04 6.92340000e+04
  6.92920000e+04 6.93060000e+04 6.93220000e+04 6.93420000e+04
  6.94210000e+04 6.95090000e+04 6.95340000e+04 6.95630000e+04
  6.96310000e+04 6.96340000e+04 6.97190000e+04 7.00700000e+04]
 [6.76550000e+04 6.76690000e+04 6.77100000e+04 6.77210000e+04
  6.77570000e+04 6.78190000e+04 6.79010000e+04 6.79560000e+04
  6.80340000e+04 6.80730000e+04 6.81720000e+04 6.82650000e+04
  6.83380000e+04 6.84310000e+04 6.85220000e+04 6.85580000e+04
  6.85690000e+04 6.86470000e+04 6.87170000e+04 6.87870000e+04]
 [6.67880000e+04 6.68720000e+04 6.68860000e+04 6.69240000e+04
  6.69600000e+04 6.70370000e+04 6.70530000e+04 6.71450000e+04
  6.71860000e+04 6.71900000e+04 6.72370000e+04 6.72870000e+04
  6.73750000e+04 6.74670000e+04 6.74960000e+04 6.75190000e+04
  6.75380000e+04 6.75480000e+04 6.75570000e+04 6.75810000e+04]
 [6.61060000e+04 6.61990000e+04 6.62070000e+04 6.62420000e+04
  6.62530000e+04 6.63350000e+04 6.63370000e+04 6.63780000e+04
  6.64120000e+04 6.64340000e+04 6.65320000e+04 6.66040000e+04
  6.66710000e+04 6.67690000e+04 6.67880000e+04 6.68040000e+04
  6.68110000e+04 6.68930000e+04 6.69600000e+04 6.69840000e+04]
 [6.51360000e+04 6.52470000e+04 6.52530000e+04 6.53260000e+04
  6.54250000e+04 6.54940000e+04 6.55710000e+04 6.55960000e+04
  6.56350000e+04 6.56620000e+04 6.56700000e+04 6.57370000e+04
  6.57750000e+04 6.58370000e+04 6.58450000e+04 6.58800000e+04
  6.59240000e+04 6.59690000e+04 6.60250000e+04 6.60710000e+04]
 [6.42010001e+04 6.43440001e+04 6.44420001e+04 6.44560001e+04
  6.44930001e+04 6.46210000e+04 6.46680000e+04 6.46880000e+04
  6.47330000e+04 6.47660000e+04 6.48140000e+04 6.48890000e+04
  6.49040000e+04 6.49330000e+04 6.49480000e+04 6.49920000e+04
  6.50470000e+04 6.50480000e+04 6.50690000e+04 6.52200000e+04]
 [6.36420000e+04 6.37400000e+04 6.37620000e+04 6.38590000e+04
  6.38680000e+04 6.39230000e+04 6.40130000e+04 6.40640000e+04
  6.40940000e+04 6.41420000e+04 6.41890000e+04 6.42370000e+04
  6.43150000e+04 6.43350000e+04 6.43490000e+04 6.43700000e+04
  6.44670000e+04 6.45360000e+04 6.45610000e+04 6.46160000e+04]
 [6.26930000e+04 6.27370000e+04 6.27880000e+04 6.27950000e+04
  6.28540000e+04 6.29020000e+04 6.29880000e+04 6.30180000e+04
  6.31170000e+04 6.31680000e+04 6.32150000e+04 6.32160000e+04
  6.32320000e+04 6.33070000e+04 6.33360000e+04 6.34000000e+04
  6.34650000e+04 6.35590000e+04 6.38030000e+04 6.40350000e+04]
 [6.16920000e+04 6.17150000e+04 6.17390000e+04 6.17990000e+04
  6.18580000e+04 6.19350000e+04 6.19780000e+04 6.19980000e+04
  6.20970000e+04 6.21250000e+04 6.21900000e+04 6.22750000e+04
  6.22970000e+04 6.23910000e+04 6.24530000e+04 6.24770000e+04
  6.25330000e+04 6.26080000e+04 6.26190000e+04 6.26670000e+04]
 [6.05640000e+04 6.06520000e+04 6.07140000e+04 6.07890000e+04
  6.08720000e+04 6.09430000e+04 6.09750000e+04 6.09810000e+04
  6.10700000e+04 6.11140000e+04 6.11440000e+04 6.11540000e+04
  6.11890000e+04 6.12670000e+04 6.13070000e+04 6.13550000e+04
  6.14370000e+04 6.15140000e+04 6.15870000e+04 6.16060000e+04]
 [5.96070000e+04 5.96990000e+04 5.97750000e+04 5.98280000e+04
  5.99130000e+04 5.99590000e+04 6.00010000e+04 6.00350000e+04
  6.01200000e+04 6.01730000e+04 6.01930000e+04 6.02170000e+04
  6.02320000e+04 6.02580000e+04 6.02690000e+04 6.02970000e+04
  6.03930000e+04 6.04420000e+04 6.04490000e+04 6.04820000e+04]
 [5.85480000e+04 5.86330000e+04 5.86430000e+04 5.86620000e+04
  5.87450000e+04 5.87550000e+04 5.88320000e+04 5.89270000e+04
  5.89840000e+04 5.90330000e+04 5.91000000e+04 5.91340000e+04
  5.91550000e+04 5.91820000e+04 5.92250000e+04 5.92810000e+04
  5.93740000e+04 5.94210000e+04 5.95010000e+04 5.95290000e+04]
 [5.78930000e+04 5.79480000e+04 5.79940000e+04 5.80270000e+04
  5.80730000e+04 5.81230000e+04 5.81470000e+04 5.82130000e+04
  5.82430000e+04 5.83310000e+04 5.83570000e+04 5.84360000e+04
  5.84680000e+04 5.85350000e+04 5.85590000e+04 5.85790000e+04
  5.86460000e+04 5.86500000e+04 5.86580000e+04 5.91240000e+04]
 [5.69780000e+04 5.69930000e+04 5.70230000e+04 5.71190000e+04
  5.71690000e+04 5.72420000e+04 5.72840000e+04 5.73400000e+04
  5.74070000e+04 5.74230000e+04 5.74600000e+04 5.74880000e+04
  5.75020000e+04 5.75140000e+04 5.75310000e+04 5.75430000e+04
  5.76320000e+04 5.77220000e+04 5.78140000e+04 5.79060000e+04]
 [5.60340001e+04 5.61320001e+04 5.61570001e+04 5.62590000e+04
  5.62680000e+04 5.63160000e+04 5.63850000e+04 5.64500000e+04
  5.64580000e+04 5.65400000e+04 5.66040000e+04 5.66650000e+04
  5.66700000e+04 5.66910000e+04 5.67880000e+04 5.68510000e+04
  5.69360000e+04 5.69540000e+04 5.72520000e+04 5.73430000e+04]
 [5.53980001e+04 5.55730001e+04 5.56240001e+04 5.57280000e+04
  5.58220000e+04 5.58990000e+04 5.59050000e+04 5.59270000e+04
  5.59560000e+04 5.59610000e+04 5.59970000e+04 5.60510000e+04
  5.60820000e+04 5.60880000e+04 5.61750000e+04 5.64450000e+04
  5.64480000e+04 5.64530000e+04 5.65410000e+04 5.65760000e+04]
 [5.50760000e+04 5.51320000e+04 5.52120000e+04 5.52260000e+04
  5.52540000e+04 5.52680000e+04 5.52740000e+04 5.52800000e+04
  5.53590000e+04 5.54430000e+04 5.54660000e+04 5.55420000e+04
  5.55800000e+04 5.56080000e+04 5.57060000e+04 5.58040000e+04
  5.58420000e+04 5.62620000e+04 5.62890000e+04 5.63510000e+04]
 [5.34540000e+04 5.37610000e+04 5.46690000e+04 5.46930000e+04
  5.47110000e+04 5.47410000e+04 5.47520000e+04 5.48140000e+04
  5.48520000e+04 5.49040000e+04 5.49070000e+04 5.49930000e+04
  5.50100000e+04 5.50120000e+04 5.50620000e+04 5.51490000e+04
  5.51590000e+04 5.51960000e+04 5.52380000e+04 5.52680000e+04]
 [5.28220000e+04 5.36180000e+04 5.37070000e+04 5.38060000e+04
  5.38550000e+04 5.39090000e+04 5.39660000e+04 5.39980000e+04
  5.40840000e+04 5.41590000e+04 5.42230000e+04 5.43220000e+04
  5.43820000e+04 5.44530000e+04 5.45050000e+04 5.45790000e+04
  5.45970000e+04 5.46100000e+04 5.47260000e+04 5.50030000e+04]
 [5.14440000e+04 5.28930000e+04 5.29310000e+04 5.30290000e+04
  5.30580000e+04 5.30870000e+04 5.31400000e+04 5.31900000e+04
  5.31970000e+04 5.32780000e+04 5.33560000e+04 5.34410000e+04
  5.34670000e+04 5.34940000e+04 5.35460000e+04 5.35530000e+04
  5.36470000e+04 5.37330000e+04 5.37870000e+04 5.38380000e+04]
 [5.19340000e+04 5.20290000e+04 5.20540000e+04 5.21250000e+04
  5.21410000e+04 5.22050000e+04 5.22280000e+04 5.23050000e+04
  5.23340000e+04 5.24240000e+04 5.24790000e+04 5.25620000e+04
  5.25800000e+04 5.26220000e+04 5.27000000e+04 5.27330000e+04
  5.27450000e+04 5.27730000e+04 5.28700000e+04 5.29310000e+04]
 [4.99910000e+04 5.10640000e+04 5.11180000e+04 5.11600000e+04
  5.12380000e+04 5.12530000e+04 5.13240000e+04 5.13930000e+04
  5.14030000e+04 5.14700000e+04 5.14970000e+04 5.15790000e+04
  5.16380000e+04 5.17310000e+04 5.18180000e+04 5.18730000e+04
  5.19910000e+04 5.20610000e+04 5.21190000e+04 5.27260000e+04]
 [5.03200000e+04 5.03620000e+04 5.04330000e+04 5.05270000e+04
  5.06000000e+04 5.06580000e+04 5.06800000e+04 5.07220000e+04
  5.07350000e+04 5.07910000e+04 5.08650000e+04 5.08770000e+04
  5.09030000e+04 5.09730000e+04 5.10920000e+04 5.12500000e+04
  5.12510000e+04 5.13910000e+04 5.16400000e+04 5.17650000e+04]
 [4.86540000e+04 4.93280000e+04 4.93300000e+04 4.93980000e+04
  4.94870000e+04 4.94910000e+04 4.95740000e+04 4.96370000e+04
  4.96950000e+04 4.97410000e+04 4.98030000e+04 4.99020000e+04
  4.99920000e+04 5.00830000e+04 5.00920000e+04 5.01750000e+04
  5.01900000e+04 5.02730000e+04 5.11130000e+04 5.12080000e+04]
 [4.83410000e+04 4.84280000e+04 4.84550000e+04 4.84620000e+04
  4.84950000e+04 4.85870000e+04 4.86390000e+04 4.87210000e+04
  4.87500000e+04 4.88380000e+04 4.88590000e+04 4.89040000e+04
  4.89650000e+04 4.89990000e+04 4.90520000e+04 4.90780000e+04
  4.91010000e+04 4.91700000e+04 4.92430000e+04 5.02200000e+04]
 [4.75440000e+04 4.75900000e+04 4.76410000e+04 4.76980000e+04
  4.77860000e+04 4.78570000e+04 4.78670000e+04 4.78760000e+04
  4.79210000e+04 4.80110000e+04 4.80270000e+04 4.80820000e+04
  4.81730000e+04 4.82380000e+04 4.82740000e+04 4.82930000e+04
  4.83630000e+04 4.85470000e+04 4.85630000e+04 5.02190000e+04]
 [4.65930001e+04 4.66360001e+04 4.67130000e+04 4.67760000e+04
  4.68380000e+04 4.69100000e+04 4.69220000e+04 4.70200000e+04
  4.70730000e+04 4.71300000e+04 4.71970000e+04 4.72420000e+04
  4.73320000e+04 4.74150000e+04 4.74510000e+04 4.75050000e+04
  4.77510000e+04 4.77800000e+04 4.84950000e+04 4.85310000e+04]
 [4.60030000e+04 4.60310000e+04 4.60960000e+04 4.63180000e+04
  4.63680000e+04 4.63690000e+04 4.64300000e+04 4.64860000e+04
  4.65070000e+04 4.65460000e+04 4.66030000e+04 4.66460000e+04
  4.66800000e+04 4.67370000e+04 4.69860000e+04 4.70080000e+04
  4.70880000e+04 4.71760000e+04 4.72420000e+04 4.73950000e+04]
 [4.53530000e+04 4.53630000e+04 4.53650000e+04 4.53760000e+04
  4.54580000e+04 4.55140000e+04 4.55920000e+04 4.56670000e+04
  4.57070000e+04 4.57410000e+04 4.57830000e+04 4.58340000e+04
  4.58510000e+04 4.59130000e+04 4.59450000e+04 4.60330000e+04
  4.61030000e+04 4.61530000e+04 4.62310000e+04 4.62700000e+04]
 [4.39420000e+04 4.43640000e+04 4.44610001e+04 4.46240000e+04
  4.46530000e+04 4.47520000e+04 4.47610000e+04 4.48190000e+04
  4.48790000e+04 4.49310000e+04 4.49670000e+04 4.49810000e+04
  4.50280000e+04 4.50980000e+04 4.51080000e+04 4.51090000e+04
  4.51750000e+04 4.52260000e+04 4.53220000e+04 4.58400000e+04]
 [4.36260000e+04 4.37010000e+04 4.37900000e+04 4.38820000e+04
  4.38980000e+04 4.39500000e+04 4.40480000e+04 4.40690000e+04
  4.41190000e+04 4.41800000e+04 4.42020000e+04 4.42800000e+04
  4.43310000e+04 4.44010000e+04 4.44420000e+04 4.44810000e+04
  4.45000000e+04 4.45910000e+04 4.50230000e+04 4.50690000e+04]
 [4.32600000e+04 4.33120000e+04 4.34030000e+04 4.34270000e+04
  4.34290000e+04 4.34720000e+04 4.35090000e+04 4.35200000e+04
  4.35750000e+04 4.36430000e+04 4.36700000e+04 4.36980000e+04
  4.37890000e+04 4.38340000e+04 4.39120000e+04 4.39410000e+04
  4.40070000e+04 4.40940000e+04 4.42640000e+04 4.44610000e+04]
 [4.22620001e+04 4.22640001e+04 4.23720001e+04 4.27260000e+04
  4.27370000e+04 4.27560000e+04 4.28160000e+04 4.28740000e+04
  4.28900000e+04 4.29240000e+04 4.29920000e+04 4.30810000e+04
  4.31640000e+04 4.31690000e+04 4.32120000e+04 4.32820000e+04
  4.32920000e+04 4.33570000e+04 4.34360000e+04 4.34480000e+04]
 [4.17590000e+04 4.18550000e+04 4.19410000e+04 4.19890000e+04
  4.20630000e+04 4.20730000e+04 4.20770000e+04 4.21320000e+04
  4.21850000e+04 4.22410000e+04 4.22420000e+04 4.22940000e+04
  4.23460000e+04 4.24320000e+04 4.24380000e+04 4.25030000e+04
  4.25610000e+04 4.26410000e+04 4.27580000e+04 4.27960000e+04]
 [4.07630000e+04 4.08310000e+04 4.08540000e+04 4.09040000e+04
  4.09840000e+04 4.10670000e+04 4.11380000e+04 4.11710000e+04
  4.12190000e+04 4.12470000e+04 4.13070000e+04 4.13830000e+04
  4.14010000e+04 4.14330000e+04 4.14980000e+04 4.15310000e+04
  4.16290000e+04 4.16570000e+04 4.17490000e+04 4.18440000e+04]
 [3.98480000e+04 3.99510000e+04 4.00300000e+04 4.00700000e+04
  4.01230000e+04 4.01470000e+04 4.01770000e+04 4.02290000e+04
  4.02550000e+04 4.03450000e+04 4.03980000e+04 4.04480000e+04
  4.05390000e+04 4.06090000e+04 4.06990000e+04 4.07300000e+04
  4.07650000e+04 4.09550000e+04 4.10450000e+04 4.10460000e+04]
 [3.91350000e+04 3.91800000e+04 3.91970000e+04 3.92780000e+04
  3.93750000e+04 3.94560000e+04 3.95230000e+04 3.96050000e+04
  3.96290000e+04 3.96560000e+04 3.97080000e+04 3.97670000e+04
  3.98220000e+04 3.98960000e+04 3.99210000e+04 3.99790000e+04
  4.00410000e+04 4.00700000e+04 4.01580000e+04 4.03680000e+04]
 [3.83150000e+04 3.83160000e+04 3.83400000e+04 3.83510000e+04
  3.84390000e+04 3.85160000e+04 3.85800000e+04 3.86070000e+04
  3.86200000e+04 3.86720000e+04 3.87210000e+04 3.87400000e+04
  3.88020000e+04 3.88120000e+04 3.88540000e+04 3.89510000e+04
  3.90000000e+04 3.90760000e+04 3.95690000e+04 3.96650000e+04]
 [3.77360001e+04 3.78280001e+04 3.79100001e+04 3.79400000e+04
  3.80100000e+04 3.80990000e+04 3.81250000e+04 3.81490000e+04
  3.81500000e+04 3.81720000e+04 3.81840000e+04 3.81900000e+04
  3.82240000e+04 3.83120000e+04 3.85620000e+04 3.86160000e+04
  3.86240000e+04 3.86980000e+04 3.87390000e+04 3.94950000e+04]
 [3.69880000e+04 3.70170000e+04 3.70240000e+04 3.71020000e+04
  3.71920000e+04 3.72700000e+04 3.73640000e+04 3.73710000e+04
  3.74240000e+04 3.74320000e+04 3.75240000e+04 3.75420000e+04
  3.76010000e+04 3.76600000e+04 3.77560000e+04 3.78080000e+04
  3.78770000e+04 3.79410000e+04 3.80170000e+04 3.81480000e+04]
 [3.64380001e+04 3.64930000e+04 3.65570000e+04 3.66430000e+04
  3.67250000e+04 3.67310000e+04 3.67330000e+04 3.68150000e+04
  3.68610000e+04 3.68830000e+04 3.68960000e+04 3.69880000e+04
  3.70260000e+04 3.70980000e+04 3.71430000e+04 3.72090000e+04
  3.72570000e+04 3.72670000e+04 3.73610000e+04 3.77080001e+04]
 [3.53820000e+04 3.54090000e+04 3.58620000e+04 3.59610000e+04
  3.60330000e+04 3.60500000e+04 3.61190000e+04 3.61780000e+04
  3.61810000e+04 3.62740000e+04 3.62780000e+04 3.63080000e+04
  3.63260000e+04 3.63620000e+04 3.64270000e+04 3.65200000e+04
  3.65660000e+04 3.65760000e+04 3.66210000e+04 3.66350000e+04]
 [3.53070000e+04 3.53160000e+04 3.53820000e+04 3.54150000e+04
  3.54500000e+04 3.54750000e+04 3.55190000e+04 3.55320000e+04
  3.55400000e+04 3.55870000e+04 3.56670000e+04 3.57660000e+04
  3.57890000e+04 3.58480000e+04 3.58500000e+04 3.59390000e+04
  3.59550000e+04 3.59850000e+04 3.60300000e+04 3.63720000e+04]
 [3.46970000e+04 3.47710000e+04 3.47780000e+04 3.47810000e+04
  3.48770000e+04 3.48860000e+04 3.49300000e+04 3.49450000e+04
  3.49610000e+04 3.50590000e+04 3.50780000e+04 3.50860000e+04
  3.50870000e+04 3.51740000e+04 3.51830000e+04 3.52310000e+04
  3.53200000e+04 3.53460000e+04 3.59330000e+04 3.60180000e+04]
 [3.40830000e+04 3.41730000e+04 3.42120000e+04 3.42700000e+04
  3.43000000e+04 3.43350000e+04 3.44150000e+04 3.44840000e+04
  3.44910000e+04 3.45610000e+04 3.46130000e+04 3.47010000e+04
  3.47570000e+04 3.47650000e+04 3.47770000e+04 3.48500000e+04
  3.48980000e+04 3.49550000e+04 3.49890000e+04 3.50730000e+04]
 [3.35090000e+04 3.36000000e+04 3.36390000e+04 3.37250000e+04
  3.37720000e+04 3.38330000e+04 3.38520000e+04 3.39240000e+04
  3.39870000e+04 3.40310000e+04 3.41260000e+04 3.41780000e+04
  3.42390000e+04 3.42460000e+04 3.43400000e+04 3.44170000e+04
  3.44750000e+04 3.44860000e+04 3.45070000e+04 3.46970000e+04]
 [3.28830000e+04 3.28970000e+04 3.29590000e+04 3.29720000e+04
  3.30560000e+04 3.30710000e+04 3.30900000e+04 3.31600000e+04
  3.31920000e+04 3.32490000e+04 3.32870000e+04 3.33770000e+04
  3.34140000e+04 3.34450000e+04 3.35230000e+04 3.35430000e+04
  3.35550000e+04 3.35640000e+04 3.37430000e+04 3.41630000e+04]
 [3.23280000e+04 3.23760000e+04 3.23890000e+04 3.23940000e+04
  3.24070000e+04 3.24260000e+04 3.25130000e+04 3.25930000e+04
  3.25990000e+04 3.26530000e+04 3.26940000e+04 3.27500000e+04
  3.27600000e+04 3.28240000e+04 3.28500000e+04 3.29480000e+04
  3.29590000e+04 3.30000000e+04 3.30320000e+04 3.32600000e+04]
 [3.14320000e+04 3.14970000e+04 3.15860000e+04 3.16250000e+04
  3.17020000e+04 3.17200000e+04 3.17620000e+04 3.18070000e+04
  3.18900000e+04 3.19440000e+04 3.20070000e+04 3.20890000e+04
  3.21390000e+04 3.21480000e+04 3.22200000e+04 3.22660000e+04
  3.23170000e+04 3.23530000e+04 3.23800000e+04 3.28020000e+04]
 [3.03550000e+04 3.06890000e+04 3.07740000e+04 3.07760000e+04
  3.08050000e+04 3.08220000e+04 3.08820000e+04 3.09510000e+04
  3.10060000e+04 3.10400000e+04 3.10520000e+04 3.10690000e+04
  3.11290000e+04 3.11300000e+04 3.11930000e+04 3.12550000e+04
  3.12690000e+04 3.13450000e+04 3.13470000e+04 3.21390000e+04]
 [2.98380000e+04 2.98510000e+04 2.98950000e+04 3.01000000e+04
  3.01160000e+04 3.01790000e+04 3.02100000e+04 3.02830000e+04
  3.03580000e+04 3.03890000e+04 3.04350000e+04 3.05200000e+04
  3.05990000e+04 3.06660000e+04 3.06720000e+04 3.06970000e+04
  3.07370000e+04 3.09640000e+04 3.09800000e+04 3.10660000e+04]
 [2.93410001e+04 2.94460000e+04 2.95400000e+04 2.95950000e+04
  2.96200000e+04 2.97130000e+04 2.97430000e+04 2.98380000e+04
  2.98940000e+04 2.98950000e+04 2.98980000e+04 2.99750000e+04
  2.99760000e+04 3.00280000e+04 3.00800000e+04 3.01010000e+04
  3.01060000e+04 3.01070000e+04 3.02600000e+04 3.03570000e+04]
 [2.84650000e+04 2.84750000e+04 2.85430000e+04 2.85990000e+04
  2.86710000e+04 2.87340000e+04 2.88140000e+04 2.89050000e+04
  2.89850000e+04 2.90070000e+04 2.90770000e+04 2.91160000e+04
  2.91540000e+04 2.92110000e+04 2.92900000e+04 2.93500000e+04
  2.93690000e+04 2.94640000e+04 2.94990000e+04 2.98910000e+04]
 [2.62370000e+04 2.73640000e+04 2.76960000e+04 2.76980000e+04
  2.77670000e+04 2.78110000e+04 2.78300000e+04 2.79000000e+04
  2.79710000e+04 2.80240000e+04 2.81220000e+04 2.81870000e+04
  2.81910000e+04 2.82370000e+04 2.83310000e+04 2.83790000e+04
  2.85590000e+04 2.85650000e+04 2.89350000e+04 2.90320000e+04]
 [2.67050000e+04 2.67900000e+04 2.68280000e+04 2.68550000e+04
  2.69480000e+04 2.70290000e+04 2.70460000e+04 2.70600000e+04
  2.71380000e+04 2.72270000e+04 2.73170000e+04 2.74140000e+04
  2.75110000e+04 2.75230000e+04 2.75510000e+04 2.76230000e+04
  2.77160000e+04 2.77340000e+04 2.78240000e+04 2.78770000e+04]
 [2.57780000e+04 2.59690000e+04 2.59800000e+04 2.60740000e+04
  2.61180000e+04 2.61980000e+04 2.62920000e+04 2.63160000e+04
  2.63810000e+04 2.64030000e+04 2.64770000e+04 2.65390000e+04
  2.65970000e+04 2.66830000e+04 2.67320000e+04 2.68260000e+04
  2.69410000e+04 2.70160000e+04 2.71120000e+04 2.71450000e+04]
 [2.51110001e+04 2.51420001e+04 2.52180001e+04 2.52710000e+04
  2.52870000e+04 2.53150000e+04 2.54030000e+04 2.55000000e+04
  2.55430000e+04 2.55570000e+04 2.56460000e+04 2.56840000e+04
  2.57500000e+04 2.58120000e+04 2.58200000e+04 2.58610000e+04
  2.59420000e+04 2.61020000e+04 2.64510000e+04 2.66670000e+04]
 [2.45680000e+04 2.46190000e+04 2.46200000e+04 2.47000000e+04
  2.47630000e+04 2.47640000e+04 2.48250000e+04 2.49230000e+04
  2.49810000e+04 2.50280000e+04 2.50430000e+04 2.51260000e+04
  2.51420000e+04 2.51920000e+04 2.52280000e+04 2.52410000e+04
  2.52870000e+04 2.54100000e+04 2.54970000e+04 2.58920000e+04]
 [2.39020000e+04 2.40000000e+04 2.40650000e+04 2.40870000e+04
  2.41180000e+04 2.41560000e+04 2.42010000e+04 2.42730000e+04
  2.43450000e+04 2.43820000e+04 2.44450000e+04 2.44820000e+04
  2.45320000e+04 2.45380000e+04 2.45750000e+04 2.45860000e+04
  2.46460000e+04 2.46920000e+04 2.47260000e+04 2.52050000e+04]
 [2.32560000e+04 2.32870000e+04 2.33060000e+04 2.33360000e+04
  2.34160000e+04 2.34400000e+04 2.35140000e+04 2.35810000e+04
  2.36200000e+04 2.36550000e+04 2.37340000e+04 2.37760000e+04
  2.38000000e+04 2.38450000e+04 2.38500000e+04 2.38630000e+04
  2.39070000e+04 2.41300001e+04 2.42830000e+04 2.43170000e+04]
 [2.18740000e+04 2.28750000e+04 2.28790000e+04 2.29310000e+04
  2.30130000e+04 2.30550000e+04 2.31260000e+04 2.31450000e+04
  2.31920000e+04 2.32090000e+04 2.32760000e+04 2.33140000e+04
  2.33370000e+04 2.35080000e+04 2.36030000e+04 2.36240000e+04
  2.36800000e+04 2.36990000e+04 2.37510000e+04 2.42490000e+04]
 [2.17980000e+04 2.18560000e+04 2.18930000e+04 2.19390000e+04
  2.19430000e+04 2.20160000e+04 2.21020000e+04 2.21100000e+04
  2.21610000e+04 2.22070000e+04 2.22450000e+04 2.22780000e+04
  2.23120000e+04 2.24010000e+04 2.24910000e+04 2.25640000e+04
  2.26450000e+04 2.26820000e+04 2.27320000e+04 2.28120000e+04]
 [1.95350001e+04 2.07690000e+04 2.07950000e+04 2.08700000e+04
  2.09100000e+04 2.09390000e+04 2.10180000e+04 2.11010000e+04
  2.11410000e+04 2.11760000e+04 2.12290000e+04 2.12860000e+04
  2.13850000e+04 2.14420000e+04 2.15360000e+04 2.16350000e+04
  2.16880000e+04 2.17810000e+04 2.20810000e+04 2.27330000e+04]
 [1.92730000e+04 1.95140001e+04 1.98040000e+04 1.98550000e+04
  1.99470000e+04 2.00390000e+04 2.00750000e+04 2.01480000e+04
  2.02010000e+04 2.02630000e+04 2.03600000e+04 2.04220000e+04
  2.04390000e+04 2.05190000e+04 2.05480000e+04 2.06340000e+04
  2.07230000e+04 2.07490000e+04 2.07780000e+04 2.07870000e+04]
 [1.85120001e+04 1.86700001e+04 1.88820000e+04 1.91000000e+04
  1.91630000e+04 1.92270000e+04 1.93120000e+04 1.94070000e+04
  1.94940000e+04 1.95380000e+04 1.95530000e+04 1.95760000e+04
  1.95860000e+04 1.96790000e+04 1.97460000e+04 1.98150000e+04
  1.98280000e+04 1.98630000e+04 1.99340000e+04 1.99850000e+04]
 [1.80720000e+04 1.83790000e+04 1.84510000e+04 1.85000000e+04
  1.85110000e+04 1.85630000e+04 1.86240000e+04 1.86600000e+04
  1.87590000e+04 1.88080000e+04 1.88910000e+04 1.89010000e+04
  1.89330000e+04 1.89720000e+04 1.90110000e+04 1.90970000e+04
  1.91100000e+04 1.91640000e+04 1.92550000e+04 1.92610000e+04]
 [1.79360000e+04 1.80130000e+04 1.80720000e+04 1.81550000e+04
  1.82050000e+04 1.82930000e+04 1.83010000e+04 1.83100000e+04
  1.83680000e+04 1.84130000e+04 1.84380000e+04 1.84490000e+04
  1.84830000e+04 1.85510000e+04 1.85860000e+04 1.86120000e+04
  1.87900001e+04 1.87910001e+04 1.91930000e+04 1.92050000e+04]
 [1.72530000e+04 1.72770000e+04 1.73370000e+04 1.73570000e+04
  1.73730000e+04 1.74380000e+04 1.75040000e+04 1.75510000e+04
  1.75940000e+04 1.76570000e+04 1.76660000e+04 1.76800000e+04
  1.77500000e+04 1.77960000e+04 1.78280000e+04 1.78820000e+04
  1.78990000e+04 1.79840000e+04 1.79900000e+04 1.80020000e+04]
 [1.66430000e+04 1.67320000e+04 1.67510000e+04 1.67760000e+04
  1.68380000e+04 1.69100000e+04 1.69310000e+04 1.69630000e+04
  1.70190000e+04 1.70800000e+04 1.71030000e+04 1.71360000e+04
  1.72020000e+04 1.72670000e+04 1.73300000e+04 1.73570000e+04
  1.74940000e+04 1.75400000e+04 1.75710000e+04 1.76330000e+04]
 [1.55690001e+04 1.57780000e+04 1.58770000e+04 1.58910000e+04
  1.59240000e+04 1.60050000e+04 1.60440000e+04 1.60930000e+04
  1.61890000e+04 1.62200000e+04 1.62820000e+04 1.63220000e+04
  1.63760000e+04 1.64290000e+04 1.65200000e+04 1.66070000e+04
  1.68210000e+04 1.69000000e+04 1.69270000e+04 1.69290000e+04]
 [1.45710001e+04 1.49590000e+04 1.49740000e+04 1.50010000e+04
  1.50910000e+04 1.51820000e+04 1.51840000e+04 1.52530000e+04
  1.53420000e+04 1.53720000e+04 1.54390000e+04 1.54760000e+04
  1.54980000e+04 1.55770000e+04 1.56550000e+04 1.57280000e+04
  1.57990000e+04 1.58660000e+04 1.59140000e+04 1.63750000e+04]
 [1.38840001e+04 1.39450001e+04 1.39470001e+04 1.39970001e+04
  1.41130001e+04 1.41880001e+04 1.44410000e+04 1.44990000e+04
  1.45350000e+04 1.45890000e+04 1.46350000e+04 1.47200000e+04
  1.47470000e+04 1.48100000e+04 1.48520000e+04 1.49400000e+04
  1.50150000e+04 1.50450000e+04 1.52340000e+04 1.54640000e+04]
 [1.34530000e+04 1.34720000e+04 1.35310000e+04 1.36040000e+04
  1.36940000e+04 1.37140000e+04 1.37410000e+04 1.37770000e+04
  1.37930000e+04 1.38460000e+04 1.39140000e+04 1.39240000e+04
  1.39830000e+04 1.40660000e+04 1.40880000e+04 1.40940000e+04
  1.41850000e+04 1.42070000e+04 1.42810000e+04 1.43800000e+04]
 [1.18470000e+04 1.19440000e+04 1.25790000e+04 1.26080000e+04
  1.26280000e+04 1.27270000e+04 1.27560000e+04 1.28050000e+04
  1.28910000e+04 1.29870000e+04 1.30700000e+04 1.30840000e+04
  1.31790000e+04 1.31960000e+04 1.32410000e+04 1.33060000e+04
  1.33540000e+04 1.34180000e+04 1.34270000e+04 1.40580000e+04]
 [1.13330000e+04 1.13970000e+04 1.14510000e+04 1.15280000e+04
  1.16270000e+04 1.17170000e+04 1.17780000e+04 1.18430000e+04
  1.19010000e+04 1.19430000e+04 1.20290000e+04 1.20930000e+04
  1.20960000e+04 1.21510000e+04 1.22300000e+04 1.23180000e+04
  1.23310000e+04 1.23940000e+04 1.24600000e+04 1.25430000e+04]
 [9.48700000e+03 9.89200010e+03 9.92100010e+03 1.03010000e+04
  1.04370000e+04 1.05180000e+04 1.06150000e+04 1.07110000e+04
  1.07770000e+04 1.08580000e+04 1.09330000e+04 1.10260000e+04
  1.10770000e+04 1.11500000e+04 1.12260000e+04 1.12590000e+04
  1.12930000e+04 1.13880000e+04 1.13920000e+04 1.23250000e+04]
 [9.33900000e+03 9.35700000e+03 9.41600000e+03 9.43100000e+03
  9.67000000e+03 9.75500000e+03 9.78700000e+03 9.85500000e+03
  9.92500000e+03 9.94900000e+03 1.00020000e+04 1.00140000e+04
  1.00830000e+04 1.01180000e+04 1.02070000e+04 1.02130000e+04
  1.02540000e+04 1.03410000e+04 1.03820000e+04 1.04670000e+04]
 [8.92600000e+03 8.93000000e+03 9.00000000e+03 9.08400000e+03
  9.16400000e+03 9.18100000e+03 9.22400000e+03 9.27400000e+03
  9.29100000e+03 9.34100000e+03 9.40700000e+03 9.43100000e+03
  9.44600000e+03 9.53600000e+03 9.61900000e+03 9.66400000e+03
  9.67900000e+03 9.75100000e+03 9.77700000e+03 9.86600000e+03]
 [8.12900000e+03 8.14200000e+03 8.19400000e+03 8.28200000e+03
  8.33600000e+03 8.38600000e+03 8.44500000e+03 8.49600000e+03
  8.53200000e+03 8.61900000e+03 8.71700000e+03 8.74300000e+03
  8.79900000e+03 8.88800000e+03 8.92600000e+03 8.97400000e+03
  9.03200000e+03 9.16400000e+03 9.76700000e+03 9.78500000e+03]
 [7.34900000e+03 7.41200000e+03 7.58100000e+03 8.01000000e+03
  8.06000000e+03 8.07100000e+03 8.10900000e+03 8.12800000e+03
  8.13500000e+03 8.19500000e+03 8.23500000e+03 8.29100000e+03
  8.29600000e+03 8.35500000e+03 8.43800000e+03 8.48400000e+03
  8.52500000e+03 8.61500000e+03 8.71900000e+03 9.00100000e+03]
 [6.91400000e+03 7.33900000e+03 7.42100000e+03 7.49000000e+03
  7.50400000e+03 7.58100000e+03 7.62000000e+03 7.64700000e+03
  7.74500000e+03 7.75300000e+03 7.80600000e+03 7.82100000e+03
  7.82200000e+03 7.89000000e+03 7.94600000e+03 8.01800000e+03
  8.07900000e+03 8.16800000e+03 8.20300000e+03 8.27000000e+03]
 [6.65800000e+03 6.74200000e+03 6.78300000e+03 6.86100000e+03
  6.91400000e+03 6.99600000e+03 7.02800000e+03 7.07900000e+03
  7.10600000e+03 7.16200000e+03 7.16600000e+03 7.18500000e+03
  7.22600000e+03 7.30600000e+03 7.33900000e+03 7.41000000e+03
  7.42800000e+03 7.57100010e+03 7.61500000e+03 7.65800000e+03]
 [6.04500000e+03 6.11300000e+03 6.17200000e+03 6.23900000e+03
  6.26300000e+03 6.26500000e+03 6.33400000e+03 6.37900000e+03
  6.46400000e+03 6.51500000e+03 6.56100000e+03 6.64700000e+03
  6.65800000e+03 6.66000000e+03 6.75700000e+03 6.81000000e+03
  6.85400000e+03 6.91800000e+03 7.27400000e+03 7.35700000e+03]
 [4.65000000e+03 5.30800000e+03 5.40500000e+03 5.41600000e+03
  5.48500000e+03 5.49100000e+03 5.50300000e+03 5.58700000e+03
  5.61900000e+03 5.62000000e+03 5.71000000e+03 5.74200000e+03
  5.84000000e+03 5.91900000e+03 5.95500000e+03 6.01100000e+03
  6.01200000e+03 6.02900000e+03 6.18500000e+03 6.85400000e+03]
 [4.39100000e+03 4.43800000e+03 4.50400010e+03 4.60400000e+03
  4.66800000e+03 4.73700000e+03 4.75300000e+03 4.79800000e+03
  4.86000000e+03 4.87600000e+03 4.88100000e+03 4.90700000e+03
  4.97700000e+03 5.02500000e+03 5.08300000e+03 5.15800000e+03
  5.17100000e+03 5.18200000e+03 5.22900000e+03 5.27900000e+03]
 [3.88500000e+03 3.95700000e+03 4.00800000e+03 4.02400000e+03
  4.05600000e+03 4.09900000e+03 4.16000000e+03 4.17100000e+03
  4.17200000e+03 4.24600000e+03 4.26300000e+03 4.27800000e+03
  4.35000000e+03 4.43700000e+03 4.51800000e+03 4.54400000e+03
  4.57000000e+03 4.64400000e+03 4.67400000e+03 5.13100000e+03]
 [2.89500000e+03 2.97100000e+03 3.04000000e+03 3.13800000e+03
  3.19800000e+03 3.27100000e+03 3.30800000e+03 3.34300000e+03
  3.39000000e+03 3.40700000e+03 3.50000000e+03 3.58300000e+03
  3.61000000e+03 3.70500000e+03 3.78200000e+03 3.84900000e+03
  3.87900000e+03 3.97300000e+03 3.99900000e+03 4.04400000e+03]
 [2.46300000e+03 2.50500000e+03 2.59800000e+03 2.68600000e+03
  2.77500000e+03 2.80600000e+03 2.89500000e+03 2.95400000e+03
  3.04000000e+03 3.06800000e+03 3.09100000e+03 3.09500000e+03
  3.16700000e+03 3.21000000e+03 3.23800000e+03 3.29000000e+03
  3.44000000e+03 3.52800000e+03 3.61900000e+03 3.96700000e+03]
 [1.50000000e+03 1.58400000e+03 1.59200000e+03 1.67600000e+03
  1.74300000e+03 1.82700000e+03 1.83800000e+03 1.92700000e+03
  1.96500000e+03 1.97700000e+03 2.05100000e+03 2.06500000e+03
  2.11500000e+03 2.19800000e+03 2.24000000e+03 2.31700000e+03
  2.40500000e+03 2.87100000e+03 2.92900000e+03 2.93700000e+03]
 [2.69000000e+02 2.97000000e+02 3.12000000e+02 4.09000000e+02
  6.78000000e+02 6.93000000e+02 7.97000000e+02 8.06000000e+02
  8.65000000e+02 9.15000000e+02 1.01300000e+03 1.09900000e+03
  1.10500000e+03 1.15400000e+03 1.17800000e+03 1.26700000e+03
  1.32300000e+03 1.40800000e+03 1.42200000e+03 2.22000000e+03]
 [0.00000000e+00 5.10000000e+01 7.60000000e+01 1.32000000e+02
  1.99000000e+02 2.50000000e+02 2.94000000e+02 3.74000000e+02
  4.40000000e+02 4.63000000e+02 5.37000000e+02 5.49000000e+02
  6.01000000e+02 6.14000000e+02 6.18000000e+02 6.54000000e+02
  7.23000000e+02 7.28000000e+02 7.49000000e+02 1.02000000e+03]]
