optimal_status: 0
solution: 11112.0
cpu_time: 3600.6132938861847
gap: 0.9053275737940965
upper_bound: 1051.9999999999998
lower_bound: 11112.0
cg_matrix: [[0. 1. 1. 1. 0. 1. 1. 1. 1. 1. 1. 1. 0. 0. 0. 1. 1. 1. 1. 1. 0. 1. 1. 1.
  1. 1. 1. 1. 1. 1.]
 [1. 0. 1. 1. 1. 1. 1. 1. 1. 1. 1. 0. 1. 1. 0. 1. 1. 1. 0. 0. 1. 1. 1. 1.
  1. 1. 0. 1. 0. 1.]
 [1. 1. 0. 0. 1. 1. 1. 1. 1. 1. 1. 1. 0. 1. 1. 1. 1. 1. 1. 1. 1. 0. 1. 1.
  1. 1. 1. 0. 1. 1.]
 [1. 1. 0. 0. 1. 0. 0. 1. 1. 1. 0. 1. 1. 0. 0. 1. 0. 1. 1. 1. 0. 1. 1. 1.
  1. 0. 1. 0. 1. 1.]
 [0. 1. 1. 1. 0. 1. 0. 1. 0. 0. 0. 1. 1. 1. 0. 1. 0. 1. 1. 0. 1. 0. 1. 0.
  1. 1. 1. 1. 1. 0.]
 [1. 1. 1. 0. 1. 0. 1. 1. 1. 1. 0. 1. 1. 0. 1. 1. 1. 1. 1. 1. 1. 1. 1. 0.
  0. 0. 1. 1. 1. 0.]
 [1. 1. 1. 0. 0. 1. 0. 1. 0. 1. 0. 1. 1. 1. 1. 1. 1. 1. 1. 1. 0. 1. 1. 1.
  1. 1. 1. 1. 1. 1.]
 [1. 1. 1. 1. 1. 1. 1. 0. 1. 1. 1. 1. 1. 1. 0. 1. 1. 1. 1. 1. 1. 1. 1. 1.
  1. 1. 1. 1. 1. 0.]
 [1. 1. 1. 1. 0. 1. 0. 1. 0. 1. 1. 1. 0. 0. 0. 1. 0. 1. 1. 1. 1. 1. 1. 1.
  1. 1. 1. 1. 0. 1.]
 [1. 1. 1. 1. 0. 1. 1. 1. 1. 0. 0. 1. 1. 1. 1. 1. 1. 1. 1. 0. 1. 1. 1. 1.
  1. 1. 1. 1. 1. 1.]
 [1. 1. 1. 0. 0. 0. 0. 1. 1. 0. 0. 1. 1. 1. 1. 1. 1. 1. 1. 0. 1. 1. 1. 1.
  1. 1. 1. 1. 1. 1.]
 [1. 0. 1. 1. 1. 1. 1. 1. 1. 1. 1. 0. 1. 0. 1. 1. 0. 1. 1. 1. 1. 0. 1. 1.
  1. 1. 1. 1. 0. 1.]
 [0. 1. 0. 1. 1. 1. 1. 1. 0. 1. 1. 1. 0. 1. 1. 0. 0. 1. 1. 1. 1. 1. 1. 1.
  1. 1. 1. 1. 1. 1.]
 [0. 1. 1. 0. 1. 0. 1. 1. 0. 1. 1. 0. 1. 0. 1. 1. 1. 1. 1. 1. 1. 1. 1. 1.
  1. 0. 1. 0. 1. 1.]
 [0. 0. 1. 0. 0. 1. 1. 0. 0. 1. 1. 1. 1. 1. 0. 1. 1. 0. 0. 1. 1. 1. 1. 1.
  1. 1. 1. 0. 1. 1.]
 [1. 1. 1. 1. 1. 1. 1. 1. 1. 1. 1. 1. 0. 1. 1. 0. 0. 0. 0. 0. 0. 0. 0. 0.
  0. 0. 0. 0. 0. 0.]
 [1. 1. 1. 0. 0. 1. 1. 1. 0. 1. 1. 0. 0. 1. 1. 0. 0. 0. 0. 0. 0. 0. 0. 0.
  0. 0. 0. 0. 0. 0.]
 [1. 1. 1. 1. 1. 1. 1. 1. 1. 1. 1. 1. 1. 1. 0. 0. 0. 0. 0. 0. 0. 0. 0. 0.
  0. 0. 0. 0. 0. 0.]
 [1. 0. 1. 1. 1. 1. 1. 1. 1. 1. 1. 1. 1. 1. 0. 0. 0. 0. 0. 0. 0. 0. 0. 0.
  0. 0. 0. 0. 0. 0.]
 [1. 0. 1. 1. 0. 1. 1. 1. 1. 0. 0. 1. 1. 1. 1. 0. 0. 0. 0. 0. 0. 0. 0. 0.
  0. 0. 0. 0. 0. 0.]
 [0. 1. 1. 0. 1. 1. 0. 1. 1. 1. 1. 1. 1. 1. 1. 0. 0. 0. 0. 0. 0. 0. 0. 0.
  0. 0. 0. 0. 0. 0.]
 [1. 1. 0. 1. 0. 1. 1. 1. 1. 1. 1. 0. 1. 1. 1. 0. 0. 0. 0. 0. 0. 0. 0. 0.
  0. 0. 0. 0. 0. 0.]
 [1. 1. 1. 1. 1. 1. 1. 1. 1. 1. 1. 1. 1. 1. 1. 0. 0. 0. 0. 0. 0. 0. 0. 0.
  0. 0. 0. 0. 0. 0.]
 [1. 1. 1. 1. 0. 0. 1. 1. 1. 1. 1. 1. 1. 1. 1. 0. 0. 0. 0. 0. 0. 0. 0. 0.
  0. 0. 0. 0. 0. 0.]
 [1. 1. 1. 1. 1. 0. 1. 1. 1. 1. 1. 1. 1. 1. 1. 0. 0. 0. 0. 0. 0. 0. 0. 0.
  0. 0. 0. 0. 0. 0.]
 [1. 1. 1. 0. 1. 0. 1. 1. 1. 1. 1. 1. 1. 0. 1. 0. 0. 0. 0. 0. 0. 0. 0. 0.
  0. 0. 0. 0. 0. 0.]
 [1. 0. 1. 1. 1. 1. 1. 1. 1. 1. 1. 1. 1. 1. 1. 0. 0. 0. 0. 0. 0. 0. 0. 0.
  0. 0. 0. 0. 0. 0.]
 [1. 1. 0. 0. 1. 1. 1. 1. 1. 1. 1. 1. 1. 0. 0. 0. 0. 0. 0. 0. 0. 0. 0. 0.
  0. 0. 0. 0. 0. 0.]
 [1. 0. 1. 1. 1. 1. 1. 1. 0. 1. 1. 0. 1. 1. 1. 0. 0. 0. 0. 0. 0. 0. 0. 0.
  0. 0. 0. 0. 0. 0.]
 [1. 1. 1. 1. 0. 0. 1. 0. 1. 1. 1. 1. 1. 1. 1. 0. 0. 0. 0. 0. 0. 0. 0. 0.
  0. 0. 0. 0. 0. 0.]]
start_times_array: [[3.57000000e+03 1.01960000e+04 1.02270000e+04 1.02690000e+04
  1.04560000e+04 1.04720000e+04 1.05710000e+04 1.06530000e+04
  1.07060000e+04 1.07350000e+04 1.07840000e+04 1.07930000e+04
  1.08080000e+04 1.09410000e+04 1.10140000e+04]
 [7.87000000e+02 3.80000000e+03 6.15400000e+03 9.69700000e+03
  9.72600000e+03 9.78000000e+03 9.81700000e+03 9.87000000e+03
  9.93300000e+03 9.97700000e+03 1.00680000e+04 1.00810000e+04
  1.01540000e+04 1.03570000e+04 1.09000000e+04]
 [2.48000000e+03 8.60800000e+03 8.86000000e+03 8.95300000e+03
  9.04200000e+03 9.15100000e+03 9.15300000e+03 9.19300000e+03
  9.23700000e+03 9.42000000e+03 9.45300000e+03 9.52100000e+03
  9.59400000e+03 9.66700000e+03 9.71200000e+03]
 [5.85000000e+02 1.48200000e+03 1.78100000e+03 3.28900000e+03
  3.37600000e+03 3.70900000e+03 3.88900000e+03 4.35400000e+03
  4.41600000e+03 4.45000000e+03 4.68900000e+03 8.15300000e+03
  8.69786807e+03 8.75486807e+03 8.83486807e+03]
 [5.46000000e+02 2.01100000e+03 2.15000000e+03 3.57000000e+03
  3.66100000e+03 6.37200000e+03 6.44300000e+03 6.48800000e+03
  6.65800000e+03 8.19300000e+03 8.28400000e+03 8.37400000e+03
  8.41500000e+03 1.01960000e+04 1.04560000e+04]
 [1.80000000e+02 1.06600000e+03 1.48200000e+03 1.54200000e+03
  2.96500000e+03 3.10700000e+03 4.53400000e+03 8.59900000e+03
  8.66000000e+03 8.78800000e+03 8.88500000e+03 9.04500000e+03
  9.07800000e+03 9.13900000e+03 9.33100000e+03]
 [5.44000000e+02 2.44000000e+03 3.38100000e+03 8.15300000e+03
  8.19000000e+03 8.25400000e+03 8.31600000e+03 8.33000000e+03
  8.40800000e+03 8.40900000e+03 8.47400000e+03 8.47600000e+03
  8.54300000e+03 8.71300000e+03 9.42700000e+03]
 [2.20000000e+02 2.42000000e+02 3.40000000e+02 1.22900000e+03
  1.57800000e+03 7.32600000e+03 7.50200000e+03 7.64200000e+03
  7.73600000e+03 7.81200000e+03 7.84900000e+03 7.85700000e+03
  7.94100000e+03 8.01400000e+03 8.07900000e+03]
 [6.61700000e+03 7.04300000e+03 7.07600000e+03 7.11700000e+03
  7.16900000e+03 7.25500000e+03 7.26600000e+03 7.41500000e+03
  7.52700000e+03 7.54000000e+03 7.58000000e+03 8.19300000e+03
  8.28400000e+03 8.32300000e+03 8.40900000e+03]
 [6.20200000e+03 6.29000000e+03 6.37200000e+03 6.43500000e+03
  6.48400000e+03 6.53400000e+03 6.61100000e+03 6.66100000e+03
  6.74100000e+03 6.77100000e+03 6.80100000e+03 6.81200000e+03
  6.85300000e+03 6.89600000e+03 6.97000000e+03]
 [1.78100000e+03 5.42900000e+03 6.20200000e+03 6.27100000e+03
  6.38000000e+03 6.43200000e+03 6.46500000e+03 6.48400000e+03
  6.56800000e+03 6.58000000e+03 6.67600000e+03 6.77700000e+03
  6.85100000e+03 6.85300000e+03 6.95000000e+03]
 [7.44000000e+02 8.75000000e+02 1.70700000e+03 2.18400000e+03
  4.60300000e+03 5.49800000e+03 5.68500000e+03 5.74000000e+03
  5.74700000e+03 5.82800000e+03 5.91000000e+03 5.98000000e+03
  6.08100000e+03 6.16500000e+03 6.32400000e+03]
 [2.48000000e+03 4.78000000e+03 4.87700000e+03 4.95600000e+03
  5.02700000e+03 5.09700000e+03 5.18100000e+03 5.20900000e+03
  5.22300000e+03 5.24300000e+03 5.34200000e+03 5.34800000e+03
  5.37800000e+03 6.01300000e+03 9.65600000e+03]
 [3.10700000e+03 3.90200000e+03 3.99200000e+03 4.08300000e+03
  4.15500000e+03 4.25600000e+03 4.33300000e+03 4.40200000e+03
  4.45800000e+03 4.53600000e+03 4.59100000e+03 4.68900000e+03
  5.53500000e+03 7.04300000e+03 7.52700000e+03]
 [3.28900000e+03 3.41500000e+03 3.57000000e+03 3.64100000e+03
  3.65400000e+03 3.74700000e+03 3.81200000e+03 3.85600000e+03
  4.18500000e+03 5.56200000e+03 5.63100000e+03 5.65700000e+03
  6.61700000e+03 6.76100000e+03 9.72600000e+03]
 [9.24000000e+02 1.18900000e+03 1.65100000e+03 2.52900000e+03
  2.59900000e+03 2.77500000e+03 2.85900000e+03 3.19300000e+03
  3.28400000e+03 3.51200000e+03 4.00600000e+03 4.82200000e+03
  5.22000000e+03 5.67500000e+03 5.68000000e+03]
 [1.61900000e+03 1.66500000e+03 1.80200000e+03 1.86300000e+03
  1.96700000e+03 2.00200000e+03 2.21900000e+03 2.53900000e+03
  2.57700000e+03 2.64300000e+03 2.66800000e+03 2.73500000e+03
  2.79200000e+03 2.87100000e+03 4.00600000e+03]
 [1.06000000e+02 4.18000000e+02 6.74000000e+02 2.53400000e+03
  2.57700000e+03 2.67000000e+03 2.70000000e+03 2.78500000e+03
  2.86000000e+03 2.91800000e+03 3.03700000e+03 3.16100000e+03
  3.20300000e+03 3.43800000e+03 3.71900000e+03]
 [7.00000000e+00 1.20000000e+01 1.17000000e+02 1.96900000e+03
  2.02300000e+03 2.31500000e+03 2.35500000e+03 2.39100000e+03
  2.53400000e+03 2.60600000e+03 2.61200000e+03 2.70500000e+03
  2.72500000e+03 2.81000000e+03 2.86000000e+03]
 [0.00000000e+00 2.10000000e+01 8.20000000e+01 6.33000000e+02
  7.77000000e+02 2.01100000e+03 2.04200000e+03 2.07500000e+03
  2.31300000e+03 2.33400000e+03 2.39500000e+03 2.54700000e+03
  2.62600000e+03 2.73600000e+03 2.81500000e+03]
 [5.70000000e+01 4.07000000e+02 9.97000000e+02 1.79400000e+03
  1.84500000e+03 1.88800000e+03 2.30300000e+03 2.70600000e+03
  3.16100000e+03 3.18100000e+03 3.19300000e+03 3.20000000e+03
  3.20100000e+03 3.51200000e+03 3.53300000e+03]
 [6.93000000e+02 9.15000000e+02 9.90000000e+02 1.66700000e+03
  1.69200000e+03 1.79400000e+03 1.86600000e+03 1.95000000e+03
  2.02100000e+03 2.09500000e+03 2.17800000e+03 2.18400000e+03
  2.25300000e+03 2.64900000e+03 2.72100000e+03]
 [6.20000000e+01 4.70000000e+02 1.19400000e+03 1.53900000e+03
  1.61900000e+03 1.86600000e+03 1.91900000e+03 2.03500000e+03
  2.03600000e+03 2.06300000e+03 2.08400000e+03 2.25900000e+03
  2.35100000e+03 2.37000000e+03 2.39200000e+03]
 [0.00000000e+00 7.50000000e+01 1.21000000e+02 1.67000000e+02
  9.74000000e+02 1.53100000e+03 1.56600000e+03 1.61900000e+03
  1.79400000e+03 1.84400000e+03 1.87700000e+03 1.89100000e+03
  1.92500000e+03 2.26900000e+03 2.42900000e+03]
 [9.90000000e+01 4.07000000e+02 4.63000000e+02 8.97000000e+02
  1.12900000e+03 1.32900000e+03 1.38700000e+03 1.61900000e+03
  1.80200000e+03 1.87700000e+03 1.98600000e+03 1.99500000e+03
  2.03800000e+03 2.07900000e+03 2.58100000e+03]
 [7.50000000e+01 1.54000000e+02 4.07000000e+02 4.89000000e+02
  6.09000000e+02 6.62000000e+02 8.83000000e+02 1.43300000e+03
  2.02300000e+03 2.12000000e+03 2.59300000e+03 2.66800000e+03
  2.78900000e+03 3.12700000e+03 3.17800000e+03]
 [0.00000000e+00 8.20000000e+01 9.90000000e+01 1.17000000e+02
  6.62000000e+02 7.78000000e+02 8.50000000e+02 8.83000000e+02
  9.75000000e+02 1.28500000e+03 1.37600000e+03 1.61900000e+03
  1.65400000e+03 1.80900000e+03 1.91900000e+03]
 [0.00000000e+00 8.20000000e+01 4.07000000e+02 6.09000000e+02
  6.28000000e+02 6.48000000e+02 7.15000000e+02 1.15200000e+03
  1.28500000e+03 1.34400000e+03 1.43100000e+03 1.47100000e+03
  1.61900000e+03 1.67500000e+03 2.77500000e+03]
 [0.00000000e+00 6.90000000e+01 4.73000000e+02 6.13000000e+02
  6.78000000e+02 7.67000000e+02 8.18000000e+02 8.97000000e+02
  9.48000000e+02 9.75000000e+02 1.12900000e+03 1.15200000e+03
  1.28500000e+03 1.43100000e+03 1.69100000e+03]
 [0.00000000e+00 6.20000000e+01 1.19000000e+02 1.49000000e+02
  1.54000000e+02 1.84000000e+02 1.97000000e+02 2.36000000e+02
  2.67000000e+02 2.83000000e+02 3.51000000e+02 3.83000000e+02
  4.66000000e+02 4.70000000e+02 4.97000000e+02]]
