optimal_status: 0
solution: 6777.0
cpu_time: 3600.3286628723145
gap: 0.7381492383952653
upper_bound: 1774.5626113952878
lower_bound: 6777.0
cg_matrix: [[0. 0. 0. 0. 1. 0. 0. 0. 0. 0. 0. 0. 1. 1. 0. 0. 0. 1. 0. 1. 0. 1. 0. 0.
  0. 0. 1. 0. 1. 1. 0. 0. 0. 0. 0. 0. 0. 1. 1. 0. 0. 0. 0. 0. 0. 1. 0. 0.
  1. 0.]
 [0. 0. 0. 0. 0. 1. 0. 0. 1. 0. 0. 1. 0. 0. 0. 0. 0. 0. 1. 1. 0. 0. 0. 0.
  1. 0. 1. 0. 0. 0. 0. 0. 0. 0. 1. 1. 0. 0. 0. 0. 1. 0. 0. 0. 0. 0. 1. 0.
  0. 0.]
 [0. 0. 0. 0. 1. 0. 0. 0. 1. 1. 0. 0. 1. 0. 0. 0. 1. 0. 0. 1. 0. 0. 0. 0.
  0. 1. 0. 0. 0. 0. 0. 0. 0. 1. 1. 0. 1. 1. 0. 0. 0. 0. 1. 0. 0. 0. 1. 0.
  0. 0.]
 [0. 0. 0. 0. 1. 0. 1. 1. 0. 0. 0. 0. 0. 1. 0. 0. 1. 0. 1. 0. 0. 0. 0. 1.
  0. 1. 0. 1. 0. 0. 0. 0. 0. 1. 0. 1. 1. 0. 0. 0. 1. 0. 1. 1. 0. 0. 0. 0.
  0. 0.]
 [1. 0. 1. 1. 0. 0. 1. 0. 0. 1. 0. 1. 0. 0. 1. 0. 0. 1. 0. 0. 0. 0. 0. 1.
  0. 0. 1. 0. 0. 0. 0. 0. 0. 0. 0. 0. 1. 1. 0. 1. 0. 0. 0. 0. 1. 1. 0. 0.
  0. 0.]
 [0. 1. 0. 0. 0. 0. 0. 0. 1. 0. 1. 0. 0. 0. 0. 0. 0. 1. 0. 0. 0. 0. 0. 0.
  1. 0. 1. 1. 0. 0. 0. 0. 1. 0. 0. 0. 1. 0. 0. 1. 0. 1. 1. 0. 0. 1. 1. 0.
  0. 0.]
 [0. 0. 0. 1. 1. 0. 0. 0. 1. 0. 0. 0. 1. 0. 0. 0. 0. 0. 0. 1. 0. 0. 0. 0.
  0. 0. 0. 0. 0. 0. 1. 1. 1. 0. 0. 0. 0. 0. 0. 0. 0. 0. 1. 0. 1. 0. 0. 0.
  0. 0.]
 [0. 0. 0. 1. 0. 0. 0. 0. 0. 1. 0. 0. 0. 0. 0. 0. 0. 1. 0. 0. 0. 0. 0. 1.
  0. 0. 0. 0. 0. 0. 0. 0. 0. 0. 0. 0. 0. 0. 0. 0. 0. 0. 0. 0. 0. 1. 0. 0.
  0. 1.]
 [0. 1. 1. 0. 0. 1. 1. 0. 0. 0. 0. 0. 0. 0. 0. 0. 1. 1. 0. 0. 0. 1. 0. 0.
  0. 0. 0. 0. 0. 0. 0. 0. 0. 0. 1. 0. 0. 0. 1. 1. 0. 0. 1. 0. 0. 0. 1. 0.
  1. 0.]
 [0. 0. 1. 0. 1. 0. 0. 1. 0. 0. 0. 0. 0. 0. 0. 1. 0. 0. 0. 0. 1. 0. 0. 0.
  0. 0. 0. 0. 1. 0. 0. 0. 1. 0. 0. 0. 0. 1. 0. 0. 1. 0. 0. 0. 1. 0. 0. 1.
  0. 0.]
 [0. 0. 0. 0. 0. 1. 0. 0. 0. 0. 0. 0. 0. 0. 0. 0. 0. 0. 0. 0. 0. 0. 0. 0.
  0. 1. 0. 0. 1. 0. 0. 0. 0. 1. 1. 0. 0. 0. 0. 0. 0. 0. 0. 0. 0. 0. 0. 0.
  0. 1.]
 [0. 1. 0. 0. 1. 0. 0. 0. 0. 0. 0. 0. 0. 1. 0. 0. 1. 0. 0. 1. 0. 0. 0. 0.
  0. 0. 1. 0. 0. 0. 0. 1. 0. 0. 0. 0. 0. 1. 0. 0. 0. 0. 0. 0. 0. 0. 1. 1.
  0. 0.]
 [1. 0. 1. 0. 0. 0. 1. 0. 0. 0. 0. 0. 0. 1. 0. 0. 0. 1. 0. 0. 0. 0. 0. 0.
  0. 1. 1. 1. 0. 0. 0. 0. 0. 1. 0. 0. 0. 1. 0. 0. 0. 0. 0. 0. 0. 0. 0. 1.
  0. 0.]
 [1. 0. 0. 1. 0. 0. 0. 0. 0. 0. 0. 1. 1. 0. 0. 0. 0. 0. 1. 0. 0. 0. 0. 1.
  0. 1. 0. 0. 0. 1. 1. 0. 0. 0. 0. 0. 0. 1. 0. 1. 0. 0. 1. 0. 0. 1. 0. 0.
  0. 0.]
 [0. 0. 0. 0. 1. 0. 0. 0. 0. 0. 0. 0. 0. 0. 0. 0. 0. 0. 1. 0. 0. 1. 0. 0.
  0. 1. 0. 0. 0. 1. 0. 0. 0. 0. 0. 1. 1. 0. 0. 1. 1. 1. 0. 0. 0. 0. 0. 0.
  1. 1.]
 [0. 0. 0. 0. 0. 0. 0. 0. 0. 1. 0. 0. 0. 0. 0. 0. 0. 0. 0. 0. 0. 0. 0. 0.
  0. 0. 0. 0. 0. 0. 0. 0. 0. 0. 0. 0. 0. 0. 0. 0. 0. 0. 0. 0. 0. 0. 0. 0.
  0. 0.]
 [0. 0. 1. 1. 0. 0. 0. 0. 1. 0. 0. 1. 0. 0. 0. 0. 0. 0. 0. 0. 0. 0. 0. 0.
  0. 0. 0. 0. 0. 0. 0. 0. 0. 0. 0. 0. 0. 0. 0. 0. 0. 0. 0. 0. 0. 0. 0. 0.
  0. 0.]
 [1. 0. 0. 0. 1. 1. 0. 1. 1. 0. 0. 0. 1. 0. 0. 0. 0. 0. 0. 0. 0. 0. 0. 0.
  0. 0. 0. 0. 0. 0. 0. 0. 0. 0. 0. 0. 0. 0. 0. 0. 0. 0. 0. 0. 0. 0. 0. 0.
  0. 0.]
 [0. 1. 0. 1. 0. 0. 0. 0. 0. 0. 0. 0. 0. 1. 1. 0. 0. 0. 0. 0. 0. 0. 0. 0.
  0. 0. 0. 0. 0. 0. 0. 0. 0. 0. 0. 0. 0. 0. 0. 0. 0. 0. 0. 0. 0. 0. 0. 0.
  0. 0.]
 [1. 1. 1. 0. 0. 0. 1. 0. 0. 0. 0. 1. 0. 0. 0. 0. 0. 0. 0. 0. 0. 0. 0. 0.
  0. 0. 0. 0. 0. 0. 0. 0. 0. 0. 0. 0. 0. 0. 0. 0. 0. 0. 0. 0. 0. 0. 0. 0.
  0. 0.]
 [0. 0. 0. 0. 0. 0. 0. 0. 0. 1. 0. 0. 0. 0. 0. 0. 0. 0. 0. 0. 0. 0. 0. 0.
  0. 0. 0. 0. 0. 0. 0. 0. 0. 0. 0. 0. 0. 0. 0. 0. 0. 0. 0. 0. 0. 0. 0. 0.
  0. 0.]
 [1. 0. 0. 0. 0. 0. 0. 0. 1. 0. 0. 0. 0. 0. 1. 0. 0. 0. 0. 0. 0. 0. 0. 0.
  0. 0. 0. 0. 0. 0. 0. 0. 0. 0. 0. 0. 0. 0. 0. 0. 0. 0. 0. 0. 0. 0. 0. 0.
  0. 0.]
 [0. 0. 0. 0. 0. 0. 0. 0. 0. 0. 0. 0. 0. 0. 0. 0. 0. 0. 0. 0. 0. 0. 0. 0.
  0. 0. 0. 0. 0. 0. 0. 0. 0. 0. 0. 0. 0. 0. 0. 0. 0. 0. 0. 0. 0. 0. 0. 0.
  0. 0.]
 [0. 0. 0. 1. 1. 0. 0. 1. 0. 0. 0. 0. 0. 1. 0. 0. 0. 0. 0. 0. 0. 0. 0. 0.
  0. 0. 0. 0. 0. 0. 0. 0. 0. 0. 0. 0. 0. 0. 0. 0. 0. 0. 0. 0. 0. 0. 0. 0.
  0. 0.]
 [0. 1. 0. 0. 0. 1. 0. 0. 0. 0. 0. 0. 0. 0. 0. 0. 0. 0. 0. 0. 0. 0. 0. 0.
  0. 0. 0. 0. 0. 0. 0. 0. 0. 0. 0. 0. 0. 0. 0. 0. 0. 0. 0. 0. 0. 0. 0. 0.
  0. 0.]
 [0. 0. 1. 1. 0. 0. 0. 0. 0. 0. 1. 0. 1. 1. 1. 0. 0. 0. 0. 0. 0. 0. 0. 0.
  0. 0. 0. 0. 0. 0. 0. 0. 0. 0. 0. 0. 0. 0. 0. 0. 0. 0. 0. 0. 0. 0. 0. 0.
  0. 0.]
 [1. 1. 0. 0. 1. 1. 0. 0. 0. 0. 0. 1. 1. 0. 0. 0. 0. 0. 0. 0. 0. 0. 0. 0.
  0. 0. 0. 0. 0. 0. 0. 0. 0. 0. 0. 0. 0. 0. 0. 0. 0. 0. 0. 0. 0. 0. 0. 0.
  0. 0.]
 [0. 0. 0. 1. 0. 1. 0. 0. 0. 0. 0. 0. 1. 0. 0. 0. 0. 0. 0. 0. 0. 0. 0. 0.
  0. 0. 0. 0. 0. 0. 0. 0. 0. 0. 0. 0. 0. 0. 0. 0. 0. 0. 0. 0. 0. 0. 0. 0.
  0. 0.]
 [1. 0. 0. 0. 0. 0. 0. 0. 0. 1. 1. 0. 0. 0. 0. 0. 0. 0. 0. 0. 0. 0. 0. 0.
  0. 0. 0. 0. 0. 0. 0. 0. 0. 0. 0. 0. 0. 0. 0. 0. 0. 0. 0. 0. 0. 0. 0. 0.
  0. 0.]
 [1. 0. 0. 0. 0. 0. 0. 0. 0. 0. 0. 0. 0. 1. 1. 0. 0. 0. 0. 0. 0. 0. 0. 0.
  0. 0. 0. 0. 0. 0. 0. 0. 0. 0. 0. 0. 0. 0. 0. 0. 0. 0. 0. 0. 0. 0. 0. 0.
  0. 0.]
 [0. 0. 0. 0. 0. 0. 1. 0. 0. 0. 0. 0. 0. 1. 0. 0. 0. 0. 0. 0. 0. 0. 0. 0.
  0. 0. 0. 0. 0. 0. 0. 0. 0. 0. 0. 0. 0. 0. 0. 0. 0. 0. 0. 0. 0. 0. 0. 0.
  0. 0.]
 [0. 0. 0. 0. 0. 0. 1. 0. 0. 0. 0. 1. 0. 0. 0. 0. 0. 0. 0. 0. 0. 0. 0. 0.
  0. 0. 0. 0. 0. 0. 0. 0. 0. 0. 0. 0. 0. 0. 0. 0. 0. 0. 0. 0. 0. 0. 0. 0.
  0. 0.]
 [0. 0. 0. 0. 0. 1. 1. 0. 0. 1. 0. 0. 0. 0. 0. 0. 0. 0. 0. 0. 0. 0. 0. 0.
  0. 0. 0. 0. 0. 0. 0. 0. 0. 0. 0. 0. 0. 0. 0. 0. 0. 0. 0. 0. 0. 0. 0. 0.
  0. 0.]
 [0. 0. 1. 1. 0. 0. 0. 0. 0. 0. 1. 0. 1. 0. 0. 0. 0. 0. 0. 0. 0. 0. 0. 0.
  0. 0. 0. 0. 0. 0. 0. 0. 0. 0. 0. 0. 0. 0. 0. 0. 0. 0. 0. 0. 0. 0. 0. 0.
  0. 0.]
 [0. 1. 1. 0. 0. 0. 0. 0. 1. 0. 1. 0. 0. 0. 0. 0. 0. 0. 0. 0. 0. 0. 0. 0.
  0. 0. 0. 0. 0. 0. 0. 0. 0. 0. 0. 0. 0. 0. 0. 0. 0. 0. 0. 0. 0. 0. 0. 0.
  0. 0.]
 [0. 1. 0. 1. 0. 0. 0. 0. 0. 0. 0. 0. 0. 0. 1. 0. 0. 0. 0. 0. 0. 0. 0. 0.
  0. 0. 0. 0. 0. 0. 0. 0. 0. 0. 0. 0. 0. 0. 0. 0. 0. 0. 0. 0. 0. 0. 0. 0.
  0. 0.]
 [0. 0. 1. 1. 1. 1. 0. 0. 0. 0. 0. 0. 0. 0. 1. 0. 0. 0. 0. 0. 0. 0. 0. 0.
  0. 0. 0. 0. 0. 0. 0. 0. 0. 0. 0. 0. 0. 0. 0. 0. 0. 0. 0. 0. 0. 0. 0. 0.
  0. 0.]
 [1. 0. 1. 0. 1. 0. 0. 0. 0. 1. 0. 1. 1. 1. 0. 0. 0. 0. 0. 0. 0. 0. 0. 0.
  0. 0. 0. 0. 0. 0. 0. 0. 0. 0. 0. 0. 0. 0. 0. 0. 0. 0. 0. 0. 0. 0. 0. 0.
  0. 0.]
 [1. 0. 0. 0. 0. 0. 0. 0. 1. 0. 0. 0. 0. 0. 0. 0. 0. 0. 0. 0. 0. 0. 0. 0.
  0. 0. 0. 0. 0. 0. 0. 0. 0. 0. 0. 0. 0. 0. 0. 0. 0. 0. 0. 0. 0. 0. 0. 0.
  0. 0.]
 [0. 0. 0. 0. 1. 1. 0. 0. 1. 0. 0. 0. 0. 1. 1. 0. 0. 0. 0. 0. 0. 0. 0. 0.
  0. 0. 0. 0. 0. 0. 0. 0. 0. 0. 0. 0. 0. 0. 0. 0. 0. 0. 0. 0. 0. 0. 0. 0.
  0. 0.]
 [0. 1. 0. 1. 0. 0. 0. 0. 0. 1. 0. 0. 0. 0. 1. 0. 0. 0. 0. 0. 0. 0. 0. 0.
  0. 0. 0. 0. 0. 0. 0. 0. 0. 0. 0. 0. 0. 0. 0. 0. 0. 0. 0. 0. 0. 0. 0. 0.
  0. 0.]
 [0. 0. 0. 0. 0. 1. 0. 0. 0. 0. 0. 0. 0. 0. 1. 0. 0. 0. 0. 0. 0. 0. 0. 0.
  0. 0. 0. 0. 0. 0. 0. 0. 0. 0. 0. 0. 0. 0. 0. 0. 0. 0. 0. 0. 0. 0. 0. 0.
  0. 0.]
 [0. 0. 1. 1. 0. 1. 1. 0. 1. 0. 0. 0. 0. 1. 0. 0. 0. 0. 0. 0. 0. 0. 0. 0.
  0. 0. 0. 0. 0. 0. 0. 0. 0. 0. 0. 0. 0. 0. 0. 0. 0. 0. 0. 0. 0. 0. 0. 0.
  0. 0.]
 [0. 0. 0. 1. 0. 0. 0. 0. 0. 0. 0. 0. 0. 0. 0. 0. 0. 0. 0. 0. 0. 0. 0. 0.
  0. 0. 0. 0. 0. 0. 0. 0. 0. 0. 0. 0. 0. 0. 0. 0. 0. 0. 0. 0. 0. 0. 0. 0.
  0. 0.]
 [0. 0. 0. 0. 1. 0. 1. 0. 0. 1. 0. 0. 0. 0. 0. 0. 0. 0. 0. 0. 0. 0. 0. 0.
  0. 0. 0. 0. 0. 0. 0. 0. 0. 0. 0. 0. 0. 0. 0. 0. 0. 0. 0. 0. 0. 0. 0. 0.
  0. 0.]
 [1. 0. 0. 0. 1. 1. 0. 1. 0. 0. 0. 0. 0. 1. 0. 0. 0. 0. 0. 0. 0. 0. 0. 0.
  0. 0. 0. 0. 0. 0. 0. 0. 0. 0. 0. 0. 0. 0. 0. 0. 0. 0. 0. 0. 0. 0. 0. 0.
  0. 0.]
 [0. 1. 1. 0. 0. 1. 0. 0. 1. 0. 0. 1. 0. 0. 0. 0. 0. 0. 0. 0. 0. 0. 0. 0.
  0. 0. 0. 0. 0. 0. 0. 0. 0. 0. 0. 0. 0. 0. 0. 0. 0. 0. 0. 0. 0. 0. 0. 0.
  0. 0.]
 [0. 0. 0. 0. 0. 0. 0. 0. 0. 1. 0. 1. 1. 0. 0. 0. 0. 0. 0. 0. 0. 0. 0. 0.
  0. 0. 0. 0. 0. 0. 0. 0. 0. 0. 0. 0. 0. 0. 0. 0. 0. 0. 0. 0. 0. 0. 0. 0.
  0. 0.]
 [1. 0. 0. 0. 0. 0. 0. 0. 1. 0. 0. 0. 0. 0. 1. 0. 0. 0. 0. 0. 0. 0. 0. 0.
  0. 0. 0. 0. 0. 0. 0. 0. 0. 0. 0. 0. 0. 0. 0. 0. 0. 0. 0. 0. 0. 0. 0. 0.
  0. 0.]
 [0. 0. 0. 0. 0. 0. 0. 1. 0. 0. 1. 0. 0. 0. 1. 0. 0. 0. 0. 0. 0. 0. 0. 0.
  0. 0. 0. 0. 0. 0. 0. 0. 0. 0. 0. 0. 0. 0. 0. 0. 0. 0. 0. 0. 0. 0. 0. 0.
  0. 0.]]
start_times_array: [[5664. 5942. 5976. 6004. 6094. 6104. 6235. 6387. 6417. 6427. 6509. 6554.
  6628. 6652. 6739.]
 [4682. 4928. 5301. 5533. 5755. 6069. 6152. 6178. 6270. 6293. 6343. 6482.
  6563. 6590. 6604.]
 [5664. 5699. 5916. 5948. 6108. 6235. 6417. 6440. 6486. 6494. 6569. 6630.
  6635. 6642. 6704.]
 [5667. 5742. 6100. 6239. 6387. 6419. 6445. 6453. 6455. 6482. 6511. 6573.
  6621. 6646. 6724.]
 [4635. 5044. 5112. 5368. 5461. 5535. 5610. 5755. 5757. 5817. 6012. 6025.
  6028. 6178. 6327.]
 [3808. 3851. 4089. 4612. 4849. 4983. 5020. 5139. 5231. 5317. 5498. 5528.
  5610. 5667. 5841.]
 [  75.  158. 4433. 4544. 4730. 4910. 4928. 4969. 5177. 5201. 5299. 5310.
  5331. 5529. 5926.]
 [3459. 3545. 3796. 3903. 4156. 4433. 4544. 4628. 4928. 5062. 5157. 5172.
  5422. 5507. 5818.]
 [3469. 3645. 3754. 3980. 4067. 4221. 4314. 4350. 4445. 4563. 4590. 4605.
  4780. 5062. 5448.]
 [2456. 2772. 2821. 2938. 2965. 3224. 3347. 3716. 3890. 3955. 4036. 4070.
  4089. 4625. 5301.]
 [2939. 3002. 3116. 3193. 3229. 3246. 3297. 3615. 3935. 4096. 4178. 4347.
  4413. 4682. 4923.]
 [3129. 3984. 4070. 4105. 4174. 4206. 4292. 4318. 4416. 4511. 4542. 4553.
  4772. 4857. 4983.]
 [3129. 3240. 3326. 3964. 3984. 4000. 4094. 4221. 4232. 4250. 4292. 4364.
  4379. 4445. 4833.]
 [2197. 2932. 3015. 3210. 3327. 3389. 3500. 3539. 3540. 3561. 3625. 3693.
  3781. 3869. 3982.]
 [2203. 2526. 2606. 2908. 2998. 3002. 3064. 3202. 3327. 3500. 3576. 3625.
  3701. 3756. 4174.]
 [1575. 1695. 2520. 2616. 2727. 2749. 2750. 2836. 2926. 3070. 3097. 3114.
  3148. 3196. 3315.]
 [1662. 2193. 2276. 2403. 2456. 2627. 2662. 2673. 2726. 2770. 2828. 3043.
  3162. 3224. 3284.]
 [   0. 1456. 1560. 1627. 1664. 1735. 2317. 2566. 2648. 2753. 2821. 3549.
  3701. 3714. 4178.]
 [ 487. 1445. 1786. 1863. 2024. 2391. 2428. 2673. 2770. 2855. 2973. 3114.
  3295. 3469. 3599.]
 [   0. 1470. 1627. 2099. 2393. 2554. 2627. 2667. 2819. 2907. 2959. 3007.
  3079. 3162. 3182.]
 [  16.  159. 1465. 1853. 1910. 1997. 2008. 2104. 2173. 2279. 2499. 2648.
  2685. 2855. 3059.]
 [  21.   97. 1040. 1765. 1828. 1943. 2000. 2069. 2365. 2726. 2766. 2796.
  2800. 2864. 3133.]
 [ 159.  209. 1769. 1840. 1903. 1970. 1981. 2109. 2206. 2277. 2354. 2408.
  2499. 2554. 2687.]
 [ 211. 1566. 1689. 1955. 2000. 2094. 2098. 2317. 2499. 2664. 2678. 2749.
  2861. 2862. 2885.]
 [  22.  426.  932. 1159. 1853. 2086. 2176. 2258. 2334. 2405. 2499. 2526.
  2560. 2907. 2958.]
 [ 327.  927. 1043. 1117. 1435. 1613. 1817. 1882. 1976. 2093. 2176. 2279.
  2365. 2423. 2453.]
 [ 526.  655.  751.  926. 1584. 1662. 1749. 1856. 1933. 2258. 2339. 2403.
  2434. 2535. 2626.]
 [ 153.  429.  808. 1016. 1429. 1899. 2000. 2104. 2109. 2114. 2264. 2339.
  2408. 2493. 2566.]
 [   0.  688.  751. 1142. 1371. 1691. 1769. 1867. 1933. 2019. 2037. 2114.
  2206. 2237. 2347.]
 [   0.   96.  187.  350. 1570. 1575. 1584. 1613. 1664. 1798. 1882. 1932.
  1997. 2084. 2334.]
 [   0.  598. 1314. 1356. 1439. 1465. 1484. 1596. 1640. 1732. 1779. 1910.
  2112. 2280. 2326.]
 [  18.  640.  724.  976. 1033. 1121. 1200. 1604. 1783. 1827. 1898. 1957.
  2089. 2339. 2461.]
 [   0. 1008. 1172. 1334. 1397. 1463. 1558. 1651. 1732. 1854. 1916. 1955.
  2165. 2208. 2280.]
 [ 332.  424.  565.  598.  683. 1258. 1291. 1371. 1504. 1563. 1713. 1778.
  1797. 1893. 1910.]
 [ 786.  830.  873. 1018. 1080. 1159. 1302. 1306. 1314. 1501. 1664. 1752.
  1779. 1894. 1933.]
 [  72.  503.  610.  692.  816.  993. 1077. 1153. 1237. 1254. 1282. 1358.
  1451. 1470. 1614.]
 [   0.  101.  343.  775.  806. 1033. 1105. 1265. 1314. 1381. 1410. 1462.
  1711. 1799. 1853.]
 [  17.  150.  385.  821.  890.  932. 1030. 1382. 1387. 1424. 1480. 1501.
  1566. 1571. 1778.]
 [ 200.  305.  349.  381.  424.  446.  533.  595. 1067. 1171. 1288. 1318.
  1347. 1368. 1585.]
 [   0.   22.  121.  441.  779.  951. 1126. 1188. 1200. 1318. 1370. 1411.
  1484. 1685. 1846.]
 [  31.  262.  342.  608.  712.  775.  808. 1105. 1191. 1208. 1285. 1477.
  1504. 1706. 1905.]
 [  98.  187.  390.  536.  590.  704.  975. 1015. 1097. 1250. 1332. 1501.
  1540. 1563. 1671.]
 [   0.   51.  344.  424.  466.  532.  590.  612.  633.  801.  815.  847.
  1054. 1153. 1410.]
 [   0.  137.  192.  249.  350.  436.  522.  553.  569.  644.  725. 1086.
  1259. 1334. 1433.]
 [  39.  267.  342.  350.  486.  553.  641.  681.  771.  780.  890. 1018.
  1136. 1195. 1302.]
 [  59.  131.  255.  364.  418.  568.  641.  703.  794.  976.  983. 1160.
  1181. 1251. 1439.]
 [   0.   42.  132.  220.  335.  418.  434.  513.  519.  688.  780.  873.
   948. 1057. 1288.]
 [   0.   28.   72.  126.  257.  292.  378.  488.  539.  644.  712. 1082.
  1208. 1272. 1495.]
 [  25.  158.  200.  256.  381.  390.  453.  596.  648.  873.  975.  983.
  1143. 1370. 1630.]
 [   0.   39.   51.   85.  109.  150.  276.  390.  436.  466.  566.  568.
   655.  879. 1009.]]
