optimal_status: 0
solution: 3667.0
cpu_time: 3600.106875896454
gap: 0.6389191174071276
upper_bound: 1324.0835964680632
lower_bound: 3667.0
cg_matrix: [[0. 0. 0. 1. 0. 1. 1. 1. 1. 0. 0. 0. 1. 0. 0. 0. 0. 0. 0. 0.]
 [0. 0. 1. 0. 0. 0. 0. 0. 0. 0. 0. 0. 0. 0. 0. 0. 0. 0. 0. 0.]
 [0. 1. 0. 0. 1. 0. 0. 0. 0. 0. 0. 0. 0. 0. 0. 0. 0. 0. 0. 0.]
 [1. 0. 0. 0. 0. 0. 1. 0. 0. 0. 0. 0. 0. 1. 0. 0. 0. 0. 0. 1.]
 [0. 0. 1. 0. 0. 1. 0. 1. 0. 1. 0. 0. 1. 0. 1. 0. 0. 0. 0. 0.]
 [1. 0. 0. 0. 1. 0. 0. 0. 1. 0. 0. 0. 0. 0. 0. 0. 0. 1. 0. 0.]
 [1. 0. 0. 1. 0. 0. 0. 1. 0. 1. 1. 0. 0. 1. 0. 1. 0. 0. 0. 0.]
 [1. 0. 0. 0. 1. 0. 1. 0. 0. 0. 0. 0. 0. 0. 0. 0. 0. 1. 0. 1.]
 [1. 0. 0. 0. 0. 1. 0. 0. 0. 0. 0. 0. 0. 0. 1. 0. 0. 0. 1. 0.]
 [0. 0. 0. 0. 1. 0. 1. 0. 0. 0. 0. 0. 0. 0. 0. 0. 1. 0. 0. 0.]
 [0. 0. 0. 0. 0. 0. 1. 0. 0. 0. 0. 0. 0. 0. 0. 0. 0. 0. 0. 0.]
 [0. 0. 0. 0. 0. 0. 0. 0. 0. 0. 0. 0. 0. 0. 0. 0. 0. 0. 0. 0.]
 [1. 0. 0. 0. 1. 0. 0. 0. 0. 0. 0. 0. 0. 0. 0. 1. 0. 0. 0. 1.]
 [0. 0. 0. 1. 0. 0. 1. 0. 0. 0. 0. 0. 0. 0. 0. 0. 0. 0. 1. 0.]
 [0. 0. 0. 0. 1. 0. 0. 0. 1. 0. 0. 0. 0. 0. 0. 0. 0. 0. 0. 1.]
 [0. 0. 0. 0. 0. 0. 1. 0. 0. 0. 0. 0. 1. 0. 0. 0. 0. 0. 0. 1.]
 [0. 0. 0. 0. 0. 0. 0. 0. 0. 1. 0. 0. 0. 0. 0. 0. 0. 0. 0. 0.]
 [0. 0. 0. 0. 0. 1. 0. 1. 0. 0. 0. 0. 0. 0. 0. 0. 0. 0. 0. 0.]
 [0. 0. 0. 0. 0. 0. 0. 0. 1. 0. 0. 0. 0. 1. 0. 0. 0. 0. 0. 0.]
 [0. 0. 0. 1. 0. 0. 0. 1. 0. 0. 0. 0. 1. 0. 1. 1. 0. 0. 0. 0.]]
start_times_array: [[4.000e+00 3.400e+01 3.250e+02 3.590e+02 5.400e+02 6.600e+02 1.162e+03
  1.554e+03 1.763e+03 1.905e+03 2.229e+03 2.249e+03 2.341e+03 2.370e+03
  2.421e+03 2.456e+03 2.908e+03 3.196e+03 3.239e+03 3.569e+03]
 [1.730e+02 3.480e+02 5.940e+02 5.970e+02 7.200e+02 7.880e+02 8.170e+02
  9.020e+02 1.098e+03 1.250e+03 1.270e+03 1.603e+03 1.665e+03 1.915e+03
  1.978e+03 2.039e+03 2.069e+03 2.274e+03 2.354e+03 2.418e+03]
 [4.300e+01 4.900e+01 8.500e+01 2.460e+02 4.160e+02 4.670e+02 5.300e+02
  6.950e+02 8.320e+02 8.950e+02 9.900e+02 1.008e+03 1.170e+03 1.225e+03
  1.359e+03 1.431e+03 2.112e+03 2.747e+03 2.896e+03 3.304e+03]
 [1.140e+02 2.890e+02 4.610e+02 5.800e+02 7.880e+02 1.269e+03 1.402e+03
  1.466e+03 1.830e+03 2.316e+03 2.689e+03 2.762e+03 2.926e+03 2.930e+03
  3.083e+03 3.297e+03 3.325e+03 3.362e+03 3.404e+03 3.486e+03]
 [0.000e+00 2.000e+00 1.860e+02 3.250e+02 6.640e+02 7.660e+02 1.098e+03
  1.253e+03 1.648e+03 1.766e+03 1.927e+03 1.956e+03 2.396e+03 2.492e+03
  2.566e+03 2.816e+03 2.993e+03 3.142e+03 3.178e+03 3.228e+03]
 [1.140e+02 1.290e+02 4.510e+02 5.730e+02 9.370e+02 9.980e+02 1.047e+03
  1.196e+03 1.215e+03 1.367e+03 1.460e+03 1.603e+03 1.830e+03 2.062e+03
  2.134e+03 2.199e+03 2.205e+03 2.316e+03 2.542e+03 2.711e+03]
 [0.000e+00 1.720e+02 9.680e+02 1.067e+03 1.077e+03 1.319e+03 1.398e+03
  1.603e+03 1.657e+03 1.959e+03 1.961e+03 2.019e+03 2.504e+03 2.596e+03
  2.780e+03 2.874e+03 2.999e+03 3.035e+03 3.142e+03 3.285e+03]
 [1.510e+02 1.700e+02 3.180e+02 5.690e+02 9.040e+02 1.202e+03 1.400e+03
  1.497e+03 1.830e+03 2.052e+03 2.141e+03 2.161e+03 2.689e+03 2.939e+03
  3.083e+03 3.304e+03 3.320e+03 3.380e+03 3.448e+03 3.513e+03]
 [1.600e+02 2.170e+02 2.330e+02 7.560e+02 8.550e+02 1.070e+03 1.355e+03
  1.535e+03 1.657e+03 1.716e+03 1.958e+03 1.978e+03 2.518e+03 2.627e+03
  2.926e+03 2.986e+03 3.068e+03 3.130e+03 3.285e+03 3.314e+03]
 [9.400e+01 1.990e+02 4.210e+02 4.990e+02 5.410e+02 6.950e+02 7.590e+02
  1.171e+03 1.444e+03 1.506e+03 1.519e+03 1.744e+03 1.849e+03 2.106e+03
  2.243e+03 2.301e+03 2.354e+03 2.689e+03 3.119e+03 3.502e+03]
 [4.300e+01 1.560e+02 1.940e+02 2.660e+02 4.430e+02 5.460e+02 6.330e+02
  7.110e+02 7.760e+02 8.320e+02 8.390e+02 8.740e+02 1.162e+03 1.278e+03
  1.288e+03 1.400e+03 1.737e+03 2.075e+03 2.205e+03 2.299e+03]
 [0.000e+00 1.140e+02 1.990e+02 2.920e+02 3.030e+02 3.280e+02 3.950e+02
  4.390e+02 4.670e+02 5.360e+02 6.030e+02 6.120e+02 9.050e+02 9.480e+02
  1.001e+03 1.049e+03 1.253e+03 1.398e+03 1.473e+03 1.631e+03]
 [1.200e+02 2.480e+02 4.510e+02 5.690e+02 9.600e+02 9.900e+02 1.208e+03
  1.323e+03 1.337e+03 1.343e+03 1.438e+03 1.457e+03 1.518e+03 2.029e+03
  2.101e+03 2.197e+03 2.301e+03 2.604e+03 2.755e+03 3.366e+03]
 [1.940e+02 3.240e+02 6.230e+02 7.200e+02 8.900e+02 1.162e+03 1.737e+03
  1.887e+03 1.951e+03 2.052e+03 2.108e+03 2.118e+03 2.211e+03 2.239e+03
  2.341e+03 2.428e+03 2.454e+03 2.487e+03 2.908e+03 3.249e+03]
 [4.300e+01 1.110e+02 4.370e+02 5.330e+02 5.690e+02 6.950e+02 7.340e+02
  9.420e+02 1.367e+03 1.811e+03 2.062e+03 2.141e+03 2.252e+03 2.317e+03
  2.341e+03 2.379e+03 2.604e+03 2.707e+03 3.334e+03 3.447e+03]
 [7.200e+01 1.440e+02 3.280e+02 6.420e+02 7.130e+02 8.040e+02 8.210e+02
  8.900e+02 1.268e+03 1.478e+03 1.756e+03 1.849e+03 2.229e+03 2.428e+03
  2.689e+03 2.748e+03 3.083e+03 3.196e+03 3.539e+03 3.584e+03]
 [2.700e+01 1.900e+02 3.220e+02 3.590e+02 5.440e+02 6.260e+02 7.250e+02
  7.660e+02 8.050e+02 8.200e+02 9.040e+02 9.360e+02 1.008e+03 1.076e+03
  1.288e+03 1.358e+03 1.666e+03 1.766e+03 2.032e+03 2.062e+03]
 [0.000e+00 1.300e+01 1.730e+02 1.990e+02 2.030e+02 3.450e+02 6.600e+02
  7.430e+02 7.660e+02 8.360e+02 1.098e+03 1.141e+03 1.161e+03 1.253e+03
  1.576e+03 1.653e+03 1.665e+03 1.738e+03 1.954e+03 2.241e+03]
 [0.000e+00 1.240e+02 1.250e+02 3.660e+02 4.390e+02 5.270e+02 5.330e+02
  5.710e+02 9.680e+02 1.202e+03 1.253e+03 1.269e+03 1.373e+03 1.431e+03
  1.554e+03 2.572e+03 2.707e+03 2.790e+03 3.284e+03 3.584e+03]
 [0.000e+00 7.500e+01 1.720e+02 3.780e+02 3.990e+02 4.310e+02 1.015e+03
  1.049e+03 1.133e+03 1.229e+03 1.319e+03 1.554e+03 1.648e+03 1.697e+03
  1.931e+03 2.470e+03 2.534e+03 2.575e+03 2.650e+03 2.836e+03]]
