optimal_status: 0
solution: 5263.999999473498
cpu_time: 3600.129940032959
gap: 0.7882821800885015
upper_bound: 1114.4826039026589
lower_bound: 5263.999999473498
cg_matrix: [[0. 0. 1. 1. 0. 0. 1. 0. 0. 1. 0. 1. 0. 1. 1.]
 [0. 0. 1. 0. 1. 1. 1. 1. 1. 1. 0. 0. 0. 0. 0.]
 [1. 1. 0. 1. 1. 0. 1. 1. 1. 1. 0. 1. 1. 0. 0.]
 [1. 0. 1. 0. 0. 0. 1. 0. 1. 0. 0. 1. 0. 0. 1.]
 [0. 1. 1. 0. 0. 1. 1. 0. 1. 1. 0. 0. 0. 0. 1.]
 [0. 1. 0. 0. 1. 0. 1. 0. 1. 1. 1. 1. 0. 1. 1.]
 [1. 1. 1. 1. 1. 1. 0. 0. 1. 1. 0. 0. 1. 1. 0.]
 [0. 1. 1. 0. 0. 0. 0. 0. 0. 0. 1. 0. 0. 1. 1.]
 [0. 1. 1. 1. 1. 1. 1. 0. 0. 1. 0. 0. 1. 1. 1.]
 [1. 1. 1. 0. 1. 1. 1. 0. 1. 0. 0. 0. 0. 1. 0.]
 [0. 0. 0. 0. 0. 1. 0. 1. 0. 0. 0. 0. 0. 0. 0.]
 [1. 0. 1. 1. 0. 1. 0. 0. 0. 0. 0. 0. 0. 1. 1.]
 [0. 0. 1. 0. 0. 0. 1. 0. 1. 0. 0. 0. 0. 0. 1.]
 [1. 0. 0. 0. 0. 1. 1. 1. 1. 1. 0. 1. 0. 0. 1.]
 [1. 0. 0. 1. 1. 1. 0. 1. 1. 0. 0. 1. 1. 1. 0.]]
start_times_array: [[1.590e+02 2.220e+02 9.720e+02 1.047e+03 1.539e+03 1.814e+03 2.257e+03
  2.884e+03 2.928e+03 3.079e+03 3.367e+03 4.318e+03 4.398e+03 4.660e+03
  5.108e+03]
 [9.000e+01 4.940e+02 9.200e+02 1.897e+03 1.975e+03 2.838e+03 3.036e+03
  3.435e+03 3.628e+03 3.782e+03 3.933e+03 4.028e+03 4.509e+03 5.043e+03
  5.180e+03]
 [2.410e+02 3.290e+02 6.310e+02 1.297e+03 1.374e+03 2.204e+03 2.233e+03
  2.406e+03 2.632e+03 3.193e+03 3.538e+03 4.002e+03 4.409e+03 4.884e+03
  5.077e+03]
 [0.000e+00 1.000e+01 4.010e+02 8.830e+02 1.715e+03 1.975e+03 2.560e+03
  2.567e+03 2.845e+03 2.955e+03 3.297e+03 3.318e+03 3.736e+03 3.789e+03
  4.106e+03]
 [4.110e+02 5.790e+02 9.220e+02 1.217e+03 1.539e+03 1.764e+03 2.257e+03
  2.354e+03 2.746e+03 2.955e+03 3.276e+03 3.794e+03 4.238e+03 4.564e+03
  5.008e+03]
 [0.000e+00 3.100e+01 3.130e+02 1.295e+03 1.392e+03 1.564e+03 2.204e+03
  2.406e+03 2.416e+03 4.409e+03 4.502e+03 4.679e+03 4.884e+03 4.904e+03
  5.090e+03]
 [6.200e+01 7.050e+02 9.920e+02 9.960e+02 1.150e+03 1.534e+03 1.546e+03
  1.603e+03 1.655e+03 2.183e+03 2.440e+03 2.775e+03 3.097e+03 4.153e+03
  4.794e+03]
 [3.700e+01 1.590e+02 4.070e+02 4.650e+02 7.410e+02 9.730e+02 1.053e+03
  1.119e+03 2.274e+03 2.550e+03 4.153e+03 4.210e+03 4.319e+03 4.652e+03
  4.949e+03]
 [1.590e+02 7.980e+02 8.290e+02 1.047e+03 1.063e+03 1.792e+03 2.061e+03
  2.120e+03 2.926e+03 3.336e+03 3.885e+03 4.117e+03 4.318e+03 4.618e+03
  4.949e+03]
 [3.000e+00 1.340e+02 8.510e+02 1.469e+03 1.702e+03 1.840e+03 2.489e+03
  2.586e+03 2.617e+03 2.721e+03 3.455e+03 3.684e+03 4.062e+03 4.728e+03
  5.149e+03]
 [6.200e+01 4.800e+02 5.790e+02 5.920e+02 7.160e+02 8.080e+02 8.830e+02
  1.211e+03 1.744e+03 1.854e+03 1.895e+03 1.912e+03 5.010e+03 5.073e+03
  5.169e+03]
 [5.380e+02 7.830e+02 8.050e+02 9.620e+02 1.046e+03 1.479e+03 1.898e+03
  2.036e+03 2.728e+03 3.097e+03 3.423e+03 3.663e+03 4.601e+03 4.728e+03
  4.949e+03]
 [4.220e+02 1.217e+03 1.362e+03 1.840e+03 1.896e+03 2.036e+03 2.539e+03
  2.731e+03 2.758e+03 2.845e+03 2.883e+03 3.789e+03 3.950e+03 4.238e+03
  4.679e+03]
 [2.410e+02 5.970e+02 1.266e+03 1.934e+03 2.347e+03 2.838e+03 3.036e+03
  3.193e+03 3.538e+03 3.950e+03 4.005e+03 4.509e+03 5.012e+03 5.028e+03
  5.258e+03]
 [6.200e+01 4.940e+02 6.750e+02 8.510e+02 1.469e+03 1.630e+03 1.918e+03
  2.425e+03 2.448e+03 2.658e+03 3.628e+03 3.933e+03 4.013e+03 4.773e+03
  5.165e+03]]
