optimal_status: 0
solution: 27578.0
cpu_time: 3605.6118998527527
gap: 0.9442112213931576
upper_bound: 1538.5429364195
lower_bound: 27578.0
cg_matrix: [[0. 0. 0. 1. 1. 0. 1. 0. 1. 0. 1. 1. 0. 1. 1. 1. 0. 0. 0. 1. 1. 1. 0. 1.
  0. 1. 1. 0. 1. 0. 1. 0. 1. 1. 1. 0. 0. 0. 1. 0. 1. 1. 0. 1. 0. 1. 0. 1.
  1. 1.]
 [0. 0. 0. 0. 1. 1. 0. 0. 1. 0. 0. 1. 1. 1. 1. 1. 0. 0. 1. 1. 1. 1. 0. 1.
  0. 1. 1. 1. 0. 1. 0. 1. 0. 0. 0. 0. 0. 1. 1. 1. 1. 1. 0. 1. 1. 1. 1. 1.
  1. 1.]
 [0. 0. 0. 0. 0. 0. 1. 0. 0. 0. 1. 0. 1. 1. 0. 0. 0. 0. 1. 1. 0. 0. 1. 0.
  1. 0. 1. 1. 0. 1. 1. 1. 1. 1. 1. 0. 0. 0. 0. 0. 0. 0. 0. 1. 1. 0. 0. 0.
  0. 0.]
 [1. 0. 0. 0. 1. 0. 0. 0. 1. 1. 0. 1. 1. 0. 1. 0. 0. 0. 0. 0. 1. 1. 0. 0.
  1. 0. 0. 0. 0. 1. 1. 0. 1. 1. 0. 1. 0. 1. 0. 1. 1. 1. 1. 1. 1. 1. 0. 0.
  1. 0.]
 [1. 1. 0. 1. 0. 0. 0. 0. 0. 0. 0. 1. 0. 1. 1. 0. 0. 0. 1. 1. 1. 0. 1. 1.
  0. 1. 1. 0. 0. 1. 1. 1. 1. 1. 1. 1. 0. 1. 1. 1. 1. 0. 0. 0. 1. 0. 0. 1.
  0. 1.]
 [0. 1. 0. 0. 0. 0. 0. 1. 1. 0. 0. 0. 1. 0. 1. 0. 1. 0. 0. 0. 0. 1. 0. 0.
  1. 0. 0. 1. 0. 0. 0. 0. 1. 1. 0. 0. 0. 0. 0. 0. 1. 1. 0. 0. 1. 0. 0. 0.
  0. 1.]
 [1. 0. 1. 0. 0. 0. 0. 0. 1. 1. 0. 0. 1. 0. 1. 0. 0. 0. 1. 1. 1. 0. 1. 0.
  1. 1. 0. 1. 0. 1. 1. 0. 1. 1. 0. 1. 1. 0. 0. 0. 1. 1. 0. 0. 0. 0. 1. 1.
  0. 1.]
 [0. 0. 0. 0. 0. 1. 0. 0. 0. 0. 1. 0. 0. 0. 1. 1. 0. 1. 0. 0. 0. 1. 0. 0.
  0. 1. 0. 0. 1. 1. 0. 1. 0. 0. 1. 1. 0. 1. 0. 0. 0. 1. 1. 1. 0. 1. 0. 1.
  0. 1.]
 [1. 1. 0. 1. 0. 1. 1. 0. 0. 1. 0. 0. 1. 1. 0. 1. 0. 1. 0. 0. 0. 0. 1. 0.
  0. 0. 0. 0. 0. 1. 1. 1. 1. 0. 0. 0. 1. 0. 1. 0. 0. 0. 1. 1. 1. 1. 1. 1.
  1. 0.]
 [0. 0. 0. 1. 0. 0. 1. 0. 1. 0. 1. 1. 1. 0. 0. 1. 0. 0. 1. 1. 1. 0. 1. 0.
  0. 0. 0. 1. 1. 1. 1. 0. 1. 0. 0. 0. 0. 0. 0. 0. 0. 0. 0. 1. 1. 1. 1. 1.
  0. 1.]
 [1. 0. 1. 0. 0. 0. 0. 1. 0. 1. 0. 0. 1. 0. 0. 1. 0. 0. 1. 0. 1. 0. 0. 1.
  0. 1. 0. 1. 1. 0. 1. 1. 1. 1. 0. 0. 0. 0. 1. 1. 0. 0. 0. 1. 0. 1. 1. 1.
  1. 0.]
 [1. 1. 0. 1. 1. 0. 0. 0. 0. 1. 0. 0. 1. 1. 1. 1. 0. 0. 1. 0. 0. 0. 0. 0.
  0. 0. 1. 0. 1. 0. 1. 0. 0. 1. 0. 0. 0. 1. 1. 1. 1. 0. 0. 1. 0. 1. 1. 0.
  1. 1.]
 [0. 1. 1. 1. 0. 1. 1. 0. 1. 1. 1. 1. 0. 0. 1. 1. 0. 1. 1. 0. 0. 0. 1. 1.
  1. 0. 0. 0. 0. 1. 1. 1. 0. 1. 0. 1. 1. 0. 0. 0. 1. 0. 1. 1. 0. 0. 1. 1.
  0. 0.]
 [1. 1. 1. 0. 1. 0. 0. 0. 1. 0. 0. 1. 0. 0. 1. 0. 1. 0. 1. 0. 1. 0. 1. 1.
  0. 0. 0. 1. 1. 1. 1. 0. 1. 0. 0. 1. 1. 1. 1. 1. 0. 0. 1. 0. 1. 1. 1. 1.
  1. 0.]
 [1. 1. 0. 1. 1. 1. 1. 1. 0. 0. 0. 1. 1. 1. 0. 1. 1. 1. 1. 0. 0. 1. 1. 0.
  1. 0. 0. 1. 1. 1. 1. 1. 1. 0. 1. 0. 0. 1. 1. 0. 0. 0. 0. 0. 1. 0. 0. 0.
  0. 0.]
 [1. 1. 0. 0. 0. 0. 0. 1. 1. 1. 1. 1. 1. 0. 1. 0. 0. 1. 1. 1. 0. 0. 1. 0.
  0. 0. 0. 0. 1. 1. 1. 1. 1. 1. 0. 1. 0. 1. 0. 0. 1. 1. 0. 1. 0. 0. 1. 1.
  0. 1.]
 [0. 0. 0. 0. 0. 1. 0. 0. 0. 0. 0. 0. 0. 1. 1. 0. 0. 1. 0. 1. 0. 0. 1. 0.
  1. 0. 1. 0. 1. 1. 0. 0. 0. 1. 0. 0. 1. 0. 1. 1. 1. 1. 0. 1. 0. 1. 0. 0.
  0. 0.]
 [0. 0. 0. 0. 0. 0. 0. 1. 1. 0. 0. 0. 1. 0. 1. 1. 1. 0. 1. 0. 0. 0. 1. 1.
  0. 0. 0. 1. 0. 0. 0. 0. 0. 1. 1. 1. 0. 1. 1. 0. 1. 0. 1. 0. 0. 0. 0. 0.
  0. 0.]
 [0. 1. 1. 0. 1. 0. 1. 0. 0. 1. 1. 1. 1. 1. 1. 1. 0. 1. 0. 0. 0. 0. 0. 1.
  0. 0. 0. 0. 0. 1. 0. 1. 0. 0. 1. 1. 0. 1. 1. 0. 1. 1. 0. 0. 0. 0. 1. 0.
  1. 1.]
 [1. 1. 1. 0. 1. 0. 1. 0. 0. 1. 0. 0. 0. 0. 0. 1. 1. 0. 0. 0. 0. 0. 1. 1.
  0. 0. 1. 1. 1. 0. 1. 0. 1. 0. 0. 1. 0. 0. 0. 0. 0. 0. 0. 0. 0. 1. 1. 1.
  1. 1.]
 [1. 1. 0. 1. 1. 0. 1. 0. 0. 1. 1. 0. 0. 1. 0. 0. 0. 0. 0. 0. 0. 0. 0. 0.
  0. 0. 0. 0. 0. 0. 0. 0. 0. 0. 0. 0. 0. 0. 0. 0. 0. 0. 0. 0. 0. 0. 0. 0.
  0. 0.]
 [1. 1. 0. 1. 0. 1. 0. 1. 0. 0. 0. 0. 0. 0. 1. 0. 0. 0. 0. 0. 0. 0. 0. 0.
  0. 0. 0. 0. 0. 0. 0. 0. 0. 0. 0. 0. 0. 0. 0. 0. 0. 0. 0. 0. 0. 0. 0. 0.
  0. 0.]
 [0. 0. 1. 0. 1. 0. 1. 0. 1. 1. 0. 0. 1. 1. 1. 1. 1. 1. 0. 1. 0. 0. 0. 0.
  0. 0. 0. 0. 0. 0. 0. 0. 0. 0. 0. 0. 0. 0. 0. 0. 0. 0. 0. 0. 0. 0. 0. 0.
  0. 0.]
 [1. 1. 0. 0. 1. 0. 0. 0. 0. 0. 1. 0. 1. 1. 0. 0. 0. 1. 1. 1. 0. 0. 0. 0.
  0. 0. 0. 0. 0. 0. 0. 0. 0. 0. 0. 0. 0. 0. 0. 0. 0. 0. 0. 0. 0. 0. 0. 0.
  0. 0.]
 [0. 0. 1. 1. 0. 1. 1. 0. 0. 0. 0. 0. 1. 0. 1. 0. 1. 0. 0. 0. 0. 0. 0. 0.
  0. 0. 0. 0. 0. 0. 0. 0. 0. 0. 0. 0. 0. 0. 0. 0. 0. 0. 0. 0. 0. 0. 0. 0.
  0. 0.]
 [1. 1. 0. 0. 1. 0. 1. 1. 0. 0. 1. 0. 0. 0. 0. 0. 0. 0. 0. 0. 0. 0. 0. 0.
  0. 0. 0. 0. 0. 0. 0. 0. 0. 0. 0. 0. 0. 0. 0. 0. 0. 0. 0. 0. 0. 0. 0. 0.
  0. 0.]
 [1. 1. 1. 0. 1. 0. 0. 0. 0. 0. 0. 1. 0. 0. 0. 0. 1. 0. 0. 1. 0. 0. 0. 0.
  0. 0. 0. 0. 0. 0. 0. 0. 0. 0. 0. 0. 0. 0. 0. 0. 0. 0. 0. 0. 0. 0. 0. 0.
  0. 0.]
 [0. 1. 1. 0. 0. 1. 1. 0. 0. 1. 1. 0. 0. 1. 1. 0. 0. 1. 0. 1. 0. 0. 0. 0.
  0. 0. 0. 0. 0. 0. 0. 0. 0. 0. 0. 0. 0. 0. 0. 0. 0. 0. 0. 0. 0. 0. 0. 0.
  0. 0.]
 [1. 0. 0. 0. 0. 0. 0. 1. 0. 1. 1. 1. 0. 1. 1. 1. 1. 0. 0. 1. 0. 0. 0. 0.
  0. 0. 0. 0. 0. 0. 0. 0. 0. 0. 0. 0. 0. 0. 0. 0. 0. 0. 0. 0. 0. 0. 0. 0.
  0. 0.]
 [0. 1. 1. 1. 1. 0. 1. 1. 1. 1. 0. 0. 1. 1. 1. 1. 1. 0. 1. 0. 0. 0. 0. 0.
  0. 0. 0. 0. 0. 0. 0. 0. 0. 0. 0. 0. 0. 0. 0. 0. 0. 0. 0. 0. 0. 0. 0. 0.
  0. 0.]
 [1. 0. 1. 1. 1. 0. 1. 0. 1. 1. 1. 1. 1. 1. 1. 1. 0. 0. 0. 1. 0. 0. 0. 0.
  0. 0. 0. 0. 0. 0. 0. 0. 0. 0. 0. 0. 0. 0. 0. 0. 0. 0. 0. 0. 0. 0. 0. 0.
  0. 0.]
 [0. 1. 1. 0. 1. 0. 0. 1. 1. 0. 1. 0. 1. 0. 1. 1. 0. 0. 1. 0. 0. 0. 0. 0.
  0. 0. 0. 0. 0. 0. 0. 0. 0. 0. 0. 0. 0. 0. 0. 0. 0. 0. 0. 0. 0. 0. 0. 0.
  0. 0.]
 [1. 0. 1. 1. 1. 1. 1. 0. 1. 1. 1. 0. 0. 1. 1. 1. 0. 0. 0. 1. 0. 0. 0. 0.
  0. 0. 0. 0. 0. 0. 0. 0. 0. 0. 0. 0. 0. 0. 0. 0. 0. 0. 0. 0. 0. 0. 0. 0.
  0. 0.]
 [1. 0. 1. 1. 1. 1. 1. 0. 0. 0. 1. 1. 1. 0. 0. 1. 1. 1. 0. 0. 0. 0. 0. 0.
  0. 0. 0. 0. 0. 0. 0. 0. 0. 0. 0. 0. 0. 0. 0. 0. 0. 0. 0. 0. 0. 0. 0. 0.
  0. 0.]
 [1. 0. 1. 0. 1. 0. 0. 1. 0. 0. 0. 0. 0. 0. 1. 0. 0. 1. 1. 0. 0. 0. 0. 0.
  0. 0. 0. 0. 0. 0. 0. 0. 0. 0. 0. 0. 0. 0. 0. 0. 0. 0. 0. 0. 0. 0. 0. 0.
  0. 0.]
 [0. 0. 0. 1. 1. 0. 1. 1. 0. 0. 0. 0. 1. 1. 0. 1. 0. 1. 1. 1. 0. 0. 0. 0.
  0. 0. 0. 0. 0. 0. 0. 0. 0. 0. 0. 0. 0. 0. 0. 0. 0. 0. 0. 0. 0. 0. 0. 0.
  0. 0.]
 [0. 0. 0. 0. 0. 0. 1. 0. 1. 0. 0. 0. 1. 1. 0. 0. 1. 0. 0. 0. 0. 0. 0. 0.
  0. 0. 0. 0. 0. 0. 0. 0. 0. 0. 0. 0. 0. 0. 0. 0. 0. 0. 0. 0. 0. 0. 0. 0.
  0. 0.]
 [0. 1. 0. 1. 1. 0. 0. 1. 0. 0. 0. 1. 0. 1. 1. 1. 0. 1. 1. 0. 0. 0. 0. 0.
  0. 0. 0. 0. 0. 0. 0. 0. 0. 0. 0. 0. 0. 0. 0. 0. 0. 0. 0. 0. 0. 0. 0. 0.
  0. 0.]
 [1. 1. 0. 0. 1. 0. 0. 0. 1. 0. 1. 1. 0. 1. 1. 0. 1. 1. 1. 0. 0. 0. 0. 0.
  0. 0. 0. 0. 0. 0. 0. 0. 0. 0. 0. 0. 0. 0. 0. 0. 0. 0. 0. 0. 0. 0. 0. 0.
  0. 0.]
 [0. 1. 0. 1. 1. 0. 0. 0. 0. 0. 1. 1. 0. 1. 0. 0. 1. 0. 0. 0. 0. 0. 0. 0.
  0. 0. 0. 0. 0. 0. 0. 0. 0. 0. 0. 0. 0. 0. 0. 0. 0. 0. 0. 0. 0. 0. 0. 0.
  0. 0.]
 [1. 1. 0. 1. 1. 1. 1. 0. 0. 0. 0. 1. 1. 0. 0. 1. 1. 1. 1. 0. 0. 0. 0. 0.
  0. 0. 0. 0. 0. 0. 0. 0. 0. 0. 0. 0. 0. 0. 0. 0. 0. 0. 0. 0. 0. 0. 0. 0.
  0. 0.]
 [1. 1. 0. 1. 0. 1. 1. 1. 0. 0. 0. 0. 0. 0. 0. 1. 1. 0. 1. 0. 0. 0. 0. 0.
  0. 0. 0. 0. 0. 0. 0. 0. 0. 0. 0. 0. 0. 0. 0. 0. 0. 0. 0. 0. 0. 0. 0. 0.
  0. 0.]
 [0. 0. 0. 1. 0. 0. 0. 1. 1. 0. 0. 0. 1. 1. 0. 0. 0. 1. 0. 0. 0. 0. 0. 0.
  0. 0. 0. 0. 0. 0. 0. 0. 0. 0. 0. 0. 0. 0. 0. 0. 0. 0. 0. 0. 0. 0. 0. 0.
  0. 0.]
 [1. 1. 1. 1. 0. 0. 0. 1. 1. 1. 1. 1. 1. 0. 0. 1. 1. 0. 0. 0. 0. 0. 0. 0.
  0. 0. 0. 0. 0. 0. 0. 0. 0. 0. 0. 0. 0. 0. 0. 0. 0. 0. 0. 0. 0. 0. 0. 0.
  0. 0.]
 [0. 1. 1. 1. 1. 1. 0. 0. 1. 1. 0. 0. 0. 1. 1. 0. 0. 0. 0. 0. 0. 0. 0. 0.
  0. 0. 0. 0. 0. 0. 0. 0. 0. 0. 0. 0. 0. 0. 0. 0. 0. 0. 0. 0. 0. 0. 0. 0.
  0. 0.]
 [1. 1. 0. 1. 0. 0. 0. 1. 1. 1. 1. 1. 0. 1. 0. 0. 1. 0. 0. 1. 0. 0. 0. 0.
  0. 0. 0. 0. 0. 0. 0. 0. 0. 0. 0. 0. 0. 0. 0. 0. 0. 0. 0. 0. 0. 0. 0. 0.
  0. 0.]
 [0. 1. 0. 0. 0. 0. 1. 0. 1. 1. 1. 1. 1. 1. 0. 1. 0. 0. 1. 1. 0. 0. 0. 0.
  0. 0. 0. 0. 0. 0. 0. 0. 0. 0. 0. 0. 0. 0. 0. 0. 0. 0. 0. 0. 0. 0. 0. 0.
  0. 0.]
 [1. 1. 0. 0. 1. 0. 1. 1. 1. 1. 1. 0. 1. 1. 0. 1. 0. 0. 0. 1. 0. 0. 0. 0.
  0. 0. 0. 0. 0. 0. 0. 0. 0. 0. 0. 0. 0. 0. 0. 0. 0. 0. 0. 0. 0. 0. 0. 0.
  0. 0.]
 [1. 1. 0. 1. 0. 0. 0. 0. 1. 0. 1. 1. 0. 1. 0. 0. 0. 0. 1. 1. 0. 0. 0. 0.
  0. 0. 0. 0. 0. 0. 0. 0. 0. 0. 0. 0. 0. 0. 0. 0. 0. 0. 0. 0. 0. 0. 0. 0.
  0. 0.]
 [1. 1. 0. 0. 1. 1. 1. 1. 0. 1. 0. 1. 0. 0. 0. 1. 0. 0. 1. 1. 0. 0. 0. 0.
  0. 0. 0. 0. 0. 0. 0. 0. 0. 0. 0. 0. 0. 0. 0. 0. 0. 0. 0. 0. 0. 0. 0. 0.
  0. 0.]]
start_times_array: [[2.63790000e+04 2.65770000e+04 2.66500000e+04 2.67060000e+04
  2.67340000e+04 2.68150000e+04 2.68970000e+04 2.70260000e+04
  2.70740000e+04 2.71100000e+04 2.71470000e+04 2.71710000e+04
  2.71790000e+04 2.71880000e+04 2.72080000e+04 2.73520000e+04
  2.74290000e+04 2.74600000e+04 2.75040000e+04 2.75380000e+04]
 [2.54020000e+04 2.54860000e+04 2.62060000e+04 2.62330000e+04
  2.68150000e+04 2.68770000e+04 2.68970000e+04 2.69140000e+04
  2.69690000e+04 2.70260000e+04 2.70470000e+04 2.71080000e+04
  2.71710000e+04 2.71880000e+04 2.72020000e+04 2.72610000e+04
  2.73520000e+04 2.74060000e+04 2.74700000e+04 2.74910000e+04]
 [2.39650000e+04 2.40350000e+04 2.42380000e+04 2.43130000e+04
  2.43340000e+04 2.43550000e+04 2.44530000e+04 2.44850000e+04
  2.45260000e+04 2.52910000e+04 2.56870000e+04 2.57580000e+04
  2.58480000e+04 2.59170000e+04 2.63790000e+04 2.65220000e+04
  2.65400000e+04 2.65810000e+04 2.66590000e+04 2.67529113e+04]
 [2.52190000e+04 2.54020000e+04 2.54230000e+04 2.54310000e+04
  2.54860000e+04 2.55720000e+04 2.55890000e+04 2.56870000e+04
  2.57580000e+04 2.57760000e+04 2.58620000e+04 2.59460000e+04
  2.60340000e+04 2.61310000e+04 2.62060000e+04 2.62760000e+04
  2.63430000e+04 2.64140000e+04 2.64250000e+04 2.65220000e+04]
 [2.04180000e+04 2.05860000e+04 2.38540000e+04 2.38830000e+04
  2.39340000e+04 2.41890000e+04 2.42550000e+04 2.43390000e+04
  2.44090000e+04 2.44160000e+04 2.45030000e+04 2.45840000e+04
  2.48940000e+04 2.49380000e+04 2.49650000e+04 2.50530000e+04
  2.50870000e+04 2.51570000e+04 2.52910000e+04 2.53350000e+04]
 [2.36270000e+04 2.37820000e+04 2.38060000e+04 2.39640000e+04
  2.40120000e+04 2.40670000e+04 2.41350000e+04 2.41890000e+04
  2.42720000e+04 2.42890000e+04 2.43390000e+04 2.44260000e+04
  2.44440000e+04 2.45270000e+04 2.45590000e+04 2.46300000e+04
  2.47020000e+04 2.47970000e+04 2.48360000e+04 2.48730000e+04]
 [2.28260000e+04 2.29060000e+04 2.29370000e+04 2.29570000e+04
  2.30730000e+04 2.31050000e+04 2.31260000e+04 2.33510000e+04
  2.34300000e+04 2.34310000e+04 2.35240000e+04 2.36040000e+04
  2.36640000e+04 2.36810000e+04 2.37670000e+04 2.38540000e+04
  2.39180000e+04 2.39690000e+04 2.41270000e+04 2.41910000e+04]
 [2.09450000e+04 2.11040000e+04 2.28260000e+04 2.29060000e+04
  2.29520000e+04 2.30140000e+04 2.30540000e+04 2.31220000e+04
  2.31480000e+04 2.32020000e+04 2.32520000e+04 2.33130000e+04
  2.33900000e+04 2.34300000e+04 2.35240000e+04 2.35600000e+04
  2.36530000e+04 2.37120000e+04 2.37670000e+04 2.38930000e+04]
 [2.17740000e+04 2.18100000e+04 2.18820000e+04 2.19350000e+04
  2.20260000e+04 2.20910000e+04 2.21890000e+04 2.22490000e+04
  2.23090000e+04 2.23710000e+04 2.24230000e+04 2.24620000e+04
  2.24750000e+04 2.25190000e+04 2.25880000e+04 2.25910000e+04
  2.26880000e+04 2.27530000e+04 2.27690000e+04 2.30080000e+04]
 [2.07830000e+04 2.08280000e+04 2.09270000e+04 2.09610000e+04
  2.10270000e+04 2.10650000e+04 2.11140000e+04 2.12000000e+04
  2.12910000e+04 2.13050000e+04 2.13920000e+04 2.14370000e+04
  2.14490000e+04 2.14940000e+04 2.15080000e+04 2.15660000e+04
  2.15930000e+04 2.16610000e+04 2.16660000e+04 2.17130000e+04]
 [1.97770000e+04 1.98560000e+04 1.99070000e+04 2.00430000e+04
  2.00940000e+04 2.01350000e+04 2.01790000e+04 2.02290000e+04
  2.02460000e+04 2.02720000e+04 2.04110000e+04 2.04270000e+04
  2.04520000e+04 2.04900000e+04 2.05070000e+04 2.05960000e+04
  2.06790000e+04 2.07380000e+04 2.07910000e+04 2.10040000e+04]
 [1.96610000e+04 1.97770000e+04 1.98670000e+04 1.99590000e+04
  1.99620000e+04 1.99640000e+04 1.99730000e+04 2.00430000e+04
  2.00580000e+04 2.00960000e+04 2.01440000e+04 2.01560000e+04
  2.01660000e+04 2.01750000e+04 2.02510000e+04 2.02780000e+04
  2.02860000e+04 2.03300000e+04 2.04110000e+04 2.05060000e+04]
 [1.85750000e+04 1.87940000e+04 1.88070000e+04 1.88570000e+04
  1.88870000e+04 1.89720000e+04 1.90530000e+04 1.92340000e+04
  1.92980000e+04 1.93090000e+04 1.94320000e+04 1.94330000e+04
  1.95260000e+04 1.95800000e+04 1.95930000e+04 1.96230000e+04
  1.96400000e+04 1.96560000e+04 1.96590000e+04 1.97580000e+04]
 [1.85630000e+04 1.87940000e+04 1.88750000e+04 1.88940000e+04
  1.89400000e+04 1.89800000e+04 1.90190000e+04 1.90820000e+04
  1.91740000e+04 1.92340000e+04 1.92420000e+04 1.92490000e+04
  1.92880000e+04 1.92970000e+04 1.93790000e+04 1.94470000e+04
  1.94680000e+04 1.95340000e+04 1.95860000e+04 1.96400000e+04]
 [1.73420000e+04 1.74080000e+04 1.74740000e+04 1.75220000e+04
  1.77090000e+04 1.77390000e+04 1.78200000e+04 1.78660000e+04
  1.79610000e+04 1.79830000e+04 1.80680000e+04 1.81250000e+04
  1.82080000e+04 1.82560000e+04 1.83500000e+04 1.83610000e+04
  1.84220000e+04 1.85140000e+04 1.86200000e+04 1.87030000e+04]
 [1.58570000e+04 1.64580000e+04 1.64720000e+04 1.65370000e+04
  1.65540000e+04 1.66510000e+04 1.67080000e+04 1.67410000e+04
  1.68370000e+04 1.68400000e+04 1.68720000e+04 1.69420000e+04
  1.70200000e+04 1.70500000e+04 1.71180000e+04 1.72100000e+04
  1.72580000e+04 1.72670000e+04 1.76030000e+04 1.76340000e+04]
 [1.54900000e+04 1.55330000e+04 1.55650000e+04 1.55760000e+04
  1.55980000e+04 1.56700000e+04 1.58570000e+04 1.59070000e+04
  1.59260000e+04 1.59600000e+04 1.60470000e+04 1.61270000e+04
  1.61390000e+04 1.61650000e+04 1.62430000e+04 1.63060000e+04
  1.63090000e+04 1.64060000e+04 1.64330000e+04 1.64580000e+04]
 [1.44240000e+04 1.44740000e+04 1.45720000e+04 1.46070000e+04
  1.47680000e+04 1.48390000e+04 1.48800000e+04 1.49500000e+04
  1.49580000e+04 1.49690000e+04 1.50350000e+04 1.51100000e+04
  1.51770000e+04 1.52090000e+04 1.52830000e+04 1.52910000e+04
  1.53350000e+04 1.54290000e+04 1.55150000e+04 1.57580000e+04]
 [1.22610000e+04 1.25650000e+04 1.29550000e+04 1.29660000e+04
  1.39330000e+04 1.39900000e+04 1.40170000e+04 1.40200000e+04
  1.40740000e+04 1.41140000e+04 1.42000000e+04 1.42400000e+04
  1.42700000e+04 1.43250000e+04 1.43730000e+04 1.44100000e+04
  1.44250000e+04 1.45130000e+04 1.45920000e+04 1.46690000e+04]
 [1.27820000e+04 1.28540000e+04 1.28650000e+04 1.29550000e+04
  1.29730000e+04 1.30540000e+04 1.30980000e+04 1.31770000e+04
  1.32540000e+04 1.32740000e+04 1.33600000e+04 1.34180000e+04
  1.34620000e+04 1.34940000e+04 1.35270000e+04 1.35640000e+04
  1.36560000e+04 1.37510000e+04 1.38280000e+04 1.39250000e+04]
 [8.43100000e+03 1.14270000e+04 1.25200000e+04 1.25270000e+04
  1.25650000e+04 1.27310000e+04 1.28650000e+04 1.29400000e+04
  1.29940000e+04 1.29960000e+04 1.30110000e+04 1.31060000e+04
  1.31100000e+04 1.33600000e+04 1.33790000e+04 1.34350000e+04
  1.37560000e+04 1.41150000e+04 1.42050000e+04 1.42510000e+04]
 [1.01320000e+04 1.15670000e+04 1.16250000e+04 1.17130000e+04
  1.17620000e+04 1.23160000e+04 1.23190000e+04 1.23630000e+04
  1.23710000e+04 1.24530000e+04 1.25250000e+04 1.26240000e+04
  1.26740000e+04 1.27310000e+04 1.27500000e+04 1.27620000e+04
  1.29010000e+04 1.29700000e+04 1.30860000e+04 1.39980000e+04]
 [8.70000000e+03 1.17990000e+04 1.18080000e+04 1.18990000e+04
  1.19910000e+04 1.20080000e+04 1.20760000e+04 1.21100000e+04
  1.21910000e+04 1.22170000e+04 1.23160000e+04 1.23880000e+04
  1.24030000e+04 1.24960000e+04 1.25200000e+04 1.25220000e+04
  1.25950000e+04 1.26290000e+04 1.26710000e+04 1.26830000e+04]
 [1.11930000e+04 1.13840000e+04 1.14820000e+04 1.14910000e+04
  1.15060000e+04 1.16030000e+04 1.16890000e+04 1.17770000e+04
  1.17990000e+04 1.18300000e+04 1.18890000e+04 1.19590000e+04
  1.20010000e+04 1.20430000e+04 1.21080000e+04 1.21260000e+04
  1.21760000e+04 1.22040000e+04 1.23170000e+04 1.24040000e+04]
 [8.36900000e+03 8.42000000e+03 1.00770000e+04 1.01740000e+04
  1.08370000e+04 1.08520000e+04 1.09200000e+04 1.10070000e+04
  1.10850000e+04 1.11420000e+04 1.11790000e+04 1.12400000e+04
  1.12910000e+04 1.13840000e+04 1.14190000e+04 1.14760000e+04
  1.15250000e+04 1.15670000e+04 1.18110000e+04 1.20470000e+04]
 [6.24500000e+03 8.08100000e+03 9.06500000e+03 9.12700000e+03
  9.36600000e+03 9.96200000e+03 1.00610000e+04 1.01950000e+04
  1.02170000e+04 1.02930000e+04 1.03100000e+04 1.03920000e+04
  1.03980000e+04 1.04940000e+04 1.05310000e+04 1.05570000e+04
  1.11380000e+04 1.12140000e+04 1.12710000e+04 1.14180000e+04]
 [8.91100000e+03 8.91700000e+03 9.00600000e+03 9.33800000e+03
  1.01330000e+04 1.03710000e+04 1.03910000e+04 1.05070000e+04
  1.05640000e+04 1.06300000e+04 1.07130000e+04 1.07200000e+04
  1.07410000e+04 1.08370000e+04 1.08440000e+04 1.10250000e+04
  1.11240000e+04 1.12300000e+04 1.13150000e+04 1.20320000e+04]
 [5.40900000e+03 6.83100000e+03 7.45100000e+03 7.53900000e+03
  9.39000000e+03 9.77900000e+03 9.79200000e+03 9.96600000e+03
  1.00240000e+04 1.00610000e+04 1.03590000e+04 1.04580000e+04
  1.05730000e+04 1.06300000e+04 1.07250000e+04 1.08520000e+04
  1.09250000e+04 1.09890000e+04 1.10530000e+04 1.11080000e+04]
 [8.61600000e+03 8.66700000e+03 8.68900000e+03 9.44500000e+03
  9.52700000e+03 9.61700000e+03 9.65800000e+03 9.74600000e+03
  9.77900000e+03 9.87000000e+03 9.96900000e+03 1.00380000e+04
  1.00440000e+04 1.00770000e+04 1.01020000e+04 1.01330000e+04
  1.01400000e+04 1.01780000e+04 1.03180000e+04 1.03590000e+04]
 [8.06100000e+03 8.08100000e+03 8.17700000e+03 8.31900000e+03
  8.36800000e+03 9.20400000e+03 9.29300000e+03 9.39200000e+03
  9.45800000e+03 9.52700000e+03 9.87000000e+03 9.96200000e+03
  1.00240000e+04 1.00720000e+04 1.01670000e+04 1.01950000e+04
  1.02380000e+04 1.03090000e+04 1.03180000e+04 1.08360000e+04]
 [5.65800000e+03 8.28300000e+03 8.38200000e+03 8.43100000e+03
  8.47800000e+03 8.57000000e+03 8.59400000e+03 8.61600000e+03
  8.79600000e+03 8.83600000e+03 8.86000000e+03 8.91100000e+03
  9.00200000e+03 9.06500000e+03 9.16400000e+03 9.23900000e+03
  9.29100000e+03 9.35000000e+03 9.36600000e+03 9.39000000e+03]
 [6.11300000e+03 6.56500000e+03 7.92200000e+03 7.98900000e+03
  8.58600000e+03 8.59400000e+03 8.66400000e+03 8.73700000e+03
  8.79600000e+03 8.88700000e+03 8.95600000e+03 9.00200000e+03
  9.03300000e+03 9.03900000e+03 9.07400000e+03 9.11100000e+03
  9.20400000e+03 9.24600000e+03 9.33500000e+03 9.36900000e+03]
 [6.11800000e+03 7.89600000e+03 7.92200000e+03 7.92900000e+03
  7.99600000e+03 8.02100000e+03 8.06400000e+03 8.10900000e+03
  8.14000000e+03 8.16800000e+03 8.22500000e+03 8.26700000e+03
  8.28300000e+03 8.29300000e+03 8.31900000e+03 8.36900000e+03
  8.43800000e+03 8.47300000e+03 8.49100000e+03 8.50900000e+03]
 [6.71700000e+03 7.13200000e+03 7.14200000e+03 7.14900000e+03
  7.23700000e+03 7.31500000e+03 7.37700000e+03 7.47000000e+03
  7.49300000e+03 7.58700000e+03 7.60900000e+03 7.69400000e+03
  7.76700000e+03 7.82600000e+03 7.83800000e+03 7.89600000e+03
  7.98900000e+03 8.03600000e+03 8.38900000e+03 8.55200000e+03]
 [5.57400000e+03 5.70200000e+03 5.79500000e+03 5.83400000e+03
  6.23200000e+03 6.27400000e+03 6.33100000e+03 6.36100000e+03
  6.38100000e+03 6.57100000e+03 6.61200000e+03 6.64700000e+03
  6.68200000e+03 6.73400000e+03 6.82400000e+03 6.84200000e+03
  6.92200000e+03 6.95100000e+03 6.96800000e+03 7.04200000e+03]
 [5.21600000e+03 5.25500000e+03 5.26200000e+03 5.52500000e+03
  5.57400000e+03 5.60800000e+03 5.85000000e+03 5.91000000e+03
  5.98700000e+03 6.01300000e+03 6.04000000e+03 6.11800000e+03
  6.15600000e+03 6.23200000e+03 6.27200000e+03 6.27400000e+03
  6.31400000e+03 6.40600000e+03 6.47900000e+03 6.56500000e+03]
 [4.07200000e+03 4.15700000e+03 4.18500000e+03 5.46300000e+03
  5.70500000e+03 5.75100000e+03 5.81400000e+03 5.89000000e+03
  5.91000000e+03 5.91500000e+03 5.97200000e+03 5.98100000e+03
  6.05200000e+03 6.08600000e+03 6.11300000e+03 6.20000000e+03
  6.22400000e+03 6.28700000e+03 6.29300000e+03 6.35900000e+03]
 [3.95200000e+03 4.01600000e+03 4.04100000e+03 4.10800000e+03
  5.17600000e+03 5.27300000e+03 5.28100000e+03 5.30400000e+03
  5.38800000e+03 5.46200000e+03 5.53700000e+03 5.55500000e+03
  5.60800000e+03 5.63900000e+03 5.70500000e+03 5.75400000e+03
  5.80500000e+03 5.83400000e+03 5.89000000e+03 5.92400000e+03]
 [2.81800000e+03 2.85700000e+03 3.96800000e+03 4.11900000e+03
  4.91300000e+03 5.01000000e+03 5.08900000e+03 5.17600000e+03
  5.21600000e+03 5.21800000e+03 5.31500000e+03 5.36200000e+03
  5.40900000e+03 5.45400000e+03 5.51900000e+03 5.65500000e+03
  5.75100000e+03 5.75900000e+03 5.80100000e+03 5.87500000e+03]
 [4.70000000e+01 3.72900000e+03 3.81200000e+03 3.84200000e+03
  3.93400000e+03 4.02100000e+03 4.07200000e+03 4.16300000e+03
  4.20200000e+03 4.26600000e+03 4.33100000e+03 4.37900000e+03
  4.44700000e+03 4.48900000e+03 4.49900000e+03 4.58500000e+03
  4.68100000e+03 4.77900000e+03 4.81400000e+03 4.86500000e+03]
 [1.55500000e+03 1.65300000e+03 3.00500000e+03 3.06500000e+03
  3.08800000e+03 3.14000000e+03 3.22400000e+03 3.26200000e+03
  3.26500000e+03 3.26600000e+03 3.31200000e+03 3.35600000e+03
  3.64000000e+03 3.72000000e+03 3.72900000e+03 3.76100000e+03
  3.78000000e+03 3.84700000e+03 3.85700000e+03 3.86900000e+03]
 [1.49200000e+03 1.96600000e+03 2.28600000e+03 3.34900000e+03
  3.38700000e+03 3.44500000e+03 3.45400000e+03 3.54200000e+03
  3.60500000e+03 3.61400000e+03 3.64900000e+03 3.65300000e+03
  3.66600000e+03 3.72000000e+03 3.81400000e+03 3.90300000e+03
  3.98200000e+03 4.05600000e+03 4.08700000e+03 4.16300000e+03]
 [8.05000000e+02 2.26800000e+03 2.28600000e+03 2.37700000e+03
  2.42900000e+03 2.67300000e+03 2.75700000e+03 2.81000000e+03
  2.83000000e+03 2.92000000e+03 3.00700000e+03 3.03900000e+03
  3.06000000e+03 3.12700000e+03 3.14000000e+03 3.20000000e+03
  3.27500000e+03 3.31300000e+03 3.74800000e+03 3.76700000e+03]
 [1.34000000e+02 3.77000000e+02 9.46000000e+02 2.46300000e+03
  2.52500000e+03 2.56800000e+03 2.63300000e+03 2.64200000e+03
  2.67300000e+03 2.73900000e+03 2.78100000e+03 2.78700000e+03
  2.91300000e+03 2.96000000e+03 2.96900000e+03 2.99900000e+03
  3.08500000e+03 3.15800000e+03 3.17800000e+03 3.58100000e+03]
 [1.60000000e+01 1.69800000e+03 1.73400000e+03 1.82500000e+03
  1.89700000e+03 1.95800000e+03 1.96600000e+03 2.04400000e+03
  2.10000000e+03 2.12400000e+03 2.14400000e+03 2.15600000e+03
  2.20700000e+03 2.26800000e+03 2.35900000e+03 2.37600000e+03
  2.38900000e+03 2.46300000e+03 2.52600000e+03 2.53500000e+03]
 [8.10000000e+01 5.81000000e+02 5.92000000e+02 1.00500000e+03
  1.04500000e+03 1.51200000e+03 1.52100000e+03 1.52800000e+03
  1.61600000e+03 1.63500000e+03 1.65300000e+03 1.69800000e+03
  1.75200000e+03 1.83800000e+03 1.87600000e+03 1.88500000e+03
  1.89200000e+03 1.96600000e+03 2.70200000e+03 2.77700000e+03]
 [0.00000000e+00 8.40000000e+01 2.85000000e+02 3.57000000e+02
  4.01000000e+02 8.04000000e+02 8.93000000e+02 9.85000000e+02
  1.06800000e+03 1.12500000e+03 1.18800000e+03 1.25800000e+03
  1.36300000e+03 1.37500000e+03 1.41900000e+03 1.52100000e+03
  1.52800000e+03 1.56000000e+03 1.70800000e+03 1.77600000e+03]
 [0.00000000e+00 6.53000000e+02 7.41000000e+02 7.44000000e+02
  7.48000000e+02 8.04000000e+02 8.05000000e+02 9.00000000e+02
  9.31000000e+02 9.85000000e+02 1.00500000e+03 1.05600000e+03
  1.14400000e+03 1.22600000e+03 1.29400000e+03 1.36300000e+03
  1.37800000e+03 1.45000000e+03 1.45300000e+03 1.51200000e+03]
 [0.00000000e+00 9.20000000e+01 1.80000000e+02 2.20000000e+02
  2.67000000e+02 3.47000000e+02 3.70000000e+02 3.77000000e+02
  4.75000000e+02 4.77000000e+02 5.67000000e+02 6.41000000e+02
  6.64000000e+02 7.57000000e+02 8.51000000e+02 8.97000000e+02
  9.46000000e+02 9.55000000e+02 1.28600000e+03 1.36900000e+03]
 [0.00000000e+00 8.40000000e+01 1.52000000e+02 2.29000000e+02
  2.83000000e+02 3.28000000e+02 3.98000000e+02 4.32000000e+02
  4.96000000e+02 5.51000000e+02 6.17000000e+02 6.33000000e+02
  6.44000000e+02 6.53000000e+02 7.57000000e+02 8.11000000e+02
  8.34000000e+02 8.97000000e+02 8.98000000e+02 9.89000000e+02]]
