optimal_status: 0
solution: 34847.0
cpu_time: 3603.759017944336
gap: 0.9496859030864951
upper_bound: 1753.2953351449034
lower_bound: 34847.0
cg_matrix: [[0. 1. 1. 0. 0. 0. 0. 1. 0. 0. 1. 0. 1. 0. 0. 1. 0. 1. 0. 0. 1. 1. 1. 1.
  0. 1. 1. 0. 0. 0. 0. 0. 1. 0. 0. 0. 0. 0. 1. 1. 0. 0. 1. 1. 1. 1. 1. 1.
  0. 0.]
 [1. 0. 1. 1. 0. 0. 0. 1. 1. 1. 0. 1. 1. 1. 0. 1. 0. 0. 0. 1. 1. 1. 0. 0.
  0. 0. 0. 1. 1. 0. 1. 1. 0. 0. 0. 1. 0. 0. 0. 1. 1. 1. 1. 1. 1. 1. 0. 0.
  0. 1.]
 [1. 1. 0. 0. 0. 0. 1. 0. 0. 1. 1. 1. 0. 1. 1. 1. 1. 1. 1. 1. 0. 0. 1. 1.
  0. 1. 0. 1. 1. 0. 1. 0. 1. 1. 1. 1. 1. 1. 1. 0. 0. 0. 0. 1. 1. 1. 1. 1.
  1. 1.]
 [0. 1. 0. 0. 0. 0. 1. 1. 0. 1. 0. 1. 0. 1. 0. 1. 1. 1. 1. 0. 0. 0. 1. 1.
  0. 0. 0. 1. 1. 1. 1. 0. 0. 0. 1. 0. 1. 0. 0. 0. 1. 1. 0. 0. 1. 1. 0. 0.
  1. 0.]
 [0. 0. 0. 0. 0. 0. 0. 0. 1. 1. 0. 1. 0. 0. 0. 1. 1. 0. 0. 1. 0. 1. 1. 1.
  1. 0. 1. 0. 0. 1. 0. 0. 1. 1. 1. 1. 0. 0. 0. 0. 0. 1. 0. 0. 0. 1. 0. 1.
  0. 1.]
 [0. 0. 0. 0. 0. 0. 0. 0. 0. 1. 1. 1. 0. 1. 0. 1. 1. 0. 1. 1. 0. 1. 0. 1.
  1. 1. 1. 0. 1. 0. 1. 0. 1. 1. 0. 1. 1. 0. 0. 0. 1. 1. 1. 0. 0. 0. 1. 1.
  1. 1.]
 [0. 0. 1. 1. 0. 0. 0. 0. 1. 1. 0. 1. 1. 1. 0. 0. 0. 0. 0. 1. 1. 1. 0. 1.
  0. 0. 1. 1. 0. 1. 0. 1. 0. 0. 0. 0. 1. 0. 0. 0. 1. 0. 0. 0. 0. 0. 0. 1.
  1. 0.]
 [1. 1. 0. 1. 0. 0. 0. 0. 0. 0. 0. 1. 1. 1. 1. 0. 0. 1. 0. 1. 1. 0. 1. 0.
  0. 0. 0. 1. 0. 0. 1. 1. 1. 1. 1. 0. 1. 1. 0. 1. 1. 1. 0. 0. 1. 1. 0. 0.
  0. 0.]
 [0. 1. 0. 0. 1. 0. 1. 0. 0. 0. 1. 1. 1. 0. 1. 0. 0. 0. 1. 0. 1. 0. 1. 0.
  1. 1. 0. 1. 0. 1. 0. 1. 1. 0. 1. 0. 1. 1. 0. 0. 0. 1. 0. 0. 1. 1. 1. 1.
  0. 1.]
 [0. 1. 1. 1. 1. 1. 1. 0. 0. 0. 0. 1. 1. 0. 1. 1. 0. 0. 1. 0. 1. 1. 1. 0.
  1. 1. 1. 1. 0. 1. 0. 0. 0. 0. 0. 0. 1. 0. 1. 0. 0. 0. 1. 1. 0. 0. 0. 0.
  0. 0.]
 [1. 0. 1. 0. 0. 1. 0. 0. 1. 0. 0. 1. 1. 0. 1. 1. 0. 1. 0. 0. 0. 0. 0. 0.
  0. 0. 1. 1. 1. 1. 0. 1. 0. 0. 0. 1. 1. 0. 1. 1. 1. 0. 0. 1. 0. 1. 1. 0.
  1. 1.]
 [0. 1. 1. 1. 1. 1. 1. 1. 1. 1. 1. 0. 0. 0. 1. 0. 1. 1. 1. 0. 0. 0. 1. 1.
  0. 0. 1. 0. 0. 0. 0. 1. 1. 0. 1. 1. 0. 0. 0. 1. 1. 0. 0. 0. 0. 1. 1. 0.
  0. 1.]
 [1. 1. 0. 0. 0. 0. 1. 1. 1. 1. 1. 0. 0. 0. 1. 1. 1. 0. 0. 0. 0. 0. 1. 1.
  1. 0. 0. 1. 0. 1. 0. 1. 0. 1. 0. 1. 0. 0. 1. 1. 1. 0. 1. 0. 0. 0. 0. 1.
  0. 1.]
 [0. 1. 1. 1. 0. 1. 1. 1. 0. 0. 0. 0. 0. 0. 0. 1. 1. 0. 1. 1. 1. 1. 0. 0.
  1. 1. 1. 1. 1. 0. 1. 0. 1. 0. 1. 1. 1. 0. 0. 0. 1. 1. 1. 1. 0. 0. 1. 1.
  0. 0.]
 [0. 0. 1. 0. 0. 0. 0. 1. 1. 1. 1. 1. 1. 0. 0. 0. 1. 1. 0. 1. 1. 0. 1. 1.
  0. 0. 1. 1. 1. 0. 0. 0. 0. 1. 0. 1. 0. 0. 0. 0. 0. 1. 1. 0. 1. 0. 0. 0.
  1. 1.]
 [1. 1. 1. 1. 1. 1. 0. 0. 0. 1. 1. 0. 1. 1. 0. 0. 1. 1. 1. 1. 0. 1. 0. 1.
  1. 1. 1. 1. 1. 0. 0. 1. 0. 1. 0. 1. 0. 1. 1. 1. 1. 0. 0. 1. 0. 0. 1. 0.
  1. 0.]
 [0. 0. 1. 1. 1. 1. 0. 0. 0. 0. 0. 1. 1. 1. 1. 1. 0. 1. 0. 0. 0. 0. 0. 0.
  1. 1. 0. 0. 0. 0. 0. 0. 0. 1. 1. 0. 1. 0. 1. 0. 0. 0. 0. 1. 0. 0. 1. 1.
  0. 0.]
 [1. 0. 1. 1. 0. 0. 0. 1. 0. 0. 1. 1. 0. 0. 1. 1. 1. 0. 0. 0. 1. 1. 0. 0.
  0. 0. 0. 1. 1. 0. 0. 1. 0. 0. 1. 1. 1. 0. 0. 1. 1. 1. 0. 1. 1. 1. 0. 0.
  0. 0.]
 [0. 0. 1. 1. 0. 1. 0. 0. 1. 1. 0. 1. 0. 1. 0. 1. 0. 0. 0. 0. 1. 1. 0. 1.
  1. 0. 1. 1. 0. 0. 1. 1. 1. 0. 0. 1. 0. 1. 0. 1. 1. 0. 0. 0. 1. 0. 1. 0.
  0. 0.]
 [0. 1. 1. 0. 1. 1. 1. 1. 0. 0. 0. 0. 0. 1. 1. 1. 0. 0. 0. 0. 1. 0. 0. 1.
  1. 1. 1. 1. 1. 0. 0. 0. 0. 0. 0. 0. 1. 1. 1. 1. 0. 0. 0. 1. 1. 1. 1. 0.
  0. 1.]
 [1. 1. 0. 0. 0. 0. 1. 1. 1. 1. 0. 0. 0. 1. 1. 0. 0. 1. 1. 1. 0. 0. 0. 0.
  0. 0. 0. 0. 0. 0. 0. 0. 0. 0. 0. 0. 0. 0. 0. 0. 0. 0. 0. 0. 0. 0. 0. 0.
  0. 0.]
 [1. 1. 0. 0. 1. 1. 1. 0. 0. 1. 0. 0. 0. 1. 0. 1. 0. 1. 1. 0. 0. 0. 0. 0.
  0. 0. 0. 0. 0. 0. 0. 0. 0. 0. 0. 0. 0. 0. 0. 0. 0. 0. 0. 0. 0. 0. 0. 0.
  0. 0.]
 [1. 0. 1. 1. 1. 0. 0. 1. 1. 1. 0. 1. 1. 0. 1. 0. 0. 0. 0. 0. 0. 0. 0. 0.
  0. 0. 0. 0. 0. 0. 0. 0. 0. 0. 0. 0. 0. 0. 0. 0. 0. 0. 0. 0. 0. 0. 0. 0.
  0. 0.]
 [1. 0. 1. 1. 1. 1. 1. 0. 0. 0. 0. 1. 1. 0. 1. 1. 0. 0. 1. 1. 0. 0. 0. 0.
  0. 0. 0. 0. 0. 0. 0. 0. 0. 0. 0. 0. 0. 0. 0. 0. 0. 0. 0. 0. 0. 0. 0. 0.
  0. 0.]
 [0. 0. 0. 0. 1. 1. 0. 0. 1. 1. 0. 0. 1. 1. 0. 1. 1. 0. 1. 1. 0. 0. 0. 0.
  0. 0. 0. 0. 0. 0. 0. 0. 0. 0. 0. 0. 0. 0. 0. 0. 0. 0. 0. 0. 0. 0. 0. 0.
  0. 0.]
 [1. 0. 1. 0. 0. 1. 0. 0. 1. 1. 0. 0. 0. 1. 0. 1. 1. 0. 0. 1. 0. 0. 0. 0.
  0. 0. 0. 0. 0. 0. 0. 0. 0. 0. 0. 0. 0. 0. 0. 0. 0. 0. 0. 0. 0. 0. 0. 0.
  0. 0.]
 [1. 0. 0. 0. 1. 1. 1. 0. 0. 1. 1. 1. 0. 1. 1. 1. 0. 0. 1. 1. 0. 0. 0. 0.
  0. 0. 0. 0. 0. 0. 0. 0. 0. 0. 0. 0. 0. 0. 0. 0. 0. 0. 0. 0. 0. 0. 0. 0.
  0. 0.]
 [0. 1. 1. 1. 0. 0. 1. 1. 1. 1. 1. 0. 1. 1. 1. 1. 0. 1. 1. 1. 0. 0. 0. 0.
  0. 0. 0. 0. 0. 0. 0. 0. 0. 0. 0. 0. 0. 0. 0. 0. 0. 0. 0. 0. 0. 0. 0. 0.
  0. 0.]
 [0. 1. 1. 1. 0. 1. 0. 0. 0. 0. 1. 0. 0. 1. 1. 1. 0. 1. 0. 1. 0. 0. 0. 0.
  0. 0. 0. 0. 0. 0. 0. 0. 0. 0. 0. 0. 0. 0. 0. 0. 0. 0. 0. 0. 0. 0. 0. 0.
  0. 0.]
 [0. 0. 0. 1. 1. 0. 1. 0. 1. 1. 1. 0. 1. 0. 0. 0. 0. 0. 0. 0. 0. 0. 0. 0.
  0. 0. 0. 0. 0. 0. 0. 0. 0. 0. 0. 0. 0. 0. 0. 0. 0. 0. 0. 0. 0. 0. 0. 0.
  0. 0.]
 [0. 1. 1. 1. 0. 1. 0. 1. 0. 0. 0. 0. 0. 1. 0. 0. 0. 0. 1. 0. 0. 0. 0. 0.
  0. 0. 0. 0. 0. 0. 0. 0. 0. 0. 0. 0. 0. 0. 0. 0. 0. 0. 0. 0. 0. 0. 0. 0.
  0. 0.]
 [0. 1. 0. 0. 0. 0. 1. 1. 1. 0. 1. 1. 1. 0. 0. 1. 0. 1. 1. 0. 0. 0. 0. 0.
  0. 0. 0. 0. 0. 0. 0. 0. 0. 0. 0. 0. 0. 0. 0. 0. 0. 0. 0. 0. 0. 0. 0. 0.
  0. 0.]
 [1. 0. 1. 0. 1. 1. 0. 1. 1. 0. 0. 1. 0. 1. 0. 0. 0. 0. 1. 0. 0. 0. 0. 0.
  0. 0. 0. 0. 0. 0. 0. 0. 0. 0. 0. 0. 0. 0. 0. 0. 0. 0. 0. 0. 0. 0. 0. 0.
  0. 0.]
 [0. 0. 1. 0. 1. 1. 0. 1. 0. 0. 0. 0. 1. 0. 1. 1. 1. 0. 0. 0. 0. 0. 0. 0.
  0. 0. 0. 0. 0. 0. 0. 0. 0. 0. 0. 0. 0. 0. 0. 0. 0. 0. 0. 0. 0. 0. 0. 0.
  0. 0.]
 [0. 0. 1. 1. 1. 0. 0. 1. 1. 0. 0. 1. 0. 1. 0. 0. 1. 1. 0. 0. 0. 0. 0. 0.
  0. 0. 0. 0. 0. 0. 0. 0. 0. 0. 0. 0. 0. 0. 0. 0. 0. 0. 0. 0. 0. 0. 0. 0.
  0. 0.]
 [0. 1. 1. 0. 1. 1. 0. 0. 0. 0. 1. 1. 1. 1. 1. 1. 0. 1. 1. 0. 0. 0. 0. 0.
  0. 0. 0. 0. 0. 0. 0. 0. 0. 0. 0. 0. 0. 0. 0. 0. 0. 0. 0. 0. 0. 0. 0. 0.
  0. 0.]
 [0. 0. 1. 1. 0. 1. 1. 1. 1. 1. 1. 0. 0. 1. 0. 0. 1. 1. 0. 1. 0. 0. 0. 0.
  0. 0. 0. 0. 0. 0. 0. 0. 0. 0. 0. 0. 0. 0. 0. 0. 0. 0. 0. 0. 0. 0. 0. 0.
  0. 0.]
 [0. 0. 1. 0. 0. 0. 0. 1. 1. 0. 0. 0. 0. 0. 0. 1. 0. 0. 1. 1. 0. 0. 0. 0.
  0. 0. 0. 0. 0. 0. 0. 0. 0. 0. 0. 0. 0. 0. 0. 0. 0. 0. 0. 0. 0. 0. 0. 0.
  0. 0.]
 [1. 0. 1. 0. 0. 0. 0. 0. 0. 1. 1. 0. 1. 0. 0. 1. 1. 0. 0. 1. 0. 0. 0. 0.
  0. 0. 0. 0. 0. 0. 0. 0. 0. 0. 0. 0. 0. 0. 0. 0. 0. 0. 0. 0. 0. 0. 0. 0.
  0. 0.]
 [1. 1. 0. 0. 0. 0. 0. 1. 0. 0. 1. 1. 1. 0. 0. 1. 0. 1. 1. 1. 0. 0. 0. 0.
  0. 0. 0. 0. 0. 0. 0. 0. 0. 0. 0. 0. 0. 0. 0. 0. 0. 0. 0. 0. 0. 0. 0. 0.
  0. 0.]
 [0. 1. 0. 1. 0. 1. 1. 1. 0. 0. 1. 1. 1. 1. 0. 1. 0. 1. 1. 0. 0. 0. 0. 0.
  0. 0. 0. 0. 0. 0. 0. 0. 0. 0. 0. 0. 0. 0. 0. 0. 0. 0. 0. 0. 0. 0. 0. 0.
  0. 0.]
 [0. 1. 0. 1. 1. 1. 0. 1. 1. 0. 0. 0. 0. 1. 1. 0. 0. 1. 0. 0. 0. 0. 0. 0.
  0. 0. 0. 0. 0. 0. 0. 0. 0. 0. 0. 0. 0. 0. 0. 0. 0. 0. 0. 0. 0. 0. 0. 0.
  0. 0.]
 [1. 1. 0. 0. 0. 1. 0. 0. 0. 1. 0. 0. 1. 1. 1. 0. 0. 0. 0. 0. 0. 0. 0. 0.
  0. 0. 0. 0. 0. 0. 0. 0. 0. 0. 0. 0. 0. 0. 0. 0. 0. 0. 0. 0. 0. 0. 0. 0.
  0. 0.]
 [1. 1. 1. 0. 0. 0. 0. 0. 0. 1. 1. 0. 0. 1. 0. 1. 1. 1. 0. 1. 0. 0. 0. 0.
  0. 0. 0. 0. 0. 0. 0. 0. 0. 0. 0. 0. 0. 0. 0. 0. 0. 0. 0. 0. 0. 0. 0. 0.
  0. 0.]
 [1. 1. 1. 1. 0. 0. 0. 1. 1. 0. 0. 0. 0. 0. 1. 0. 0. 1. 1. 1. 0. 0. 0. 0.
  0. 0. 0. 0. 0. 0. 0. 0. 0. 0. 0. 0. 0. 0. 0. 0. 0. 0. 0. 0. 0. 0. 0. 0.
  0. 0.]
 [1. 1. 1. 1. 1. 0. 0. 1. 1. 0. 1. 1. 0. 0. 0. 0. 0. 1. 0. 1. 0. 0. 0. 0.
  0. 0. 0. 0. 0. 0. 0. 0. 0. 0. 0. 0. 0. 0. 0. 0. 0. 0. 0. 0. 0. 0. 0. 0.
  0. 0.]
 [1. 0. 1. 0. 0. 1. 0. 0. 1. 0. 1. 1. 0. 1. 0. 1. 1. 0. 1. 1. 0. 0. 0. 0.
  0. 0. 0. 0. 0. 0. 0. 0. 0. 0. 0. 0. 0. 0. 0. 0. 0. 0. 0. 0. 0. 0. 0. 0.
  0. 0.]
 [1. 0. 1. 0. 1. 1. 1. 0. 1. 0. 0. 0. 1. 1. 0. 0. 1. 0. 0. 0. 0. 0. 0. 0.
  0. 0. 0. 0. 0. 0. 0. 0. 0. 0. 0. 0. 0. 0. 0. 0. 0. 0. 0. 0. 0. 0. 0. 0.
  0. 0.]
 [0. 0. 1. 1. 0. 1. 1. 0. 0. 0. 1. 0. 0. 0. 1. 1. 0. 0. 0. 0. 0. 0. 0. 0.
  0. 0. 0. 0. 0. 0. 0. 0. 0. 0. 0. 0. 0. 0. 0. 0. 0. 0. 0. 0. 0. 0. 0. 0.
  0. 0.]
 [0. 1. 1. 0. 1. 1. 0. 0. 1. 0. 1. 1. 1. 0. 1. 0. 0. 0. 0. 1. 0. 0. 0. 0.
  0. 0. 0. 0. 0. 0. 0. 0. 0. 0. 0. 0. 0. 0. 0. 0. 0. 0. 0. 0. 0. 0. 0. 0.
  0. 0.]]
start_times_array: [[33496.         33890.         33916.         33932.
  33946.         33989.         34017.         34103.
  34195.         34227.         34300.         34361.
  34374.         34422.         34492.         34560.
  34616.         34700.         34723.         34817.        ]
 [32711.         32788.         32820.         32875.
  32897.         32980.         32999.         33048.
  33128.         33155.         33224.         33270.
  33356.         33407.         33408.         33580.
  33657.         33755.         33803.         33827.        ]
 [31612.         31648.         31716.         31758.
  31803.         31882.         31955.         31969.
  32051.         32066.         32101.         32193.
  32203.         32246.         32264.         32337.
  32406.         32461.         32524.         32613.        ]
 [31152.         31329.         31352.         31381.
  31389.         31482.         31501.         31565.
  31612.         31631.         31635.         31719.
  31791.         31793.         31882.         31959.
  31971.         32063.         32130.         32207.        ]
 [28998.         30035.         30102.         30611.
  30620.         30709.         30767.         30783.
  30929.         30959.         31017.         31045.
  31115.         31197.         31227.         31311.
  31316.         31329.         31332.         31828.        ]
 [28280.         28314.         29590.         30104.
  30121.         30206.         30219.         30420.
  30427.         30465.         30527.         30573.
  30602.         30689.         30712.         30756.
  30849.         30864.         30873.         30929.        ]
 [28973.         29231.         29302.         29365.
  29667.         29685.         29733.         29780.
  29830.         29912.         30006.         30028.
  30035.         30104.         30172.         30206.
  30281.         30294.         30349.         30360.        ]
 [27076.         28034.         28269.         28973.
  28975.         29065.         29097.         29151.
  29191.         29231.         29234.         29254.
  29322.         29406.         29446.         29537.
  29590.         29718.         29899.99999652 30008.        ]
 [27851.         27920.         28054.         28103.
  28225.         28276.         28372.         28466.
  28564.         28647.         28695.         28701.
  28723.         28773.         28797.         28833.
  28854.         28871.         28919.         28977.        ]
 [26482.         27187.         27318.         27410.
  27457.         27556.         27641.         27661.
  27751.         27752.         27772.         27808.
  27866.         27868.         27954.         27996.
  28034.         28103.         28182.         28225.        ]
 [26362.         26448.         26469.         26564.
  26617.         26692.         26782.         26876.
  26919.         26991.         27029.         27089.
  27119.         27125.         27200.         27231.
  27318.         27381.         27405.         27805.        ]
 [24829.         24834.         24882.         24970.
  25097.         25181.         25543.         25544.
  25623.         25718.         25760.         25781.
  25850.         25939.         26007.         26063.
  26093.         26189.         26287.         26424.        ]
 [24568.         24626.         24749.         24802.
  24887.         24907.         24922.         24966.
  25063.         25087.         25099.         25197.
  25250.         25317.         25327.         25418.
  25465.         25713.         25718.         26178.        ]
 [24000.         24055.         24085.         24174.
  24208.         24211.         24269.         24287.
  24307.         24340.         24402.         24472.
  24559.         24614.         24705.         24749.
  24782.         24804.         24824.         25052.00021647]
 [23343.         23511.         23599.         23693.
  23727.         23731.         23809.         23819.
  23886.         23963.         24016.         24083.
  24174.         24198.         24228.         24304.
  24374.         24430.         24519.         24675.        ]
 [22826.         22998.         23058.         23087.
  23132.         23196.         23269.         23331.
  23342.         23373.         23450.         23511.
  23531.         23585.         23622.         23639.
  23670.         23788.         23886.         23906.        ]
 [21824.         21838.         21928.         22001.
  22085.         22160.         22249.         22290.
  22349.         22407.         22451.         22472.
  22533.         22624.         22649.         22697.
  22709.         22746.         22921.         23007.        ]
 [19696.         19743.         20168.         20179.
  20450.         20454.         20463.         20558.
  20580.         20738.         21115.         21179.
  21198.         21267.         21350.         21441.
  21475.         21555.         21649.         21742.        ]
 [19696.         19788.         19867.         19941.
  20003.         20100.         20168.         20474.
  20552.         20574.         20615.         20673.
  20772.         20824.         20891.         20939.
  20972.         21020.         21078.         21159.        ]
 [19696.         19716.         19812.         19876.
  19971.         19977.         20003.         20042.
  20068.         20160.         20172.         20237.
  20251.         20322.         20353.         20450.
  20474.         20559.         20648.         20659.        ]
 [17910.         18681.         18763.         18799.
  18851.         18945.         19032.         19039.
  19104.         19144.         19205.         19284.
  19286.         19293.         19364.         19413.
  19431.         19492.         19561.         19611.        ]
 [15467.         17719.         17769.         17857.
  17947.         17982.         18002.         18071.
  18159.         18202.         18296.         18347.
  18441.         18453.         18543.         18579.
  18582.         18681.         18718.         18726.        ]
 [16563.         16606.         16899.         16991.
  17052.         17063.         17116.         17170.
  17224.         17266.         17429.         17515.
  17549.         17556.         17616.         17668.
  17764.         17825.         17880.         18002.        ]
 [12670.         16263.         16334.         16394.
  16467.         16800.         16899.         16921.
  16995.         17075.         17154.         17251.
  17344.         17429.         17501.         17597.
  17649.         17719.         17730.         17825.        ]
 [15185.         15702.         15741.         15792.
  15841.         16363.         16381.         16475.
  16563.         16609.         16707.         16773.
  16780.         16800.         16853.         16862.
  16869.         16883.         16968.         17154.        ]
 [15292.         15390.         15481.         15559.
  15602.         15657.         15702.         15761.
  15838.         15869.         15960.         16020.
  16081.         16143.         16202.         16291.
  16316.         16334.         16363.         16412.        ]
 [13567.         13593.         14168.         14175.
  14430.         14505.         14508.         14536.
  14556.         14614.         15019.         15057.
  15115.         15185.         15260.         15266.
  15292.         15318.         15372.         15467.        ]
 [13929.         14264.         14335.         14357.
  14413.         14430.         14444.         14509.
  14599.         14628.         14675.         14683.
  14722.         14731.         14789.         14884.
  14909.         14910.         14975.         15019.        ]
 [13397.         13459.         13538.         13608.
  13651.         13746.         13788.         13794.
  13882.         13887.         13899.         13953.
  13971.         14054.         14081.         14119.
  14168.         14262.         14357.         14435.        ]
 [ 7550.         11887.         13173.         13243.
  13253.         13278.         13303.         13375.
  13444.         13459.         13476.         13507.
  13567.         13636.         13675.         13729.
  13794.         13882.         13929.         14712.        ]
 [10909.         12480.         12577.         12588.
  12621.         12670.         12752.         12828.
  12839.         12891.         12911.         12946.
  13019.         13100.         13142.         13146.
  13173.         13187.         13260.         13270.        ]
 [10968.         11022.         11514.         11566.
  11591.         11864.         11887.         11925.
  11984.         12006.         12051.         12117.
  12211.         12268.         12350.         12401.
  12455.         12480.         12577.         12632.        ]
 [ 9510.         10565.         10627.         10850.
  10945.         11013.         11103.         11179.
  11263.         11300.         11338.         11368.
  11390.         11418.         11508.         11514.
  11605.         11678.         11771.         11826.        ]
 [10104.         10182.         10199.         10240.
  10309.         10403.         10486.         10510.
  10565.         10627.         10654.         10678.
  10748.         10798.         10819.         10870.
  10889.         10909.         10968.         11013.        ]
 [ 9375.          9765.          9850.          9978.
  10025.         10091.         10172.         10216.
  10257.         10275.         10360.         10416.
  10418.         10499.         10500.         10536.
  10597.         10622.         10633.         11012.        ]
 [ 7807.          8964.          9029.          9040.
   9254.          9291.          9317.          9406.
   9561.          9571.          9685.          9747.
   9777.          9801.          9880.          9978.
  10039.         10104.         10360.         10387.        ]
 [ 8892.          8906.          8953.          8964.
   8993.          9011.          9050.          9071.
   9151.          9192.          9254.          9326.
   9375.          9427.          9510.          9546.
   9577.          9628.          9685.          9718.        ]
 [ 7530.          7539.          8265.          8307.
   8346.          8352.          8419.          8478.
   8569.          8650.          8740.          8747.
   8796.          8892.          8943.          8981.
   9037.          9084.          9179.          9202.        ]
 [ 6803.          6881.          6977.          7406.
   7441.          7539.          7549.          7550.
   7632.          7688.          7719.          7807.
   7859.          7955.          8030.          8084.
   8096.          8159.          8203.          8246.        ]
 [ 4631.          4666.          6485.          6525.
   6577.          6669.          6746.          6803.
   6869.          6905.          6912.          6918.
   6987.          7071.          7125.          7178.
   7275.          7313.          7406.          7434.        ]
 [ 3542.          4107.          4521.          4538.
   5482.          5569.          5693.          5715.
   5887.          5944.          5949.          5971.
   5982.          6058.          6151.          6162.
   6225.          6314.          6410.          6425.        ]
 [ 4394.          4442.          5239.          5252.
   5328.          5405.          5414.          5474.
   5482.          5569.          5598.          5654.
   5693.          5775.          5809.          5829.
   5887.          5928.          5976.          6032.        ]
 [ 3552.          4030.          4395.          4991.
   5051.          5102.          5153.          5209.
   5239.          5289.          5328.          5353.
   5443.          5457.          5524.          5598.
   5640.          5668.          5704.          5711.        ]
 [ 3934.          3962.          4030.          4121.
   4133.          4206.          4280.          4356.
   4415.          4475.          4495.          4578.
   4666.          4691.          4768.          4833.
   4877.          4907.          4991.          5019.        ]
 [ 3190.          3222.          3233.          3309.
   3336.          3475.          3542.          3575.
   3592.          3604.          3662.          3718.
   3749.          3845.          3934.          3962.
   3995.          4070.          4280.          4320.        ]
 [ 2923.          3013.          3014.          3082.
   3086.          3181.          3190.          3251.
   3296.          3359.          3394.          3475.
   3552.          3561.          3614.          3658.
   3717.          3813.          3889.          3983.        ]
 [  162.          2097.          2176.          2236.
   2334.          2337.          2341.          2389.
   2461.          2502.          2592.          2686.
   2697.          2727.          2737.          2778.
   2857.          2923.          2934.          3021.        ]
 [    0.            91.           156.           236.
    443.          1248.          1510.          1580.
   1678.          1758.          1805.          1814.
   1821.          1888.          1910.          2005.
   2016.          2072.          2097.          2161.        ]
 [  321.           872.           947.           959.
   1010.          1055.          1078.          1130.
   1207.          1283.          1331.          1383.
   1436.          1489.          1507.          1510.
   1528.          1678.          1776.          1847.        ]
 [    0.            64.            84.           173.
    200.           205.           252.           344.
    367.           445.           509.           586.
    598.           647.           687.           690.
    750.           804.           841.           856.        ]]
