optimal_status: 0
solution: 37009.0
cpu_time: 3604.2485110759735
gap: 0.9644941898118673
upper_bound: 1314.034529252604
lower_bound: 37009.0
cg_matrix: [[0. 1. 1. 1. 1. 1. 0. 1. 1. 1. 0. 1. 1. 1. 1. 0. 1. 1. 1. 1. 1. 1. 1. 1.
  1. 1. 1. 1. 1. 0. 1. 1. 1. 1. 1. 0. 1. 0. 1. 1. 1. 1. 1. 1. 1. 1. 1. 0.
  1. 1.]
 [1. 0. 0. 1. 0. 0. 0. 1. 0. 0. 1. 1. 1. 1. 1. 1. 1. 0. 0. 1. 1. 1. 1. 1.
  1. 0. 0. 0. 0. 1. 1. 1. 1. 0. 1. 1. 1. 1. 0. 1. 1. 1. 1. 0. 1. 1. 1. 1.
  0. 1.]
 [1. 0. 0. 0. 1. 1. 0. 1. 1. 0. 1. 1. 1. 1. 1. 0. 1. 1. 0. 1. 1. 1. 0. 0.
  1. 1. 1. 1. 0. 1. 0. 1. 1. 1. 0. 1. 1. 1. 0. 1. 0. 1. 1. 1. 1. 1. 0. 1.
  1. 1.]
 [1. 1. 0. 0. 1. 1. 1. 1. 0. 1. 1. 1. 1. 1. 1. 1. 0. 1. 1. 1. 1. 0. 1. 0.
  1. 0. 1. 1. 1. 1. 1. 1. 1. 1. 1. 1. 1. 1. 1. 0. 1. 1. 1. 0. 1. 1. 1. 1.
  0. 1.]
 [1. 0. 1. 1. 0. 1. 0. 1. 1. 1. 1. 0. 1. 1. 1. 0. 0. 1. 1. 1. 1. 1. 0. 1.
  1. 1. 1. 0. 1. 1. 1. 0. 0. 1. 1. 1. 1. 1. 1. 1. 0. 1. 1. 1. 1. 0. 1. 1.
  1. 1.]
 [1. 0. 1. 1. 1. 0. 0. 1. 0. 1. 0. 1. 0. 0. 0. 0. 1. 0. 1. 1. 1. 1. 1. 1.
  1. 1. 0. 1. 1. 1. 1. 1. 0. 0. 1. 1. 1. 0. 1. 1. 1. 0. 1. 0. 1. 0. 1. 1.
  0. 1.]
 [0. 0. 0. 1. 0. 0. 0. 1. 1. 1. 0. 1. 1. 1. 0. 0. 1. 1. 0. 1. 1. 0. 1. 1.
  1. 1. 1. 1. 0. 0. 1. 1. 1. 1. 1. 1. 1. 1. 1. 1. 0. 0. 1. 1. 1. 1. 1. 1.
  1. 1.]
 [1. 1. 1. 1. 1. 1. 1. 0. 0. 1. 1. 0. 1. 1. 0. 1. 1. 1. 1. 1. 1. 1. 1. 0.
  1. 0. 1. 1. 0. 1. 0. 0. 1. 1. 1. 1. 1. 1. 1. 0. 0. 0. 1. 1. 0. 1. 1. 1.
  1. 1.]
 [1. 0. 1. 0. 1. 0. 1. 0. 0. 1. 1. 1. 1. 1. 1. 1. 0. 1. 1. 0. 0. 0. 1. 1.
  0. 1. 1. 1. 1. 1. 0. 1. 1. 1. 1. 0. 0. 1. 1. 1. 1. 0. 1. 1. 1. 0. 1. 1.
  1. 1.]
 [1. 0. 0. 1. 1. 1. 1. 1. 1. 0. 1. 1. 1. 0. 1. 1. 1. 1. 1. 1. 0. 0. 1. 1.
  1. 1. 1. 1. 1. 1. 1. 0. 1. 0. 0. 0. 1. 1. 1. 1. 1. 1. 1. 1. 1. 0. 1. 1.
  1. 1.]
 [0. 1. 1. 1. 1. 0. 0. 1. 1. 1. 0. 1. 1. 0. 1. 0. 1. 1. 0. 1. 1. 1. 1. 1.
  1. 1. 0. 1. 0. 1. 1. 1. 1. 1. 1. 0. 0. 1. 1. 1. 1. 1. 0. 1. 1. 1. 1. 1.
  1. 1.]
 [1. 1. 1. 1. 0. 1. 1. 0. 1. 1. 1. 0. 1. 1. 0. 1. 1. 1. 1. 1. 1. 0. 1. 1.
  0. 1. 0. 0. 1. 0. 1. 1. 1. 1. 1. 1. 1. 1. 1. 1. 1. 1. 0. 1. 1. 1. 0. 1.
  1. 1.]
 [1. 1. 1. 1. 1. 0. 1. 1. 1. 1. 1. 1. 0. 1. 1. 0. 1. 1. 1. 1. 1. 1. 0. 0.
  1. 0. 1. 1. 1. 1. 1. 1. 1. 1. 1. 1. 1. 1. 1. 0. 1. 1. 1. 1. 1. 1. 1. 1.
  1. 1.]
 [1. 1. 1. 1. 1. 0. 1. 1. 1. 0. 0. 1. 1. 0. 1. 0. 1. 1. 1. 1. 1. 1. 1. 0.
  1. 1. 1. 1. 0. 1. 1. 1. 1. 1. 1. 1. 1. 0. 1. 0. 1. 1. 1. 0. 0. 0. 1. 1.
  1. 1.]
 [1. 1. 1. 1. 1. 0. 0. 0. 1. 1. 1. 0. 1. 1. 0. 1. 1. 1. 1. 1. 1. 1. 0. 1.
  1. 1. 1. 1. 1. 1. 1. 1. 1. 0. 1. 1. 1. 1. 0. 1. 1. 1. 1. 1. 0. 0. 0. 1.
  1. 1.]
 [0. 1. 0. 1. 0. 0. 0. 1. 1. 1. 0. 1. 0. 0. 1. 0. 1. 1. 1. 0. 1. 1. 1. 0.
  0. 1. 1. 0. 0. 1. 1. 1. 0. 1. 1. 1. 1. 1. 1. 1. 1. 1. 1. 1. 1. 1. 0. 0.
  1. 1.]
 [1. 1. 1. 0. 0. 1. 1. 1. 0. 1. 1. 1. 1. 1. 1. 1. 0. 1. 0. 1. 0. 0. 1. 1.
  1. 1. 1. 0. 1. 1. 1. 1. 1. 0. 1. 1. 1. 1. 0. 1. 0. 1. 0. 1. 1. 1. 0. 1.
  1. 1.]
 [1. 0. 1. 1. 1. 0. 1. 1. 1. 1. 1. 1. 1. 1. 1. 1. 1. 0. 1. 1. 1. 1. 1. 1.
  1. 1. 1. 0. 1. 1. 0. 1. 1. 1. 1. 0. 0. 0. 1. 1. 1. 0. 0. 1. 1. 1. 1. 1.
  1. 1.]
 [1. 0. 0. 1. 1. 1. 0. 1. 1. 1. 0. 1. 1. 1. 1. 1. 0. 1. 0. 1. 0. 1. 1. 1.
  1. 0. 0. 1. 1. 1. 1. 1. 1. 1. 1. 1. 0. 1. 1. 1. 0. 0. 1. 1. 1. 0. 1. 0.
  0. 1.]
 [1. 1. 1. 1. 1. 1. 1. 1. 0. 1. 1. 1. 1. 1. 1. 0. 1. 1. 1. 0. 0. 1. 0. 1.
  1. 1. 1. 1. 1. 1. 1. 1. 1. 1. 0. 1. 1. 1. 1. 1. 0. 1. 0. 1. 1. 1. 1. 1.
  1. 1.]
 [1. 1. 1. 1. 1. 1. 1. 1. 0. 0. 1. 1. 1. 1. 1. 1. 0. 1. 0. 0. 0. 0. 0. 0.
  0. 0. 0. 0. 0. 0. 0. 0. 0. 0. 0. 0. 0. 0. 0. 0. 0. 0. 0. 0. 0. 0. 0. 0.
  0. 0.]
 [1. 1. 1. 0. 1. 1. 0. 1. 0. 0. 1. 0. 1. 1. 1. 1. 0. 1. 1. 1. 0. 0. 0. 0.
  0. 0. 0. 0. 0. 0. 0. 0. 0. 0. 0. 0. 0. 0. 0. 0. 0. 0. 0. 0. 0. 0. 0. 0.
  0. 0.]
 [1. 1. 0. 1. 0. 1. 1. 1. 1. 1. 1. 1. 0. 1. 0. 1. 1. 1. 1. 0. 0. 0. 0. 0.
  0. 0. 0. 0. 0. 0. 0. 0. 0. 0. 0. 0. 0. 0. 0. 0. 0. 0. 0. 0. 0. 0. 0. 0.
  0. 0.]
 [1. 1. 0. 0. 1. 1. 1. 0. 1. 1. 1. 1. 0. 0. 1. 0. 1. 1. 1. 1. 0. 0. 0. 0.
  0. 0. 0. 0. 0. 0. 0. 0. 0. 0. 0. 0. 0. 0. 0. 0. 0. 0. 0. 0. 0. 0. 0. 0.
  0. 0.]
 [1. 1. 1. 1. 1. 1. 1. 1. 0. 1. 1. 0. 1. 1. 1. 0. 1. 1. 1. 1. 0. 0. 0. 0.
  0. 0. 0. 0. 0. 0. 0. 0. 0. 0. 0. 0. 0. 0. 0. 0. 0. 0. 0. 0. 0. 0. 0. 0.
  0. 0.]
 [1. 0. 1. 0. 1. 1. 1. 0. 1. 1. 1. 1. 0. 1. 1. 1. 1. 1. 0. 1. 0. 0. 0. 0.
  0. 0. 0. 0. 0. 0. 0. 0. 0. 0. 0. 0. 0. 0. 0. 0. 0. 0. 0. 0. 0. 0. 0. 0.
  0. 0.]
 [1. 0. 1. 1. 1. 0. 1. 1. 1. 1. 0. 0. 1. 1. 1. 1. 1. 1. 0. 1. 0. 0. 0. 0.
  0. 0. 0. 0. 0. 0. 0. 0. 0. 0. 0. 0. 0. 0. 0. 0. 0. 0. 0. 0. 0. 0. 0. 0.
  0. 0.]
 [1. 0. 1. 1. 0. 1. 1. 1. 1. 1. 1. 0. 1. 1. 1. 0. 0. 0. 1. 1. 0. 0. 0. 0.
  0. 0. 0. 0. 0. 0. 0. 0. 0. 0. 0. 0. 0. 0. 0. 0. 0. 0. 0. 0. 0. 0. 0. 0.
  0. 0.]
 [1. 0. 0. 1. 1. 1. 0. 0. 1. 1. 0. 1. 1. 0. 1. 0. 1. 1. 1. 1. 0. 0. 0. 0.
  0. 0. 0. 0. 0. 0. 0. 0. 0. 0. 0. 0. 0. 0. 0. 0. 0. 0. 0. 0. 0. 0. 0. 0.
  0. 0.]
 [0. 1. 1. 1. 1. 1. 0. 1. 1. 1. 1. 0. 1. 1. 1. 1. 1. 1. 1. 1. 0. 0. 0. 0.
  0. 0. 0. 0. 0. 0. 0. 0. 0. 0. 0. 0. 0. 0. 0. 0. 0. 0. 0. 0. 0. 0. 0. 0.
  0. 0.]
 [1. 1. 0. 1. 1. 1. 1. 0. 0. 1. 1. 1. 1. 1. 1. 1. 1. 0. 1. 1. 0. 0. 0. 0.
  0. 0. 0. 0. 0. 0. 0. 0. 0. 0. 0. 0. 0. 0. 0. 0. 0. 0. 0. 0. 0. 0. 0. 0.
  0. 0.]
 [1. 1. 1. 1. 0. 1. 1. 0. 1. 0. 1. 1. 1. 1. 1. 1. 1. 1. 1. 1. 0. 0. 0. 0.
  0. 0. 0. 0. 0. 0. 0. 0. 0. 0. 0. 0. 0. 0. 0. 0. 0. 0. 0. 0. 0. 0. 0. 0.
  0. 0.]
 [1. 1. 1. 1. 0. 0. 1. 1. 1. 1. 1. 1. 1. 1. 1. 0. 1. 1. 1. 1. 0. 0. 0. 0.
  0. 0. 0. 0. 0. 0. 0. 0. 0. 0. 0. 0. 0. 0. 0. 0. 0. 0. 0. 0. 0. 0. 0. 0.
  0. 0.]
 [1. 0. 1. 1. 1. 0. 1. 1. 1. 0. 1. 1. 1. 1. 0. 1. 0. 1. 1. 1. 0. 0. 0. 0.
  0. 0. 0. 0. 0. 0. 0. 0. 0. 0. 0. 0. 0. 0. 0. 0. 0. 0. 0. 0. 0. 0. 0. 0.
  0. 0.]
 [1. 1. 0. 1. 1. 1. 1. 1. 1. 0. 1. 1. 1. 1. 1. 1. 1. 1. 1. 0. 0. 0. 0. 0.
  0. 0. 0. 0. 0. 0. 0. 0. 0. 0. 0. 0. 0. 0. 0. 0. 0. 0. 0. 0. 0. 0. 0. 0.
  0. 0.]
 [0. 1. 1. 1. 1. 1. 1. 1. 0. 0. 0. 1. 1. 1. 1. 1. 1. 0. 1. 1. 0. 0. 0. 0.
  0. 0. 0. 0. 0. 0. 0. 0. 0. 0. 0. 0. 0. 0. 0. 0. 0. 0. 0. 0. 0. 0. 0. 0.
  0. 0.]
 [1. 1. 1. 1. 1. 1. 1. 1. 0. 1. 0. 1. 1. 1. 1. 1. 1. 0. 0. 1. 0. 0. 0. 0.
  0. 0. 0. 0. 0. 0. 0. 0. 0. 0. 0. 0. 0. 0. 0. 0. 0. 0. 0. 0. 0. 0. 0. 0.
  0. 0.]
 [0. 1. 1. 1. 1. 0. 1. 1. 1. 1. 1. 1. 1. 0. 1. 1. 1. 0. 1. 1. 0. 0. 0. 0.
  0. 0. 0. 0. 0. 0. 0. 0. 0. 0. 0. 0. 0. 0. 0. 0. 0. 0. 0. 0. 0. 0. 0. 0.
  0. 0.]
 [1. 0. 0. 1. 1. 1. 1. 1. 1. 1. 1. 1. 1. 1. 0. 1. 0. 1. 1. 1. 0. 0. 0. 0.
  0. 0. 0. 0. 0. 0. 0. 0. 0. 0. 0. 0. 0. 0. 0. 0. 0. 0. 0. 0. 0. 0. 0. 0.
  0. 0.]
 [1. 1. 1. 0. 1. 1. 1. 0. 1. 1. 1. 1. 0. 0. 1. 1. 1. 1. 1. 1. 0. 0. 0. 0.
  0. 0. 0. 0. 0. 0. 0. 0. 0. 0. 0. 0. 0. 0. 0. 0. 0. 0. 0. 0. 0. 0. 0. 0.
  0. 0.]
 [1. 1. 0. 1. 0. 1. 0. 0. 1. 1. 1. 1. 1. 1. 1. 1. 0. 1. 0. 0. 0. 0. 0. 0.
  0. 0. 0. 0. 0. 0. 0. 0. 0. 0. 0. 0. 0. 0. 0. 0. 0. 0. 0. 0. 0. 0. 0. 0.
  0. 0.]
 [1. 1. 1. 1. 1. 0. 0. 0. 0. 1. 1. 1. 1. 1. 1. 1. 1. 0. 0. 1. 0. 0. 0. 0.
  0. 0. 0. 0. 0. 0. 0. 0. 0. 0. 0. 0. 0. 0. 0. 0. 0. 0. 0. 0. 0. 0. 0. 0.
  0. 0.]
 [1. 1. 1. 1. 1. 1. 1. 1. 1. 1. 0. 0. 1. 1. 1. 1. 0. 0. 1. 0. 0. 0. 0. 0.
  0. 0. 0. 0. 0. 0. 0. 0. 0. 0. 0. 0. 0. 0. 0. 0. 0. 0. 0. 0. 0. 0. 0. 0.
  0. 0.]
 [1. 0. 1. 0. 1. 0. 1. 1. 1. 1. 1. 1. 1. 0. 1. 1. 1. 1. 1. 1. 0. 0. 0. 0.
  0. 0. 0. 0. 0. 0. 0. 0. 0. 0. 0. 0. 0. 0. 0. 0. 0. 0. 0. 0. 0. 0. 0. 0.
  0. 0.]
 [1. 1. 1. 1. 1. 1. 1. 0. 1. 1. 1. 1. 1. 0. 0. 1. 1. 1. 1. 1. 0. 0. 0. 0.
  0. 0. 0. 0. 0. 0. 0. 0. 0. 0. 0. 0. 0. 0. 0. 0. 0. 0. 0. 0. 0. 0. 0. 0.
  0. 0.]
 [1. 1. 1. 1. 0. 0. 1. 1. 0. 0. 1. 1. 1. 0. 0. 1. 1. 1. 0. 1. 0. 0. 0. 0.
  0. 0. 0. 0. 0. 0. 0. 0. 0. 0. 0. 0. 0. 0. 0. 0. 0. 0. 0. 0. 0. 0. 0. 0.
  0. 0.]
 [1. 1. 0. 1. 1. 1. 1. 1. 1. 1. 1. 0. 1. 1. 0. 0. 0. 1. 1. 1. 0. 0. 0. 0.
  0. 0. 0. 0. 0. 0. 0. 0. 0. 0. 0. 0. 0. 0. 0. 0. 0. 0. 0. 0. 0. 0. 0. 0.
  0. 0.]
 [0. 1. 1. 1. 1. 1. 1. 1. 1. 1. 1. 1. 1. 1. 1. 0. 1. 1. 0. 1. 0. 0. 0. 0.
  0. 0. 0. 0. 0. 0. 0. 0. 0. 0. 0. 0. 0. 0. 0. 0. 0. 0. 0. 0. 0. 0. 0. 0.
  0. 0.]
 [1. 0. 1. 0. 1. 0. 1. 1. 1. 1. 1. 1. 1. 1. 1. 1. 1. 1. 0. 1. 0. 0. 0. 0.
  0. 0. 0. 0. 0. 0. 0. 0. 0. 0. 0. 0. 0. 0. 0. 0. 0. 0. 0. 0. 0. 0. 0. 0.
  0. 0.]
 [1. 1. 1. 1. 1. 1. 1. 1. 1. 1. 1. 1. 1. 1. 1. 1. 1. 1. 1. 1. 0. 0. 0. 0.
  0. 0. 0. 0. 0. 0. 0. 0. 0. 0. 0. 0. 0. 0. 0. 0. 0. 0. 0. 0. 0. 0. 0. 0.
  0. 0.]]
start_times_array: [[3.58780000e+04 3.59790000e+04 3.59820000e+04 3.60590000e+04
  3.61040000e+04 3.61460000e+04 3.62230000e+04 3.62650000e+04
  3.63430000e+04 3.63630000e+04 3.64440000e+04 3.64830000e+04
  3.65740000e+04 3.65870000e+04 3.66400000e+04 3.66700000e+04
  3.67650000e+04 3.68470000e+04 3.69170000e+04 3.69540000e+04]
 [3.48380000e+04 3.48940000e+04 3.50710000e+04 3.50920000e+04
  3.51350000e+04 3.51470000e+04 3.52410000e+04 3.53220000e+04
  3.53800000e+04 3.54000000e+04 3.54830000e+04 3.55240000e+04
  3.56080000e+04 3.56240000e+04 3.56300000e+04 3.56940000e+04
  3.57570000e+04 3.57730000e+04 3.57850000e+04 3.59400000e+04]
 [3.37420000e+04 3.38370000e+04 3.38520000e+04 3.45860000e+04
  3.46390000e+04 3.47060000e+04 3.47590000e+04 3.47850000e+04
  3.48250000e+04 3.48380000e+04 3.48770000e+04 3.49360000e+04
  3.50260000e+04 3.50710000e+04 3.51070000e+04 3.51400000e+04
  3.52160000e+04 3.52290000e+04 3.53010000e+04 3.53430000e+04]
 [3.36080000e+04 3.37420000e+04 3.38240000e+04 3.38870000e+04
  3.39530000e+04 3.39740000e+04 3.40400000e+04 3.41120000e+04
  3.41470000e+04 3.42210000e+04 3.42810000e+04 3.43730000e+04
  3.44010000e+04 3.44900000e+04 3.45480000e+04 3.45860000e+04
  3.46000000e+04 3.46890000e+04 3.47060000e+04 3.47940000e+04]
 [3.25190000e+04 3.25440000e+04 3.25820000e+04 3.25920000e+04
  3.26630000e+04 3.27430000e+04 3.27840000e+04 3.28600000e+04
  3.29520000e+04 3.30380000e+04 3.30710000e+04 3.31130000e+04
  3.32030000e+04 3.32210000e+04 3.32380000e+04 3.33290000e+04
  3.33530000e+04 3.34490000e+04 3.35310000e+04 3.36590000e+04]
 [3.10580323e+04 3.13490000e+04 3.13700000e+04 3.17770000e+04
  3.18710000e+04 3.19350000e+04 3.20020000e+04 3.20230000e+04
  3.20250000e+04 3.20830000e+04 3.21210000e+04 3.21330000e+04
  3.21440000e+04 3.22070000e+04 3.22340000e+04 3.23260000e+04
  3.23900000e+04 3.23990000e+04 3.24490000e+04 3.25040000e+04]
 [3.08190000e+04 3.09200000e+04 3.10190000e+04 3.10680000e+04
  3.11340000e+04 3.12110000e+04 3.12990000e+04 3.13410000e+04
  3.13490000e+04 3.14130000e+04 3.14150000e+04 3.15010000e+04
  3.15730000e+04 3.15990000e+04 3.16850000e+04 3.17360000e+04
  3.17370000e+04 3.17770000e+04 3.18100000e+04 3.18840000e+04]
 [2.92000000e+04 2.99640000e+04 3.00470000e+04 3.01010000e+04
  3.01200000e+04 3.01900000e+04 3.02060000e+04 3.02800000e+04
  3.03070000e+04 3.03910000e+04 3.04040000e+04 3.04100000e+04
  3.05070000e+04 3.05540000e+04 3.06410000e+04 3.06720000e+04
  3.07060000e+04 3.07430000e+04 3.08520000e+04 3.08830000e+04]
 [2.92000000e+04 2.92620000e+04 2.93580000e+04 2.93650000e+04
  2.94490000e+04 2.95190000e+04 2.95500000e+04 2.95850000e+04
  2.96220000e+04 2.97210000e+04 2.97850000e+04 2.98380000e+04
  2.98770000e+04 2.99440000e+04 2.99640000e+04 2.99790000e+04
  3.00320000e+04 3.01200000e+04 3.01900000e+04 3.02550000e+04]
 [2.81870000e+04 2.82830000e+04 2.83070000e+04 2.83950000e+04
  2.84560000e+04 2.84660000e+04 2.85430000e+04 2.85890000e+04
  2.86380000e+04 2.87290000e+04 2.87700000e+04 2.88070000e+04
  2.88760000e+04 2.89130000e+04 2.89980000e+04 2.90120000e+04
  2.90460000e+04 2.91290000e+04 2.91590000e+04 2.91960000e+04]
 [2.72620000e+04 2.72910000e+04 2.73350000e+04 2.73900000e+04
  2.74410000e+04 2.74900000e+04 2.75330000e+04 2.75340000e+04
  2.75660000e+04 2.76650000e+04 2.77140000e+04 2.77980000e+04
  2.78510000e+04 2.79080000e+04 2.79480000e+04 2.79580000e+04
  2.80160000e+04 2.80940000e+04 2.81210000e+04 2.81550000e+04]
 [2.62820000e+04 2.63660000e+04 2.64630000e+04 2.65000000e+04
  2.65630000e+04 2.66290000e+04 2.66690000e+04 2.67640000e+04
  2.68150000e+04 2.68230000e+04 2.68580000e+04 2.69210000e+04
  2.69380000e+04 2.70260000e+04 2.70410000e+04 2.70740000e+04
  2.70850000e+04 2.70950000e+04 2.71790000e+04 2.72340000e+04]
 [2.57100000e+04 2.57300000e+04 2.57370000e+04 2.57600000e+04
  2.57840000e+04 2.57950000e+04 2.58330000e+04 2.58890000e+04
  2.59620000e+04 2.59840000e+04 2.60130000e+04 2.60250000e+04
  2.61110000e+04 2.61120000e+04 2.61350000e+04 2.61410000e+04
  2.61860000e+04 2.62560000e+04 2.62810000e+04 2.62870000e+04]
 [2.47970000e+04 2.48550000e+04 2.49170000e+04 2.49720000e+04
  2.50510000e+04 2.51060000e+04 2.51330000e+04 2.52100000e+04
  2.52230000e+04 2.52760000e+04 2.53070000e+04 2.53180000e+04
  2.53990000e+04 2.54060000e+04 2.55000000e+04 2.55110000e+04
  2.55950000e+04 2.56000000e+04 2.56670000e+04 2.56860000e+04]
 [2.37390000e+04 2.38840000e+04 2.39100000e+04 2.40000000e+04
  2.40730000e+04 2.41010000e+04 2.41170000e+04 2.41470000e+04
  2.42160000e+04 2.42590000e+04 2.43070000e+04 2.43740000e+04
  2.44650000e+04 2.44680000e+04 2.44690000e+04 2.45620000e+04
  2.46140000e+04 2.46550000e+04 2.46860000e+04 2.47400000e+04]
 [2.26500000e+04 2.28070000e+04 2.28080000e+04 2.29000000e+04
  2.29830000e+04 2.30820000e+04 2.31460000e+04 2.31530000e+04
  2.31750000e+04 2.32040000e+04 2.32520000e+04 2.33220000e+04
  2.33910000e+04 2.34510000e+04 2.35020000e+04 2.35610000e+04
  2.35800000e+04 2.36050000e+04 2.36720000e+04 2.38130000e+04]
 [2.20790000e+04 2.20840000e+04 2.21300000e+04 2.21490000e+04
  2.22160000e+04 2.22570000e+04 2.22650000e+04 2.23160000e+04
  2.23270000e+04 2.23940000e+04 2.24620000e+04 2.25080000e+04
  2.25240000e+04 2.25420000e+04 2.25540000e+04 2.25650000e+04
  2.25760000e+04 2.26430000e+04 2.26450000e+04 2.27080000e+04]
 [2.10990000e+04 2.11460000e+04 2.11810000e+04 2.12380000e+04
  2.13070000e+04 2.14060000e+04 2.14220000e+04 2.15130000e+04
  2.15490000e+04 2.15630000e+04 2.16210000e+04 2.16310000e+04
  2.17220000e+04 2.17860000e+04 2.18300000e+04 2.19090000e+04
  2.19750000e+04 2.20060000e+04 2.20160000e+04 2.20720000e+04]
 [2.00890000e+04 2.01340000e+04 2.01830000e+04 2.02400000e+04
  2.03630000e+04 2.03970000e+04 2.04240000e+04 2.04980000e+04
  2.05860000e+04 2.06180000e+04 2.06220000e+04 2.07200000e+04
  2.07450000e+04 2.07520000e+04 2.08250000e+04 2.08710000e+04
  2.08850000e+04 2.09510000e+04 2.10380000e+04 2.10930000e+04]
 [1.88910000e+04 1.93280000e+04 1.93560000e+04 1.93600000e+04
  1.94290000e+04 1.94730000e+04 1.95310000e+04 1.96170000e+04
  1.96810000e+04 1.96970000e+04 1.97160000e+04 1.97250000e+04
  1.97500000e+04 1.97760000e+04 1.98400000e+04 1.98850000e+04
  1.98950000e+04 1.99900000e+04 2.01370000e+04 2.02840000e+04]
 [1.87710000e+04 1.88010000e+04 1.88100000e+04 1.88470000e+04
  1.89320000e+04 1.90010000e+04 1.90230000e+04 1.90460000e+04
  1.91430000e+04 1.91930000e+04 1.92290000e+04 1.92410000e+04
  1.92510000e+04 1.92940000e+04 1.92950000e+04 1.93280000e+04
  1.93350000e+04 1.93500000e+04 1.94290000e+04 1.94570000e+04]
 [1.72040000e+04 1.78990000e+04 1.79580000e+04 1.80500000e+04
  1.80810000e+04 1.81500000e+04 1.82030000e+04 1.82660000e+04
  1.83600000e+04 1.84340000e+04 1.84870000e+04 1.85540000e+04
  1.85780000e+04 1.85870000e+04 1.86180000e+04 1.87020000e+04
  1.87520000e+04 1.87710000e+04 1.88490000e+04 1.88520000e+04]
 [1.57980000e+04 1.75010000e+04 1.75120000e+04 1.75710000e+04
  1.75980000e+04 1.76770000e+04 1.77630000e+04 1.78140000e+04
  1.78610000e+04 1.78830000e+04 1.78990000e+04 1.79230000e+04
  1.80030000e+04 1.80080000e+04 1.80650000e+04 1.81440000e+04
  1.81860000e+04 1.82660000e+04 1.84490000e+04 1.86610000e+04]
 [1.69690000e+04 1.70360000e+04 1.70730000e+04 1.70910000e+04
  1.71670000e+04 1.71970000e+04 1.72850000e+04 1.73540000e+04
  1.73730000e+04 1.74020000e+04 1.74430000e+04 1.75010000e+04
  1.75090000e+04 1.75460000e+04 1.76630000e+04 1.76900000e+04
  1.77840000e+04 1.78760000e+04 1.78770000e+04 1.85320000e+04]
 [1.54380323e+04 1.59400000e+04 1.60250000e+04 1.61160000e+04
  1.63080000e+04 1.64220000e+04 1.64280000e+04 1.64970000e+04
  1.65010000e+04 1.65950000e+04 1.66670000e+04 1.67430000e+04
  1.68260000e+04 1.68470000e+04 1.68920000e+04 1.69020000e+04
  1.69860000e+04 1.70360000e+04 1.71100000e+04 1.71490000e+04]
 [1.50630000e+04 1.51420000e+04 1.52500000e+04 1.53410000e+04
  1.54100000e+04 1.54230000e+04 1.54950000e+04 1.55930000e+04
  1.56820000e+04 1.57740000e+04 1.58120000e+04 1.58880000e+04
  1.59580000e+04 1.59880000e+04 1.60730000e+04 1.61660000e+04
  1.62050000e+04 1.62080000e+04 1.62470000e+04 1.63350000e+04]
 [1.47620000e+04 1.48520000e+04 1.49300000e+04 1.49910000e+04
  1.50520000e+04 1.50860000e+04 1.50900000e+04 1.51420000e+04
  1.52010000e+04 1.52210000e+04 1.53120000e+04 1.53670000e+04
  1.54270000e+04 1.55200000e+04 1.56150000e+04 1.56700000e+04
  1.56820000e+04 1.57740000e+04 1.57960000e+04 1.65900000e+04]
 [1.41620000e+04 1.42250000e+04 1.43100000e+04 1.43860000e+04
  1.44580000e+04 1.44980000e+04 1.45400000e+04 1.45440000e+04
  1.46100000e+04 1.46730000e+04 1.47540000e+04 1.47620000e+04
  1.48230000e+04 1.48560000e+04 1.49540000e+04 1.50480000e+04
  1.51460000e+04 1.52180000e+04 1.53080000e+04 1.55940000e+04]
 [1.30030000e+04 1.30980000e+04 1.31030000e+04 1.31940000e+04
  1.32730000e+04 1.35880000e+04 1.36750000e+04 1.37430000e+04
  1.38260000e+04 1.38800000e+04 1.38950000e+04 1.39500000e+04
  1.39600000e+04 1.39800000e+04 1.40530000e+04 1.41120000e+04
  1.41420000e+04 1.41560000e+04 1.47980006e+04 1.50080000e+04]
 [1.15410000e+04 1.15440000e+04 1.26170000e+04 1.26410000e+04
  1.27790000e+04 1.27980000e+04 1.29370000e+04 1.30030000e+04
  1.30990000e+04 1.31810000e+04 1.32540000e+04 1.32750000e+04
  1.33370000e+04 1.34280000e+04 1.35250000e+04 1.35860000e+04
  1.36480000e+04 1.37430000e+04 1.37560000e+04 1.42360000e+04]
 [1.19190000e+04 1.21260000e+04 1.21940000e+04 1.22380000e+04
  1.22420000e+04 1.23040000e+04 1.23900000e+04 1.24750000e+04
  1.25170000e+04 1.25720000e+04 1.26410000e+04 1.27080000e+04
  1.27790000e+04 1.28580000e+04 1.29240000e+04 1.29250000e+04
  1.29370000e+04 1.30030000e+04 1.30970000e+04 1.31380000e+04]
 [1.04330000e+04 1.04560000e+04 1.04810000e+04 1.14240000e+04
  1.14390000e+04 1.15030000e+04 1.17680000e+04 1.18640000e+04
  1.19320000e+04 1.19900000e+04 1.20650000e+04 1.21720000e+04
  1.22290000e+04 1.23140000e+04 1.23700000e+04 1.23940000e+04
  1.24280000e+04 1.24920000e+04 1.27720000e+04 1.28540000e+04]
 [1.10780000e+04 1.11200000e+04 1.12170000e+04 1.12820000e+04
  1.13330000e+04 1.13340000e+04 1.13500000e+04 1.14870000e+04
  1.15410000e+04 1.16280000e+04 1.16660000e+04 1.17140000e+04
  1.17680000e+04 1.18120000e+04 1.18630000e+04 1.19110000e+04
  1.19850000e+04 1.20670000e+04 1.21260000e+04 1.21720000e+04]
 [1.05830000e+04 1.06430000e+04 1.06930000e+04 1.07790000e+04
  1.07860000e+04 1.07960000e+04 1.08080000e+04 1.08580000e+04
  1.09250000e+04 1.09900000e+04 1.10310000e+04 1.10780000e+04
  1.11370000e+04 1.11800000e+04 1.11810000e+04 1.12780000e+04
  1.13450000e+04 1.14260000e+04 1.14600000e+04 1.18120000e+04]
 [9.37300000e+03 9.47100000e+03 9.63400000e+03 9.71500000e+03
  9.77300000e+03 9.77700000e+03 9.83000000e+03 9.91600000e+03
  9.94800000e+03 1.00020000e+04 1.00400000e+04 1.01110000e+04
  1.01540000e+04 1.02120000e+04 1.02680000e+04 1.03310000e+04
  1.04040000e+04 1.04580000e+04 1.05140000e+04 1.05480000e+04]
 [8.66300000e+03 8.76200000e+03 8.79300000e+03 8.88300000e+03
  8.95000000e+03 9.02300000e+03 9.09700000e+03 9.16600000e+03
  9.19500000e+03 9.28700000e+03 9.37300000e+03 9.46300000e+03
  9.53500000e+03 9.54000000e+03 9.56100000e+03 9.57200000e+03
  9.57500000e+03 9.57800000e+03 9.60700000e+03 9.66400000e+03]
 [8.21100000e+03 8.29800000e+03 8.36900000e+03 8.45800000e+03
  8.48900000e+03 8.52800000e+03 8.59800000e+03 8.60300000e+03
  8.66300000e+03 8.67600000e+03 8.70800000e+03 8.73000000e+03
  8.73100000e+03 8.88300000e+03 8.93600000e+03 9.02000000e+03
  9.06700000e+03 9.19500000e+03 9.28000000e+03 9.55600000e+03]
 [6.64700000e+03 6.90500000e+03 7.02900000e+03 7.07900000e+03
  7.16000000e+03 7.74200000e+03 7.83800000e+03 7.93600000e+03
  7.94100000e+03 8.01700000e+03 8.02300000e+03 8.08500000e+03
  8.12500000e+03 8.18300000e+03 8.20100000e+03 8.29800000e+03
  8.50600000e+03 8.52400000e+03 8.57200000e+03 8.61600000e+03]
 [6.96600000e+03 7.01100000e+03 7.06600000e+03 7.07900000e+03
  7.09400000e+03 7.19000000e+03 7.20900000e+03 7.22700000e+03
  7.23200000e+03 7.29400000e+03 7.37000000e+03 7.43100000e+03
  7.44500000e+03 7.46700000e+03 7.49000000e+03 7.49300000e+03
  7.57300000e+03 7.66500000e+03 7.75100000e+03 8.34603226e+03]
 [5.02700000e+03 5.52400000e+03 5.59400000e+03 5.59900000e+03
  5.64900000e+03 5.79900000e+03 6.28400000e+03 6.38300000e+03
  6.41100000e+03 6.44100000e+03 6.52300000e+03 6.61500000e+03
  6.67900000e+03 6.71500000e+03 6.77100000e+03 6.78200000e+03
  6.86000000e+03 6.86200000e+03 6.88000000e+03 6.91200000e+03]
 [5.17600000e+03 5.26400000e+03 5.34600000e+03 5.41500000e+03
  5.46800000e+03 5.51000000e+03 5.56300000e+03 5.56900000e+03
  5.64900000e+03 5.70400000e+03 5.79900000e+03 5.88200000e+03
  5.94800000e+03 5.95900000e+03 6.02800000e+03 6.11700000e+03
  6.19600000e+03 6.24600000e+03 6.25300000e+03 6.82200000e+03]
 [4.30000000e+03 4.90500000e+03 4.91100000e+03 4.97500000e+03
  5.00800000e+03 5.04900000e+03 5.08400000e+03 5.17600000e+03
  5.24100000e+03 5.29500000e+03 5.36300000e+03 5.41500000e+03
  5.42800000e+03 5.43400000e+03 5.47000000e+03 5.54500000e+03
  5.60400000e+03 5.64500000e+03 5.76900000e+03 5.79300000e+03]
 [4.16000000e+03 4.23000000e+03 4.27600000e+03 4.30800000e+03
  4.34200000e+03 4.59600000e+03 4.60600000e+03 4.63800000e+03
  4.67000000e+03 4.67500000e+03 4.67900000e+03 4.72000000e+03
  4.73300000e+03 4.75700000e+03 4.77000000e+03 4.78400000e+03
  4.86900000e+03 5.38400000e+03 5.40200000e+03 5.61000000e+03]
 [3.52200000e+03 3.56500000e+03 3.59800000e+03 3.61400000e+03
  3.70500000e+03 3.79200000e+03 3.79700000e+03 3.87100000e+03
  3.91400000e+03 3.99500000e+03 4.01800000e+03 4.07200000e+03
  4.15500000e+03 4.16000000e+03 4.22800000e+03 4.27300000e+03
  4.35800000e+03 4.36500000e+03 4.40900000e+03 4.49900000e+03]
 [2.02800000e+03 2.09200000e+03 2.87400000e+03 3.02500000e+03
  3.04100000e+03 3.11700000e+03 3.16700000e+03 3.22800000e+03
  3.29000000e+03 3.37800000e+03 3.41500000e+03 3.50400000e+03
  3.53800000e+03 3.57600000e+03 3.81400000e+03 3.81500000e+03
  3.85100000e+03 3.86100000e+03 4.03600000e+03 4.08800000e+03]
 [1.37000000e+03 1.44800000e+03 2.06100000e+03 2.13700000e+03
  2.18700000e+03 2.32000000e+03 2.38800000e+03 2.43600000e+03
  2.43700000e+03 2.51400000e+03 2.61300000e+03 2.65900000e+03
  2.70900000e+03 2.79000000e+03 2.80800000e+03 2.86800000e+03
  2.93300000e+03 2.97000000e+03 2.97800000e+03 3.37200000e+03]
 [1.79300000e+03 1.84900000e+03 1.91400000e+03 1.92900000e+03
  1.94200000e+03 1.98200000e+03 2.02800000e+03 2.10200000e+03
  2.13600000e+03 2.13700000e+03 2.19300000e+03 2.19500000e+03
  2.29100000e+03 2.30300000e+03 2.32000000e+03 2.34000000e+03
  2.35900000e+03 2.40500000e+03 2.50200000e+03 2.62400000e+03]
 [6.15000000e+02 6.26000000e+02 1.21000000e+03 1.29000000e+03
  1.29800000e+03 1.37000000e+03 1.38500000e+03 1.39300000e+03
  1.47000000e+03 1.49400000e+03 1.57200000e+03 1.62500000e+03
  1.65400000e+03 1.66700000e+03 1.73300000e+03 1.79700000e+03
  1.85500000e+03 1.87400000e+03 1.89200000e+03 1.93700000e+03]
 [0.00000000e+00 9.70000000e+01 1.73000000e+02 7.02000000e+02
  7.36000000e+02 7.41000000e+02 8.25000000e+02 8.85000000e+02
  9.07000000e+02 9.47000000e+02 9.50000000e+02 9.58000000e+02
  1.02200000e+03 1.04500000e+03 1.11100000e+03 1.11400000e+03
  1.14900000e+03 1.21000000e+03 1.26600000e+03 1.52800000e+03]
 [0.00000000e+00 3.30000000e+01 4.90000000e+01 1.01000000e+02
  1.73000000e+02 2.27000000e+02 2.94000000e+02 3.65000000e+02
  4.06000000e+02 4.61000000e+02 4.93000000e+02 5.34000000e+02
  5.61000000e+02 6.15000000e+02 6.87000000e+02 6.88000000e+02
  7.18000000e+02 7.23000000e+02 8.02000000e+02 8.87000000e+02]]
