optimal_status: 0
solution: 13138.0
cpu_time: 3600.5912351608276
gap: 0.9047800274014309
upper_bound: 1251.0
lower_bound: 13138.0
cg_matrix: [[0. 0. 1. 1. 0. 1. 1. 1. 1. 0. 1. 0. 1. 1. 1. 1. 1. 1. 1. 1.]
 [0. 0. 1. 1. 1. 0. 1. 0. 1. 1. 1. 1. 1. 1. 0. 1. 1. 0. 1. 1.]
 [1. 1. 0. 1. 1. 1. 1. 1. 0. 1. 1. 1. 0. 0. 1. 1. 1. 1. 0. 1.]
 [1. 1. 1. 0. 1. 0. 1. 1. 1. 1. 1. 1. 1. 1. 1. 1. 1. 0. 1. 0.]
 [0. 1. 1. 1. 0. 0. 1. 1. 1. 0. 1. 1. 1. 0. 1. 1. 1. 1. 1. 1.]
 [1. 0. 1. 0. 0. 0. 1. 1. 1. 1. 1. 1. 1. 1. 1. 1. 0. 1. 1. 1.]
 [1. 1. 1. 1. 1. 1. 0. 1. 1. 0. 1. 1. 1. 0. 1. 1. 1. 1. 1. 1.]
 [1. 0. 1. 1. 1. 1. 1. 0. 0. 0. 1. 1. 0. 1. 1. 0. 1. 1. 1. 1.]
 [1. 1. 0. 1. 1. 1. 1. 0. 0. 0. 1. 1. 1. 1. 1. 1. 1. 1. 1. 1.]
 [0. 1. 1. 1. 0. 1. 0. 0. 0. 0. 0. 1. 1. 1. 1. 1. 1. 0. 0. 0.]
 [1. 1. 1. 1. 1. 1. 1. 1. 1. 0. 0. 1. 0. 0. 1. 0. 1. 1. 1. 0.]
 [0. 1. 1. 1. 1. 1. 1. 1. 1. 1. 1. 0. 0. 1. 1. 1. 1. 1. 1. 1.]
 [1. 1. 0. 1. 1. 1. 1. 0. 1. 1. 0. 0. 0. 0. 1. 1. 1. 1. 0. 1.]
 [1. 1. 0. 1. 0. 1. 0. 1. 1. 1. 0. 1. 0. 0. 1. 1. 1. 1. 1. 1.]
 [1. 0. 1. 1. 1. 1. 1. 1. 1. 1. 1. 1. 1. 1. 0. 1. 0. 1. 0. 1.]
 [1. 1. 1. 1. 1. 1. 1. 0. 1. 1. 0. 1. 1. 1. 1. 0. 1. 0. 1. 0.]
 [1. 1. 1. 1. 1. 0. 1. 1. 1. 1. 1. 1. 1. 1. 0. 1. 0. 1. 1. 1.]
 [1. 0. 1. 0. 1. 1. 1. 1. 1. 0. 1. 1. 1. 1. 1. 0. 1. 0. 1. 1.]
 [1. 1. 0. 1. 1. 1. 1. 1. 1. 0. 1. 1. 0. 1. 0. 1. 1. 1. 0. 1.]
 [1. 1. 1. 0. 1. 1. 1. 1. 1. 0. 0. 1. 1. 1. 1. 0. 1. 1. 1. 0.]]
start_times_array: [[ 2323.          2356.          2364.         12222.
  12290.         12318.         12409.         12500.
  12574.         12581.         12588.         12681.
  12731.         12796.         12849.         12858.
  12948.         13017.         13067.         13125.        ]
 [ 1302.          1371.          1381.          1747.
   3404.          4122.          6332.          7340.
  12222.         12315.         12409.         12455.
  12681.         12780.         12808.         12903.
  12997.         13001.         13052.         13111.        ]
 [  584.           930.          2267.         11147.
  11229.         11264.         11432.         11570.
  11670.         11761.         11830.         11842.
  11873.         11967.         12032.         12045.
  12133.         12172.         12218.         12607.        ]
 [ 9683.          9801.          9841.         10431.
  10478.         10574.         10641.         10735.
  10788.         10898.         10915.         10938.
  10962.         11076.         11091.         11348.
  11466.         11545.         11657.         12061.        ]
 [ 1877.          2302.          2383.          2669.
   2756.          4297.          4674.          4706.
   5580.          9922.         10064.         10085.
  10163.         10184.         10194.         10282.
  10305.         10397.         10810.         11028.        ]
 [ 3429.          9806.          9877.          9932.
   9957.         10078.99999867 10102.99999867 10189.99999867
  10248.99999867 10338.99999867 10401.99999867 10491.99999867
  10513.99999867 10519.99999867 10585.99999867 10594.99999867
  10612.99999867 10631.99999867 10683.99999867 10766.99999867]
 [ 2198.          8659.          8698.          8708.
   8974.          9029.          9067.          9096.
   9214.          9277.          9309.          9400.
   9427.          9499.          9570.          9631.
   9666.          9733.          9759.         10000.        ]
 [ 6358.          7041.          7074.          7244.
   7452.          7656.          7713.          8077.99999867
   8101.99999867  8213.          8319.          8381.
   8430.          8435.          8481.          8574.
   8788.          8880.          8910.          9137.        ]
 [ 2264.          7128.          7244.          7452.
   7666.          7803.          8060.          8063.
   8115.          8202.          8232.          8319.
   8431.          8509.          8552.          8607.
   8628.          8658.          8802.99999867  8874.99999867]
 [   39.            48.            97.           188.
    227.           267.           537.           557.
   3099.          7803.          7825.          7827.
   7874.          7965.          7976.          8046.
   8143.          8221.          8290.          8307.        ]
 [    0.            57.           214.           281.
    307.           330.           397.           411.
    488.           709.           809.          7275.
   7276.          7362.          7520.          7756.
   7882.          7909.          7963.          7966.        ]
 [ 5077.          5426.          5459.          5863.
   6251.          6283.          6369.          6404.
   6409.          6482.          6485.          6534.
   6588.          6633.          6665.          6797.
   6956.          7158.          7349.          7557.        ]
 [  599.          4979.          5232.          5314.
   5473.          5548.          5658.          5726.
   5827.          5890.          5971.          6002.
   6060.          6133.          6145.          6170.
   6234.          7534.99999867  7619.          8347.        ]
 [ 2247.          4979.          5247.          5471.
   5510.          5583.          5665.          5666.
   5709.          5757.          5819.          5890.
   5940.          5984.          6056.          6145.
   6190.          6513.          6718.          6896.        ]
 [  843.          1239.          1399.          1407.
   1427.          1638.          1763.          2534.
   2847.          4203.          4233.          4374.
   4416.          4633.          4785.          4859.
   4911.          5102.          5189.          5349.        ]
 [    0.           326.          1130.          2078.
   3323.          3670.          3693.          3886.
   3931.          4002.          4051.          4054.
   4127.          4277.          4500.          4535.
   4543.          4716.          4737.          4936.        ]
 [ 1439.          1634.          1757.          2574.
   2847.          2966.          3166.          3209.
   3398.          3495.          3529.          3577.
   3637.          3677.          3753.          3787.
   4386.          5184.          5346.          7477.        ]
 [ 1302.          1515.          1595.          1597.
   1726.          1840.          1884.          1942.
   1953.          1977.          2061.          2071.
   2101.          2445.          2622.          2719.
   2893.          3065.          3076.          3989.        ]
 [  565.           566.           843.           911.
    919.           926.           998.          1080.
   1174.          1216.          1248.          4183.
   4469.          4622.          4811.          4887.
   4907.          5102.          5195.          5231.        ]
 [    0.            29.            60.           109.
    200.           207.           244.           330.
    405.           426.           472.           519.
    520.           536.           663.           710.
    791.          1036.          3303.          4043.        ]]
