optimal_status: 0
solution: 7796.0
cpu_time: 3600.2410690784454
gap: 0.8610364033316336
upper_bound: 1083.360199626585
lower_bound: 7796.0
cg_matrix: [[0. 0. 1. 1. 1. 1. 1. 1. 1. 0. 1. 1. 1. 1. 1.]
 [0. 0. 1. 1. 1. 1. 1. 0. 1. 1. 1. 1. 1. 1. 1.]
 [1. 1. 0. 1. 1. 1. 0. 1. 0. 0. 1. 1. 0. 1. 1.]
 [1. 1. 1. 0. 1. 1. 1. 1. 1. 1. 1. 1. 1. 1. 1.]
 [1. 1. 1. 1. 0. 0. 1. 1. 1. 1. 1. 0. 1. 1. 0.]
 [1. 1. 1. 1. 0. 0. 1. 1. 1. 1. 1. 1. 1. 0. 1.]
 [1. 1. 0. 1. 1. 1. 0. 1. 1. 1. 1. 1. 1. 1. 1.]
 [1. 0. 1. 1. 1. 1. 1. 0. 1. 1. 1. 1. 0. 0. 1.]
 [1. 1. 0. 1. 1. 1. 1. 1. 0. 1. 0. 1. 1. 0. 1.]
 [0. 1. 0. 1. 1. 1. 1. 1. 1. 0. 0. 1. 1. 1. 1.]
 [1. 1. 1. 1. 1. 1. 1. 1. 0. 0. 0. 1. 1. 1. 1.]
 [1. 1. 1. 1. 0. 1. 1. 1. 1. 1. 1. 0. 1. 1. 1.]
 [1. 1. 0. 1. 1. 1. 1. 0. 1. 1. 1. 1. 0. 1. 1.]
 [1. 1. 1. 1. 1. 0. 1. 0. 0. 1. 1. 1. 1. 0. 1.]
 [1. 1. 1. 1. 0. 1. 1. 1. 1. 1. 1. 1. 1. 1. 0.]]
start_times_array: [[ 628. 1347. 1952. 3758. 4669. 4745. 5071. 5094. 6158. 6673. 6720. 7150.
  7392. 7628. 7772.]
 [ 416.  580. 1344. 1574. 1952. 3361. 3559. 3758. 3793. 4365. 4669. 6158.
  6573. 7392. 7628.]
 [ 741.  976. 1743. 1834. 1921. 2775. 3597. 4119. 4309. 4538. 4572. 5720.
  5736. 5738. 6007.]
 [  93.  367.  420. 1443. 1626. 1728. 3083. 3374. 3998. 5159. 5583. 6223.
  6492. 7041. 7202.]
 [1506. 2100. 2171. 2417. 2485. 2870. 3288. 3530. 5417. 5502. 6293. 6397.
  6689. 6898. 6928.]
 [  58.  382.  828. 1155. 1451. 1457. 2400. 2912. 3675. 4363. 4402. 4539.
  4820. 6795. 6893.]
 [  37.  134.  923. 1809. 2252. 3399. 4119. 4572. 5243. 6020. 6344. 6710.
  7299. 7391. 7486.]
 [ 214.  543. 2011. 2242. 2332. 2362. 2616. 2675. 2854. 2962. 3196. 4998.
  5832. 7057. 7103.]
 [   0.  407. 1879. 1928. 1951. 3597. 4166. 4205. 4226. 4322. 5299. 5334.
  5788. 5959. 7519.]
 [ 133.  294. 1743. 3027. 3073. 3159. 3470. 3914. 4296. 4762. 4773. 5071.
  6720. 6992. 7150.]
 [ 112.  318.  383.  418.  714.  738. 1043. 2174. 2654. 3914. 4166. 5299.
  5789. 5920. 5959.]
 [ 462.  668. 1022. 1321. 1488. 1790. 2552. 2723. 3853. 4235. 4285. 5417.
  5490. 5567. 5645.]
 [  72.  214. 1698. 2023. 2055. 2077. 2775. 3196. 3875. 3889. 5720. 6098.
  6447. 6641. 7057.]
 [   8.  828. 1116. 1168. 1455. 2332. 2344. 2912. 3659. 3902. 5832. 5915.
  6808. 7519. 7766.]
 [1227. 2155. 2498. 2870. 3288. 3530. 4076. 4488. 4853. 4928. 6952. 7579.
  7627. 7727. 7754.]]
