optimal_status: 0
solution: 6820.0
cpu_time: 3600.332207918167
gap: 0.7297311156444825
upper_bound: 1843.2337913046292
lower_bound: 6820.0
cg_matrix: [[0. 0. 0. 0. 0. 0. 1. 0. 0. 0. 0. 0. 0. 0. 0. 0. 0. 0. 0. 0. 0. 0. 0. 0.
  1. 0. 0. 1. 0. 0. 1. 1. 0. 1. 1. 0. 0. 0. 1. 1. 0. 0. 0. 1. 0. 0. 0. 0.
  0. 0.]
 [0. 0. 1. 1. 0. 0. 0. 0. 1. 0. 0. 0. 0. 0. 1. 1. 0. 0. 0. 0. 1. 0. 1. 0.
  0. 1. 0. 0. 1. 1. 0. 1. 1. 0. 0. 0. 0. 0. 0. 0. 0. 1. 0. 1. 0. 0. 1. 1.
  0. 0.]
 [0. 1. 0. 0. 0. 0. 0. 0. 1. 0. 0. 0. 1. 1. 0. 0. 0. 0. 0. 0. 0. 0. 0. 0.
  0. 1. 0. 0. 0. 0. 0. 0. 0. 0. 1. 0. 0. 0. 0. 0. 0. 0. 0. 0. 1. 0. 0. 0.
  0. 0.]
 [0. 1. 0. 0. 0. 0. 0. 1. 0. 0. 0. 0. 0. 1. 1. 0. 0. 0. 0. 1. 0. 0. 0. 0.
  0. 0. 0. 1. 0. 0. 0. 0. 0. 0. 1. 0. 0. 0. 1. 0. 0. 0. 0. 1. 0. 1. 0. 0.
  1. 0.]
 [0. 0. 0. 0. 0. 0. 0. 1. 1. 0. 0. 1. 0. 1. 1. 1. 0. 1. 0. 0. 0. 1. 0. 0.
  1. 1. 0. 0. 0. 0. 0. 0. 0. 1. 0. 1. 0. 0. 0. 0. 1. 1. 0. 0. 0. 1. 0. 0.
  0. 1.]
 [0. 0. 0. 0. 0. 0. 0. 0. 0. 0. 1. 0. 0. 0. 0. 0. 0. 0. 0. 0. 0. 0. 0. 0.
  0. 1. 0. 1. 1. 0. 0. 1. 0. 0. 0. 1. 0. 0. 1. 1. 0. 0. 0. 0. 0. 0. 1. 0.
  0. 0.]
 [1. 0. 0. 0. 0. 0. 0. 0. 0. 1. 0. 0. 0. 0. 1. 0. 0. 0. 0. 0. 0. 0. 0. 0.
  0. 0. 1. 0. 0. 1. 0. 1. 0. 0. 0. 1. 0. 0. 0. 0. 1. 0. 0. 0. 0. 0. 0. 0.
  0. 0.]
 [0. 0. 0. 1. 1. 0. 0. 0. 0. 0. 0. 0. 0. 0. 0. 0. 0. 1. 0. 0. 1. 1. 1. 0.
  1. 0. 0. 0. 1. 0. 1. 1. 0. 0. 0. 0. 1. 0. 1. 0. 0. 0. 0. 0. 0. 1. 0. 1.
  0. 0.]
 [0. 1. 1. 0. 1. 0. 0. 0. 0. 0. 0. 0. 0. 0. 0. 1. 0. 0. 0. 1. 1. 0. 0. 0.
  0. 0. 0. 0. 0. 0. 0. 1. 0. 0. 0. 0. 0. 1. 0. 0. 0. 0. 0. 0. 0. 1. 0. 0.
  0. 0.]
 [0. 0. 0. 0. 0. 0. 1. 0. 0. 0. 0. 0. 0. 0. 0. 0. 0. 1. 0. 0. 0. 0. 0. 0.
  0. 0. 0. 0. 1. 0. 0. 0. 1. 0. 0. 0. 0. 0. 0. 0. 0. 0. 0. 0. 0. 0. 1. 0.
  0. 0.]
 [0. 0. 0. 0. 0. 1. 0. 0. 0. 0. 0. 0. 0. 1. 0. 0. 1. 0. 0. 0. 1. 0. 0. 0.
  0. 1. 0. 0. 0. 1. 0. 0. 0. 0. 0. 1. 0. 1. 0. 1. 0. 0. 0. 0. 1. 1. 1. 0.
  0. 1.]
 [0. 0. 0. 0. 1. 0. 0. 0. 0. 0. 0. 0. 0. 0. 0. 0. 1. 0. 1. 0. 0. 1. 0. 0.
  0. 1. 0. 0. 1. 0. 0. 0. 0. 0. 0. 1. 0. 0. 0. 0. 1. 0. 0. 0. 0. 0. 0. 0.
  1. 0.]
 [0. 0. 1. 0. 0. 0. 0. 0. 0. 0. 0. 0. 0. 0. 0. 0. 0. 1. 0. 0. 1. 1. 0. 0.
  0. 0. 0. 0. 0. 0. 1. 0. 0. 0. 1. 0. 0. 1. 0. 0. 0. 0. 0. 0. 0. 0. 0. 0.
  1. 0.]
 [0. 0. 1. 1. 1. 0. 0. 0. 0. 0. 1. 0. 0. 0. 1. 0. 0. 0. 0. 0. 0. 0. 0. 0.
  0. 1. 0. 1. 0. 0. 0. 1. 1. 0. 0. 1. 0. 0. 0. 0. 0. 1. 0. 0. 1. 0. 0. 0.
  0. 0.]
 [0. 1. 0. 1. 1. 0. 1. 0. 0. 0. 0. 0. 0. 1. 0. 0. 0. 0. 0. 1. 0. 0. 0. 0.
  0. 0. 0. 0. 0. 1. 0. 1. 0. 0. 0. 0. 1. 1. 1. 0. 1. 0. 0. 0. 1. 0. 0. 0.
  1. 0.]
 [0. 1. 0. 0. 1. 0. 0. 0. 1. 0. 0. 0. 0. 0. 0. 0. 0. 0. 0. 0. 0. 0. 0. 0.
  0. 0. 0. 0. 0. 0. 0. 0. 0. 0. 0. 0. 0. 0. 0. 0. 0. 0. 0. 0. 0. 0. 0. 0.
  0. 0.]
 [0. 0. 0. 0. 0. 0. 0. 0. 0. 0. 1. 1. 0. 0. 0. 0. 0. 0. 0. 0. 0. 0. 0. 0.
  0. 0. 0. 0. 0. 0. 0. 0. 0. 0. 0. 0. 0. 0. 0. 0. 0. 0. 0. 0. 0. 0. 0. 0.
  0. 0.]
 [0. 0. 0. 0. 1. 0. 0. 1. 0. 1. 0. 0. 1. 0. 0. 0. 0. 0. 0. 0. 0. 0. 0. 0.
  0. 0. 0. 0. 0. 0. 0. 0. 0. 0. 0. 0. 0. 0. 0. 0. 0. 0. 0. 0. 0. 0. 0. 0.
  0. 0.]
 [0. 0. 0. 0. 0. 0. 0. 0. 0. 0. 0. 1. 0. 0. 0. 0. 0. 0. 0. 0. 0. 0. 0. 0.
  0. 0. 0. 0. 0. 0. 0. 0. 0. 0. 0. 0. 0. 0. 0. 0. 0. 0. 0. 0. 0. 0. 0. 0.
  0. 0.]
 [0. 0. 0. 1. 0. 0. 0. 0. 1. 0. 0. 0. 0. 0. 1. 0. 0. 0. 0. 0. 0. 0. 0. 0.
  0. 0. 0. 0. 0. 0. 0. 0. 0. 0. 0. 0. 0. 0. 0. 0. 0. 0. 0. 0. 0. 0. 0. 0.
  0. 0.]
 [0. 1. 0. 0. 0. 0. 0. 1. 1. 0. 1. 0. 1. 0. 0. 0. 0. 0. 0. 0. 0. 0. 0. 0.
  0. 0. 0. 0. 0. 0. 0. 0. 0. 0. 0. 0. 0. 0. 0. 0. 0. 0. 0. 0. 0. 0. 0. 0.
  0. 0.]
 [0. 0. 0. 0. 1. 0. 0. 1. 0. 0. 0. 1. 1. 0. 0. 0. 0. 0. 0. 0. 0. 0. 0. 0.
  0. 0. 0. 0. 0. 0. 0. 0. 0. 0. 0. 0. 0. 0. 0. 0. 0. 0. 0. 0. 0. 0. 0. 0.
  0. 0.]
 [0. 1. 0. 0. 0. 0. 0. 1. 0. 0. 0. 0. 0. 0. 0. 0. 0. 0. 0. 0. 0. 0. 0. 0.
  0. 0. 0. 0. 0. 0. 0. 0. 0. 0. 0. 0. 0. 0. 0. 0. 0. 0. 0. 0. 0. 0. 0. 0.
  0. 0.]
 [0. 0. 0. 0. 0. 0. 0. 0. 0. 0. 0. 0. 0. 0. 0. 0. 0. 0. 0. 0. 0. 0. 0. 0.
  0. 0. 0. 0. 0. 0. 0. 0. 0. 0. 0. 0. 0. 0. 0. 0. 0. 0. 0. 0. 0. 0. 0. 0.
  0. 0.]
 [1. 0. 0. 0. 1. 0. 0. 1. 0. 0. 0. 0. 0. 0. 0. 0. 0. 0. 0. 0. 0. 0. 0. 0.
  0. 0. 0. 0. 0. 0. 0. 0. 0. 0. 0. 0. 0. 0. 0. 0. 0. 0. 0. 0. 0. 0. 0. 0.
  0. 0.]
 [0. 1. 1. 0. 1. 1. 0. 0. 0. 0. 1. 1. 0. 1. 0. 0. 0. 0. 0. 0. 0. 0. 0. 0.
  0. 0. 0. 0. 0. 0. 0. 0. 0. 0. 0. 0. 0. 0. 0. 0. 0. 0. 0. 0. 0. 0. 0. 0.
  0. 0.]
 [0. 0. 0. 0. 0. 0. 1. 0. 0. 0. 0. 0. 0. 0. 0. 0. 0. 0. 0. 0. 0. 0. 0. 0.
  0. 0. 0. 0. 0. 0. 0. 0. 0. 0. 0. 0. 0. 0. 0. 0. 0. 0. 0. 0. 0. 0. 0. 0.
  0. 0.]
 [1. 0. 0. 1. 0. 1. 0. 0. 0. 0. 0. 0. 0. 1. 0. 0. 0. 0. 0. 0. 0. 0. 0. 0.
  0. 0. 0. 0. 0. 0. 0. 0. 0. 0. 0. 0. 0. 0. 0. 0. 0. 0. 0. 0. 0. 0. 0. 0.
  0. 0.]
 [0. 1. 0. 0. 0. 1. 0. 1. 0. 1. 0. 1. 0. 0. 0. 0. 0. 0. 0. 0. 0. 0. 0. 0.
  0. 0. 0. 0. 0. 0. 0. 0. 0. 0. 0. 0. 0. 0. 0. 0. 0. 0. 0. 0. 0. 0. 0. 0.
  0. 0.]
 [0. 1. 0. 0. 0. 0. 1. 0. 0. 0. 1. 0. 0. 0. 1. 0. 0. 0. 0. 0. 0. 0. 0. 0.
  0. 0. 0. 0. 0. 0. 0. 0. 0. 0. 0. 0. 0. 0. 0. 0. 0. 0. 0. 0. 0. 0. 0. 0.
  0. 0.]
 [1. 0. 0. 0. 0. 0. 0. 1. 0. 0. 0. 0. 1. 0. 0. 0. 0. 0. 0. 0. 0. 0. 0. 0.
  0. 0. 0. 0. 0. 0. 0. 0. 0. 0. 0. 0. 0. 0. 0. 0. 0. 0. 0. 0. 0. 0. 0. 0.
  0. 0.]
 [1. 1. 0. 0. 0. 1. 1. 1. 1. 0. 0. 0. 0. 1. 1. 0. 0. 0. 0. 0. 0. 0. 0. 0.
  0. 0. 0. 0. 0. 0. 0. 0. 0. 0. 0. 0. 0. 0. 0. 0. 0. 0. 0. 0. 0. 0. 0. 0.
  0. 0.]
 [0. 1. 0. 0. 0. 0. 0. 0. 0. 1. 0. 0. 0. 1. 0. 0. 0. 0. 0. 0. 0. 0. 0. 0.
  0. 0. 0. 0. 0. 0. 0. 0. 0. 0. 0. 0. 0. 0. 0. 0. 0. 0. 0. 0. 0. 0. 0. 0.
  0. 0.]
 [1. 0. 0. 0. 1. 0. 0. 0. 0. 0. 0. 0. 0. 0. 0. 0. 0. 0. 0. 0. 0. 0. 0. 0.
  0. 0. 0. 0. 0. 0. 0. 0. 0. 0. 0. 0. 0. 0. 0. 0. 0. 0. 0. 0. 0. 0. 0. 0.
  0. 0.]
 [1. 0. 1. 1. 0. 0. 0. 0. 0. 0. 0. 0. 1. 0. 0. 0. 0. 0. 0. 0. 0. 0. 0. 0.
  0. 0. 0. 0. 0. 0. 0. 0. 0. 0. 0. 0. 0. 0. 0. 0. 0. 0. 0. 0. 0. 0. 0. 0.
  0. 0.]
 [0. 0. 0. 0. 1. 1. 1. 0. 0. 0. 1. 1. 0. 1. 0. 0. 0. 0. 0. 0. 0. 0. 0. 0.
  0. 0. 0. 0. 0. 0. 0. 0. 0. 0. 0. 0. 0. 0. 0. 0. 0. 0. 0. 0. 0. 0. 0. 0.
  0. 0.]
 [0. 0. 0. 0. 0. 0. 0. 1. 0. 0. 0. 0. 0. 0. 1. 0. 0. 0. 0. 0. 0. 0. 0. 0.
  0. 0. 0. 0. 0. 0. 0. 0. 0. 0. 0. 0. 0. 0. 0. 0. 0. 0. 0. 0. 0. 0. 0. 0.
  0. 0.]
 [0. 0. 0. 0. 0. 0. 0. 0. 1. 0. 1. 0. 1. 0. 1. 0. 0. 0. 0. 0. 0. 0. 0. 0.
  0. 0. 0. 0. 0. 0. 0. 0. 0. 0. 0. 0. 0. 0. 0. 0. 0. 0. 0. 0. 0. 0. 0. 0.
  0. 0.]
 [1. 0. 0. 1. 0. 1. 0. 1. 0. 0. 0. 0. 0. 0. 1. 0. 0. 0. 0. 0. 0. 0. 0. 0.
  0. 0. 0. 0. 0. 0. 0. 0. 0. 0. 0. 0. 0. 0. 0. 0. 0. 0. 0. 0. 0. 0. 0. 0.
  0. 0.]
 [1. 0. 0. 0. 0. 1. 0. 0. 0. 0. 1. 0. 0. 0. 0. 0. 0. 0. 0. 0. 0. 0. 0. 0.
  0. 0. 0. 0. 0. 0. 0. 0. 0. 0. 0. 0. 0. 0. 0. 0. 0. 0. 0. 0. 0. 0. 0. 0.
  0. 0.]
 [0. 0. 0. 0. 1. 0. 1. 0. 0. 0. 0. 1. 0. 0. 1. 0. 0. 0. 0. 0. 0. 0. 0. 0.
  0. 0. 0. 0. 0. 0. 0. 0. 0. 0. 0. 0. 0. 0. 0. 0. 0. 0. 0. 0. 0. 0. 0. 0.
  0. 0.]
 [0. 1. 0. 0. 1. 0. 0. 0. 0. 0. 0. 0. 0. 1. 0. 0. 0. 0. 0. 0. 0. 0. 0. 0.
  0. 0. 0. 0. 0. 0. 0. 0. 0. 0. 0. 0. 0. 0. 0. 0. 0. 0. 0. 0. 0. 0. 0. 0.
  0. 0.]
 [0. 0. 0. 0. 0. 0. 0. 0. 0. 0. 0. 0. 0. 0. 0. 0. 0. 0. 0. 0. 0. 0. 0. 0.
  0. 0. 0. 0. 0. 0. 0. 0. 0. 0. 0. 0. 0. 0. 0. 0. 0. 0. 0. 0. 0. 0. 0. 0.
  0. 0.]
 [1. 1. 0. 1. 0. 0. 0. 0. 0. 0. 0. 0. 0. 0. 0. 0. 0. 0. 0. 0. 0. 0. 0. 0.
  0. 0. 0. 0. 0. 0. 0. 0. 0. 0. 0. 0. 0. 0. 0. 0. 0. 0. 0. 0. 0. 0. 0. 0.
  0. 0.]
 [0. 0. 1. 0. 0. 0. 0. 0. 0. 0. 1. 0. 0. 1. 1. 0. 0. 0. 0. 0. 0. 0. 0. 0.
  0. 0. 0. 0. 0. 0. 0. 0. 0. 0. 0. 0. 0. 0. 0. 0. 0. 0. 0. 0. 0. 0. 0. 0.
  0. 0.]
 [0. 0. 0. 1. 1. 0. 0. 1. 1. 0. 1. 0. 0. 0. 0. 0. 0. 0. 0. 0. 0. 0. 0. 0.
  0. 0. 0. 0. 0. 0. 0. 0. 0. 0. 0. 0. 0. 0. 0. 0. 0. 0. 0. 0. 0. 0. 0. 0.
  0. 0.]
 [0. 1. 0. 0. 0. 1. 0. 0. 0. 1. 1. 0. 0. 0. 0. 0. 0. 0. 0. 0. 0. 0. 0. 0.
  0. 0. 0. 0. 0. 0. 0. 0. 0. 0. 0. 0. 0. 0. 0. 0. 0. 0. 0. 0. 0. 0. 0. 0.
  0. 0.]
 [0. 1. 0. 0. 0. 0. 0. 1. 0. 0. 0. 0. 0. 0. 0. 0. 0. 0. 0. 0. 0. 0. 0. 0.
  0. 0. 0. 0. 0. 0. 0. 0. 0. 0. 0. 0. 0. 0. 0. 0. 0. 0. 0. 0. 0. 0. 0. 0.
  0. 0.]
 [0. 0. 0. 1. 0. 0. 0. 0. 0. 0. 0. 1. 1. 0. 1. 0. 0. 0. 0. 0. 0. 0. 0. 0.
  0. 0. 0. 0. 0. 0. 0. 0. 0. 0. 0. 0. 0. 0. 0. 0. 0. 0. 0. 0. 0. 0. 0. 0.
  0. 0.]
 [0. 0. 0. 0. 1. 0. 0. 0. 0. 0. 1. 0. 0. 0. 0. 0. 0. 0. 0. 0. 0. 0. 0. 0.
  0. 0. 0. 0. 0. 0. 0. 0. 0. 0. 0. 0. 0. 0. 0. 0. 0. 0. 0. 0. 0. 0. 0. 0.
  0. 0.]]
start_times_array: [[1.014e+03 1.061e+03 5.733e+03 5.759e+03 5.794e+03 5.836e+03 5.940e+03
  6.036e+03 6.103e+03 6.116e+03 6.214e+03 6.349e+03 6.433e+03 6.493e+03
  6.503e+03]
 [5.285e+03 5.356e+03 6.113e+03 6.208e+03 6.305e+03 6.348e+03 6.388e+03
  6.413e+03 6.435e+03 6.493e+03 6.508e+03 6.567e+03 6.600e+03 6.683e+03
  6.755e+03]
 [6.990e+02 4.608e+03 4.700e+03 4.884e+03 4.960e+03 5.047e+03 5.530e+03
  5.601e+03 5.697e+03 5.718e+03 5.900e+03 6.001e+03 6.063e+03 6.070e+03
  6.782e+03]
 [1.761e+03 4.856e+03 5.081e+03 5.158e+03 5.330e+03 5.398e+03 5.483e+03
  5.588e+03 5.648e+03 5.739e+03 5.825e+03 5.899e+03 5.963e+03 6.005e+03
  6.492e+03]
 [7.860e+02 9.760e+02 1.797e+03 4.950e+03 5.483e+03 5.513e+03 5.697e+03
  5.755e+03 5.760e+03 5.868e+03 5.940e+03 6.011e+03 6.063e+03 6.217e+03
  6.363e+03]
 [5.267e+03 5.446e+03 5.512e+03 5.561e+03 5.573e+03 5.675e+03 5.699e+03
  5.718e+03 5.724e+03 5.755e+03 5.879e+03 6.029e+03 6.063e+03 6.271e+03
  6.335e+03]
 [2.420e+02 5.229e+03 5.277e+03 5.330e+03 5.405e+03 5.418e+03 5.512e+03
  5.517e+03 5.590e+03 5.628e+03 5.656e+03 5.900e+03 5.991e+03 6.125e+03
  6.260e+03]
 [5.620e+02 3.273e+03 3.405e+03 3.620e+03 3.668e+03 3.753e+03 3.757e+03
  3.908e+03 4.013e+03 4.634e+03 4.711e+03 4.797e+03 4.952e+03 5.255e+03
  5.422e+03]
 [2.700e+02 8.440e+02 1.079e+03 4.013e+03 4.124e+03 4.165e+03 4.280e+03
  4.323e+03 4.373e+03 4.399e+03 4.422e+03 4.444e+03 5.140e+03 5.232e+03
  5.560e+03]
 [1.437e+03 3.156e+03 3.159e+03 3.186e+03 3.350e+03 3.443e+03 4.782e+03
  4.868e+03 4.888e+03 4.960e+03 5.026e+03 5.107e+03 5.144e+03 5.181e+03
  6.349e+03]
 [4.608e+03 4.635e+03 4.643e+03 4.711e+03 4.712e+03 4.856e+03 4.867e+03
  4.967e+03 5.047e+03 5.071e+03 5.181e+03 5.311e+03 5.362e+03 5.527e+03
  5.594e+03]
 [3.186e+03 3.538e+03 3.616e+03 3.700e+03 3.705e+03 3.837e+03 4.035e+03
  4.039e+03 4.132e+03 4.165e+03 4.199e+03 4.276e+03 4.561e+03 4.608e+03
  4.889e+03]
 [2.910e+02 9.930e+02 1.060e+03 1.463e+03 3.186e+03 3.753e+03 3.808e+03
  3.832e+03 4.013e+03 4.104e+03 4.195e+03 4.269e+03 4.323e+03 4.363e+03
  4.374e+03]
 [1.560e+02 2.900e+02 5.300e+02 3.090e+03 3.917e+03 3.952e+03 3.991e+03
  4.124e+03 4.223e+03 4.293e+03 4.321e+03 4.399e+03 4.487e+03 4.567e+03
  4.788e+03]
 [3.008e+03 3.073e+03 3.157e+03 3.303e+03 3.399e+03 3.405e+03 3.529e+03
  3.597e+03 3.654e+03 3.672e+03 3.746e+03 3.810e+03 3.816e+03 3.821e+03
  4.072e+03]
 [3.190e+02 6.700e+02 7.190e+02 1.177e+03 1.578e+03 2.203e+03 2.269e+03
  2.665e+03 2.765e+03 3.074e+03 3.940e+03 3.968e+03 4.039e+03 4.122e+03
  4.212e+03]
 [0.000e+00 1.387e+03 1.504e+03 1.893e+03 1.958e+03 2.144e+03 2.159e+03
  2.233e+03 2.898e+03 3.344e+03 3.510e+03 3.542e+03 3.560e+03 3.757e+03
  3.983e+03]
 [1.910e+02 3.820e+02 6.880e+02 8.320e+02 8.960e+02 1.089e+03 1.561e+03
  1.622e+03 2.620e+03 2.927e+03 2.940e+03 2.974e+03 3.169e+03 3.308e+03
  3.309e+03]
 [4.350e+02 5.540e+02 5.670e+02 5.830e+02 6.690e+02 7.470e+02 8.040e+02
  8.290e+02 8.930e+02 9.240e+02 9.680e+02 9.930e+02 1.077e+03 1.265e+03
  1.312e+03]
 [1.568e+03 2.668e+03 2.782e+03 2.816e+03 2.867e+03 2.957e+03 3.055e+03
  3.090e+03 3.247e+03 3.350e+03 3.491e+03 3.553e+03 3.919e+03 4.195e+03
  4.514e+03]
 [1.040e+02 1.823e+03 2.203e+03 2.282e+03 2.510e+03 2.588e+03 2.864e+03
  2.929e+03 3.006e+03 3.247e+03 3.308e+03 3.553e+03 3.693e+03 3.930e+03
  3.946e+03]
 [3.610e+02 6.990e+02 1.088e+03 2.258e+03 2.323e+03 2.566e+03 2.657e+03
  2.668e+03 2.689e+03 2.765e+03 2.797e+03 2.872e+03 2.949e+03 2.990e+03
  3.072e+03]
 [0.000e+00 1.110e+02 2.310e+02 4.510e+02 6.200e+02 8.530e+02 8.770e+02
  9.440e+02 1.488e+03 2.464e+03 2.532e+03 2.571e+03 2.724e+03 2.744e+03
  2.891e+03]
 [3.530e+02 4.360e+02 5.060e+02 6.440e+02 7.100e+02 7.260e+02 7.880e+02
  1.339e+03 1.745e+03 2.019e+03 2.423e+03 2.468e+03 2.755e+03 2.763e+03
  2.850e+03]
 [0.000e+00 7.800e+01 2.910e+02 6.000e+02 6.880e+02 8.930e+02 1.319e+03
  1.467e+03 2.236e+03 2.602e+03 2.632e+03 2.680e+03 3.024e+03 3.040e+03
  3.308e+03]
 [0.000e+00 2.040e+02 3.190e+02 3.380e+02 5.450e+02 6.230e+02 1.068e+03
  1.345e+03 1.465e+03 1.674e+03 1.717e+03 1.764e+03 1.772e+03 2.007e+03
  2.191e+03]
 [1.330e+02 2.930e+02 4.220e+02 4.730e+02 1.091e+03 1.717e+03 1.950e+03
  2.064e+03 2.145e+03 2.612e+03 2.665e+03 2.841e+03 2.893e+03 3.008e+03
  3.074e+03]
 [2.030e+02 8.700e+02 9.660e+02 1.140e+03 1.206e+03 1.962e+03 2.006e+03
  2.074e+03 2.513e+03 2.536e+03 2.632e+03 2.760e+03 2.853e+03 3.295e+03
  3.423e+03]
 [4.590e+02 9.080e+02 1.273e+03 2.182e+03 2.432e+03 2.464e+03 2.468e+03
  2.519e+03 2.593e+03 2.628e+03 2.705e+03 2.744e+03 2.816e+03 2.881e+03
  2.957e+03]
 [1.339e+03 1.827e+03 1.857e+03 2.007e+03 2.269e+03 2.346e+03 2.355e+03
  2.411e+03 2.485e+03 2.588e+03 2.735e+03 2.816e+03 2.898e+03 3.090e+03
  3.247e+03]
 [0.000e+00 6.000e+00 5.060e+02 1.570e+03 1.898e+03 2.074e+03 2.346e+03
  2.485e+03 2.528e+03 2.542e+03 2.612e+03 2.763e+03 2.850e+03 2.944e+03
  3.006e+03]
 [1.411e+03 1.872e+03 1.970e+03 2.088e+03 2.118e+03 2.153e+03 2.182e+03
  2.333e+03 2.432e+03 2.457e+03 2.522e+03 2.571e+03 2.735e+03 2.769e+03
  2.867e+03]
 [5.660e+02 7.220e+02 8.850e+02 1.290e+03 1.478e+03 1.623e+03 2.151e+03
  2.215e+03 2.258e+03 2.323e+03 2.360e+03 2.519e+03 2.552e+03 2.597e+03
  2.602e+03]
 [1.850e+02 1.463e+03 1.942e+03 1.984e+03 2.054e+03 2.097e+03 2.145e+03
  2.215e+03 2.269e+03 2.278e+03 2.295e+03 2.368e+03 2.410e+03 2.774e+03
  2.862e+03]
 [8.900e+01 2.020e+02 1.236e+03 1.346e+03 1.557e+03 1.850e+03 1.943e+03
  1.956e+03 2.068e+03 2.115e+03 2.232e+03 2.276e+03 2.343e+03 2.468e+03
  2.545e+03]
 [5.830e+02 1.043e+03 1.333e+03 1.346e+03 1.411e+03 1.533e+03 1.578e+03
  1.718e+03 1.885e+03 1.984e+03 2.078e+03 2.115e+03 2.196e+03 2.295e+03
  2.433e+03]
 [1.590e+02 9.660e+02 1.119e+03 1.218e+03 1.337e+03 1.574e+03 1.629e+03
  1.695e+03 1.753e+03 1.784e+03 1.862e+03 1.950e+03 2.061e+03 2.107e+03
  2.163e+03]
 [1.213e+03 1.268e+03 1.346e+03 1.401e+03 1.557e+03 1.664e+03 1.797e+03
  1.806e+03 1.853e+03 1.909e+03 2.001e+03 2.022e+03 2.176e+03 2.216e+03
  2.418e+03]
 [9.000e+00 9.000e+01 1.760e+02 2.670e+02 3.730e+02 4.220e+02 4.780e+02
  5.670e+02 8.400e+02 9.380e+02 1.296e+03 1.311e+03 1.395e+03 1.797e+03
  1.862e+03]
 [5.700e+01 2.080e+02 2.310e+02 2.450e+02 2.480e+02 7.090e+02 1.220e+03
  1.290e+03 1.319e+03 1.398e+03 1.581e+03 1.667e+03 1.707e+03 1.773e+03
  1.853e+03]
 [7.600e+01 4.180e+02 1.264e+03 1.354e+03 1.569e+03 1.586e+03 1.710e+03
  1.745e+03 1.884e+03 1.885e+03 1.984e+03 2.020e+03 2.049e+03 2.126e+03
  2.223e+03]
 [0.000e+00 7.800e+01 3.110e+02 3.780e+02 4.590e+02 5.330e+02 6.210e+02
  8.150e+02 1.118e+03 1.168e+03 1.175e+03 1.218e+03 1.435e+03 1.518e+03
  1.768e+03]
 [0.000e+00 4.700e+01 8.500e+01 1.920e+02 2.170e+02 4.340e+02 6.680e+02
  8.870e+02 9.700e+02 1.205e+03 1.350e+03 1.403e+03 1.453e+03 1.558e+03
  1.763e+03]
 [4.600e+01 1.350e+02 2.900e+02 4.630e+02 5.900e+02 7.210e+02 7.470e+02
  7.860e+02 1.165e+03 1.357e+03 1.372e+03 1.488e+03 1.561e+03 1.957e+03
  1.996e+03]
 [0.000e+00 8.500e+01 1.990e+02 7.140e+02 9.250e+02 1.002e+03 1.098e+03
  1.166e+03 1.221e+03 1.311e+03 1.332e+03 1.401e+03 1.424e+03 1.519e+03
  1.787e+03]
 [9.000e+01 1.810e+02 2.260e+02 3.380e+02 3.750e+02 4.230e+02 4.830e+02
  5.670e+02 1.037e+03 1.159e+03 1.228e+03 1.298e+03 1.311e+03 1.519e+03
  1.561e+03]
 [0.000e+00 3.480e+02 4.350e+02 4.840e+02 5.610e+02 5.930e+02 7.520e+02
  8.320e+02 8.930e+02 9.680e+02 1.012e+03 1.017e+03 1.060e+03 1.478e+03
  1.773e+03]
 [1.310e+02 2.260e+02 3.060e+02 3.840e+02 4.880e+02 7.250e+02 7.880e+02
  8.440e+02 9.380e+02 1.260e+03 1.345e+03 1.357e+03 1.399e+03 1.516e+03
  1.661e+03]
 [0.000e+00 1.350e+02 2.320e+02 3.870e+02 4.370e+02 4.840e+02 5.650e+02
  7.750e+02 8.290e+02 8.620e+02 8.810e+02 8.960e+02 1.206e+03 1.231e+03
  1.672e+03]
 [0.000e+00 9.000e+00 6.700e+01 1.560e+02 2.020e+02 2.660e+02 3.540e+02
  4.550e+02 5.100e+02 5.930e+02 6.880e+02 8.130e+02 8.810e+02 1.037e+03
  1.088e+03]]
