optimal_status: 0
solution: 3153.9999996844995
cpu_time: 3600.1743478775024
gap: 0.5752894958032088
upper_bound: 1339.5369301026833
lower_bound: 3153.9999996844995
cg_matrix: [[0. 0. 0. 0. 0. 0. 0. 0. 0. 0. 0. 0. 0. 0. 0. 0. 0. 1. 0. 1.]
 [0. 0. 1. 0. 1. 0. 0. 0. 0. 0. 0. 0. 0. 0. 0. 1. 0. 0. 0. 0.]
 [0. 1. 0. 0. 0. 0. 1. 0. 0. 1. 0. 0. 0. 0. 0. 0. 0. 0. 0. 0.]
 [0. 0. 0. 0. 0. 1. 1. 1. 0. 0. 0. 1. 0. 0. 0. 0. 0. 0. 0. 0.]
 [0. 1. 0. 0. 0. 0. 0. 0. 0. 0. 0. 0. 0. 0. 0. 0. 0. 0. 0. 0.]
 [0. 0. 0. 1. 0. 0. 0. 0. 0. 1. 0. 0. 1. 0. 0. 0. 0. 0. 1. 0.]
 [0. 0. 1. 1. 0. 0. 0. 0. 0. 0. 0. 0. 0. 0. 0. 0. 0. 0. 0. 0.]
 [0. 0. 0. 1. 0. 0. 0. 0. 1. 0. 1. 0. 0. 0. 0. 0. 0. 0. 0. 0.]
 [0. 0. 0. 0. 0. 0. 0. 1. 0. 0. 0. 1. 1. 0. 1. 0. 0. 0. 0. 0.]
 [0. 0. 1. 0. 0. 1. 0. 0. 0. 0. 1. 0. 0. 0. 0. 0. 0. 0. 0. 0.]
 [0. 0. 0. 0. 0. 0. 0. 1. 0. 1. 0. 0. 0. 0. 0. 0. 1. 0. 0. 0.]
 [0. 0. 0. 1. 0. 0. 0. 0. 1. 0. 0. 0. 0. 0. 0. 0. 1. 0. 1. 0.]
 [0. 0. 0. 0. 0. 1. 0. 0. 1. 0. 0. 0. 0. 0. 0. 0. 1. 1. 0. 0.]
 [0. 0. 0. 0. 0. 0. 0. 0. 0. 0. 0. 0. 0. 0. 1. 0. 0. 0. 0. 0.]
 [0. 0. 0. 0. 0. 0. 0. 0. 1. 0. 0. 0. 0. 1. 0. 0. 0. 0. 1. 0.]
 [0. 1. 0. 0. 0. 0. 0. 0. 0. 0. 0. 0. 0. 0. 0. 0. 1. 0. 0. 0.]
 [0. 0. 0. 0. 0. 0. 0. 0. 0. 0. 1. 1. 1. 0. 0. 1. 0. 0. 0. 0.]
 [1. 0. 0. 0. 0. 0. 0. 0. 0. 0. 0. 0. 1. 0. 0. 0. 0. 0. 0. 0.]
 [0. 0. 0. 0. 0. 1. 0. 0. 0. 0. 0. 1. 0. 0. 1. 0. 0. 0. 0. 0.]
 [1. 0. 0. 0. 0. 0. 0. 0. 0. 0. 0. 0. 0. 0. 0. 0. 0. 0. 0. 0.]]
start_times_array: [[ 186.          280.          392.          663.          731.
   933.         1043.         1140.         1251.         1290.
  1382.         1520.         1575.         2139.         2218.99999968
  2564.99999968 2692.99999968 2704.99999968 2724.99999968 2789.99999968]
 [  26.          288.          363.          392.          520.
   658.          706.         1094.         1233.         1484.
  1653.         1869.         1961.         2131.         2349.99999968
  2419.99999968 2508.99999968 2803.99999968 2836.99999968 2838.99999968]
 [  48.           84.           92.          267.          479.
   727.          780.          937.          956.          995.
  1140.         1383.         1529.         1663.         1831.
  2206.         2256.99999968 2594.99999968 2753.         2840.99999968]
 [  92.          105.          859.         1037.         1078.
  1317.         1392.         1437.         1530.         1562.
  1709.         1831.         1885.         2058.         2222.99999968
  2542.99999968 2552.99999968 2597.99999968 2857.99999968 3116.99999968]
 [   0.          114.          184.          217.          482.
   578.          727.          813.          972.         1021.
  1344.         1415.         1529.         1624.         1628.
  1780.         1980.99999968 2067.99999968 2206.         2599.99999968]
 [   0.          272.          478.          735.          761.
  1094.         1131.         1198.         1398.         1431.
  1608.         1676.         1692.         1704.         1711.
  1744.         1962.         2326.99999968 2752.99999968 3027.99999968]
 [  45.          217.          281.          383.          593.
   660.          697.         1090.         1233.         1356.
  1626.         1742.         1962.         2067.         2354.99999968
  2374.99999968 2454.99999968 2679.         2933.99999968 3078.99999968]
 [   0.          184.          350.          392.          504.
   597.          681.          801.          956.          983.
  1285.         1352.         1626.         1711.         1724.
  2319.99999968 2399.99999968 2443.99999968 2777.99999968 2933.99999968]
 [ 103.          288.          465.          771.          845.
   917.          929.         1037.         1044.         1059.
  1094.         1437.         1877.         2042.         2122.
  2269.99999969 2542.99999968 2753.99999968 2869.99999968 3060.99999968]
 [ 191.          346.          432.          597.          660.
   662.          681.          877.         1015.         1285.
  1369.         1437.         1453.         1873.         2058.
  2372.99999968 2458.99999968 2518.99999968 2924.99999968 2952.99999968]
 [  60.           70.          478.          532.         1144.
  1236.         1266.         1388.         1415.         1529.
  1770.         1811.         1967.         2143.         2153.
  2231.         2562.99999968 2664.99999968 2860.99999968 3015.99999968]
 [   0.           33.          270.          350.          496.
   578.         1177.         1260.         1607.         1770.
  1962.         2141.99999968 2326.99999968 2351.99999968 2356.99999968
  2700.99999968 2841.99999968 2938.99999968 2958.99999968 3008.99999968]
 [  86.          186.          438.          597.          646.
   933.         1312.         1494.         1528.         1831.
  2142.         2319.99999968 2372.99999968 2516.99999968 2638.99999968
  2738.99999968 2839.99999968 2866.99999968 2933.99999968 2945.99999968]
 [  50.          177.          198.          418.          667.
   765.          845.          933.         1144.         1214.
  1293.         1415.         1484.         2055.         2127.
  2176.         2267.         2305.         2644.99999968 2678.99999968]
 [   0.          199.          248.          350.          413.
   517.          597.          842.          975.         1310.
  1607.         1679.         1718.         1770.         1962.
  2333.         2692.99999968 2777.99999968 2856.99999968 2963.99999968]
 [  48.          192.          243.          488.          567.
   933.         1177.         1310.         1371.         1412.
  1519.         1545.         1770.         1828.         1970.
  2389.99999968 2605.99999968 2661.99999968 2939.99999968 3021.99999968]
 [ 114.          273.          444.          720.          765.
   848.         1026.         1055.         1067.         1693.
  1877.         2042.         2242.99999968 2431.99999968 2475.99999968
  2752.99999968 2870.99999968 2910.99999968 3061.99999968 3096.99999968]
 [   0.          103.          119.          496.          771.
   841.          878.         1019.         1156.         1289.
  1470.         1748.         1888.         1909.         1912.
  1981.         2058.         2248.99999968 2424.99999968 2458.99999968]
 [  86.          144.          667.          859.          864.
   884.         1437.         1528.         1838.         1893.
  1909.         2057.99999968 2222.99999968 2223.99999968 2312.99999968
  2433.99999968 2541.99999968 2542.99999968 2638.99999968 2908.99999968]
 [   0.          101.          350.          404.          453.
   485.          504.          596.          771.          869.
  1073.         1156.         1732.         1836.         1883.
  1998.99999969 2333.99999969 2399.99999969 2475.99999968 2842.99999968]]
