optimal_status: 0
solution: 67774.99999313535
cpu_time: 3600.3125488758087
gap: 0.9597411521908643
upper_bound: 2728.5434099878116
lower_bound: 67774.99999313535
cg_matrix: [[0. 0. 0. 0. 1. 0. 0. 0. 1. 1. 1. 0. 0. 0. 1. 0. 1. 1. 1. 1. 0. 1. 0. 1.
  0. 1. 0. 1. 0. 0. 1. 1. 0. 0. 1. 0. 0. 1. 1. 1. 1. 1. 1. 0. 0. 0. 0. 0.
  0. 1. 1. 0. 0. 0. 1. 1. 1. 0. 1. 1. 1. 0. 1. 0. 0. 1. 0. 1. 0. 0. 1. 1.
  1. 1. 1. 0. 0. 0. 0. 1. 1. 0. 1. 1. 1. 1. 1. 0. 1. 1. 0. 0. 0. 0. 1. 0.
  0. 0. 1. 0.]
 [0. 0. 0. 0. 0. 0. 1. 0. 0. 0. 0. 0. 1. 1. 0. 0. 0. 0. 1. 1. 1. 0. 0. 1.
  0. 1. 0. 1. 1. 1. 1. 0. 1. 0. 0. 1. 1. 1. 0. 0. 0. 0. 0. 0. 1. 1. 1. 1.
  1. 1. 1. 0. 0. 0. 0. 1. 0. 1. 1. 1. 1. 0. 1. 1. 1. 0. 0. 1. 0. 0. 1. 1.
  1. 0. 0. 1. 0. 0. 0. 1. 0. 0. 0. 1. 1. 1. 1. 0. 1. 1. 0. 1. 0. 1. 0. 1.
  1. 1. 1. 0.]
 [0. 0. 0. 1. 1. 1. 1. 0. 0. 1. 1. 0. 1. 1. 0. 1. 1. 1. 0. 1. 1. 1. 1. 1.
  0. 1. 0. 1. 1. 1. 1. 0. 0. 0. 0. 1. 1. 1. 0. 0. 0. 0. 1. 0. 0. 0. 1. 1.
  0. 0. 0. 0. 1. 1. 0. 0. 1. 1. 1. 0. 1. 1. 1. 0. 1. 0. 1. 1. 0. 0. 1. 1.
  1. 1. 1. 0. 1. 0. 1. 1. 1. 1. 0. 0. 1. 0. 1. 1. 1. 1. 0. 1. 0. 1. 0. 0.
  0. 1. 1. 0.]
 [0. 0. 1. 0. 1. 0. 0. 0. 1. 0. 1. 1. 0. 1. 0. 0. 0. 1. 1. 0. 1. 1. 1. 0.
  0. 1. 0. 0. 0. 0. 1. 0. 1. 1. 1. 1. 1. 0. 0. 0. 0. 0. 0. 1. 1. 1. 0. 0.
  0. 0. 0. 1. 0. 1. 0. 1. 0. 0. 0. 0. 0. 0. 1. 0. 0. 0. 0. 1. 1. 0. 0. 1.
  1. 0. 1. 1. 1. 0. 1. 0. 1. 0. 1. 1. 0. 1. 0. 1. 0. 1. 0. 1. 1. 0. 1. 0.
  1. 0. 0. 0.]
 [1. 0. 1. 1. 0. 0. 0. 0. 1. 1. 0. 0. 0. 0. 1. 1. 0. 1. 1. 1. 0. 1. 1. 0.
  0. 0. 0. 0. 0. 0. 1. 1. 0. 1. 1. 1. 1. 1. 1. 1. 1. 1. 0. 0. 1. 1. 1. 1.
  1. 1. 1. 0. 0. 1. 1. 0. 0. 1. 0. 1. 1. 1. 1. 1. 0. 1. 1. 0. 1. 0. 0. 0.
  1. 0. 0. 1. 1. 1. 1. 0. 0. 0. 0. 1. 1. 1. 1. 1. 1. 0. 1. 0. 1. 0. 1. 0.
  1. 0. 0. 1.]
 [0. 0. 1. 0. 0. 0. 1. 0. 0. 1. 0. 1. 0. 0. 1. 0. 1. 1. 1. 0. 0. 1. 1. 1.
  0. 0. 1. 0. 0. 1. 0. 1. 1. 1. 1. 0. 1. 1. 0. 0. 1. 1. 0. 0. 0. 1. 1. 0.
  1. 0. 0. 1. 1. 1. 0. 1. 0. 1. 0. 1. 1. 1. 0. 0. 0. 0. 0. 1. 1. 1. 0. 1.
  1. 0. 1. 1. 0. 1. 0. 0. 1. 0. 1. 0. 0. 1. 1. 0. 1. 1. 1. 1. 1. 1. 0. 0.
  0. 0. 0. 0.]
 [0. 1. 1. 0. 0. 1. 0. 1. 1. 1. 1. 0. 0. 0. 1. 1. 0. 0. 0. 1. 0. 0. 1. 1.
  1. 0. 1. 1. 1. 0. 0. 0. 1. 0. 0. 0. 0. 0. 1. 0. 0. 1. 0. 0. 0. 1. 1. 1.
  1. 1. 1. 1. 0. 1. 1. 1. 1. 0. 1. 0. 0. 1. 0. 0. 0. 1. 0. 0. 1. 0. 0. 0.
  1. 1. 1. 0. 1. 1. 0. 1. 1. 0. 0. 1. 1. 0. 1. 1. 0. 1. 0. 0. 0. 1. 1. 1.
  0. 0. 1. 0.]
 [0. 0. 0. 0. 0. 0. 1. 0. 1. 0. 1. 1. 0. 0. 1. 0. 1. 0. 0. 1. 0. 1. 0. 1.
  1. 1. 0. 0. 1. 1. 1. 0. 1. 0. 0. 1. 1. 1. 1. 0. 1. 1. 1. 1. 1. 0. 0. 0.
  0. 0. 0. 1. 0. 1. 1. 0. 1. 0. 1. 0. 1. 0. 1. 1. 0. 0. 1. 1. 0. 0. 0. 0.
  0. 0. 1. 0. 0. 0. 1. 1. 0. 1. 0. 1. 0. 1. 0. 0. 0. 0. 0. 1. 1. 0. 0. 0.
  0. 0. 1. 1.]
 [1. 0. 0. 1. 1. 0. 1. 1. 0. 1. 1. 0. 1. 1. 0. 1. 1. 0. 1. 0. 0. 1. 0. 0.
  0. 0. 1. 1. 0. 1. 1. 1. 0. 0. 1. 0. 0. 1. 0. 0. 0. 1. 0. 0. 1. 0. 0. 0.
  1. 0. 1. 1. 0. 0. 0. 0. 0. 1. 0. 0. 1. 0. 0. 1. 0. 1. 1. 0. 1. 0. 0. 0.
  1. 0. 0. 1. 1. 0. 0. 1. 1. 0. 0. 0. 1. 1. 0. 1. 1. 1. 0. 0. 0. 0. 0. 1.
  0. 0. 0. 1.]
 [1. 0. 1. 0. 1. 1. 1. 0. 1. 0. 0. 0. 1. 0. 0. 0. 0. 0. 0. 0. 1. 1. 0. 0.
  0. 0. 1. 1. 0. 1. 1. 1. 1. 1. 1. 0. 1. 0. 1. 0. 1. 1. 1. 1. 0. 1. 0. 1.
  1. 0. 1. 0. 0. 0. 1. 0. 1. 1. 0. 0. 0. 1. 0. 0. 0. 0. 1. 0. 0. 0. 0. 0.
  0. 0. 0. 0. 0. 1. 1. 1. 0. 1. 0. 1. 0. 0. 0. 1. 1. 0. 0. 1. 0. 0. 1. 0.
  1. 1. 1. 0.]
 [1. 0. 1. 1. 0. 0. 1. 1. 1. 0. 0. 1. 0. 0. 0. 0. 1. 1. 0. 0. 1. 1. 1. 0.
  0. 0. 0. 0. 0. 0. 1. 1. 0. 0. 1. 0. 1. 0. 0. 1. 0. 0. 0. 1. 1. 0. 0. 1.
  1. 1. 1. 0. 1. 1. 1. 1. 1. 1. 0. 0. 1. 0. 0. 0. 1. 0. 1. 0. 1. 1. 0. 1.
  0. 0. 1. 1. 1. 0. 0. 0. 1. 1. 1. 1. 0. 1. 1. 0. 1. 0. 0. 1. 1. 1. 0. 0.
  1. 0. 1. 1.]
 [0. 0. 0. 1. 0. 1. 0. 1. 0. 0. 1. 0. 0. 0. 0. 0. 0. 1. 1. 0. 1. 0. 0. 0.
  0. 0. 0. 1. 0. 0. 0. 1. 1. 0. 1. 1. 0. 0. 1. 0. 0. 1. 0. 1. 1. 0. 0. 0.
  1. 1. 0. 1. 0. 1. 1. 0. 1. 1. 1. 1. 1. 1. 1. 0. 0. 1. 1. 0. 1. 1. 1. 0.
  0. 0. 1. 1. 1. 0. 1. 1. 1. 0. 0. 0. 1. 1. 0. 0. 0. 0. 0. 1. 0. 0. 0. 1.
  1. 1. 1. 0.]
 [0. 1. 1. 0. 0. 0. 0. 0. 1. 1. 0. 0. 0. 0. 1. 1. 1. 0. 0. 0. 1. 0. 1. 0.
  0. 1. 1. 1. 0. 0. 1. 1. 0. 0. 0. 0. 0. 1. 0. 1. 0. 0. 1. 1. 1. 0. 1. 0.
  1. 0. 1. 1. 0. 0. 1. 1. 0. 1. 0. 0. 0. 0. 1. 0. 1. 1. 0. 1. 0. 0. 0. 0.
  0. 0. 0. 0. 1. 1. 0. 0. 1. 0. 0. 1. 1. 0. 1. 1. 0. 1. 0. 0. 1. 0. 1. 0.
  0. 0. 0. 1.]
 [0. 1. 1. 1. 0. 0. 0. 0. 1. 0. 0. 0. 0. 0. 1. 0. 0. 0. 0. 0. 0. 0. 0. 1.
  0. 0. 0. 1. 1. 1. 1. 0. 1. 0. 1. 1. 0. 1. 0. 1. 1. 0. 0. 0. 1. 1. 1. 1.
  0. 1. 0. 0. 0. 1. 0. 0. 1. 1. 0. 1. 1. 0. 1. 0. 1. 1. 1. 1. 0. 0. 0. 1.
  0. 0. 0. 1. 1. 0. 1. 0. 0. 0. 0. 1. 1. 0. 1. 0. 1. 0. 0. 1. 0. 1. 1. 0.
  0. 1. 0. 0.]
 [1. 0. 0. 0. 1. 1. 1. 1. 0. 0. 0. 0. 1. 1. 0. 0. 1. 0. 1. 0. 1. 1. 0. 0.
  1. 0. 1. 0. 1. 1. 1. 0. 0. 0. 1. 1. 0. 1. 0. 1. 1. 0. 0. 1. 1. 0. 1. 0.
  0. 1. 1. 0. 0. 1. 1. 0. 0. 1. 0. 1. 0. 0. 1. 0. 1. 1. 1. 0. 0. 0. 0. 0.
  0. 0. 0. 0. 0. 0. 1. 0. 0. 0. 0. 0. 0. 0. 1. 0. 1. 1. 1. 0. 0. 1. 1. 1.
  0. 0. 1. 1.]
 [0. 0. 1. 0. 1. 0. 1. 0. 1. 0. 0. 0. 1. 0. 0. 0. 0. 1. 0. 1. 1. 0. 0. 0.
  0. 1. 0. 0. 0. 1. 1. 0. 0. 1. 1. 0. 0. 1. 0. 1. 0. 0. 1. 1. 1. 0. 1. 0.
  0. 0. 0. 1. 0. 1. 1. 1. 1. 0. 1. 1. 1. 1. 1. 1. 1. 0. 0. 1. 0. 0. 0. 0.
  1. 0. 0. 1. 0. 0. 1. 1. 1. 0. 0. 0. 1. 1. 0. 1. 1. 0. 1. 0. 1. 0. 1. 0.
  1. 1. 1. 1.]
 [1. 0. 1. 0. 0. 1. 0. 1. 1. 0. 1. 0. 1. 0. 1. 0. 0. 1. 1. 0. 1. 0. 0. 0.
  1. 0. 1. 1. 1. 0. 0. 1. 1. 0. 1. 1. 0. 0. 1. 1. 1. 0. 1. 0. 1. 1. 0. 0.
  1. 0. 0. 0. 1. 1. 0. 0. 1. 0. 0. 1. 0. 0. 1. 0. 1. 0. 1. 0. 1. 1. 1. 1.
  1. 0. 0. 1. 0. 0. 0. 1. 1. 0. 0. 0. 0. 0. 1. 0. 0. 1. 1. 1. 0. 0. 1. 1.
  1. 1. 0. 0.]
 [1. 0. 1. 1. 1. 1. 0. 0. 0. 0. 1. 1. 0. 0. 0. 1. 1. 0. 0. 0. 1. 1. 0. 0.
  1. 0. 0. 1. 0. 1. 1. 0. 0. 0. 0. 0. 1. 0. 0. 1. 1. 0. 1. 0. 0. 1. 1. 1.
  0. 0. 1. 1. 1. 0. 1. 1. 1. 1. 1. 1. 0. 0. 1. 1. 1. 0. 1. 1. 1. 0. 0. 1.
  1. 1. 1. 1. 1. 0. 0. 0. 0. 0. 1. 0. 0. 0. 1. 0. 1. 1. 0. 1. 1. 0. 1. 1.
  0. 1. 0. 1.]
 [1. 1. 0. 1. 1. 1. 0. 0. 1. 0. 0. 1. 0. 0. 1. 0. 1. 0. 0. 0. 1. 0. 1. 0.
  0. 1. 0. 1. 1. 0. 1. 0. 1. 1. 1. 0. 1. 0. 0. 0. 0. 0. 0. 0. 1. 0. 0. 0.
  1. 1. 1. 1. 1. 1. 1. 1. 1. 1. 1. 0. 0. 0. 0. 0. 1. 1. 1. 1. 0. 1. 1. 1.
  1. 1. 0. 1. 1. 0. 1. 0. 1. 1. 0. 1. 1. 1. 0. 0. 0. 1. 0. 1. 1. 1. 1. 1.
  1. 1. 0. 1.]
 [1. 1. 1. 0. 1. 0. 1. 1. 0. 0. 0. 0. 0. 0. 0. 1. 0. 0. 0. 0. 0. 0. 0. 1.
  0. 0. 0. 0. 0. 0. 1. 1. 1. 0. 1. 0. 1. 0. 0. 1. 1. 1. 0. 1. 1. 0. 0. 1.
  0. 0. 0. 0. 0. 1. 0. 1. 0. 0. 0. 0. 1. 0. 1. 1. 1. 0. 1. 1. 1. 1. 0. 1.
  1. 1. 1. 0. 1. 1. 0. 0. 1. 1. 1. 1. 0. 0. 0. 1. 1. 0. 1. 0. 0. 1. 1. 1.
  1. 0. 1. 0.]
 [0. 1. 1. 1. 0. 0. 0. 0. 0. 1. 1. 1. 1. 0. 1. 1. 1. 1. 1. 0. 0. 0. 0. 0.
  0. 0. 0. 0. 0. 0. 0. 0. 0. 0. 0. 0. 0. 0. 0. 0. 0. 0. 0. 0. 0. 0. 0. 0.
  0. 0. 0. 0. 0. 0. 0. 0. 0. 0. 0. 0. 0. 0. 0. 0. 0. 0. 0. 0. 0. 0. 0. 0.
  0. 0. 0. 0. 0. 0. 0. 0. 0. 0. 0. 0. 0. 0. 0. 0. 0. 0. 0. 0. 0. 0. 0. 0.
  0. 0. 0. 0.]
 [1. 0. 1. 1. 1. 1. 0. 1. 1. 1. 1. 0. 0. 0. 1. 0. 0. 1. 0. 0. 0. 0. 0. 0.
  0. 0. 0. 0. 0. 0. 0. 0. 0. 0. 0. 0. 0. 0. 0. 0. 0. 0. 0. 0. 0. 0. 0. 0.
  0. 0. 0. 0. 0. 0. 0. 0. 0. 0. 0. 0. 0. 0. 0. 0. 0. 0. 0. 0. 0. 0. 0. 0.
  0. 0. 0. 0. 0. 0. 0. 0. 0. 0. 0. 0. 0. 0. 0. 0. 0. 0. 0. 0. 0. 0. 0. 0.
  0. 0. 0. 0.]
 [0. 0. 1. 1. 1. 1. 1. 0. 0. 0. 1. 0. 1. 0. 0. 0. 0. 0. 1. 0. 0. 0. 0. 0.
  0. 0. 0. 0. 0. 0. 0. 0. 0. 0. 0. 0. 0. 0. 0. 0. 0. 0. 0. 0. 0. 0. 0. 0.
  0. 0. 0. 0. 0. 0. 0. 0. 0. 0. 0. 0. 0. 0. 0. 0. 0. 0. 0. 0. 0. 0. 0. 0.
  0. 0. 0. 0. 0. 0. 0. 0. 0. 0. 0. 0. 0. 0. 0. 0. 0. 0. 0. 0. 0. 0. 0. 0.
  0. 0. 0. 0.]
 [1. 1. 1. 0. 0. 1. 1. 1. 0. 0. 0. 0. 0. 1. 0. 0. 0. 0. 0. 1. 0. 0. 0. 0.
  0. 0. 0. 0. 0. 0. 0. 0. 0. 0. 0. 0. 0. 0. 0. 0. 0. 0. 0. 0. 0. 0. 0. 0.
  0. 0. 0. 0. 0. 0. 0. 0. 0. 0. 0. 0. 0. 0. 0. 0. 0. 0. 0. 0. 0. 0. 0. 0.
  0. 0. 0. 0. 0. 0. 0. 0. 0. 0. 0. 0. 0. 0. 0. 0. 0. 0. 0. 0. 0. 0. 0. 0.
  0. 0. 0. 0.]
 [0. 0. 0. 0. 0. 0. 1. 1. 0. 0. 0. 0. 0. 0. 1. 0. 1. 1. 0. 0. 0. 0. 0. 0.
  0. 0. 0. 0. 0. 0. 0. 0. 0. 0. 0. 0. 0. 0. 0. 0. 0. 0. 0. 0. 0. 0. 0. 0.
  0. 0. 0. 0. 0. 0. 0. 0. 0. 0. 0. 0. 0. 0. 0. 0. 0. 0. 0. 0. 0. 0. 0. 0.
  0. 0. 0. 0. 0. 0. 0. 0. 0. 0. 0. 0. 0. 0. 0. 0. 0. 0. 0. 0. 0. 0. 0. 0.
  0. 0. 0. 0.]
 [1. 1. 1. 1. 0. 0. 0. 1. 0. 0. 0. 0. 1. 0. 0. 1. 0. 0. 1. 0. 0. 0. 0. 0.
  0. 0. 0. 0. 0. 0. 0. 0. 0. 0. 0. 0. 0. 0. 0. 0. 0. 0. 0. 0. 0. 0. 0. 0.
  0. 0. 0. 0. 0. 0. 0. 0. 0. 0. 0. 0. 0. 0. 0. 0. 0. 0. 0. 0. 0. 0. 0. 0.
  0. 0. 0. 0. 0. 0. 0. 0. 0. 0. 0. 0. 0. 0. 0. 0. 0. 0. 0. 0. 0. 0. 0. 0.
  0. 0. 0. 0.]
 [0. 0. 0. 0. 0. 1. 1. 0. 1. 1. 0. 0. 1. 0. 1. 0. 1. 0. 0. 0. 0. 0. 0. 0.
  0. 0. 0. 0. 0. 0. 0. 0. 0. 0. 0. 0. 0. 0. 0. 0. 0. 0. 0. 0. 0. 0. 0. 0.
  0. 0. 0. 0. 0. 0. 0. 0. 0. 0. 0. 0. 0. 0. 0. 0. 0. 0. 0. 0. 0. 0. 0. 0.
  0. 0. 0. 0. 0. 0. 0. 0. 0. 0. 0. 0. 0. 0. 0. 0. 0. 0. 0. 0. 0. 0. 0. 0.
  0. 0. 0. 0.]
 [1. 1. 1. 0. 0. 0. 1. 0. 1. 1. 0. 1. 1. 1. 0. 0. 1. 1. 1. 0. 0. 0. 0. 0.
  0. 0. 0. 0. 0. 0. 0. 0. 0. 0. 0. 0. 0. 0. 0. 0. 0. 0. 0. 0. 0. 0. 0. 0.
  0. 0. 0. 0. 0. 0. 0. 0. 0. 0. 0. 0. 0. 0. 0. 0. 0. 0. 0. 0. 0. 0. 0. 0.
  0. 0. 0. 0. 0. 0. 0. 0. 0. 0. 0. 0. 0. 0. 0. 0. 0. 0. 0. 0. 0. 0. 0. 0.
  0. 0. 0. 0.]
 [0. 1. 1. 0. 0. 0. 1. 1. 0. 0. 0. 0. 0. 1. 1. 0. 1. 0. 1. 0. 0. 0. 0. 0.
  0. 0. 0. 0. 0. 0. 0. 0. 0. 0. 0. 0. 0. 0. 0. 0. 0. 0. 0. 0. 0. 0. 0. 0.
  0. 0. 0. 0. 0. 0. 0. 0. 0. 0. 0. 0. 0. 0. 0. 0. 0. 0. 0. 0. 0. 0. 0. 0.
  0. 0. 0. 0. 0. 0. 0. 0. 0. 0. 0. 0. 0. 0. 0. 0. 0. 0. 0. 0. 0. 0. 0. 0.
  0. 0. 0. 0.]
 [0. 1. 1. 0. 0. 1. 0. 1. 1. 1. 0. 0. 0. 1. 1. 1. 0. 1. 0. 0. 0. 0. 0. 0.
  0. 0. 0. 0. 0. 0. 0. 0. 0. 0. 0. 0. 0. 0. 0. 0. 0. 0. 0. 0. 0. 0. 0. 0.
  0. 0. 0. 0. 0. 0. 0. 0. 0. 0. 0. 0. 0. 0. 0. 0. 0. 0. 0. 0. 0. 0. 0. 0.
  0. 0. 0. 0. 0. 0. 0. 0. 0. 0. 0. 0. 0. 0. 0. 0. 0. 0. 0. 0. 0. 0. 0. 0.
  0. 0. 0. 0.]
 [1. 1. 1. 1. 1. 0. 0. 1. 1. 1. 1. 0. 1. 1. 1. 1. 0. 1. 1. 1. 0. 0. 0. 0.
  0. 0. 0. 0. 0. 0. 0. 0. 0. 0. 0. 0. 0. 0. 0. 0. 0. 0. 0. 0. 0. 0. 0. 0.
  0. 0. 0. 0. 0. 0. 0. 0. 0. 0. 0. 0. 0. 0. 0. 0. 0. 0. 0. 0. 0. 0. 0. 0.
  0. 0. 0. 0. 0. 0. 0. 0. 0. 0. 0. 0. 0. 0. 0. 0. 0. 0. 0. 0. 0. 0. 0. 0.
  0. 0. 0. 0.]
 [1. 0. 0. 0. 1. 1. 0. 0. 1. 1. 1. 1. 1. 0. 0. 0. 1. 0. 0. 1. 0. 0. 0. 0.
  0. 0. 0. 0. 0. 0. 0. 0. 0. 0. 0. 0. 0. 0. 0. 0. 0. 0. 0. 0. 0. 0. 0. 0.
  0. 0. 0. 0. 0. 0. 0. 0. 0. 0. 0. 0. 0. 0. 0. 0. 0. 0. 0. 0. 0. 0. 0. 0.
  0. 0. 0. 0. 0. 0. 0. 0. 0. 0. 0. 0. 0. 0. 0. 0. 0. 0. 0. 0. 0. 0. 0. 0.
  0. 0. 0. 0.]
 [0. 1. 0. 1. 0. 1. 1. 1. 0. 1. 0. 1. 0. 1. 0. 0. 1. 0. 1. 1. 0. 0. 0. 0.
  0. 0. 0. 0. 0. 0. 0. 0. 0. 0. 0. 0. 0. 0. 0. 0. 0. 0. 0. 0. 0. 0. 0. 0.
  0. 0. 0. 0. 0. 0. 0. 0. 0. 0. 0. 0. 0. 0. 0. 0. 0. 0. 0. 0. 0. 0. 0. 0.
  0. 0. 0. 0. 0. 0. 0. 0. 0. 0. 0. 0. 0. 0. 0. 0. 0. 0. 0. 0. 0. 0. 0. 0.
  0. 0. 0. 0.]
 [0. 0. 0. 1. 1. 1. 0. 0. 0. 1. 0. 0. 0. 0. 0. 1. 0. 0. 1. 0. 0. 0. 0. 0.
  0. 0. 0. 0. 0. 0. 0. 0. 0. 0. 0. 0. 0. 0. 0. 0. 0. 0. 0. 0. 0. 0. 0. 0.
  0. 0. 0. 0. 0. 0. 0. 0. 0. 0. 0. 0. 0. 0. 0. 0. 0. 0. 0. 0. 0. 0. 0. 0.
  0. 0. 0. 0. 0. 0. 0. 0. 0. 0. 0. 0. 0. 0. 0. 0. 0. 0. 0. 0. 0. 0. 0. 0.
  0. 0. 0. 0.]
 [1. 0. 0. 1. 1. 1. 0. 0. 1. 1. 1. 1. 0. 1. 1. 1. 1. 0. 1. 1. 0. 0. 0. 0.
  0. 0. 0. 0. 0. 0. 0. 0. 0. 0. 0. 0. 0. 0. 0. 0. 0. 0. 0. 0. 0. 0. 0. 0.
  0. 0. 0. 0. 0. 0. 0. 0. 0. 0. 0. 0. 0. 0. 0. 0. 0. 0. 0. 0. 0. 0. 0. 0.
  0. 0. 0. 0. 0. 0. 0. 0. 0. 0. 0. 0. 0. 0. 0. 0. 0. 0. 0. 0. 0. 0. 0. 0.
  0. 0. 0. 0.]
 [0. 1. 1. 1. 1. 0. 0. 1. 0. 0. 0. 1. 0. 1. 1. 0. 1. 0. 0. 0. 0. 0. 0. 0.
  0. 0. 0. 0. 0. 0. 0. 0. 0. 0. 0. 0. 0. 0. 0. 0. 0. 0. 0. 0. 0. 0. 0. 0.
  0. 0. 0. 0. 0. 0. 0. 0. 0. 0. 0. 0. 0. 0. 0. 0. 0. 0. 0. 0. 0. 0. 0. 0.
  0. 0. 0. 0. 0. 0. 0. 0. 0. 0. 0. 0. 0. 0. 0. 0. 0. 0. 0. 0. 0. 0. 0. 0.
  0. 0. 0. 0.]
 [0. 1. 1. 1. 1. 1. 0. 1. 0. 1. 1. 0. 0. 0. 0. 0. 0. 1. 1. 1. 0. 0. 0. 0.
  0. 0. 0. 0. 0. 0. 0. 0. 0. 0. 0. 0. 0. 0. 0. 0. 0. 0. 0. 0. 0. 0. 0. 0.
  0. 0. 0. 0. 0. 0. 0. 0. 0. 0. 0. 0. 0. 0. 0. 0. 0. 0. 0. 0. 0. 0. 0. 0.
  0. 0. 0. 0. 0. 0. 0. 0. 0. 0. 0. 0. 0. 0. 0. 0. 0. 0. 0. 0. 0. 0. 0. 0.
  0. 0. 0. 0.]
 [1. 1. 1. 0. 1. 1. 0. 1. 1. 0. 0. 0. 1. 1. 1. 1. 0. 0. 0. 0. 0. 0. 0. 0.
  0. 0. 0. 0. 0. 0. 0. 0. 0. 0. 0. 0. 0. 0. 0. 0. 0. 0. 0. 0. 0. 0. 0. 0.
  0. 0. 0. 0. 0. 0. 0. 0. 0. 0. 0. 0. 0. 0. 0. 0. 0. 0. 0. 0. 0. 0. 0. 0.
  0. 0. 0. 0. 0. 0. 0. 0. 0. 0. 0. 0. 0. 0. 0. 0. 0. 0. 0. 0. 0. 0. 0. 0.
  0. 0. 0. 0.]
 [1. 0. 0. 0. 1. 0. 1. 1. 0. 1. 0. 1. 0. 0. 0. 0. 1. 0. 0. 0. 0. 0. 0. 0.
  0. 0. 0. 0. 0. 0. 0. 0. 0. 0. 0. 0. 0. 0. 0. 0. 0. 0. 0. 0. 0. 0. 0. 0.
  0. 0. 0. 0. 0. 0. 0. 0. 0. 0. 0. 0. 0. 0. 0. 0. 0. 0. 0. 0. 0. 0. 0. 0.
  0. 0. 0. 0. 0. 0. 0. 0. 0. 0. 0. 0. 0. 0. 0. 0. 0. 0. 0. 0. 0. 0. 0. 0.
  0. 0. 0. 0.]
 [1. 0. 0. 0. 1. 0. 0. 0. 0. 0. 1. 0. 1. 1. 1. 1. 1. 1. 0. 1. 0. 0. 0. 0.
  0. 0. 0. 0. 0. 0. 0. 0. 0. 0. 0. 0. 0. 0. 0. 0. 0. 0. 0. 0. 0. 0. 0. 0.
  0. 0. 0. 0. 0. 0. 0. 0. 0. 0. 0. 0. 0. 0. 0. 0. 0. 0. 0. 0. 0. 0. 0. 0.
  0. 0. 0. 0. 0. 0. 0. 0. 0. 0. 0. 0. 0. 0. 0. 0. 0. 0. 0. 0. 0. 0. 0. 0.
  0. 0. 0. 0.]
 [1. 0. 0. 0. 1. 1. 0. 1. 0. 1. 0. 0. 0. 1. 1. 0. 1. 1. 0. 1. 0. 0. 0. 0.
  0. 0. 0. 0. 0. 0. 0. 0. 0. 0. 0. 0. 0. 0. 0. 0. 0. 0. 0. 0. 0. 0. 0. 0.
  0. 0. 0. 0. 0. 0. 0. 0. 0. 0. 0. 0. 0. 0. 0. 0. 0. 0. 0. 0. 0. 0. 0. 0.
  0. 0. 0. 0. 0. 0. 0. 0. 0. 0. 0. 0. 0. 0. 0. 0. 0. 0. 0. 0. 0. 0. 0. 0.
  0. 0. 0. 0.]
 [1. 0. 0. 0. 1. 1. 1. 1. 1. 1. 0. 1. 0. 0. 0. 0. 0. 0. 0. 1. 0. 0. 0. 0.
  0. 0. 0. 0. 0. 0. 0. 0. 0. 0. 0. 0. 0. 0. 0. 0. 0. 0. 0. 0. 0. 0. 0. 0.
  0. 0. 0. 0. 0. 0. 0. 0. 0. 0. 0. 0. 0. 0. 0. 0. 0. 0. 0. 0. 0. 0. 0. 0.
  0. 0. 0. 0. 0. 0. 0. 0. 0. 0. 0. 0. 0. 0. 0. 0. 0. 0. 0. 0. 0. 0. 0. 0.
  0. 0. 0. 0.]
 [1. 0. 1. 0. 0. 0. 0. 1. 0. 1. 0. 0. 1. 0. 0. 1. 1. 1. 0. 0. 0. 0. 0. 0.
  0. 0. 0. 0. 0. 0. 0. 0. 0. 0. 0. 0. 0. 0. 0. 0. 0. 0. 0. 0. 0. 0. 0. 0.
  0. 0. 0. 0. 0. 0. 0. 0. 0. 0. 0. 0. 0. 0. 0. 0. 0. 0. 0. 0. 0. 0. 0. 0.
  0. 0. 0. 0. 0. 0. 0. 0. 0. 0. 0. 0. 0. 0. 0. 0. 0. 0. 0. 0. 0. 0. 0. 0.
  0. 0. 0. 0.]
 [0. 0. 0. 1. 0. 0. 0. 1. 0. 1. 1. 1. 1. 0. 1. 1. 0. 0. 0. 1. 0. 0. 0. 0.
  0. 0. 0. 0. 0. 0. 0. 0. 0. 0. 0. 0. 0. 0. 0. 0. 0. 0. 0. 0. 0. 0. 0. 0.
  0. 0. 0. 0. 0. 0. 0. 0. 0. 0. 0. 0. 0. 0. 0. 0. 0. 0. 0. 0. 0. 0. 0. 0.
  0. 0. 0. 0. 0. 0. 0. 0. 0. 0. 0. 0. 0. 0. 0. 0. 0. 0. 0. 0. 0. 0. 0. 0.
  0. 0. 0. 0.]
 [0. 1. 0. 1. 1. 0. 0. 1. 1. 0. 1. 1. 1. 1. 1. 1. 1. 0. 1. 1. 0. 0. 0. 0.
  0. 0. 0. 0. 0. 0. 0. 0. 0. 0. 0. 0. 0. 0. 0. 0. 0. 0. 0. 0. 0. 0. 0. 0.
  0. 0. 0. 0. 0. 0. 0. 0. 0. 0. 0. 0. 0. 0. 0. 0. 0. 0. 0. 0. 0. 0. 0. 0.
  0. 0. 0. 0. 0. 0. 0. 0. 0. 0. 0. 0. 0. 0. 0. 0. 0. 0. 0. 0. 0. 0. 0. 0.
  0. 0. 0. 0.]
 [0. 1. 0. 1. 1. 1. 1. 0. 0. 1. 0. 0. 0. 1. 0. 0. 1. 1. 0. 0. 0. 0. 0. 0.
  0. 0. 0. 0. 0. 0. 0. 0. 0. 0. 0. 0. 0. 0. 0. 0. 0. 0. 0. 0. 0. 0. 0. 0.
  0. 0. 0. 0. 0. 0. 0. 0. 0. 0. 0. 0. 0. 0. 0. 0. 0. 0. 0. 0. 0. 0. 0. 0.
  0. 0. 0. 0. 0. 0. 0. 0. 0. 0. 0. 0. 0. 0. 0. 0. 0. 0. 0. 0. 0. 0. 0. 0.
  0. 0. 0. 0.]
 [0. 1. 1. 0. 1. 1. 1. 0. 0. 0. 0. 0. 1. 1. 1. 1. 0. 1. 0. 0. 0. 0. 0. 0.
  0. 0. 0. 0. 0. 0. 0. 0. 0. 0. 0. 0. 0. 0. 0. 0. 0. 0. 0. 0. 0. 0. 0. 0.
  0. 0. 0. 0. 0. 0. 0. 0. 0. 0. 0. 0. 0. 0. 0. 0. 0. 0. 0. 0. 0. 0. 0. 0.
  0. 0. 0. 0. 0. 0. 0. 0. 0. 0. 0. 0. 0. 0. 0. 0. 0. 0. 0. 0. 0. 0. 0. 0.
  0. 0. 0. 0.]
 [0. 1. 1. 0. 1. 0. 1. 0. 0. 1. 1. 0. 0. 1. 0. 0. 0. 1. 0. 1. 0. 0. 0. 0.
  0. 0. 0. 0. 0. 0. 0. 0. 0. 0. 0. 0. 0. 0. 0. 0. 0. 0. 0. 0. 0. 0. 0. 0.
  0. 0. 0. 0. 0. 0. 0. 0. 0. 0. 0. 0. 0. 0. 0. 0. 0. 0. 0. 0. 0. 0. 0. 0.
  0. 0. 0. 0. 0. 0. 0. 0. 0. 0. 0. 0. 0. 0. 0. 0. 0. 0. 0. 0. 0. 0. 0. 0.
  0. 0. 0. 0.]
 [0. 1. 0. 0. 1. 1. 1. 0. 1. 1. 1. 1. 1. 0. 0. 0. 1. 0. 1. 0. 0. 0. 0. 0.
  0. 0. 0. 0. 0. 0. 0. 0. 0. 0. 0. 0. 0. 0. 0. 0. 0. 0. 0. 0. 0. 0. 0. 0.
  0. 0. 0. 0. 0. 0. 0. 0. 0. 0. 0. 0. 0. 0. 0. 0. 0. 0. 0. 0. 0. 0. 0. 0.
  0. 0. 0. 0. 0. 0. 0. 0. 0. 0. 0. 0. 0. 0. 0. 0. 0. 0. 0. 0. 0. 0. 0. 0.
  0. 0. 0. 0.]
 [1. 1. 0. 0. 1. 0. 1. 0. 0. 0. 1. 1. 0. 1. 1. 0. 0. 0. 1. 0. 0. 0. 0. 0.
  0. 0. 0. 0. 0. 0. 0. 0. 0. 0. 0. 0. 0. 0. 0. 0. 0. 0. 0. 0. 0. 0. 0. 0.
  0. 0. 0. 0. 0. 0. 0. 0. 0. 0. 0. 0. 0. 0. 0. 0. 0. 0. 0. 0. 0. 0. 0. 0.
  0. 0. 0. 0. 0. 0. 0. 0. 0. 0. 0. 0. 0. 0. 0. 0. 0. 0. 0. 0. 0. 0. 0. 0.
  0. 0. 0. 0.]
 [1. 1. 0. 0. 1. 0. 1. 0. 1. 1. 1. 0. 1. 0. 1. 0. 0. 1. 1. 0. 0. 0. 0. 0.
  0. 0. 0. 0. 0. 0. 0. 0. 0. 0. 0. 0. 0. 0. 0. 0. 0. 0. 0. 0. 0. 0. 0. 0.
  0. 0. 0. 0. 0. 0. 0. 0. 0. 0. 0. 0. 0. 0. 0. 0. 0. 0. 0. 0. 0. 0. 0. 0.
  0. 0. 0. 0. 0. 0. 0. 0. 0. 0. 0. 0. 0. 0. 0. 0. 0. 0. 0. 0. 0. 0. 0. 0.
  0. 0. 0. 0.]
 [0. 0. 0. 1. 0. 1. 1. 1. 1. 0. 0. 1. 1. 0. 0. 1. 0. 1. 1. 0. 0. 0. 0. 0.
  0. 0. 0. 0. 0. 0. 0. 0. 0. 0. 0. 0. 0. 0. 0. 0. 0. 0. 0. 0. 0. 0. 0. 0.
  0. 0. 0. 0. 0. 0. 0. 0. 0. 0. 0. 0. 0. 0. 0. 0. 0. 0. 0. 0. 0. 0. 0. 0.
  0. 0. 0. 0. 0. 0. 0. 0. 0. 0. 0. 0. 0. 0. 0. 0. 0. 0. 0. 0. 0. 0. 0. 0.
  0. 0. 0. 0.]
 [0. 0. 1. 0. 0. 1. 0. 0. 0. 0. 1. 0. 0. 0. 0. 0. 1. 1. 1. 0. 0. 0. 0. 0.
  0. 0. 0. 0. 0. 0. 0. 0. 0. 0. 0. 0. 0. 0. 0. 0. 0. 0. 0. 0. 0. 0. 0. 0.
  0. 0. 0. 0. 0. 0. 0. 0. 0. 0. 0. 0. 0. 0. 0. 0. 0. 0. 0. 0. 0. 0. 0. 0.
  0. 0. 0. 0. 0. 0. 0. 0. 0. 0. 0. 0. 0. 0. 0. 0. 0. 0. 0. 0. 0. 0. 0. 0.
  0. 0. 0. 0.]
 [0. 0. 1. 1. 1. 1. 1. 1. 0. 0. 1. 1. 0. 1. 1. 1. 1. 0. 1. 1. 0. 0. 0. 0.
  0. 0. 0. 0. 0. 0. 0. 0. 0. 0. 0. 0. 0. 0. 0. 0. 0. 0. 0. 0. 0. 0. 0. 0.
  0. 0. 0. 0. 0. 0. 0. 0. 0. 0. 0. 0. 0. 0. 0. 0. 0. 0. 0. 0. 0. 0. 0. 0.
  0. 0. 0. 0. 0. 0. 0. 0. 0. 0. 0. 0. 0. 0. 0. 0. 0. 0. 0. 0. 0. 0. 0. 0.
  0. 0. 0. 0.]
 [1. 0. 0. 0. 1. 0. 1. 1. 0. 1. 1. 1. 1. 0. 1. 1. 0. 1. 1. 0. 0. 0. 0. 0.
  0. 0. 0. 0. 0. 0. 0. 0. 0. 0. 0. 0. 0. 0. 0. 0. 0. 0. 0. 0. 0. 0. 0. 0.
  0. 0. 0. 0. 0. 0. 0. 0. 0. 0. 0. 0. 0. 0. 0. 0. 0. 0. 0. 0. 0. 0. 0. 0.
  0. 0. 0. 0. 0. 0. 0. 0. 0. 0. 0. 0. 0. 0. 0. 0. 0. 0. 0. 0. 0. 0. 0. 0.
  0. 0. 0. 0.]
 [1. 1. 0. 1. 0. 1. 1. 0. 0. 0. 1. 0. 1. 0. 0. 1. 0. 1. 1. 1. 0. 0. 0. 0.
  0. 0. 0. 0. 0. 0. 0. 0. 0. 0. 0. 0. 0. 0. 0. 0. 0. 0. 0. 0. 0. 0. 0. 0.
  0. 0. 0. 0. 0. 0. 0. 0. 0. 0. 0. 0. 0. 0. 0. 0. 0. 0. 0. 0. 0. 0. 0. 0.
  0. 0. 0. 0. 0. 0. 0. 0. 0. 0. 0. 0. 0. 0. 0. 0. 0. 0. 0. 0. 0. 0. 0. 0.
  0. 0. 0. 0.]
 [1. 0. 1. 0. 0. 0. 1. 1. 0. 1. 1. 1. 0. 1. 0. 1. 1. 1. 1. 0. 0. 0. 0. 0.
  0. 0. 0. 0. 0. 0. 0. 0. 0. 0. 0. 0. 0. 0. 0. 0. 0. 0. 0. 0. 0. 0. 0. 0.
  0. 0. 0. 0. 0. 0. 0. 0. 0. 0. 0. 0. 0. 0. 0. 0. 0. 0. 0. 0. 0. 0. 0. 0.
  0. 0. 0. 0. 0. 0. 0. 0. 0. 0. 0. 0. 0. 0. 0. 0. 0. 0. 0. 0. 0. 0. 0. 0.
  0. 0. 0. 0.]
 [0. 1. 1. 0. 1. 1. 0. 0. 1. 1. 1. 1. 1. 1. 1. 0. 0. 1. 1. 0. 0. 0. 0. 0.
  0. 0. 0. 0. 0. 0. 0. 0. 0. 0. 0. 0. 0. 0. 0. 0. 0. 0. 0. 0. 0. 0. 0. 0.
  0. 0. 0. 0. 0. 0. 0. 0. 0. 0. 0. 0. 0. 0. 0. 0. 0. 0. 0. 0. 0. 0. 0. 0.
  0. 0. 0. 0. 0. 0. 0. 0. 0. 0. 0. 0. 0. 0. 0. 0. 0. 0. 0. 0. 0. 0. 0. 0.
  0. 0. 0. 0.]
 [1. 1. 1. 0. 0. 0. 1. 1. 0. 0. 0. 1. 0. 0. 0. 1. 0. 1. 1. 0. 0. 0. 0. 0.
  0. 0. 0. 0. 0. 0. 0. 0. 0. 0. 0. 0. 0. 0. 0. 0. 0. 0. 0. 0. 0. 0. 0. 0.
  0. 0. 0. 0. 0. 0. 0. 0. 0. 0. 0. 0. 0. 0. 0. 0. 0. 0. 0. 0. 0. 0. 0. 0.
  0. 0. 0. 0. 0. 0. 0. 0. 0. 0. 0. 0. 0. 0. 0. 0. 0. 0. 0. 0. 0. 0. 0. 0.
  0. 0. 0. 0.]
 [1. 1. 0. 0. 1. 1. 0. 0. 0. 0. 0. 1. 0. 1. 1. 1. 1. 1. 0. 0. 0. 0. 0. 0.
  0. 0. 0. 0. 0. 0. 0. 0. 0. 0. 0. 0. 0. 0. 0. 0. 0. 0. 0. 0. 0. 0. 0. 0.
  0. 0. 0. 0. 0. 0. 0. 0. 0. 0. 0. 0. 0. 0. 0. 0. 0. 0. 0. 0. 0. 0. 0. 0.
  0. 0. 0. 0. 0. 0. 0. 0. 0. 0. 0. 0. 0. 0. 0. 0. 0. 0. 0. 0. 0. 0. 0. 0.
  0. 0. 0. 0.]
 [1. 1. 1. 0. 1. 1. 0. 1. 1. 0. 1. 1. 0. 1. 0. 1. 0. 0. 0. 1. 0. 0. 0. 0.
  0. 0. 0. 0. 0. 0. 0. 0. 0. 0. 0. 0. 0. 0. 0. 0. 0. 0. 0. 0. 0. 0. 0. 0.
  0. 0. 0. 0. 0. 0. 0. 0. 0. 0. 0. 0. 0. 0. 0. 0. 0. 0. 0. 0. 0. 0. 0. 0.
  0. 0. 0. 0. 0. 0. 0. 0. 0. 0. 0. 0. 0. 0. 0. 0. 0. 0. 0. 0. 0. 0. 0. 0.
  0. 0. 0. 0.]
 [0. 0. 1. 0. 1. 1. 1. 0. 0. 1. 0. 1. 0. 0. 0. 1. 0. 0. 0. 0. 0. 0. 0. 0.
  0. 0. 0. 0. 0. 0. 0. 0. 0. 0. 0. 0. 0. 0. 0. 0. 0. 0. 0. 0. 0. 0. 0. 0.
  0. 0. 0. 0. 0. 0. 0. 0. 0. 0. 0. 0. 0. 0. 0. 0. 0. 0. 0. 0. 0. 0. 0. 0.
  0. 0. 0. 0. 0. 0. 0. 0. 0. 0. 0. 0. 0. 0. 0. 0. 0. 0. 0. 0. 0. 0. 0. 0.
  0. 0. 0. 0.]
 [1. 1. 1. 1. 1. 0. 0. 1. 0. 0. 0. 1. 1. 1. 1. 1. 1. 1. 0. 1. 0. 0. 0. 0.
  0. 0. 0. 0. 0. 0. 0. 0. 0. 0. 0. 0. 0. 0. 0. 0. 0. 0. 0. 0. 0. 0. 0. 0.
  0. 0. 0. 0. 0. 0. 0. 0. 0. 0. 0. 0. 0. 0. 0. 0. 0. 0. 0. 0. 0. 0. 0. 0.
  0. 0. 0. 0. 0. 0. 0. 0. 0. 0. 0. 0. 0. 0. 0. 0. 0. 0. 0. 0. 0. 0. 0. 0.
  0. 0. 0. 0.]
 [0. 1. 0. 0. 1. 0. 0. 1. 1. 0. 0. 0. 0. 0. 0. 1. 0. 1. 0. 1. 0. 0. 0. 0.
  0. 0. 0. 0. 0. 0. 0. 0. 0. 0. 0. 0. 0. 0. 0. 0. 0. 0. 0. 0. 0. 0. 0. 0.
  0. 0. 0. 0. 0. 0. 0. 0. 0. 0. 0. 0. 0. 0. 0. 0. 0. 0. 0. 0. 0. 0. 0. 0.
  0. 0. 0. 0. 0. 0. 0. 0. 0. 0. 0. 0. 0. 0. 0. 0. 0. 0. 0. 0. 0. 0. 0. 0.
  0. 0. 0. 0.]
 [0. 1. 1. 0. 0. 0. 0. 0. 0. 0. 1. 0. 1. 1. 1. 1. 1. 1. 1. 1. 0. 0. 0. 0.
  0. 0. 0. 0. 0. 0. 0. 0. 0. 0. 0. 0. 0. 0. 0. 0. 0. 0. 0. 0. 0. 0. 0. 0.
  0. 0. 0. 0. 0. 0. 0. 0. 0. 0. 0. 0. 0. 0. 0. 0. 0. 0. 0. 0. 0. 0. 0. 0.
  0. 0. 0. 0. 0. 0. 0. 0. 0. 0. 0. 0. 0. 0. 0. 0. 0. 0. 0. 0. 0. 0. 0. 0.
  0. 0. 0. 0.]
 [1. 0. 0. 0. 1. 0. 1. 0. 1. 0. 0. 1. 1. 1. 1. 0. 0. 0. 1. 0. 0. 0. 0. 0.
  0. 0. 0. 0. 0. 0. 0. 0. 0. 0. 0. 0. 0. 0. 0. 0. 0. 0. 0. 0. 0. 0. 0. 0.
  0. 0. 0. 0. 0. 0. 0. 0. 0. 0. 0. 0. 0. 0. 0. 0. 0. 0. 0. 0. 0. 0. 0. 0.
  0. 0. 0. 0. 0. 0. 0. 0. 0. 0. 0. 0. 0. 0. 0. 0. 0. 0. 0. 0. 0. 0. 0. 0.
  0. 0. 0. 0.]
 [0. 0. 1. 0. 1. 0. 0. 1. 1. 1. 1. 1. 0. 1. 1. 0. 1. 1. 1. 1. 0. 0. 0. 0.
  0. 0. 0. 0. 0. 0. 0. 0. 0. 0. 0. 0. 0. 0. 0. 0. 0. 0. 0. 0. 0. 0. 0. 0.
  0. 0. 0. 0. 0. 0. 0. 0. 0. 0. 0. 0. 0. 0. 0. 0. 0. 0. 0. 0. 0. 0. 0. 0.
  0. 0. 0. 0. 0. 0. 0. 0. 0. 0. 0. 0. 0. 0. 0. 0. 0. 0. 0. 0. 0. 0. 0. 0.
  0. 0. 0. 0.]
 [1. 1. 1. 1. 0. 1. 0. 1. 0. 0. 0. 0. 1. 1. 0. 1. 0. 1. 1. 1. 0. 0. 0. 0.
  0. 0. 0. 0. 0. 0. 0. 0. 0. 0. 0. 0. 0. 0. 0. 0. 0. 0. 0. 0. 0. 0. 0. 0.
  0. 0. 0. 0. 0. 0. 0. 0. 0. 0. 0. 0. 0. 0. 0. 0. 0. 0. 0. 0. 0. 0. 0. 0.
  0. 0. 0. 0. 0. 0. 0. 0. 0. 0. 0. 0. 0. 0. 0. 0. 0. 0. 0. 0. 0. 0. 0. 0.
  0. 0. 0. 0.]
 [0. 0. 0. 1. 1. 1. 1. 0. 1. 0. 1. 1. 0. 0. 0. 0. 1. 1. 0. 1. 0. 0. 0. 0.
  0. 0. 0. 0. 0. 0. 0. 0. 0. 0. 0. 0. 0. 0. 0. 0. 0. 0. 0. 0. 0. 0. 0. 0.
  0. 0. 0. 0. 0. 0. 0. 0. 0. 0. 0. 0. 0. 0. 0. 0. 0. 0. 0. 0. 0. 0. 0. 0.
  0. 0. 0. 0. 0. 0. 0. 0. 0. 0. 0. 0. 0. 0. 0. 0. 0. 0. 0. 0. 0. 0. 0. 0.
  0. 0. 0. 0.]
 [0. 0. 0. 0. 0. 1. 0. 0. 0. 0. 1. 1. 0. 0. 0. 0. 1. 0. 1. 1. 0. 0. 0. 0.
  0. 0. 0. 0. 0. 0. 0. 0. 0. 0. 0. 0. 0. 0. 0. 0. 0. 0. 0. 0. 0. 0. 0. 0.
  0. 0. 0. 0. 0. 0. 0. 0. 0. 0. 0. 0. 0. 0. 0. 0. 0. 0. 0. 0. 0. 0. 0. 0.
  0. 0. 0. 0. 0. 0. 0. 0. 0. 0. 0. 0. 0. 0. 0. 0. 0. 0. 0. 0. 0. 0. 0. 0.
  0. 0. 0. 0.]
 [1. 1. 1. 0. 0. 0. 0. 0. 0. 0. 0. 1. 0. 0. 0. 0. 1. 0. 1. 0. 0. 0. 0. 0.
  0. 0. 0. 0. 0. 0. 0. 0. 0. 0. 0. 0. 0. 0. 0. 0. 0. 0. 0. 0. 0. 0. 0. 0.
  0. 0. 0. 0. 0. 0. 0. 0. 0. 0. 0. 0. 0. 0. 0. 0. 0. 0. 0. 0. 0. 0. 0. 0.
  0. 0. 0. 0. 0. 0. 0. 0. 0. 0. 0. 0. 0. 0. 0. 0. 0. 0. 0. 0. 0. 0. 0. 0.
  0. 0. 0. 0.]
 [1. 1. 1. 1. 0. 1. 0. 0. 0. 0. 1. 0. 0. 1. 0. 0. 1. 1. 1. 1. 0. 0. 0. 0.
  0. 0. 0. 0. 0. 0. 0. 0. 0. 0. 0. 0. 0. 0. 0. 0. 0. 0. 0. 0. 0. 0. 0. 0.
  0. 0. 0. 0. 0. 0. 0. 0. 0. 0. 0. 0. 0. 0. 0. 0. 0. 0. 0. 0. 0. 0. 0. 0.
  0. 0. 0. 0. 0. 0. 0. 0. 0. 0. 0. 0. 0. 0. 0. 0. 0. 0. 0. 0. 0. 0. 0. 0.
  0. 0. 0. 0.]
 [1. 1. 1. 1. 1. 1. 1. 0. 1. 0. 0. 0. 0. 0. 0. 1. 1. 1. 1. 1. 0. 0. 0. 0.
  0. 0. 0. 0. 0. 0. 0. 0. 0. 0. 0. 0. 0. 0. 0. 0. 0. 0. 0. 0. 0. 0. 0. 0.
  0. 0. 0. 0. 0. 0. 0. 0. 0. 0. 0. 0. 0. 0. 0. 0. 0. 0. 0. 0. 0. 0. 0. 0.
  0. 0. 0. 0. 0. 0. 0. 0. 0. 0. 0. 0. 0. 0. 0. 0. 0. 0. 0. 0. 0. 0. 0. 0.
  0. 0. 0. 0.]
 [1. 0. 1. 0. 0. 0. 1. 0. 0. 0. 0. 0. 0. 0. 0. 0. 0. 1. 1. 1. 0. 0. 0. 0.
  0. 0. 0. 0. 0. 0. 0. 0. 0. 0. 0. 0. 0. 0. 0. 0. 0. 0. 0. 0. 0. 0. 0. 0.
  0. 0. 0. 0. 0. 0. 0. 0. 0. 0. 0. 0. 0. 0. 0. 0. 0. 0. 0. 0. 0. 0. 0. 0.
  0. 0. 0. 0. 0. 0. 0. 0. 0. 0. 0. 0. 0. 0. 0. 0. 0. 0. 0. 0. 0. 0. 0. 0.
  0. 0. 0. 0.]
 [1. 0. 1. 1. 0. 1. 1. 1. 0. 0. 1. 1. 0. 0. 0. 0. 0. 1. 0. 1. 0. 0. 0. 0.
  0. 0. 0. 0. 0. 0. 0. 0. 0. 0. 0. 0. 0. 0. 0. 0. 0. 0. 0. 0. 0. 0. 0. 0.
  0. 0. 0. 0. 0. 0. 0. 0. 0. 0. 0. 0. 0. 0. 0. 0. 0. 0. 0. 0. 0. 0. 0. 0.
  0. 0. 0. 0. 0. 0. 0. 0. 0. 0. 0. 0. 0. 0. 0. 0. 0. 0. 0. 0. 0. 0. 0. 0.
  0. 0. 0. 0.]
 [0. 1. 0. 1. 1. 1. 0. 0. 1. 0. 1. 1. 0. 1. 0. 1. 1. 1. 1. 0. 0. 0. 0. 0.
  0. 0. 0. 0. 0. 0. 0. 0. 0. 0. 0. 0. 0. 0. 0. 0. 0. 0. 0. 0. 0. 0. 0. 0.
  0. 0. 0. 0. 0. 0. 0. 0. 0. 0. 0. 0. 0. 0. 0. 0. 0. 0. 0. 0. 0. 0. 0. 0.
  0. 0. 0. 0. 0. 0. 0. 0. 0. 0. 0. 0. 0. 0. 0. 0. 0. 0. 0. 0. 0. 0. 0. 0.
  0. 0. 0. 0.]
 [0. 0. 1. 1. 1. 0. 1. 0. 1. 0. 1. 1. 1. 1. 0. 0. 0. 1. 1. 1. 0. 0. 0. 0.
  0. 0. 0. 0. 0. 0. 0. 0. 0. 0. 0. 0. 0. 0. 0. 0. 0. 0. 0. 0. 0. 0. 0. 0.
  0. 0. 0. 0. 0. 0. 0. 0. 0. 0. 0. 0. 0. 0. 0. 0. 0. 0. 0. 0. 0. 0. 0. 0.
  0. 0. 0. 0. 0. 0. 0. 0. 0. 0. 0. 0. 0. 0. 0. 0. 0. 0. 0. 0. 0. 0. 0. 0.
  0. 0. 0. 0.]
 [0. 0. 0. 0. 1. 1. 1. 0. 0. 1. 0. 0. 1. 0. 0. 0. 0. 0. 0. 1. 0. 0. 0. 0.
  0. 0. 0. 0. 0. 0. 0. 0. 0. 0. 0. 0. 0. 0. 0. 0. 0. 0. 0. 0. 0. 0. 0. 0.
  0. 0. 0. 0. 0. 0. 0. 0. 0. 0. 0. 0. 0. 0. 0. 0. 0. 0. 0. 0. 0. 0. 0. 0.
  0. 0. 0. 0. 0. 0. 0. 0. 0. 0. 0. 0. 0. 0. 0. 0. 0. 0. 0. 0. 0. 0. 0. 0.
  0. 0. 0. 0.]
 [0. 0. 1. 1. 1. 0. 0. 1. 0. 1. 0. 1. 0. 1. 1. 1. 0. 0. 1. 0. 0. 0. 0. 0.
  0. 0. 0. 0. 0. 0. 0. 0. 0. 0. 0. 0. 0. 0. 0. 0. 0. 0. 0. 0. 0. 0. 0. 0.
  0. 0. 0. 0. 0. 0. 0. 0. 0. 0. 0. 0. 0. 0. 0. 0. 0. 0. 0. 0. 0. 0. 0. 0.
  0. 0. 0. 0. 0. 0. 0. 0. 0. 0. 0. 0. 0. 0. 0. 0. 0. 0. 0. 0. 0. 0. 0. 0.
  0. 0. 0. 0.]
 [1. 1. 1. 0. 0. 0. 1. 1. 1. 1. 0. 1. 0. 0. 0. 1. 1. 0. 0. 0. 0. 0. 0. 0.
  0. 0. 0. 0. 0. 0. 0. 0. 0. 0. 0. 0. 0. 0. 0. 0. 0. 0. 0. 0. 0. 0. 0. 0.
  0. 0. 0. 0. 0. 0. 0. 0. 0. 0. 0. 0. 0. 0. 0. 0. 0. 0. 0. 0. 0. 0. 0. 0.
  0. 0. 0. 0. 0. 0. 0. 0. 0. 0. 0. 0. 0. 0. 0. 0. 0. 0. 0. 0. 0. 0. 0. 0.
  0. 0. 0. 0.]
 [1. 0. 1. 1. 0. 1. 1. 0. 1. 0. 1. 1. 1. 0. 0. 1. 1. 0. 1. 1. 0. 0. 0. 0.
  0. 0. 0. 0. 0. 0. 0. 0. 0. 0. 0. 0. 0. 0. 0. 0. 0. 0. 0. 0. 0. 0. 0. 0.
  0. 0. 0. 0. 0. 0. 0. 0. 0. 0. 0. 0. 0. 0. 0. 0. 0. 0. 0. 0. 0. 0. 0. 0.
  0. 0. 0. 0. 0. 0. 0. 0. 0. 0. 0. 0. 0. 0. 0. 0. 0. 0. 0. 0. 0. 0. 0. 0.
  0. 0. 0. 0.]
 [0. 0. 1. 0. 0. 0. 0. 1. 0. 1. 1. 0. 0. 0. 0. 0. 0. 0. 1. 1. 0. 0. 0. 0.
  0. 0. 0. 0. 0. 0. 0. 0. 0. 0. 0. 0. 0. 0. 0. 0. 0. 0. 0. 0. 0. 0. 0. 0.
  0. 0. 0. 0. 0. 0. 0. 0. 0. 0. 0. 0. 0. 0. 0. 0. 0. 0. 0. 0. 0. 0. 0. 0.
  0. 0. 0. 0. 0. 0. 0. 0. 0. 0. 0. 0. 0. 0. 0. 0. 0. 0. 0. 0. 0. 0. 0. 0.
  0. 0. 0. 0.]
 [1. 0. 0. 1. 0. 1. 0. 0. 0. 0. 1. 0. 0. 0. 0. 0. 0. 1. 0. 1. 0. 0. 0. 0.
  0. 0. 0. 0. 0. 0. 0. 0. 0. 0. 0. 0. 0. 0. 0. 0. 0. 0. 0. 0. 0. 0. 0. 0.
  0. 0. 0. 0. 0. 0. 0. 0. 0. 0. 0. 0. 0. 0. 0. 0. 0. 0. 0. 0. 0. 0. 0. 0.
  0. 0. 0. 0. 0. 0. 0. 0. 0. 0. 0. 0. 0. 0. 0. 0. 0. 0. 0. 0. 0. 0. 0. 0.
  0. 0. 0. 0.]
 [1. 1. 0. 1. 1. 0. 1. 1. 0. 1. 1. 0. 1. 1. 0. 0. 0. 0. 1. 1. 0. 0. 0. 0.
  0. 0. 0. 0. 0. 0. 0. 0. 0. 0. 0. 0. 0. 0. 0. 0. 0. 0. 0. 0. 0. 0. 0. 0.
  0. 0. 0. 0. 0. 0. 0. 0. 0. 0. 0. 0. 0. 0. 0. 0. 0. 0. 0. 0. 0. 0. 0. 0.
  0. 0. 0. 0. 0. 0. 0. 0. 0. 0. 0. 0. 0. 0. 0. 0. 0. 0. 0. 0. 0. 0. 0. 0.
  0. 0. 0. 0.]
 [1. 1. 1. 0. 1. 0. 1. 0. 1. 0. 0. 1. 1. 1. 0. 1. 0. 0. 1. 0. 0. 0. 0. 0.
  0. 0. 0. 0. 0. 0. 0. 0. 0. 0. 0. 0. 0. 0. 0. 0. 0. 0. 0. 0. 0. 0. 0. 0.
  0. 0. 0. 0. 0. 0. 0. 0. 0. 0. 0. 0. 0. 0. 0. 0. 0. 0. 0. 0. 0. 0. 0. 0.
  0. 0. 0. 0. 0. 0. 0. 0. 0. 0. 0. 0. 0. 0. 0. 0. 0. 0. 0. 0. 0. 0. 0. 0.
  0. 0. 0. 0.]
 [1. 1. 0. 1. 1. 1. 0. 1. 1. 0. 1. 1. 0. 0. 0. 1. 0. 0. 1. 0. 0. 0. 0. 0.
  0. 0. 0. 0. 0. 0. 0. 0. 0. 0. 0. 0. 0. 0. 0. 0. 0. 0. 0. 0. 0. 0. 0. 0.
  0. 0. 0. 0. 0. 0. 0. 0. 0. 0. 0. 0. 0. 0. 0. 0. 0. 0. 0. 0. 0. 0. 0. 0.
  0. 0. 0. 0. 0. 0. 0. 0. 0. 0. 0. 0. 0. 0. 0. 0. 0. 0. 0. 0. 0. 0. 0. 0.
  0. 0. 0. 0.]
 [1. 1. 1. 0. 1. 1. 1. 0. 0. 0. 1. 0. 1. 1. 1. 0. 1. 1. 0. 0. 0. 0. 0. 0.
  0. 0. 0. 0. 0. 0. 0. 0. 0. 0. 0. 0. 0. 0. 0. 0. 0. 0. 0. 0. 0. 0. 0. 0.
  0. 0. 0. 0. 0. 0. 0. 0. 0. 0. 0. 0. 0. 0. 0. 0. 0. 0. 0. 0. 0. 0. 0. 0.
  0. 0. 0. 0. 0. 0. 0. 0. 0. 0. 0. 0. 0. 0. 0. 0. 0. 0. 0. 0. 0. 0. 0. 0.
  0. 0. 0. 0.]
 [0. 0. 1. 1. 1. 0. 1. 0. 1. 1. 0. 0. 1. 0. 0. 1. 0. 0. 0. 1. 0. 0. 0. 0.
  0. 0. 0. 0. 0. 0. 0. 0. 0. 0. 0. 0. 0. 0. 0. 0. 0. 0. 0. 0. 0. 0. 0. 0.
  0. 0. 0. 0. 0. 0. 0. 0. 0. 0. 0. 0. 0. 0. 0. 0. 0. 0. 0. 0. 0. 0. 0. 0.
  0. 0. 0. 0. 0. 0. 0. 0. 0. 0. 0. 0. 0. 0. 0. 0. 0. 0. 0. 0. 0. 0. 0. 0.
  0. 0. 0. 0.]
 [1. 1. 1. 0. 1. 1. 0. 0. 1. 1. 1. 0. 0. 1. 1. 1. 0. 1. 0. 1. 0. 0. 0. 0.
  0. 0. 0. 0. 0. 0. 0. 0. 0. 0. 0. 0. 0. 0. 0. 0. 0. 0. 0. 0. 0. 0. 0. 0.
  0. 0. 0. 0. 0. 0. 0. 0. 0. 0. 0. 0. 0. 0. 0. 0. 0. 0. 0. 0. 0. 0. 0. 0.
  0. 0. 0. 0. 0. 0. 0. 0. 0. 0. 0. 0. 0. 0. 0. 0. 0. 0. 0. 0. 0. 0. 0. 0.
  0. 0. 0. 0.]
 [1. 1. 1. 1. 0. 1. 1. 0. 1. 0. 0. 0. 1. 0. 1. 0. 1. 1. 1. 0. 0. 0. 0. 0.
  0. 0. 0. 0. 0. 0. 0. 0. 0. 0. 0. 0. 0. 0. 0. 0. 0. 0. 0. 0. 0. 0. 0. 0.
  0. 0. 0. 0. 0. 0. 0. 0. 0. 0. 0. 0. 0. 0. 0. 0. 0. 0. 0. 0. 0. 0. 0. 0.
  0. 0. 0. 0. 0. 0. 0. 0. 0. 0. 0. 0. 0. 0. 0. 0. 0. 0. 0. 0. 0. 0. 0. 0.
  0. 0. 0. 0.]
 [0. 0. 0. 0. 1. 1. 0. 0. 0. 0. 0. 0. 0. 0. 1. 1. 1. 0. 0. 1. 0. 0. 0. 0.
  0. 0. 0. 0. 0. 0. 0. 0. 0. 0. 0. 0. 0. 0. 0. 0. 0. 0. 0. 0. 0. 0. 0. 0.
  0. 0. 0. 0. 0. 0. 0. 0. 0. 0. 0. 0. 0. 0. 0. 0. 0. 0. 0. 0. 0. 0. 0. 0.
  0. 0. 0. 0. 0. 0. 0. 0. 0. 0. 0. 0. 0. 0. 0. 0. 0. 0. 0. 0. 0. 0. 0. 0.
  0. 0. 0. 0.]
 [0. 1. 1. 1. 0. 1. 0. 1. 0. 1. 1. 1. 0. 1. 0. 0. 1. 1. 1. 0. 0. 0. 0. 0.
  0. 0. 0. 0. 0. 0. 0. 0. 0. 0. 0. 0. 0. 0. 0. 0. 0. 0. 0. 0. 0. 0. 0. 0.
  0. 0. 0. 0. 0. 0. 0. 0. 0. 0. 0. 0. 0. 0. 0. 0. 0. 0. 0. 0. 0. 0. 0. 0.
  0. 0. 0. 0. 0. 0. 0. 0. 0. 0. 0. 0. 0. 0. 0. 0. 0. 0. 0. 0. 0. 0. 0. 0.
  0. 0. 0. 0.]
 [0. 0. 0. 1. 1. 1. 0. 1. 0. 0. 1. 0. 1. 0. 0. 1. 0. 1. 1. 0. 0. 0. 0. 0.
  0. 0. 0. 0. 0. 0. 0. 0. 0. 0. 0. 0. 0. 0. 0. 0. 0. 0. 0. 0. 0. 0. 0. 0.
  0. 0. 0. 0. 0. 0. 0. 0. 0. 0. 0. 0. 0. 0. 0. 0. 0. 0. 0. 0. 0. 0. 0. 0.
  0. 0. 0. 0. 0. 0. 0. 0. 0. 0. 0. 0. 0. 0. 0. 0. 0. 0. 0. 0. 0. 0. 0. 0.
  0. 0. 0. 0.]
 [0. 1. 1. 0. 0. 1. 1. 0. 0. 0. 1. 0. 0. 1. 1. 0. 0. 0. 1. 1. 0. 0. 0. 0.
  0. 0. 0. 0. 0. 0. 0. 0. 0. 0. 0. 0. 0. 0. 0. 0. 0. 0. 0. 0. 0. 0. 0. 0.
  0. 0. 0. 0. 0. 0. 0. 0. 0. 0. 0. 0. 0. 0. 0. 0. 0. 0. 0. 0. 0. 0. 0. 0.
  0. 0. 0. 0. 0. 0. 0. 0. 0. 0. 0. 0. 0. 0. 0. 0. 0. 0. 0. 0. 0. 0. 0. 0.
  0. 0. 0. 0.]
 [1. 0. 0. 1. 1. 0. 1. 0. 0. 1. 0. 0. 1. 1. 1. 1. 1. 1. 1. 1. 0. 0. 0. 0.
  0. 0. 0. 0. 0. 0. 0. 0. 0. 0. 0. 0. 0. 0. 0. 0. 0. 0. 0. 0. 0. 0. 0. 0.
  0. 0. 0. 0. 0. 0. 0. 0. 0. 0. 0. 0. 0. 0. 0. 0. 0. 0. 0. 0. 0. 0. 0. 0.
  0. 0. 0. 0. 0. 0. 0. 0. 0. 0. 0. 0. 0. 0. 0. 0. 0. 0. 0. 0. 0. 0. 0. 0.
  0. 0. 0. 0.]
 [0. 1. 0. 0. 0. 0. 1. 0. 1. 0. 0. 1. 0. 0. 1. 0. 1. 1. 1. 1. 0. 0. 0. 0.
  0. 0. 0. 0. 0. 0. 0. 0. 0. 0. 0. 0. 0. 0. 0. 0. 0. 0. 0. 0. 0. 0. 0. 0.
  0. 0. 0. 0. 0. 0. 0. 0. 0. 0. 0. 0. 0. 0. 0. 0. 0. 0. 0. 0. 0. 0. 0. 0.
  0. 0. 0. 0. 0. 0. 0. 0. 0. 0. 0. 0. 0. 0. 0. 0. 0. 0. 0. 0. 0. 0. 0. 0.
  0. 0. 0. 0.]
 [0. 1. 0. 1. 1. 0. 0. 0. 0. 1. 1. 1. 0. 0. 0. 1. 1. 0. 1. 1. 0. 0. 0. 0.
  0. 0. 0. 0. 0. 0. 0. 0. 0. 0. 0. 0. 0. 0. 0. 0. 0. 0. 0. 0. 0. 0. 0. 0.
  0. 0. 0. 0. 0. 0. 0. 0. 0. 0. 0. 0. 0. 0. 0. 0. 0. 0. 0. 0. 0. 0. 0. 0.
  0. 0. 0. 0. 0. 0. 0. 0. 0. 0. 0. 0. 0. 0. 0. 0. 0. 0. 0. 0. 0. 0. 0. 0.
  0. 0. 0. 0.]
 [0. 1. 1. 0. 0. 0. 0. 0. 0. 1. 0. 1. 0. 1. 0. 1. 1. 1. 1. 0. 0. 0. 0. 0.
  0. 0. 0. 0. 0. 0. 0. 0. 0. 0. 0. 0. 0. 0. 0. 0. 0. 0. 0. 0. 0. 0. 0. 0.
  0. 0. 0. 0. 0. 0. 0. 0. 0. 0. 0. 0. 0. 0. 0. 0. 0. 0. 0. 0. 0. 0. 0. 0.
  0. 0. 0. 0. 0. 0. 0. 0. 0. 0. 0. 0. 0. 0. 0. 0. 0. 0. 0. 0. 0. 0. 0. 0.
  0. 0. 0. 0.]
 [1. 1. 1. 0. 0. 0. 1. 1. 0. 1. 1. 1. 0. 0. 1. 1. 0. 0. 0. 1. 0. 0. 0. 0.
  0. 0. 0. 0. 0. 0. 0. 0. 0. 0. 0. 0. 0. 0. 0. 0. 0. 0. 0. 0. 0. 0. 0. 0.
  0. 0. 0. 0. 0. 0. 0. 0. 0. 0. 0. 0. 0. 0. 0. 0. 0. 0. 0. 0. 0. 0. 0. 0.
  0. 0. 0. 0. 0. 0. 0. 0. 0. 0. 0. 0. 0. 0. 0. 0. 0. 0. 0. 0. 0. 0. 0. 0.
  0. 0. 0. 0.]
 [0. 0. 0. 0. 1. 0. 0. 1. 1. 0. 1. 0. 1. 0. 1. 1. 0. 1. 1. 0. 0. 0. 0. 0.
  0. 0. 0. 0. 0. 0. 0. 0. 0. 0. 0. 0. 0. 0. 0. 0. 0. 0. 0. 0. 0. 0. 0. 0.
  0. 0. 0. 0. 0. 0. 0. 0. 0. 0. 0. 0. 0. 0. 0. 0. 0. 0. 0. 0. 0. 0. 0. 0.
  0. 0. 0. 0. 0. 0. 0. 0. 0. 0. 0. 0. 0. 0. 0. 0. 0. 0. 0. 0. 0. 0. 0. 0.
  0. 0. 0. 0.]]
start_times_array: [[6.45290000e+04 6.45860000e+04 6.46040000e+04 6.46480000e+04
  6.46650000e+04 6.47310000e+04 6.47650000e+04 6.48480000e+04
  6.49240000e+04 6.49900000e+04 6.50100000e+04 6.51040000e+04
  6.51710000e+04 6.52470000e+04 6.52480000e+04 6.53320000e+04
  6.53630000e+04 6.54410000e+04 6.55470000e+04 6.76840000e+04]
 [1.45100000e+04 6.59530000e+04 6.60980000e+04 6.61600000e+04
  6.61920000e+04 6.62530000e+04 6.63020000e+04 6.63290000e+04
  6.65650000e+04 6.66570000e+04 6.66840000e+04 6.66910000e+04
  6.67900000e+04 6.68160000e+04 6.68960000e+04 6.69860000e+04
  6.70470000e+04 6.70870000e+04 6.71610000e+04 6.71790000e+04]
 [6.57380000e+04 6.57630000e+04 6.58240000e+04 6.58290000e+04
  6.59020000e+04 6.59110000e+04 6.59280000e+04 6.59530000e+04
  6.60520000e+04 6.60740000e+04 6.60980000e+04 6.61900000e+04
  6.62810000e+04 6.63000000e+04 6.63200000e+04 6.63540000e+04
  6.64360000e+04 6.65270000e+04 6.65650000e+04 6.66520000e+04]
 [6.45290000e+04 6.45590000e+04 6.46090000e+04 6.46220000e+04
  6.46990000e+04 6.47090000e+04 6.48010000e+04 6.48860000e+04
  6.49700000e+04 6.50680000e+04 6.50930000e+04 6.51520000e+04
  6.52210000e+04 6.52890000e+04 6.53370000e+04 6.54160000e+04
  6.55060000e+04 6.55470000e+04 6.56070000e+04 6.56650000e+04]
 [6.35680000e+04 6.36380000e+04 6.37310000e+04 6.38030000e+04
  6.38200000e+04 6.38220000e+04 6.39090000e+04 6.39280000e+04
  6.39720000e+04 6.40100000e+04 6.40390000e+04 6.41010000e+04
  6.41450000e+04 6.41630000e+04 6.42150000e+04 6.42780000e+04
  6.43190000e+04 6.44180000e+04 6.44860000e+04 6.45280000e+04]
 [6.28140000e+04 6.29230000e+04 6.29880000e+04 6.30220000e+04
  6.30950000e+04 6.31270000e+04 6.31440000e+04 6.31750000e+04
  6.32550000e+04 6.33180000e+04 6.33310000e+04 6.33340000e+04
  6.33680000e+04 6.33700000e+04 6.34300000e+04 6.34360000e+04
  6.35290000e+04 6.35680000e+04 6.35990000e+04 6.36570000e+04]
 [2.85250000e+04 6.20160000e+04 6.20810000e+04 6.21030000e+04
  6.21070000e+04 6.21790000e+04 6.22290000e+04 6.23140000e+04
  6.23180000e+04 6.23250000e+04 6.23830000e+04 6.24790000e+04
  6.25000000e+04 6.25620000e+04 6.25770000e+04 6.26560000e+04
  6.26920000e+04 6.27500000e+04 6.27930000e+04 6.28780000e+04]
 [6.10300000e+04 6.10360000e+04 6.10780000e+04 6.10990000e+04
  6.11000000e+04 6.11600000e+04 6.11920000e+04 6.12230000e+04
  6.12660000e+04 6.13510000e+04 6.14100000e+04 6.14580000e+04
  6.14690000e+04 6.15390000e+04 6.15600000e+04 6.16480000e+04
  6.17400000e+04 6.18300000e+04 6.18340000e+04 6.18830000e+04]
 [6.03240000e+04 6.04130000e+04 6.05120000e+04 6.05960000e+04
  6.06650000e+04 6.07000000e+04 6.07220000e+04 6.07640000e+04
  6.07770000e+04 6.07820000e+04 6.08150000e+04 6.08300000e+04
  6.08520000e+04 6.08680000e+04 6.08800000e+04 6.09020000e+04
  6.09280000e+04 6.09800000e+04 6.09910000e+04 6.10390000e+04]
 [5.79520000e+04 5.84950000e+04 5.93620000e+04 5.94320000e+04
  5.95060000e+04 5.95580000e+04 5.95930000e+04 5.96760000e+04
  5.96780000e+04 5.97350000e+04 5.97590000e+04 5.98170000e+04
  5.98950000e+04 5.99600000e+04 6.00040000e+04 6.00990000e+04
  6.01040000e+04 6.01510000e+04 6.02200000e+04 6.02860000e+04]
 [5.83510000e+04 5.84240000e+04 5.84950000e+04 5.85290000e+04
  5.85350000e+04 5.86230000e+04 5.87190000e+04 5.87990000e+04
  5.88860000e+04 5.89420000e+04 5.89570000e+04 5.90190000e+04
  5.90940000e+04 5.91550000e+04 5.91580000e+04 5.92140000e+04
  5.92810000e+04 5.92870000e+04 5.93240000e+04 5.93580000e+04]
 [5.70120000e+04 5.70350000e+04 5.74080000e+04 5.74360000e+04
  5.75220000e+04 5.75990000e+04 5.76540000e+04 5.76810000e+04
  5.77610000e+04 5.78030000e+04 5.78540000e+04 5.79080000e+04
  5.79170000e+04 5.80020000e+04 5.80950000e+04 5.81720000e+04
  5.82030000e+04 5.82790000e+04 5.83220000e+04 5.84160000e+04]
 [1.06020000e+04 5.68380000e+04 5.68870000e+04 5.69090000e+04
  5.69300000e+04 5.69870000e+04 5.70120000e+04 5.71460000e+04
  5.72330000e+04 5.73070000e+04 5.74010000e+04 5.74080000e+04
  5.75140000e+04 5.75600000e+04 5.76350000e+04 5.77260000e+04
  5.77650000e+04 5.77860000e+04 5.78030000e+04 5.78690000e+04]
 [5.67300000e+04 5.67830000e+04 5.67910000e+04 5.68160000e+04
  5.68580000e+04 5.68970000e+04 5.69090000e+04 5.69200000e+04
  5.69930000e+04 5.70180000e+04 5.70810000e+04 5.71460000e+04
  5.72030000e+04 5.72800000e+04 5.73290000e+04 5.73470000e+04
  5.73480000e+04 5.74320000e+04 5.74900000e+04 5.75570000e+04]
 [5.53500000e+04 5.53800000e+04 5.54060000e+04 5.59080000e+04
  5.59480000e+04 5.59820000e+04 5.59830000e+04 5.60710000e+04
  5.61630000e+04 5.62160000e+04 5.62740000e+04 5.63060000e+04
  5.63760000e+04 5.63870000e+04 5.64110000e+04 5.64750000e+04
  5.65250000e+04 5.65930000e+04 5.66920000e+04 5.67720000e+04]
 [5.41970000e+04 5.42350000e+04 5.45760000e+04 5.46260000e+04
  5.50010000e+04 5.50790000e+04 5.51410000e+04 5.52110000e+04
  5.52560000e+04 5.52630000e+04 5.53500000e+04 5.54270000e+04
  5.55140000e+04 5.56000000e+04 5.56660000e+04 5.57010000e+04
  5.57430000e+04 5.58250000e+04 5.58800000e+04 5.59080000e+04]
 [5.40150000e+04 5.41970000e+04 5.42960000e+04 5.43940000e+04
  5.44440000e+04 5.44930000e+04 5.45150000e+04 5.45240000e+04
  5.45760000e+04 5.45970000e+04 5.46350000e+04 5.46850000e+04
  5.47590000e+04 5.48170000e+04 5.48610000e+04 5.48660000e+04
  5.49190000e+04 5.49800000e+04 5.50010000e+04 5.50900000e+04]
 [5.22110000e+04 5.30150000e+04 5.32190000e+04 5.33800000e+04
  5.34540000e+04 5.35140000e+04 5.35220000e+04 5.35480000e+04
  5.35510000e+04 5.35810000e+04 5.35870000e+04 5.36330000e+04
  5.36960000e+04 5.37630000e+04 5.37800000e+04 5.38550000e+04
  5.39120000e+04 5.39630000e+04 5.40970000e+04 5.41100000e+04]
 [5.23990000e+04 5.24670000e+04 5.24900000e+04 5.25510000e+04
  5.25710000e+04 5.26450000e+04 5.26750000e+04 5.26890000e+04
  5.27350000e+04 5.27840000e+04 5.28510000e+04 5.28850000e+04
  5.29320000e+04 5.30150000e+04 5.30600000e+04 5.31030000e+04
  5.31780000e+04 5.32190000e+04 5.33000000e+04 5.33800000e+04]
 [5.11810000e+04 5.19610000e+04 5.19780000e+04 5.20040000e+04
  5.20090000e+04 5.20590000e+04 5.21100000e+04 5.21190000e+04
  5.21800000e+04 5.21960000e+04 5.22890000e+04 5.23650000e+04
  5.23990000e+04 5.24040000e+04 5.24340000e+04 5.25150000e+04
  5.25510000e+04 5.25640000e+04 5.25870000e+04 5.26630000e+04]
 [0.00000000e+00 1.85400000e+03 4.13600000e+03 5.08810000e+04
  5.13280000e+04 5.13930000e+04 5.14840000e+04 5.15160000e+04
  5.15380000e+04 5.15450000e+04 5.16440000e+04 5.17050000e+04
  5.17120000e+04 5.17790000e+04 5.18660000e+04 5.19610000e+04
  5.20400000e+04 5.20590000e+04 5.20960000e+04 5.21880000e+04]
 [5.10000000e+01 5.06640000e+04 5.06870000e+04 5.07860000e+04
  5.08310000e+04 5.08780000e+04 5.09370000e+04 5.09900000e+04
  5.10580000e+04 5.11260000e+04 5.11810000e+04 5.12000000e+04
  5.12760000e+04 5.13060000e+04 5.13930000e+04 5.14480000e+04
  5.15250000e+04 5.15370000e+04 5.15770000e+04 5.16070000e+04]
 [4.74010000e+04 4.97610000e+04 4.97860000e+04 4.98690000e+04
  4.99100000e+04 4.99860000e+04 5.00310000e+04 5.00540000e+04
  5.01190000e+04 5.01920000e+04 5.02270000e+04 5.02310000e+04
  5.02780000e+04 5.03380000e+04 5.04120000e+04 5.05060000e+04
  5.05570000e+04 5.06070000e+04 5.06890000e+04 5.07730000e+04]
 [1.32100000e+03 4.86870000e+04 4.87630000e+04 4.87780000e+04
  4.88460000e+04 4.89270000e+04 4.92930000e+04 4.93480000e+04
  4.94040000e+04 4.94820000e+04 4.95280000e+04 4.96200000e+04
  4.96350000e+04 4.96400000e+04 4.96520000e+04 4.97010000e+04
  4.97610000e+04 4.98550000e+04 4.98670000e+04 4.99000000e+04]
 [1.61000000e+02 7.26000000e+02 7.40000000e+02 4.76420000e+04
  4.76530000e+04 4.77030000e+04 4.83000000e+04 4.83830000e+04
  4.84480000e+04 4.85350000e+04 4.85850000e+04 4.86630000e+04
  4.86690000e+04 4.86870000e+04 4.87270000e+04 4.87700000e+04
  4.88570000e+04 4.89310000e+04 4.90070000e+04 4.90800000e+04]
 [1.25000000e+02 5.35000000e+02 4.76390000e+04 4.76880000e+04
  4.77400000e+04 4.78060000e+04 4.78330000e+04 4.78990000e+04
  4.79000000e+04 4.79830000e+04 4.80060000e+04 4.80550000e+04
  4.81500000e+04 4.81980000e+04 4.82240000e+04 4.82800000e+04
  4.83000000e+04 4.83070000e+04 4.83130000e+04 4.83560000e+04]
 [4.44320000e+04 4.63510000e+04 4.64410000e+04 4.65570000e+04
  4.65900000e+04 4.66810000e+04 4.67260000e+04 4.67970000e+04
  4.68460000e+04 4.69360000e+04 4.70080000e+04 4.70870000e+04
  4.71430000e+04 4.74420000e+04 4.74530000e+04 4.75270000e+04
  4.75630000e+04 4.76390000e+04 4.76400000e+04 4.76420000e+04]
 [3.18588590e+02 4.07588590e+02 4.85000000e+02 6.23000000e+02
  4.59880000e+04 4.63050000e+04 4.63490000e+04 4.63740000e+04
  4.64600000e+04 4.65260000e+04 4.65450000e+04 4.66210000e+04
  4.66520000e+04 4.66960000e+04 4.67080000e+04 4.67620000e+04
  4.68350000e+04 4.68770000e+04 4.68780000e+04 4.69690000e+04]
 [1.56000000e+02 3.79000000e+02 3.98000000e+02 1.68400000e+03
  1.73400000e+03 4.57970000e+04 4.58270000e+04 4.58310000e+04
  4.59000000e+04 4.59440000e+04 4.62400000e+04 4.62590000e+04
  4.62610000e+04 4.63510000e+04 4.63850000e+04 4.65240000e+04
  4.66000000e+04 4.66810000e+04 4.67570000e+04 4.67970000e+04]
 [4.28150000e+04 4.37090000e+04 4.42600000e+04 4.42650000e+04
  4.42840000e+04 4.43330000e+04 4.53490000e+04 4.53670000e+04
  4.54630000e+04 4.57230000e+04 4.57780000e+04 4.58610000e+04
  4.59330000e+04 4.60090000e+04 4.60470000e+04 4.61420000e+04
  4.62400000e+04 4.63050000e+04 4.63790000e+04 4.64590000e+04]
 [4.30860000e+04 4.50850000e+04 4.51490000e+04 4.52160000e+04
  4.52740000e+04 4.53730000e+04 4.53770000e+04 4.53860000e+04
  4.54450000e+04 4.54740000e+04 4.55000000e+04 4.55230000e+04
  4.55330000e+04 4.55480000e+04 4.55690000e+04 4.55880000e+04
  4.56860000e+04 4.57630000e+04 4.58430000e+04 4.59190000e+04]
 [5.81300000e+03 4.43990000e+04 4.44320000e+04 4.44460000e+04
  4.45090000e+04 4.45550000e+04 4.45610000e+04 4.46140000e+04
  4.46410000e+04 4.47400000e+04 4.48270000e+04 4.48420000e+04
  4.49190000e+04 4.49850000e+04 4.49880000e+04 4.50390000e+04
  4.50420000e+04 4.50510000e+04 4.50850000e+04 4.51620000e+04]
 [4.03720000e+04 4.32990000e+04 4.33970000e+04 4.34540000e+04
  4.35280000e+04 4.35750000e+04 4.35870000e+04 4.36790000e+04
  4.37090000e+04 4.37540000e+04 4.37930000e+04 4.38290000e+04
  4.38410000e+04 4.39270000e+04 4.40150000e+04 4.40300000e+04
  4.41190000e+04 4.42150000e+04 4.42840000e+04 4.43270000e+04]
 [3.98980000e+04 4.22710000e+04 4.23380000e+04 4.24480000e+04
  4.25170000e+04 4.25230000e+04 4.26100000e+04 4.26680000e+04
  4.27050000e+04 4.27920000e+04 4.28040000e+04 4.28940000e+04
  4.29320000e+04 4.29790000e+04 4.30780000e+04 4.30860000e+04
  4.31160000e+04 4.31640000e+04 4.31940000e+04 4.32010000e+04]
 [4.17610000e+04 4.18530000e+04 4.19270000e+04 4.19350000e+04
  4.20210000e+04 4.20570000e+04 4.21350000e+04 4.21410000e+04
  4.21430000e+04 4.21850000e+04 4.21990000e+04 4.22710000e+04
  4.23650000e+04 4.24480000e+04 4.24520000e+04 4.25020000e+04
  4.25920000e+04 4.26720000e+04 4.26990000e+04 4.27440000e+04]
 [3.92250000e+04 3.96360000e+04 3.96770000e+04 4.09890000e+04
  4.10750000e+04 4.11580000e+04 4.12500000e+04 4.13040000e+04
  4.13840000e+04 4.14520000e+04 4.14680000e+04 4.15560000e+04
  4.15960000e+04 4.16840000e+04 4.16950000e+04 4.17040000e+04
  4.17580000e+04 4.17610000e+04 4.17850000e+04 4.18660000e+04]
 [0.00000000e+00 7.57000000e+02 3.93200000e+04 3.99820000e+04
  4.00280000e+04 4.00570000e+04 4.04750000e+04 4.05490000e+04
  4.06170000e+04 4.06290000e+04 4.06970000e+04 4.07840000e+04
  4.08640000e+04 4.09450000e+04 4.09890000e+04 4.10650000e+04
  4.10740000e+04 4.11000000e+04 4.11310000e+04 4.11680000e+04]
 [6.80000000e+01 2.79000000e+02 3.32000000e+02 4.18000000e+02
  3.98360000e+04 3.98400000e+04 3.98540000e+04 3.99010000e+04
  3.99200000e+04 3.99700000e+04 4.01880000e+04 4.02530000e+04
  4.02750000e+04 4.03720000e+04 4.03830000e+04 4.04170000e+04
  4.04920000e+04 4.05030000e+04 4.05170000e+04 4.05950000e+04]
 [5.96000000e+02 6.59000000e+02 7.07000000e+02 7.70000000e+02
  3.94950000e+04 3.95040000e+04 3.95860000e+04 3.95990000e+04
  3.96470000e+04 3.96500000e+04 3.97190000e+04 3.97660000e+04
  3.97690000e+04 3.98250000e+04 3.98570000e+04 3.98980000e+04
  3.99080000e+04 3.99560000e+04 3.99720000e+04 4.00700000e+04]
 [3.78410000e+04 3.78830000e+04 3.86430000e+04 3.86540000e+04
  3.87560000e+04 3.88530000e+04 3.88930000e+04 3.89280000e+04
  3.90240000e+04 3.91190000e+04 3.91450000e+04 3.92250000e+04
  3.92860000e+04 3.93550000e+04 3.93710000e+04 3.94300000e+04
  3.94950000e+04 3.94980000e+04 3.95030000e+04 3.95880000e+04]
 [8.23700000e+03 3.68760000e+04 3.78050000e+04 3.78170000e+04
  3.78800000e+04 3.79000000e+04 3.79830000e+04 3.80390000e+04
  3.81150000e+04 3.84240000e+04 3.84330000e+04 3.84750000e+04
  3.85100000e+04 3.85330000e+04 3.85440000e+04 3.85640000e+04
  3.85920000e+04 3.86430000e+04 3.87210000e+04 3.87560000e+04]
 [3.58990000e+04 3.59120000e+04 3.73560000e+04 3.73760000e+04
  3.74430000e+04 3.74490000e+04 3.75440000e+04 3.76180000e+04
  3.76190000e+04 3.76320000e+04 3.76800000e+04 3.78310000e+04
  3.78430000e+04 3.78890000e+04 3.79830000e+04 3.80090000e+04
  3.80520000e+04 3.80890000e+04 3.81620000e+04 3.82100000e+04]
 [1.61000000e+03 1.63500000e+03 3.67410000e+04 3.67920000e+04
  3.68280000e+04 3.73470000e+04 3.73620000e+04 3.74280000e+04
  3.74450000e+04 3.74880000e+04 3.75410000e+04 3.75440000e+04
  3.75910000e+04 3.76030000e+04 3.76770000e+04 3.76850000e+04
  3.77500000e+04 3.77790000e+04 3.77870000e+04 3.78050000e+04]
 [1.76000000e+02 3.79000000e+02 3.59280000e+04 3.60230000e+04
  3.60710000e+04 3.68440000e+04 3.68680000e+04 3.69550000e+04
  3.69980000e+04 3.70080000e+04 3.70480000e+04 3.70800000e+04
  3.71230000e+04 3.71890000e+04 3.72310000e+04 3.72600000e+04
  3.72800000e+04 3.73080000e+04 3.73470000e+04 3.74240000e+04]
 [2.09000000e+02 3.58810000e+04 3.59470000e+04 3.60140000e+04
  3.60810000e+04 3.61530000e+04 3.62160000e+04 3.62970000e+04
  3.63810000e+04 3.63880000e+04 3.64400000e+04 3.64490000e+04
  3.64580000e+04 3.64930000e+04 3.65040000e+04 3.65410000e+04
  3.65960000e+04 3.66920000e+04 3.67760000e+04 3.68730000e+04]
 [3.42420000e+04 3.43090000e+04 3.48700000e+04 3.49550000e+04
  3.50130000e+04 3.50690000e+04 3.51100000e+04 3.52600000e+04
  3.53000000e+04 3.53540000e+04 3.53850000e+04 3.54320000e+04
  3.54480000e+04 3.54910000e+04 3.55500000e+04 3.57600000e+04
  3.57930000e+04 3.58080000e+04 3.58990000e+04 3.59080000e+04]
 [3.41240000e+04 3.41530000e+04 3.42190000e+04 3.42420000e+04
  3.43020000e+04 3.43700000e+04 3.43900000e+04 3.44100000e+04
  3.48110000e+04 3.48610000e+04 3.48700000e+04 3.48920000e+04
  3.49480000e+04 3.50420000e+04 3.50690000e+04 3.51100000e+04
  3.51870000e+04 3.52060000e+04 3.52600000e+04 3.53540000e+04]
 [4.66000000e+02 3.34770000e+04 3.40380000e+04 3.41240000e+04
  3.41670000e+04 3.42190000e+04 3.42580000e+04 3.42850000e+04
  3.43480000e+04 3.43530000e+04 3.44230000e+04 3.44250000e+04
  3.44350000e+04 3.44370000e+04 3.44500000e+04 3.44940000e+04
  3.45860000e+04 3.46570000e+04 3.46710000e+04 3.46750000e+04]
 [6.08000000e+02 6.73000000e+02 3.27030000e+04 3.27290000e+04
  3.27580000e+04 3.28340000e+04 3.30850000e+04 3.35550000e+04
  3.35880000e+04 3.36790000e+04 3.37260000e+04 3.38150000e+04
  3.38640000e+04 3.39140000e+04 3.39550000e+04 3.40160000e+04
  3.40380000e+04 3.41370000e+04 3.41690000e+04 3.41810000e+04]
 [1.60000000e+02 3.54000000e+02 4.38000000e+02 5.46000000e+02
  6.08000000e+02 6.50000000e+02 3.30200000e+04 3.30850000e+04
  3.31680000e+04 3.32430000e+04 3.32550000e+04 3.33010000e+04
  3.33470000e+04 3.34080000e+04 3.35060000e+04 3.35550000e+04
  3.35900000e+04 3.36290000e+04 3.36560000e+04 3.36790000e+04]
 [1.27200000e+03 3.15210000e+04 3.18300000e+04 3.18670000e+04
  3.19620000e+04 3.20530000e+04 3.22820000e+04 3.22900000e+04
  3.23080000e+04 3.23620000e+04 3.23850000e+04 3.24790000e+04
  3.25410000e+04 3.26070000e+04 3.26100000e+04 3.26310000e+04
  3.26930000e+04 3.27650000e+04 3.27930000e+04 3.28840000e+04]
 [0.00000000e+00 1.89000000e+03 3.15940000e+04 3.16390000e+04
  3.16610000e+04 3.17500000e+04 3.17540000e+04 3.17580000e+04
  3.17590000e+04 3.18300000e+04 3.18740000e+04 3.19090000e+04
  3.20080000e+04 3.20570000e+04 3.20760000e+04 3.21010000e+04
  3.21780000e+04 3.21920000e+04 3.23080000e+04 3.23270000e+04]
 [4.10000000e+01 1.17000000e+02 1.25000000e+02 2.96588590e+02
  3.09588590e+02 4.07588590e+02 7.07000000e+02 3.12340000e+04
  3.12510000e+04 3.13240000e+04 3.13420000e+04 3.13640000e+04
  3.14270000e+04 3.15000000e+04 3.15560000e+04 3.16170000e+04
  3.16420000e+04 3.17130000e+04 3.17280000e+04 3.17780000e+04]
 [1.83000000e+02 1.79100000e+03 3.01810000e+04 3.02450000e+04
  3.02960000e+04 3.03730000e+04 3.03850000e+04 3.04830000e+04
  3.05100000e+04 3.05410000e+04 3.05640000e+04 3.06540000e+04
  3.07190000e+04 3.07350000e+04 3.08260000e+04 3.08730000e+04
  3.09080000e+04 3.09470000e+04 3.09560000e+04 3.10200000e+04]
 [1.30700000e+03 2.84360000e+04 2.98250000e+04 2.98280000e+04
  2.98430000e+04 2.99170000e+04 3.01810000e+04 3.02150000e+04
  3.02640000e+04 3.03090000e+04 3.03630000e+04 3.04490000e+04
  3.04770000e+04 3.04830000e+04 3.05640000e+04 3.06400000e+04
  3.06990000e+04 3.07620000e+04 3.07830000e+04 3.08330000e+04]
 [3.79000000e+02 4.05000000e+02 4.99000000e+02 2.86210000e+04
  2.86410000e+04 2.90090000e+04 2.90920000e+04 2.91470000e+04
  2.92400000e+04 2.92810000e+04 2.93430000e+04 2.99340000e+04
  2.99670000e+04 3.00140000e+04 3.00980000e+04 3.01230000e+04
  3.01280000e+04 3.01360000e+04 3.01500000e+04 3.01760000e+04]
 [3.92400000e+03 2.88640000e+04 2.89630000e+04 2.89820000e+04
  2.90560000e+04 2.90710000e+04 2.91530000e+04 2.92080000e+04
  2.92990000e+04 2.93520000e+04 2.93600000e+04 2.93790000e+04
  2.93880000e+04 2.94480000e+04 2.94580000e+04 2.94630000e+04
  2.95000000e+04 2.95950000e+04 2.96140000e+04 2.96770000e+04]
 [2.56080000e+04 2.78160000e+04 2.78350000e+04 2.78380000e+04
  2.78820000e+04 2.79120000e+04 2.79960000e+04 2.80450000e+04
  2.80670000e+04 2.80820000e+04 2.81750000e+04 2.83200000e+04
  2.84100000e+04 2.84580000e+04 2.85450000e+04 2.85790000e+04
  2.86210000e+04 2.86990000e+04 2.87750000e+04 2.88570000e+04]
 [0.00000000e+00 4.70000000e+01 5.10000000e+01 8.60000000e+01
  5.33200000e+03 2.76770000e+04 2.77410000e+04 2.78160000e+04
  2.78790000e+04 2.79760000e+04 2.80270000e+04 2.80920000e+04
  2.81330000e+04 2.81790000e+04 2.83760000e+04 2.83970000e+04
  2.84470000e+04 2.84500000e+04 2.84900000e+04 2.86160000e+04]
 [2.67720000e+04 2.68610000e+04 2.68840000e+04 2.68930000e+04
  2.69000000e+04 2.69080000e+04 2.69850000e+04 2.70790000e+04
  2.71670000e+04 2.71990000e+04 2.72920000e+04 2.72960000e+04
  2.73690000e+04 2.74630000e+04 2.75290000e+04 2.76110000e+04
  2.76390000e+04 2.76770000e+04 2.77210000e+04 2.77470000e+04]
 [6.49311547e+02 2.57690000e+04 2.58370000e+04 2.59060000e+04
  2.59630000e+04 2.61190000e+04 2.64220000e+04 2.64320000e+04
  2.64690000e+04 2.65040000e+04 2.65990000e+04 2.66850000e+04
  2.67100000e+04 2.67720000e+04 2.68530000e+04 2.69280000e+04
  2.69870000e+04 2.70830000e+04 2.71670000e+04 2.72480000e+04]
 [2.36930000e+04 2.38630000e+04 2.48650000e+04 2.53370000e+04
  2.53480000e+04 2.53690000e+04 2.53830000e+04 2.56660000e+04
  2.56820000e+04 2.57180000e+04 2.57690000e+04 2.58250000e+04
  2.59020000e+04 2.59810000e+04 2.60340000e+04 2.60710000e+04
  2.61190000e+04 2.61470000e+04 2.62080000e+04 2.62600000e+04]
 [2.47960000e+04 2.48470000e+04 2.48650000e+04 2.48740000e+04
  2.48800000e+04 2.49330000e+04 2.50050000e+04 2.50530000e+04
  2.51250000e+04 2.51890000e+04 2.52380000e+04 2.52950000e+04
  2.53370000e+04 2.54170000e+04 2.55090000e+04 2.55180000e+04
  2.55240000e+04 2.56080000e+04 2.56660000e+04 2.57160000e+04]
 [2.33050000e+04 2.33720000e+04 2.33900000e+04 2.33950000e+04
  2.43080000e+04 2.43200000e+04 2.43310000e+04 2.43570000e+04
  2.44310000e+04 2.44670000e+04 2.44900000e+04 2.45400000e+04
  2.45530000e+04 2.46120000e+04 2.46490000e+04 2.47280000e+04
  2.47960000e+04 2.49330000e+04 2.49990000e+04 2.50860000e+04]
 [1.12047970e+02 2.29000000e+02 2.37000000e+02 4.39000000e+02
  2.33050000e+04 2.33400000e+04 2.33860000e+04 2.34680000e+04
  2.34700000e+04 2.35290000e+04 2.36000000e+04 2.38480000e+04
  2.38630000e+04 2.39030000e+04 2.39800000e+04 2.40580000e+04
  2.40600000e+04 2.41220000e+04 2.41940000e+04 2.43310000e+04]
 [2.22150000e+04 2.22910000e+04 2.28300000e+04 2.28700000e+04
  2.28850000e+04 2.29680000e+04 2.30070000e+04 2.30730000e+04
  2.31520000e+04 2.32300000e+04 2.32600000e+04 2.32780000e+04
  2.33070000e+04 2.33630000e+04 2.33900000e+04 2.34340000e+04
  2.35120000e+04 2.35130000e+04 2.35820000e+04 2.36160000e+04]
 [2.21640000e+04 2.22150000e+04 2.23040000e+04 2.24030000e+04
  2.24570000e+04 2.25560000e+04 2.26320000e+04 2.26430000e+04
  2.27350000e+04 2.27390000e+04 2.27640000e+04 2.28300000e+04
  2.28710000e+04 2.29630000e+04 2.29990000e+04 2.30540000e+04
  2.30860000e+04 2.31520000e+04 2.31530000e+04 2.31980000e+04]
 [2.10110000e+04 2.10920000e+04 2.11790000e+04 2.12320000e+04
  2.12470000e+04 2.12900000e+04 2.15780000e+04 2.16450000e+04
  2.16570000e+04 2.17520000e+04 2.17560000e+04 2.18220000e+04
  2.18810000e+04 2.19150000e+04 2.19240000e+04 2.19490000e+04
  2.19510000e+04 2.19570000e+04 2.20440000e+04 2.21290000e+04]
 [5.30000000e+02 5.36000000e+02 5.73000000e+02 6.23000000e+02
  3.31700000e+03 2.09960000e+04 2.10900000e+04 2.10920000e+04
  2.11890000e+04 2.12410000e+04 2.12450000e+04 2.13450000e+04
  2.13890000e+04 2.14400000e+04 2.14630000e+04 2.15430000e+04
  2.15780000e+04 2.15940000e+04 2.16400000e+04 2.16530000e+04]
 [6.15800000e+03 2.05190000e+04 2.06160000e+04 2.06680000e+04
  2.07670000e+04 2.08500000e+04 2.09030000e+04 2.09600000e+04
  2.09680000e+04 2.10370000e+04 2.10740000e+04 2.11890000e+04
  2.12840000e+04 2.13450000e+04 2.14210000e+04 2.14930000e+04
  2.15470000e+04 2.15620000e+04 2.16530000e+04 2.17030000e+04]
 [7.18700000e+03 1.92060000e+04 1.98670000e+04 2.01090000e+04
  2.01930000e+04 2.02220000e+04 2.02540000e+04 2.02840000e+04
  2.03260000e+04 2.04050000e+04 2.04630000e+04 2.05090000e+04
  2.05160000e+04 2.06050000e+04 2.06760000e+04 2.07670000e+04
  2.07760000e+04 2.08460000e+04 2.08860000e+04 2.09190000e+04]
 [4.56000000e+02 4.87000000e+02 7.54400000e+03 7.64500000e+03
  1.92430000e+04 1.93230000e+04 1.93290000e+04 1.93860000e+04
  1.94720000e+04 1.95240000e+04 1.95580000e+04 1.98520000e+04
  1.99200000e+04 2.00070000e+04 2.00250000e+04 2.00810000e+04
  2.01090000e+04 2.01750000e+04 2.02630000e+04 2.03080000e+04]
 [8.07500000e+03 1.88260000e+04 1.88400000e+04 1.88830000e+04
  1.89730000e+04 1.90170000e+04 1.90380000e+04 1.90660000e+04
  1.91630000e+04 1.92610000e+04 1.93090000e+04 1.94040000e+04
  1.94880000e+04 1.95580000e+04 1.95960000e+04 1.96880000e+04
  1.97440000e+04 1.97990000e+04 1.98520000e+04 1.98670000e+04]
 [1.77360000e+04 1.78270000e+04 1.78830000e+04 1.79800000e+04
  1.80260000e+04 1.80440000e+04 1.81080000e+04 1.82020000e+04
  1.83010000e+04 1.83820000e+04 1.84440000e+04 1.85000000e+04
  1.85530000e+04 1.86510000e+04 1.86830000e+04 1.87340000e+04
  1.87580000e+04 1.87840000e+04 1.88650000e+04 1.88890000e+04]
 [1.56560000e+04 1.57550000e+04 1.58010000e+04 1.58230000e+04
  1.58480000e+04 1.58600000e+04 1.70660000e+04 1.70950000e+04
  1.71820000e+04 1.72180000e+04 1.72560000e+04 1.72980000e+04
  1.73330000e+04 1.73630000e+04 1.74200000e+04 1.75050000e+04
  1.76020000e+04 1.76040000e+04 1.76530000e+04 1.77360000e+04]
 [4.83300000e+03 1.59540000e+04 1.60470000e+04 1.61060000e+04
  1.61540000e+04 1.62550000e+04 1.63290000e+04 1.64130000e+04
  1.64960000e+04 1.65700000e+04 1.66590000e+04 1.67290000e+04
  1.67740000e+04 1.68330000e+04 1.68870000e+04 1.68880000e+04
  1.69480000e+04 1.70260000e+04 1.70850000e+04 1.71310000e+04]
 [1.50740000e+04 1.51210000e+04 1.51770000e+04 1.52120000e+04
  1.52660000e+04 1.54000000e+04 1.54310000e+04 1.55030000e+04
  1.55870000e+04 1.56560000e+04 1.57460000e+04 1.58010000e+04
  1.58650000e+04 1.59540000e+04 1.59640000e+04 1.60150000e+04
  1.60960000e+04 1.61540000e+04 1.62010000e+04 1.62370000e+04]
 [1.35000000e+02 2.17700000e+03 2.26100000e+03 3.25600000e+03
  1.43030000e+04 1.43940000e+04 1.44720000e+04 1.45500000e+04
  1.45980000e+04 1.49310000e+04 1.49780000e+04 1.50380000e+04
  1.50740000e+04 1.51010000e+04 1.51430000e+04 1.51770000e+04
  1.52120000e+04 1.52970000e+04 1.53300000e+04 1.54000000e+04]
 [1.28230000e+04 1.38140000e+04 1.39110000e+04 1.39700000e+04
  1.40660000e+04 1.40970000e+04 1.41690000e+04 1.42150000e+04
  1.42620000e+04 1.43180000e+04 1.43820000e+04 1.44330000e+04
  1.45100000e+04 1.45830000e+04 1.46500000e+04 1.47310000e+04
  1.47330000e+04 1.48110000e+04 1.48330000e+04 1.48810000e+04]
 [1.23910000e+04 1.25170000e+04 1.25380000e+04 1.26190000e+04
  1.27600000e+04 1.29950000e+04 1.30930000e+04 1.31770000e+04
  1.32060000e+04 1.32600000e+04 1.33510000e+04 1.34260000e+04
  1.35300000e+04 1.35310000e+04 1.36200000e+04 1.36260000e+04
  1.36680000e+04 1.36700000e+04 1.36820000e+04 1.37150000e+04]
 [3.65300000e+03 3.73300000e+03 1.25980000e+04 1.26550000e+04
  1.28060000e+04 1.29000000e+04 1.29950000e+04 1.30530000e+04
  1.31420000e+04 1.31890000e+04 1.32060000e+04 1.32300000e+04
  1.33280000e+04 1.33900000e+04 1.34810000e+04 1.35300000e+04
  1.35950000e+04 1.36290000e+04 1.37200000e+04 1.38140000e+04]
 [0.00000000e+00 4.10000000e+01 1.16730000e+04 1.16820000e+04
  1.17770000e+04 1.18540000e+04 1.20910000e+04 1.21810000e+04
  1.22670000e+04 1.22880000e+04 1.23010000e+04 1.23610000e+04
  1.23970000e+04 1.24190000e+04 1.24900000e+04 1.27450000e+04
  1.27600000e+04 1.27920000e+04 1.28060000e+04 1.28170000e+04]
 [0.00000000e+00 5.06139426e+01 3.06000000e+02 3.99000000e+02
  4.99000000e+02 5.73000000e+02 1.19640000e+04 1.20220000e+04
  1.20910000e+04 1.21010000e+04 1.21420000e+04 1.22220000e+04
  1.22250000e+04 1.22970000e+04 1.23570000e+04 1.23910000e+04
  1.24510000e+04 1.24850000e+04 1.25170000e+04 1.25500000e+04]
 [9.99400000e+03 1.00820000e+04 1.01130000e+04 1.01400000e+04
  1.03970000e+04 1.08320000e+04 1.08590000e+04 1.08640000e+04
  1.09130000e+04 1.09210000e+04 1.09880000e+04 1.10110000e+04
  1.11890000e+04 1.12130000e+04 1.13020000e+04 1.13750000e+04
  1.14510000e+04 1.15380000e+04 1.15930000e+04 1.16100000e+04]
 [9.38500000e+03 9.39500000e+03 9.47800000e+03 1.02890000e+04
  1.03350000e+04 1.03660000e+04 1.04450000e+04 1.04730000e+04
  1.04880000e+04 1.05190000e+04 1.06570000e+04 1.06990000e+04
  1.07390000e+04 1.09150000e+04 1.09750000e+04 1.09800000e+04
  1.10420000e+04 1.10900000e+04 1.11180000e+04 1.11310000e+04]
 [3.66000000e+03 9.59400000e+03 9.67100000e+03 9.76500000e+03
  9.78100000e+03 9.95600000e+03 1.00040000e+04 1.00970000e+04
  1.01220000e+04 1.01980000e+04 1.02020000e+04 1.02720000e+04
  1.03380000e+04 1.03690000e+04 1.04320000e+04 1.05020000e+04
  1.05930000e+04 1.06320000e+04 1.06990000e+04 1.07020000e+04]
 [4.83000000e+02 8.30700000e+03 8.40400000e+03 8.44200000e+03
  8.68700000e+03 8.76800000e+03 8.81300000e+03 8.96500000e+03
  9.30800000e+03 9.38500000e+03 9.38900000e+03 9.39700000e+03
  9.46300000e+03 9.47900000e+03 9.48500000e+03 9.67700000e+03
  9.75600000e+03 9.78000000e+03 9.87600000e+03 9.95600000e+03]
 [7.05600000e+03 7.15100000e+03 7.23000000e+03 7.31400000e+03
  7.41000000e+03 7.58500000e+03 8.82600000e+03 8.87400000e+03
  8.91300000e+03 8.94100000e+03 8.98900000e+03 9.07200000e+03
  9.14600000e+03 9.23000000e+03 9.23200000e+03 9.30800000e+03
  9.35300000e+03 9.45100000e+03 9.52100000e+03 9.60900000e+03]
 [1.82800000e+03 6.96000000e+03 7.05600000e+03 8.06400000e+03
  8.14300000e+03 8.23700000e+03 8.24500000e+03 8.26400000e+03
  8.32200000e+03 8.33000000e+03 8.40400000e+03 8.40500000e+03
  8.43500000e+03 8.52800000e+03 8.61900000e+03 8.63000000e+03
  8.68700000e+03 8.76300000e+03 8.83800000e+03 8.92500000e+03]
 [1.88800000e+03 7.06800000e+03 7.16600000e+03 7.29000000e+03
  7.34700000e+03 7.34800000e+03 7.43100000e+03 7.50300000e+03
  7.58500000e+03 7.64500000e+03 7.73200000e+03 7.82600000e+03
  7.87500000e+03 7.93900000e+03 8.02200000e+03 8.06400000e+03
  8.12700000e+03 8.15600000e+03 8.22300000e+03 8.32200000e+03]
 [5.00300000e+03 6.43000000e+03 6.52200000e+03 6.53100000e+03
  6.77800000e+03 6.89100000e+03 6.91100000e+03 6.98900000e+03
  7.03500000e+03 7.05100000e+03 7.10300000e+03 7.18100000e+03
  7.21100000e+03 7.21400000e+03 7.27700000e+03 7.29000000e+03
  7.35800000e+03 7.43100000e+03 7.48600000e+03 7.58000000e+03]
 [2.52800000e+03 2.54900000e+03 5.31900000e+03 5.63300000e+03
  6.34800000e+03 6.43000000e+03 6.48100000e+03 6.53000000e+03
  6.60000000e+03 6.65100000e+03 6.70900000e+03 6.76600000e+03
  6.84600000e+03 6.89100000e+03 6.96000000e+03 7.01000000e+03
  7.10400000e+03 7.11400000e+03 7.11600000e+03 7.18700000e+03]
 [3.62000000e+02 4.05000000e+02 8.20000000e+02 8.76000000e+02
  5.12200000e+03 5.15800000e+03 5.22200000e+03 5.30900000e+03
  5.70700000e+03 5.74200000e+03 5.78100000e+03 5.81300000e+03
  5.89500000e+03 5.97900000e+03 6.07400000e+03 6.11500000e+03
  6.15800000e+03 6.20800000e+03 6.24900000e+03 6.29500000e+03]
 [1.52100000e+03 4.49900000e+03 4.72700000e+03 4.79800000e+03
  4.81000000e+03 4.83300000e+03 4.91400000e+03 4.97900000e+03
  5.01900000e+03 5.07800000e+03 5.14400000e+03 5.22200000e+03
  5.24300000e+03 5.29100000e+03 5.36000000e+03 5.36400000e+03
  5.45900000e+03 5.52700000e+03 5.56300000e+03 5.58200000e+03]
 [4.18000000e+02 4.23300000e+03 4.31700000e+03 4.40400000e+03
  4.49900000e+03 4.52500000e+03 4.53900000e+03 4.61100000e+03
  4.63500000e+03 4.72100000e+03 4.72700000e+03 4.77200000e+03
  4.80100000e+03 4.82000000e+03 4.91200000e+03 4.99200000e+03
  5.00300000e+03 5.07800000e+03 5.24300000e+03 5.33200000e+03]
 [3.06139426e+01 3.41900000e+03 3.50400000e+03 3.55200000e+03
  3.62200000e+03 3.65300000e+03 3.66700000e+03 3.74800000e+03
  3.76900000e+03 3.82600000e+03 3.92400000e+03 3.93300000e+03
  3.95600000e+03 3.97200000e+03 4.01800000e+03 4.06200000e+03
  4.07800000e+03 4.11900000e+03 4.13600000e+03 4.21600000e+03]
 [0.00000000e+00 6.80000000e+01 9.80000000e+01 1.84000000e+02
  2.38000000e+02 3.18000000e+02 2.68600000e+03 2.70200000e+03
  2.79100000e+03 2.86200000e+03 2.95900000e+03 3.03900000e+03
  3.10800000e+03 3.14600000e+03 3.22300000e+03 3.22600000e+03
  3.25600000e+03 3.31700000e+03 3.39900000e+03 3.48700000e+03]
 [1.12900000e+03 1.22600000e+03 1.27200000e+03 1.50900000e+03
  1.58600000e+03 1.61300000e+03 1.70900000e+03 1.79100000e+03
  1.85400000e+03 1.87500000e+03 1.95800000e+03 2.00900000e+03
  2.08600000e+03 2.16600000e+03 2.25400000e+03 2.26100000e+03
  2.35800000e+03 2.43100000e+03 3.07200000e+03 3.22400000e+03]
 [1.17000000e+02 1.03900000e+03 1.13000000e+03 1.13200000e+03
  1.22600000e+03 1.30700000e+03 1.35800000e+03 1.44600000e+03
  1.48900000e+03 1.50900000e+03 1.58800000e+03 1.63500000e+03
  1.69700000e+03 1.76300000e+03 1.80400000e+03 1.82800000e+03
  1.95800000e+03 1.97000000e+03 1.97300000e+03 2.05000000e+03]
 [0.00000000e+00 4.30000000e+01 1.08000000e+02 1.76000000e+02
  2.37000000e+02 3.06000000e+02 3.32000000e+02 3.79000000e+02
  4.66000000e+02 5.19000000e+02 6.00000000e+02 6.59000000e+02
  7.40000000e+02 8.20000000e+02 8.83000000e+02 9.14000000e+02
  9.35000000e+02 9.81000000e+02 9.84000000e+02 1.06600000e+03]]
