optimal_status: 0
solution: 8704.0
cpu_time: 3600.208680152893
gap: 0.8684147852873245
upper_bound: 1145.317708859127
lower_bound: 8704.0
cg_matrix: [[0. 1. 1. 0. 1. 1. 1. 0. 1. 1. 0. 0. 1. 0. 1. 1. 0. 0. 0. 0. 1. 1. 1. 1.
  0. 0. 1. 1. 1. 0. 1. 1. 0. 1. 1. 0. 1. 0. 1. 0. 0. 0. 0. 0. 1. 0. 0. 1.
  0. 1.]
 [1. 0. 0. 0. 0. 0. 0. 0. 0. 0. 1. 0. 1. 1. 0. 1. 1. 1. 1. 0. 0. 1. 0. 1.
  0. 0. 0. 0. 0. 0. 0. 0. 1. 1. 1. 0. 1. 0. 0. 1. 1. 1. 1. 0. 0. 1. 1. 1.
  0. 0.]
 [1. 0. 0. 0. 1. 1. 1. 0. 1. 1. 0. 1. 1. 0. 1. 0. 0. 1. 0. 0. 0. 0. 1. 0.
  1. 0. 0. 1. 1. 0. 0. 0. 1. 0. 1. 0. 1. 0. 1. 0. 1. 1. 1. 0. 1. 1. 1. 0.
  0. 1.]
 [0. 0. 0. 0. 1. 0. 1. 1. 1. 1. 1. 0. 0. 1. 1. 1. 0. 1. 1. 1. 0. 1. 1. 1.
  1. 1. 0. 0. 0. 0. 0. 0. 1. 0. 0. 1. 0. 1. 0. 1. 1. 0. 1. 0. 1. 0. 0. 1.
  1. 0.]
 [1. 0. 1. 1. 0. 1. 0. 0. 1. 1. 1. 0. 0. 0. 1. 0. 1. 1. 0. 1. 0. 1. 0. 1.
  0. 1. 1. 1. 1. 0. 1. 1. 1. 1. 1. 1. 1. 0. 1. 0. 1. 1. 1. 0. 1. 1. 0. 1.
  1. 1.]
 [1. 0. 1. 0. 1. 0. 0. 0. 1. 1. 0. 0. 0. 1. 1. 0. 1. 0. 1. 1. 1. 1. 1. 0.
  1. 0. 0. 0. 1. 1. 0. 0. 1. 1. 1. 0. 1. 1. 0. 1. 0. 0. 1. 1. 0. 1. 0. 1.
  0. 1.]
 [1. 0. 1. 1. 0. 0. 0. 1. 1. 1. 1. 0. 0. 0. 0. 0. 0. 1. 0. 1. 1. 1. 0. 1.
  0. 0. 1. 0. 0. 1. 0. 1. 0. 1. 0. 0. 0. 1. 0. 1. 0. 0. 1. 1. 0. 0. 1. 0.
  0. 1.]
 [0. 0. 0. 1. 0. 0. 1. 0. 0. 1. 1. 1. 1. 0. 1. 0. 0. 0. 1. 1. 1. 0. 0. 1.
  0. 1. 0. 1. 0. 0. 0. 0. 0. 0. 0. 0. 0. 1. 0. 0. 0. 1. 1. 0. 1. 1. 0. 1.
  0. 0.]
 [1. 0. 1. 1. 1. 1. 1. 0. 0. 0. 1. 0. 0. 0. 0. 0. 0. 0. 1. 0. 0. 1. 0. 0.
  1. 1. 1. 1. 1. 1. 0. 0. 0. 0. 1. 1. 0. 0. 1. 1. 0. 0. 1. 1. 1. 0. 1. 0.
  1. 1.]
 [1. 0. 1. 1. 1. 1. 1. 1. 0. 0. 1. 0. 0. 0. 1. 1. 0. 0. 1. 1. 1. 0. 0. 1.
  0. 1. 0. 0. 0. 1. 0. 0. 0. 1. 1. 0. 1. 1. 1. 1. 0. 1. 1. 0. 0. 1. 0. 1.
  0. 1.]
 [0. 1. 0. 1. 1. 0. 1. 1. 1. 1. 0. 0. 0. 1. 0. 0. 0. 0. 0. 0. 0. 1. 0. 1.
  1. 0. 1. 1. 1. 1. 0. 0. 1. 0. 0. 1. 0. 0. 0. 1. 1. 0. 0. 1. 1. 1. 1. 0.
  0. 1.]
 [0. 0. 1. 0. 0. 0. 0. 1. 0. 0. 0. 0. 1. 0. 1. 0. 0. 0. 0. 1. 1. 1. 0. 1.
  1. 0. 1. 0. 0. 1. 1. 0. 1. 0. 1. 0. 1. 1. 1. 1. 1. 0. 0. 1. 0. 1. 1. 1.
  0. 0.]
 [1. 1. 1. 0. 0. 0. 0. 1. 0. 0. 0. 1. 0. 0. 0. 1. 1. 0. 1. 1. 0. 1. 1. 0.
  1. 1. 0. 1. 0. 0. 1. 0. 1. 1. 0. 1. 0. 0. 1. 1. 0. 1. 0. 1. 0. 0. 0. 0.
  1. 1.]
 [0. 1. 0. 1. 0. 1. 0. 0. 0. 0. 1. 0. 0. 0. 0. 1. 1. 0. 1. 1. 0. 0. 0. 1.
  0. 0. 1. 1. 1. 1. 0. 0. 1. 1. 0. 0. 1. 1. 0. 1. 0. 0. 0. 1. 0. 0. 1. 0.
  1. 1.]
 [1. 0. 1. 1. 1. 1. 0. 1. 0. 1. 0. 1. 0. 0. 0. 1. 1. 0. 1. 1. 0. 0. 1. 0.
  1. 0. 0. 1. 0. 0. 0. 0. 0. 1. 1. 1. 0. 1. 1. 0. 1. 0. 1. 1. 1. 1. 0. 1.
  1. 0.]
 [1. 1. 0. 1. 0. 0. 0. 0. 0. 1. 0. 0. 1. 1. 1. 0. 0. 0. 0. 0. 0. 0. 0. 0.
  0. 0. 0. 0. 0. 0. 0. 0. 0. 0. 0. 0. 0. 0. 0. 0. 0. 0. 0. 0. 0. 0. 0. 0.
  0. 0.]
 [0. 1. 0. 0. 1. 1. 0. 0. 0. 0. 0. 0. 1. 1. 1. 0. 0. 0. 0. 0. 0. 0. 0. 0.
  0. 0. 0. 0. 0. 0. 0. 0. 0. 0. 0. 0. 0. 0. 0. 0. 0. 0. 0. 0. 0. 0. 0. 0.
  0. 0.]
 [0. 1. 1. 1. 1. 0. 1. 0. 0. 0. 0. 0. 0. 0. 0. 0. 0. 0. 0. 0. 0. 0. 0. 0.
  0. 0. 0. 0. 0. 0. 0. 0. 0. 0. 0. 0. 0. 0. 0. 0. 0. 0. 0. 0. 0. 0. 0. 0.
  0. 0.]
 [0. 1. 0. 1. 0. 1. 0. 1. 1. 1. 0. 0. 1. 1. 1. 0. 0. 0. 0. 0. 0. 0. 0. 0.
  0. 0. 0. 0. 0. 0. 0. 0. 0. 0. 0. 0. 0. 0. 0. 0. 0. 0. 0. 0. 0. 0. 0. 0.
  0. 0.]
 [0. 0. 0. 1. 1. 1. 1. 1. 0. 1. 0. 1. 1. 1. 1. 0. 0. 0. 0. 0. 0. 0. 0. 0.
  0. 0. 0. 0. 0. 0. 0. 0. 0. 0. 0. 0. 0. 0. 0. 0. 0. 0. 0. 0. 0. 0. 0. 0.
  0. 0.]
 [1. 0. 0. 0. 0. 1. 1. 1. 0. 1. 0. 1. 0. 0. 0. 0. 0. 0. 0. 0. 0. 0. 0. 0.
  0. 0. 0. 0. 0. 0. 0. 0. 0. 0. 0. 0. 0. 0. 0. 0. 0. 0. 0. 0. 0. 0. 0. 0.
  0. 0.]
 [1. 1. 0. 1. 1. 1. 1. 0. 1. 0. 1. 1. 1. 0. 0. 0. 0. 0. 0. 0. 0. 0. 0. 0.
  0. 0. 0. 0. 0. 0. 0. 0. 0. 0. 0. 0. 0. 0. 0. 0. 0. 0. 0. 0. 0. 0. 0. 0.
  0. 0.]
 [1. 0. 1. 1. 0. 1. 0. 0. 0. 0. 0. 0. 1. 0. 1. 0. 0. 0. 0. 0. 0. 0. 0. 0.
  0. 0. 0. 0. 0. 0. 0. 0. 0. 0. 0. 0. 0. 0. 0. 0. 0. 0. 0. 0. 0. 0. 0. 0.
  0. 0.]
 [1. 1. 0. 1. 1. 0. 1. 1. 0. 1. 1. 1. 0. 1. 0. 0. 0. 0. 0. 0. 0. 0. 0. 0.
  0. 0. 0. 0. 0. 0. 0. 0. 0. 0. 0. 0. 0. 0. 0. 0. 0. 0. 0. 0. 0. 0. 0. 0.
  0. 0.]
 [0. 0. 1. 1. 0. 1. 0. 0. 1. 0. 1. 1. 1. 0. 1. 0. 0. 0. 0. 0. 0. 0. 0. 0.
  0. 0. 0. 0. 0. 0. 0. 0. 0. 0. 0. 0. 0. 0. 0. 0. 0. 0. 0. 0. 0. 0. 0. 0.
  0. 0.]
 [0. 0. 0. 1. 1. 0. 0. 1. 1. 1. 0. 0. 1. 0. 0. 0. 0. 0. 0. 0. 0. 0. 0. 0.
  0. 0. 0. 0. 0. 0. 0. 0. 0. 0. 0. 0. 0. 0. 0. 0. 0. 0. 0. 0. 0. 0. 0. 0.
  0. 0.]
 [1. 0. 0. 0. 1. 0. 1. 0. 1. 0. 1. 1. 0. 1. 0. 0. 0. 0. 0. 0. 0. 0. 0. 0.
  0. 0. 0. 0. 0. 0. 0. 0. 0. 0. 0. 0. 0. 0. 0. 0. 0. 0. 0. 0. 0. 0. 0. 0.
  0. 0.]
 [1. 0. 1. 0. 1. 0. 0. 1. 1. 0. 1. 0. 1. 1. 1. 0. 0. 0. 0. 0. 0. 0. 0. 0.
  0. 0. 0. 0. 0. 0. 0. 0. 0. 0. 0. 0. 0. 0. 0. 0. 0. 0. 0. 0. 0. 0. 0. 0.
  0. 0.]
 [1. 0. 1. 0. 1. 1. 0. 0. 1. 0. 1. 0. 0. 1. 0. 0. 0. 0. 0. 0. 0. 0. 0. 0.
  0. 0. 0. 0. 0. 0. 0. 0. 0. 0. 0. 0. 0. 0. 0. 0. 0. 0. 0. 0. 0. 0. 0. 0.
  0. 0.]
 [0. 0. 0. 0. 0. 1. 1. 0. 1. 1. 1. 1. 0. 1. 0. 0. 0. 0. 0. 0. 0. 0. 0. 0.
  0. 0. 0. 0. 0. 0. 0. 0. 0. 0. 0. 0. 0. 0. 0. 0. 0. 0. 0. 0. 0. 0. 0. 0.
  0. 0.]
 [1. 0. 0. 0. 1. 0. 0. 0. 0. 0. 0. 1. 1. 0. 0. 0. 0. 0. 0. 0. 0. 0. 0. 0.
  0. 0. 0. 0. 0. 0. 0. 0. 0. 0. 0. 0. 0. 0. 0. 0. 0. 0. 0. 0. 0. 0. 0. 0.
  0. 0.]
 [1. 0. 0. 0. 1. 0. 1. 0. 0. 0. 0. 0. 0. 0. 0. 0. 0. 0. 0. 0. 0. 0. 0. 0.
  0. 0. 0. 0. 0. 0. 0. 0. 0. 0. 0. 0. 0. 0. 0. 0. 0. 0. 0. 0. 0. 0. 0. 0.
  0. 0.]
 [0. 1. 1. 1. 1. 1. 0. 0. 0. 0. 1. 1. 1. 1. 0. 0. 0. 0. 0. 0. 0. 0. 0. 0.
  0. 0. 0. 0. 0. 0. 0. 0. 0. 0. 0. 0. 0. 0. 0. 0. 0. 0. 0. 0. 0. 0. 0. 0.
  0. 0.]
 [1. 1. 0. 0. 1. 1. 1. 0. 0. 1. 0. 0. 1. 1. 1. 0. 0. 0. 0. 0. 0. 0. 0. 0.
  0. 0. 0. 0. 0. 0. 0. 0. 0. 0. 0. 0. 0. 0. 0. 0. 0. 0. 0. 0. 0. 0. 0. 0.
  0. 0.]
 [1. 1. 1. 0. 1. 1. 0. 0. 1. 1. 0. 1. 0. 0. 1. 0. 0. 0. 0. 0. 0. 0. 0. 0.
  0. 0. 0. 0. 0. 0. 0. 0. 0. 0. 0. 0. 0. 0. 0. 0. 0. 0. 0. 0. 0. 0. 0. 0.
  0. 0.]
 [0. 0. 0. 1. 1. 0. 0. 0. 1. 0. 1. 0. 1. 0. 1. 0. 0. 0. 0. 0. 0. 0. 0. 0.
  0. 0. 0. 0. 0. 0. 0. 0. 0. 0. 0. 0. 0. 0. 0. 0. 0. 0. 0. 0. 0. 0. 0. 0.
  0. 0.]
 [1. 1. 1. 0. 1. 1. 0. 0. 0. 1. 0. 1. 0. 1. 0. 0. 0. 0. 0. 0. 0. 0. 0. 0.
  0. 0. 0. 0. 0. 0. 0. 0. 0. 0. 0. 0. 0. 0. 0. 0. 0. 0. 0. 0. 0. 0. 0. 0.
  0. 0.]
 [0. 0. 0. 1. 0. 1. 1. 1. 0. 1. 0. 1. 0. 1. 1. 0. 0. 0. 0. 0. 0. 0. 0. 0.
  0. 0. 0. 0. 0. 0. 0. 0. 0. 0. 0. 0. 0. 0. 0. 0. 0. 0. 0. 0. 0. 0. 0. 0.
  0. 0.]
 [1. 0. 1. 0. 1. 0. 0. 0. 1. 1. 0. 1. 1. 0. 1. 0. 0. 0. 0. 0. 0. 0. 0. 0.
  0. 0. 0. 0. 0. 0. 0. 0. 0. 0. 0. 0. 0. 0. 0. 0. 0. 0. 0. 0. 0. 0. 0. 0.
  0. 0.]
 [0. 1. 0. 1. 0. 1. 1. 0. 1. 1. 1. 1. 1. 1. 0. 0. 0. 0. 0. 0. 0. 0. 0. 0.
  0. 0. 0. 0. 0. 0. 0. 0. 0. 0. 0. 0. 0. 0. 0. 0. 0. 0. 0. 0. 0. 0. 0. 0.
  0. 0.]
 [0. 1. 1. 1. 1. 0. 0. 0. 0. 0. 1. 1. 0. 0. 1. 0. 0. 0. 0. 0. 0. 0. 0. 0.
  0. 0. 0. 0. 0. 0. 0. 0. 0. 0. 0. 0. 0. 0. 0. 0. 0. 0. 0. 0. 0. 0. 0. 0.
  0. 0.]
 [0. 1. 1. 0. 1. 0. 0. 1. 0. 1. 0. 0. 1. 0. 0. 0. 0. 0. 0. 0. 0. 0. 0. 0.
  0. 0. 0. 0. 0. 0. 0. 0. 0. 0. 0. 0. 0. 0. 0. 0. 0. 0. 0. 0. 0. 0. 0. 0.
  0. 0.]
 [0. 1. 1. 1. 1. 1. 1. 1. 1. 1. 0. 0. 0. 0. 1. 0. 0. 0. 0. 0. 0. 0. 0. 0.
  0. 0. 0. 0. 0. 0. 0. 0. 0. 0. 0. 0. 0. 0. 0. 0. 0. 0. 0. 0. 0. 0. 0. 0.
  0. 0.]
 [0. 0. 0. 0. 0. 1. 1. 0. 1. 0. 1. 1. 1. 1. 1. 0. 0. 0. 0. 0. 0. 0. 0. 0.
  0. 0. 0. 0. 0. 0. 0. 0. 0. 0. 0. 0. 0. 0. 0. 0. 0. 0. 0. 0. 0. 0. 0. 0.
  0. 0.]
 [1. 0. 1. 1. 1. 0. 0. 1. 1. 0. 1. 0. 0. 0. 1. 0. 0. 0. 0. 0. 0. 0. 0. 0.
  0. 0. 0. 0. 0. 0. 0. 0. 0. 0. 0. 0. 0. 0. 0. 0. 0. 0. 0. 0. 0. 0. 0. 0.
  0. 0.]
 [0. 1. 1. 0. 1. 1. 0. 1. 0. 1. 1. 1. 0. 0. 1. 0. 0. 0. 0. 0. 0. 0. 0. 0.
  0. 0. 0. 0. 0. 0. 0. 0. 0. 0. 0. 0. 0. 0. 0. 0. 0. 0. 0. 0. 0. 0. 0. 0.
  0. 0.]
 [0. 1. 1. 0. 0. 0. 1. 0. 1. 0. 1. 1. 0. 1. 0. 0. 0. 0. 0. 0. 0. 0. 0. 0.
  0. 0. 0. 0. 0. 0. 0. 0. 0. 0. 0. 0. 0. 0. 0. 0. 0. 0. 0. 0. 0. 0. 0. 0.
  0. 0.]
 [1. 1. 0. 1. 1. 1. 0. 1. 0. 1. 0. 1. 0. 0. 1. 0. 0. 0. 0. 0. 0. 0. 0. 0.
  0. 0. 0. 0. 0. 0. 0. 0. 0. 0. 0. 0. 0. 0. 0. 0. 0. 0. 0. 0. 0. 0. 0. 0.
  0. 0.]
 [0. 0. 0. 1. 1. 0. 0. 0. 1. 0. 0. 0. 1. 1. 1. 0. 0. 0. 0. 0. 0. 0. 0. 0.
  0. 0. 0. 0. 0. 0. 0. 0. 0. 0. 0. 0. 0. 0. 0. 0. 0. 0. 0. 0. 0. 0. 0. 0.
  0. 0.]
 [1. 0. 1. 0. 1. 1. 1. 0. 1. 1. 1. 0. 1. 1. 0. 0. 0. 0. 0. 0. 0. 0. 0. 0.
  0. 0. 0. 0. 0. 0. 0. 0. 0. 0. 0. 0. 0. 0. 0. 0. 0. 0. 0. 0. 0. 0. 0. 0.
  0. 0.]]
start_times_array: [[7.34500000e+03 7.42800000e+03 7.74700000e+03 7.80700000e+03
  7.87600000e+03 7.89300000e+03 8.05600000e+03 8.09800000e+03
  8.20000000e+03 8.26000000e+03 8.30200000e+03 8.39800000e+03
  8.41700000e+03 8.54500000e+03 8.60700000e+03]
 [4.51900000e+03 4.60500000e+03 4.67100000e+03 5.08500000e+03
  6.64900000e+03 6.72800000e+03 6.80800000e+03 7.18800000e+03
  7.26800000e+03 7.27200000e+03 7.54500000e+03 7.63300000e+03
  7.96100000e+03 8.15100000e+03 8.21800000e+03]
 [7.06700000e+03 7.12800000e+03 7.21200000e+03 7.29000000e+03
  7.48600000e+03 7.52700000e+03 7.53000000e+03 7.62900000e+03
  7.66100000e+03 7.85000000e+03 7.96100000e+03 8.05000000e+03
  8.15100000e+03 8.21800000e+03 8.46700000e+03]
 [6.76300000e+03 6.85000000e+03 6.99600000e+03 7.18500000e+03
  7.28100000e+03 7.28900000e+03 7.42800000e+03 7.47000000e+03
  7.54300000e+03 7.56900000e+03 7.66100000e+03 7.71100000e+03
  7.80600000e+03 7.94700009e+03 8.01200009e+03]
 [5.32200000e+03 5.92100000e+03 6.00000000e+03 6.24100000e+03
  6.31600000e+03 6.38100000e+03 6.39600000e+03 6.62500000e+03
  6.70200000e+03 6.86500000e+03 6.92200000e+03 6.95100000e+03
  7.02300000e+03 7.10100000e+03 7.36800000e+03]
 [4.88900000e+03 5.77700000e+03 5.84700000e+03 5.96100000e+03
  5.98200000e+03 6.04300000e+03 6.08900000e+03 6.28900000e+03
  6.34400000e+03 6.45500000e+03 6.55000000e+03 6.68300000e+03
  6.73600000e+03 6.77400000e+03 7.18800000e+03]
 [5.23000000e+03 5.77700000e+03 5.94325000e+03 6.24100000e+03
  6.36200000e+03 6.38100000e+03 6.45700000e+03 6.51800000e+03
  6.66000000e+03 6.70600000e+03 6.73200000e+03 6.85300000e+03
  6.88000000e+03 6.95100000e+03 7.02500000e+03]
 [4.88900000e+03 5.00900000e+03 5.08500000e+03 5.32200000e+03
  5.46400000e+03 5.48800000e+03 5.56100000e+03 5.60100000e+03
  5.83925000e+03 5.93725000e+03 6.00225000e+03 6.05125000e+03
  6.31200000e+03 6.55000000e+03 6.60800000e+03]
 [4.54400000e+03 5.00900000e+03 5.08100000e+03 5.36800000e+03
  5.39100000e+03 5.48800000e+03 5.57500000e+03 5.64800000e+03
  5.67300000e+03 5.67700000e+03 5.71700000e+03 5.82300000e+03
  5.83400000e+03 5.85500000e+03 6.17825000e+03]
 [3.88300000e+03 4.25100000e+03 4.35500000e+03 4.51900000e+03
  4.58000000e+03 4.59200000e+03 4.67100000e+03 4.69600000e+03
  4.79300000e+03 5.03600000e+03 5.05900000e+03 5.39600000e+03
  5.68500000e+03 6.15300000e+03 6.22800000e+03]
 [3.59900000e+03 3.65500000e+03 3.81300000e+03 4.04300000e+03
  4.14100000e+03 4.30500000e+03 4.36900000e+03 4.45600000e+03
  4.46300000e+03 4.49100000e+03 4.66700000e+03 4.73700000e+03
  4.95400000e+03 5.14700000e+03 5.26300000e+03]
 [3.47100000e+03 3.63000000e+03 3.70400000e+03 4.07400000e+03
  4.35100000e+03 4.44400000e+03 4.46500000e+03 4.60500000e+03
  4.69300000e+03 4.70500000e+03 4.82400000e+03 4.83200000e+03
  5.14700000e+03 5.64800000e+03 5.66800000e+03]
 [2.74900000e+03 3.17800000e+03 3.37500000e+03 3.51700000e+03
  3.53900000e+03 3.73800000e+03 3.77600000e+03 3.89400000e+03
  3.91000000e+03 3.93800000e+03 3.98400000e+03 4.17000000e+03
  4.24500000e+03 4.26000000e+03 4.55500000e+03]
 [2.92900000e+03 3.17800000e+03 3.23000000e+03 3.23500000e+03
  3.39900000e+03 3.45700000e+03 3.50800000e+03 3.54000000e+03
  3.72400000e+03 3.82300000e+03 3.89400000e+03 3.95300000e+03
  3.96400000e+03 4.11000000e+03 4.54800000e+03]
 [3.17800000e+03 3.37500000e+03 3.41200000e+03 3.51700000e+03
  3.72400000e+03 3.81100000e+03 3.87500000e+03 3.95300000e+03
  3.97000000e+03 4.06000000e+03 4.17000000e+03 4.22600000e+03
  4.30500000e+03 4.42600000e+03 4.46000000e+03]
 [9.01000000e+02 1.40900000e+03 1.76300000e+03 1.96800000e+03
  2.08200000e+03 2.42100000e+03 2.59500000e+03 2.63400000e+03
  2.78500000e+03 2.81800000e+03 2.99900000e+03 3.05700000e+03
  3.08500000e+03 3.30300000e+03 3.63000000e+03]
 [1.03400000e+03 1.51200000e+03 2.02700000e+03 2.07400000e+03
  2.14500000e+03 2.39100000e+03 2.48800000e+03 2.56100000e+03
  2.65900000e+03 2.78500000e+03 2.87400000e+03 2.99900000e+03
  3.09200000e+03 3.28300000e+03 3.63000000e+03]
 [4.08000000e+02 1.35100000e+03 1.89900000e+03 2.05100000e+03
  2.08200000e+03 2.09100000e+03 2.20700000e+03 2.26900000e+03
  2.56100000e+03 2.75700000e+03 2.75900000e+03 2.85000000e+03
  2.95400000e+03 3.27200000e+03 3.66900000e+03]
 [2.48000000e+02 8.52000000e+02 1.97800000e+03 2.01000000e+03
  2.27900000e+03 2.39500000e+03 2.48900000e+03 2.51200000e+03
  2.58300000e+03 2.64700000e+03 2.81800000e+03 2.89100000e+03
  2.99900000e+03 3.07700000e+03 3.08900000e+03]
 [6.67000000e+02 1.50100000e+03 1.84800000e+03 2.00700000e+03
  2.10200000e+03 2.12100000e+03 2.15000000e+03 2.32700000e+03
  2.39100000e+03 2.52100000e+03 2.58600000e+03 2.66600000e+03
  2.78500000e+03 3.06000000e+03 3.09800000e+03]
 [7.89000000e+02 1.54800000e+03 1.66300000e+03 1.77800000e+03
  1.96200000e+03 2.01200000e+03 2.11900000e+03 2.26300000e+03
  2.36200000e+03 2.46900000e+03 2.53100000e+03 2.61600000e+03
  3.19800000e+03 3.35200000e+03 3.36700000e+03]
 [1.36900000e+03 1.45600000e+03 1.62200000e+03 1.73000000e+03
  1.76100000e+03 1.82200000e+03 1.84800000e+03 2.04000000e+03
  2.14500000e+03 2.39200000e+03 2.46900000e+03 2.61600000e+03
  2.67500000e+03 2.93900000e+03 3.30600000e+03]
 [1.30000000e+01 2.02000000e+02 5.61000000e+02 9.81000000e+02
  1.12800000e+03 1.58100000e+03 1.67000000e+03 1.82300000e+03
  2.05200000e+03 2.19200000e+03 2.26000000e+03 2.33200000e+03
  2.43100000e+03 2.67600000e+03 2.78500000e+03]
 [3.67000000e+02 3.76000000e+02 7.95000000e+02 1.19500000e+03
  1.34000000e+03 1.52700000e+03 1.69600000e+03 1.78200000e+03
  1.89600000e+03 2.01800000e+03 2.54900000e+03 2.63900000e+03
  2.64700000e+03 2.69900000e+03 2.74900000e+03]
 [6.00000000e+00 7.39000000e+02 1.04000000e+03 1.37700000e+03
  1.75000000e+03 1.83800000e+03 1.93300000e+03 2.15000000e+03
  2.21400000e+03 2.27300000e+03 2.33200000e+03 2.39100000e+03
  2.40900000e+03 2.51900000e+03 2.58800000e+03]
 [6.90000000e+01 7.72000000e+02 1.04100000e+03 1.07800000e+03
  1.10200000e+03 1.33000000e+03 1.39500000e+03 1.55900000e+03
  1.90400000e+03 1.94100000e+03 2.02100000e+03 2.09900000e+03
  2.17600000e+03 2.20200000e+03 2.29600000e+03]
 [3.70000000e+01 2.20000000e+02 1.16700000e+03 1.21200000e+03
  1.27300000e+03 1.36000000e+03 1.68000000e+03 1.74200000e+03
  1.81500000e+03 2.04400000e+03 2.05100000e+03 2.13400000e+03
  2.19200000e+03 2.28300000e+03 2.31300000e+03]
 [2.12000000e+02 3.40000000e+02 7.41000000e+02 1.35500000e+03
  1.38700000e+03 1.74500000e+03 1.82300000e+03 1.86900000e+03
  2.00000000e+03 2.12100000e+03 2.29600000e+03 2.48600000e+03
  2.55000000e+03 2.59500000e+03 2.82500000e+03]
 [0.00000000e+00 1.30000000e+01 1.97000000e+02 5.53000000e+02
  1.22400000e+03 1.42500000e+03 1.49900000e+03 1.64500000e+03
  1.72600000e+03 1.76600000e+03 1.86400000e+03 1.95800000e+03
  2.04100000e+03 2.41000000e+03 2.48800000e+03]
 [3.53000000e+02 5.95000000e+02 6.59000000e+02 7.05000000e+02
  1.20500000e+03 1.39100000e+03 1.47200000e+03 1.54800000e+03
  1.57600000e+03 1.59400000e+03 1.63800000e+03 1.71900000e+03
  1.90000000e+03 1.97400000e+03 2.29700000e+03]
 [0.00000000e+00 1.70000000e+01 7.39000000e+02 1.03100000e+03
  1.16100000e+03 1.44300000e+03 1.65700000e+03 1.74200000e+03
  1.78600000e+03 1.82400000e+03 1.84500000e+03 1.94000000e+03
  2.03900000e+03 2.20700000e+03 2.27500000e+03]
 [1.70000000e+01 2.11000000e+02 7.80000000e+02 1.12900000e+03
  1.20800000e+03 1.30000000e+03 1.38800000e+03 1.45400000e+03
  1.54700000e+03 1.58100000e+03 1.95600000e+03 2.02700000e+03
  2.11500000e+03 2.22100000e+03 2.24500000e+03]
 [0.00000000e+00 5.95000000e+02 6.97000000e+02 1.05100000e+03
  1.15300000e+03 1.16700000e+03 1.25400000e+03 1.31200000e+03
  1.37700000e+03 1.47500000e+03 1.49300000e+03 1.72300000e+03
  1.90600000e+03 1.99700000e+03 2.14100000e+03]
 [5.80000000e+01 1.27000000e+02 5.15000000e+02 7.18000000e+02
  1.07000000e+03 1.16200000e+03 1.22600000e+03 1.28000000e+03
  1.41700000e+03 1.54700000e+03 1.58500000e+03 1.81100000e+03
  1.82600000e+03 1.87700000e+03 1.92700000e+03]
 [1.87000000e+02 2.59000000e+02 3.07000000e+02 5.54000000e+02
  7.33000000e+02 9.36000000e+02 1.01400000e+03 1.27200000e+03
  1.32800000e+03 1.59500000e+03 1.70100000e+03 1.83600000e+03
  1.84600000e+03 2.01000000e+03 2.10100000e+03]
 [1.38000000e+02 1.87000000e+02 1.98000000e+02 3.15000000e+02
  8.63000000e+02 8.98000000e+02 1.17800000e+03 1.25400000e+03
  1.25500000e+03 1.30900000e+03 1.42500000e+03 1.50800000e+03
  1.51200000e+03 1.53800000e+03 1.58500000e+03]
 [2.50000000e+01 3.76000000e+02 3.91000000e+02 5.78000000e+02
  8.65000000e+02 9.14000000e+02 1.01600000e+03 1.13100000e+03
  1.25500000e+03 1.47900000e+03 1.56300000e+03 1.62600000e+03
  1.67700000e+03 1.80000000e+03 1.83600000e+03]
 [5.20000000e+01 1.08000000e+02 1.27000000e+02 4.69000000e+02
  7.75000000e+02 8.99000000e+02 9.67000000e+02 1.21300000e+03
  1.31400000e+03 1.36400000e+03 1.36900000e+03 1.39100000e+03
  1.46400000e+03 1.47000000e+03 1.54600000e+03]
 [0.00000000e+00 5.60000000e+01 1.18000000e+02 4.97000000e+02
  6.75000000e+02 8.64000000e+02 1.18800000e+03 1.34400000e+03
  1.40500000e+03 1.47000000e+03 1.53600000e+03 1.65400000e+03
  1.71200000e+03 2.19000000e+03 2.57000000e+03]
 [0.00000000e+00 1.93000000e+02 2.59000000e+02 2.68000000e+02
  4.93000000e+02 6.28000000e+02 1.02400000e+03 1.15000000e+03
  1.37400000e+03 1.40500000e+03 1.43900000e+03 1.55200000e+03
  1.63700000e+03 1.67800000e+03 1.92600000e+03]
 [1.80000000e+01 4.03000000e+02 4.38000000e+02 7.54000000e+02
  9.41000000e+02 1.04500000e+03 1.30000000e+03 1.36000000e+03
  1.36400000e+03 1.38900000e+03 1.44000000e+03 1.47100000e+03
  1.55800000e+03 1.64300000e+03 1.74100000e+03]
 [3.07000000e+02 3.67000000e+02 3.88000000e+02 6.07000000e+02
  6.84000000e+02 7.50000000e+02 8.57000000e+02 8.77000000e+02
  9.31000000e+02 9.93000000e+02 1.03400000e+03 1.10600000e+03
  1.34100000e+03 1.55800000e+03 1.69300000e+03]
 [0.00000000e+00 3.50000000e+01 5.90000000e+01 2.02000000e+02
  2.64000000e+02 6.84000000e+02 7.34000000e+02 9.74000000e+02
  9.92000000e+02 1.01900000e+03 1.08400000e+03 1.17700000e+03
  1.27400000e+03 1.38800000e+03 1.62500000e+03]
 [0.00000000e+00 9.40000000e+01 1.34000000e+02 2.02000000e+02
  2.77000000e+02 5.23000000e+02 7.37000000e+02 8.21000000e+02
  8.39000000e+02 9.26000000e+02 9.31000000e+02 9.57000000e+02
  9.96000000e+02 1.37000000e+03 1.60000000e+03]
 [3.80000000e+01 9.40000000e+01 1.94000000e+02 3.51000000e+02
  4.17000000e+02 4.69000000e+02 5.63000000e+02 5.94000000e+02
  7.08000000e+02 9.35000000e+02 9.92000000e+02 1.03500000e+03
  1.23600000e+03 1.46100000e+03 1.95500000e+03]
 [1.58000000e+02 1.93000000e+02 2.20000000e+02 2.83000000e+02
  4.86000000e+02 5.58000000e+02 6.58000000e+02 7.37000000e+02
  7.55000000e+02 7.97000000e+02 8.56000000e+02 1.02300000e+03
  1.14600000e+03 1.17700000e+03 1.19500000e+03]
 [1.38000000e+02 1.65000000e+02 2.25000000e+02 3.01000000e+02
  3.59000000e+02 4.73000000e+02 5.49000000e+02 6.00000000e+02
  6.07000000e+02 6.11000000e+02 6.36000000e+02 6.97000000e+02
  7.00000000e+02 8.29000000e+02 8.37000000e+02]
 [0.00000000e+00 7.10000000e+01 1.96000000e+02 2.20000000e+02
  2.94000000e+02 3.90000000e+02 4.80000000e+02 5.49000000e+02
  5.95000000e+02 6.58000000e+02 7.62000000e+02 8.31000000e+02
  1.06800000e+03 1.12100000e+03 1.32200000e+03]
 [0.00000000e+00 3.80000000e+01 1.03000000e+02 1.43000000e+02
  2.45000000e+02 2.46000000e+02 3.50000000e+02 4.29000000e+02
  4.42000000e+02 5.04000000e+02 6.00000000e+02 6.10000000e+02
  6.93000000e+02 8.22000000e+02 1.22700000e+03]
 [0.00000000e+00 7.10000000e+01 1.38000000e+02 1.98000000e+02
  2.64000000e+02 3.01000000e+02 3.53000000e+02 4.42000000e+02
  4.67000000e+02 5.03000000e+02 5.87000000e+02 6.67000000e+02
  7.54000000e+02 7.78000000e+02 8.42000000e+02]]
