optimal_status: 0
solution: 11608.0
cpu_time: 3600.102837085724
gap: 0.9039920853639987
upper_bound: 1114.4598730947027
lower_bound: 11608.0
cg_matrix: [[0. 1. 0. 1. 0. 1. 1. 0. 1. 1. 0. 1. 0. 1. 1. 0. 1. 1. 1. 1.]
 [1. 0. 1. 1. 1. 1. 1. 1. 1. 1. 1. 1. 1. 1. 1. 1. 1. 1. 1. 0.]
 [0. 1. 0. 1. 1. 1. 1. 1. 1. 1. 1. 1. 1. 0. 1. 1. 0. 1. 1. 1.]
 [1. 1. 1. 0. 1. 1. 1. 1. 1. 1. 1. 1. 1. 0. 1. 1. 1. 1. 1. 0.]
 [0. 1. 1. 1. 0. 1. 1. 1. 1. 1. 1. 1. 0. 1. 1. 0. 1. 1. 1. 1.]
 [1. 1. 1. 1. 1. 0. 1. 1. 1. 1. 1. 1. 1. 1. 0. 1. 0. 1. 1. 1.]
 [1. 1. 1. 1. 1. 1. 0. 1. 1. 0. 1. 0. 1. 1. 1. 1. 1. 1. 0. 1.]
 [0. 1. 1. 1. 1. 1. 1. 0. 1. 1. 1. 1. 1. 1. 1. 1. 0. 1. 1. 0.]
 [1. 1. 1. 1. 1. 1. 1. 1. 0. 1. 1. 1. 1. 0. 1. 1. 1. 1. 1. 1.]
 [1. 1. 1. 1. 1. 1. 0. 1. 1. 0. 1. 0. 1. 1. 1. 1. 1. 1. 1. 1.]
 [0. 1. 1. 1. 1. 1. 1. 1. 1. 1. 0. 1. 1. 1. 1. 1. 1. 1. 1. 1.]
 [1. 1. 1. 1. 1. 1. 0. 1. 1. 0. 1. 0. 1. 1. 0. 1. 1. 1. 1. 1.]
 [0. 1. 1. 1. 0. 1. 1. 1. 1. 1. 1. 1. 0. 1. 1. 0. 1. 1. 1. 1.]
 [1. 1. 0. 0. 1. 1. 1. 1. 0. 1. 1. 1. 1. 0. 0. 0. 0. 1. 0. 1.]
 [1. 1. 1. 1. 1. 0. 1. 1. 1. 1. 1. 0. 1. 0. 0. 1. 1. 1. 0. 1.]
 [0. 1. 1. 1. 0. 1. 1. 1. 1. 1. 1. 1. 0. 0. 1. 0. 0. 0. 0. 0.]
 [1. 1. 0. 1. 1. 0. 1. 0. 1. 1. 1. 1. 1. 0. 1. 0. 0. 0. 0. 0.]
 [1. 1. 1. 1. 1. 1. 1. 1. 1. 1. 1. 1. 1. 1. 1. 0. 0. 0. 0. 0.]
 [1. 1. 1. 1. 1. 1. 0. 1. 1. 1. 1. 1. 1. 0. 0. 0. 0. 0. 0. 0.]
 [1. 0. 1. 0. 1. 1. 1. 0. 1. 1. 1. 1. 1. 1. 1. 0. 0. 0. 0. 0.]]
start_times_array: [[1.0452e+04 1.0492e+04 1.0549e+04 1.0644e+04 1.0677e+04 1.0749e+04
  1.0906e+04 1.0961e+04 1.1124e+04 1.1216e+04 1.1288e+04 1.1368e+04
  1.1490e+04 1.1493e+04 1.1579e+04]
 [9.6070e+03 9.6770e+03 9.8190e+03 9.8870e+03 1.0025e+04 1.0060e+04
  1.0118e+04 1.0208e+04 1.0260e+04 1.0357e+04 1.0780e+04 1.0874e+04
  1.0997e+04 1.1053e+04 1.1407e+04]
 [8.4120e+03 8.9040e+03 8.9090e+03 9.1620e+03 9.3620e+03 9.3930e+03
  9.4970e+03 9.5130e+03 9.5320e+03 9.6270e+03 9.7330e+03 9.7560e+03
  9.9360e+03 1.0452e+04 1.0756e+04]
 [7.9720e+03 8.0590e+03 8.2380e+03 8.2790e+03 8.5100e+03 8.6040e+03
  8.7610e+03 8.7690e+03 8.8440e+03 9.0060e+03 9.0480e+03 9.0860e+03
  9.0890e+03 9.2470e+03 9.3260e+03]
 [7.0270e+03 7.2100e+03 7.3820e+03 7.4080e+03 7.4970e+03 7.5510e+03
  7.7140e+03 7.8430e+03 7.9290e+03 8.0520e+03 8.1170e+03 8.1520e+03
  8.3130e+03 8.6670e+03 9.3980e+03]
 [5.9380e+03 6.3670e+03 6.5030e+03 6.6880e+03 6.7950e+03 6.8700e+03
  6.9400e+03 6.9900e+03 7.0980e+03 7.1880e+03 7.2750e+03 7.2840e+03
  7.4670e+03 7.6200e+03 7.8000e+03]
 [4.9740e+03 5.6680e+03 5.7310e+03 5.7960e+03 5.8730e+03 6.0200e+03
  6.1180e+03 6.2150e+03 6.4370e+03 6.4420e+03 6.5560e+03 6.6200e+03
  6.7620e+03 6.7640e+03 6.8530e+03]
 [4.4910e+03 4.5650e+03 4.8420e+03 5.0450e+03 5.1080e+03 5.3140e+03
  5.4040e+03 5.4890e+03 5.6360e+03 5.8110e+03 5.9120e+03 5.9170e+03
  6.1130e+03 6.2820e+03 6.3310e+03]
 [4.1560e+03 4.2380e+03 4.2690e+03 4.4180e+03 4.4670e+03 4.4980e+03
  4.5750e+03 4.6410e+03 4.6780e+03 4.7600e+03 4.9070e+03 4.9700e+03
  5.2000e+03 5.2620e+03 5.5700e+03]
 [2.7090e+03 2.7760e+03 3.6080e+03 3.6950e+03 3.8230e+03 3.8660e+03
  3.8790e+03 3.8970e+03 3.9700e+03 4.0390e+03 4.0590e+03 4.1650e+03
  4.3460e+03 4.4100e+03 4.8290e+03]
 [2.9050e+03 2.9900e+03 3.1020e+03 3.1860e+03 3.2500e+03 3.2680e+03
  3.3400e+03 3.4060e+03 3.4780e+03 3.5060e+03 3.5190e+03 3.5360e+03
  3.5910e+03 3.7230e+03 3.7650e+03]
 [2.2320e+03 2.3190e+03 2.3550e+03 2.4910e+03 2.5180e+03 2.5450e+03
  2.6170e+03 2.6660e+03 2.7450e+03 2.7750e+03 2.7920e+03 2.8490e+03
  3.0200e+03 3.1820e+03 3.6570e+03]
 [1.5700e+03 1.5850e+03 1.6470e+03 1.7250e+03 1.8680e+03 1.9300e+03
  1.9470e+03 1.9900e+03 2.0080e+03 2.0610e+03 2.0770e+03 2.1430e+03
  2.1630e+03 2.4420e+03 2.5410e+03]
 [8.3300e+02 8.6700e+02 9.9900e+02 1.0220e+03 1.0910e+03 1.1030e+03
  1.1620e+03 1.2120e+03 1.2690e+03 1.3540e+03 1.3700e+03 1.4270e+03
  1.5090e+03 1.5800e+03 1.8320e+03]
 [8.3600e+02 9.0700e+02 1.0550e+03 1.1510e+03 1.1670e+03 1.2690e+03
  1.3570e+03 1.3600e+03 1.4280e+03 1.4800e+03 1.5090e+03 1.5380e+03
  1.5600e+03 1.5760e+03 1.8030e+03]
 [0.0000e+00 2.3000e+01 5.7000e+01 1.3600e+02 1.7000e+02 3.2100e+02
  3.7200e+02 4.4500e+02 4.8000e+02 5.3100e+02 6.4100e+02 7.8600e+02
  8.2900e+02 9.2600e+02 1.1600e+03]
 [5.6000e+01 7.4000e+01 1.4000e+02 2.3700e+02 2.8600e+02 2.9000e+02
  3.6100e+02 4.2900e+02 5.2700e+02 5.6900e+02 6.0900e+02 6.4100e+02
  7.3300e+02 7.4400e+02 9.5600e+02]
 [0.0000e+00 1.0000e+00 9.4000e+01 1.9300e+02 2.7900e+02 2.9000e+02
  3.8600e+02 4.4200e+02 4.8100e+02 5.6500e+02 6.0800e+02 6.9000e+02
  7.6300e+02 7.8600e+02 9.5600e+02]
 [0.0000e+00 9.8000e+01 1.3600e+02 2.2800e+02 3.0000e+02 3.7800e+02
  4.4800e+02 4.9500e+02 5.2700e+02 6.1100e+02 6.9500e+02 7.5800e+02
  1.2950e+03 1.5300e+03 1.5560e+03]
 [0.0000e+00 9.8000e+01 1.5100e+02 2.2300e+02 2.3200e+02 3.2100e+02
  3.5100e+02 3.8600e+02 4.2000e+02 4.7200e+02 5.5900e+02 6.5600e+02
  6.9000e+02 7.6300e+02 9.5600e+02]]
