optimal_status: 0
solution: 7618.0
cpu_time: 3600.146849155426
gap: 0.8262860389491816
upper_bound: 1323.3529552851346
lower_bound: 7618.0
cg_matrix: [[0. 0. 1. 0. 1. 0. 1. 0. 0. 1. 1. 1. 1. 0. 0. 1. 1. 0. 1. 0. 0. 0. 0. 0.
  0. 1. 0. 0. 1. 0.]
 [0. 0. 0. 0. 0. 0. 0. 0. 1. 1. 0. 0. 0. 1. 0. 0. 1. 1. 1. 0. 1. 1. 0. 1.
  1. 0. 0. 1. 1. 1.]
 [1. 0. 0. 1. 1. 0. 1. 1. 1. 0. 1. 0. 0. 0. 0. 1. 0. 1. 0. 1. 1. 1. 0. 1.
  1. 1. 1. 1. 1. 0.]
 [0. 0. 1. 0. 1. 1. 1. 1. 0. 1. 0. 1. 1. 0. 0. 1. 1. 0. 0. 0. 1. 1. 1. 0.
  0. 0. 1. 1. 0. 0.]
 [1. 0. 1. 1. 0. 0. 1. 0. 1. 1. 0. 0. 0. 1. 1. 0. 1. 0. 1. 1. 1. 1. 0. 0.
  1. 0. 0. 0. 0. 0.]
 [0. 0. 0. 1. 0. 0. 1. 1. 1. 0. 0. 1. 1. 1. 0. 0. 1. 1. 0. 0. 1. 0. 0. 1.
  0. 0. 1. 1. 1. 1.]
 [1. 0. 1. 1. 1. 1. 0. 1. 1. 1. 0. 1. 1. 1. 0. 0. 0. 1. 0. 0. 0. 1. 0. 1.
  0. 1. 1. 1. 1. 0.]
 [0. 0. 1. 1. 0. 1. 1. 0. 0. 1. 1. 0. 0. 1. 0. 0. 1. 0. 0. 1. 1. 1. 0. 1.
  0. 1. 1. 1. 0. 0.]
 [0. 1. 1. 0. 1. 1. 1. 0. 0. 0. 0. 0. 0. 1. 0. 1. 1. 1. 1. 1. 1. 0. 0. 1.
  0. 1. 1. 0. 0. 0.]
 [1. 1. 0. 1. 1. 0. 1. 1. 0. 0. 1. 0. 1. 0. 1. 1. 0. 0. 0. 0. 1. 0. 1. 0.
  1. 0. 0. 0. 1. 0.]
 [1. 0. 1. 0. 0. 0. 0. 1. 0. 1. 0. 0. 1. 0. 0. 1. 0. 0. 1. 0. 1. 1. 1. 1.
  0. 0. 1. 1. 0. 1.]
 [1. 0. 0. 1. 0. 1. 1. 0. 0. 0. 0. 0. 1. 1. 0. 1. 0. 0. 0. 1. 1. 0. 1. 0.
  1. 1. 0. 0. 1. 0.]
 [1. 0. 0. 1. 0. 1. 1. 0. 0. 1. 1. 1. 0. 0. 1. 1. 0. 0. 0. 1. 1. 0. 0. 0.
  0. 0. 1. 1. 1. 0.]
 [0. 1. 0. 0. 1. 1. 1. 1. 1. 0. 0. 1. 0. 0. 0. 0. 0. 0. 1. 0. 1. 0. 0. 1.
  0. 0. 1. 0. 0. 0.]
 [0. 0. 0. 0. 1. 0. 0. 0. 0. 1. 0. 0. 1. 0. 0. 1. 0. 0. 0. 1. 1. 1. 0. 1.
  1. 1. 1. 1. 1. 1.]
 [1. 0. 1. 1. 0. 0. 0. 0. 1. 1. 1. 1. 1. 0. 1. 0. 0. 0. 0. 0. 0. 0. 0. 0.
  0. 0. 0. 0. 0. 0.]
 [1. 1. 0. 1. 1. 1. 0. 1. 1. 0. 0. 0. 0. 0. 0. 0. 0. 0. 0. 0. 0. 0. 0. 0.
  0. 0. 0. 0. 0. 0.]
 [0. 1. 1. 0. 0. 1. 1. 0. 1. 0. 0. 0. 0. 0. 0. 0. 0. 0. 0. 0. 0. 0. 0. 0.
  0. 0. 0. 0. 0. 0.]
 [1. 1. 0. 0. 1. 0. 0. 0. 1. 0. 1. 0. 0. 1. 0. 0. 0. 0. 0. 0. 0. 0. 0. 0.
  0. 0. 0. 0. 0. 0.]
 [0. 0. 1. 0. 1. 0. 0. 1. 1. 0. 0. 1. 1. 0. 1. 0. 0. 0. 0. 0. 0. 0. 0. 0.
  0. 0. 0. 0. 0. 0.]
 [0. 1. 1. 1. 1. 1. 0. 1. 1. 1. 1. 1. 1. 1. 1. 0. 0. 0. 0. 0. 0. 0. 0. 0.
  0. 0. 0. 0. 0. 0.]
 [0. 1. 1. 1. 1. 0. 1. 1. 0. 0. 1. 0. 0. 0. 1. 0. 0. 0. 0. 0. 0. 0. 0. 0.
  0. 0. 0. 0. 0. 0.]
 [0. 0. 0. 1. 0. 0. 0. 0. 0. 1. 1. 1. 0. 0. 0. 0. 0. 0. 0. 0. 0. 0. 0. 0.
  0. 0. 0. 0. 0. 0.]
 [0. 1. 1. 0. 0. 1. 1. 1. 1. 0. 1. 0. 0. 1. 1. 0. 0. 0. 0. 0. 0. 0. 0. 0.
  0. 0. 0. 0. 0. 0.]
 [0. 1. 1. 0. 1. 0. 0. 0. 0. 1. 0. 1. 0. 0. 1. 0. 0. 0. 0. 0. 0. 0. 0. 0.
  0. 0. 0. 0. 0. 0.]
 [1. 0. 1. 0. 0. 0. 1. 1. 1. 0. 0. 1. 0. 0. 1. 0. 0. 0. 0. 0. 0. 0. 0. 0.
  0. 0. 0. 0. 0. 0.]
 [0. 0. 1. 1. 0. 1. 1. 1. 1. 0. 1. 0. 1. 1. 1. 0. 0. 0. 0. 0. 0. 0. 0. 0.
  0. 0. 0. 0. 0. 0.]
 [0. 1. 1. 1. 0. 1. 1. 1. 0. 0. 1. 0. 1. 0. 1. 0. 0. 0. 0. 0. 0. 0. 0. 0.
  0. 0. 0. 0. 0. 0.]
 [1. 1. 1. 0. 0. 1. 1. 0. 0. 1. 0. 1. 1. 0. 1. 0. 0. 0. 0. 0. 0. 0. 0. 0.
  0. 0. 0. 0. 0. 0.]
 [0. 1. 0. 0. 0. 1. 0. 0. 0. 0. 1. 0. 0. 0. 1. 0. 0. 0. 0. 0. 0. 0. 0. 0.
  0. 0. 0. 0. 0. 0.]]
start_times_array: [[1.820e+02 6.300e+02 1.416e+03 3.342e+03 4.086e+03 4.162e+03 4.511e+03
  5.164e+03 5.325e+03 5.973e+03 6.430e+03 6.753e+03 6.910e+03 7.304e+03
  7.595e+03]
 [3.300e+02 1.573e+03 2.206e+03 3.688e+03 3.893e+03 4.086e+03 4.120e+03
  4.128e+03 4.213e+03 4.941e+03 5.152e+03 6.486e+03 6.910e+03 7.313e+03
  7.409e+03]
 [3.300e+02 1.060e+03 2.206e+03 4.775e+03 4.855e+03 4.872e+03 4.873e+03
  4.899e+03 4.941e+03 4.953e+03 5.009e+03 5.080e+03 5.654e+03 6.608e+03
  7.313e+03]
 [7.300e+01 1.820e+02 2.610e+02 9.320e+02 3.498e+03 3.596e+03 3.898e+03
  4.104e+03 4.154e+03 4.275e+03 4.438e+03 4.680e+03 5.538e+03 7.276e+03
  7.409e+03]
 [4.870e+02 1.114e+03 1.247e+03 2.317e+03 3.052e+03 5.405e+03 5.570e+03
  5.576e+03 6.070e+03 6.106e+03 6.396e+03 6.527e+03 6.549e+03 6.712e+03
  7.213e+03]
 [2.641e+03 2.868e+03 3.323e+03 3.702e+03 3.996e+03 4.444e+03 4.451e+03
  4.546e+03 4.776e+03 4.799e+03 5.152e+03 5.641e+03 6.070e+03 6.465e+03
  6.910e+03]
 [1.000e+02 1.930e+02 1.940e+02 5.410e+02 6.570e+02 6.820e+02 7.480e+02
  1.170e+03 1.368e+03 1.374e+03 1.742e+03 1.786e+03 2.092e+03 2.653e+03
  7.469e+03]
 [1.440e+02 5.710e+02 6.300e+02 8.420e+02 1.114e+03 1.252e+03 1.258e+03
  1.432e+03 1.759e+03 1.862e+03 1.889e+03 1.932e+03 2.282e+03 2.863e+03
  7.593e+03]
 [4.590e+03 4.707e+03 4.754e+03 5.325e+03 5.490e+03 5.519e+03 5.752e+03
  6.216e+03 6.412e+03 6.461e+03 6.754e+03 7.277e+03 7.304e+03 7.528e+03
  7.603e+03]
 [1.672e+03 3.772e+03 3.997e+03 4.064e+03 4.351e+03 4.549e+03 5.654e+03
  5.690e+03 6.162e+03 6.303e+03 6.429e+03 6.608e+03 6.627e+03 7.021e+03
  7.366e+03]
 [0.000e+00 2.610e+02 4.940e+02 7.480e+02 7.710e+02 9.010e+02 1.306e+03
  1.394e+03 1.573e+03 2.293e+03 2.432e+03 2.641e+03 2.704e+03 2.886e+03
  3.918e+03]
 [0.000e+00 6.050e+02 4.351e+03 4.556e+03 4.585e+03 4.847e+03 5.405e+03
  5.751e+03 6.102e+03 6.160e+03 6.396e+03 6.568e+03 6.606e+03 6.758e+03
  7.313e+03]
 [6.900e+01 1.440e+02 1.480e+02 3.960e+02 1.046e+03 1.884e+03 1.939e+03
  2.767e+03 3.418e+03 3.646e+03 3.869e+03 4.178e+03 5.557e+03 5.776e+03
  6.253e+03]
 [9.010e+02 2.011e+03 2.432e+03 3.285e+03 3.509e+03 3.561e+03 3.655e+03
  5.705e+03 5.815e+03 5.973e+03 6.023e+03 6.241e+03 6.640e+03 6.979e+03
  7.059e+03]
 [3.490e+02 7.780e+02 3.320e+03 3.568e+03 3.898e+03 3.984e+03 4.941e+03
  5.035e+03 5.154e+03 5.325e+03 6.164e+03 6.486e+03 6.753e+03 6.819e+03
  7.519e+03]
 [9.800e+01 2.370e+02 4.170e+02 7.080e+02 8.660e+02 1.148e+03 1.219e+03
  1.271e+03 1.786e+03 2.009e+03 2.549e+03 4.636e+03 6.067e+03 6.829e+03
  7.443e+03]
 [3.770e+02 4.230e+02 4.970e+02 1.964e+03 2.044e+03 2.339e+03 2.653e+03
  3.418e+03 3.854e+03 6.241e+03 6.288e+03 6.821e+03 7.059e+03 7.169e+03
  7.446e+03]
 [2.530e+02 6.050e+02 1.002e+03 1.292e+03 2.927e+03 3.144e+03 3.186e+03
  3.498e+03 3.795e+03 4.604e+03 5.559e+03 5.842e+03 6.124e+03 6.204e+03
  6.821e+03]
 [1.146e+03 1.341e+03 1.737e+03 1.835e+03 1.884e+03 2.339e+03 2.591e+03
  3.212e+03 3.772e+03 4.467e+03 5.236e+03 5.559e+03 5.751e+03 5.874e+03
  6.307e+03]
 [7.300e+01 1.341e+03 1.475e+03 1.624e+03 2.339e+03 2.341e+03 2.482e+03
  2.868e+03 2.918e+03 2.960e+03 3.211e+03 4.444e+03 5.086e+03 5.929e+03
  7.430e+03]
 [9.800e+01 2.230e+02 2.380e+02 4.170e+02 9.890e+02 1.506e+03 2.148e+03
  2.549e+03 5.259e+03 5.874e+03 5.929e+03 6.037e+03 6.846e+03 7.156e+03
  7.192e+03]
 [3.400e+01 2.260e+02 9.700e+02 1.475e+03 2.022e+03 2.910e+03 3.004e+03
  4.604e+03 5.232e+03 5.463e+03 5.840e+03 6.253e+03 6.412e+03 6.965e+03
  7.014e+03]
 [3.770e+02 7.380e+02 9.700e+02 2.044e+03 4.086e+03 4.173e+03 4.973e+03
  4.997e+03 5.080e+03 5.140e+03 5.199e+03 5.216e+03 6.711e+03 6.829e+03
  6.954e+03]
 [1.479e+03 1.668e+03 1.964e+03 2.767e+03 2.958e+03 2.988e+03 3.017e+03
  3.039e+03 3.186e+03 3.795e+03 4.636e+03 5.086e+03 5.236e+03 5.401e+03
  7.156e+03]
 [6.900e+01 2.220e+02 4.450e+02 6.540e+02 8.930e+02 1.036e+03 1.432e+03
  1.742e+03 1.809e+03 1.905e+03 5.086e+03 5.803e+03 5.855e+03 5.942e+03
  6.024e+03]
 [6.900e+01 4.480e+02 9.920e+02 1.998e+03 2.070e+03 2.121e+03 2.357e+03
  2.577e+03 2.956e+03 3.061e+03 3.997e+03 4.178e+03 4.636e+03 6.260e+03
  6.329e+03]
 [5.000e+00 4.170e+02 6.850e+02 1.498e+03 1.552e+03 1.663e+03 2.397e+03
  3.190e+03 3.795e+03 3.802e+03 4.089e+03 5.401e+03 6.829e+03 7.156e+03
  7.443e+03]
 [5.000e+00 2.339e+03 2.499e+03 2.586e+03 2.601e+03 2.843e+03 2.927e+03
  2.988e+03 2.996e+03 3.004e+03 3.061e+03 3.119e+03 3.209e+03 3.225e+03
  3.261e+03]
 [7.400e+01 2.210e+02 3.080e+02 3.160e+02 3.180e+02 1.011e+03 4.935e+03
  5.236e+03 5.475e+03 6.697e+03 6.734e+03 6.829e+03 6.979e+03 7.120e+03
  7.132e+03]
 [5.600e+01 6.000e+01 6.900e+01 9.400e+01 2.320e+02 3.840e+02 1.663e+03
  2.011e+03 2.767e+03 2.927e+03 2.941e+03 2.988e+03 3.418e+03 4.275e+03
  4.556e+03]]
