optimal_status: 0
solution: 20690.0
cpu_time: 3603.6383368968964
gap: 0.9347390794004364
upper_bound: 1350.248447204969
lower_bound: 20690.0
cg_matrix: [[0. 1. 0. 1. 0. 1. 1. 0. 1. 1. 1. 1. 1. 1. 1. 0. 1. 1. 1. 1. 1. 1. 0. 1.
  1. 0. 1. 1. 1. 0.]
 [1. 0. 0. 1. 1. 1. 1. 0. 1. 1. 1. 1. 1. 1. 1. 1. 1. 1. 1. 1. 1. 1. 1. 1.
  1. 1. 1. 1. 1. 0.]
 [0. 0. 0. 0. 1. 0. 1. 1. 0. 1. 1. 1. 1. 1. 1. 1. 0. 1. 1. 1. 1. 1. 1. 1.
  1. 1. 0. 1. 1. 0.]
 [1. 1. 0. 0. 1. 1. 1. 0. 1. 1. 1. 1. 1. 0. 1. 1. 1. 1. 0. 1. 1. 1. 1. 0.
  0. 1. 0. 1. 1. 1.]
 [0. 1. 1. 1. 0. 1. 0. 1. 1. 0. 1. 0. 0. 1. 1. 1. 0. 0. 0. 0. 1. 1. 1. 1.
  1. 1. 0. 1. 0. 1.]
 [1. 1. 0. 1. 1. 0. 1. 0. 1. 0. 1. 1. 0. 1. 1. 0. 1. 1. 0. 1. 0. 1. 1. 1.
  1. 1. 1. 0. 0. 0.]
 [1. 1. 1. 1. 0. 1. 0. 1. 1. 1. 0. 1. 1. 1. 1. 1. 1. 1. 1. 0. 1. 1. 1. 1.
  1. 1. 0. 1. 1. 1.]
 [0. 0. 1. 0. 1. 0. 1. 0. 1. 1. 1. 1. 1. 1. 1. 1. 1. 1. 1. 0. 1. 1. 1. 1.
  0. 1. 1. 1. 0. 1.]
 [1. 1. 0. 1. 1. 1. 1. 1. 0. 1. 1. 0. 1. 1. 1. 1. 0. 1. 1. 1. 1. 0. 0. 1.
  1. 1. 1. 1. 0. 1.]
 [1. 1. 1. 1. 0. 0. 1. 1. 1. 0. 0. 1. 0. 1. 1. 1. 1. 1. 1. 1. 1. 1. 1. 1.
  0. 1. 1. 1. 0. 1.]
 [1. 1. 1. 1. 1. 1. 0. 1. 1. 0. 0. 1. 1. 0. 1. 1. 1. 1. 1. 1. 0. 1. 1. 0.
  1. 1. 0. 1. 1. 1.]
 [1. 1. 1. 1. 0. 1. 1. 1. 0. 1. 1. 0. 0. 0. 1. 1. 0. 1. 1. 1. 0. 1. 1. 1.
  1. 1. 0. 1. 0. 1.]
 [1. 1. 1. 1. 0. 0. 1. 1. 1. 0. 1. 0. 0. 0. 1. 0. 0. 1. 1. 1. 1. 1. 1. 1.
  1. 1. 1. 1. 1. 1.]
 [1. 1. 1. 0. 1. 1. 1. 1. 1. 1. 0. 0. 0. 0. 1. 1. 1. 1. 1. 1. 0. 1. 0. 1.
  1. 1. 1. 1. 1. 1.]
 [1. 1. 1. 1. 1. 1. 1. 1. 1. 1. 1. 1. 1. 1. 0. 1. 0. 1. 1. 1. 1. 0. 1. 1.
  1. 1. 1. 1. 1. 0.]
 [0. 1. 1. 1. 1. 0. 1. 1. 1. 1. 1. 1. 0. 1. 1. 0. 1. 1. 1. 1. 1. 1. 1. 1.
  1. 0. 1. 1. 1. 0.]
 [1. 1. 0. 1. 0. 1. 1. 1. 0. 1. 1. 0. 0. 1. 0. 1. 0. 1. 1. 1. 1. 1. 1. 0.
  1. 1. 0. 1. 1. 1.]
 [1. 1. 1. 1. 0. 1. 1. 1. 1. 1. 1. 1. 1. 1. 1. 1. 1. 0. 1. 0. 1. 0. 1. 1.
  0. 1. 1. 1. 0. 1.]
 [1. 1. 1. 0. 0. 0. 1. 1. 1. 1. 1. 1. 1. 1. 1. 1. 1. 1. 0. 1. 1. 1. 1. 1.
  1. 1. 0. 0. 1. 0.]
 [1. 1. 1. 1. 0. 1. 0. 0. 1. 1. 1. 1. 1. 1. 1. 1. 1. 0. 1. 0. 1. 1. 1. 1.
  1. 1. 0. 1. 0. 0.]
 [1. 1. 1. 1. 1. 0. 1. 1. 1. 1. 0. 0. 1. 0. 1. 1. 1. 1. 1. 1. 0. 0. 0. 0.
  0. 0. 0. 0. 0. 0.]
 [1. 1. 1. 1. 1. 1. 1. 1. 0. 1. 1. 1. 1. 1. 0. 1. 1. 0. 1. 1. 0. 0. 0. 0.
  0. 0. 0. 0. 0. 0.]
 [0. 1. 1. 1. 1. 1. 1. 1. 0. 1. 1. 1. 1. 0. 1. 1. 1. 1. 1. 1. 0. 0. 0. 0.
  0. 0. 0. 0. 0. 0.]
 [1. 1. 1. 0. 1. 1. 1. 1. 1. 1. 0. 1. 1. 1. 1. 1. 0. 1. 1. 1. 0. 0. 0. 0.
  0. 0. 0. 0. 0. 0.]
 [1. 1. 1. 0. 1. 1. 1. 0. 1. 0. 1. 1. 1. 1. 1. 1. 1. 0. 1. 1. 0. 0. 0. 0.
  0. 0. 0. 0. 0. 0.]
 [0. 1. 1. 1. 1. 1. 1. 1. 1. 1. 1. 1. 1. 1. 1. 0. 1. 1. 1. 1. 0. 0. 0. 0.
  0. 0. 0. 0. 0. 0.]
 [1. 1. 0. 0. 0. 1. 0. 1. 1. 1. 0. 0. 1. 1. 1. 1. 0. 1. 0. 0. 0. 0. 0. 0.
  0. 0. 0. 0. 0. 0.]
 [1. 1. 1. 1. 1. 0. 1. 1. 1. 1. 1. 1. 1. 1. 1. 1. 1. 1. 0. 1. 0. 0. 0. 0.
  0. 0. 0. 0. 0. 0.]
 [1. 1. 1. 1. 0. 0. 1. 0. 0. 0. 1. 0. 1. 1. 1. 1. 1. 0. 1. 0. 0. 0. 0. 0.
  0. 0. 0. 0. 0. 0.]
 [0. 0. 0. 1. 1. 0. 1. 1. 1. 1. 1. 1. 1. 1. 0. 0. 1. 1. 0. 0. 0. 0. 0. 0.
  0. 0. 0. 0. 0. 0.]]
start_times_array: [[19428. 19466. 19531. 19623. 19728. 19789. 19845. 19940. 20017. 20057.
  20080. 20167. 20263. 20358. 20409. 20507. 20551. 20561. 20618. 20662.]
 [18424. 18505. 18542. 18555. 18603. 18610. 18697. 18709. 18732. 18815.
  18884. 18910. 18971. 18987. 19047. 19126. 19178. 19262. 19355. 19636.]
 [17248. 17318. 17319. 17391. 17427. 17493. 17558. 17620. 17718. 17740.
  18208. 18234. 18323. 18335. 18387. 18460. 18512. 18610. 18670. 18681.]
 [16863. 16867. 17248. 17313. 17352. 17445. 17457. 17549. 17635. 17644.
  17731. 17796. 17875. 17967. 18008. 18105. 18150. 18234. 18323. 18387.]
 [15993. 16053. 16233. 16249. 16359. 16408. 16501. 16581. 16616. 16677.
  16723. 16759. 16827. 16850. 16894. 16945. 16970. 17046. 17092. 17190.]
 [15049. 15084. 15149. 15221. 15307. 15406. 15458. 15506. 15604. 15721.
  15728. 15754. 15769. 15772. 15809. 15901. 15910. 15973. 16142. 16273.]
 [14197. 14253. 14300. 14426. 14434. 14484. 14503. 14556. 14625. 14692.
  14700. 14745. 14767. 14807. 14892. 14936. 14958. 14959. 15102. 15662.]
 [13028. 13271. 13354. 13429. 13522. 13639. 13678. 13725. 13764. 13779.
  13780. 13844. 13910. 13927. 13995. 14038. 14101. 14263. 14362. 14710.]
 [12078. 12136. 12184. 12203. 12220. 12314. 12343. 12389. 12470. 12481.
  12569. 12627. 12697. 12796. 12892. 12982. 13110. 13179. 13518. 13594.]
 [10863. 11099. 11177. 11256. 11300. 11302. 11365. 11433. 11490. 11523.
  11613. 11682. 11773. 11808. 11888. 11914. 11958. 12049. 12076. 12253.]
 [10863. 10922. 11156. 11237. 11279. 11332. 11376. 11397. 11442. 11533.
  11537. 11613. 11631. 11703. 11781. 11808. 11852. 11904. 11941. 12009.]
 [ 9606.  9693.  9756.  9838.  9875.  9878.  9931. 10261. 10292. 10355.
  10361. 10459. 10461. 10532. 10570. 10657. 10748. 10808. 10968. 11061.]
 [ 9606.  9680.  9765.  9820.  9872.  9959.  9984. 10069. 10133. 10210.
  10275. 10334. 10425. 10516. 10532. 10562. 10624. 10694. 10708. 10844.]
 [ 9606.  9622.  9645.  9715.  9756.  9768.  9872.  9898.  9941.  9955.
  10046. 10096. 10174. 10175. 10177. 10181. 10261. 10275. 10338. 10393.]
 [ 8152.  8703.  8745.  8801.  8882.  8934.  8948.  8955.  9029.  9062.
   9131.  9154.  9222.  9267.  9286.  9324.  9359.  9380.  9422.  9508.]
 [ 7603.  7636.  7687.  7783.  7788.  7844.  7934.  7984.  8025.  8059.
   8238.  8299.  8366.  8426.  8457.  8462.  8503.  8588.  8646.  8735.]
 [ 6470.  6576.  6668.  6685.  6779.  6846.  6906.  6977.  7005.  7075.
   7172.  7228.  7257.  7313.  7354.  7411.  7481.  7507.  7557.  7559.]
 [ 5369.  5466.  5514.  5599.  5616.  5617.  5752.  5840.  5883.  5941.
   6023.  6074.  6133.  6171.  6270.  6277.  6326.  6414.  6495.  6575.]
 [ 4374.  4435.  4483.  4609.  4668.  4748.  4792.  4818.  4862.  4948.
   4979.  5051.  5080.  5148.  5177.  5226.  5249.  5308.  5396.  5703.]
 [ 3409.  3599.  3644.  3668.  3756.  3774.  3807.  3849.  3853.  3860.
   3929.  3997.  4036.  4123.  4184.  4226.  4242.  4285.  4368.  4573.]
 [ 1588.  2589.  2624.  2633.  2731.  2780.  2876.  2944.  3025.  3035.
   3093.  3114.  3204.  3230.  3266.  3357.  3446.  3455.  3504.  3519.]
 [  181.  1236.  1314.  1373.  1840.  2226.  2250.  2305.  2536.  2564.
   2566.  2589.  2627.  2698.  2767.  2864.  2938.  2981.  3038.  3082.]
 [  731.   744.  1814.  1833.  1836.  1840.  1853.  1930.  2004.  2006.
   2072.  2476.  2536.  2574.  2664.  2731.  2765.  2792.  2938.  3010.]
 [   87.  1739.  1808.  1821.  1917.  2007.  2072.  2162.  2165.  2222.
   2305.  2383.  2387.  2411.  2476.  2520.  2541.  2597.  2670.  2849.]
 [  137.   250.   466.   484.   653.   934.   979.   996.  1043.  1088.
   1167.  1174.  1263.  1314.  1373.  1399.  1431.  1474.  1536.  1567.]
 [   21.    84.   140.   208.   257.   543.   594.  1164.  1251.  1314.
   1536.  1631.  1687.  1784.  1814.  1917.  1956.  1962.  2038.  2072.]
 [   51.   563.   594.   653.   659.   893.   951.  1024.  1086.  1157.
   1253.  1276.  1353.  1373.  1384.  1434.  1526.  1666.  1733.  1743.]
 [  252.   350.   496.   585.   649.   653.   768.   847.   946.  1024.
   1060.  1112.  1153.  1174.  1236.  1314.  1406.  1498.  1586.  1666.]
 [    0.    88.   166.   176.   190.   198.   216.   429.   466.   515.
    542.   636.   731.   768.   791.   806.  1209.  1263.  1357.  1431.]
 [    0.    21.    24.    56.   107.   116.   192.   215.   288.   341.
    422.   496.   588.   657.   713.   811.   863.   946.   947.   964.]]
