optimal_status: 0
solution: 4375.999999562299
cpu_time: 3600.2049498558044
gap: 0.6984082578413404
upper_bound: 1319.7654635542872
lower_bound: 4375.999999562299
cg_matrix: [[0. 0. 0. 0. 0. 1. 0. 0. 0. 0. 1. 0. 0. 1. 1. 0. 0. 1. 1. 0.]
 [0. 0. 0. 1. 0. 1. 0. 1. 0. 0. 1. 1. 0. 0. 0. 0. 0. 0. 0. 0.]
 [0. 0. 0. 0. 0. 0. 0. 0. 0. 0. 0. 1. 0. 1. 0. 0. 1. 1. 0. 0.]
 [0. 1. 0. 0. 0. 1. 0. 0. 0. 1. 0. 1. 0. 0. 1. 1. 0. 0. 0. 0.]
 [0. 0. 0. 0. 0. 1. 1. 1. 0. 0. 1. 1. 0. 0. 0. 0. 0. 0. 0. 0.]
 [1. 1. 0. 1. 1. 0. 0. 0. 0. 0. 1. 0. 0. 0. 0. 0. 0. 0. 0. 1.]
 [0. 0. 0. 0. 1. 0. 0. 0. 0. 1. 0. 0. 0. 0. 1. 0. 0. 0. 1. 1.]
 [0. 1. 0. 0. 1. 0. 0. 0. 0. 1. 0. 0. 0. 0. 0. 0. 0. 0. 0. 0.]
 [0. 0. 0. 0. 0. 0. 0. 0. 0. 0. 0. 0. 0. 0. 0. 0. 0. 0. 0. 1.]
 [0. 0. 0. 1. 0. 0. 1. 1. 0. 0. 0. 0. 0. 0. 0. 0. 0. 0. 0. 0.]
 [1. 1. 0. 0. 1. 1. 0. 0. 0. 0. 0. 0. 0. 1. 1. 0. 1. 0. 0. 0.]
 [0. 1. 1. 1. 1. 0. 0. 0. 0. 0. 0. 0. 1. 1. 0. 0. 1. 0. 0. 0.]
 [0. 0. 0. 0. 0. 0. 0. 0. 0. 0. 0. 1. 0. 0. 0. 0. 0. 0. 1. 1.]
 [1. 0. 1. 0. 0. 0. 0. 0. 0. 0. 1. 1. 0. 0. 1. 1. 0. 0. 0. 0.]
 [1. 0. 0. 1. 0. 0. 1. 0. 0. 0. 1. 0. 0. 1. 0. 1. 0. 0. 0. 0.]
 [0. 0. 0. 1. 0. 0. 0. 0. 0. 0. 0. 0. 0. 1. 1. 0. 1. 0. 0. 0.]
 [0. 0. 1. 0. 0. 0. 0. 0. 0. 0. 1. 1. 0. 0. 0. 1. 0. 0. 1. 0.]
 [1. 0. 1. 0. 0. 0. 0. 0. 0. 0. 0. 0. 0. 0. 0. 0. 0. 0. 0. 0.]
 [1. 0. 0. 0. 0. 0. 1. 0. 0. 0. 0. 0. 1. 0. 0. 0. 1. 0. 0. 0.]
 [0. 0. 0. 0. 0. 1. 1. 0. 1. 0. 0. 0. 1. 0. 0. 0. 0. 0. 0. 0.]]
start_times_array: [[ 339.          582.          893.         1106.         1198.
  1536.         1696.         1761.         2190.         2350.99999956
  2684.99999956 2704.99999956 2756.99999956 3001.99999956 3183.99999956
  3456.         3494.         3520.         3792.99999956 4127.99999956]
 [  13.          213.          344.          565.         1099.
  1167.         1558.         1573.         2125.         2351.
  2408.         2658.99999956 3149.99999956 3493.99999956 3584.99999956
  3625.99999956 3853.99999956 4046.99999956 4126.99999956 4317.99999956]
 [ 109.          141.          177.          667.          903.
  1080.         1143.         1329.         1449.         1566.
  1689.         2186.         2348.99999956 2620.         2658.99999956
  2730.99999956 2947.99999956 3493.99999956 3925.99999956 4238.99999956]
 [ 140.          451.          486.          860.         1175.
  1445.         1706.         1888.         2197.         2383.
  2726.99999956 2799.99999956 2817.99999956 3001.99999956 3453.99999956
  3556.99999956 3816.99999956 3896.99999956 3938.99999956 4234.99999956]
 [  74.          254.          295.          557.          632.
   773.          839.         1100.         1560.         2127.
  2172.         2441.         2658.99999956 3130.99999956 3180.99999956
  3453.99999956 3533.99999956 3889.99999956 4044.99999956 4095.99999956]
 [ 198.          308.          677.         1011.         1261.
  1316.         1365.         1388.         1407.         2563.
  2926.99999956 3070.99999956 3306.99999956 3381.99999956 3656.
  3721.         3727.         3761.         4020.99999956 4331.99999956]
 [ 194.          347.          911.         1166.         1176.
  1479.         1558.         1976.         2201.         2364.99999956
  2383.         2754.99999956 3035.99999956 3218.99999956 3792.99999956
  3933.         4008.99999956 4171.99999956 4309.99999956 4363.99999956]
 [  86.          105.          108.          117.          177.
   449.          460.          666.          911.         1201.
  1391.         1411.         2754.99999956 2807.99999956 3308.84782565
  3733.         3767.         3925.99999956 4225.99999956 4333.99999956]
 [  74.77586207  131.77586207  203.         1136.         1235.
  1317.         1433.         1702.         1721.         1919.
  1962.         1982.         2172.         2256.         2839.
  3142.99999956 3427.99999956 3805.99999956 3837.99999956 3867.        ]
 [   0.          266.          369.          565.          663.
  1261.         1317.         1770.         2068.         2130.
  2280.99999956 2467.99999956 2489.99999956 2567.99999956 2919.99999956
  3127.99999956 3212.99999956 3368.99999956 3493.99999956 4044.99999956]
 [ 106.          189.          380.          452.          927.
  1449.         1810.         1981.         2046.         2069.
  2076.         2257.         2785.99999956 2818.99999956 2828.99999956
  2834.99999956 3218.99999956 3743.         3925.99999956 4225.99999956]
 [ 316.          738.          982.         1345.         1793.
  1821.         2046.         2090.         2276.         2496.99999956
  2649.         2822.99999956 2904.99999956 3218.99999956 3271.99999956
  3319.99999956 3358.99999956 3655.99999956 3730.99999956 4190.99999956]
 [ 212.          272.          462.          665.          931.
  1261.         1324.         1479.         1554.         1897.
  2121.99999956 2169.         2750.         2981.99999956 3053.99999956
  3461.         3811.99999956 3816.99999956 4047.99999956 4108.99999956]
 [   0.          540.          796.         1227.         1371.
  1721.         1888.         2403.99999956 2467.99999956 2563.99999956
  3052.99999956 3062.99999956 3155.99999956 3563.         3838.99999956
  4019.99999956 4094.99999956 4321.99999956 4338.99999956 4340.99999956]
 [  91.          198.          243.          369.          662.
   757.         1011.         1033.         1292.         1632.
  2111.         2475.99999956 2619.99999956 2919.99999956 2943.99999956
  2981.99999956 2998.99999956 3321.99999956 3394.99999956 3640.        ]
 [ 106.          109.          339.          380.          903.
   994.         1106.         1504.         1797.         1848.
  2018.         2254.         2336.         2684.99999956 2860.99999956
  3264.         3271.         3732.         4049.99999956 4138.99999956]
 [  27.           94.          279.          582.          821.
  1175.         1244.         1278.         1373.         1573.
  1657.         1707.         2118.         3054.         3149.
  3410.99999956 3562.99999956 3815.         4019.99999956 4094.99999956]
 [   0.           13.          115.          335.          369.
   484.          773.00696864  885.         1010.         1345.
  1632.         1669.         1810.         2087.         2441.
  2608.         2874.99999956 3218.99999956 3310.99999956 3717.99999956]
 [ 119.          236.          237.          389.          520.
  1011.         2030.         2068.         2281.         2617.99999956
  2668.99999956 2821.99999956 2899.99999956 3311.99999956 3640.99999956
  3737.99999956 3895.         4225.99999956 4290.99999956 4301.99999956]
 [   0.           27.          771.          821.         1098.
  1130.         1445.         1560.         1644.         1854.
  1893.         2656.         2787.99999956 2907.         3493.
  3591.         3887.         3967.         3996.         4219.99999956]]
