optimal_status: 0
solution: 5422.0
cpu_time: 3600.2723729610443
gap: 0.811139800811519
upper_bound: 1023.9999999999436
lower_bound: 5422.0
cg_matrix: [[0. 0. 1. 0. 0. 1. 0. 0. 0. 0. 1. 0. 1. 1. 1. 1. 0. 0. 0. 0.]
 [0. 0. 1. 0. 1. 0. 1. 1. 0. 0. 1. 0. 0. 0. 1. 0. 0. 1. 1. 0.]
 [1. 1. 0. 1. 0. 0. 1. 0. 1. 0. 1. 0. 1. 1. 1. 0. 1. 0. 0. 1.]
 [0. 0. 1. 0. 1. 0. 1. 0. 1. 1. 0. 0. 0. 1. 0. 0. 1. 1. 0. 1.]
 [0. 1. 0. 1. 0. 0. 1. 1. 1. 1. 1. 1. 0. 1. 0. 1. 0. 0. 1. 1.]
 [1. 0. 0. 0. 0. 0. 1. 0. 0. 0. 1. 0. 1. 0. 0. 0. 1. 1. 0. 1.]
 [0. 1. 1. 1. 1. 1. 0. 1. 1. 1. 0. 1. 0. 1. 1. 1. 0. 0. 1. 0.]
 [0. 1. 0. 0. 1. 0. 1. 0. 1. 0. 0. 1. 1. 0. 1. 0. 0. 1. 0. 1.]
 [0. 0. 1. 1. 1. 0. 1. 1. 0. 1. 1. 1. 0. 1. 1. 1. 1. 0. 0. 1.]
 [0. 0. 0. 1. 1. 0. 1. 0. 1. 0. 1. 1. 1. 0. 1. 0. 0. 0. 0. 1.]
 [1. 1. 1. 0. 1. 1. 0. 0. 1. 1. 0. 0. 0. 1. 0. 0. 0. 1. 1. 1.]
 [0. 0. 0. 0. 1. 0. 1. 1. 1. 1. 0. 0. 1. 1. 0. 1. 1. 1. 1. 0.]
 [1. 0. 1. 0. 0. 1. 0. 1. 0. 1. 0. 1. 0. 1. 1. 0. 1. 0. 0. 0.]
 [1. 0. 1. 1. 1. 0. 1. 0. 1. 0. 1. 1. 1. 0. 0. 0. 0. 1. 0. 1.]
 [1. 1. 1. 0. 0. 0. 1. 1. 1. 1. 0. 0. 1. 0. 0. 1. 1. 0. 1. 0.]
 [1. 0. 0. 0. 1. 0. 1. 0. 1. 0. 0. 1. 0. 0. 1. 0. 0. 0. 0. 0.]
 [0. 0. 1. 1. 0. 1. 0. 0. 1. 0. 0. 1. 1. 0. 1. 0. 0. 0. 0. 0.]
 [0. 1. 0. 1. 0. 1. 0. 1. 0. 0. 1. 1. 0. 1. 0. 0. 0. 0. 0. 0.]
 [0. 1. 0. 0. 1. 0. 1. 0. 0. 0. 1. 1. 0. 0. 1. 0. 0. 0. 0. 0.]
 [0. 0. 1. 1. 1. 1. 0. 1. 1. 1. 1. 0. 0. 1. 0. 0. 0. 0. 0. 0.]]
start_times_array: [[1.047e+03 1.117e+03 1.123e+03 1.172e+03 1.767e+03 1.962e+03 2.955e+03
  3.021e+03 3.035e+03 3.042e+03 3.360e+03 3.687e+03 4.899e+03 4.961e+03
  5.232e+03]
 [1.790e+02 3.270e+02 3.800e+02 8.360e+02 1.156e+03 1.865e+03 1.962e+03
  2.330e+03 2.505e+03 2.969e+03 3.042e+03 3.227e+03 3.815e+03 4.190e+03
  5.146e+03]
 [7.550e+02 1.292e+03 1.681e+03 1.781e+03 1.841e+03 2.065e+03 2.724e+03
  2.850e+03 3.183e+03 3.302e+03 3.462e+03 3.523e+03 3.613e+03 4.060e+03
  4.123e+03]
 [4.150e+02 6.350e+02 1.993e+03 2.253e+03 2.270e+03 2.526e+03 3.218e+03
  3.775e+03 3.846e+03 4.033e+03 4.300e+03 5.006e+03 5.146e+03 5.149e+03
  5.319e+03]
 [2.090e+02 4.970e+02 5.550e+02 1.629e+03 1.653e+03 1.781e+03 2.134e+03
  3.462e+03 3.661e+03 3.936e+03 3.950e+03 4.061e+03 4.371e+03 4.866e+03
  5.104e+03]
 [3.000e+00 1.410e+02 4.800e+02 7.090e+02 7.280e+02 1.227e+03 1.624e+03
  1.802e+03 4.559e+03 4.754e+03 4.866e+03 4.868e+03 4.881e+03 5.153e+03
  5.178e+03]
 [8.780e+02 1.073e+03 1.353e+03 1.514e+03 1.777e+03 2.140e+03 2.901e+03
  3.687e+03 4.426e+03 4.650e+03 4.836e+03 4.847e+03 4.899e+03 4.938e+03
  5.385e+03]
 [4.300e+01 8.100e+01 4.040e+02 7.440e+02 8.030e+02 1.706e+03 2.025e+03
  2.044e+03 2.405e+03 2.619e+03 3.985e+03 4.274e+03 4.506e+03 4.508e+03
  4.584e+03]
 [7.190e+02 1.008e+03 1.424e+03 1.865e+03 2.330e+03 2.802e+03 2.861e+03
  3.042e+03 3.061e+03 3.100e+03 3.140e+03 3.340e+03 3.439e+03 5.206e+03
  5.280e+03]
 [3.000e+00 1.130e+02 7.820e+02 1.324e+03 1.536e+03 1.749e+03 2.406e+03
  2.480e+03 3.474e+03 3.559e+03 4.226e+03 4.359e+03 4.506e+03 4.729e+03
  4.794e+03]
 [0.000e+00 2.470e+02 3.990e+02 6.350e+02 8.430e+02 9.100e+02 2.254e+03
  2.526e+03 2.542e+03 3.705e+03 3.988e+03 4.040e+03 4.099e+03 4.435e+03
  5.007e+03]
 [1.790e+02 2.540e+02 1.229e+03 1.940e+03 2.208e+03 2.254e+03 2.526e+03
  2.975e+03 3.197e+03 3.810e+03 4.103e+03 4.585e+03 5.165e+03 5.319e+03
  5.375e+03]
 [3.390e+02 4.030e+02 4.220e+02 6.050e+02 1.009e+03 1.353e+03 1.514e+03
  2.275e+03 2.311e+03 2.861e+03 3.705e+03 4.061e+03 4.390e+03 4.450e+03
  4.650e+03]
 [4.500e+01 1.650e+02 7.970e+02 1.536e+03 1.703e+03 2.405e+03 2.480e+03
  2.505e+03 2.612e+03 2.642e+03 3.987e+03 4.242e+03 4.506e+03 4.729e+03
  4.817e+03]
 [2.610e+02 4.510e+02 6.710e+02 8.970e+02 1.254e+03 1.603e+03 1.946e+03
  2.229e+03 2.526e+03 3.895e+03 3.933e+03 4.585e+03 4.636e+03 5.048e+03
  5.324e+03]
 [0.000e+00 3.300e+01 1.720e+02 7.440e+02 8.040e+02 2.270e+03 2.324e+03
  2.405e+03 2.468e+03 2.500e+03 3.261e+03 4.210e+03 4.705e+03 5.007e+03
  5.146e+03]
 [8.000e+01 2.280e+02 5.390e+02 8.120e+02 9.740e+02 1.078e+03 1.093e+03
  1.152e+03 1.522e+03 1.687e+03 2.476e+03 3.958e+03 4.027e+03 4.188e+03
  4.313e+03]
 [5.390e+02 8.370e+02 1.041e+03 1.093e+03 1.115e+03 1.324e+03 2.135e+03
  2.724e+03 2.811e+03 2.881e+03 2.907e+03 3.139e+03 3.351e+03 3.408e+03
  3.573e+03]
 [3.000e+00 1.000e+02 7.190e+02 8.110e+02 1.003e+03 1.424e+03 1.595e+03
  1.703e+03 2.392e+03 3.363e+03 3.451e+03 4.300e+03 4.506e+03 4.705e+03
  4.754e+03]
 [2.870e+02 3.390e+02 3.420e+02 1.073e+03 1.139e+03 1.353e+03 1.758e+03
  1.921e+03 2.156e+03 2.901e+03 2.992e+03 4.183e+03 4.585e+03 4.667e+03
  4.836e+03]]
