optimal_status: 0
solution: 8776.0
cpu_time: 3601.645359992981
gap: 0.8104144325897259
upper_bound: 1663.8029395925653
lower_bound: 8776.0
cg_matrix: [[0. 0. 0. 0. 1. 0. 1. 1. 0. 0. 1. 1. 1. 1. 1. 1. 0. 1. 0. 0. 0. 0. 1. 0.
  0. 0. 1. 0. 1. 0. 1. 1. 0. 1. 0. 0. 1. 1. 0. 0. 0. 1. 1. 1. 0. 0. 0. 0.
  1. 0.]
 [0. 0. 0. 0. 0. 0. 1. 0. 0. 0. 0. 1. 0. 0. 1. 0. 0. 0. 0. 0. 1. 1. 1. 0.
  1. 1. 0. 0. 1. 0. 0. 0. 1. 1. 1. 1. 0. 0. 0. 0. 0. 0. 0. 1. 1. 1. 0. 0.
  0. 0.]
 [0. 0. 0. 0. 1. 0. 0. 1. 1. 0. 1. 1. 1. 1. 0. 0. 0. 1. 1. 1. 0. 1. 1. 1.
  1. 1. 1. 1. 0. 1. 0. 1. 1. 1. 0. 1. 1. 0. 0. 0. 1. 1. 0. 1. 1. 0. 0. 0.
  0. 1.]
 [0. 0. 0. 0. 0. 0. 0. 1. 1. 0. 0. 0. 0. 1. 0. 1. 1. 0. 0. 1. 0. 0. 0. 0.
  1. 0. 0. 1. 1. 0. 0. 1. 0. 1. 1. 1. 0. 0. 0. 0. 1. 1. 1. 0. 1. 1. 0. 1.
  0. 1.]
 [1. 0. 1. 0. 0. 0. 0. 1. 0. 1. 1. 0. 1. 1. 1. 0. 1. 0. 0. 1. 0. 0. 0. 0.
  1. 0. 1. 0. 1. 0. 1. 1. 1. 1. 0. 0. 0. 1. 1. 0. 0. 0. 0. 0. 1. 0. 1. 0.
  1. 0.]
 [0. 0. 0. 0. 0. 0. 0. 0. 0. 0. 1. 1. 0. 1. 0. 1. 0. 0. 0. 1. 1. 0. 1. 0.
  0. 1. 1. 1. 0. 1. 1. 0. 0. 1. 1. 1. 0. 0. 0. 1. 0. 1. 1. 1. 1. 0. 0. 1.
  0. 1.]
 [1. 1. 0. 0. 0. 0. 0. 0. 1. 0. 1. 0. 1. 1. 0. 0. 0. 1. 0. 1. 1. 0. 1. 1.
  0. 0. 1. 0. 1. 1. 1. 1. 0. 0. 0. 1. 1. 1. 0. 1. 1. 0. 0. 0. 1. 1. 1. 1.
  0. 0.]
 [1. 0. 1. 1. 1. 0. 0. 0. 0. 0. 1. 0. 0. 1. 0. 0. 1. 0. 0. 1. 1. 0. 1. 0.
  1. 0. 0. 1. 0. 1. 0. 1. 0. 0. 0. 1. 0. 1. 1. 0. 1. 0. 1. 1. 1. 1. 1. 0.
  0. 1.]
 [0. 0. 1. 1. 0. 0. 1. 0. 0. 1. 1. 0. 0. 0. 1. 1. 0. 0. 1. 0. 0. 0. 0. 0.
  1. 0. 0. 0. 1. 1. 1. 1. 1. 1. 1. 1. 1. 0. 1. 1. 1. 1. 1. 0. 0. 0. 0. 1.
  1. 0.]
 [0. 0. 0. 0. 1. 0. 0. 0. 1. 0. 1. 1. 1. 0. 0. 1. 1. 1. 0. 0. 0. 0. 0. 1.
  1. 0. 1. 1. 0. 0. 0. 1. 1. 0. 0. 1. 0. 1. 0. 0. 0. 1. 1. 0. 0. 0. 0. 0.
  0. 0.]
 [1. 0. 1. 0. 1. 1. 1. 1. 1. 1. 0. 0. 1. 1. 1. 0. 1. 1. 1. 1. 0. 1. 0. 1.
  0. 0. 0. 1. 0. 1. 0. 0. 0. 0. 1. 1. 1. 1. 0. 1. 1. 0. 0. 0. 0. 1. 0. 1.
  0. 1.]
 [1. 1. 1. 0. 0. 1. 0. 0. 0. 1. 0. 0. 1. 1. 0. 0. 1. 1. 0. 1. 1. 1. 0. 0.
  0. 0. 1. 0. 0. 1. 1. 0. 0. 0. 1. 1. 1. 0. 1. 1. 0. 1. 1. 0. 1. 0. 0. 0.
  0. 1.]
 [1. 0. 1. 0. 1. 0. 1. 0. 0. 1. 1. 1. 0. 0. 1. 1. 1. 1. 0. 1. 0. 1. 0. 1.
  0. 0. 1. 0. 0. 0. 1. 1. 0. 0. 1. 0. 1. 1. 0. 0. 0. 0. 0. 0. 1. 1. 0. 1.
  1. 1.]
 [1. 0. 1. 1. 1. 1. 1. 1. 0. 0. 1. 1. 0. 0. 1. 0. 1. 0. 1. 0. 0. 1. 0. 1.
  0. 1. 1. 1. 0. 0. 1. 1. 1. 1. 1. 0. 1. 0. 0. 1. 1. 0. 0. 1. 0. 1. 0. 0.
  1. 0.]
 [1. 1. 0. 0. 1. 0. 0. 0. 1. 0. 1. 0. 1. 1. 0. 1. 1. 0. 0. 0. 1. 1. 1. 0.
  0. 0. 1. 1. 1. 1. 0. 1. 1. 1. 1. 0. 0. 0. 1. 1. 1. 1. 1. 1. 0. 0. 0. 0.
  1. 0.]
 [1. 0. 0. 1. 0. 1. 0. 0. 1. 1. 0. 0. 1. 0. 1. 0. 0. 0. 0. 0. 0. 0. 0. 0.
  0. 0. 0. 0. 0. 0. 0. 0. 0. 0. 0. 0. 0. 0. 0. 0. 0. 0. 0. 0. 0. 0. 0. 0.
  0. 0.]
 [0. 0. 0. 1. 1. 0. 0. 1. 0. 1. 1. 1. 1. 1. 1. 0. 0. 0. 0. 0. 0. 0. 0. 0.
  0. 0. 0. 0. 0. 0. 0. 0. 0. 0. 0. 0. 0. 0. 0. 0. 0. 0. 0. 0. 0. 0. 0. 0.
  0. 0.]
 [1. 0. 1. 0. 0. 0. 1. 0. 0. 1. 1. 1. 1. 0. 0. 0. 0. 0. 0. 0. 0. 0. 0. 0.
  0. 0. 0. 0. 0. 0. 0. 0. 0. 0. 0. 0. 0. 0. 0. 0. 0. 0. 0. 0. 0. 0. 0. 0.
  0. 0.]
 [0. 0. 1. 0. 0. 0. 0. 0. 1. 0. 1. 0. 0. 1. 0. 0. 0. 0. 0. 0. 0. 0. 0. 0.
  0. 0. 0. 0. 0. 0. 0. 0. 0. 0. 0. 0. 0. 0. 0. 0. 0. 0. 0. 0. 0. 0. 0. 0.
  0. 0.]
 [0. 0. 1. 1. 1. 1. 1. 1. 0. 0. 1. 1. 1. 0. 0. 0. 0. 0. 0. 0. 0. 0. 0. 0.
  0. 0. 0. 0. 0. 0. 0. 0. 0. 0. 0. 0. 0. 0. 0. 0. 0. 0. 0. 0. 0. 0. 0. 0.
  0. 0.]
 [0. 1. 0. 0. 0. 1. 1. 1. 0. 0. 0. 1. 0. 0. 1. 0. 0. 0. 0. 0. 0. 0. 0. 0.
  0. 0. 0. 0. 0. 0. 0. 0. 0. 0. 0. 0. 0. 0. 0. 0. 0. 0. 0. 0. 0. 0. 0. 0.
  0. 0.]
 [0. 1. 1. 0. 0. 0. 0. 0. 0. 0. 1. 1. 1. 1. 1. 0. 0. 0. 0. 0. 0. 0. 0. 0.
  0. 0. 0. 0. 0. 0. 0. 0. 0. 0. 0. 0. 0. 0. 0. 0. 0. 0. 0. 0. 0. 0. 0. 0.
  0. 0.]
 [1. 1. 1. 0. 0. 1. 1. 1. 0. 0. 0. 0. 0. 0. 1. 0. 0. 0. 0. 0. 0. 0. 0. 0.
  0. 0. 0. 0. 0. 0. 0. 0. 0. 0. 0. 0. 0. 0. 0. 0. 0. 0. 0. 0. 0. 0. 0. 0.
  0. 0.]
 [0. 0. 1. 0. 0. 0. 1. 0. 0. 1. 1. 0. 1. 1. 0. 0. 0. 0. 0. 0. 0. 0. 0. 0.
  0. 0. 0. 0. 0. 0. 0. 0. 0. 0. 0. 0. 0. 0. 0. 0. 0. 0. 0. 0. 0. 0. 0. 0.
  0. 0.]
 [0. 1. 1. 1. 1. 0. 0. 1. 1. 1. 0. 0. 0. 0. 0. 0. 0. 0. 0. 0. 0. 0. 0. 0.
  0. 0. 0. 0. 0. 0. 0. 0. 0. 0. 0. 0. 0. 0. 0. 0. 0. 0. 0. 0. 0. 0. 0. 0.
  0. 0.]
 [0. 1. 1. 0. 0. 1. 0. 0. 0. 0. 0. 0. 0. 1. 0. 0. 0. 0. 0. 0. 0. 0. 0. 0.
  0. 0. 0. 0. 0. 0. 0. 0. 0. 0. 0. 0. 0. 0. 0. 0. 0. 0. 0. 0. 0. 0. 0. 0.
  0. 0.]
 [1. 0. 1. 0. 1. 1. 1. 0. 0. 1. 0. 1. 1. 1. 1. 0. 0. 0. 0. 0. 0. 0. 0. 0.
  0. 0. 0. 0. 0. 0. 0. 0. 0. 0. 0. 0. 0. 0. 0. 0. 0. 0. 0. 0. 0. 0. 0. 0.
  0. 0.]
 [0. 0. 1. 1. 0. 1. 0. 1. 0. 1. 1. 0. 0. 1. 1. 0. 0. 0. 0. 0. 0. 0. 0. 0.
  0. 0. 0. 0. 0. 0. 0. 0. 0. 0. 0. 0. 0. 0. 0. 0. 0. 0. 0. 0. 0. 0. 0. 0.
  0. 0.]
 [1. 1. 0. 1. 1. 0. 1. 0. 1. 0. 0. 0. 0. 0. 1. 0. 0. 0. 0. 0. 0. 0. 0. 0.
  0. 0. 0. 0. 0. 0. 0. 0. 0. 0. 0. 0. 0. 0. 0. 0. 0. 0. 0. 0. 0. 0. 0. 0.
  0. 0.]
 [0. 0. 1. 0. 0. 1. 1. 1. 1. 0. 1. 1. 0. 0. 1. 0. 0. 0. 0. 0. 0. 0. 0. 0.
  0. 0. 0. 0. 0. 0. 0. 0. 0. 0. 0. 0. 0. 0. 0. 0. 0. 0. 0. 0. 0. 0. 0. 0.
  0. 0.]
 [1. 0. 0. 0. 1. 1. 1. 0. 1. 0. 0. 1. 1. 1. 0. 0. 0. 0. 0. 0. 0. 0. 0. 0.
  0. 0. 0. 0. 0. 0. 0. 0. 0. 0. 0. 0. 0. 0. 0. 0. 0. 0. 0. 0. 0. 0. 0. 0.
  0. 0.]
 [1. 0. 1. 1. 1. 0. 1. 1. 1. 1. 0. 0. 1. 1. 1. 0. 0. 0. 0. 0. 0. 0. 0. 0.
  0. 0. 0. 0. 0. 0. 0. 0. 0. 0. 0. 0. 0. 0. 0. 0. 0. 0. 0. 0. 0. 0. 0. 0.
  0. 0.]
 [0. 1. 1. 0. 1. 0. 0. 0. 1. 1. 0. 0. 0. 1. 1. 0. 0. 0. 0. 0. 0. 0. 0. 0.
  0. 0. 0. 0. 0. 0. 0. 0. 0. 0. 0. 0. 0. 0. 0. 0. 0. 0. 0. 0. 0. 0. 0. 0.
  0. 0.]
 [1. 1. 1. 1. 1. 1. 0. 0. 1. 0. 0. 0. 0. 1. 1. 0. 0. 0. 0. 0. 0. 0. 0. 0.
  0. 0. 0. 0. 0. 0. 0. 0. 0. 0. 0. 0. 0. 0. 0. 0. 0. 0. 0. 0. 0. 0. 0. 0.
  0. 0.]
 [0. 1. 0. 1. 0. 1. 0. 0. 1. 0. 1. 1. 1. 1. 1. 0. 0. 0. 0. 0. 0. 0. 0. 0.
  0. 0. 0. 0. 0. 0. 0. 0. 0. 0. 0. 0. 0. 0. 0. 0. 0. 0. 0. 0. 0. 0. 0. 0.
  0. 0.]
 [0. 1. 1. 1. 0. 1. 1. 1. 1. 1. 1. 1. 0. 0. 0. 0. 0. 0. 0. 0. 0. 0. 0. 0.
  0. 0. 0. 0. 0. 0. 0. 0. 0. 0. 0. 0. 0. 0. 0. 0. 0. 0. 0. 0. 0. 0. 0. 0.
  0. 0.]
 [1. 0. 1. 0. 0. 0. 1. 0. 1. 0. 1. 1. 1. 1. 0. 0. 0. 0. 0. 0. 0. 0. 0. 0.
  0. 0. 0. 0. 0. 0. 0. 0. 0. 0. 0. 0. 0. 0. 0. 0. 0. 0. 0. 0. 0. 0. 0. 0.
  0. 0.]
 [1. 0. 0. 0. 1. 0. 1. 1. 0. 1. 1. 0. 1. 0. 0. 0. 0. 0. 0. 0. 0. 0. 0. 0.
  0. 0. 0. 0. 0. 0. 0. 0. 0. 0. 0. 0. 0. 0. 0. 0. 0. 0. 0. 0. 0. 0. 0. 0.
  0. 0.]
 [0. 0. 0. 0. 1. 0. 0. 1. 1. 0. 0. 1. 0. 0. 1. 0. 0. 0. 0. 0. 0. 0. 0. 0.
  0. 0. 0. 0. 0. 0. 0. 0. 0. 0. 0. 0. 0. 0. 0. 0. 0. 0. 0. 0. 0. 0. 0. 0.
  0. 0.]
 [0. 0. 0. 0. 0. 1. 1. 0. 1. 0. 1. 1. 0. 1. 1. 0. 0. 0. 0. 0. 0. 0. 0. 0.
  0. 0. 0. 0. 0. 0. 0. 0. 0. 0. 0. 0. 0. 0. 0. 0. 0. 0. 0. 0. 0. 0. 0. 0.
  0. 0.]
 [0. 0. 1. 1. 0. 0. 1. 1. 1. 0. 1. 0. 0. 1. 1. 0. 0. 0. 0. 0. 0. 0. 0. 0.
  0. 0. 0. 0. 0. 0. 0. 0. 0. 0. 0. 0. 0. 0. 0. 0. 0. 0. 0. 0. 0. 0. 0. 0.
  0. 0.]
 [1. 0. 1. 1. 0. 1. 0. 0. 1. 1. 0. 1. 0. 0. 1. 0. 0. 0. 0. 0. 0. 0. 0. 0.
  0. 0. 0. 0. 0. 0. 0. 0. 0. 0. 0. 0. 0. 0. 0. 0. 0. 0. 0. 0. 0. 0. 0. 0.
  0. 0.]
 [1. 0. 0. 1. 0. 1. 0. 1. 1. 1. 0. 1. 0. 0. 1. 0. 0. 0. 0. 0. 0. 0. 0. 0.
  0. 0. 0. 0. 0. 0. 0. 0. 0. 0. 0. 0. 0. 0. 0. 0. 0. 0. 0. 0. 0. 0. 0. 0.
  0. 0.]
 [1. 1. 1. 0. 0. 1. 0. 1. 0. 0. 0. 0. 0. 1. 1. 0. 0. 0. 0. 0. 0. 0. 0. 0.
  0. 0. 0. 0. 0. 0. 0. 0. 0. 0. 0. 0. 0. 0. 0. 0. 0. 0. 0. 0. 0. 0. 0. 0.
  0. 0.]
 [0. 1. 1. 1. 1. 1. 1. 1. 0. 0. 0. 1. 1. 0. 0. 0. 0. 0. 0. 0. 0. 0. 0. 0.
  0. 0. 0. 0. 0. 0. 0. 0. 0. 0. 0. 0. 0. 0. 0. 0. 0. 0. 0. 0. 0. 0. 0. 0.
  0. 0.]
 [0. 1. 0. 1. 0. 0. 1. 1. 0. 0. 1. 0. 1. 1. 0. 0. 0. 0. 0. 0. 0. 0. 0. 0.
  0. 0. 0. 0. 0. 0. 0. 0. 0. 0. 0. 0. 0. 0. 0. 0. 0. 0. 0. 0. 0. 0. 0. 0.
  0. 0.]
 [0. 0. 0. 0. 1. 0. 1. 1. 0. 0. 0. 0. 0. 0. 0. 0. 0. 0. 0. 0. 0. 0. 0. 0.
  0. 0. 0. 0. 0. 0. 0. 0. 0. 0. 0. 0. 0. 0. 0. 0. 0. 0. 0. 0. 0. 0. 0. 0.
  0. 0.]
 [0. 0. 0. 1. 0. 1. 1. 0. 1. 0. 1. 0. 1. 0. 0. 0. 0. 0. 0. 0. 0. 0. 0. 0.
  0. 0. 0. 0. 0. 0. 0. 0. 0. 0. 0. 0. 0. 0. 0. 0. 0. 0. 0. 0. 0. 0. 0. 0.
  0. 0.]
 [1. 0. 0. 0. 1. 0. 0. 0. 1. 0. 0. 0. 1. 1. 1. 0. 0. 0. 0. 0. 0. 0. 0. 0.
  0. 0. 0. 0. 0. 0. 0. 0. 0. 0. 0. 0. 0. 0. 0. 0. 0. 0. 0. 0. 0. 0. 0. 0.
  0. 0.]
 [0. 0. 1. 1. 0. 1. 0. 1. 0. 0. 1. 1. 1. 0. 0. 0. 0. 0. 0. 0. 0. 0. 0. 0.
  0. 0. 0. 0. 0. 0. 0. 0. 0. 0. 0. 0. 0. 0. 0. 0. 0. 0. 0. 0. 0. 0. 0. 0.
  0. 0.]]
start_times_array: [[7.763e+03 7.849e+03 7.862e+03 8.064e+03 8.159e+03 8.235e+03 8.322e+03
  8.364e+03 8.374e+03 8.424e+03 8.453e+03 8.528e+03 8.581e+03 8.633e+03
  8.652e+03]
 [6.800e+03 7.494e+03 7.777e+03 7.854e+03 8.038e+03 8.114e+03 8.223e+03
  8.317e+03 8.368e+03 8.429e+03 8.528e+03 8.566e+03 8.664e+03 8.698e+03
  8.732e+03]
 [6.734e+03 7.762e+03 7.842e+03 7.994e+03 8.009e+03 8.159e+03 8.186e+03
  8.284e+03 8.322e+03 8.379e+03 8.459e+03 8.515e+03 8.569e+03 8.624e+03
  8.661e+03]
 [4.504e+03 7.163e+03 7.431e+03 7.705e+03 7.763e+03 7.777e+03 7.836e+03
  7.842e+03 7.994e+03 8.082e+03 8.284e+03 8.424e+03 8.520e+03 8.615e+03
  8.760e+03]
 [6.435e+03 6.566e+03 6.731e+03 7.087e+03 7.163e+03 7.173e+03 7.219e+03
  7.318e+03 7.330e+03 7.456e+03 7.652e+03 7.694e+03 7.927e+03 8.084e+03
  8.676e+03]
 [5.315e+03 5.940e+03 5.960e+03 6.343e+03 6.359e+03 6.547e+03 6.703e+03
  6.800e+03 7.126e+03 7.317e+03 7.604e+03 7.680e+03 7.764e+03 7.819e+03
  7.912e+03]
 [6.299e+03 6.658e+03 6.763e+03 6.914e+03 6.998e+03 7.163e+03 7.232e+03
  7.284e+03 7.295e+03 7.330e+03 7.570e+03 7.649e+03 7.685e+03 7.927e+03
  8.019e+03]
 [5.069e+03 5.097e+03 5.266e+03 5.328e+03 5.589e+03 5.713e+03 6.002e+03
  6.070e+03 6.148e+03 6.299e+03 6.456e+03 6.503e+03 6.763e+03 7.548e+03
  7.606e+03]
 [2.963e+03 5.856e+03 6.002e+03 6.435e+03 6.486e+03 6.547e+03 6.563e+03
  6.711e+03 6.829e+03 7.031e+03 7.126e+03 7.297e+03 7.337e+03 7.498e+03
  7.562e+03]
 [5.069e+03 5.127e+03 5.525e+03 5.577e+03 5.713e+03 5.860e+03 5.940e+03
  6.000e+03 6.148e+03 6.299e+03 6.364e+03 6.644e+03 6.734e+03 6.960e+03
  7.570e+03]
 [3.184e+03 4.725e+03 4.731e+03 4.901e+03 4.975e+03 5.031e+03 5.211e+03
  5.345e+03 5.429e+03 5.627e+03 5.809e+03 5.898e+03 5.936e+03 6.076e+03
  6.208e+03]
 [4.524e+03 4.724e+03 4.901e+03 4.941e+03 4.998e+03 5.014e+03 5.114e+03
  5.249e+03 5.345e+03 5.441e+03 5.660e+03 5.790e+03 6.040e+03 6.198e+03
  7.031e+03]
 [3.480e+03 3.855e+03 3.921e+03 3.966e+03 3.993e+03 4.144e+03 4.219e+03
  4.369e+03 4.457e+03 4.471e+03 4.613e+03 4.701e+03 4.775e+03 4.827e+03
  5.267e+03]
 [3.855e+03 3.922e+03 3.991e+03 4.015e+03 4.035e+03 4.155e+03 4.208e+03
  4.369e+03 4.403e+03 4.457e+03 4.605e+03 4.618e+03 4.646e+03 4.773e+03
  4.815e+03]
 [2.917e+03 3.021e+03 3.216e+03 3.349e+03 3.424e+03 3.551e+03 3.628e+03
  3.649e+03 3.657e+03 3.709e+03 3.762e+03 3.774e+03 4.072e+03 4.290e+03
  4.507e+03]
 [0.000e+00 1.290e+02 1.393e+03 1.857e+03 1.969e+03 2.293e+03 2.355e+03
  2.634e+03 2.645e+03 2.754e+03 2.796e+03 2.822e+03 2.985e+03 3.000e+03
  3.109e+03]
 [1.749e+03 1.888e+03 2.310e+03 2.434e+03 2.454e+03 2.528e+03 2.606e+03
  2.673e+03 2.745e+03 2.832e+03 2.896e+03 2.963e+03 3.109e+03 3.253e+03
  3.339e+03]
 [5.760e+02 1.407e+03 1.945e+03 2.091e+03 2.186e+03 2.493e+03 2.572e+03
  2.673e+03 2.801e+03 2.917e+03 2.999e+03 3.070e+03 3.216e+03 3.694e+03
  3.775e+03]
 [1.150e+02 9.620e+02 1.395e+03 1.474e+03 1.702e+03 2.399e+03 2.498e+03
  2.525e+03 2.588e+03 2.649e+03 2.770e+03 2.897e+03 2.982e+03 3.078e+03
  3.133e+03]
 [1.592e+03 1.649e+03 1.696e+03 1.780e+03 2.241e+03 2.333e+03 2.337e+03
  2.399e+03 2.450e+03 2.506e+03 2.605e+03 2.796e+03 2.801e+03 2.832e+03
  2.993e+03]
 [1.831e+03 1.855e+03 1.924e+03 1.972e+03 2.051e+03 2.091e+03 2.153e+03
  2.316e+03 2.446e+03 2.454e+03 2.559e+03 2.740e+03 2.748e+03 3.253e+03
  3.480e+03]
 [8.800e+02 1.086e+03 1.761e+03 2.022e+03 2.121e+03 2.160e+03 2.316e+03
  2.422e+03 2.516e+03 2.557e+03 2.705e+03 2.766e+03 2.790e+03 2.886e+03
  2.963e+03]
 [1.490e+02 6.560e+02 1.470e+03 1.530e+03 1.662e+03 1.847e+03 1.892e+03
  1.906e+03 1.968e+03 2.192e+03 2.221e+03 2.359e+03 2.498e+03 2.657e+03
  2.777e+03]
 [3.740e+02 5.700e+02 1.082e+03 1.586e+03 2.094e+03 2.259e+03 2.335e+03
  2.389e+03 2.451e+03 2.508e+03 2.673e+03 2.705e+03 2.737e+03 2.758e+03
  2.819e+03]
 [5.640e+02 6.950e+02 1.525e+03 1.569e+03 1.657e+03 2.035e+03 2.148e+03
  2.227e+03 2.290e+03 2.319e+03 2.447e+03 2.513e+03 2.572e+03 2.574e+03
  2.858e+03]
 [1.270e+03 1.537e+03 1.696e+03 1.793e+03 1.827e+03 1.887e+03 1.950e+03
  2.160e+03 2.254e+03 2.310e+03 2.337e+03 2.556e+03 2.766e+03 2.793e+03
  2.832e+03]
 [8.200e+02 8.390e+02 1.190e+03 1.312e+03 1.530e+03 1.628e+03 1.660e+03
  1.772e+03 1.802e+03 1.871e+03 1.945e+03 2.030e+03 2.055e+03 2.374e+03
  2.383e+03]
 [2.470e+02 4.170e+02 5.980e+02 1.382e+03 1.393e+03 1.434e+03 1.502e+03
  1.563e+03 1.758e+03 1.830e+03 1.980e+03 2.078e+03 2.273e+03 2.399e+03
  2.645e+03]
 [1.376e+03 1.459e+03 1.474e+03 1.518e+03 1.609e+03 1.702e+03 1.740e+03
  1.865e+03 1.903e+03 2.015e+03 2.055e+03 2.070e+03 2.124e+03 2.294e+03
  2.328e+03]
 [1.013e+03 1.087e+03 1.319e+03 1.406e+03 1.492e+03 1.766e+03 1.780e+03
  1.812e+03 1.844e+03 1.872e+03 1.878e+03 2.121e+03 2.194e+03 2.259e+03
  2.479e+03]
 [2.300e+01 4.220e+02 5.090e+02 5.360e+02 6.750e+02 8.880e+02 9.230e+02
  1.123e+03 1.276e+03 1.474e+03 1.572e+03 1.711e+03 2.029e+03 2.341e+03
  2.416e+03]
 [4.700e+01 1.880e+02 7.880e+02 8.800e+02 9.240e+02 9.440e+02 1.168e+03
  1.372e+03 1.475e+03 1.652e+03 1.750e+03 1.864e+03 1.933e+03 2.066e+03
  2.235e+03]
 [0.000e+00 8.090e+02 9.580e+02 1.009e+03 1.060e+03 1.144e+03 1.255e+03
  1.339e+03 1.346e+03 1.566e+03 1.933e+03 2.102e+03 2.175e+03 2.277e+03
  2.501e+03]
 [1.120e+02 1.890e+02 2.770e+02 4.690e+02 5.290e+02 1.027e+03 1.135e+03
  1.195e+03 1.634e+03 1.745e+03 1.802e+03 1.809e+03 2.213e+03 2.505e+03
  2.673e+03]
 [4.400e+01 1.030e+02 1.890e+02 5.620e+02 7.390e+02 9.460e+02 1.413e+03
  1.556e+03 1.658e+03 1.745e+03 1.784e+03 1.806e+03 1.807e+03 1.884e+03
  2.102e+03]
 [2.840e+02 3.230e+02 7.460e+02 8.440e+02 9.390e+02 9.610e+02 1.009e+03
  1.037e+03 1.123e+03 1.196e+03 1.296e+03 1.505e+03 1.607e+03 1.744e+03
  2.243e+03]
 [4.600e+01 2.370e+02 3.510e+02 6.210e+02 1.010e+03 1.123e+03 1.135e+03
  1.238e+03 1.296e+03 1.320e+03 1.425e+03 1.569e+03 1.658e+03 1.843e+03
  2.073e+03]
 [3.000e+00 9.800e+01 1.150e+02 2.110e+02 2.290e+02 2.750e+02 7.990e+02
  1.195e+03 1.400e+03 1.480e+03 1.540e+03 2.055e+03 2.153e+03 2.181e+03
  2.248e+03]
 [3.000e+00 1.700e+02 4.460e+02 7.760e+02 1.087e+03 1.154e+03 1.169e+03
  1.491e+03 1.581e+03 1.675e+03 1.795e+03 1.886e+03 1.898e+03 1.969e+03
  2.155e+03]
 [2.500e+01 2.620e+02 3.170e+02 5.100e+02 7.120e+02 9.790e+02 1.114e+03
  1.156e+03 1.182e+03 1.271e+03 1.533e+03 1.543e+03 1.558e+03 1.607e+03
  1.652e+03]
 [0.000e+00 1.090e+02 1.210e+02 2.630e+02 2.800e+02 6.010e+02 6.470e+02
  6.530e+02 7.080e+02 9.800e+02 1.156e+03 1.243e+03 1.351e+03 1.449e+03
  1.513e+03]
 [0.000e+00 8.000e+01 2.150e+02 2.470e+02 2.820e+02 3.630e+02 4.590e+02
  5.250e+02 6.210e+02 6.560e+02 8.890e+02 1.037e+03 1.135e+03 1.216e+03
  1.290e+03]
 [0.000e+00 7.800e+01 8.600e+01 1.390e+02 2.860e+02 3.570e+02 4.220e+02
  5.580e+02 5.770e+02 6.120e+02 6.210e+02 7.110e+02 8.340e+02 1.033e+03
  1.180e+03]
 [7.100e+01 1.840e+02 2.660e+02 3.140e+02 3.670e+02 3.880e+02 5.080e+02
  6.610e+02 7.460e+02 8.340e+02 1.092e+03 1.131e+03 1.319e+03 1.575e+03
  1.659e+03]
 [0.000e+00 2.290e+02 3.280e+02 4.060e+02 4.890e+02 6.480e+02 6.570e+02
  7.480e+02 7.860e+02 8.620e+02 1.038e+03 1.135e+03 1.251e+03 1.319e+03
  1.370e+03]
 [0.000e+00 1.540e+02 2.170e+02 3.540e+02 4.490e+02 4.550e+02 7.240e+02
  8.030e+02 1.028e+03 1.219e+03 1.306e+03 1.372e+03 1.407e+03 1.475e+03
  1.518e+03]
 [7.100e+01 1.390e+02 2.450e+02 4.860e+02 5.970e+02 7.670e+02 8.440e+02
  8.880e+02 8.890e+02 9.520e+02 9.790e+02 9.890e+02 1.060e+03 1.110e+03
  1.201e+03]
 [1.200e+01 6.800e+01 1.450e+02 2.100e+02 2.920e+02 4.160e+02 5.080e+02
  5.290e+02 6.410e+02 6.510e+02 6.630e+02 8.520e+02 8.790e+02 8.820e+02
  9.770e+02]
 [0.000e+00 2.500e+01 1.110e+02 1.430e+02 1.740e+02 1.890e+02 3.230e+02
  3.540e+02 4.160e+02 5.090e+02 5.640e+02 6.080e+02 6.210e+02 8.460e+02
  1.230e+03]
 [0.000e+00 8.000e+00 1.030e+02 1.470e+02 1.850e+02 1.910e+02 2.860e+02
  4.070e+02 4.540e+02 4.960e+02 5.680e+02 7.070e+02 9.390e+02 1.178e+03
  1.380e+03]]
