optimal_status: 0
solution: 2200.9999995543567
cpu_time: 3600.104146003723
gap: 0.44252612437600486
upper_bound: 1226.9999999999789
lower_bound: 2200.9999995543567
cg_matrix: [[0. 1. 0. 0. 0. 1. 1. 0. 0. 0. 0. 0. 0. 0. 0.]
 [1. 0. 1. 1. 1. 0. 0. 1. 1. 0. 0. 0. 1. 1. 1.]
 [0. 1. 0. 0. 0. 0. 1. 0. 0. 0. 0. 0. 0. 0. 0.]
 [0. 1. 0. 0. 0. 0. 0. 0. 0. 0. 0. 0. 0. 0. 0.]
 [0. 1. 0. 0. 0. 0. 0. 0. 0. 0. 0. 0. 0. 0. 0.]
 [1. 0. 0. 0. 0. 0. 0. 0. 0. 1. 0. 0. 1. 0. 0.]
 [1. 0. 1. 0. 0. 0. 0. 0. 0. 1. 1. 0. 0. 0. 0.]
 [0. 1. 0. 0. 0. 0. 0. 0. 0. 0. 0. 1. 0. 0. 0.]
 [0. 1. 0. 0. 0. 0. 0. 0. 0. 0. 1. 1. 0. 0. 0.]
 [0. 0. 0. 0. 0. 1. 1. 0. 0. 0. 0. 1. 1. 0. 0.]
 [0. 0. 0. 0. 0. 0. 1. 0. 1. 0. 0. 0. 0. 0. 0.]
 [0. 0. 0. 0. 0. 0. 0. 1. 1. 1. 0. 0. 0. 0. 0.]
 [0. 1. 0. 0. 0. 1. 0. 0. 0. 1. 0. 0. 0. 0. 0.]
 [0. 1. 0. 0. 0. 0. 0. 0. 0. 0. 0. 0. 0. 0. 0.]
 [0. 1. 0. 0. 0. 0. 0. 0. 0. 0. 0. 0. 0. 0. 0.]]
start_times_array: [[9.000e+01 2.810e+02 4.990e+02 5.580e+02 6.530e+02 8.120e+02 8.870e+02
  9.100e+02 9.750e+02 1.040e+03 1.479e+03 1.550e+03 1.602e+03 1.820e+03
  1.922e+03]
 [0.000e+00 2.000e+00 1.300e+02 2.290e+02 3.930e+02 1.062e+03 1.075e+03
  1.113e+03 1.148e+03 1.217e+03 1.254e+03 1.440e+03 1.946e+03 2.014e+03
  2.118e+03]
 [2.810e+02 4.760e+02 5.220e+02 5.360e+02 6.230e+02 6.530e+02 8.020e+02
  8.640e+02 1.008e+03 1.370e+03 1.492e+03 1.617e+03 1.633e+03 1.635e+03
  1.823e+03]
 [9.000e+01 1.150e+02 2.810e+02 3.230e+02 4.610e+02 5.330e+02 5.480e+02
  8.260e+02 9.000e+02 9.780e+02 1.571e+03 1.653e+03 1.742e+03 1.823e+03
  1.849e+03]
 [5.660e+02 6.340e+02 7.050e+02 7.280e+02 7.960e+02 9.090e+02 9.460e+02
  1.356e+03 1.489e+03 1.574e+03 1.706e+03 1.778e+03 1.828e+03 1.852e+03
  1.882e+03]
 [7.400e+01 8.800e+01 1.360e+02 1.720e+02 2.440e+02 2.500e+02 3.930e+02
  7.290e+02 1.056e+03 1.139e+03 1.141e+03 1.306e+03 1.746e+03 1.961e+03
  2.059e+03]
 [1.530e+02 2.010e+02 3.770e+02 7.320e+02 1.066e+03 1.146e+03 1.323e+03
  1.371e+03 1.686e+03 1.742e+03 1.961e+03 2.014e+03 2.024e+03 2.116e+03
  2.117e+03]
 [1.010e+02 2.920e+02 4.610e+02 5.560e+02 5.850e+02 6.150e+02 7.600e+02
  7.980e+02 8.460e+02 9.070e+02 9.720e+02 1.356e+03 1.589e+03 1.677e+03
  1.837e+03]
 [4.610e+02 4.980e+02 5.070e+02 6.410e+02 7.600e+02 7.610e+02 9.390e+02
  1.356e+03 1.377e+03 1.386e+03 1.510e+03 1.545e+03 1.637e+03 1.645e+03
  1.796e+03]
 [0.000e+00 1.000e+00 8.900e+01 5.210e+02 5.670e+02 5.770e+02 6.140e+02
  8.020e+02 8.860e+02 9.970e+02 1.019e+03 1.227e+03 1.467e+03 1.637e+03
  2.150e+03]
 [0.000e+00 2.200e+01 9.500e+01 1.280e+02 1.740e+02 1.980e+02 5.680e+02
  6.640e+02 8.390e+02 8.600e+02 9.970e+02 1.229e+03 1.467e+03 1.922e+03
  2.150e+03]
 [1.650e+02 2.460e+02 3.770e+02 3.980e+02 6.740e+02 1.070e+03 1.089e+03
  1.153e+03 1.205e+03 1.306e+03 1.456e+03 1.723e+03 1.884e+03 2.025e+03
  2.041e+03]
 [2.920e+02 3.130e+02 4.910e+02 6.740e+02 7.060e+02 7.790e+02 9.120e+02
  1.348e+03 1.542e+03 1.556e+03 1.569e+03 1.686e+03 1.779e+03 1.824e+03
  1.856e+03]
 [3.130e+02 4.980e+02 7.320e+02 8.510e+02 1.017e+03 1.050e+03 1.367e+03
  1.478e+03 1.589e+03 1.664e+03 1.676e+03 1.759e+03 1.762e+03 1.889e+03
  2.195e+03]
 [2.810e+02 3.750e+02 4.610e+02 5.360e+02 7.600e+02 9.460e+02 1.347e+03
  1.390e+03 1.492e+03 1.567e+03 1.637e+03 1.730e+03 1.778e+03 1.919e+03
  2.189e+03]]
