optimal_status: 0
solution: 25569.0
cpu_time: 3603.874277114868
gap: 0.9539759048425682
upper_bound: 1176.7900890803726
lower_bound: 25569.0
cg_matrix: [[0. 1. 0. 1. 0. 1. 1. 1. 1. 1. 1. 1. 1. 0. 1. 1. 1. 0. 1. 0. 1. 1. 0. 1.
  1. 1. 1. 1. 1. 1. 1. 1. 1. 1. 0. 1. 1. 1. 1. 1. 1. 1. 0. 0. 1. 1. 1. 1.
  1. 1.]
 [1. 0. 1. 1. 1. 0. 1. 1. 1. 0. 1. 0. 1. 1. 1. 1. 1. 1. 1. 0. 1. 1. 1. 1.
  1. 1. 1. 1. 1. 1. 1. 1. 1. 1. 1. 1. 1. 1. 1. 1. 0. 0. 1. 1. 0. 1. 1. 1.
  1. 1.]
 [0. 1. 0. 0. 1. 1. 1. 1. 1. 0. 1. 1. 1. 1. 1. 0. 1. 1. 1. 1. 1. 1. 1. 1.
  1. 1. 0. 1. 1. 1. 1. 1. 1. 1. 0. 1. 1. 1. 1. 1. 1. 0. 1. 1. 0. 0. 1. 1.
  1. 1.]
 [1. 1. 0. 0. 1. 1. 1. 1. 0. 1. 1. 1. 1. 1. 1. 1. 1. 1. 0. 1. 1. 1. 1. 1.
  1. 1. 1. 1. 1. 1. 0. 1. 1. 1. 1. 1. 0. 1. 1. 1. 0. 1. 1. 1. 1. 1. 1. 1.
  1. 1.]
 [0. 1. 1. 1. 0. 1. 1. 1. 1. 1. 1. 1. 0. 1. 1. 1. 1. 1. 1. 1. 1. 0. 1. 1.
  1. 1. 1. 1. 0. 1. 1. 1. 1. 1. 1. 1. 1. 0. 1. 1. 1. 0. 1. 1. 1. 1. 1. 0.
  1. 0.]
 [1. 0. 1. 1. 1. 0. 1. 1. 1. 0. 1. 1. 1. 1. 1. 1. 1. 0. 1. 1. 1. 1. 1. 1.
  1. 0. 1. 0. 0. 0. 1. 0. 0. 1. 1. 1. 0. 1. 1. 0. 1. 1. 1. 1. 0. 1. 0. 1.
  1. 1.]
 [1. 1. 1. 1. 1. 1. 0. 1. 0. 0. 1. 1. 0. 0. 0. 0. 1. 1. 1. 1. 0. 1. 1. 1.
  1. 1. 1. 1. 1. 1. 1. 1. 1. 1. 1. 1. 0. 0. 1. 1. 1. 1. 1. 1. 0. 1. 0. 1.
  0. 1.]
 [1. 1. 1. 1. 1. 1. 1. 0. 1. 1. 1. 1. 0. 1. 1. 1. 1. 1. 1. 0. 1. 0. 1. 1.
  1. 1. 1. 1. 1. 1. 1. 1. 0. 1. 1. 1. 1. 1. 1. 1. 1. 1. 1. 1. 1. 1. 1. 1.
  0. 1.]
 [1. 1. 1. 0. 1. 1. 0. 1. 0. 1. 0. 1. 1. 1. 1. 1. 1. 1. 1. 1. 0. 1. 0. 0.
  1. 1. 0. 1. 1. 1. 1. 1. 1. 1. 1. 1. 1. 0. 1. 1. 1. 1. 1. 1. 1. 1. 1. 1.
  1. 1.]
 [1. 0. 0. 1. 1. 0. 0. 1. 1. 0. 1. 1. 1. 1. 1. 1. 1. 1. 1. 1. 1. 0. 1. 0.
  1. 0. 1. 1. 1. 1. 1. 0. 1. 1. 1. 1. 1. 1. 1. 1. 1. 1. 0. 1. 1. 1. 1. 1.
  0. 1.]
 [1. 1. 1. 1. 1. 1. 1. 1. 0. 1. 0. 1. 1. 1. 1. 1. 1. 0. 0. 1. 1. 1. 1. 1.
  1. 1. 1. 1. 1. 0. 1. 0. 1. 0. 1. 0. 1. 1. 1. 1. 0. 0. 1. 1. 0. 1. 1. 1.
  0. 1.]
 [1. 0. 1. 1. 1. 1. 1. 1. 1. 1. 1. 0. 1. 1. 0. 1. 1. 1. 1. 1. 1. 1. 1. 1.
  1. 1. 0. 1. 1. 1. 1. 1. 1. 1. 1. 1. 1. 1. 1. 0. 0. 1. 0. 0. 1. 0. 1. 1.
  0. 1.]
 [1. 1. 1. 1. 0. 1. 0. 0. 1. 1. 1. 1. 0. 1. 1. 1. 0. 1. 0. 1. 1. 1. 1. 1.
  1. 1. 1. 1. 0. 1. 0. 1. 1. 1. 1. 0. 1. 1. 1. 1. 0. 1. 1. 1. 0. 1. 1. 1.
  1. 0.]
 [0. 1. 1. 1. 1. 1. 0. 1. 1. 1. 1. 1. 1. 0. 0. 1. 1. 1. 1. 1. 1. 1. 1. 1.
  1. 1. 0. 1. 1. 1. 1. 0. 1. 1. 1. 1. 1. 0. 1. 1. 1. 0. 0. 1. 1. 1. 1. 1.
  1. 0.]
 [1. 1. 1. 1. 1. 1. 0. 1. 1. 1. 1. 0. 1. 0. 0. 1. 1. 1. 1. 0. 0. 1. 1. 1.
  1. 1. 1. 0. 1. 1. 1. 0. 1. 1. 0. 1. 1. 1. 0. 1. 1. 1. 1. 1. 1. 1. 1. 0.
  1. 0.]
 [1. 1. 0. 1. 1. 1. 0. 1. 1. 1. 1. 1. 1. 1. 1. 0. 0. 0. 0. 0. 0. 0. 0. 0.
  0. 0. 0. 0. 0. 0. 0. 0. 0. 0. 0. 0. 0. 0. 0. 0. 0. 0. 0. 0. 0. 0. 0. 0.
  0. 0.]
 [1. 1. 1. 1. 1. 1. 1. 1. 1. 1. 1. 1. 0. 1. 1. 0. 0. 0. 0. 0. 0. 0. 0. 0.
  0. 0. 0. 0. 0. 0. 0. 0. 0. 0. 0. 0. 0. 0. 0. 0. 0. 0. 0. 0. 0. 0. 0. 0.
  0. 0.]
 [0. 1. 1. 1. 1. 0. 1. 1. 1. 1. 0. 1. 1. 1. 1. 0. 0. 0. 0. 0. 0. 0. 0. 0.
  0. 0. 0. 0. 0. 0. 0. 0. 0. 0. 0. 0. 0. 0. 0. 0. 0. 0. 0. 0. 0. 0. 0. 0.
  0. 0.]
 [1. 1. 1. 0. 1. 1. 1. 1. 1. 1. 0. 1. 0. 1. 1. 0. 0. 0. 0. 0. 0. 0. 0. 0.
  0. 0. 0. 0. 0. 0. 0. 0. 0. 0. 0. 0. 0. 0. 0. 0. 0. 0. 0. 0. 0. 0. 0. 0.
  0. 0.]
 [0. 0. 1. 1. 1. 1. 1. 0. 1. 1. 1. 1. 1. 1. 0. 0. 0. 0. 0. 0. 0. 0. 0. 0.
  0. 0. 0. 0. 0. 0. 0. 0. 0. 0. 0. 0. 0. 0. 0. 0. 0. 0. 0. 0. 0. 0. 0. 0.
  0. 0.]
 [1. 1. 1. 1. 1. 1. 0. 1. 0. 1. 1. 1. 1. 1. 0. 0. 0. 0. 0. 0. 0. 0. 0. 0.
  0. 0. 0. 0. 0. 0. 0. 0. 0. 0. 0. 0. 0. 0. 0. 0. 0. 0. 0. 0. 0. 0. 0. 0.
  0. 0.]
 [1. 1. 1. 1. 0. 1. 1. 0. 1. 0. 1. 1. 1. 1. 1. 0. 0. 0. 0. 0. 0. 0. 0. 0.
  0. 0. 0. 0. 0. 0. 0. 0. 0. 0. 0. 0. 0. 0. 0. 0. 0. 0. 0. 0. 0. 0. 0. 0.
  0. 0.]
 [0. 1. 1. 1. 1. 1. 1. 1. 0. 1. 1. 1. 1. 1. 1. 0. 0. 0. 0. 0. 0. 0. 0. 0.
  0. 0. 0. 0. 0. 0. 0. 0. 0. 0. 0. 0. 0. 0. 0. 0. 0. 0. 0. 0. 0. 0. 0. 0.
  0. 0.]
 [1. 1. 1. 1. 1. 1. 1. 1. 0. 0. 1. 1. 1. 1. 1. 0. 0. 0. 0. 0. 0. 0. 0. 0.
  0. 0. 0. 0. 0. 0. 0. 0. 0. 0. 0. 0. 0. 0. 0. 0. 0. 0. 0. 0. 0. 0. 0. 0.
  0. 0.]
 [1. 1. 1. 1. 1. 1. 1. 1. 1. 1. 1. 1. 1. 1. 1. 0. 0. 0. 0. 0. 0. 0. 0. 0.
  0. 0. 0. 0. 0. 0. 0. 0. 0. 0. 0. 0. 0. 0. 0. 0. 0. 0. 0. 0. 0. 0. 0. 0.
  0. 0.]
 [1. 1. 1. 1. 1. 0. 1. 1. 1. 0. 1. 1. 1. 1. 1. 0. 0. 0. 0. 0. 0. 0. 0. 0.
  0. 0. 0. 0. 0. 0. 0. 0. 0. 0. 0. 0. 0. 0. 0. 0. 0. 0. 0. 0. 0. 0. 0. 0.
  0. 0.]
 [1. 1. 0. 1. 1. 1. 1. 1. 0. 1. 1. 0. 1. 0. 1. 0. 0. 0. 0. 0. 0. 0. 0. 0.
  0. 0. 0. 0. 0. 0. 0. 0. 0. 0. 0. 0. 0. 0. 0. 0. 0. 0. 0. 0. 0. 0. 0. 0.
  0. 0.]
 [1. 1. 1. 1. 1. 0. 1. 1. 1. 1. 1. 1. 1. 1. 0. 0. 0. 0. 0. 0. 0. 0. 0. 0.
  0. 0. 0. 0. 0. 0. 0. 0. 0. 0. 0. 0. 0. 0. 0. 0. 0. 0. 0. 0. 0. 0. 0. 0.
  0. 0.]
 [1. 1. 1. 1. 0. 0. 1. 1. 1. 1. 1. 1. 0. 1. 1. 0. 0. 0. 0. 0. 0. 0. 0. 0.
  0. 0. 0. 0. 0. 0. 0. 0. 0. 0. 0. 0. 0. 0. 0. 0. 0. 0. 0. 0. 0. 0. 0. 0.
  0. 0.]
 [1. 1. 1. 1. 1. 0. 1. 1. 1. 1. 0. 1. 1. 1. 1. 0. 0. 0. 0. 0. 0. 0. 0. 0.
  0. 0. 0. 0. 0. 0. 0. 0. 0. 0. 0. 0. 0. 0. 0. 0. 0. 0. 0. 0. 0. 0. 0. 0.
  0. 0.]
 [1. 1. 1. 0. 1. 1. 1. 1. 1. 1. 1. 1. 0. 1. 1. 0. 0. 0. 0. 0. 0. 0. 0. 0.
  0. 0. 0. 0. 0. 0. 0. 0. 0. 0. 0. 0. 0. 0. 0. 0. 0. 0. 0. 0. 0. 0. 0. 0.
  0. 0.]
 [1. 1. 1. 1. 1. 0. 1. 1. 1. 0. 0. 1. 1. 0. 0. 0. 0. 0. 0. 0. 0. 0. 0. 0.
  0. 0. 0. 0. 0. 0. 0. 0. 0. 0. 0. 0. 0. 0. 0. 0. 0. 0. 0. 0. 0. 0. 0. 0.
  0. 0.]
 [1. 1. 1. 1. 1. 0. 1. 0. 1. 1. 1. 1. 1. 1. 1. 0. 0. 0. 0. 0. 0. 0. 0. 0.
  0. 0. 0. 0. 0. 0. 0. 0. 0. 0. 0. 0. 0. 0. 0. 0. 0. 0. 0. 0. 0. 0. 0. 0.
  0. 0.]
 [1. 1. 1. 1. 1. 1. 1. 1. 1. 1. 0. 1. 1. 1. 1. 0. 0. 0. 0. 0. 0. 0. 0. 0.
  0. 0. 0. 0. 0. 0. 0. 0. 0. 0. 0. 0. 0. 0. 0. 0. 0. 0. 0. 0. 0. 0. 0. 0.
  0. 0.]
 [0. 1. 0. 1. 1. 1. 1. 1. 1. 1. 1. 1. 1. 1. 0. 0. 0. 0. 0. 0. 0. 0. 0. 0.
  0. 0. 0. 0. 0. 0. 0. 0. 0. 0. 0. 0. 0. 0. 0. 0. 0. 0. 0. 0. 0. 0. 0. 0.
  0. 0.]
 [1. 1. 1. 1. 1. 1. 1. 1. 1. 1. 0. 1. 0. 1. 1. 0. 0. 0. 0. 0. 0. 0. 0. 0.
  0. 0. 0. 0. 0. 0. 0. 0. 0. 0. 0. 0. 0. 0. 0. 0. 0. 0. 0. 0. 0. 0. 0. 0.
  0. 0.]
 [1. 1. 1. 0. 1. 0. 0. 1. 1. 1. 1. 1. 1. 1. 1. 0. 0. 0. 0. 0. 0. 0. 0. 0.
  0. 0. 0. 0. 0. 0. 0. 0. 0. 0. 0. 0. 0. 0. 0. 0. 0. 0. 0. 0. 0. 0. 0. 0.
  0. 0.]
 [1. 1. 1. 1. 0. 1. 0. 1. 0. 1. 1. 1. 1. 0. 1. 0. 0. 0. 0. 0. 0. 0. 0. 0.
  0. 0. 0. 0. 0. 0. 0. 0. 0. 0. 0. 0. 0. 0. 0. 0. 0. 0. 0. 0. 0. 0. 0. 0.
  0. 0.]
 [1. 1. 1. 1. 1. 1. 1. 1. 1. 1. 1. 1. 1. 1. 0. 0. 0. 0. 0. 0. 0. 0. 0. 0.
  0. 0. 0. 0. 0. 0. 0. 0. 0. 0. 0. 0. 0. 0. 0. 0. 0. 0. 0. 0. 0. 0. 0. 0.
  0. 0.]
 [1. 1. 1. 1. 1. 0. 1. 1. 1. 1. 1. 0. 1. 1. 1. 0. 0. 0. 0. 0. 0. 0. 0. 0.
  0. 0. 0. 0. 0. 0. 0. 0. 0. 0. 0. 0. 0. 0. 0. 0. 0. 0. 0. 0. 0. 0. 0. 0.
  0. 0.]
 [1. 0. 1. 0. 1. 1. 1. 1. 1. 1. 0. 0. 0. 1. 1. 0. 0. 0. 0. 0. 0. 0. 0. 0.
  0. 0. 0. 0. 0. 0. 0. 0. 0. 0. 0. 0. 0. 0. 0. 0. 0. 0. 0. 0. 0. 0. 0. 0.
  0. 0.]
 [1. 0. 0. 1. 0. 1. 1. 1. 1. 1. 0. 1. 1. 0. 1. 0. 0. 0. 0. 0. 0. 0. 0. 0.
  0. 0. 0. 0. 0. 0. 0. 0. 0. 0. 0. 0. 0. 0. 0. 0. 0. 0. 0. 0. 0. 0. 0. 0.
  0. 0.]
 [0. 1. 1. 1. 1. 1. 1. 1. 1. 0. 1. 0. 1. 0. 1. 0. 0. 0. 0. 0. 0. 0. 0. 0.
  0. 0. 0. 0. 0. 0. 0. 0. 0. 0. 0. 0. 0. 0. 0. 0. 0. 0. 0. 0. 0. 0. 0. 0.
  0. 0.]
 [0. 1. 1. 1. 1. 1. 1. 1. 1. 1. 1. 0. 1. 1. 1. 0. 0. 0. 0. 0. 0. 0. 0. 0.
  0. 0. 0. 0. 0. 0. 0. 0. 0. 0. 0. 0. 0. 0. 0. 0. 0. 0. 0. 0. 0. 0. 0. 0.
  0. 0.]
 [1. 0. 0. 1. 1. 0. 0. 1. 1. 1. 0. 1. 0. 1. 1. 0. 0. 0. 0. 0. 0. 0. 0. 0.
  0. 0. 0. 0. 0. 0. 0. 0. 0. 0. 0. 0. 0. 0. 0. 0. 0. 0. 0. 0. 0. 0. 0. 0.
  0. 0.]
 [1. 1. 0. 1. 1. 1. 1. 1. 1. 1. 1. 0. 1. 1. 1. 0. 0. 0. 0. 0. 0. 0. 0. 0.
  0. 0. 0. 0. 0. 0. 0. 0. 0. 0. 0. 0. 0. 0. 0. 0. 0. 0. 0. 0. 0. 0. 0. 0.
  0. 0.]
 [1. 1. 1. 1. 1. 0. 0. 1. 1. 1. 1. 1. 1. 1. 1. 0. 0. 0. 0. 0. 0. 0. 0. 0.
  0. 0. 0. 0. 0. 0. 0. 0. 0. 0. 0. 0. 0. 0. 0. 0. 0. 0. 0. 0. 0. 0. 0. 0.
  0. 0.]
 [1. 1. 1. 1. 0. 1. 1. 1. 1. 1. 1. 1. 1. 1. 0. 0. 0. 0. 0. 0. 0. 0. 0. 0.
  0. 0. 0. 0. 0. 0. 0. 0. 0. 0. 0. 0. 0. 0. 0. 0. 0. 0. 0. 0. 0. 0. 0. 0.
  0. 0.]
 [1. 1. 1. 1. 1. 1. 0. 0. 1. 0. 0. 0. 1. 1. 1. 0. 0. 0. 0. 0. 0. 0. 0. 0.
  0. 0. 0. 0. 0. 0. 0. 0. 0. 0. 0. 0. 0. 0. 0. 0. 0. 0. 0. 0. 0. 0. 0. 0.
  0. 0.]
 [1. 1. 1. 1. 0. 1. 1. 1. 1. 1. 1. 1. 0. 0. 0. 0. 0. 0. 0. 0. 0. 0. 0. 0.
  0. 0. 0. 0. 0. 0. 0. 0. 0. 0. 0. 0. 0. 0. 0. 0. 0. 0. 0. 0. 0. 0. 0. 0.
  0. 0.]]
start_times_array: [[24797. 24933. 24967. 24995. 25003. 25013. 25087. 25179. 25209. 25219.
  25301. 25346. 25420. 25444. 25531.]
 [24044. 24134. 24189. 24205. 24282. 24368. 24451. 24477. 24569. 24592.
  24642. 24716. 24873. 24888. 24902.]
 [23262. 23400. 23456. 23488. 23552. 23622. 23700. 23723. 23769. 23777.
  23852. 23897. 23902. 23909. 23971.]
 [22810. 22884. 22897. 22975. 23063. 23095. 23121. 23129. 23131. 23158.
  23187. 23249. 23297. 23322. 23614.]
 [21852. 22027. 22095. 22160. 22253. 22321. 22396. 22450. 22452. 22512.
  22611. 22624. 22627. 22693. 22750.]
 [21025. 21154. 21238. 21245. 21315. 21358. 21395. 21437. 21529. 21599.
  21690. 21720. 21725. 21782. 21947.]
 [20450. 20533. 20630. 20642. 20661. 20711. 20729. 20770. 20836. 20860.
  20958. 20969. 20990. 21019. 21068.]
 [19526. 19662. 19666. 19760. 19812. 19834. 19910. 19991. 20038. 20130.
  20225. 20240. 20273. 20358. 20396.]
 [18584. 18731. 18857. 18911. 18998. 19020. 19113. 19149. 19232. 19331.
  19358. 19373. 19380. 19449. 19612.]
 [17837. 18004. 18053. 18066. 18093. 18187. 18278. 18357. 18437. 18450.
  18531. 18565. 18664. 18787. 18790.]
 [17229. 17292. 17348. 17425. 17442. 17459. 17510. 17513. 17522. 17529.
  17592. 17679. 17745. 17880. 17944.]
 [16035. 16361. 16447. 16482. 16551. 16583. 16669. 16695. 16793. 16888.
  16919. 16930. 17012. 17097. 17168.]
 [15488. 15569. 15750. 15753. 15771. 15787. 15881. 15965. 15976. 15994.
  16068. 16140. 16155. 16205. 16284.]
 [14516. 14627. 14668. 14767. 14832. 14894. 14974. 15013. 15185. 15206.
  15244. 15312. 15400. 15655. 15751.]
 [14252. 14376. 14516. 14558. 14623. 14627. 14689. 14739. 14832. 14906.
  14982. 14992. 15068. 15123. 15218.]
 [13149. 13429. 13883. 13979. 14068. 14090. 14091. 14113. 14162. 14174.
  14201. 14218. 14328. 14456. 14484.]
 [13110. 13200. 13322. 13355. 13408. 13429. 13464. 13475. 13528. 13572.
  13630. 13706. 13738. 13800. 13860.]
 [12478. 12574. 12588. 12828. 12871. 12878. 12901. 12977. 13059. 13110.
  13178. 13236. 13302. 13315. 13689.]
 [ 8991. 12072. 12167. 12237. 12264. 12343. 12380. 12478. 12564. 12649.
  12702. 12727. 12815. 12847. 12945.]
 [10052. 10118. 11350. 11447. 11541. 11615. 11688. 11728. 11762. 11850.
  11902. 11950. 12022. 12072. 12809.]
 [ 8832.  9897. 10464. 10551. 10608. 10695. 10706. 10802. 10871. 10948.
  11043. 11103. 11140. 11227. 11310.]
 [ 9371. 10005. 10006. 10103. 10134. 10338. 10395. 10464. 10560. 10645.
  10685. 10715. 10719. 11999. 12043.]
 [ 9924.  9957. 10005. 10076. 10103. 10170. 10181. 10204. 10301. 10372.
  10408. 10462. 10553. 10645. 11700.]
 [ 9493.  9559.  9584.  9590.  9635.  9729.  9733.  9779.  9831.  9924.
   9938.  9987. 10057. 10102. 10105.]
 [ 8917.  8942.  8945.  8979.  8992.  9204.  9406.  9488.  9564.  9578.
   9584.  9611.  9645.  9710. 10323.]
 [ 8868.  8876.  8917.  8991.  9000.  9042.  9140.  9205.  9299.  9323.
   9406.  9427.  9502.  9528.  9558.]
 [ 7321.  8536.  8632.  8692.  8698.  8776.  8863.  8868.  8894.  8942.
   9140.  9204.  9224.  9268.  9359.]
 [ 7749.  7974.  7998.  8025.  8039.  8072.  8089.  8182.  8187.  8192.
   8281.  8334.  8400.  8485.  8780.]
 [ 6632.  6848.  7011.  7126.  7302.  7370.  7519.  7567.  7633.  7719.
   7737.  7816.  7838.  7869.  7956.]
 [ 6825.  7251.  7276.  7299.  7339.  7344.  7353.  7407.  7458.  7519.
   7603.  7653.  7662.  7749.  7785.]
 [ 6015.  6142.  7169.  7187.  7276.  7302.  7321.  7375.  7419.  7511.
   7519.  7525.  7614.  7616.  7728.]
 [ 6159.  6216.  6697.  6728.  6785.  6796.  6875.  6943.  7054.  7098.
   7169.  7228.  7241.  7251.  7299.]
 [ 5272.  6329.  6363.  6456.  6519.  6532.  6570.  6663.  6697.  6763.
   6825.  6943.  7011.  7054.  7126.]
 [ 5875.  5961.  5972.  6005.  6090.  6099.  6132.  6212.  6304.  6363.
   6384.  6449.  6519.  6615.  6632.]
 [ 4417.  5686.  5729.  5807.  5843.  5851.  5863.  5867.  5875.  5877.
   5972.  6090.  6117.  6126.  6142.]
 [ 4695.  4776.  4808.  4846.  4929.  4961.  5483.  5559.  5565.  5582.
   5610.  5686.  5752.  5771.  5798.]
 [ 2987.  4402.  4476.  4511.  4535.  4724.  4796.  5127.  5176.  5243.
   5272.  5324.  5357.  5429.  5483.]
 [ 4327.  4423.  4496.  4535.  4604.  4646.  4803.  4898.  4903.  4940.
   4996.  5017.  5082.  5087.  5316.]
 [ 3620.  4283.  4327.  4359.  4402.  4412.  4417.  4479.  4494.  4586.
   4665.  4695.  4724.  4745.  4803.]
 [ 3631.  3653.  3746.  3801.  3896.  3992.  4034.  4096.  4108.  4190.
   4242.  4283.  4323.  4558.  4755.]
 [ 3284.  3416.  3484.  3498.  3568.  3631.  3664.  3746.  3801.  3818.
   3869.  3965.  3992.  4127.  4214.]
 [ 1339.  1483.  2722.  2820.  2874.  2949.  3046.  3086.  3148.  3246.
   3284.  3354.  3393.  3514.  3526.]
 [ 1892.  1913.  1921.  2001.  2003.  2647.  2680.  2702.  2723.  2793.
   2807.  2839.  2909.  3040.  3110.]
 [  385.   717.   773.  1422.  1482.  2272.  2358.  2389.  2405.  2480.
   2545.  2591.  2647.  2722.  2874.]
 [  528.   738.   813.   821.  1598.  1665.  1753.  1793.  1883.  1892.
   1991.  2084.  2123.  2182.  2272.]
 [  842.   876.   937.  1085.  1175.  1270.  1292.  1339.  1430.  1483.
   1490.  1584.  1598.  1668.  1708.]
 [  476.   504.   594.   599.   684.   767.   773.   842.   848.   905.
    992.  1085.  1160.  1230.  1354.]
 [   29.    54.    98.   261.   704.   739.   801.   864.   915.   974.
   1042.  1127.  1175.  1239.  1279.]
 [    0.    29.    71.   127.   221.   230.   261.   341.   393.   446.
    620.   628.   660.   754.   873.]
 [    0.    39.    51.    85.   109.   150.   235.   309.   355.   385.
    474.   476.   563.   620.   704.]]
