optimal_status: 0
solution: 11167.0
cpu_time: 3600.6635358333588
gap: 0.8817085141590503
upper_bound: 1320.9610223858858
lower_bound: 11167.0
cg_matrix: [[0. 1. 0. 0. 1. 0. 1. 1. 1. 1. 0. 1. 0. 1. 1. 1. 0. 0. 0. 0. 0. 0. 1. 1.
  0. 1. 0. 0. 1. 1. 1. 1. 0. 0. 0. 0. 1. 0. 0. 1. 1. 1. 1. 1. 0. 0. 0. 0.
  0. 0.]
 [1. 0. 1. 1. 1. 1. 1. 0. 0. 0. 1. 0. 1. 0. 1. 1. 0. 1. 0. 0. 0. 0. 1. 0.
  1. 1. 0. 1. 1. 1. 0. 1. 1. 0. 0. 0. 1. 0. 1. 1. 0. 1. 0. 1. 1. 0. 0. 1.
  1. 0.]
 [0. 1. 0. 1. 0. 0. 0. 0. 1. 0. 1. 1. 0. 0. 1. 0. 0. 0. 1. 1. 1. 1. 1. 0.
  0. 0. 0. 0. 1. 0. 0. 0. 0. 1. 1. 1. 1. 1. 0. 0. 1. 1. 1. 1. 0. 1. 0. 1.
  1. 0.]
 [0. 1. 1. 0. 0. 0. 1. 0. 1. 0. 1. 1. 0. 0. 0. 0. 0. 0. 0. 1. 0. 1. 0. 1.
  0. 1. 0. 1. 0. 0. 0. 0. 0. 0. 1. 0. 0. 0. 0. 0. 0. 0. 1. 0. 0. 1. 0. 0.
  0. 1.]
 [1. 1. 0. 0. 0. 0. 0. 0. 1. 0. 0. 0. 1. 1. 1. 0. 0. 0. 0. 1. 0. 0. 1. 1.
  1. 0. 0. 0. 1. 1. 0. 1. 1. 0. 0. 0. 0. 0. 0. 1. 0. 1. 1. 1. 1. 0. 1. 1.
  0. 1.]
 [0. 1. 0. 0. 0. 0. 1. 1. 1. 1. 0. 0. 1. 1. 1. 1. 1. 1. 0. 0. 1. 1. 0. 0.
  1. 0. 1. 0. 1. 0. 1. 0. 1. 1. 1. 1. 1. 0. 0. 0. 1. 1. 0. 1. 1. 0. 1. 1.
  0. 0.]
 [1. 1. 0. 1. 0. 1. 0. 0. 1. 0. 0. 1. 0. 1. 0. 0. 0. 0. 0. 1. 0. 1. 0. 1.
  1. 0. 0. 1. 0. 1. 1. 1. 0. 1. 1. 0. 1. 0. 0. 0. 0. 1. 0. 0. 0. 1. 0. 1.
  1. 0.]
 [1. 0. 0. 0. 0. 1. 0. 0. 1. 0. 1. 1. 1. 1. 0. 0. 1. 0. 1. 0. 1. 0. 0. 0.
  1. 0. 0. 0. 1. 1. 0. 1. 0. 0. 1. 0. 0. 0. 1. 0. 0. 0. 1. 1. 0. 0. 1. 0.
  0. 1.]
 [1. 0. 1. 1. 1. 1. 1. 1. 0. 1. 1. 0. 1. 0. 0. 0. 0. 1. 1. 1. 1. 1. 0. 1.
  0. 1. 0. 0. 1. 1. 1. 1. 0. 1. 0. 1. 1. 1. 1. 0. 0. 1. 0. 1. 1. 1. 0. 1.
  1. 0.]
 [1. 0. 0. 0. 0. 1. 0. 0. 1. 0. 1. 1. 0. 1. 1. 1. 1. 0. 1. 0. 1. 0. 0. 0.
  0. 1. 1. 0. 0. 1. 0. 0. 0. 1. 1. 0. 1. 1. 1. 0. 0. 1. 1. 1. 0. 1. 0. 0.
  0. 0.]
 [0. 1. 1. 1. 0. 0. 0. 1. 1. 1. 0. 1. 0. 0. 0. 1. 1. 1. 1. 1. 1. 1. 0. 1.
  1. 1. 0. 1. 1. 0. 1. 1. 0. 1. 1. 0. 0. 0. 1. 0. 1. 1. 1. 1. 0. 0. 0. 1.
  1. 0.]
 [1. 0. 1. 1. 0. 0. 1. 1. 0. 1. 1. 0. 0. 0. 1. 1. 0. 1. 0. 1. 0. 0. 1. 0.
  0. 0. 1. 0. 0. 1. 1. 0. 1. 0. 1. 1. 0. 0. 0. 0. 1. 1. 1. 0. 0. 0. 1. 1.
  1. 1.]
 [0. 1. 0. 0. 1. 1. 0. 1. 1. 0. 0. 0. 0. 1. 0. 1. 0. 0. 0. 1. 0. 0. 1. 1.
  1. 1. 0. 0. 1. 0. 1. 1. 0. 1. 0. 0. 1. 1. 1. 1. 0. 0. 0. 0. 0. 1. 0. 1.
  1. 0.]
 [1. 0. 0. 0. 1. 1. 1. 1. 0. 1. 0. 0. 1. 0. 0. 0. 0. 0. 0. 0. 0. 1. 1. 0.
  1. 1. 0. 0. 0. 1. 0. 1. 0. 0. 0. 0. 0. 1. 0. 0. 1. 0. 0. 0. 1. 0. 1. 1.
  1. 1.]
 [1. 1. 1. 0. 1. 1. 0. 0. 0. 1. 0. 1. 0. 0. 0. 1. 0. 0. 0. 0. 1. 1. 0. 1.
  0. 1. 1. 1. 0. 0. 1. 1. 0. 0. 0. 0. 1. 0. 1. 1. 0. 0. 1. 0. 1. 1. 0. 0.
  1. 0.]
 [1. 1. 0. 0. 0. 1. 0. 0. 0. 1. 1. 1. 1. 0. 1. 0. 0. 0. 0. 0. 0. 0. 0. 0.
  0. 0. 0. 0. 0. 0. 0. 0. 0. 0. 0. 0. 0. 0. 0. 0. 0. 0. 0. 0. 0. 0. 0. 0.
  0. 0.]
 [0. 0. 0. 0. 0. 1. 0. 1. 0. 1. 1. 0. 0. 0. 0. 0. 0. 0. 0. 0. 0. 0. 0. 0.
  0. 0. 0. 0. 0. 0. 0. 0. 0. 0. 0. 0. 0. 0. 0. 0. 0. 0. 0. 0. 0. 0. 0. 0.
  0. 0.]
 [0. 1. 0. 0. 0. 1. 0. 0. 1. 0. 1. 1. 0. 0. 0. 0. 0. 0. 0. 0. 0. 0. 0. 0.
  0. 0. 0. 0. 0. 0. 0. 0. 0. 0. 0. 0. 0. 0. 0. 0. 0. 0. 0. 0. 0. 0. 0. 0.
  0. 0.]
 [0. 0. 1. 0. 0. 0. 0. 1. 1. 1. 1. 0. 0. 0. 0. 0. 0. 0. 0. 0. 0. 0. 0. 0.
  0. 0. 0. 0. 0. 0. 0. 0. 0. 0. 0. 0. 0. 0. 0. 0. 0. 0. 0. 0. 0. 0. 0. 0.
  0. 0.]
 [0. 0. 1. 1. 1. 0. 1. 0. 1. 0. 1. 1. 1. 0. 0. 0. 0. 0. 0. 0. 0. 0. 0. 0.
  0. 0. 0. 0. 0. 0. 0. 0. 0. 0. 0. 0. 0. 0. 0. 0. 0. 0. 0. 0. 0. 0. 0. 0.
  0. 0.]
 [0. 0. 1. 0. 0. 1. 0. 1. 1. 1. 1. 0. 0. 0. 1. 0. 0. 0. 0. 0. 0. 0. 0. 0.
  0. 0. 0. 0. 0. 0. 0. 0. 0. 0. 0. 0. 0. 0. 0. 0. 0. 0. 0. 0. 0. 0. 0. 0.
  0. 0.]
 [0. 0. 1. 1. 0. 1. 1. 0. 1. 0. 1. 0. 0. 1. 1. 0. 0. 0. 0. 0. 0. 0. 0. 0.
  0. 0. 0. 0. 0. 0. 0. 0. 0. 0. 0. 0. 0. 0. 0. 0. 0. 0. 0. 0. 0. 0. 0. 0.
  0. 0.]
 [1. 1. 1. 0. 1. 0. 0. 0. 0. 0. 0. 1. 1. 1. 0. 0. 0. 0. 0. 0. 0. 0. 0. 0.
  0. 0. 0. 0. 0. 0. 0. 0. 0. 0. 0. 0. 0. 0. 0. 0. 0. 0. 0. 0. 0. 0. 0. 0.
  0. 0.]
 [1. 0. 0. 1. 1. 0. 1. 0. 1. 0. 1. 0. 1. 0. 1. 0. 0. 0. 0. 0. 0. 0. 0. 0.
  0. 0. 0. 0. 0. 0. 0. 0. 0. 0. 0. 0. 0. 0. 0. 0. 0. 0. 0. 0. 0. 0. 0. 0.
  0. 0.]
 [0. 1. 0. 0. 1. 1. 1. 1. 0. 0. 1. 0. 1. 1. 0. 0. 0. 0. 0. 0. 0. 0. 0. 0.
  0. 0. 0. 0. 0. 0. 0. 0. 0. 0. 0. 0. 0. 0. 0. 0. 0. 0. 0. 0. 0. 0. 0. 0.
  0. 0.]
 [1. 1. 0. 1. 0. 0. 0. 0. 1. 1. 1. 0. 1. 1. 1. 0. 0. 0. 0. 0. 0. 0. 0. 0.
  0. 0. 0. 0. 0. 0. 0. 0. 0. 0. 0. 0. 0. 0. 0. 0. 0. 0. 0. 0. 0. 0. 0. 0.
  0. 0.]
 [0. 0. 0. 0. 0. 1. 0. 0. 0. 1. 0. 1. 0. 0. 1. 0. 0. 0. 0. 0. 0. 0. 0. 0.
  0. 0. 0. 0. 0. 0. 0. 0. 0. 0. 0. 0. 0. 0. 0. 0. 0. 0. 0. 0. 0. 0. 0. 0.
  0. 0.]
 [0. 1. 0. 1. 0. 0. 1. 0. 0. 0. 1. 0. 0. 0. 1. 0. 0. 0. 0. 0. 0. 0. 0. 0.
  0. 0. 0. 0. 0. 0. 0. 0. 0. 0. 0. 0. 0. 0. 0. 0. 0. 0. 0. 0. 0. 0. 0. 0.
  0. 0.]
 [1. 1. 1. 0. 1. 1. 0. 1. 1. 0. 1. 0. 1. 0. 0. 0. 0. 0. 0. 0. 0. 0. 0. 0.
  0. 0. 0. 0. 0. 0. 0. 0. 0. 0. 0. 0. 0. 0. 0. 0. 0. 0. 0. 0. 0. 0. 0. 0.
  0. 0.]
 [1. 1. 0. 0. 1. 0. 1. 1. 1. 1. 0. 1. 0. 1. 0. 0. 0. 0. 0. 0. 0. 0. 0. 0.
  0. 0. 0. 0. 0. 0. 0. 0. 0. 0. 0. 0. 0. 0. 0. 0. 0. 0. 0. 0. 0. 0. 0. 0.
  0. 0.]
 [1. 0. 0. 0. 0. 1. 1. 0. 1. 0. 1. 1. 1. 0. 1. 0. 0. 0. 0. 0. 0. 0. 0. 0.
  0. 0. 0. 0. 0. 0. 0. 0. 0. 0. 0. 0. 0. 0. 0. 0. 0. 0. 0. 0. 0. 0. 0. 0.
  0. 0.]
 [1. 1. 0. 0. 1. 0. 1. 1. 1. 0. 1. 0. 1. 1. 1. 0. 0. 0. 0. 0. 0. 0. 0. 0.
  0. 0. 0. 0. 0. 0. 0. 0. 0. 0. 0. 0. 0. 0. 0. 0. 0. 0. 0. 0. 0. 0. 0. 0.
  0. 0.]
 [0. 1. 0. 0. 1. 1. 0. 0. 0. 0. 0. 1. 0. 0. 0. 0. 0. 0. 0. 0. 0. 0. 0. 0.
  0. 0. 0. 0. 0. 0. 0. 0. 0. 0. 0. 0. 0. 0. 0. 0. 0. 0. 0. 0. 0. 0. 0. 0.
  0. 0.]
 [0. 0. 1. 0. 0. 1. 1. 0. 1. 1. 1. 0. 1. 0. 0. 0. 0. 0. 0. 0. 0. 0. 0. 0.
  0. 0. 0. 0. 0. 0. 0. 0. 0. 0. 0. 0. 0. 0. 0. 0. 0. 0. 0. 0. 0. 0. 0. 0.
  0. 0.]
 [0. 0. 1. 1. 0. 1. 1. 1. 0. 1. 1. 1. 0. 0. 0. 0. 0. 0. 0. 0. 0. 0. 0. 0.
  0. 0. 0. 0. 0. 0. 0. 0. 0. 0. 0. 0. 0. 0. 0. 0. 0. 0. 0. 0. 0. 0. 0. 0.
  0. 0.]
 [0. 0. 1. 0. 0. 1. 0. 0. 1. 0. 0. 1. 0. 0. 0. 0. 0. 0. 0. 0. 0. 0. 0. 0.
  0. 0. 0. 0. 0. 0. 0. 0. 0. 0. 0. 0. 0. 0. 0. 0. 0. 0. 0. 0. 0. 0. 0. 0.
  0. 0.]
 [1. 1. 1. 0. 0. 1. 1. 0. 1. 1. 0. 0. 1. 0. 1. 0. 0. 0. 0. 0. 0. 0. 0. 0.
  0. 0. 0. 0. 0. 0. 0. 0. 0. 0. 0. 0. 0. 0. 0. 0. 0. 0. 0. 0. 0. 0. 0. 0.
  0. 0.]
 [0. 0. 1. 0. 0. 0. 0. 0. 1. 1. 0. 0. 1. 1. 0. 0. 0. 0. 0. 0. 0. 0. 0. 0.
  0. 0. 0. 0. 0. 0. 0. 0. 0. 0. 0. 0. 0. 0. 0. 0. 0. 0. 0. 0. 0. 0. 0. 0.
  0. 0.]
 [0. 1. 0. 0. 0. 0. 0. 1. 1. 1. 1. 0. 1. 0. 1. 0. 0. 0. 0. 0. 0. 0. 0. 0.
  0. 0. 0. 0. 0. 0. 0. 0. 0. 0. 0. 0. 0. 0. 0. 0. 0. 0. 0. 0. 0. 0. 0. 0.
  0. 0.]
 [1. 1. 0. 0. 1. 0. 0. 0. 0. 0. 0. 0. 1. 0. 1. 0. 0. 0. 0. 0. 0. 0. 0. 0.
  0. 0. 0. 0. 0. 0. 0. 0. 0. 0. 0. 0. 0. 0. 0. 0. 0. 0. 0. 0. 0. 0. 0. 0.
  0. 0.]
 [1. 0. 1. 0. 0. 1. 0. 0. 0. 0. 1. 1. 0. 1. 0. 0. 0. 0. 0. 0. 0. 0. 0. 0.
  0. 0. 0. 0. 0. 0. 0. 0. 0. 0. 0. 0. 0. 0. 0. 0. 0. 0. 0. 0. 0. 0. 0. 0.
  0. 0.]
 [1. 1. 1. 0. 1. 1. 1. 0. 1. 1. 1. 1. 0. 0. 0. 0. 0. 0. 0. 0. 0. 0. 0. 0.
  0. 0. 0. 0. 0. 0. 0. 0. 0. 0. 0. 0. 0. 0. 0. 0. 0. 0. 0. 0. 0. 0. 0. 0.
  0. 0.]
 [1. 0. 1. 1. 1. 0. 0. 1. 0. 1. 1. 1. 0. 0. 1. 0. 0. 0. 0. 0. 0. 0. 0. 0.
  0. 0. 0. 0. 0. 0. 0. 0. 0. 0. 0. 0. 0. 0. 0. 0. 0. 0. 0. 0. 0. 0. 0. 0.
  0. 0.]
 [1. 1. 1. 0. 1. 1. 0. 1. 1. 1. 1. 0. 0. 0. 0. 0. 0. 0. 0. 0. 0. 0. 0. 0.
  0. 0. 0. 0. 0. 0. 0. 0. 0. 0. 0. 0. 0. 0. 0. 0. 0. 0. 0. 0. 0. 0. 0. 0.
  0. 0.]
 [0. 1. 0. 0. 1. 1. 0. 0. 1. 0. 0. 0. 0. 1. 1. 0. 0. 0. 0. 0. 0. 0. 0. 0.
  0. 0. 0. 0. 0. 0. 0. 0. 0. 0. 0. 0. 0. 0. 0. 0. 0. 0. 0. 0. 0. 0. 0. 0.
  0. 0.]
 [0. 0. 1. 1. 0. 0. 1. 0. 1. 1. 0. 0. 1. 0. 1. 0. 0. 0. 0. 0. 0. 0. 0. 0.
  0. 0. 0. 0. 0. 0. 0. 0. 0. 0. 0. 0. 0. 0. 0. 0. 0. 0. 0. 0. 0. 0. 0. 0.
  0. 0.]
 [0. 0. 0. 0. 1. 1. 0. 1. 0. 0. 0. 1. 0. 1. 0. 0. 0. 0. 0. 0. 0. 0. 0. 0.
  0. 0. 0. 0. 0. 0. 0. 0. 0. 0. 0. 0. 0. 0. 0. 0. 0. 0. 0. 0. 0. 0. 0. 0.
  0. 0.]
 [0. 1. 1. 0. 1. 1. 1. 0. 1. 0. 1. 1. 1. 1. 0. 0. 0. 0. 0. 0. 0. 0. 0. 0.
  0. 0. 0. 0. 0. 0. 0. 0. 0. 0. 0. 0. 0. 0. 0. 0. 0. 0. 0. 0. 0. 0. 0. 0.
  0. 0.]
 [0. 1. 1. 0. 0. 0. 1. 0. 1. 0. 1. 1. 1. 1. 1. 0. 0. 0. 0. 0. 0. 0. 0. 0.
  0. 0. 0. 0. 0. 0. 0. 0. 0. 0. 0. 0. 0. 0. 0. 0. 0. 0. 0. 0. 0. 0. 0. 0.
  0. 0.]
 [0. 0. 0. 1. 1. 0. 0. 1. 0. 0. 0. 1. 0. 1. 0. 0. 0. 0. 0. 0. 0. 0. 0. 0.
  0. 0. 0. 0. 0. 0. 0. 0. 0. 0. 0. 0. 0. 0. 0. 0. 0. 0. 0. 0. 0. 0. 0. 0.
  0. 0.]]
start_times_array: [[4.29300000e+03 4.31000000e+03 1.03900000e+04 1.04520000e+04
  1.05260000e+04 1.05640000e+04 1.06720000e+04 1.07010000e+04
  1.07480000e+04 1.08420000e+04 1.08800000e+04 1.09440000e+04
  1.10190000e+04 1.10790000e+04 1.11570000e+04]
 [9.83000000e+02 9.76600000e+03 9.82500000e+03 9.91200000e+03
  9.95200000e+03 1.00050000e+04 1.00430000e+04 1.00870000e+04
  1.01250000e+04 1.01320000e+04 1.01410000e+04 1.02370000e+04
  1.03040000e+04 1.03620000e+04 1.06080000e+04]
 [6.81600000e+03 8.91900000e+03 8.93000000e+03 9.07500000e+03
  9.14700000e+03 9.20500000e+03 9.25400000e+03 9.30000000e+03
  9.32100000e+03 9.41400000e+03 9.50500000e+03 9.51800000e+03
  9.59000000e+03 9.66800000e+03 9.71100000e+03]
 [6.95000000e+02 9.13000000e+02 1.44100000e+03 1.93700000e+03
  2.45800000e+03 2.65100000e+03 2.67500000e+03 6.00700000e+03
  6.16600000e+03 8.49700000e+03 8.59300000e+03 8.77000000e+03
  8.80900000e+03 8.83400000e+03 9.02300000e+03]
 [6.00000000e+03 8.24100000e+03 8.32100000e+03 8.36900000e+03
  8.37200000e+03 8.37900000e+03 8.45800000e+03 8.52602608e+03
  8.57202608e+03 8.57302608e+03 8.62502608e+03 8.70167536e+03
  8.72667536e+03 8.81067536e+03 9.17602608e+03]
 [8.76000000e+03 8.93600000e+03 8.98000000e+03 9.17400000e+03
  9.41400000e+03 9.42800000e+03 9.46500000e+03 9.52700000e+03
  9.59000000e+03 9.67600000e+03 9.68300000e+03 1.04600000e+04
  1.07480000e+04 1.08020000e+04 1.08250000e+04]
 [6.39000000e+02 8.06600000e+03 8.24100000e+03 8.33800000e+03
  8.37200000e+03 8.37500000e+03 8.45800000e+03 8.50600000e+03
  8.55000000e+03 8.66200000e+03 9.07500000e+03 9.26000000e+03
  9.26200000e+03 9.31700000e+03 9.45700000e+03]
 [1.84000000e+03 8.06100000e+03 8.29300000e+03 8.38900000e+03
  8.45300000e+03 8.51100000e+03 8.57500000e+03 8.58900000e+03
  8.62900000e+03 8.72300000e+03 8.73600000e+03 8.80900000e+03
  8.87300000e+03 9.04200000e+03 9.10000000e+03]
 [1.74700000e+03 4.14500000e+03 7.34400000e+03 7.37200000e+03
  7.41500000e+03 7.50700000e+03 7.60800000e+03 7.69500000e+03
  7.71400000e+03 7.73700000e+03 7.76000000e+03 7.85900000e+03
  7.94800000e+03 7.99000000e+03 8.14500000e+03]
 [6.16600000e+03 6.81600000e+03 6.84700000e+03 6.91900000e+03
  7.00700000e+03 7.01300000e+03 7.06300000e+03 7.12900000e+03
  7.22200000e+03 7.24800000e+03 7.26500000e+03 7.32700000e+03
  7.33100000e+03 7.56200000e+03 8.06100000e+03]
 [5.91900000e+03 5.92600000e+03 6.01400000e+03 6.22200000e+03
  6.27400000e+03 6.36700000e+03 6.39500000e+03 6.46900000e+03
  6.48600000e+03 6.53400000e+03 6.57900000e+03 6.66500000e+03
  6.73000000e+03 6.80400000e+03 6.80600000e+03]
 [5.54000000e+02 9.83000000e+02 1.31700000e+03 4.18700000e+03
  4.39200000e+03 5.55300000e+03 5.55900000e+03 5.71600000e+03
  5.81500000e+03 5.82400000e+03 5.86200000e+03 5.86500000e+03
  5.88000000e+03 6.11100000e+03 6.63000000e+03]
 [4.97700000e+03 4.99100000e+03 5.04500000e+03 5.17500000e+03
  5.22800000e+03 5.32200000e+03 5.32900000e+03 5.34300000e+03
  5.37200000e+03 5.40200000e+03 5.44900000e+03 5.49900000e+03
  5.60200000e+03 5.68300000e+03 5.88300000e+03]
 [4.04800000e+03 4.25000000e+03 4.39700000e+03 4.54900000e+03
  4.55100000e+03 4.63700000e+03 4.70700000e+03 4.75600000e+03
  4.78200000e+03 4.84500000e+03 4.89000000e+03 4.97600000e+03
  5.01900000e+03 5.09400000e+03 5.10200000e+03]
 [1.45600000e+03 4.16800000e+03 4.23900000e+03 4.36500000e+03
  4.93100000e+03 4.96900000e+03 5.02600000e+03 5.17500000e+03
  5.24500000e+03 5.32100000e+03 5.35100000e+03 5.40600000e+03
  5.65000000e+03 5.65900000e+03 5.91900000e+03]
 [4.50000000e+01 2.39000000e+02 4.48000000e+02 8.00000000e+02
  2.57700000e+03 3.39200000e+03 4.44300000e+03 4.52700000e+03
  4.57600000e+03 4.67000000e+03 4.74400000e+03 4.76200000e+03
  4.78400000e+03 4.81700000e+03 5.09400000e+03]
 [1.70000000e+02 4.79000000e+02 7.80000000e+02 8.74000000e+02
  1.11800000e+03 3.49300000e+03 3.67100000e+03 3.72400000e+03
  3.98200000e+03 4.06400000e+03 4.70200000e+03 4.74500000e+03
  4.74600000e+03 4.81800000e+03 4.86600000e+03]
 [5.40000000e+01 7.30000000e+01 2.88000000e+02 3.38000000e+02
  3.52000000e+02 3.55000000e+02 5.41000000e+02 7.88000000e+02
  4.22200000e+03 4.31600000e+03 4.48500000e+03 4.54900000e+03
  4.62400000e+03 4.65600000e+03 5.03800000e+03]
 [3.29500000e+03 3.34800000e+03 4.14900000e+03 4.23900000e+03
  4.25200000e+03 4.32500000e+03 4.37300000e+03 4.49600000e+03
  4.55300000e+03 4.62400000e+03 4.63700000e+03 4.82900000e+03
  4.92400000e+03 4.97300000e+03 5.76800000e+03]
 [0.00000000e+00 2.19000000e+02 2.20000000e+02 4.84000000e+02
  3.07900000e+03 3.08600000e+03 3.24400000e+03 3.28800000e+03
  3.54600000e+03 3.62000000e+03 3.69900000e+03 4.23900000e+03
  4.44300000e+03 4.47400000e+03 4.69200000e+03]
 [6.90000000e+01 2.56000000e+02 4.88000000e+02 6.07000000e+02
  7.96000000e+02 8.42000000e+02 8.54000000e+02 2.35600000e+03
  2.95600000e+03 2.97300000e+03 3.21400000e+03 3.40500000e+03
  3.49200000e+03 3.70600000e+03 3.75800000e+03]
 [2.37100000e+03 2.52800000e+03 2.56700000e+03 2.69200000e+03
  2.76600000e+03 2.83100000e+03 2.95600000e+03 3.03800000e+03
  3.67100000e+03 3.75800000e+03 3.84500000e+03 3.84600000e+03
  3.90400000e+03 4.02600000e+03 4.06400000e+03]
 [1.63000000e+02 2.01400000e+03 2.03100000e+03 2.29700000e+03
  3.31000000e+03 3.50500000e+03 3.54300000e+03 3.62000000e+03
  3.71200000e+03 3.72300000e+03 3.74400000e+03 3.84100000e+03
  3.91000000e+03 3.95700000e+03 4.47900000e+03]
 [0.00000000e+00 9.20000000e+01 1.83000000e+02 3.22000000e+02
  3.93000000e+02 4.40000000e+02 8.40000000e+02 8.73000000e+02
  2.78100000e+03 3.23400000e+03 3.58700000e+03 3.69900000e+03
  3.89400000e+03 3.98900000e+03 4.00600000e+03]
 [0.00000000e+00 8.70000000e+01 1.67000000e+02 1.70000000e+02
  2.94000000e+02 3.87000000e+02 4.61000000e+02 5.47000000e+02
  7.12000000e+02 7.59000000e+02 7.63000000e+02 8.09000000e+02
  8.20000000e+02 1.00100000e+03 3.04100000e+03]
 [3.00000000e+00 1.17000000e+02 3.73000000e+02 4.33000000e+02
  1.00700000e+03 3.43800000e+03 3.49300000e+03 3.51800000e+03
  3.62700000e+03 3.73500000e+03 3.80800000e+03 3.88600000e+03
  3.98200000e+03 4.12700000e+03 4.16400000e+03]
 [8.70000000e+01 1.78000000e+02 1.89000000e+02 2.76000000e+02
  5.29000000e+02 6.39000000e+02 7.63000000e+02 8.22000000e+02
  8.28000000e+02 1.28800000e+03 1.60600000e+03 3.22900000e+03
  3.30100000e+03 3.44100000e+03 3.48900000e+03]
 [6.20000000e+01 1.10000000e+02 1.62000000e+02 3.34000000e+02
  2.98500000e+03 2.99900000e+03 3.00800000e+03 3.02900000e+03
  3.09900000e+03 3.18600000e+03 3.34400000e+03 3.38100000e+03
  3.46300000e+03 3.65600000e+03 4.13500000e+03]
 [2.24000000e+03 2.33100000e+03 2.64200000e+03 2.72900000e+03
  2.78000000e+03 2.83200000e+03 2.91700000e+03 3.00200000e+03
  3.06100000e+03 3.10500000e+03 3.34100000e+03 3.57600000e+03
  3.59300000e+03 3.69000000e+03 3.80800000e+03]
 [4.29000000e+02 2.00100000e+03 2.36800000e+03 2.45800000e+03
  2.47600000e+03 2.60400000e+03 2.77700000e+03 3.02900000e+03
  3.08800000e+03 3.14000000e+03 3.23100000e+03 3.28800000e+03
  3.32600000e+03 3.34100000e+03 3.35900000e+03]
 [0.00000000e+00 6.80000000e+01 2.21900000e+03 2.31500000e+03
  2.49400000e+03 2.62400000e+03 2.75900000e+03 2.76600000e+03
  3.30400000e+03 3.35900000e+03 3.49000000e+03 3.58300000e+03
  3.67100000e+03 3.71900000e+03 3.72100000e+03]
 [2.17000000e+02 1.99500000e+03 2.03400000e+03 2.33400000e+03
  2.67500000e+03 2.83000000e+03 2.87900000e+03 2.94700000e+03
  2.96500000e+03 2.98500000e+03 3.27400000e+03 3.56400000e+03
  3.65700000e+03 3.72100000e+03 3.86800000e+03]
 [1.40000000e+01 1.50900000e+03 1.52200000e+03 1.69600000e+03
  2.69800000e+03 2.70300000e+03 2.72900000e+03 2.75500000e+03
  2.76100000e+03 2.78100000e+03 2.78500000e+03 3.03800000e+03
  3.07700000e+03 3.18600000e+03 3.27400000e+03]
 [0.00000000e+00 4.90000000e+01 8.50000000e+01 1.39000000e+02
  2.14000000e+02 2.60000000e+02 2.32400000e+03 2.84500000e+03
  2.85300000e+03 2.92000000e+03 2.99500000e+03 3.23100000e+03
  3.24400000e+03 3.28800000e+03 3.30400000e+03]
 [7.30000000e+01 8.50000000e+01 2.60000000e+02 3.52000000e+02
  4.31000000e+02 2.51400000e+03 2.70300000e+03 2.77600000e+03
  2.80100000e+03 2.90300000e+03 2.92000000e+03 2.97700000e+03
  3.15600000e+03 3.27500000e+03 3.34800000e+03]
 [0.00000000e+00 6.39000000e+02 1.94500000e+03 2.24800000e+03
  2.42200000e+03 2.48600000e+03 2.52200000e+03 2.60200000e+03
  2.62400000e+03 2.64400000e+03 2.70300000e+03 2.72900000e+03
  2.77400000e+03 2.85700000e+03 2.97300000e+03]
 [1.78000000e+02 3.32000000e+02 4.33000000e+02 5.64000000e+02
  6.95000000e+02 9.41000000e+02 2.43300000e+03 2.47600000e+03
  2.56700000e+03 2.64100000e+03 2.70700000e+03 2.72900000e+03
  2.82000000e+03 2.87900000e+03 2.94900000e+03]
 [1.20000000e+01 7.06000000e+02 1.64600000e+03 1.94600000e+03
  2.20700000e+03 2.33100000e+03 2.49600000e+03 2.55800000e+03
  2.60700000e+03 2.61700000e+03 2.86300000e+03 2.95600000e+03
  2.98500000e+03 3.17700000e+03 3.27500000e+03]
 [2.20000000e+02 2.80000000e+02 6.41000000e+02 6.95000000e+02
  2.02400000e+03 2.12200000e+03 2.35900000e+03 2.45900000e+03
  2.47600000e+03 2.49400000e+03 2.52200000e+03 2.72000000e+03
  2.79200000e+03 2.87400000e+03 2.97300000e+03]
 [2.06000000e+02 5.81000000e+02 6.72000000e+02 1.00100000e+03
  1.67300000e+03 1.86900000e+03 1.92100000e+03 2.03400000e+03
  2.11900000e+03 2.14200000e+03 2.23000000e+03 2.23600000e+03
  2.30900000e+03 2.37000000e+03 2.43000000e+03]
 [8.54000000e+02 8.90000000e+02 1.78900000e+03 1.82800000e+03
  1.84200000e+03 1.92200000e+03 1.94600000e+03 1.99500000e+03
  2.02600000e+03 2.11500000e+03 2.11900000e+03 2.18700000e+03
  2.32100000e+03 2.41900000e+03 2.43300000e+03]
 [1.67000000e+02 2.28000000e+02 2.76000000e+02 4.40000000e+02
  4.48000000e+02 1.92000000e+03 1.94500000e+03 2.04800000e+03
  2.12200000e+03 2.17600000e+03 2.26800000e+03 2.33500000e+03
  2.39600000e+03 2.46000000e+03 2.50500000e+03]
 [8.28000000e+02 1.54600000e+03 1.74400000e+03 1.90200000e+03
  2.00100000e+03 2.02500000e+03 2.03500000e+03 2.08600000e+03
  2.17400000e+03 2.26800000e+03 2.35900000e+03 2.40700000e+03
  2.40900000e+03 2.49600000e+03 2.55600000e+03]
 [9.39000000e+02 1.00100000e+03 1.00700000e+03 1.10800000e+03
  1.15700000e+03 1.16800000e+03 1.23900000e+03 1.33700000e+03
  1.54600000e+03 1.90100000e+03 2.14200000e+03 2.25000000e+03
  2.42100000e+03 2.47600000e+03 2.50500000e+03]
 [9.20000000e+01 3.32000000e+02 6.22000000e+02 6.72000000e+02
  8.75000000e+02 1.07500000e+03 1.16100000e+03 1.31700000e+03
  1.36500000e+03 1.55200000e+03 1.64600000e+03 1.86000000e+03
  1.96900000e+03 2.03700000e+03 2.32400000e+03]
 [1.18000000e+02 2.67000000e+02 3.80000000e+02 1.07900000e+03
  1.17400000e+03 1.20600000e+03 1.23900000e+03 1.37000000e+03
  1.39200000e+03 1.54600000e+03 1.64200000e+03 1.66000000e+03
  1.84200000e+03 2.03100000e+03 2.08900000e+03]
 [0.00000000e+00 1.88000000e+02 6.72000000e+02 6.88000000e+02
  8.43000000e+02 8.90000000e+02 1.06800000e+03 1.07900000e+03
  1.16100000e+03 1.16800000e+03 1.18600000e+03 1.21500000e+03
  1.23200000e+03 2.03900000e+03 2.11900000e+03]
 [3.20000000e+01 1.09000000e+02 3.80000000e+02 4.89000000e+02
  7.03000000e+02 7.91000000e+02 8.57000000e+02 1.06800000e+03
  1.10800000e+03 1.14300000e+03 1.17400000e+03 1.26400000e+03
  1.41000000e+03 1.44000000e+03 1.52100000e+03]
 [3.00000000e+00 2.83000000e+02 4.19000000e+02 4.57000000e+02
  6.95000000e+02 8.11000000e+02 8.25000000e+02 9.10000000e+02
  1.07200000e+03 1.16700000e+03 1.25400000e+03 1.41700000e+03
  1.43500000e+03 1.45200000e+03 1.58800000e+03]
 [0.00000000e+00 6.90000000e+01 1.33000000e+02 2.10000000e+02
  2.13000000e+02 2.88000000e+02 3.87000000e+02 4.61000000e+02
  8.09000000e+02 1.06800000e+03 1.52300000e+03 1.65000000e+03
  1.71400000e+03 1.73300000e+03 1.75100000e+03]]
