optimal_status: 0
solution: 9022.99999909699
cpu_time: 3600.7330651283264
gap: 0.8798625734117452
upper_bound: 1083.999999997337
lower_bound: 9022.99999909699
cg_matrix: [[0. 0. 1. 1. 1. 1. 1. 1. 1. 1. 1. 1. 1. 1. 1. 1. 1. 1. 1. 1.]
 [0. 0. 1. 0. 1. 1. 1. 0. 0. 1. 1. 1. 1. 1. 1. 1. 1. 1. 1. 1.]
 [1. 1. 0. 0. 1. 1. 0. 0. 0. 1. 1. 1. 1. 0. 1. 1. 1. 1. 1. 1.]
 [1. 0. 0. 0. 1. 1. 1. 1. 1. 1. 1. 1. 1. 1. 0. 0. 0. 1. 1. 0.]
 [1. 1. 1. 1. 0. 0. 0. 1. 1. 0. 1. 1. 1. 1. 1. 1. 1. 1. 1. 1.]
 [1. 1. 1. 1. 0. 0. 1. 0. 1. 1. 1. 1. 1. 1. 1. 1. 0. 1. 1. 0.]
 [1. 1. 0. 1. 0. 1. 0. 1. 1. 0. 0. 1. 1. 0. 1. 1. 0. 1. 1. 1.]
 [1. 0. 0. 1. 1. 0. 1. 0. 1. 1. 0. 1. 1. 1. 1. 0. 1. 1. 1. 1.]
 [1. 0. 0. 1. 1. 1. 1. 1. 0. 1. 1. 0. 1. 1. 1. 1. 1. 1. 1. 1.]
 [1. 1. 1. 1. 0. 1. 0. 1. 1. 0. 1. 0. 1. 1. 1. 0. 1. 1. 1. 1.]
 [1. 1. 1. 1. 1. 1. 0. 0. 1. 1. 0. 1. 1. 1. 1. 1. 1. 1. 1. 1.]
 [1. 1. 1. 1. 1. 1. 1. 1. 0. 0. 1. 0. 1. 0. 0. 1. 1. 1. 0. 1.]
 [1. 1. 1. 1. 1. 1. 1. 1. 1. 1. 1. 1. 0. 1. 1. 1. 1. 1. 1. 1.]
 [1. 1. 0. 1. 1. 1. 0. 1. 1. 1. 1. 0. 1. 0. 1. 1. 1. 1. 0. 1.]
 [1. 1. 1. 0. 1. 1. 1. 1. 1. 1. 1. 0. 1. 1. 0. 1. 1. 0. 1. 1.]
 [1. 1. 1. 0. 1. 1. 1. 0. 1. 0. 1. 1. 1. 1. 1. 0. 0. 0. 0. 0.]
 [1. 1. 1. 0. 1. 0. 0. 1. 1. 1. 1. 1. 1. 1. 1. 0. 0. 0. 0. 0.]
 [1. 1. 1. 1. 1. 1. 1. 1. 1. 1. 1. 1. 1. 1. 0. 0. 0. 0. 0. 0.]
 [1. 1. 1. 1. 1. 1. 1. 1. 1. 1. 1. 0. 1. 0. 1. 0. 0. 0. 0. 0.]
 [1. 1. 1. 0. 1. 0. 1. 1. 1. 1. 1. 1. 1. 1. 1. 0. 0. 0. 0. 0.]]
start_times_array: [[ 465.          567.         1261.         2017.         2110.
  2273.         2352.         6462.9999991  6783.9999991  6878.9999991
  6892.9999991  6909.9999991  7023.9999991  7026.9999991  8397.9999991 ]
 [ 475.         1515.         4710.9999991  4825.9999991  4958.9999991
  5165.9999991  5173.9999991  5385.9999991  5480.9999991  5492.9999991
  5505.9999991  6462.9999991  8386.9999991  8650.9999991  8658.9999991 ]
 [  47.         1801.         1819.         2712.         2992.
  3411.         3477.         3576.         3609.         5237.9999991
  6687.9999991  7826.9999991  8095.9999991  8149.9999991  8296.9999991 ]
 [1453.         1513.         1652.         1717.         1801.
  2080.         2303.         2573.         2802.         3083.
  7788.9999991  8132.9999991  8386.9999991  8395.9999991  8793.9999991 ]
 [ 871.         1116.         1177.         1212.         1265.
  1302.         1318.         2439.         4587.9999991  7749.9999991
  7775.9999991  7945.9999991  8172.9999991  8384.9999991  8546.9999991 ]
 [ 153.          290.          463.          716.          948.
  1265.         1364.         1445.         1472.         1593.
  1831.         4518.         4625.9999991  5864.9999991  8010.9999991 ]
 [ 612.          854.         1061.         1116.         1163.
  5937.94940202 7385.9999991  7505.9999991  7525.9999991  7826.9999991
  7945.9999991  8008.9999991  8095.9999991  8118.9999991  8481.9999991 ]
 [   0.          294.          409.          584.          721.
   955.         1083.         1415.         1472.         1558.
  1831.         4057.         4197.         4638.9999991  4886.9999991 ]
 [1926.         2704.         2893.         2957.         2994.
  3114.         3411.         4184.         4260.         4331.9999991
  4719.9999991  4776.9999991  4875.9999991  4892.9999991  5474.9999991 ]
 [ 392.          645.         1143.         1223.         2439.
  3618.         5115.9999991  5336.94940202 5779.9999991  5936.9999991
  5938.9999991  6054.9999991  6136.9999991  6163.9999991  6621.9999991 ]
 [   0.          421.          584.          854.         1000.
  1256.         2177.         2526.         3747.         3806.
  3826.         3898.         5693.9999991  7537.9999991  8481.9999991 ]
 [ 781.         1926.         2704.         2739.         2893.
  4719.9999991  4809.9999991  5391.9999991  6542.9999991  6589.9999991
  7858.9999991  8642.9999991  8664.9999991  8704.9999991  8841.        ]
 [2605.         3210.         3700.         3722.         3734.
  3836.         3919.         4013.         4493.         4902.9999991
  6126.9999991  6316.9999991  6931.9999991  7111.9999991  7320.9999991 ]
 [  56.           91.          238.         3212.         3296.
  3326.         3499.         3549.         3949.         4439.
  7178.9999991  7820.9999991  8825.9999991  8915.9999991  8985.9999991 ]
 [ 781.         1652.         3098.         3368.         3756.
  3909.         4119.9999991  7024.9999991  7627.9999991  7675.9999991
  7691.9999991  7858.9999991  7895.9999991  7907.9999991  8664.9999991 ]
 [ 345.          676.         1494.         1692.         2303.
  2599.         2802.         3618.         4359.9999991  4982.9999991
  5033.9999991  5084.9999991  5315.9999991  5779.9999991  8023.9999991 ]
 [ 184.          233.          722.         3328.         4365.
  4518.         5002.94940202 5864.9999991  5911.9999991  7223.9999991
  7385.9999991  7460.9999991  7486.9999991  7788.9999991  8021.9999991 ]
 [ 556.         1065.         1110.         1741.         3328.
  4120.         5576.9999991  6260.94940202 6360.9999991  6412.9999991
  6559.9999991  6967.9999991  7627.9999991  8737.9999991  8762.9999991 ]
 [5391.9999991  5576.9999991  5618.9999991  5629.9999991  5998.9999991
  6226.9999991  6360.9999991  6392.94940202 6542.9999991  6956.9999991
  7150.9999991  7222.9999991  7277.9999991  7417.9999991  7791.9999991 ]
 [4380.         4982.9999991  5035.9999991  5576.9999991  5665.9999991
  5867.94940202 5998.9999991  6226.9999991  6412.9999991  7150.9999991
  7223.9999991  7238.9999991  8021.9999991  8213.9999991  8746.9999991 ]]
