optimal_status: 0
solution: 27363.0
cpu_time: 3603.4216611385345
gap: 0.9348729955208327
upper_bound: 1782.0702235634549
lower_bound: 27363.0
cg_matrix: [[0. 0. 1. 1. 1. 0. 0. 0. 0. 0. 1. 0. 1. 0. 1. 0. 1. 1. 1. 0. 1. 1. 1. 1.
  1. 1. 1. 1. 1. 0. 0. 0. 0. 0. 0. 0. 0. 0. 0. 1. 1. 1. 1. 1. 0. 1. 0. 1.
  1. 0.]
 [0. 0. 0. 1. 0. 1. 1. 1. 0. 1. 0. 1. 0. 0. 0. 1. 1. 0. 1. 0. 0. 0. 1. 0.
  1. 0. 0. 1. 0. 1. 1. 1. 1. 1. 0. 1. 1. 0. 0. 1. 1. 0. 1. 0. 1. 0. 0. 1.
  1. 0.]
 [1. 0. 0. 1. 1. 1. 0. 1. 0. 0. 0. 0. 1. 1. 1. 1. 1. 0. 0. 0. 1. 0. 1. 1.
  0. 1. 1. 0. 1. 0. 0. 0. 0. 1. 0. 0. 1. 0. 0. 1. 0. 1. 0. 1. 0. 0. 1. 0.
  1. 0.]
 [1. 1. 1. 0. 0. 0. 0. 0. 1. 1. 0. 0. 1. 0. 1. 0. 0. 1. 0. 0. 0. 0. 0. 1.
  1. 1. 0. 1. 1. 0. 1. 0. 1. 0. 0. 1. 0. 1. 1. 0. 1. 0. 1. 1. 1. 0. 1. 1.
  0. 1.]
 [1. 0. 1. 0. 0. 1. 1. 1. 0. 0. 0. 0. 1. 0. 0. 0. 1. 1. 0. 1. 0. 0. 1. 0.
  1. 0. 0. 0. 0. 0. 1. 1. 1. 1. 1. 0. 1. 0. 1. 0. 1. 1. 1. 1. 0. 0. 1. 1.
  0. 1.]
 [0. 1. 1. 0. 1. 0. 1. 1. 1. 0. 1. 1. 1. 0. 0. 1. 0. 0. 0. 0. 0. 1. 1. 0.
  0. 1. 0. 0. 1. 0. 0. 1. 1. 0. 1. 1. 1. 0. 1. 1. 0. 0. 1. 0. 0. 0. 1. 0.
  0. 1.]
 [0. 1. 0. 0. 1. 1. 0. 1. 0. 0. 1. 1. 1. 1. 1. 1. 0. 1. 1. 0. 1. 0. 1. 1.
  0. 0. 0. 1. 1. 0. 1. 0. 0. 1. 0. 1. 0. 1. 0. 0. 1. 0. 0. 0. 0. 0. 0. 0.
  1. 1.]
 [0. 1. 1. 0. 1. 1. 1. 0. 0. 0. 0. 1. 0. 0. 0. 1. 0. 0. 0. 1. 1. 0. 0. 1.
  1. 1. 1. 0. 0. 1. 1. 0. 0. 0. 1. 1. 1. 1. 1. 1. 1. 1. 1. 0. 0. 0. 1. 1.
  0. 0.]
 [0. 0. 0. 1. 0. 1. 0. 0. 0. 0. 0. 1. 1. 1. 0. 1. 0. 0. 1. 1. 1. 0. 0. 1.
  1. 1. 0. 1. 1. 1. 0. 0. 1. 0. 1. 0. 1. 1. 0. 0. 0. 1. 0. 1. 0. 0. 0. 1.
  1. 1.]
 [0. 1. 0. 1. 0. 0. 0. 0. 0. 0. 0. 1. 0. 0. 1. 1. 0. 0. 1. 0. 0. 0. 0. 0.
  0. 1. 1. 1. 0. 0. 1. 0. 1. 0. 0. 1. 1. 1. 1. 1. 1. 1. 1. 0. 0. 1. 0. 1.
  0. 0.]
 [1. 0. 0. 0. 0. 1. 1. 0. 0. 0. 0. 1. 1. 1. 1. 0. 0. 0. 0. 0. 0. 0. 0. 0.
  1. 0. 0. 1. 1. 1. 1. 0. 1. 0. 0. 0. 1. 0. 1. 0. 1. 1. 0. 0. 1. 1. 0. 1.
  1. 0.]
 [0. 1. 0. 0. 0. 1. 1. 1. 1. 1. 1. 0. 1. 1. 1. 1. 1. 0. 0. 0. 1. 1. 1. 0.
  1. 1. 0. 1. 1. 0. 1. 0. 0. 0. 1. 1. 0. 0. 0. 1. 1. 0. 0. 1. 1. 0. 0. 1.
  1. 1.]
 [1. 0. 1. 1. 1. 1. 1. 0. 1. 0. 1. 1. 0. 0. 0. 1. 1. 1. 0. 1. 0. 0. 1. 1.
  0. 1. 1. 1. 1. 0. 0. 1. 0. 0. 1. 0. 1. 1. 0. 1. 1. 0. 0. 0. 1. 1. 1. 1.
  0. 1.]
 [0. 0. 1. 0. 0. 0. 1. 0. 1. 0. 1. 1. 0. 0. 0. 1. 1. 1. 0. 0. 0. 1. 0. 1.
  1. 1. 1. 0. 1. 1. 0. 1. 1. 1. 0. 1. 0. 0. 0. 0. 0. 1. 0. 0. 1. 0. 1. 0.
  0. 1.]
 [1. 0. 1. 1. 0. 0. 1. 0. 0. 1. 1. 1. 0. 0. 0. 0. 1. 1. 0. 0. 0. 0. 0. 1.
  0. 1. 1. 0. 1. 1. 0. 1. 0. 0. 1. 1. 1. 1. 0. 0. 0. 0. 0. 1. 0. 0. 0. 1.
  0. 1.]
 [0. 1. 1. 0. 0. 1. 1. 1. 1. 1. 0. 1. 1. 1. 0. 0. 0. 1. 1. 0. 1. 0. 0. 0.
  1. 1. 1. 1. 1. 1. 1. 0. 0. 0. 1. 1. 1. 0. 1. 0. 0. 1. 0. 0. 0. 1. 0. 0.
  1. 1.]
 [1. 1. 1. 0. 1. 0. 0. 0. 0. 0. 0. 1. 1. 1. 1. 0. 0. 0. 1. 0. 0. 1. 0. 1.
  1. 1. 1. 0. 1. 1. 1. 1. 1. 1. 0. 1. 1. 0. 0. 0. 1. 1. 0. 1. 1. 0. 0. 1.
  1. 0.]
 [1. 0. 0. 1. 1. 0. 1. 0. 0. 0. 0. 0. 1. 1. 1. 1. 0. 0. 1. 1. 1. 0. 0. 0.
  1. 0. 1. 0. 1. 1. 1. 0. 0. 1. 0. 1. 1. 1. 1. 1. 1. 1. 0. 0. 0. 1. 0. 1.
  1. 1.]
 [1. 1. 0. 0. 0. 0. 1. 0. 1. 1. 0. 0. 0. 0. 0. 1. 1. 1. 0. 0. 1. 1. 1. 1.
  0. 0. 0. 0. 0. 1. 1. 0. 0. 1. 0. 1. 0. 1. 1. 1. 0. 1. 1. 1. 1. 1. 0. 1.
  1. 1.]
 [0. 0. 0. 0. 1. 0. 0. 1. 1. 0. 0. 0. 1. 0. 0. 0. 0. 1. 0. 0. 0. 0. 1. 0.
  1. 0. 0. 1. 0. 1. 1. 1. 1. 1. 1. 1. 0. 0. 1. 1. 0. 1. 0. 0. 0. 0. 1. 1.
  0. 0.]
 [1. 0. 1. 0. 0. 0. 1. 1. 1. 0. 0. 1. 0. 0. 0. 1. 0. 1. 1. 0. 0. 0. 0. 0.
  0. 0. 0. 0. 0. 0. 0. 0. 0. 0. 0. 0. 0. 0. 0. 0. 0. 0. 0. 0. 0. 0. 0. 0.
  0. 0.]
 [1. 0. 0. 0. 0. 1. 0. 0. 0. 0. 0. 1. 0. 1. 0. 0. 1. 0. 1. 0. 0. 0. 0. 0.
  0. 0. 0. 0. 0. 0. 0. 0. 0. 0. 0. 0. 0. 0. 0. 0. 0. 0. 0. 0. 0. 0. 0. 0.
  0. 0.]
 [1. 1. 1. 0. 1. 1. 1. 0. 0. 0. 0. 1. 1. 0. 0. 0. 0. 0. 1. 1. 0. 0. 0. 0.
  0. 0. 0. 0. 0. 0. 0. 0. 0. 0. 0. 0. 0. 0. 0. 0. 0. 0. 0. 0. 0. 0. 0. 0.
  0. 0.]
 [1. 0. 1. 1. 0. 0. 1. 1. 1. 0. 0. 0. 1. 1. 1. 0. 1. 0. 1. 0. 0. 0. 0. 0.
  0. 0. 0. 0. 0. 0. 0. 0. 0. 0. 0. 0. 0. 0. 0. 0. 0. 0. 0. 0. 0. 0. 0. 0.
  0. 0.]
 [1. 1. 0. 1. 1. 0. 0. 1. 1. 0. 1. 1. 0. 1. 0. 1. 1. 1. 0. 1. 0. 0. 0. 0.
  0. 0. 0. 0. 0. 0. 0. 0. 0. 0. 0. 0. 0. 0. 0. 0. 0. 0. 0. 0. 0. 0. 0. 0.
  0. 0.]
 [1. 0. 1. 1. 0. 1. 0. 1. 1. 1. 0. 1. 1. 1. 1. 1. 1. 0. 0. 0. 0. 0. 0. 0.
  0. 0. 0. 0. 0. 0. 0. 0. 0. 0. 0. 0. 0. 0. 0. 0. 0. 0. 0. 0. 0. 0. 0. 0.
  0. 0.]
 [1. 0. 1. 0. 0. 0. 0. 1. 0. 1. 0. 0. 1. 1. 1. 1. 1. 1. 0. 0. 0. 0. 0. 0.
  0. 0. 0. 0. 0. 0. 0. 0. 0. 0. 0. 0. 0. 0. 0. 0. 0. 0. 0. 0. 0. 0. 0. 0.
  0. 0.]
 [1. 1. 0. 1. 0. 0. 1. 0. 1. 1. 1. 1. 1. 0. 0. 1. 0. 0. 0. 1. 0. 0. 0. 0.
  0. 0. 0. 0. 0. 0. 0. 0. 0. 0. 0. 0. 0. 0. 0. 0. 0. 0. 0. 0. 0. 0. 0. 0.
  0. 0.]
 [1. 0. 1. 1. 0. 1. 1. 0. 1. 0. 1. 1. 1. 1. 1. 1. 1. 1. 0. 0. 0. 0. 0. 0.
  0. 0. 0. 0. 0. 0. 0. 0. 0. 0. 0. 0. 0. 0. 0. 0. 0. 0. 0. 0. 0. 0. 0. 0.
  0. 0.]
 [0. 1. 0. 0. 0. 0. 0. 1. 1. 0. 1. 0. 0. 1. 1. 1. 1. 1. 1. 1. 0. 0. 0. 0.
  0. 0. 0. 0. 0. 0. 0. 0. 0. 0. 0. 0. 0. 0. 0. 0. 0. 0. 0. 0. 0. 0. 0. 0.
  0. 0.]
 [0. 1. 0. 1. 1. 0. 1. 1. 0. 1. 1. 1. 0. 0. 0. 1. 1. 1. 1. 1. 0. 0. 0. 0.
  0. 0. 0. 0. 0. 0. 0. 0. 0. 0. 0. 0. 0. 0. 0. 0. 0. 0. 0. 0. 0. 0. 0. 0.
  0. 0.]
 [0. 1. 0. 0. 1. 1. 0. 0. 0. 0. 0. 0. 1. 1. 1. 0. 1. 0. 0. 1. 0. 0. 0. 0.
  0. 0. 0. 0. 0. 0. 0. 0. 0. 0. 0. 0. 0. 0. 0. 0. 0. 0. 0. 0. 0. 0. 0. 0.
  0. 0.]
 [0. 1. 0. 1. 1. 1. 0. 0. 1. 1. 1. 0. 0. 1. 0. 0. 1. 0. 0. 1. 0. 0. 0. 0.
  0. 0. 0. 0. 0. 0. 0. 0. 0. 0. 0. 0. 0. 0. 0. 0. 0. 0. 0. 0. 0. 0. 0. 0.
  0. 0.]
 [0. 1. 1. 0. 1. 0. 1. 0. 0. 0. 0. 0. 0. 1. 0. 0. 1. 1. 1. 1. 0. 0. 0. 0.
  0. 0. 0. 0. 0. 0. 0. 0. 0. 0. 0. 0. 0. 0. 0. 0. 0. 0. 0. 0. 0. 0. 0. 0.
  0. 0.]
 [0. 0. 0. 0. 1. 1. 0. 1. 1. 0. 0. 1. 1. 0. 1. 1. 0. 0. 0. 1. 0. 0. 0. 0.
  0. 0. 0. 0. 0. 0. 0. 0. 0. 0. 0. 0. 0. 0. 0. 0. 0. 0. 0. 0. 0. 0. 0. 0.
  0. 0.]
 [0. 1. 0. 1. 0. 1. 1. 1. 0. 1. 0. 1. 0. 1. 1. 1. 1. 1. 1. 1. 0. 0. 0. 0.
  0. 0. 0. 0. 0. 0. 0. 0. 0. 0. 0. 0. 0. 0. 0. 0. 0. 0. 0. 0. 0. 0. 0. 0.
  0. 0.]
 [0. 1. 1. 0. 1. 1. 0. 1. 1. 1. 1. 0. 1. 0. 1. 1. 1. 1. 0. 0. 0. 0. 0. 0.
  0. 0. 0. 0. 0. 0. 0. 0. 0. 0. 0. 0. 0. 0. 0. 0. 0. 0. 0. 0. 0. 0. 0. 0.
  0. 0.]
 [0. 0. 0. 1. 0. 0. 1. 1. 1. 1. 0. 0. 1. 0. 1. 0. 0. 1. 1. 0. 0. 0. 0. 0.
  0. 0. 0. 0. 0. 0. 0. 0. 0. 0. 0. 0. 0. 0. 0. 0. 0. 0. 0. 0. 0. 0. 0. 0.
  0. 0.]
 [0. 0. 0. 1. 1. 1. 0. 1. 0. 1. 1. 0. 0. 0. 0. 1. 0. 1. 1. 1. 0. 0. 0. 0.
  0. 0. 0. 0. 0. 0. 0. 0. 0. 0. 0. 0. 0. 0. 0. 0. 0. 0. 0. 0. 0. 0. 0. 0.
  0. 0.]
 [1. 1. 1. 0. 0. 1. 0. 1. 0. 1. 0. 1. 1. 0. 0. 0. 0. 1. 1. 1. 0. 0. 0. 0.
  0. 0. 0. 0. 0. 0. 0. 0. 0. 0. 0. 0. 0. 0. 0. 0. 0. 0. 0. 0. 0. 0. 0. 0.
  0. 0.]
 [1. 1. 0. 1. 1. 0. 1. 1. 0. 1. 1. 1. 1. 0. 0. 0. 1. 1. 0. 0. 0. 0. 0. 0.
  0. 0. 0. 0. 0. 0. 0. 0. 0. 0. 0. 0. 0. 0. 0. 0. 0. 0. 0. 0. 0. 0. 0. 0.
  0. 0.]
 [1. 0. 1. 0. 1. 0. 0. 1. 1. 1. 1. 0. 0. 1. 0. 1. 1. 1. 1. 1. 0. 0. 0. 0.
  0. 0. 0. 0. 0. 0. 0. 0. 0. 0. 0. 0. 0. 0. 0. 0. 0. 0. 0. 0. 0. 0. 0. 0.
  0. 0.]
 [1. 1. 0. 1. 1. 1. 0. 1. 0. 1. 0. 0. 0. 0. 0. 0. 0. 0. 1. 0. 0. 0. 0. 0.
  0. 0. 0. 0. 0. 0. 0. 0. 0. 0. 0. 0. 0. 0. 0. 0. 0. 0. 0. 0. 0. 0. 0. 0.
  0. 0.]
 [1. 0. 1. 1. 1. 0. 0. 0. 1. 0. 0. 1. 0. 0. 1. 0. 1. 0. 1. 0. 0. 0. 0. 0.
  0. 0. 0. 0. 0. 0. 0. 0. 0. 0. 0. 0. 0. 0. 0. 0. 0. 0. 0. 0. 0. 0. 0. 0.
  0. 0.]
 [0. 1. 0. 1. 0. 0. 0. 0. 0. 0. 1. 1. 1. 1. 0. 0. 1. 0. 1. 0. 0. 0. 0. 0.
  0. 0. 0. 0. 0. 0. 0. 0. 0. 0. 0. 0. 0. 0. 0. 0. 0. 0. 0. 0. 0. 0. 0. 0.
  0. 0.]
 [1. 0. 0. 0. 0. 0. 0. 0. 0. 1. 1. 0. 1. 0. 0. 1. 0. 1. 1. 0. 0. 0. 0. 0.
  0. 0. 0. 0. 0. 0. 0. 0. 0. 0. 0. 0. 0. 0. 0. 0. 0. 0. 0. 0. 0. 0. 0. 0.
  0. 0.]
 [0. 0. 1. 1. 1. 1. 0. 1. 0. 0. 0. 0. 1. 1. 0. 0. 0. 0. 0. 1. 0. 0. 0. 0.
  0. 0. 0. 0. 0. 0. 0. 0. 0. 0. 0. 0. 0. 0. 0. 0. 0. 0. 0. 0. 0. 0. 0. 0.
  0. 0.]
 [1. 1. 0. 1. 1. 0. 0. 1. 1. 1. 1. 1. 1. 0. 1. 0. 1. 1. 1. 1. 0. 0. 0. 0.
  0. 0. 0. 0. 0. 0. 0. 0. 0. 0. 0. 0. 0. 0. 0. 0. 0. 0. 0. 0. 0. 0. 0. 0.
  0. 0.]
 [1. 1. 1. 0. 0. 0. 1. 0. 1. 0. 1. 1. 0. 0. 0. 1. 1. 1. 1. 0. 0. 0. 0. 0.
  0. 0. 0. 0. 0. 0. 0. 0. 0. 0. 0. 0. 0. 0. 0. 0. 0. 0. 0. 0. 0. 0. 0. 0.
  0. 0.]
 [0. 0. 0. 1. 1. 1. 1. 0. 1. 0. 0. 1. 1. 1. 1. 1. 0. 1. 1. 0. 0. 0. 0. 0.
  0. 0. 0. 0. 0. 0. 0. 0. 0. 0. 0. 0. 0. 0. 0. 0. 0. 0. 0. 0. 0. 0. 0. 0.
  0. 0.]]
start_times_array: [[1.34100000e+03 2.64190000e+04 2.64590000e+04 2.65720000e+04
  2.66430000e+04 2.66950000e+04 2.67650000e+04 2.68060000e+04
  2.68820000e+04 2.69340000e+04 2.69580000e+04 2.69630000e+04
  2.70060000e+04 2.70740000e+04 2.70840000e+04 2.71330000e+04
  2.71420000e+04 2.72230000e+04 2.72530000e+04 2.73460000e+04]
 [2.51390000e+04 2.52530000e+04 2.52710000e+04 2.60840000e+04
  2.61260000e+04 2.61670000e+04 2.62380000e+04 2.63060000e+04
  2.63880000e+04 2.64420000e+04 2.64910000e+04 2.65120000e+04
  2.65130000e+04 2.65710000e+04 2.65720000e+04 2.66410000e+04
  2.66990000e+04 2.67390000e+04 2.67980000e+04 2.73340000e+04]
 [2.51390000e+04 2.51720000e+04 2.52060000e+04 2.52830000e+04
  2.53250000e+04 2.54200000e+04 2.54220000e+04 2.54930000e+04
  2.55660000e+04 2.55850000e+04 2.56100000e+04 2.56550000e+04
  2.57430000e+04 2.57620000e+04 2.58020000e+04 2.58440000e+04
  2.58610000e+04 2.59420000e+04 2.60140000e+04 2.60840000e+04]
 [2.13790000e+04 2.25290000e+04 2.25700000e+04 2.45220000e+04
  2.46190000e+04 2.46450000e+04 2.46490000e+04 2.46740000e+04
  2.46860000e+04 2.47030000e+04 2.48000000e+04 2.48060000e+04
  2.48850000e+04 2.49340000e+04 2.49730000e+04 2.49740000e+04
  2.50010000e+04 2.50450000e+04 2.51200000e+04 2.51210000e+04]
 [2.39880000e+04 2.40700000e+04 2.41690000e+04 2.41760000e+04
  2.41830000e+04 2.42550000e+04 2.42790000e+04 2.42980000e+04
  2.43790000e+04 2.44020000e+04 2.44740000e+04 2.45240000e+04
  2.46190000e+04 2.46500000e+04 2.47170000e+04 2.47840000e+04
  2.48060000e+04 2.48180000e+04 2.49830000e+04 2.50510000e+04]
 [2.30250000e+04 2.30770000e+04 2.31280000e+04 2.31720000e+04
  2.32100000e+04 2.32740000e+04 2.32850000e+04 2.33470000e+04
  2.33670000e+04 2.34210000e+04 2.34360000e+04 2.35190000e+04
  2.35980000e+04 2.36530000e+04 2.37010000e+04 2.37390000e+04
  2.37760000e+04 2.38180000e+04 2.38990000e+04 2.40100000e+04]
 [2.21630000e+04 2.22840000e+04 2.23270000e+04 2.23840000e+04
  2.23850000e+04 2.24740000e+04 2.24850000e+04 2.25260000e+04
  2.25760000e+04 2.26440000e+04 2.26460000e+04 2.26500000e+04
  2.27150000e+04 2.27350000e+04 2.27910000e+04 2.28370000e+04
  2.28730000e+04 2.29060000e+04 2.29620000e+04 2.29750000e+04]
 [1.99650000e+04 2.00100000e+04 2.05200000e+04 2.09730000e+04
  2.12820000e+04 2.13510000e+04 2.13900000e+04 2.14340000e+04
  2.14950000e+04 2.15620000e+04 2.16340000e+04 2.17080000e+04
  2.17670000e+04 2.17830000e+04 2.18090000e+04 2.18990000e+04
  2.19650000e+04 2.20210000e+04 2.20680000e+04 2.22450000e+04]
 [8.30000000e+02 9.22000000e+02 1.34100000e+03 1.42900000e+03
  2.05990000e+04 2.06440000e+04 2.07320000e+04 2.08220000e+04
  2.09160000e+04 2.09500000e+04 2.09510000e+04 2.10320000e+04
  2.10960000e+04 2.11660000e+04 2.12210000e+04 2.12280000e+04
  2.12610000e+04 2.12820000e+04 2.13170000e+04 2.24680000e+04]
 [1.99500000e+04 2.00390000e+04 2.00600000e+04 2.01210000e+04
  2.01390000e+04 2.02160000e+04 2.02360000e+04 2.02780000e+04
  2.03370000e+04 2.04160000e+04 2.04280000e+04 2.04840000e+04
  2.04980000e+04 2.05190000e+04 2.05620000e+04 2.06510000e+04
  2.06820000e+04 2.07530000e+04 2.08450000e+04 2.10950000e+04]
 [1.96700000e+04 1.97640000e+04 1.98480000e+04 1.98510000e+04
  1.99500000e+04 1.99850000e+04 2.00210000e+04 2.01000000e+04
  2.01880000e+04 2.02420000e+04 2.03380000e+04 2.03600000e+04
  2.04300000e+04 2.04400000e+04 2.04440000e+04 2.05200000e+04
  2.05600000e+04 2.06450000e+04 2.07290000e+04 2.17180000e+04]
 [1.86620000e+04 1.87300000e+04 1.88020000e+04 1.88760000e+04
  1.90150000e+04 1.90780000e+04 1.91110000e+04 1.92070000e+04
  1.92110000e+04 1.92740000e+04 1.93050000e+04 1.93060000e+04
  1.94040000e+04 1.94430000e+04 1.95080000e+04 1.95800000e+04
  1.96000000e+04 1.96070000e+04 1.97310000e+04 1.99240000e+04]
 [1.75900000e+04 1.76310000e+04 1.76960000e+04 1.77300000e+04
  1.78010000e+04 1.78200000e+04 1.78690000e+04 1.79560000e+04
  1.80170000e+04 1.80960000e+04 1.81570000e+04 1.81860000e+04
  1.82080000e+04 1.82820000e+04 1.83500000e+04 1.84300000e+04
  1.84530000e+04 1.85350000e+04 1.85680000e+04 1.89730000e+04]
 [7.29000000e+02 1.17500000e+03 1.21500000e+03 1.25500000e+03
  1.76110000e+04 1.76170000e+04 1.76790000e+04 1.77620000e+04
  1.78570000e+04 1.79010000e+04 1.79920000e+04 1.80710000e+04
  1.81100000e+04 1.81780000e+04 1.82570000e+04 1.82580000e+04
  1.82780000e+04 1.83740000e+04 1.84360000e+04 1.84980000e+04]
 [1.68680000e+04 1.69070000e+04 1.69960000e+04 1.71140000e+04
  1.71210000e+04 1.72050000e+04 1.72650000e+04 1.73260000e+04
  1.73990000e+04 1.74630000e+04 1.75360000e+04 1.75390000e+04
  1.76140000e+04 1.76310000e+04 1.76790000e+04 1.77530000e+04
  1.78570000e+04 1.78960000e+04 1.82730000e+04 1.83420000e+04]
 [9.24000000e+02 1.64170000e+04 1.65000000e+04 1.65300000e+04
  1.65330000e+04 1.65640000e+04 1.66950000e+04 1.67810000e+04
  1.68300000e+04 1.68740000e+04 1.70330000e+04 1.70890000e+04
  1.71690000e+04 1.72020000e+04 1.72790000e+04 1.73140000e+04
  1.73770000e+04 1.74490000e+04 1.74950000e+04 1.75170000e+04]
 [1.54220000e+04 1.54430000e+04 1.55040000e+04 1.55370000e+04
  1.55910000e+04 1.56130000e+04 1.56770000e+04 1.57410000e+04
  1.58170000e+04 1.61370000e+04 1.62840000e+04 1.63120000e+04
  1.63660000e+04 1.64470000e+04 1.65420000e+04 1.66230000e+04
  1.66950000e+04 1.67750000e+04 1.68500000e+04 1.70330000e+04]
 [1.54220000e+04 1.54740000e+04 1.55040000e+04 1.55420000e+04
  1.56120000e+04 1.56340000e+04 1.56490000e+04 1.57150000e+04
  1.57410000e+04 1.57960000e+04 1.58300000e+04 1.58430000e+04
  1.59080000e+04 1.59950000e+04 1.60330000e+04 1.61180000e+04
  1.62070000e+04 1.62840000e+04 1.63060000e+04 1.63730000e+04]
 [1.42180000e+04 1.42810000e+04 1.43760000e+04 1.43940000e+04
  1.44880000e+04 1.45610000e+04 1.46340000e+04 1.46690000e+04
  1.47260000e+04 1.47640000e+04 1.48290000e+04 1.48980000e+04
  1.49580000e+04 1.50480000e+04 1.51160000e+04 1.51480000e+04
  1.51880000e+04 1.51990000e+04 1.52740000e+04 1.53710000e+04]
 [1.33140000e+04 1.33820000e+04 1.34190000e+04 1.34580000e+04
  1.35540000e+04 1.36300000e+04 1.40010000e+04 1.40070000e+04
  1.40130000e+04 1.40660000e+04 1.41070000e+04 1.41790000e+04
  1.42500000e+04 1.42960000e+04 1.43200000e+04 1.43660000e+04
  1.44160000e+04 1.44280000e+04 1.44880000e+04 1.45800000e+04]
 [1.27060000e+04 1.27990000e+04 1.28940000e+04 1.29020000e+04
  1.29290000e+04 1.29820000e+04 1.30570000e+04 1.30670000e+04
  1.31310000e+04 1.35440000e+04 1.35960000e+04 1.36980000e+04
  1.37860000e+04 1.38430000e+04 1.38630000e+04 1.39620000e+04
  1.40010000e+04 1.40750000e+04 1.41500000e+04 1.41940000e+04]
 [6.32000000e+02 7.15000000e+02 1.24110000e+04 1.24770000e+04
  1.25730000e+04 1.26560000e+04 1.27210000e+04 1.27410000e+04
  1.27930000e+04 1.29500000e+04 1.29880000e+04 1.33820000e+04
  1.33920000e+04 1.34190000e+04 1.34460000e+04 1.35360000e+04
  1.35440000e+04 1.36270000e+04 1.36370000e+04 1.36980000e+04]
 [0.00000000e+00 1.12000000e+02 8.70700000e+03 1.25670000e+04
  1.26460000e+04 1.26970000e+04 1.27060000e+04 1.27210000e+04
  1.27570000e+04 1.27770000e+04 1.28560000e+04 1.29070000e+04
  1.29910000e+04 1.30310000e+04 1.30900000e+04 1.31380000e+04
  1.31650000e+04 1.32300000e+04 1.32740000e+04 1.34710000e+04]
 [9.56700000e+03 1.01040000e+04 1.21620000e+04 1.22050000e+04
  1.22220000e+04 1.22610000e+04 1.23530000e+04 1.23750000e+04
  1.24110000e+04 1.24180000e+04 1.24890000e+04 1.25660000e+04
  1.26360000e+04 1.26460000e+04 1.26700000e+04 1.27480000e+04
  1.28940000e+04 1.29500000e+04 1.29920000e+04 1.30570000e+04]
 [1.14240000e+04 1.14780000e+04 1.15740000e+04 1.16550000e+04
  1.16670000e+04 1.17590000e+04 1.18450000e+04 1.19080000e+04
  1.19960000e+04 1.20240000e+04 1.20810000e+04 1.21390000e+04
  1.21620000e+04 1.21660000e+04 1.22610000e+04 1.23410000e+04
  1.23530000e+04 1.24350000e+04 1.24890000e+04 1.26360000e+04]
 [6.04000000e+02 1.04070000e+04 1.06240000e+04 1.07060000e+04
  1.07840000e+04 1.08520000e+04 1.09020000e+04 1.09400000e+04
  1.10370000e+04 1.11090000e+04 1.12030000e+04 1.12620000e+04
  1.13040000e+04 1.13090000e+04 1.13280000e+04 1.13550000e+04
  1.14090000e+04 1.16120000e+04 1.16860000e+04 1.21930000e+04]
 [8.25500000e+03 8.25900000e+03 9.53100000e+03 9.88700000e+03
  9.93900000e+03 1.00190000e+04 1.04660000e+04 1.05170000e+04
  1.05760000e+04 1.06690000e+04 1.06740000e+04 1.07350000e+04
  1.07390000e+04 1.07820000e+04 1.08120000e+04 1.09050000e+04
  1.09810000e+04 1.10230000e+04 1.11220000e+04 1.11520000e+04]
 [5.00000000e+01 7.88000000e+03 8.62600000e+03 9.74400000e+03
  9.78400000e+03 9.84500000e+03 9.93900000e+03 1.00170000e+04
  1.00410000e+04 1.00600000e+04 1.01040000e+04 1.02000000e+04
  1.02230000e+04 1.03130000e+04 1.04070000e+04 1.04870000e+04
  1.05840000e+04 1.06080000e+04 1.06520000e+04 1.20700000e+04]
 [7.39900000e+03 7.42500000e+03 7.56700000e+03 7.72000000e+03
  8.80000000e+03 8.86400000e+03 9.39900000e+03 9.47700000e+03
  9.50900000e+03 9.51300000e+03 9.53100000e+03 9.55700000e+03
  9.64400000e+03 9.71800000e+03 9.74400000e+03 9.84500000e+03
  9.89000000e+03 9.92500000e+03 9.97900000e+03 1.00200000e+04]
 [2.10000000e+01 3.97000000e+02 5.70000000e+02 6.52500000e+03
  7.62700000e+03 8.52800000e+03 8.61400000e+03 8.65500000e+03
  8.77500000e+03 8.82500000e+03 8.89900000e+03 8.92000000e+03
  8.92600000e+03 8.99300000e+03 9.08000000e+03 9.12600000e+03
  9.21000000e+03 9.22100000e+03 9.31000000e+03 1.00210000e+04]
 [0.00000000e+00 7.33200000e+03 7.56300000e+03 7.91000000e+03
  7.93200000e+03 7.99200000e+03 8.02100000e+03 8.04600000e+03
  8.10900000e+03 8.28700000e+03 8.36500000e+03 8.45200000e+03
  8.51000000e+03 8.51600000e+03 8.57600000e+03 8.66000000e+03
  8.75200000e+03 8.77500000e+03 8.82400000e+03 8.91900000e+03]
 [3.70000000e+01 7.36500000e+03 7.42500000e+03 7.51500000e+03
  7.80900000e+03 7.89600000e+03 7.94800000e+03 8.04600000e+03
  8.05400000e+03 8.10900000e+03 8.20600000e+03 8.26100000e+03
  8.32900000e+03 8.38800000e+03 8.47800000e+03 8.52800000e+03
  8.62600000e+03 8.68300000e+03 8.72600000e+03 8.79800000e+03]
 [4.83300000e+03 4.87900000e+03 4.90100000e+03 6.47600000e+03
  6.55500000e+03 6.92500000e+03 7.26800000e+03 7.34800000e+03
  7.42000000e+03 7.49700000e+03 7.54400000e+03 7.59900000e+03
  7.66200000e+03 7.72000000e+03 7.80900000e+03 8.06600000e+03
  8.16000000e+03 8.25500000e+03 8.26800000e+03 8.47800000e+03]
 [8.90000000e+01 1.14000000e+02 6.58000000e+02 6.04462919e+03
  6.17400000e+03 6.33000000e+03 6.41900000e+03 6.47600000e+03
  7.26500000e+03 7.34800000e+03 7.36500000e+03 7.45500000e+03
  7.48600000e+03 7.56700000e+03 7.57300000e+03 7.67000000e+03
  7.76800000e+03 7.85000000e+03 7.93200000e+03 7.98400000e+03]
 [3.17100000e+03 4.84400000e+03 4.92100000e+03 4.99200000e+03
  5.12600000e+03 5.20600000e+03 5.30900000e+03 5.39200000e+03
  5.48200000e+03 6.40400000e+03 6.47300000e+03 7.10500000e+03
  7.18000000e+03 7.27200000e+03 7.30600000e+03 7.39600000e+03
  7.42100000e+03 7.48600000e+03 7.67000000e+03 7.75400000e+03]
 [3.56000000e+02 6.36200000e+03 6.40400000e+03 6.65600000e+03
  6.73700000e+03 6.83200000e+03 6.84800000e+03 6.89300000e+03
  6.94500000e+03 6.99300000e+03 7.02800000e+03 7.10000000e+03
  7.18000000e+03 7.26100000e+03 7.26500000e+03 7.26800000e+03
  7.27200000e+03 7.36800000e+03 7.42100000e+03 7.43500000e+03]
 [0.00000000e+00 3.75600000e+03 4.16200000e+03 4.86100000e+03
  4.96400000e+03 5.84700000e+03 5.89900000e+03 5.96900000e+03
  6.06200000e+03 6.14300000e+03 6.17400000e+03 6.26300000e+03
  6.36200000e+03 6.46100000e+03 6.53200000e+03 6.60600000e+03
  6.61300000e+03 6.65600000e+03 6.74200000e+03 6.83200000e+03]
 [2.89300000e+03 4.68600000e+03 4.75700000e+03 4.79300000e+03
  4.83300000e+03 4.90100000e+03 4.99000000e+03 5.25400000e+03
  5.31200000e+03 5.35600000e+03 5.42100000e+03 5.49300000e+03
  5.55800000e+03 5.61100000e+03 5.65900000e+03 5.74900000e+03
  5.84700000e+03 5.90700000e+03 5.97800000e+03 6.06200000e+03]
 [6.20000000e+01 2.65800000e+03 2.75200000e+03 4.56800000e+03
  4.59500000e+03 4.64500000e+03 4.70200000e+03 4.75700000e+03
  4.84400000e+03 4.88800000e+03 4.93500000e+03 4.96400000e+03
  5.04600000e+03 5.12600000e+03 5.16900000e+03 5.24400000e+03
  5.25400000e+03 5.32400000e+03 5.36200000e+03 5.39000000e+03]
 [1.51900000e+03 1.90200000e+03 3.02200000e+03 4.04200000e+03
  4.09300000e+03 4.17900000e+03 4.21300000e+03 4.28600000e+03
  4.29800000e+03 4.31200000e+03 4.36300000e+03 4.36400000e+03
  4.40200000e+03 4.47600000e+03 4.56800000e+03 4.62800000e+03
  4.67100000e+03 4.70700000e+03 4.73000000e+03 5.27700000e+03]
 [2.63400000e+03 2.65500000e+03 3.23700000e+03 3.67100000e+03
  3.75600000e+03 3.79400000e+03 3.86600000e+03 3.90000000e+03
  3.96200000e+03 4.04000000e+03 4.12800000e+03 4.19300000e+03
  4.27500000e+03 4.29800000e+03 4.34100000e+03 4.40200000e+03
  4.62800000e+03 4.67300000e+03 5.06900000e+03 5.14400000e+03]
 [3.14200000e+03 3.17100000e+03 3.17700000e+03 3.56100000e+03
  3.57600000e+03 3.63600000e+03 3.66500000e+03 3.76200000e+03
  3.85300000e+03 3.86600000e+03 3.87400000e+03 3.92400000e+03
  3.97000000e+03 4.04200000e+03 4.12800000e+03 4.13500000e+03
  4.16500000e+03 4.19300000e+03 4.20600000e+03 4.23300000e+03]
 [0.00000000e+00 3.80000000e+01 1.21000000e+02 3.06000000e+02
  5.10000000e+02 3.03100000e+03 3.06900000e+03 3.14200000e+03
  3.25800000e+03 3.30200000e+03 3.36800000e+03 3.44700000e+03
  3.49400000e+03 3.55500000e+03 3.56100000e+03 3.62500000e+03
  3.64300000e+03 3.66500000e+03 3.67100000e+03 3.76200000e+03]
 [0.00000000e+00 2.85000000e+02 3.05000000e+02 2.29300000e+03
  2.42600000e+03 2.61600000e+03 2.65800000e+03 2.71000000e+03
  2.74700000e+03 2.83200000e+03 2.85000000e+03 2.89400000e+03
  2.95400000e+03 3.02200000e+03 3.02500000e+03 3.03100000e+03
  3.05100000e+03 3.13200000e+03 3.22800000e+03 3.25800000e+03]
 [1.48062919e+03 1.61500000e+03 1.66900000e+03 1.89000000e+03
  1.96400000e+03 2.01000000e+03 2.26700000e+03 2.26800000e+03
  2.37000000e+03 2.39600000e+03 2.41400000e+03 2.60800000e+03
  2.71300000e+03 2.74200000e+03 2.81500000e+03 2.85000000e+03
  2.90100000e+03 2.90500000e+03 2.97900000e+03 3.07900000e+03]
 [1.80300000e+03 1.91000000e+03 1.96400000e+03 2.05400000e+03
  2.08500000e+03 2.18200000e+03 2.25000000e+03 2.26400000e+03
  2.31800000e+03 2.34700000e+03 2.36100000e+03 2.36900000e+03
  2.37000000e+03 2.43000000e+03 2.44300000e+03 2.45900000e+03
  2.50000000e+03 2.58100000e+03 2.61600000e+03 2.63400000e+03]
 [0.00000000e+00 8.30000000e+01 9.00000000e+01 1.38000000e+02
  2.12000000e+02 3.12000000e+02 3.47000000e+02 4.29000000e+02
  4.92000000e+02 5.27000000e+02 6.40000000e+02 7.46000000e+02
  9.16500000e+02 1.00050000e+03 1.48062919e+03 1.73700000e+03
  1.77900000e+03 2.26800000e+03 2.32400000e+03 2.34700000e+03]
 [1.67000000e+02 2.00000000e+02 4.79000000e+02 1.51900000e+03
  1.58900000e+03 1.64800000e+03 1.69900000e+03 1.77900000e+03
  1.86300000e+03 1.91000000e+03 1.99800000e+03 2.02500000e+03
  2.04300000e+03 2.07700000e+03 2.12400000e+03 2.12800000e+03
  2.16900000e+03 2.22500000e+03 2.26700000e+03 2.49800000e+03]
 [0.00000000e+00 3.10000000e+01 5.01000000e+02 6.06000000e+02
  9.33000000e+02 9.95000000e+02 1.09200000e+03 1.16150000e+03
  1.28300000e+03 1.51900000e+03 1.61500000e+03 1.70200000e+03
  1.72000000e+03 1.77600000e+03 1.77800000e+03 1.87300000e+03
  1.89400000e+03 1.94500000e+03 1.95800000e+03 1.98900000e+03]
 [0.00000000e+00 6.20000000e+01 1.57000000e+02 1.65000000e+02
  1.68000000e+02 1.95000000e+02 2.14000000e+02 2.50000000e+02
  3.47000000e+02 4.34000000e+02 4.96000000e+02 5.82000000e+02
  6.03000000e+02 6.40000000e+02 6.51000000e+02 6.62000000e+02
  7.46000000e+02 9.33000000e+02 9.67000000e+02 1.07800000e+03]]
