optimal_status: 0
solution: 6783.0
cpu_time: 3600.560225009918
gap: 0.7886393815648627
upper_bound: 1433.6590748455367
lower_bound: 6783.0
cg_matrix: [[0. 0. 0. 0. 0. 0. 0. 0. 1. 0. 0. 0. 1. 1. 0. 0. 0. 0. 0. 1. 0. 0. 0. 0.
  0. 0. 0. 0. 0. 0.]
 [0. 0. 0. 0. 0. 0. 0. 0. 0. 0. 1. 0. 0. 1. 0. 1. 0. 0. 0. 0. 0. 0. 0. 0.
  0. 1. 0. 0. 0. 0.]
 [0. 0. 0. 0. 0. 0. 0. 0. 0. 0. 1. 0. 0. 0. 0. 0. 0. 1. 1. 0. 0. 0. 0. 0.
  1. 1. 0. 0. 0. 0.]
 [0. 0. 0. 0. 1. 1. 1. 1. 0. 0. 0. 1. 0. 0. 0. 1. 0. 0. 0. 1. 0. 0. 0. 0.
  0. 0. 0. 1. 0. 0.]
 [0. 0. 0. 1. 0. 0. 0. 1. 0. 0. 0. 0. 0. 0. 0. 0. 0. 0. 0. 0. 0. 0. 0. 0.
  1. 0. 0. 0. 0. 1.]
 [0. 0. 0. 1. 0. 0. 0. 1. 0. 1. 0. 0. 1. 0. 0. 1. 0. 0. 0. 1. 0. 0. 0. 0.
  0. 0. 0. 0. 1. 0.]
 [0. 0. 0. 1. 0. 0. 0. 1. 0. 0. 0. 1. 0. 0. 0. 0. 0. 0. 0. 0. 1. 0. 0. 0.
  0. 0. 0. 0. 1. 0.]
 [0. 0. 0. 1. 1. 1. 1. 0. 0. 0. 0. 0. 1. 0. 0. 0. 0. 0. 0. 0. 0. 0. 0. 0.
  0. 0. 0. 0. 0. 1.]
 [1. 0. 0. 0. 0. 0. 0. 0. 0. 0. 1. 0. 0. 0. 0. 0. 1. 0. 0. 0. 0. 0. 0. 0.
  0. 0. 0. 0. 0. 0.]
 [0. 0. 0. 0. 0. 1. 0. 0. 0. 0. 0. 1. 0. 0. 0. 0. 1. 0. 0. 0. 0. 0. 1. 0.
  0. 0. 0. 0. 0. 0.]
 [0. 1. 1. 0. 0. 0. 0. 0. 1. 0. 0. 1. 0. 0. 0. 0. 0. 0. 0. 0. 0. 0. 0. 0.
  0. 1. 0. 0. 0. 1.]
 [0. 0. 0. 1. 0. 0. 1. 0. 0. 1. 1. 0. 0. 1. 0. 0. 0. 0. 0. 0. 1. 0. 0. 0.
  1. 0. 0. 0. 0. 0.]
 [1. 0. 0. 0. 0. 1. 0. 1. 0. 0. 0. 0. 0. 0. 0. 0. 0. 0. 0. 0. 1. 0. 0. 0.
  0. 1. 0. 0. 0. 0.]
 [1. 1. 0. 0. 0. 0. 0. 0. 0. 0. 0. 1. 0. 0. 0. 0. 0. 0. 0. 1. 1. 0. 0. 0.
  1. 0. 1. 1. 0. 0.]
 [0. 0. 0. 0. 0. 0. 0. 0. 0. 0. 0. 0. 0. 0. 0. 1. 1. 0. 0. 0. 0. 0. 0. 1.
  0. 1. 0. 0. 1. 0.]
 [0. 1. 0. 1. 0. 1. 0. 0. 0. 0. 0. 0. 0. 0. 1. 0. 0. 0. 0. 0. 0. 0. 0. 0.
  0. 0. 1. 0. 0. 1.]
 [0. 0. 0. 0. 0. 0. 0. 0. 1. 1. 0. 0. 0. 0. 1. 0. 0. 0. 0. 0. 1. 0. 1. 0.
  0. 0. 0. 0. 0. 0.]
 [0. 0. 1. 0. 0. 0. 0. 0. 0. 0. 0. 0. 0. 0. 0. 0. 0. 0. 0. 0. 0. 1. 0. 0.
  0. 0. 0. 0. 1. 0.]
 [0. 0. 1. 0. 0. 0. 0. 0. 0. 0. 0. 0. 0. 0. 0. 0. 0. 0. 0. 0. 0. 1. 0. 0.
  0. 0. 0. 0. 1. 0.]
 [1. 0. 0. 1. 0. 1. 0. 0. 0. 0. 0. 0. 0. 1. 0. 0. 0. 0. 0. 0. 0. 0. 0. 0.
  0. 0. 1. 0. 0. 1.]
 [0. 0. 0. 0. 0. 0. 1. 0. 0. 0. 0. 1. 1. 1. 0. 0. 1. 0. 0. 0. 0. 0. 0. 0.
  0. 0. 0. 0. 0. 0.]
 [0. 0. 0. 0. 0. 0. 0. 0. 0. 0. 0. 0. 0. 0. 0. 0. 0. 1. 1. 0. 0. 0. 0. 0.
  0. 0. 0. 0. 0. 0.]
 [0. 0. 0. 0. 0. 0. 0. 0. 0. 1. 0. 0. 0. 0. 0. 0. 1. 0. 0. 0. 0. 0. 0. 0.
  0. 0. 0. 0. 0. 0.]
 [0. 0. 0. 0. 0. 0. 0. 0. 0. 0. 0. 0. 0. 0. 1. 0. 0. 0. 0. 0. 0. 0. 0. 0.
  0. 0. 0. 0. 0. 0.]
 [0. 0. 1. 0. 1. 0. 0. 0. 0. 0. 0. 1. 0. 1. 0. 0. 0. 0. 0. 0. 0. 0. 0. 0.
  0. 0. 0. 0. 0. 0.]
 [0. 1. 1. 0. 0. 0. 0. 0. 0. 0. 1. 0. 1. 0. 1. 0. 0. 0. 0. 0. 0. 0. 0. 0.
  0. 0. 0. 0. 0. 0.]
 [0. 0. 0. 0. 0. 0. 0. 0. 0. 0. 0. 0. 0. 1. 0. 1. 0. 0. 0. 1. 0. 0. 0. 0.
  0. 0. 0. 0. 0. 0.]
 [0. 0. 0. 1. 0. 0. 0. 0. 0. 0. 0. 0. 0. 1. 0. 0. 0. 0. 0. 0. 0. 0. 0. 0.
  0. 0. 0. 0. 0. 0.]
 [0. 0. 0. 0. 0. 1. 1. 0. 0. 0. 0. 0. 0. 0. 1. 0. 0. 1. 1. 0. 0. 0. 0. 0.
  0. 0. 0. 0. 0. 0.]
 [0. 0. 0. 0. 1. 0. 0. 1. 0. 0. 1. 0. 0. 0. 0. 1. 0. 0. 0. 1. 0. 0. 0. 0.
  0. 0. 0. 0. 0. 0.]]
start_times_array: [[ 576.  744.  962.  995. 1135. 1320. 1337. 1515. 1772. 2300. 2624. 3215.
  3679. 3958. 4219. 4921. 5594. 5912. 6060. 6496.]
 [   0.  140.  744.  927. 1601. 1832. 1970. 2400. 2733. 3137. 3374. 3810.
  3876. 4416. 4810. 4901. 5387. 5812. 6263. 6697.]
 [ 392.  912. 1127. 1443. 1517. 1924. 2449. 2748. 2930. 3123. 3871. 4958.
  5338. 5838. 5998. 6303. 6516. 6695. 6752. 6753.]
 [   0.  392.  667.  900. 1264. 1539. 1763. 2003. 2434. 2961. 3159. 3504.
  4064. 4575. 5233. 5508. 5809. 6143. 6401. 6597.]
 [ 755. 1047. 1446. 1607. 1675. 3065. 3342. 3832. 4162. 4209. 4750. 5056.
  5139. 5144. 5147. 5392. 5608. 5934. 5962. 6221.]
 [  50.  299.  741.  840. 1014. 1518. 1622. 1794. 2095. 2117. 2659. 3027.
  3374. 3618. 4400. 4933. 5281. 5428. 6041. 6445.]
 [ 296.  552.  639. 1164. 1484. 1520. 1865. 2107. 2272. 3088. 3444. 3552.
  3850. 4301. 4886. 5155. 5306. 5484. 5845. 6044.]
 [ 140.  561.  935. 1074. 1700. 1923. 2208. 2270. 2516. 2836. 3702. 3945.
  3958. 4247. 4674. 5157. 5682. 5757. 6499. 6767.]
 [   0.  236.  384.  906. 1042. 1380. 2012. 2455. 2501. 2735. 2924. 3342.
  3476. 3763. 3918. 3982. 4498. 5422. 5590. 5753.]
 [ 296.  491. 1761. 2417. 3312. 3486. 3811. 4199. 4301. 4519. 4958. 5091.
  5349. 5403. 5767. 5931. 6381. 6404. 6573. 6771.]
 [ 316.  988. 1625. 1895. 2126. 2270. 2820. 2885. 2902. 2974. 3450. 3659.
  3820. 4103. 4468. 5030. 5216. 5504. 6078. 6537.]
 [ 198.  386.  779.  935. 1104. 1391. 1951. 2594. 2739. 3374. 3662. 4227.
  4563. 5007. 5112. 5585. 5905. 5993. 6282. 6469.]
 [1390. 1480. 1624. 1916. 2028. 2495. 2583. 2739. 2943. 3146. 3505. 3595.
  3771. 4000. 4092. 4750. 5189. 5508. 5836. 6225.]
 [ 109.  296.  472.  672. 1178. 2065. 2153. 2157. 2707. 2820. 3047. 3281.
  3844. 4304. 4468. 4624. 5056. 5322. 5481. 6573.]
 [   0.   10. 1251. 1647. 1856. 2402. 2571. 2889. 3408. 4092. 4515. 4749.
  4905. 5427. 5751. 5993. 6137. 6141. 6376. 6669.]
 [ 229.  514.  578. 1350. 1677. 1940. 2270. 2583. 3088. 3127. 3732. 3942.
  4499. 4550. 4735. 5150. 5683. 5920. 6194. 6541.]
 [ 962. 1136. 1215. 1566. 1644. 1704. 2172. 2292. 2560. 2844. 3094. 3133.
  3584. 4030. 4372. 4619. 4727. 5112. 5840. 6009.]
 [ 571.  842. 1142. 2357. 2686. 2788. 2881. 3401. 3726. 4325. 4571. 5178.
  5496. 5837. 5937. 5947. 6041. 6179. 6682. 6731.]
 [  96.  189.  229.  440.  635. 1202. 1785. 2134. 2179. 2333. 2654. 3053.
  3480. 3801. 4457. 4611. 5496. 5867. 5972. 6183.]
 [ 140.  153.  514.  546.  770. 1074. 1434. 1581. 1859. 2533. 2925. 3088.
  3552. 3763. 4198. 4378. 4534. 4968. 5685. 6307.]
 [ 140.  493.  544. 1256. 1793. 2356. 2526. 2662. 2913. 3220. 3425. 3926.
  4028. 4486. 4661. 5084. 5369. 5459. 5744. 6693.]
 [   0.  243.  509.  543.  680.  748. 1415. 1487. 2566. 2701. 3526. 4091.
  4681. 4711. 4850. 5589. 5776. 5777. 6099. 6573.]
 [  40.  473.  733. 1039. 1579. 1826. 1984. 2781. 3027. 3374. 3748. 3949.
  4563. 4571. 4700. 4810. 5266. 5327. 5579. 6484.]
 [ 153. 1529. 1531. 1675. 1940. 2120. 2510. 2525. 2534. 3159. 3589. 3968.
  4550. 4841. 5580. 5725. 5926. 5956. 6179. 6642.]
 [ 140.  159.  539.  845.  868. 1298. 2292. 2831. 3503. 4006. 4378. 4547.
  4845. 5030. 5216. 5429. 5744. 6356. 6495. 6638.]
 [  70.  834. 1104. 1114. 1350. 1538. 1723. 2505. 2780. 2961. 3187. 3674.
  4182. 4632. 5131. 5646. 5930. 6179. 6460. 6638.]
 [ 360.  576. 1040. 1415. 1495. 1975. 2365. 2831. 3163. 3215. 4103. 4242.
  4673. 4940. 5145. 5225. 5427. 6060. 6462. 6717.]
 [ 935. 1403. 1447. 1697. 1929. 2292. 2703. 2837. 3262. 3552. 4223. 4546.
  4781. 5149. 5840. 6064. 6478. 6699. 6741. 6781.]
 [ 141.  243. 2040. 2153. 2219. 3248. 3526. 3595. 3913. 4182. 4236. 4789.
  5253. 5410. 5589. 5905. 6009. 6035. 6398. 6516.]
 [   0.   22.  384.  473.  650.  720. 1225. 1476. 1802. 2218. 2429. 2715.
  3221. 3668. 4016. 4225. 4578. 5445. 5839. 5988.]]
