optimal_status: 0
solution: 17997.0
cpu_time: 3600.18221783638
gap: 0.8940478937877082
upper_bound: 1906.820055502615
lower_bound: 17997.0
cg_matrix: [[0. 0. 0. 0. 0. 0. 0. 1. 0. 1. 0. 0. 1. 0. 0. 0. 0. 0. 0. 0. 1. 0. 1. 0.
  1. 1. 0. 0. 0. 0. 0. 0. 0. 0. 0. 1. 0. 0. 0. 0. 0. 0. 0. 0. 0. 0. 0. 1.
  0. 0.]
 [0. 0. 0. 0. 0. 0. 0. 0. 0. 0. 0. 0. 0. 0. 0. 0. 0. 0. 0. 0. 0. 0. 0. 0.
  0. 0. 1. 0. 0. 0. 1. 0. 0. 0. 0. 0. 0. 0. 0. 0. 0. 0. 0. 1. 0. 1. 0. 0.
  0. 0.]
 [0. 0. 0. 0. 1. 1. 0. 0. 0. 0. 0. 0. 0. 0. 1. 0. 1. 0. 1. 0. 0. 0. 0. 0.
  1. 0. 0. 0. 0. 0. 0. 1. 0. 0. 1. 0. 1. 1. 0. 0. 0. 0. 1. 0. 0. 0. 1. 0.
  1. 0.]
 [0. 0. 0. 0. 1. 0. 0. 1. 0. 0. 0. 0. 0. 0. 0. 0. 1. 0. 0. 0. 0. 0. 0. 1.
  0. 1. 0. 1. 1. 0. 0. 0. 0. 0. 0. 1. 0. 0. 0. 0. 0. 1. 0. 0. 0. 0. 1. 0.
  0. 0.]
 [0. 0. 1. 1. 0. 1. 0. 0. 0. 0. 0. 0. 0. 1. 0. 0. 0. 0. 0. 0. 0. 0. 0. 0.
  0. 0. 0. 0. 1. 0. 1. 0. 0. 1. 0. 1. 1. 1. 0. 0. 0. 1. 0. 0. 0. 1. 0. 0.
  0. 1.]
 [0. 0. 1. 0. 1. 0. 1. 0. 0. 0. 1. 0. 0. 1. 0. 1. 1. 0. 0. 0. 0. 0. 0. 0.
  0. 0. 1. 0. 0. 0. 1. 0. 0. 1. 0. 0. 0. 1. 0. 0. 0. 0. 0. 0. 0. 1. 0. 0.
  0. 0.]
 [0. 0. 0. 0. 0. 1. 0. 0. 0. 0. 0. 1. 0. 0. 0. 1. 0. 0. 0. 0. 0. 1. 0. 0.
  0. 0. 0. 0. 0. 0. 0. 0. 0. 0. 1. 0. 0. 1. 0. 0. 0. 0. 0. 0. 0. 0. 1. 0.
  0. 0.]
 [1. 0. 0. 1. 0. 0. 0. 0. 1. 0. 1. 1. 1. 0. 0. 0. 0. 0. 0. 0. 0. 0. 0. 0.
  0. 1. 0. 0. 0. 0. 0. 1. 0. 1. 1. 0. 0. 0. 0. 1. 0. 1. 0. 0. 0. 1. 0. 0.
  1. 0.]
 [0. 0. 0. 0. 0. 0. 0. 1. 0. 0. 0. 1. 0. 0. 1. 0. 0. 0. 0. 0. 0. 0. 0. 0.
  0. 0. 0. 0. 1. 0. 0. 0. 0. 1. 0. 0. 0. 0. 1. 0. 0. 0. 1. 0. 0. 0. 0. 0.
  0. 0.]
 [1. 0. 0. 0. 0. 0. 0. 0. 0. 0. 0. 1. 0. 0. 0. 0. 0. 0. 1. 0. 0. 1. 1. 0.
  0. 1. 0. 1. 0. 1. 0. 0. 0. 0. 0. 0. 0. 0. 0. 1. 0. 1. 0. 0. 1. 0. 0. 0.
  0. 0.]
 [0. 0. 0. 0. 0. 1. 0. 1. 0. 0. 0. 0. 0. 0. 0. 0. 0. 0. 1. 1. 1. 0. 0. 0.
  0. 1. 0. 0. 1. 1. 0. 0. 0. 0. 0. 0. 0. 0. 0. 0. 1. 0. 1. 0. 1. 0. 0. 0.
  1. 0.]
 [0. 0. 0. 0. 0. 0. 1. 1. 1. 1. 0. 0. 0. 0. 0. 0. 0. 1. 0. 0. 1. 0. 0. 0.
  1. 0. 1. 0. 0. 0. 0. 0. 1. 0. 1. 0. 0. 0. 0. 0. 0. 0. 0. 0. 0. 0. 0. 0.
  1. 1.]
 [1. 0. 0. 0. 0. 0. 0. 1. 0. 0. 0. 0. 0. 0. 0. 0. 0. 1. 0. 0. 0. 0. 0. 0.
  0. 1. 0. 0. 0. 0. 0. 0. 0. 0. 1. 0. 0. 0. 0. 0. 0. 1. 1. 0. 1. 1. 1. 0.
  0. 0.]
 [0. 0. 0. 0. 1. 1. 0. 0. 0. 0. 0. 0. 0. 0. 0. 1. 1. 0. 0. 0. 1. 0. 0. 1.
  0. 0. 0. 0. 1. 1. 0. 0. 0. 0. 1. 0. 0. 0. 0. 0. 0. 0. 0. 1. 0. 0. 1. 1.
  0. 0.]
 [0. 0. 1. 0. 0. 0. 0. 0. 1. 0. 0. 0. 0. 0. 0. 1. 0. 0. 0. 0. 0. 0. 0. 0.
  0. 0. 0. 0. 0. 0. 0. 0. 0. 0. 0. 0. 0. 0. 0. 0. 0. 0. 0. 1. 0. 0. 0. 0.
  0. 0.]
 [0. 0. 0. 0. 0. 1. 1. 0. 0. 0. 0. 0. 0. 1. 1. 0. 0. 0. 0. 0. 0. 0. 0. 0.
  1. 1. 0. 0. 0. 0. 0. 1. 0. 1. 0. 0. 0. 0. 0. 1. 1. 0. 0. 1. 1. 0. 0. 1.
  0. 0.]
 [0. 0. 1. 1. 0. 1. 0. 0. 0. 0. 0. 0. 0. 1. 0. 0. 0. 0. 1. 0. 0. 1. 0. 0.
  0. 0. 0. 1. 0. 0. 0. 0. 0. 0. 0. 1. 0. 0. 0. 0. 1. 0. 1. 0. 0. 0. 1. 0.
  1. 1.]
 [0. 0. 0. 0. 0. 0. 0. 0. 0. 0. 0. 1. 1. 0. 0. 0. 0. 0. 1. 0. 0. 0. 0. 0.
  0. 0. 1. 1. 1. 0. 0. 0. 1. 0. 0. 0. 0. 0. 0. 0. 1. 0. 0. 0. 0. 0. 0. 0.
  0. 0.]
 [0. 0. 1. 0. 0. 0. 0. 0. 0. 1. 1. 0. 0. 0. 0. 0. 1. 1. 0. 0. 0. 0. 0. 0.
  0. 0. 0. 1. 0. 0. 0. 0. 0. 0. 0. 0. 1. 1. 0. 0. 0. 1. 0. 1. 0. 1. 0. 0.
  0. 0.]
 [0. 0. 0. 0. 0. 0. 0. 0. 0. 0. 1. 0. 0. 0. 0. 0. 0. 0. 0. 0. 0. 0. 1. 1.
  0. 0. 1. 0. 0. 0. 0. 0. 0. 1. 0. 1. 0. 0. 0. 0. 0. 0. 0. 0. 0. 0. 0. 0.
  0. 1.]
 [1. 0. 0. 0. 0. 0. 0. 0. 0. 0. 1. 1. 0. 1. 0. 0. 0. 0. 0. 0. 0. 0. 0. 0.
  0. 0. 0. 0. 0. 0. 0. 0. 0. 0. 0. 0. 0. 0. 0. 0. 0. 0. 0. 0. 0. 0. 0. 0.
  0. 0.]
 [0. 0. 0. 0. 0. 0. 1. 0. 0. 1. 0. 0. 0. 0. 0. 0. 1. 0. 0. 0. 0. 0. 0. 0.
  0. 0. 0. 0. 0. 0. 0. 0. 0. 0. 0. 0. 0. 0. 0. 0. 0. 0. 0. 0. 0. 0. 0. 0.
  0. 0.]
 [1. 0. 0. 0. 0. 0. 0. 0. 0. 1. 0. 0. 0. 0. 0. 0. 0. 0. 0. 1. 0. 0. 0. 0.
  0. 0. 0. 0. 0. 0. 0. 0. 0. 0. 0. 0. 0. 0. 0. 0. 0. 0. 0. 0. 0. 0. 0. 0.
  0. 0.]
 [0. 0. 0. 1. 0. 0. 0. 0. 0. 0. 0. 0. 0. 1. 0. 0. 0. 0. 0. 1. 0. 0. 0. 0.
  0. 0. 0. 0. 0. 0. 0. 0. 0. 0. 0. 0. 0. 0. 0. 0. 0. 0. 0. 0. 0. 0. 0. 0.
  0. 0.]
 [1. 0. 1. 0. 0. 0. 0. 0. 0. 0. 0. 1. 0. 0. 0. 1. 0. 0. 0. 0. 0. 0. 0. 0.
  0. 0. 0. 0. 0. 0. 0. 0. 0. 0. 0. 0. 0. 0. 0. 0. 0. 0. 0. 0. 0. 0. 0. 0.
  0. 0.]
 [1. 0. 0. 1. 0. 0. 0. 1. 0. 1. 1. 0. 1. 0. 0. 1. 0. 0. 0. 0. 0. 0. 0. 0.
  0. 0. 0. 0. 0. 0. 0. 0. 0. 0. 0. 0. 0. 0. 0. 0. 0. 0. 0. 0. 0. 0. 0. 0.
  0. 0.]
 [0. 1. 0. 0. 0. 1. 0. 0. 0. 0. 0. 1. 0. 0. 0. 0. 0. 1. 0. 1. 0. 0. 0. 0.
  0. 0. 0. 0. 0. 0. 0. 0. 0. 0. 0. 0. 0. 0. 0. 0. 0. 0. 0. 0. 0. 0. 0. 0.
  0. 0.]
 [0. 0. 0. 1. 0. 0. 0. 0. 0. 1. 0. 0. 0. 0. 0. 0. 1. 1. 1. 0. 0. 0. 0. 0.
  0. 0. 0. 0. 0. 0. 0. 0. 0. 0. 0. 0. 0. 0. 0. 0. 0. 0. 0. 0. 0. 0. 0. 0.
  0. 0.]
 [0. 0. 0. 1. 1. 0. 0. 0. 1. 0. 1. 0. 0. 1. 0. 0. 0. 1. 0. 0. 0. 0. 0. 0.
  0. 0. 0. 0. 0. 0. 0. 0. 0. 0. 0. 0. 0. 0. 0. 0. 0. 0. 0. 0. 0. 0. 0. 0.
  0. 0.]
 [0. 0. 0. 0. 0. 0. 0. 0. 0. 1. 1. 0. 0. 1. 0. 0. 0. 0. 0. 0. 0. 0. 0. 0.
  0. 0. 0. 0. 0. 0. 0. 0. 0. 0. 0. 0. 0. 0. 0. 0. 0. 0. 0. 0. 0. 0. 0. 0.
  0. 0.]
 [0. 1. 0. 0. 1. 1. 0. 0. 0. 0. 0. 0. 0. 0. 0. 0. 0. 0. 0. 0. 0. 0. 0. 0.
  0. 0. 0. 0. 0. 0. 0. 0. 0. 0. 0. 0. 0. 0. 0. 0. 0. 0. 0. 0. 0. 0. 0. 0.
  0. 0.]
 [0. 0. 1. 0. 0. 0. 0. 1. 0. 0. 0. 0. 0. 0. 0. 1. 0. 0. 0. 0. 0. 0. 0. 0.
  0. 0. 0. 0. 0. 0. 0. 0. 0. 0. 0. 0. 0. 0. 0. 0. 0. 0. 0. 0. 0. 0. 0. 0.
  0. 0.]
 [0. 0. 0. 0. 0. 0. 0. 0. 0. 0. 0. 1. 0. 0. 0. 0. 0. 1. 0. 0. 0. 0. 0. 0.
  0. 0. 0. 0. 0. 0. 0. 0. 0. 0. 0. 0. 0. 0. 0. 0. 0. 0. 0. 0. 0. 0. 0. 0.
  0. 0.]
 [0. 0. 0. 0. 1. 1. 0. 1. 1. 0. 0. 0. 0. 0. 0. 1. 0. 0. 0. 1. 0. 0. 0. 0.
  0. 0. 0. 0. 0. 0. 0. 0. 0. 0. 0. 0. 0. 0. 0. 0. 0. 0. 0. 0. 0. 0. 0. 0.
  0. 0.]
 [0. 0. 1. 0. 0. 0. 1. 1. 0. 0. 0. 1. 1. 1. 0. 0. 0. 0. 0. 0. 0. 0. 0. 0.
  0. 0. 0. 0. 0. 0. 0. 0. 0. 0. 0. 0. 0. 0. 0. 0. 0. 0. 0. 0. 0. 0. 0. 0.
  0. 0.]
 [1. 0. 0. 1. 1. 0. 0. 0. 0. 0. 0. 0. 0. 0. 0. 0. 1. 0. 0. 1. 0. 0. 0. 0.
  0. 0. 0. 0. 0. 0. 0. 0. 0. 0. 0. 0. 0. 0. 0. 0. 0. 0. 0. 0. 0. 0. 0. 0.
  0. 0.]
 [0. 0. 1. 0. 1. 0. 0. 0. 0. 0. 0. 0. 0. 0. 0. 0. 0. 0. 1. 0. 0. 0. 0. 0.
  0. 0. 0. 0. 0. 0. 0. 0. 0. 0. 0. 0. 0. 0. 0. 0. 0. 0. 0. 0. 0. 0. 0. 0.
  0. 0.]
 [0. 0. 1. 0. 1. 1. 1. 0. 0. 0. 0. 0. 0. 0. 0. 0. 0. 0. 1. 0. 0. 0. 0. 0.
  0. 0. 0. 0. 0. 0. 0. 0. 0. 0. 0. 0. 0. 0. 0. 0. 0. 0. 0. 0. 0. 0. 0. 0.
  0. 0.]
 [0. 0. 0. 0. 0. 0. 0. 0. 1. 0. 0. 0. 0. 0. 0. 0. 0. 0. 0. 0. 0. 0. 0. 0.
  0. 0. 0. 0. 0. 0. 0. 0. 0. 0. 0. 0. 0. 0. 0. 0. 0. 0. 0. 0. 0. 0. 0. 0.
  0. 0.]
 [0. 0. 0. 0. 0. 0. 0. 1. 0. 1. 0. 0. 0. 0. 0. 1. 0. 0. 0. 0. 0. 0. 0. 0.
  0. 0. 0. 0. 0. 0. 0. 0. 0. 0. 0. 0. 0. 0. 0. 0. 0. 0. 0. 0. 0. 0. 0. 0.
  0. 0.]
 [0. 0. 0. 0. 0. 0. 0. 0. 0. 0. 1. 0. 0. 0. 0. 1. 1. 1. 0. 0. 0. 0. 0. 0.
  0. 0. 0. 0. 0. 0. 0. 0. 0. 0. 0. 0. 0. 0. 0. 0. 0. 0. 0. 0. 0. 0. 0. 0.
  0. 0.]
 [0. 0. 0. 1. 1. 0. 0. 1. 0. 1. 0. 0. 1. 0. 0. 0. 0. 0. 1. 0. 0. 0. 0. 0.
  0. 0. 0. 0. 0. 0. 0. 0. 0. 0. 0. 0. 0. 0. 0. 0. 0. 0. 0. 0. 0. 0. 0. 0.
  0. 0.]
 [0. 0. 1. 0. 0. 0. 0. 0. 1. 0. 1. 0. 1. 0. 0. 0. 1. 0. 0. 0. 0. 0. 0. 0.
  0. 0. 0. 0. 0. 0. 0. 0. 0. 0. 0. 0. 0. 0. 0. 0. 0. 0. 0. 0. 0. 0. 0. 0.
  0. 0.]
 [0. 1. 0. 0. 0. 0. 0. 0. 0. 0. 0. 0. 0. 1. 1. 1. 0. 0. 1. 0. 0. 0. 0. 0.
  0. 0. 0. 0. 0. 0. 0. 0. 0. 0. 0. 0. 0. 0. 0. 0. 0. 0. 0. 0. 0. 0. 0. 0.
  0. 0.]
 [0. 0. 0. 0. 0. 0. 0. 0. 0. 1. 1. 0. 1. 0. 0. 1. 0. 0. 0. 0. 0. 0. 0. 0.
  0. 0. 0. 0. 0. 0. 0. 0. 0. 0. 0. 0. 0. 0. 0. 0. 0. 0. 0. 0. 0. 0. 0. 0.
  0. 0.]
 [0. 1. 0. 0. 1. 1. 0. 1. 0. 0. 0. 0. 1. 0. 0. 0. 0. 0. 1. 0. 0. 0. 0. 0.
  0. 0. 0. 0. 0. 0. 0. 0. 0. 0. 0. 0. 0. 0. 0. 0. 0. 0. 0. 0. 0. 0. 0. 0.
  0. 0.]
 [0. 0. 1. 1. 0. 0. 1. 0. 0. 0. 0. 0. 1. 1. 0. 0. 1. 0. 0. 0. 0. 0. 0. 0.
  0. 0. 0. 0. 0. 0. 0. 0. 0. 0. 0. 0. 0. 0. 0. 0. 0. 0. 0. 0. 0. 0. 0. 0.
  0. 0.]
 [1. 0. 0. 0. 0. 0. 0. 0. 0. 0. 0. 0. 0. 1. 0. 1. 0. 0. 0. 0. 0. 0. 0. 0.
  0. 0. 0. 0. 0. 0. 0. 0. 0. 0. 0. 0. 0. 0. 0. 0. 0. 0. 0. 0. 0. 0. 0. 0.
  0. 0.]
 [0. 0. 1. 0. 0. 0. 0. 1. 0. 0. 1. 1. 0. 0. 0. 0. 1. 0. 0. 0. 0. 0. 0. 0.
  0. 0. 0. 0. 0. 0. 0. 0. 0. 0. 0. 0. 0. 0. 0. 0. 0. 0. 0. 0. 0. 0. 0. 0.
  0. 0.]
 [0. 0. 0. 0. 1. 0. 0. 0. 0. 0. 0. 1. 0. 0. 0. 0. 1. 0. 0. 1. 0. 0. 0. 0.
  0. 0. 0. 0. 0. 0. 0. 0. 0. 0. 0. 0. 0. 0. 0. 0. 0. 0. 0. 0. 0. 0. 0. 0.
  0. 0.]]
start_times_array: [[1.47680000e+04 1.48220000e+04 1.68330000e+04 1.69290000e+04
  1.69910000e+04 1.70620000e+04 1.71040000e+04 1.71660000e+04
  1.72590000e+04 1.73570000e+04 1.73670000e+04 1.74210000e+04
  1.74340000e+04 1.74710000e+04 1.75320000e+04 1.76240000e+04
  1.77140000e+04 1.77730000e+04 1.78370000e+04 1.79330000e+04]
 [1.11710000e+04 1.13300000e+04 1.14230000e+04 1.14450000e+04
  1.14520000e+04 1.16428775e+04 1.18438775e+04 1.34470000e+04
  1.34990000e+04 1.35050000e+04 1.37310000e+04 1.37690000e+04
  1.45260000e+04 1.62990000e+04 1.63930000e+04 1.64250000e+04
  1.64420000e+04 1.70800000e+04 1.75620000e+04 1.76210000e+04]
 [7.51000000e+02 1.45500000e+03 1.52400000e+03 1.52900000e+03
  1.91100000e+03 1.63200000e+04 1.63320000e+04 1.63490000e+04
  1.64420000e+04 1.64700000e+04 1.65270000e+04 1.65360000e+04
  1.66140000e+04 1.66330000e+04 1.66950000e+04 1.67450000e+04
  1.68300000e+04 1.68330000e+04 1.71820000e+04 1.74570000e+04]
 [3.82000000e+02 1.49231429e+04 1.63200000e+04 1.64040000e+04
  1.64550000e+04 1.65390000e+04 1.65570000e+04 1.65891429e+04
  1.66431429e+04 1.66701429e+04 1.69680000e+04 1.70480000e+04
  1.70520000e+04 1.71330000e+04 1.71590000e+04 1.72070000e+04
  1.72580000e+04 1.73510000e+04 1.76620000e+04 1.76940000e+04]
 [1.53880000e+04 1.53970000e+04 1.54020000e+04 1.54040000e+04
  1.54750000e+04 1.55350000e+04 1.56330000e+04 1.56360000e+04
  1.56620000e+04 1.57220000e+04 1.57790000e+04 1.58340000e+04
  1.58810000e+04 1.59260000e+04 1.59730000e+04 1.60520000e+04
  1.61100000e+04 1.62090000e+04 1.62990000e+04 1.68900000e+04]
 [9.50000000e+01 2.06400000e+03 1.43210000e+04 1.44170000e+04
  1.44610000e+04 1.46340000e+04 1.47130000e+04 1.47910000e+04
  1.47940000e+04 1.48110000e+04 1.48220000e+04 1.48560000e+04
  1.48710000e+04 1.49170000e+04 1.49640000e+04 1.50540000e+04
  1.51120000e+04 1.52070000e+04 1.52400000e+04 1.52970000e+04]
 [2.15600000e+03 1.30600000e+04 1.31590000e+04 1.31760000e+04
  1.35100000e+04 1.35930000e+04 1.36550000e+04 1.37010000e+04
  1.37220000e+04 1.38200000e+04 1.38700000e+04 1.39530000e+04
  1.40100000e+04 1.40140000e+04 1.41220000e+04 1.41770000e+04
  1.41800000e+04 1.41940000e+04 1.42040000e+04 1.42280000e+04]
 [1.32290000e+04 1.34290000e+04 1.35540000e+04 1.36240000e+04
  1.37160000e+04 1.37500000e+04 1.39530000e+04 1.40180000e+04
  1.40370000e+04 1.41220000e+04 1.41770000e+04 1.42210000e+04
  1.43080000e+04 1.44140000e+04 1.44480000e+04 1.45490000e+04
  1.46210000e+04 1.46490000e+04 1.47110000e+04 1.47330000e+04]
 [8.38000000e+02 1.31200000e+03 1.32200000e+03 1.60500000e+03
  1.86500000e+03 1.91100000e+03 1.95900000e+03 2.23000000e+03
  1.28030000e+04 1.28940000e+04 1.29750000e+04 1.30720000e+04
  1.31250000e+04 1.33230000e+04 1.33560000e+04 1.34470000e+04
  1.35100000e+04 1.38200000e+04 1.39020000e+04 1.43670000e+04]
 [1.24260000e+04 1.26020000e+04 1.28030000e+04 1.28780000e+04
  1.28940000e+04 1.29800000e+04 1.30540000e+04 1.31120000e+04
  1.31510000e+04 1.32010000e+04 1.32290000e+04 1.32790000e+04
  1.33470000e+04 1.34230000e+04 1.34290000e+04 1.34640000e+04
  1.34700000e+04 1.34830000e+04 1.35090000e+04 1.35240000e+04]
 [1.85000000e+02 6.25000000e+02 1.17000000e+03 1.33800000e+03
  1.88400000e+03 1.95100000e+03 1.01970000e+04 1.07880000e+04
  1.08580000e+04 1.16190000e+04 1.24338775e+04 1.25430000e+04
  1.25950000e+04 1.26870000e+04 1.27360000e+04 1.28100000e+04
  1.28920000e+04 1.29240000e+04 1.29870000e+04 1.30780000e+04]
 [1.00400000e+03 1.01100000e+03 1.44600000e+03 1.74700000e+03
  1.84500000e+03 1.07790000e+04 1.16960000e+04 1.21300000e+04
  1.21870000e+04 1.22410000e+04 1.22990000e+04 1.23190000e+04
  1.23490000e+04 1.24710000e+04 1.25390000e+04 1.26180000e+04
  1.26240000e+04 1.26870000e+04 1.27540000e+04 1.27770000e+04]
 [1.08290000e+04 1.09050000e+04 1.10240000e+04 1.12770000e+04
  1.13120000e+04 1.14960000e+04 1.15250000e+04 1.15350000e+04
  1.15870000e+04 1.15980000e+04 1.16190000e+04 1.16480000e+04
  1.17440000e+04 1.17890000e+04 1.18440000e+04 1.19320000e+04
  1.19430000e+04 1.23920000e+04 1.24880000e+04 1.25570000e+04]
 [2.78200000e+03 1.12550000e+04 1.13070000e+04 1.13100000e+04
  1.13950000e+04 1.14290000e+04 1.14550000e+04 1.15300000e+04
  1.16220000e+04 1.17050000e+04 1.17130000e+04 1.17920000e+04
  1.18610000e+04 1.19190000e+04 1.19860000e+04 1.19870000e+04
  1.20660000e+04 1.24330000e+04 1.24820000e+04 1.38211429e+04]
 [2.35000000e+02 2.65000000e+02 3.47000000e+02 3.93000000e+02
  4.79000000e+02 4.81000000e+02 5.43000000e+02 6.25000000e+02
  9.63000000e+02 1.11400000e+03 1.20900000e+03 2.03300000e+03
  3.15900000e+03 1.14550000e+04 1.14960000e+04 1.15880000e+04
  1.16140000e+04 1.16200000e+04 1.16420000e+04 1.16760000e+04]
 [9.26000000e+03 9.43600000e+03 9.72700000e+03 1.05910000e+04
  1.06000000e+04 1.06450000e+04 1.07570000e+04 1.07800000e+04
  1.08230000e+04 1.08580000e+04 1.09000000e+04 1.09880000e+04
  1.10070000e+04 1.10100000e+04 1.10180000e+04 1.11140000e+04
  1.11410000e+04 1.11710000e+04 1.12080000e+04 1.12270000e+04]
 [9.31400000e+03 9.46200000e+03 9.95400000e+03 1.00900000e+04
  1.01970000e+04 1.02960000e+04 1.03810000e+04 1.04530000e+04
  1.05510000e+04 1.06270000e+04 1.06970000e+04 1.07410000e+04
  1.07570000e+04 1.07820000e+04 1.07880000e+04 1.07980000e+04
  1.08210000e+04 1.09340000e+04 1.10320000e+04 1.10570000e+04]
 [1.22000000e+02 1.18400000e+03 1.20800000e+03 1.54300000e+03
  9.95400000e+03 9.98500000e+03 1.02160000e+04 1.02170000e+04
  1.02640000e+04 1.03310000e+04 1.03930000e+04 1.04170000e+04
  1.04530000e+04 1.05470000e+04 1.05630000e+04 1.05710000e+04
  1.06270000e+04 1.06430000e+04 1.06610000e+04 1.07100000e+04]
 [8.90000000e+02 9.87000000e+02 1.09900000e+03 1.25100000e+03
  1.54800000e+03 1.62600000e+03 1.84500000e+03 1.86500000e+03
  3.86600000e+03 8.91700000e+03 9.01300000e+03 9.06300000e+03
  9.14300000e+03 9.19600000e+03 9.26600000e+03 9.37200000e+03
  9.52600000e+03 9.62600000e+03 9.86300000e+03 1.00390000e+04]
 [1.00400000e+03 1.48300000e+03 9.47300000e+03 9.49800000e+03
  9.56600000e+03 9.58400000e+03 9.63100000e+03 9.71300000e+03
  9.74800000e+03 9.77600000e+03 9.78500000e+03 9.83000000e+03
  9.89000000e+03 9.95400000e+03 9.98600000e+03 1.00020000e+04
  1.00280000e+04 1.00750000e+04 1.01080000e+04 1.02160000e+04]
 [2.35000000e+02 5.63000000e+02 8.22000000e+02 8.47000000e+02
  1.00000000e+03 1.54300000e+03 8.90000000e+03 8.98600000e+03
  9.06400000e+03 9.15500000e+03 9.22500000e+03 9.25200000e+03
  9.34200000e+03 9.41500000e+03 9.47400000e+03 9.49500000e+03
  9.63600000e+03 9.71300000e+03 9.76800000e+03 9.82200000e+03]
 [0.00000000e+00 7.20000000e+01 4.81000000e+02 1.00400000e+03
  6.51300000e+03 7.88000000e+03 8.75500000e+03 8.77200000e+03
  8.81600000e+03 8.84300000e+03 8.90000000e+03 8.91500000e+03
  8.94800000e+03 8.96400000e+03 9.00200000e+03 9.00300000e+03
  9.06400000e+03 9.07500000e+03 9.13100000e+03 9.41500000e+03]
 [0.00000000e+00 4.80000000e+01 1.04000000e+02 1.11000000e+02
  1.96000000e+02 2.55000000e+02 3.20000000e+02 5.74000000e+02
  6.39000000e+02 6.47000000e+02 9.32000000e+02 8.01100000e+03
  8.33500000e+03 9.07000000e+03 9.12700000e+03 9.22100000e+03
  9.25300000e+03 9.30200000e+03 9.33300000e+03 9.40500000e+03]
 [8.90000000e+02 2.02035237e+03 8.08600000e+03 8.16800000e+03
  8.21800000e+03 8.25700000e+03 8.31300000e+03 8.37100000e+03
  8.43000000e+03 8.43500000e+03 8.46800000e+03 8.54900000e+03
  8.64200000e+03 8.68800000e+03 8.71100000e+03 8.79100000e+03
  8.81500000e+03 8.82800000e+03 8.83800000e+03 8.87400000e+03]
 [1.81000000e+02 2.52000000e+02 2.84000000e+02 3.21000000e+02
  3.34000000e+02 5.37000000e+02 7.87900000e+03 7.95300000e+03
  8.03600000e+03 8.47700000e+03 8.53700000e+03 8.65700000e+03
  8.74700000e+03 8.80600000e+03 8.83800000e+03 8.91000000e+03
  9.01900000e+03 9.10600000e+03 9.17300000e+03 9.19600000e+03]
 [0.00000000e+00 5.47000000e+02 7.76300000e+03 7.80700000e+03
  7.81200000e+03 7.89900000e+03 7.95900000e+03 8.01200000e+03
  8.03000000e+03 8.12100000e+03 8.18800000e+03 8.24700000e+03
  8.32800000e+03 8.33600000e+03 8.35200000e+03 8.44600000e+03
  8.54000000e+03 8.58700000e+03 8.61300000e+03 8.68600000e+03]
 [1.30000000e+01 2.10000000e+01 3.30000000e+02 4.23000000e+02
  4.32000000e+02 5.44000000e+02 6.31000000e+02 6.71000000e+02
  6.77000000e+02 7.47000000e+02 9.08000000e+02 1.09400000e+03
  1.35600000e+03 1.43300000e+03 7.08400000e+03 7.14900000e+03
  7.39800000e+03 8.05600000e+03 8.33400000e+03 8.42900000e+03]
 [8.20000000e+01 6.93900000e+03 7.40187749e+03 7.54300000e+03
  7.62500000e+03 7.65900000e+03 7.68700000e+03 7.69500000e+03
  7.72700000e+03 7.79000000e+03 7.79500000e+03 7.82200000e+03
  7.91200000e+03 7.94400000e+03 8.06200000e+03 8.11400000e+03
  8.17700000e+03 8.18800000e+03 8.28800000e+03 8.31300000e+03]
 [4.04000000e+03 4.11300000e+03 6.31600000e+03 6.34900000e+03
  6.42200000e+03 6.44100000e+03 6.48900000e+03 6.49600000e+03
  6.57000000e+03 7.03200000e+03 7.08000000e+03 7.08500000e+03
  7.13200000e+03 7.17000000e+03 7.24300000e+03 7.44100000e+03
  7.46500000e+03 7.54500000e+03 8.01500000e+03 8.05600000e+03]
 [0.00000000e+00 2.09000000e+02 2.85000000e+02 4.27000000e+02
  4.71000000e+02 5.14000000e+02 9.31000000e+02 9.90000000e+02
  6.67700000e+03 6.70100000e+03 6.92200000e+03 7.32600000e+03
  7.39800000e+03 7.47000000e+03 7.54300000e+03 7.64700000e+03
  7.73300000e+03 7.75000000e+03 7.79000000e+03 7.87900000e+03]
 [6.78000000e+02 8.47000000e+02 9.90000000e+02 5.62700000e+03
  5.68200000e+03 6.77800000e+03 6.83200000e+03 6.84700000e+03
  6.87200000e+03 6.87400000e+03 6.93400000e+03 6.96900000e+03
  6.98300000e+03 6.99700000e+03 7.03400000e+03 7.11600000e+03
  7.15300000e+03 7.20000000e+03 7.22800000e+03 7.26500000e+03]
 [0.00000000e+00 2.40000000e+01 1.06000000e+02 1.74000000e+02
  1.87000000e+02 3.38000000e+02 4.05000000e+02 4.63000000e+02
  5.69000000e+02 6.41000000e+02 6.52000000e+02 8.18000000e+02
  9.91000000e+02 1.04300000e+03 1.06600000e+03 1.07900000e+03
  1.62900000e+03 1.70200000e+03 1.73700000e+03 1.80800000e+03]
 [5.90800000e+03 5.99500000e+03 6.03400000e+03 6.10000000e+03
  6.16700000e+03 6.25800000e+03 6.32900000e+03 6.37700000e+03
  6.39400000e+03 6.40600000e+03 6.50100000e+03 6.58700000e+03
  6.65800000e+03 6.67700000e+03 6.72600000e+03 6.78900000e+03
  6.85500000e+03 6.92400000e+03 6.99700000e+03 7.35421181e+03]
 [0.00000000e+00 6.90000000e+01 1.85000000e+02 1.96000000e+02
  3.80000000e+02 4.37000000e+02 5.32000000e+02 5.68000000e+02
  7.75000000e+02 9.26000000e+02 1.14900000e+03 1.22100000e+03
  1.24900000e+03 1.30200000e+03 1.36200000e+03 1.47000000e+03
  1.55200000e+03 1.75200000e+03 2.03300000e+03 6.72600000e+03]
 [4.40000000e+01 1.11000000e+02 1.12400000e+03 1.96400000e+03
  2.37600000e+03 2.78500000e+03 3.37000000e+03 4.37500000e+03
  4.44900000e+03 4.47900000e+03 4.89200000e+03 4.94500000e+03
  5.07700000e+03 5.31100000e+03 5.35700000e+03 5.41400000e+03
  6.32900000e+03 6.45200000e+03 6.50100000e+03 6.55500000e+03]
 [8.90000000e+01 3.00000000e+02 8.30000000e+02 3.10100000e+03
  3.22600000e+03 3.31800000e+03 5.08800000e+03 5.66700000e+03
  5.74800000e+03 5.81400000e+03 5.85500000e+03 5.93200000e+03
  5.94100000e+03 5.99700000e+03 6.07700000e+03 6.16700000e+03
  6.23500000e+03 6.42200000e+03 6.48000000e+03 6.72600000e+03]
 [8.90000000e+01 1.88000000e+02 1.07600000e+03 3.88600000e+03
  4.18600000e+03 4.21100000e+03 4.57700000e+03 4.60700000e+03
  4.62400000e+03 4.72000000e+03 5.41400000e+03 5.48500000e+03
  5.50700000e+03 5.59400000e+03 5.66700000e+03 5.73900000e+03
  5.74700000e+03 5.84400000e+03 5.93600000e+03 5.99700000e+03]
 [2.55000000e+02 4.11300000e+03 4.16000000e+03 4.33500000e+03
  4.39000000e+03 4.46800000e+03 4.52600000e+03 5.05900000e+03
  5.06000000e+03 5.08300000e+03 5.15400000e+03 5.20100000e+03
  5.27700000e+03 5.39000000e+03 5.48500000e+03 5.51000000e+03
  5.51400000e+03 5.60500000e+03 5.91500000e+03 6.13700000e+03]
 [1.36000000e+02 2.84000000e+02 1.08500000e+03 2.03300000e+03
  4.27500000e+03 4.33500000e+03 4.46800000e+03 4.52200000e+03
  4.52400000e+03 4.60700000e+03 4.68000000e+03 4.71600000e+03
  4.78400000e+03 4.88300000e+03 4.95100000e+03 5.01200000e+03
  5.28600000e+03 5.37400000e+03 5.38900000e+03 5.48500000e+03]
 [8.16000000e+02 8.22000000e+02 1.70900000e+03 3.46900000e+03
  3.49900000e+03 3.94300000e+03 4.06700000e+03 4.18600000e+03
  4.19500000e+03 4.28800000e+03 4.37500000e+03 4.46300000e+03
  4.46900000e+03 4.56000000e+03 4.59900000e+03 4.63800000e+03
  4.77800000e+03 4.85600000e+03 4.89300000e+03 4.95900000e+03]
 [0.00000000e+00 3.90000000e+01 2.40000000e+02 3.47700000e+03
  3.56400000e+03 3.59800000e+03 3.64300000e+03 3.72100000e+03
  3.73400000e+03 3.79300000e+03 3.88600000e+03 3.90200000e+03
  3.98700000e+03 4.06300000e+03 4.11700000e+03 4.20800000e+03
  4.30100000e+03 4.31400000e+03 4.40500000e+03 4.50800000e+03]
 [6.90000000e+01 4.81000000e+02 8.10000000e+02 3.23700000e+03
  3.28100000e+03 3.29000000e+03 3.34600000e+03 3.41600000e+03
  3.51100000e+03 3.55100000e+03 3.60800000e+03 3.67100000e+03
  3.71500000e+03 3.88600000e+03 3.95900000e+03 4.01800000e+03
  4.10000000e+03 4.20800000e+03 4.30100000e+03 4.47900000e+03]
 [1.21000000e+02 3.21000000e+02 4.10000000e+02 7.08000000e+02
  7.38000000e+02 9.26000000e+02 9.90000000e+02 1.03200000e+03
  1.07100000e+03 1.22300000e+03 1.39800000e+03 1.54300000e+03
  1.76600000e+03 2.03300000e+03 2.68900000e+03 3.13200000e+03
  3.57200000e+03 3.84800000e+03 3.88200000e+03 3.97500000e+03]
 [2.40000000e+01 8.20000000e+01 2.19000000e+02 2.84000000e+02
  3.23400000e+03 3.30600000e+03 3.34600000e+03 3.39400000e+03
  3.40900000e+03 3.42300000e+03 3.43800000e+03 3.47700000e+03
  3.49400000e+03 3.54600000e+03 3.58900000e+03 3.59800000e+03
  3.67100000e+03 3.67700000e+03 3.74200000e+03 3.88600000e+03]
 [8.81000000e+02 1.39800000e+03 1.47000000e+03 1.58400000e+03
  2.16200000e+03 2.24100000e+03 2.31200000e+03 2.34100000e+03
  2.35500000e+03 2.37400000e+03 2.40100000e+03 2.49300000e+03
  2.59000000e+03 2.68900000e+03 2.76300000e+03 2.83200000e+03
  2.85200000e+03 2.89200000e+03 2.93300000e+03 3.28100000e+03]
 [1.90000000e+01 1.85000000e+02 2.10000000e+02 4.17000000e+02
  4.57000000e+02 4.71000000e+02 5.69000000e+02 8.26000000e+02
  8.81000000e+02 1.90800000e+03 2.78500000e+03 2.85200000e+03
  2.95100000e+03 2.99900000e+03 3.01900000e+03 3.10600000e+03
  3.16100000e+03 3.22600000e+03 3.29200000e+03 3.30200000e+03]
 [1.85000000e+02 1.93000000e+02 1.96400000e+03 2.06700000e+03
  2.18100000e+03 2.32900000e+03 2.34100000e+03 2.41900000e+03
  2.47600000e+03 2.57400000e+03 2.59100000e+03 2.65500000e+03
  2.73500000e+03 2.78500000e+03 2.86100000e+03 2.96000000e+03
  3.03200000e+03 3.10600000e+03 3.15800000e+03 3.20700000e+03]
 [5.00000000e+00 5.00000000e+01 7.20000000e+01 8.60000000e+01
  3.92000000e+02 6.25000000e+02 7.21000000e+02 1.45500000e+03
  1.57000000e+03 1.57800000e+03 1.63500000e+03 1.69500000e+03
  1.73300000e+03 1.80400000e+03 1.87400000e+03 1.97200000e+03
  2.02900000e+03 2.03300000e+03 2.42600042e+03 2.60200000e+03]
 [1.57000000e+02 2.09000000e+02 2.35000000e+02 4.59000000e+02
  5.36000000e+02 1.08800000e+03 1.22300000e+03 1.54300000e+03
  1.58400000e+03 1.67300000e+03 2.02900000e+03 2.13700000e+03
  2.18100000e+03 2.24100000e+03 2.35800000e+03 2.49100000e+03
  2.67800000e+03 2.71400000e+03 2.78600000e+03 2.82700000e+03]
 [0.00000000e+00 1.60000000e+01 8.70000000e+01 1.36000000e+02
  1.61000000e+02 2.23000000e+02 3.21000000e+02 3.84000000e+02
  4.63000000e+02 4.92000000e+02 6.63000000e+02 7.47000000e+02
  8.23000000e+02 9.08000000e+02 9.26000000e+02 1.09400000e+03
  1.11200000e+03 1.62000000e+03 1.68500000e+03 1.86500000e+03]]
