optimal_status: 0
solution: 4159.0
cpu_time: 3600.140055179596
gap: 0.7378388223844199
upper_bound: 1090.3283377031973
lower_bound: 4159.0
cg_matrix: [[0. 0. 0. 1. 1. 0. 0. 0. 0. 1. 1. 0. 1. 1. 0.]
 [0. 0. 1. 1. 0. 0. 1. 1. 1. 0. 0. 0. 0. 1. 1.]
 [0. 1. 0. 1. 1. 0. 1. 1. 1. 0. 1. 0. 0. 1. 1.]
 [1. 1. 1. 0. 0. 0. 1. 0. 1. 1. 1. 1. 0. 0. 1.]
 [1. 0. 1. 0. 0. 1. 1. 1. 0. 0. 0. 0. 1. 1. 1.]
 [0. 0. 0. 0. 1. 0. 0. 0. 0. 1. 0. 0. 0. 1. 1.]
 [0. 1. 1. 1. 1. 0. 0. 1. 0. 1. 0. 0. 0. 0. 0.]
 [0. 1. 1. 0. 1. 0. 1. 0. 0. 1. 1. 0. 1. 0. 0.]
 [0. 1. 1. 1. 0. 0. 0. 0. 0. 1. 1. 0. 1. 0. 1.]
 [1. 0. 0. 1. 0. 1. 1. 1. 1. 0. 0. 0. 1. 0. 0.]
 [1. 0. 1. 1. 0. 0. 0. 1. 1. 0. 0. 0. 0. 0. 1.]
 [0. 0. 0. 1. 0. 0. 0. 0. 0. 0. 0. 0. 0. 1. 1.]
 [1. 0. 0. 0. 1. 0. 0. 1. 1. 1. 0. 0. 0. 0. 0.]
 [1. 1. 1. 0. 1. 1. 0. 0. 0. 0. 0. 1. 0. 0. 0.]
 [0. 1. 1. 1. 1. 1. 0. 0. 1. 0. 1. 1. 0. 0. 0.]]
start_times_array: [[0.000e+00 7.600e+01 4.510e+02 1.046e+03 1.335e+03 1.388e+03 1.662e+03
  2.035e+03 2.105e+03 2.304e+03 2.534e+03 3.180e+03 3.559e+03 3.645e+03
  4.142e+03]
 [2.770e+02 6.370e+02 9.650e+02 1.024e+03 1.157e+03 1.578e+03 1.849e+03
  1.925e+03 2.662e+03 3.050e+03 3.113e+03 3.332e+03 3.516e+03 3.831e+03
  3.876e+03]
 [9.200e+01 4.270e+02 4.700e+02 6.810e+02 6.830e+02 9.870e+02 1.209e+03
  1.398e+03 1.865e+03 2.296e+03 2.534e+03 3.018e+03 3.234e+03 3.645e+03
  3.906e+03]
 [6.200e+01 3.600e+02 7.330e+02 7.680e+02 8.830e+02 9.080e+02 1.112e+03
  1.113e+03 1.755e+03 2.157e+03 2.439e+03 2.768e+03 3.737e+03 4.031e+03
  4.143e+03]
 [2.770e+02 6.420e+02 7.330e+02 1.111e+03 1.295e+03 1.297e+03 1.578e+03
  1.833e+03 1.940e+03 2.233e+03 2.513e+03 2.521e+03 2.666e+03 2.782e+03
  3.828e+03]
 [8.980e+02 1.038e+03 1.335e+03 1.893e+03 2.035e+03 2.532e+03 2.620e+03
  2.653e+03 2.724e+03 2.982e+03 3.064e+03 3.087e+03 3.317e+03 3.645e+03
  4.031e+03]
 [0.000e+00 1.750e+02 5.700e+02 1.485e+03 2.035e+03 2.126e+03 2.716e+03
  2.877e+03 3.125e+03 3.420e+03 3.422e+03 3.581e+03 3.788e+03 4.083e+03
  4.101e+03]
 [3.000e+00 6.200e+01 2.550e+02 3.730e+02 8.180e+02 1.335e+03 1.649e+03
  1.738e+03 2.353e+03 2.476e+03 2.600e+03 2.605e+03 2.947e+03 2.964e+03
  3.737e+03]
 [7.740e+02 1.053e+03 1.303e+03 2.030e+03 2.187e+03 2.600e+03 2.725e+03
  2.728e+03 2.861e+03 2.982e+03 3.000e+03 3.420e+03 3.438e+03 3.788e+03
  4.083e+03]
 [3.500e+01 1.610e+02 2.830e+02 4.270e+02 6.780e+02 9.710e+02 1.157e+03
  1.466e+03 1.604e+03 3.031e+03 3.229e+03 3.512e+03 3.823e+03 3.995e+03
  4.006e+03]
 [2.930e+02 5.870e+02 1.157e+03 1.207e+03 1.566e+03 1.982e+03 2.001e+03
  2.120e+03 2.238e+03 2.655e+03 2.687e+03 3.042e+03 3.332e+03 3.510e+03
  3.823e+03]
 [7.600e+01 1.360e+02 4.600e+02 9.650e+02 1.229e+03 1.952e+03 2.075e+03
  2.091e+03 2.655e+03 2.861e+03 3.004e+03 3.332e+03 3.516e+03 3.524e+03
  3.828e+03]
 [5.300e+02 8.860e+02 9.670e+02 1.216e+03 1.402e+03 1.500e+03 1.865e+03
  2.119e+03 2.124e+03 2.174e+03 2.394e+03 2.517e+03 2.887e+03 3.086e+03
  3.921e+03]
 [3.500e+01 1.580e+02 2.460e+02 1.479e+03 1.547e+03 1.649e+03 1.788e+03
  2.126e+03 2.394e+03 2.731e+03 3.125e+03 3.417e+03 3.595e+03 3.744e+03
  3.975e+03]
 [0.000e+00 2.700e+01 1.540e+02 2.180e+02 2.350e+02 5.410e+02 8.180e+02
  1.492e+03 1.659e+03 2.092e+03 2.353e+03 2.887e+03 3.141e+03 3.578e+03
  3.975e+03]]
