optimal_status: 0
solution: 9693.0
cpu_time: 3600.7666931152344
gap: 0.8184202705481409
upper_bound: 1760.0523175768706
lower_bound: 9693.0
cg_matrix: [[0. 1. 1. 0. 0. 0. 0. 0. 0. 0. 1. 1. 1. 1. 0. 0. 1. 0. 0. 0. 0. 0. 0. 0.
  0. 0. 1. 0. 0. 0. 0. 0. 1. 0. 0. 0. 1. 0. 0. 1. 0. 1. 0. 0. 0. 0. 0. 0.
  0. 0.]
 [1. 0. 0. 0. 0. 0. 0. 0. 1. 1. 0. 0. 0. 0. 0. 0. 0. 0. 1. 0. 0. 0. 0. 1.
  0. 0. 0. 1. 1. 0. 0. 1. 0. 0. 1. 1. 0. 0. 0. 0. 0. 0. 1. 0. 1. 0. 0. 0.
  0. 0.]
 [1. 0. 0. 0. 0. 0. 0. 0. 0. 0. 0. 0. 1. 0. 1. 0. 0. 0. 0. 1. 0. 0. 0. 0.
  0. 0. 1. 0. 0. 0. 0. 0. 1. 0. 0. 0. 0. 0. 0. 0. 0. 0. 1. 0. 0. 0. 0. 0.
  0. 0.]
 [0. 0. 0. 0. 0. 0. 0. 1. 1. 1. 0. 0. 1. 0. 0. 0. 0. 1. 0. 1. 0. 0. 0. 0.
  0. 0. 0. 0. 1. 0. 0. 0. 0. 0. 0. 0. 1. 0. 0. 1. 0. 1. 0. 0. 0. 0. 0. 0.
  0. 1.]
 [0. 0. 0. 0. 0. 0. 0. 0. 0. 0. 1. 0. 0. 0. 0. 0. 0. 0. 0. 0. 1. 0. 0. 0.
  0. 0. 1. 1. 0. 1. 0. 1. 0. 0. 0. 0. 0. 1. 0. 0. 0. 1. 1. 1. 0. 0. 1. 0.
  0. 0.]
 [0. 0. 0. 0. 0. 0. 0. 0. 1. 0. 0. 1. 0. 0. 0. 0. 1. 1. 0. 0. 0. 0. 0. 0.
  0. 0. 0. 0. 0. 1. 1. 0. 0. 0. 0. 1. 0. 0. 0. 0. 1. 0. 0. 0. 1. 0. 0. 0.
  0. 0.]
 [0. 0. 0. 0. 0. 0. 0. 0. 0. 0. 0. 0. 0. 0. 1. 0. 0. 1. 0. 0. 0. 0. 1. 0.
  0. 0. 0. 0. 0. 0. 0. 0. 0. 0. 0. 0. 0. 0. 0. 0. 0. 0. 0. 0. 1. 0. 0. 0.
  0. 0.]
 [0. 0. 0. 1. 0. 0. 0. 0. 0. 0. 0. 1. 0. 0. 0. 1. 0. 0. 0. 0. 0. 0. 0. 0.
  0. 0. 0. 0. 1. 0. 0. 0. 1. 0. 0. 0. 0. 0. 1. 1. 1. 0. 0. 1. 0. 1. 0. 0.
  0. 0.]
 [0. 1. 0. 1. 0. 1. 0. 0. 0. 0. 0. 0. 0. 0. 1. 0. 0. 0. 0. 0. 0. 0. 0. 0.
  0. 1. 1. 1. 0. 1. 0. 0. 0. 0. 0. 0. 0. 0. 0. 1. 0. 1. 0. 0. 0. 0. 0. 0.
  0. 0.]
 [0. 1. 0. 1. 0. 0. 0. 0. 0. 0. 0. 0. 1. 0. 0. 0. 1. 1. 1. 0. 0. 1. 0. 0.
  0. 1. 0. 0. 0. 1. 0. 0. 0. 0. 0. 1. 0. 0. 0. 0. 0. 0. 0. 1. 0. 0. 1. 1.
  0. 1.]
 [1. 0. 0. 0. 1. 0. 0. 0. 0. 0. 0. 0. 1. 0. 0. 0. 0. 0. 0. 1. 0. 0. 0. 1.
  0. 0. 1. 1. 0. 0. 0. 1. 0. 0. 0. 0. 0. 0. 1. 1. 0. 0. 0. 0. 0. 0. 0. 0.
  0. 0.]
 [1. 0. 0. 0. 0. 1. 0. 1. 0. 0. 0. 0. 0. 1. 1. 0. 0. 0. 1. 0. 0. 0. 0. 0.
  0. 0. 0. 0. 0. 0. 0. 1. 0. 0. 0. 0. 0. 0. 0. 0. 0. 0. 0. 0. 0. 0. 0. 0.
  0. 1.]
 [1. 0. 1. 1. 0. 0. 0. 0. 0. 1. 1. 0. 0. 0. 0. 1. 0. 1. 0. 0. 0. 0. 0. 0.
  0. 0. 0. 0. 1. 1. 0. 0. 0. 0. 0. 0. 0. 0. 1. 0. 0. 0. 1. 1. 0. 0. 1. 1.
  0. 0.]
 [1. 0. 0. 0. 0. 0. 0. 0. 0. 0. 0. 1. 0. 0. 0. 0. 0. 0. 0. 0. 0. 1. 0. 0.
  0. 0. 0. 0. 1. 0. 0. 0. 0. 0. 0. 0. 0. 0. 0. 0. 0. 0. 0. 1. 0. 0. 0. 0.
  0. 0.]
 [0. 0. 1. 0. 0. 0. 1. 0. 1. 0. 0. 1. 0. 0. 0. 0. 1. 1. 1. 0. 0. 0. 0. 1.
  0. 1. 0. 0. 0. 1. 1. 0. 0. 1. 0. 0. 0. 0. 1. 0. 0. 0. 0. 0. 0. 0. 0. 1.
  0. 0.]
 [0. 0. 0. 0. 0. 0. 0. 1. 0. 0. 0. 0. 1. 0. 0. 0. 0. 1. 0. 0. 0. 0. 0. 0.
  0. 0. 0. 0. 0. 1. 0. 0. 1. 0. 0. 0. 0. 0. 0. 0. 0. 1. 0. 0. 1. 1. 0. 0.
  1. 0.]
 [1. 0. 0. 0. 0. 1. 0. 0. 0. 1. 0. 0. 0. 0. 1. 0. 0. 0. 0. 0. 0. 0. 0. 0.
  0. 1. 0. 0. 0. 1. 0. 0. 0. 1. 0. 0. 0. 0. 1. 0. 0. 0. 0. 0. 0. 0. 0. 0.
  0. 1.]
 [0. 0. 0. 1. 0. 1. 1. 0. 0. 1. 0. 0. 1. 0. 1. 1. 0. 0. 0. 0. 0. 1. 0. 1.
  0. 0. 0. 0. 0. 0. 0. 0. 0. 0. 0. 0. 0. 0. 0. 0. 1. 0. 0. 0. 0. 0. 0. 1.
  0. 0.]
 [0. 1. 0. 0. 0. 0. 0. 0. 0. 1. 0. 1. 0. 0. 1. 0. 0. 0. 0. 0. 0. 0. 0. 0.
  0. 0. 0. 0. 0. 0. 0. 0. 1. 0. 0. 0. 1. 0. 0. 0. 0. 0. 0. 0. 0. 0. 0. 0.
  1. 0.]
 [0. 0. 1. 1. 0. 0. 0. 0. 0. 0. 1. 0. 0. 0. 0. 0. 0. 0. 0. 0. 0. 0. 0. 1.
  0. 0. 0. 1. 0. 0. 0. 0. 0. 0. 1. 0. 0. 0. 1. 0. 1. 0. 0. 0. 0. 0. 0. 0.
  0. 1.]
 [0. 0. 0. 0. 1. 0. 0. 0. 0. 0. 0. 0. 0. 0. 0. 0. 0. 0. 0. 0. 0. 0. 0. 0.
  0. 0. 0. 0. 0. 0. 0. 0. 0. 0. 0. 0. 0. 0. 0. 0. 0. 0. 0. 0. 0. 0. 0. 0.
  0. 0.]
 [0. 0. 0. 0. 0. 0. 0. 0. 0. 1. 0. 0. 0. 1. 0. 0. 0. 1. 0. 0. 0. 0. 0. 0.
  0. 0. 0. 0. 0. 0. 0. 0. 0. 0. 0. 0. 0. 0. 0. 0. 0. 0. 0. 0. 0. 0. 0. 0.
  0. 0.]
 [0. 0. 0. 0. 0. 0. 1. 0. 0. 0. 0. 0. 0. 0. 0. 0. 0. 0. 0. 0. 0. 0. 0. 0.
  0. 0. 0. 0. 0. 0. 0. 0. 0. 0. 0. 0. 0. 0. 0. 0. 0. 0. 0. 0. 0. 0. 0. 0.
  0. 0.]
 [0. 1. 0. 0. 0. 0. 0. 0. 0. 0. 1. 0. 0. 0. 1. 0. 0. 1. 0. 1. 0. 0. 0. 0.
  0. 0. 0. 0. 0. 0. 0. 0. 0. 0. 0. 0. 0. 0. 0. 0. 0. 0. 0. 0. 0. 0. 0. 0.
  0. 0.]
 [0. 0. 0. 0. 0. 0. 0. 0. 0. 0. 0. 0. 0. 0. 0. 0. 0. 0. 0. 0. 0. 0. 0. 0.
  0. 0. 0. 0. 0. 0. 0. 0. 0. 0. 0. 0. 0. 0. 0. 0. 0. 0. 0. 0. 0. 0. 0. 0.
  0. 0.]
 [0. 0. 0. 0. 0. 0. 0. 0. 1. 1. 0. 0. 0. 0. 1. 0. 1. 0. 0. 0. 0. 0. 0. 0.
  0. 0. 0. 0. 0. 0. 0. 0. 0. 0. 0. 0. 0. 0. 0. 0. 0. 0. 0. 0. 0. 0. 0. 0.
  0. 0.]
 [1. 0. 1. 0. 1. 0. 0. 0. 1. 0. 1. 0. 0. 0. 0. 0. 0. 0. 0. 0. 0. 0. 0. 0.
  0. 0. 0. 0. 0. 0. 0. 0. 0. 0. 0. 0. 0. 0. 0. 0. 0. 0. 0. 0. 0. 0. 0. 0.
  0. 0.]
 [0. 1. 0. 0. 1. 0. 0. 0. 1. 0. 1. 0. 0. 0. 0. 0. 0. 0. 0. 1. 0. 0. 0. 0.
  0. 0. 0. 0. 0. 0. 0. 0. 0. 0. 0. 0. 0. 0. 0. 0. 0. 0. 0. 0. 0. 0. 0. 0.
  0. 0.]
 [0. 1. 0. 1. 0. 0. 0. 1. 0. 0. 0. 0. 1. 1. 0. 0. 0. 0. 0. 0. 0. 0. 0. 0.
  0. 0. 0. 0. 0. 0. 0. 0. 0. 0. 0. 0. 0. 0. 0. 0. 0. 0. 0. 0. 0. 0. 0. 0.
  0. 0.]
 [0. 0. 0. 0. 1. 1. 0. 0. 1. 1. 0. 0. 1. 0. 1. 1. 1. 0. 0. 0. 0. 0. 0. 0.
  0. 0. 0. 0. 0. 0. 0. 0. 0. 0. 0. 0. 0. 0. 0. 0. 0. 0. 0. 0. 0. 0. 0. 0.
  0. 0.]
 [0. 0. 0. 0. 0. 1. 0. 0. 0. 0. 0. 0. 0. 0. 1. 0. 0. 0. 0. 0. 0. 0. 0. 0.
  0. 0. 0. 0. 0. 0. 0. 0. 0. 0. 0. 0. 0. 0. 0. 0. 0. 0. 0. 0. 0. 0. 0. 0.
  0. 0.]
 [0. 1. 0. 0. 1. 0. 0. 0. 0. 0. 1. 1. 0. 0. 0. 0. 0. 0. 0. 0. 0. 0. 0. 0.
  0. 0. 0. 0. 0. 0. 0. 0. 0. 0. 0. 0. 0. 0. 0. 0. 0. 0. 0. 0. 0. 0. 0. 0.
  0. 0.]
 [1. 0. 1. 0. 0. 0. 0. 1. 0. 0. 0. 0. 0. 0. 0. 1. 0. 0. 1. 0. 0. 0. 0. 0.
  0. 0. 0. 0. 0. 0. 0. 0. 0. 0. 0. 0. 0. 0. 0. 0. 0. 0. 0. 0. 0. 0. 0. 0.
  0. 0.]
 [0. 0. 0. 0. 0. 0. 0. 0. 0. 0. 0. 0. 0. 0. 1. 0. 1. 0. 0. 0. 0. 0. 0. 0.
  0. 0. 0. 0. 0. 0. 0. 0. 0. 0. 0. 0. 0. 0. 0. 0. 0. 0. 0. 0. 0. 0. 0. 0.
  0. 0.]
 [0. 1. 0. 0. 0. 0. 0. 0. 0. 0. 0. 0. 0. 0. 0. 0. 0. 0. 0. 1. 0. 0. 0. 0.
  0. 0. 0. 0. 0. 0. 0. 0. 0. 0. 0. 0. 0. 0. 0. 0. 0. 0. 0. 0. 0. 0. 0. 0.
  0. 0.]
 [0. 1. 0. 0. 0. 1. 0. 0. 0. 1. 0. 0. 0. 0. 0. 0. 0. 0. 0. 0. 0. 0. 0. 0.
  0. 0. 0. 0. 0. 0. 0. 0. 0. 0. 0. 0. 0. 0. 0. 0. 0. 0. 0. 0. 0. 0. 0. 0.
  0. 0.]
 [1. 0. 0. 1. 0. 0. 0. 0. 0. 0. 0. 0. 0. 0. 0. 0. 0. 0. 1. 0. 0. 0. 0. 0.
  0. 0. 0. 0. 0. 0. 0. 0. 0. 0. 0. 0. 0. 0. 0. 0. 0. 0. 0. 0. 0. 0. 0. 0.
  0. 0.]
 [0. 0. 0. 0. 1. 0. 0. 0. 0. 0. 0. 0. 0. 0. 0. 0. 0. 0. 0. 0. 0. 0. 0. 0.
  0. 0. 0. 0. 0. 0. 0. 0. 0. 0. 0. 0. 0. 0. 0. 0. 0. 0. 0. 0. 0. 0. 0. 0.
  0. 0.]
 [0. 0. 0. 0. 0. 0. 0. 1. 0. 0. 1. 0. 1. 0. 1. 0. 1. 0. 0. 1. 0. 0. 0. 0.
  0. 0. 0. 0. 0. 0. 0. 0. 0. 0. 0. 0. 0. 0. 0. 0. 0. 0. 0. 0. 0. 0. 0. 0.
  0. 0.]
 [1. 0. 0. 1. 0. 0. 0. 1. 1. 0. 1. 0. 0. 0. 0. 0. 0. 0. 0. 0. 0. 0. 0. 0.
  0. 0. 0. 0. 0. 0. 0. 0. 0. 0. 0. 0. 0. 0. 0. 0. 0. 0. 0. 0. 0. 0. 0. 0.
  0. 0.]
 [0. 0. 0. 0. 0. 1. 0. 1. 0. 0. 0. 0. 0. 0. 0. 0. 0. 1. 0. 1. 0. 0. 0. 0.
  0. 0. 0. 0. 0. 0. 0. 0. 0. 0. 0. 0. 0. 0. 0. 0. 0. 0. 0. 0. 0. 0. 0. 0.
  0. 0.]
 [1. 0. 0. 1. 1. 0. 0. 0. 1. 0. 0. 0. 0. 0. 0. 1. 0. 0. 0. 0. 0. 0. 0. 0.
  0. 0. 0. 0. 0. 0. 0. 0. 0. 0. 0. 0. 0. 0. 0. 0. 0. 0. 0. 0. 0. 0. 0. 0.
  0. 0.]
 [0. 1. 1. 0. 1. 0. 0. 0. 0. 0. 0. 0. 1. 0. 0. 0. 0. 0. 0. 0. 0. 0. 0. 0.
  0. 0. 0. 0. 0. 0. 0. 0. 0. 0. 0. 0. 0. 0. 0. 0. 0. 0. 0. 0. 0. 0. 0. 0.
  0. 0.]
 [0. 0. 0. 0. 1. 0. 0. 1. 0. 1. 0. 0. 1. 1. 0. 0. 0. 0. 0. 0. 0. 0. 0. 0.
  0. 0. 0. 0. 0. 0. 0. 0. 0. 0. 0. 0. 0. 0. 0. 0. 0. 0. 0. 0. 0. 0. 0. 0.
  0. 0.]
 [0. 1. 0. 0. 0. 1. 1. 0. 0. 0. 0. 0. 0. 0. 0. 1. 0. 0. 0. 0. 0. 0. 0. 0.
  0. 0. 0. 0. 0. 0. 0. 0. 0. 0. 0. 0. 0. 0. 0. 0. 0. 0. 0. 0. 0. 0. 0. 0.
  0. 0.]
 [0. 0. 0. 0. 0. 0. 0. 1. 0. 0. 0. 0. 0. 0. 0. 1. 0. 0. 0. 0. 0. 0. 0. 0.
  0. 0. 0. 0. 0. 0. 0. 0. 0. 0. 0. 0. 0. 0. 0. 0. 0. 0. 0. 0. 0. 0. 0. 0.
  0. 0.]
 [0. 0. 0. 0. 1. 0. 0. 0. 0. 1. 0. 0. 1. 0. 0. 0. 0. 0. 0. 0. 0. 0. 0. 0.
  0. 0. 0. 0. 0. 0. 0. 0. 0. 0. 0. 0. 0. 0. 0. 0. 0. 0. 0. 0. 0. 0. 0. 0.
  0. 0.]
 [0. 0. 0. 0. 0. 0. 0. 0. 0. 1. 0. 0. 1. 0. 1. 0. 0. 1. 0. 0. 0. 0. 0. 0.
  0. 0. 0. 0. 0. 0. 0. 0. 0. 0. 0. 0. 0. 0. 0. 0. 0. 0. 0. 0. 0. 0. 0. 0.
  0. 0.]
 [0. 0. 0. 0. 0. 0. 0. 0. 0. 0. 0. 0. 0. 0. 0. 1. 0. 0. 1. 0. 0. 0. 0. 0.
  0. 0. 0. 0. 0. 0. 0. 0. 0. 0. 0. 0. 0. 0. 0. 0. 0. 0. 0. 0. 0. 0. 0. 0.
  0. 0.]
 [0. 0. 0. 1. 0. 0. 0. 0. 0. 1. 0. 1. 0. 0. 0. 0. 1. 0. 0. 1. 0. 0. 0. 0.
  0. 0. 0. 0. 0. 0. 0. 0. 0. 0. 0. 0. 0. 0. 0. 0. 0. 0. 0. 0. 0. 0. 0. 0.
  0. 0.]]
start_times_array: [[1467. 8568. 8571. 8687. 8732. 8774. 8851. 8893. 8971. 8991. 9072. 9111.
  9202. 9215. 9268. 9298. 9449. 9531. 9601. 9638.]
 [ 398.  567.  753. 7698. 7782. 7794. 7888. 7969. 8044. 8064. 8147. 8188.
  8272. 8288. 8294. 8358. 8421. 8437. 8449. 8648.]
 [ 366.  512.  528.  579.  799.  927.  980. 1041. 1255. 6720. 7969. 8080.
  8191. 8236. 8272. 8365. 8441. 8454. 8526. 9393.]
 [ 866. 1430. 7840. 7968. 8170. 8191. 8257. 8329. 8421. 8671. 8731. 8823.
  8851. 8940. 9061. 9099. 9113. 9256. 9273. 9361.]
 [7605. 7630. 7701. 7711. 7782. 7862. 7903. 7979. 8071. 8157. 8287. 8329.
  8419. 8437. 8998. 9113. 9276. 9372. 9454. 9531.]
 [ 214.  704. 5802. 7206. 7482. 7611. 7861. 7882. 7889. 7947. 7985. 7997.
  8008. 8071. 8101. 8193. 8257. 8620. 8670. 9415.]
 [  95.  253. 6912. 6961. 7079. 7156. 7244. 7286. 7294. 7358. 7360. 7446.
  7698. 7724. 7810. 7873. 7874. 7914. 8027. 8364.]
 [ 251.  541.  731. 5954. 6783. 7135. 7300. 7374. 7401. 7485. 7498. 7551.
  7706. 7753. 7903. 7934. 8034. 8071. 8495. 8526.]
 [5973. 6162. 6351. 6358. 6527. 6597. 6628. 6720. 6757. 6856. 6920. 6973.
  7012. 7079. 7099. 7300. 7374. 7457. 7546. 8542.]
 [1789. 6187. 6575. 6663. 6724. 6905. 6982. 7028. 7177. 7268. 7309. 7346.
  7415. 7452. 7537. 7551. 7585. 7668. 7741. 7778.]
 [  27.  126. 4895. 6575. 6626. 6675. 6718. 6892. 6924. 7023. 7072. 7156.
  7209. 7266. 7306. 7316. 7374. 7452. 7539. 7573.]
 [1004. 1014. 1430. 1529. 1726. 3571. 5973. 6162. 6351. 6527. 6720. 6853.
  6894. 6982. 6997. 7030. 7041. 7051. 7151. 7678.]
 [ 289.  681.  704.  727. 1312. 5998. 6036. 6092. 6165. 6254. 6283. 6295.
  6381. 6382. 6405. 6411. 6456. 6526. 6574. 6759.]
 [  97.  750.  856.  911. 2989. 4518. 4545. 4622. 4819. 4872. 4903. 4914.
  5526. 5779. 5873. 5884. 5968. 6095. 6213. 6870.]
 [5080. 5195. 5221. 5433. 5533. 5561. 5622. 5652. 5721. 5764. 5812. 5879.
  5970. 6068. 6069. 6258. 6310. 6442. 6473. 6663.]
 [1826. 5061. 5062. 5195. 5278. 5433. 5497. 5504. 5533. 5577. 5625. 5695.
  5764. 5824. 5876. 5935. 5973. 6187. 6961. 7028.]
 [1291. 3525. 3571. 3652. 3881. 4078. 4086. 4137. 4148. 4215. 4337. 4383.
  4399. 4417. 4429. 4440. 4451. 4518. 4520. 4626.]
 [3768. 3909. 4165. 4241. 4390. 4492. 4508. 4599. 4635. 4649. 4707. 4717.
  4808. 4872. 4916. 4995. 5154. 5185. 5377. 5526.]
 [ 809.  854. 1111. 1222. 1266. 1300. 1356. 1592. 1932. 2018. 3092. 3860.
  3885. 3911. 3984. 4030. 4435. 4520. 4622. 4677.]
 [3459. 4255. 4283. 4287. 4457. 4501. 4559. 4645. 4709. 4725. 4771. 4780.
  4805. 4831. 4950. 4995. 5005. 5100. 5526. 5572.]
 [ 181.  267. 1752. 2140. 3274. 3343. 3481. 3504. 3814. 3901. 3937. 3949.
  3959. 4002. 4283. 4316. 4323. 4338. 4383. 4542.]
 [ 812. 1300. 2225. 3044. 3075. 3144. 3228. 3291. 3385. 3459. 3668. 3735.
  3759. 3815. 4002. 4115. 4222. 4310. 4489. 5533.]
 [ 858. 1003. 1014. 2323. 2774. 3522. 3608. 3882. 3929. 3951. 3967. 3991.
  4250. 4255. 4312. 4471. 4513. 4559. 4725. 4774.]
 [ 251.  269.  549. 1280. 2022. 2052. 2204. 2634. 2749. 2885. 2926. 3030.
  3038. 3075. 3092. 3815. 3993. 4085. 4086. 4356.]
 [   0.   29.  121.  219.  262.  392.  415.  484.  491.  585.  737.  813.
   896.  918. 1031. 1041. 1216. 1266. 1340. 1623.]
 [ 311.  378.  488.  579.  668.  727.  799.  897.  913.  992. 1030. 1106.
  1176. 1206. 1420. 1618. 1657. 1660. 1885. 2238.]
 [1590. 1703. 2284. 3080. 3141. 3206. 3212. 3264. 3323. 3343. 3372. 3378.
  3438. 3531. 3701. 3756. 3768. 3860. 3909. 3911.]
 [ 791. 1186. 2517. 2739. 2922. 2962. 3026. 3030. 3096. 3160. 3241. 3365.
  3426. 3525. 3623. 3717. 3815. 4165. 4381. 4744.]
 [   0.  155.  160.  317.  318.  454. 1055. 1127. 1247. 1323. 1520. 1575.
  1585. 1605. 1905. 1964. 1994. 2136. 2583. 2631.]
 [ 327. 1467. 1673. 2231. 2742. 2761. 2860. 2926. 3022. 3096. 3169. 3190.
  3252. 3343. 3464. 3590. 3719. 3814. 3827. 3922.]
 [   0.   54.  262.  306.  506. 2567. 2653. 2738. 2798. 2853. 2958. 3025.
  3096. 3175. 3241. 3242. 3254. 3320. 3420. 3461.]
 [ 103.  170. 1111. 1132. 1592. 1656. 2270. 2366. 2522. 2846. 2921. 2987.
  3075. 3197. 3296. 3320. 3375. 3439. 3440. 3617.]
 [  55.  114.  296.  461.  527.  635.  657. 1168. 1680. 1767. 1884. 1964.
  2022. 2140. 2348. 2598. 2830. 2912. 3190. 3426.]
 [  92.  454.  538.  624. 1198. 1885. 2105. 2191. 2258. 2323. 2595. 2950.
  3009. 3052. 3053. 3150. 3266. 3347. 3590. 3735.]
 [ 121.  686. 1125. 1512. 1636. 1640. 1693. 1873. 1986. 2040. 2123. 2194.
  2404. 2512. 2568. 2631. 2811. 2865. 2921. 3525.]
 [1690. 1930. 1961. 2321. 2388. 2510. 2584. 2653. 2682. 2774. 2860. 2950.
  3022. 3027. 3048. 3077. 3207. 3210. 3239. 3266.]
 [ 330.  738. 1006. 1792. 1823. 1862. 1964. 2194. 2254. 2267. 2299. 2342.
  2366. 2545. 2598. 2682. 2729. 2849. 2934. 2948.]
 [ 152.  237.  331.  386.  467.  571.  655.  753.  836.  912.  918.  980.
  1020. 1168. 1323. 1420. 1509. 1527. 1847. 2153.]
 [ 624. 1575. 1884. 1897. 2040. 2136. 2155. 2199. 2204. 2267. 2343. 2404.
  2418. 2461. 2484. 2487. 2600. 2692. 2778. 3250.]
 [   0.   56.  195.  643.  947. 1739. 1912. 2011. 2059. 2155. 2237. 2350.
  2414. 2450. 2506. 2517. 2761. 2763. 2817. 2997.]
 [ 126.  309.  624.  651.  785.  827. 1014. 1106. 1186. 1241. 1527. 1610.
  1678. 1689. 1758. 2008. 2087. 2529. 2536. 2682.]
 [   0.  164.  306.  370. 1541. 1699. 1734. 1884. 1949. 2003. 2071. 2136.
  2149. 2155. 2191. 2266. 2325. 2366. 2463. 2506.]
 [ 160.  868. 1006. 1323. 1357. 1424. 1509. 1541. 1573. 1578. 1582. 1623.
  1636. 1660. 1680. 1694. 1844. 2117. 2135. 2237.]
 [ 208.  648.  688. 1100. 1343. 1459. 1464. 1592. 1635. 1716. 1885. 1939.
  2022. 2027. 2095. 2140. 2225. 2232. 2276. 2366.]
 [  31.  469.  657.  835.  851.  958. 1008. 1069. 1131. 1231. 1268. 1357.
  1375. 1413. 1520. 1587. 1680. 1719. 2317. 2462.]
 [  75.  296.  651.  854.  904.  993. 1147. 1195. 1266. 1445. 1544. 1590.
  1640. 1721. 1739. 1884. 1949. 1986. 2237. 2517.]
 [   0.   56.  162.  256.  352.  392.  438.  647.  904.  905.  989.  991.
  1186. 1210. 1227. 1247. 1266. 1348. 1498. 2032.]
 [   0.   11.   97.  309.  340.  412.  427.  435.  657.  849.  927.  980.
  1009. 1061. 1127. 1191. 1323. 1342. 1885. 2135.]
 [   0.   97.  170.  183.  217.  222.  306.  506.  528.  568.  571.  579.
   643.  704.  770.  774.  914.  975.  982. 1548.]
 [   0.   33.   49.  246.  361.  415.  482.  585.  626.  681.  713.  754.
   812.  917.  989.  990. 1009. 1118. 1131. 1268.]]
