optimal_status: 0
solution: 9332.0
cpu_time: 3600.3699679374695
gap: 0.8397630471062306
upper_bound: 1495.3312444046558
lower_bound: 9332.0
cg_matrix: [[0. 0. 1. 0. 0. 0. 1. 1. 0. 0. 1. 0. 1. 1. 0. 1. 0. 1. 1. 0. 1. 0. 1. 0.
  0. 1. 0. 0. 0. 1. 1. 0. 1. 0. 0. 1. 0. 0. 1. 1. 1. 1. 1. 0. 1. 1. 0. 1.
  0. 0.]
 [0. 0. 0. 0. 0. 1. 1. 1. 0. 1. 0. 1. 1. 1. 0. 1. 1. 0. 0. 0. 0. 0. 0. 0.
  0. 0. 0. 0. 1. 1. 1. 0. 0. 1. 1. 0. 1. 0. 1. 0. 0. 1. 0. 1. 1. 1. 1. 0.
  0. 0.]
 [1. 0. 0. 1. 1. 1. 0. 0. 0. 0. 1. 1. 1. 0. 1. 0. 1. 1. 0. 1. 1. 0. 0. 0.
  1. 1. 1. 1. 1. 1. 0. 0. 0. 0. 0. 0. 0. 0. 0. 0. 1. 1. 1. 0. 1. 0. 0. 1.
  0. 0.]
 [0. 0. 1. 0. 1. 1. 0. 0. 0. 0. 0. 1. 0. 0. 1. 1. 1. 1. 1. 0. 0. 0. 1. 1.
  0. 1. 0. 1. 0. 0. 0. 0. 0. 0. 0. 0. 1. 1. 1. 0. 1. 1. 1. 0. 0. 1. 0. 1.
  0. 1.]
 [0. 0. 1. 1. 0. 1. 0. 0. 1. 1. 0. 0. 0. 0. 0. 1. 1. 0. 1. 1. 0. 0. 1. 1.
  0. 0. 1. 0. 0. 1. 0. 0. 0. 1. 1. 1. 1. 1. 0. 1. 1. 1. 1. 1. 0. 0. 1. 0.
  0. 1.]
 [0. 1. 1. 1. 1. 0. 1. 1. 0. 0. 0. 1. 0. 1. 1. 1. 1. 0. 0. 0. 1. 1. 1. 0.
  0. 0. 0. 0. 1. 0. 0. 0. 0. 1. 0. 1. 0. 0. 1. 0. 0. 0. 1. 1. 0. 1. 1. 0.
  0. 1.]
 [1. 1. 0. 0. 0. 1. 0. 0. 1. 0. 0. 1. 1. 1. 0. 1. 0. 0. 1. 0. 1. 1. 0. 1.
  1. 0. 1. 1. 1. 1. 0. 0. 1. 1. 0. 1. 1. 0. 1. 0. 0. 1. 0. 1. 0. 0. 1. 0.
  1. 0.]
 [1. 1. 0. 0. 0. 1. 0. 0. 0. 0. 0. 1. 0. 0. 0. 1. 1. 0. 0. 1. 0. 1. 0. 0.
  0. 0. 0. 0. 0. 0. 1. 0. 0. 0. 1. 1. 1. 0. 0. 1. 1. 0. 1. 0. 1. 1. 1. 0.
  0. 1.]
 [0. 0. 0. 0. 1. 0. 1. 0. 0. 1. 1. 1. 1. 0. 0. 1. 1. 1. 0. 1. 1. 0. 0. 0.
  0. 1. 1. 0. 1. 1. 0. 1. 0. 1. 0. 0. 0. 1. 1. 0. 0. 0. 1. 0. 1. 0. 0. 1.
  1. 1.]
 [0. 1. 0. 0. 1. 0. 0. 0. 1. 0. 0. 0. 0. 1. 1. 1. 1. 1. 0. 1. 0. 1. 0. 0.
  0. 0. 1. 1. 0. 1. 0. 1. 1. 0. 0. 1. 0. 1. 1. 0. 0. 0. 0. 1. 1. 0. 1. 1.
  0. 0.]
 [1. 0. 1. 0. 0. 0. 0. 0. 1. 0. 0. 0. 1. 0. 0. 1. 1. 1. 0. 0. 1. 0. 1. 0.
  0. 0. 1. 0. 0. 0. 0. 1. 1. 0. 0. 0. 0. 0. 1. 1. 0. 0. 1. 0. 0. 0. 0. 1.
  0. 1.]
 [0. 1. 1. 1. 0. 1. 1. 1. 1. 0. 0. 0. 1. 1. 0. 1. 1. 0. 1. 1. 1. 1. 1. 0.
  1. 1. 0. 1. 1. 0. 1. 0. 1. 0. 1. 1. 0. 0. 0. 1. 1. 0. 1. 1. 1. 1. 0. 1.
  0. 1.]
 [1. 1. 1. 0. 0. 0. 1. 0. 1. 0. 1. 1. 0. 1. 1. 0. 1. 1. 1. 1. 0. 1. 0. 0.
  1. 0. 1. 1. 1. 0. 0. 0. 1. 1. 1. 1. 1. 0. 1. 0. 1. 1. 1. 0. 0. 1. 0. 0.
  1. 1.]
 [1. 1. 0. 0. 0. 1. 1. 0. 0. 1. 0. 1. 1. 0. 0. 0. 0. 1. 0. 0. 1. 1. 0. 1.
  0. 0. 1. 1. 0. 0. 0. 0. 1. 0. 1. 0. 1. 0. 1. 1. 0. 1. 1. 1. 0. 0. 1. 0.
  1. 1.]
 [0. 0. 1. 1. 0. 1. 0. 0. 0. 1. 0. 0. 1. 0. 0. 1. 0. 1. 0. 1. 1. 1. 0. 1.
  0. 1. 1. 0. 1. 1. 1. 0. 1. 1. 1. 1. 0. 1. 0. 0. 1. 1. 1. 0. 0. 1. 0. 0.
  0. 0.]
 [1. 1. 0. 1. 1. 1. 1. 1. 1. 1. 1. 1. 0. 0. 1. 0. 0. 0. 0. 0. 0. 0. 0. 0.
  0. 0. 0. 0. 0. 0. 0. 0. 0. 0. 0. 0. 0. 0. 0. 0. 0. 0. 0. 0. 0. 0. 0. 0.
  0. 0.]
 [0. 1. 1. 1. 1. 1. 0. 1. 1. 1. 1. 1. 1. 0. 0. 0. 0. 0. 0. 0. 0. 0. 0. 0.
  0. 0. 0. 0. 0. 0. 0. 0. 0. 0. 0. 0. 0. 0. 0. 0. 0. 0. 0. 0. 0. 0. 0. 0.
  0. 0.]
 [1. 0. 1. 1. 0. 0. 0. 0. 1. 1. 1. 0. 1. 1. 1. 0. 0. 0. 0. 0. 0. 0. 0. 0.
  0. 0. 0. 0. 0. 0. 0. 0. 0. 0. 0. 0. 0. 0. 0. 0. 0. 0. 0. 0. 0. 0. 0. 0.
  0. 0.]
 [1. 0. 0. 1. 1. 0. 1. 0. 0. 0. 0. 1. 1. 0. 0. 0. 0. 0. 0. 0. 0. 0. 0. 0.
  0. 0. 0. 0. 0. 0. 0. 0. 0. 0. 0. 0. 0. 0. 0. 0. 0. 0. 0. 0. 0. 0. 0. 0.
  0. 0.]
 [0. 0. 1. 0. 1. 0. 0. 1. 1. 1. 0. 1. 1. 0. 1. 0. 0. 0. 0. 0. 0. 0. 0. 0.
  0. 0. 0. 0. 0. 0. 0. 0. 0. 0. 0. 0. 0. 0. 0. 0. 0. 0. 0. 0. 0. 0. 0. 0.
  0. 0.]
 [1. 0. 1. 0. 0. 1. 1. 0. 1. 0. 1. 1. 0. 1. 1. 0. 0. 0. 0. 0. 0. 0. 0. 0.
  0. 0. 0. 0. 0. 0. 0. 0. 0. 0. 0. 0. 0. 0. 0. 0. 0. 0. 0. 0. 0. 0. 0. 0.
  0. 0.]
 [0. 0. 0. 0. 0. 1. 1. 1. 0. 1. 0. 1. 1. 1. 1. 0. 0. 0. 0. 0. 0. 0. 0. 0.
  0. 0. 0. 0. 0. 0. 0. 0. 0. 0. 0. 0. 0. 0. 0. 0. 0. 0. 0. 0. 0. 0. 0. 0.
  0. 0.]
 [1. 0. 0. 1. 1. 1. 0. 0. 0. 0. 1. 1. 0. 0. 0. 0. 0. 0. 0. 0. 0. 0. 0. 0.
  0. 0. 0. 0. 0. 0. 0. 0. 0. 0. 0. 0. 0. 0. 0. 0. 0. 0. 0. 0. 0. 0. 0. 0.
  0. 0.]
 [0. 0. 0. 1. 1. 0. 1. 0. 0. 0. 0. 0. 0. 1. 1. 0. 0. 0. 0. 0. 0. 0. 0. 0.
  0. 0. 0. 0. 0. 0. 0. 0. 0. 0. 0. 0. 0. 0. 0. 0. 0. 0. 0. 0. 0. 0. 0. 0.
  0. 0.]
 [0. 0. 1. 0. 0. 0. 1. 0. 0. 0. 0. 1. 1. 0. 0. 0. 0. 0. 0. 0. 0. 0. 0. 0.
  0. 0. 0. 0. 0. 0. 0. 0. 0. 0. 0. 0. 0. 0. 0. 0. 0. 0. 0. 0. 0. 0. 0. 0.
  0. 0.]
 [1. 0. 1. 1. 0. 0. 0. 0. 1. 0. 0. 1. 0. 0. 1. 0. 0. 0. 0. 0. 0. 0. 0. 0.
  0. 0. 0. 0. 0. 0. 0. 0. 0. 0. 0. 0. 0. 0. 0. 0. 0. 0. 0. 0. 0. 0. 0. 0.
  0. 0.]
 [0. 0. 1. 0. 1. 0. 1. 0. 1. 1. 1. 0. 1. 1. 1. 0. 0. 0. 0. 0. 0. 0. 0. 0.
  0. 0. 0. 0. 0. 0. 0. 0. 0. 0. 0. 0. 0. 0. 0. 0. 0. 0. 0. 0. 0. 0. 0. 0.
  0. 0.]
 [0. 0. 1. 1. 0. 0. 1. 0. 0. 1. 0. 1. 1. 1. 0. 0. 0. 0. 0. 0. 0. 0. 0. 0.
  0. 0. 0. 0. 0. 0. 0. 0. 0. 0. 0. 0. 0. 0. 0. 0. 0. 0. 0. 0. 0. 0. 0. 0.
  0. 0.]
 [0. 1. 1. 0. 0. 1. 1. 0. 1. 0. 0. 1. 1. 0. 1. 0. 0. 0. 0. 0. 0. 0. 0. 0.
  0. 0. 0. 0. 0. 0. 0. 0. 0. 0. 0. 0. 0. 0. 0. 0. 0. 0. 0. 0. 0. 0. 0. 0.
  0. 0.]
 [1. 1. 1. 0. 1. 0. 1. 0. 1. 1. 0. 0. 0. 0. 1. 0. 0. 0. 0. 0. 0. 0. 0. 0.
  0. 0. 0. 0. 0. 0. 0. 0. 0. 0. 0. 0. 0. 0. 0. 0. 0. 0. 0. 0. 0. 0. 0. 0.
  0. 0.]
 [1. 1. 0. 0. 0. 0. 0. 1. 0. 0. 0. 1. 0. 0. 1. 0. 0. 0. 0. 0. 0. 0. 0. 0.
  0. 0. 0. 0. 0. 0. 0. 0. 0. 0. 0. 0. 0. 0. 0. 0. 0. 0. 0. 0. 0. 0. 0. 0.
  0. 0.]
 [0. 0. 0. 0. 0. 0. 0. 0. 1. 1. 1. 0. 0. 0. 0. 0. 0. 0. 0. 0. 0. 0. 0. 0.
  0. 0. 0. 0. 0. 0. 0. 0. 0. 0. 0. 0. 0. 0. 0. 0. 0. 0. 0. 0. 0. 0. 0. 0.
  0. 0.]
 [1. 0. 0. 0. 0. 0. 1. 0. 0. 1. 1. 1. 1. 1. 1. 0. 0. 0. 0. 0. 0. 0. 0. 0.
  0. 0. 0. 0. 0. 0. 0. 0. 0. 0. 0. 0. 0. 0. 0. 0. 0. 0. 0. 0. 0. 0. 0. 0.
  0. 0.]
 [0. 1. 0. 0. 1. 1. 1. 0. 1. 0. 0. 0. 1. 0. 1. 0. 0. 0. 0. 0. 0. 0. 0. 0.
  0. 0. 0. 0. 0. 0. 0. 0. 0. 0. 0. 0. 0. 0. 0. 0. 0. 0. 0. 0. 0. 0. 0. 0.
  0. 0.]
 [0. 1. 0. 0. 1. 0. 0. 1. 0. 0. 0. 1. 1. 1. 1. 0. 0. 0. 0. 0. 0. 0. 0. 0.
  0. 0. 0. 0. 0. 0. 0. 0. 0. 0. 0. 0. 0. 0. 0. 0. 0. 0. 0. 0. 0. 0. 0. 0.
  0. 0.]
 [1. 0. 0. 0. 1. 1. 1. 1. 0. 1. 0. 1. 1. 0. 1. 0. 0. 0. 0. 0. 0. 0. 0. 0.
  0. 0. 0. 0. 0. 0. 0. 0. 0. 0. 0. 0. 0. 0. 0. 0. 0. 0. 0. 0. 0. 0. 0. 0.
  0. 0.]
 [0. 1. 0. 1. 1. 0. 1. 1. 0. 0. 0. 0. 1. 1. 0. 0. 0. 0. 0. 0. 0. 0. 0. 0.
  0. 0. 0. 0. 0. 0. 0. 0. 0. 0. 0. 0. 0. 0. 0. 0. 0. 0. 0. 0. 0. 0. 0. 0.
  0. 0.]
 [0. 0. 0. 1. 1. 0. 0. 0. 1. 1. 0. 0. 0. 0. 1. 0. 0. 0. 0. 0. 0. 0. 0. 0.
  0. 0. 0. 0. 0. 0. 0. 0. 0. 0. 0. 0. 0. 0. 0. 0. 0. 0. 0. 0. 0. 0. 0. 0.
  0. 0.]
 [1. 1. 0. 1. 0. 1. 1. 0. 1. 1. 1. 0. 1. 1. 0. 0. 0. 0. 0. 0. 0. 0. 0. 0.
  0. 0. 0. 0. 0. 0. 0. 0. 0. 0. 0. 0. 0. 0. 0. 0. 0. 0. 0. 0. 0. 0. 0. 0.
  0. 0.]
 [1. 0. 0. 0. 1. 0. 0. 1. 0. 0. 1. 1. 0. 1. 0. 0. 0. 0. 0. 0. 0. 0. 0. 0.
  0. 0. 0. 0. 0. 0. 0. 0. 0. 0. 0. 0. 0. 0. 0. 0. 0. 0. 0. 0. 0. 0. 0. 0.
  0. 0.]
 [1. 0. 1. 1. 1. 0. 0. 1. 0. 0. 0. 1. 1. 0. 1. 0. 0. 0. 0. 0. 0. 0. 0. 0.
  0. 0. 0. 0. 0. 0. 0. 0. 0. 0. 0. 0. 0. 0. 0. 0. 0. 0. 0. 0. 0. 0. 0. 0.
  0. 0.]
 [1. 1. 1. 1. 1. 0. 1. 0. 0. 0. 0. 0. 1. 1. 1. 0. 0. 0. 0. 0. 0. 0. 0. 0.
  0. 0. 0. 0. 0. 0. 0. 0. 0. 0. 0. 0. 0. 0. 0. 0. 0. 0. 0. 0. 0. 0. 0. 0.
  0. 0.]
 [1. 0. 1. 1. 1. 1. 0. 1. 1. 0. 1. 1. 1. 1. 1. 0. 0. 0. 0. 0. 0. 0. 0. 0.
  0. 0. 0. 0. 0. 0. 0. 0. 0. 0. 0. 0. 0. 0. 0. 0. 0. 0. 0. 0. 0. 0. 0. 0.
  0. 0.]
 [0. 1. 0. 0. 1. 1. 1. 0. 0. 1. 0. 1. 0. 1. 0. 0. 0. 0. 0. 0. 0. 0. 0. 0.
  0. 0. 0. 0. 0. 0. 0. 0. 0. 0. 0. 0. 0. 0. 0. 0. 0. 0. 0. 0. 0. 0. 0. 0.
  0. 0.]
 [1. 1. 1. 0. 0. 0. 0. 1. 1. 1. 0. 1. 0. 0. 0. 0. 0. 0. 0. 0. 0. 0. 0. 0.
  0. 0. 0. 0. 0. 0. 0. 0. 0. 0. 0. 0. 0. 0. 0. 0. 0. 0. 0. 0. 0. 0. 0. 0.
  0. 0.]
 [1. 1. 0. 1. 0. 1. 0. 1. 0. 0. 0. 1. 1. 0. 1. 0. 0. 0. 0. 0. 0. 0. 0. 0.
  0. 0. 0. 0. 0. 0. 0. 0. 0. 0. 0. 0. 0. 0. 0. 0. 0. 0. 0. 0. 0. 0. 0. 0.
  0. 0.]
 [0. 1. 0. 0. 1. 1. 1. 1. 0. 1. 0. 0. 0. 1. 0. 0. 0. 0. 0. 0. 0. 0. 0. 0.
  0. 0. 0. 0. 0. 0. 0. 0. 0. 0. 0. 0. 0. 0. 0. 0. 0. 0. 0. 0. 0. 0. 0. 0.
  0. 0.]
 [1. 0. 1. 1. 0. 0. 0. 0. 1. 1. 1. 1. 0. 0. 0. 0. 0. 0. 0. 0. 0. 0. 0. 0.
  0. 0. 0. 0. 0. 0. 0. 0. 0. 0. 0. 0. 0. 0. 0. 0. 0. 0. 0. 0. 0. 0. 0. 0.
  0. 0.]
 [0. 0. 0. 0. 0. 0. 1. 0. 1. 0. 0. 0. 1. 1. 0. 0. 0. 0. 0. 0. 0. 0. 0. 0.
  0. 0. 0. 0. 0. 0. 0. 0. 0. 0. 0. 0. 0. 0. 0. 0. 0. 0. 0. 0. 0. 0. 0. 0.
  0. 0.]
 [0. 0. 0. 1. 1. 1. 0. 1. 1. 0. 1. 1. 1. 1. 0. 0. 0. 0. 0. 0. 0. 0. 0. 0.
  0. 0. 0. 0. 0. 0. 0. 0. 0. 0. 0. 0. 0. 0. 0. 0. 0. 0. 0. 0. 0. 0. 0. 0.
  0. 0.]]
start_times_array: [[1.36300000e+03 8.31200000e+03 8.37000000e+03 8.45600000e+03
  8.49900000e+03 8.60500000e+03 8.67300000e+03 8.71500000e+03
  8.77900000e+03 8.88800000e+03 8.93000000e+03 9.02600000e+03
  9.04500000e+03 9.17300000e+03 9.23500000e+03]
 [3.41000000e+02 6.81400000e+03 7.05600000e+03 7.11200000e+03
  7.17200000e+03 7.59600000e+03 7.67600000e+03 7.74000000e+03
  7.82000000e+03 7.82400000e+03 7.90600000e+03 7.99400000e+03
  8.09500000e+03 9.19700000e+03 9.22700000e+03]
 [9.29000000e+02 7.02500000e+03 7.55100000e+03 7.99600000e+03
  8.05100000e+03 8.09200000e+03 8.09500000e+03 8.19400000e+03
  8.22600000e+03 8.43000000e+03 8.51600000e+03 8.77500000e+03
  8.79700000e+03 8.84600000e+03 9.09500000e+03]
 [2.34300000e+03 6.41300000e+03 7.25100000e+03 7.27800000e+03
  7.40400000e+03 7.48600000e+03 7.70000000e+03 7.74000000e+03
  7.87300000e+03 7.87500000e+03 7.94600000e+03 8.32552773e+03
  8.88800000e+03 9.20400000e+03 9.26900000e+03]
 [6.35700000e+03 6.72100000e+03 6.76100000e+03 6.80400000e+03
  6.90600000e+03 7.08500000e+03 7.10000000e+03 7.15900000e+03
  7.21700000e+03 7.34700000e+03 7.41200000e+03 7.44100000e+03
  7.62900000e+03 7.67300000e+03 7.81300000e+03]
 [6.21300000e+03 6.29700000e+03 6.32800000e+03 6.33600000e+03
  6.41600000e+03 6.52400000e+03 6.93400000e+03 6.99800000e+03
  7.51400000e+03 8.60500000e+03 8.70000000e+03 8.90200000e+03
  8.92100000e+03 8.95900000e+03 9.17300000e+03]
 [5.77200000e+03 5.92200000e+03 6.35700000e+03 6.43400000e+03
  6.50500000e+03 6.61500000e+03 6.72100000e+03 6.78200000e+03
  6.87600000e+03 6.90500000e+03 7.02500000e+03 7.14500000e+03
  7.24400000e+03 7.31500000e+03 7.86400000e+03]
 [3.41800000e+03 3.48300000e+03 4.20300000e+03 5.41200000e+03
  5.48600000e+03 5.48800000e+03 5.68800000e+03 5.82500000e+03
  5.86100000e+03 5.95900000e+03 6.09500000e+03 6.14400000e+03
  6.36600000e+03 6.46600000e+03 6.57000000e+03]
 [5.20700000e+03 5.41200000e+03 5.49900000e+03 5.54700000e+03
  5.82500000e+03 6.00800000e+03 6.09500000e+03 6.16800000e+03
  6.19300000e+03 6.19700000e+03 6.23700000e+03 6.41600000e+03
  6.52400000e+03 6.53700000e+03 6.69100000e+03]
 [1.55400000e+03 4.36500000e+03 4.41900000e+03 4.51400000e+03
  4.62000000e+03 4.63200000e+03 4.86500000e+03 4.89000000e+03
  5.08800000e+03 5.18400000e+03 5.59575214e+03 5.92200000e+03
  6.43200000e+03 6.60300000e+03 6.67800000e+03]
 [3.42700000e+03 3.75400000e+03 3.84300000e+03 4.47300000e+03
  4.93200000e+03 5.03100000e+03 5.08100000e+03 5.16800000e+03
  5.32300000e+03 5.35100000e+03 5.37900000e+03 5.76900000e+03
  5.92200000e+03 6.42700000e+03 6.63200000e+03]
 [3.72600000e+03 4.47300000e+03 4.61300000e+03 4.62500000e+03
  4.76700000e+03 4.84200000e+03 4.93200000e+03 5.02200000e+03
  5.16000000e+03 5.32300000e+03 5.40400000e+03 5.57000000e+03
  5.59800000e+03 5.80500000e+03 5.96800000e+03]
 [1.26100000e+03 1.53600000e+03 2.33400000e+03 2.91300000e+03
  4.14200000e+03 4.23300000e+03 4.36500000e+03 4.45700000e+03
  4.54700000e+03 4.72100000e+03 4.85800000e+03 5.17200000e+03
  5.48400000e+03 5.68800000e+03 6.29700000e+03]
 [2.11200000e+03 3.02300000e+03 3.07500000e+03 3.19000000e+03
  3.33500000e+03 3.39300000e+03 3.44400000e+03 3.47600000e+03
  3.53500000e+03 3.65500000e+03 3.77200000e+03 3.93000000e+03
  3.94100000e+03 4.31800000e+03 4.34900000e+03]
 [1.00600000e+03 3.36000000e+03 3.39700000e+03 3.44700000e+03
  3.53700000e+03 3.65500000e+03 3.71900000e+03 3.72700000e+03
  3.74400000e+03 3.93100000e+03 3.94500000e+03 4.00100000e+03
  4.07700000e+03 4.11900000e+03 4.13700000e+03]
 [0.00000000e+00 2.14000000e+02 2.01800000e+03 2.91300000e+03
  2.99900000e+03 3.03100000e+03 3.07700000e+03 3.11600000e+03
  3.20800000e+03 3.24100000e+03 3.30200000e+03 3.62700000e+03
  3.85300000e+03 4.14200000e+03 4.26500000e+03]
 [1.43000000e+02 3.75000000e+02 4.58000000e+02 7.36000000e+02
  9.63000000e+02 2.11200000e+03 2.57800000e+03 2.81500000e+03
  2.93500000e+03 2.99900000e+03 3.25300000e+03 3.57500000e+03
  3.94100000e+03 4.02700000e+03 4.27100000e+03]
 [1.12300000e+03 2.20700000e+03 2.24700000e+03 2.30300000e+03
  2.54300000e+03 2.55200000e+03 2.61900000e+03 2.76500000e+03
  2.82700000e+03 2.88200000e+03 2.99400000e+03 3.12300000e+03
  3.23800000e+03 3.62400000e+03 4.02600000e+03]
 [0.00000000e+00 7.00000000e+01 3.89000000e+02 4.95000000e+02
  5.36000000e+02 6.00000000e+02 7.03000000e+02 2.68500000e+03
  3.03900000e+03 3.08700000e+03 3.16300000e+03 3.32600000e+03
  3.85200000e+03 3.99700000e+03 4.00500000e+03]
 [1.20800000e+03 1.88700000e+03 2.51100000e+03 2.59000000e+03
  2.70400000e+03 2.75800000e+03 2.82700000e+03 2.93500000e+03
  2.99900000e+03 3.01500000e+03 3.08800000e+03 3.16800000e+03
  4.27400000e+03 4.57500000e+03 6.85200000e+03]
 [5.20000000e+01 1.33000000e+02 4.63000000e+02 5.01000000e+02
  1.14700000e+03 1.53600000e+03 1.59400000e+03 1.83200000e+03
  2.99200000e+03 3.08000000e+03 3.13300000e+03 4.02600000e+03
  4.26500000e+03 4.27100000e+03 5.30100000e+03]
 [0.00000000e+00 8.50000000e+01 1.30000000e+02 2.18200000e+03
  2.19700000e+03 2.24700000e+03 2.52200000e+03 2.61400000e+03
  2.67600000e+03 2.68100000e+03 2.75800000e+03 2.85400000e+03
  2.96300000e+03 3.01100000e+03 3.09000000e+03]
 [0.00000000e+00 6.60000000e+01 8.00000000e+01 2.41000000e+02
  2.79000000e+02 3.01000000e+02 4.46000000e+02 6.69000000e+02
  9.00000000e+02 9.89000000e+02 1.53600000e+03 1.67900000e+03
  2.71100000e+03 3.23500000e+03 4.85800000e+03]
 [2.53000000e+02 2.62000000e+02 3.26000000e+02 6.27000000e+02
  7.05000000e+02 1.21600000e+03 1.35800000e+03 2.45200000e+03
  2.50600000e+03 2.53400000e+03 2.63000000e+03 2.76000000e+03
  2.76800000e+03 2.90600000e+03 4.05800000e+03]
 [3.90000000e+01 1.75000000e+02 2.75000000e+02 4.40000000e+02
  1.10000000e+03 1.29700000e+03 1.36600000e+03 1.80300000e+03
  2.02900000e+03 2.09000000e+03 2.19000000e+03 2.31600000e+03
  2.64000000e+03 2.70500000e+03 2.81500000e+03]
 [7.91000000e+02 1.32200000e+03 1.70400000e+03 1.74100000e+03
  1.80300000e+03 1.85100000e+03 2.02700000e+03 2.11200000e+03
  2.14600000e+03 2.26300000e+03 2.50300000e+03 2.60800000e+03
  2.68500000e+03 3.23100000e+03 4.02700000e+03]
 [1.98000000e+02 2.20000000e+02 1.62300000e+03 1.90600000e+03
  1.91800000e+03 2.00500000e+03 2.02200000e+03 2.18200000e+03
  2.19600000e+03 2.43200000e+03 2.43900000e+03 2.55600000e+03
  2.64100000e+03 2.73800000e+03 2.76800000e+03]
 [4.22000000e+02 5.76000000e+02 6.57000000e+02 6.67000000e+02
  6.83000000e+02 1.94100000e+03 2.01900000e+03 2.18200000e+03
  2.21300000e+03 2.43000000e+03 2.52300000e+03 2.80900000e+03
  2.84200000e+03 4.02000000e+03 5.20700000e+03]
 [1.30000000e+02 1.43000000e+02 1.91000000e+02 5.06000000e+02
  5.81000000e+02 6.91000000e+02 1.31500000e+03 1.82500000e+03
  2.16600000e+03 2.18200000e+03 2.64200000e+03 2.79900000e+03
  2.93800000e+03 4.27100000e+03 5.74900000e+03]
 [3.70000000e+02 1.48300000e+03 1.50600000e+03 1.55200000e+03
  1.62300000e+03 1.91800000e+03 2.01300000e+03 2.08900000e+03
  2.09300000e+03 2.09800000e+03 2.14200000e+03 2.28700000e+03
  2.38300000e+03 2.44500000e+03 2.48100000e+03]
 [0.00000000e+00 6.60000000e+01 1.84000000e+02 5.47000000e+02
  1.38600000e+03 1.53600000e+03 1.60100000e+03 1.65200000e+03
  1.78800000e+03 1.79100000e+03 1.80300000e+03 1.87700000e+03
  2.09300000e+03 2.09800000e+03 2.21300000e+03]
 [1.70000000e+01 1.37000000e+02 1.38700000e+03 1.45900000e+03
  1.62300000e+03 1.83000000e+03 1.91800000e+03 1.92500000e+03
  2.02100000e+03 2.08900000e+03 2.25100000e+03 2.42300000e+03
  2.51500000e+03 2.59000000e+03 3.08300000e+03]
 [1.90000000e+01 1.16000000e+02 3.14000000e+02 3.90000000e+02
  1.49500000e+03 1.77500000e+03 1.89800000e+03 1.91800000e+03
  2.05300000e+03 2.63100000e+03 2.67600000e+03 2.82300000e+03
  3.09900000e+03 3.23800000e+03 3.30200000e+03]
 [6.82000000e+02 8.80000000e+02 1.34700000e+03 1.39800000e+03
  1.42100000e+03 1.47200000e+03 1.65000000e+03 1.76600000e+03
  1.81500000e+03 1.90600000e+03 1.92200000e+03 2.01700000e+03
  2.04300000e+03 2.09300000e+03 2.17400000e+03]
 [1.81000000e+02 5.36000000e+02 7.47000000e+02 8.10000000e+02
  8.92000000e+02 1.10700000e+03 1.20000000e+03 1.29700000e+03
  1.62300000e+03 1.71000000e+03 1.85100000e+03 1.86500000e+03
  1.97600000e+03 2.50100000e+03 2.71300000e+03]
 [7.00000000e+00 1.80000000e+02 1.91000000e+02 4.15000000e+02
  8.88000000e+02 1.46000000e+03 1.62300000e+03 1.76400000e+03
  1.79500000e+03 1.92500000e+03 1.99400000e+03 2.06900000e+03
  2.07300000e+03 2.09900000e+03 2.14600000e+03]
 [6.00000000e+01 4.03000000e+02 4.18000000e+02 5.07000000e+02
  5.57000000e+02 6.35000000e+02 6.91000000e+02 7.53000000e+02
  8.35000000e+02 9.20000000e+02 9.46000000e+02 1.86200000e+03
  1.93200000e+03 2.01600000e+03 2.18300000e+03]
 [2.85000000e+02 4.21000000e+02 4.40000000e+02 8.41000000e+02
  1.17600000e+03 1.29500000e+03 1.46000000e+03 1.48900000e+03
  1.62300000e+03 1.63100000e+03 1.86000000e+03 1.86500000e+03
  1.91200000e+03 2.73600000e+03 3.00300000e+03]
 [8.50000000e+01 1.22000000e+02 4.30000000e+02 9.58000000e+02
  1.01400000e+03 1.07800000e+03 1.16000000e+03 1.18000000e+03
  1.19100000e+03 1.29700000e+03 1.38600000e+03 1.62300000e+03
  1.71900000e+03 1.91200000e+03 7.41600000e+03]
 [0.00000000e+00 3.03000000e+02 3.69000000e+02 3.88000000e+02
  5.40000000e+02 8.69000000e+02 9.46000000e+02 1.13200000e+03
  1.16000000e+03 2.07300000e+03 2.34300000e+03 2.84200000e+03
  2.92700000e+03 2.93500000e+03 3.26100000e+03]
 [4.20000000e+01 2.62000000e+02 2.97000000e+02 5.92000000e+02
  7.89000000e+02 8.72000000e+02 1.10000000e+03 1.19100000e+03
  1.19500000e+03 1.20800000e+03 1.42100000e+03 1.62300000e+03
  1.71000000e+03 1.72800000e+03 1.91700000e+03]
 [1.93000000e+02 2.65000000e+02 4.63000000e+02 5.61000000e+02
  6.38000000e+02 7.91000000e+02 9.21000000e+02 1.18400000e+03
  1.30100000e+03 1.38600000e+03 1.42700000e+03 1.46300000e+03
  1.62300000e+03 2.01600000e+03 2.64600000e+03]
 [5.60000000e+01 3.70000000e+02 6.59000000e+02 7.04000000e+02
  7.66000000e+02 8.09000000e+02 8.59000000e+02 9.11000000e+02
  9.63000000e+02 9.90000000e+02 1.44300000e+03 1.79800000e+03
  1.97300000e+03 2.03200000e+03 2.55200000e+03]
 [2.05000000e+02 4.71000000e+02 5.92000000e+02 6.65000000e+02
  7.34000000e+02 8.74000000e+02 9.89000000e+02 1.04100000e+03
  1.05900000e+03 1.10500000e+03 1.26100000e+03 1.45000000e+03
  1.48900000e+03 1.69400000e+03 3.83700000e+03]
 [0.00000000e+00 5.60000000e+01 1.10000000e+02 2.16000000e+02
  3.70000000e+02 4.53000000e+02 5.61000000e+02 5.92000000e+02
  6.91000000e+02 7.33000000e+02 7.52000000e+02 1.00600000e+03
  1.19500000e+03 1.79500000e+03 2.95300000e+03]
 [1.58000000e+02 1.93000000e+02 2.20000000e+02 2.74000000e+02
  3.91000000e+02 4.63000000e+02 6.85000000e+02 8.59000000e+02
  9.12000000e+02 9.29000000e+02 1.10000000e+03 1.16300000e+03
  1.38600000e+03 1.79100000e+03 1.80900000e+03]
 [0.00000000e+00 6.60000000e+01 1.27000000e+02 2.41000000e+02
  2.99000000e+02 5.00000000e+02 6.44000000e+02 8.72000000e+02
  9.56000000e+02 9.60000000e+02 9.85000000e+02 1.21300000e+03
  2.23700000e+03 2.29900000e+03 3.83100000e+03]
 [2.00000000e+01 1.22000000e+02 2.16000000e+02 2.40000000e+02
  3.14000000e+02 3.91000000e+02 5.07000000e+02 5.76000000e+02
  6.22000000e+02 8.07000000e+02 8.88000000e+02 9.63000000e+02
  1.03300000e+03 1.46300000e+03 1.71800000e+03]
 [0.00000000e+00 2.50000000e+01 1.53000000e+02 2.03000000e+02
  2.85000000e+02 2.86000000e+02 5.05000000e+02 5.60000000e+02
  5.73000000e+02 6.38000000e+02 7.34000000e+02 7.44000000e+02
  1.02700000e+03 1.29700000e+03 2.24700000e+03]
 [3.50000000e+01 9.10000000e+01 1.58000000e+02 2.26000000e+02
  2.73000000e+02 3.10000000e+02 3.62000000e+02 4.95000000e+02
  5.11000000e+02 6.11000000e+02 7.51000000e+02 1.87500000e+03
  1.96200000e+03 2.07200000e+03 3.24100000e+03]]
