optimal_status: 0
solution: 66056.0
cpu_time: 3603.6402230262756
gap: 0.9500910360298429
upper_bound: 3296.7865240126985
lower_bound: 66056.0
cg_matrix: [[0. 0. 0. 0. 0. 0. 0. 0. 0. 0. 1. 0. 0. 0. 1. 0. 0. 0. 0. 1. 0. 0. 0. 0.
  0. 0. 0. 0. 1. 0. 0. 1. 0. 0. 0. 0. 0. 1. 0. 0. 1. 0. 1. 0. 0. 0. 0. 0.
  0. 0. 0. 0. 0. 0. 0. 0. 0. 0. 0. 1. 1. 0. 0. 0. 0. 1. 0. 0. 0. 0. 1. 0.
  0. 0. 1. 1. 1. 0. 0. 0. 0. 1. 0. 0. 0. 0. 0. 0. 0. 0. 1. 0. 0. 0. 1. 1.
  0. 0. 0. 0.]
 [0. 0. 0. 0. 0. 0. 0. 0. 0. 0. 1. 0. 0. 0. 0. 1. 0. 0. 0. 1. 1. 0. 0. 0.
  0. 0. 0. 1. 0. 1. 0. 0. 0. 0. 0. 0. 0. 0. 0. 0. 0. 1. 0. 0. 0. 0. 1. 1.
  1. 0. 0. 0. 0. 1. 0. 0. 0. 0. 0. 0. 0. 1. 0. 0. 1. 0. 0. 0. 0. 0. 0. 1.
  0. 0. 0. 0. 1. 0. 0. 0. 1. 0. 0. 0. 0. 0. 0. 0. 0. 0. 0. 0. 1. 0. 1. 0.
  0. 0. 0. 1.]
 [0. 0. 0. 0. 0. 0. 0. 0. 0. 0. 0. 0. 0. 0. 0. 0. 0. 0. 0. 1. 0. 0. 1. 0.
  0. 0. 0. 0. 0. 0. 1. 0. 0. 0. 0. 0. 1. 0. 0. 0. 0. 0. 1. 1. 0. 0. 0. 0.
  0. 0. 0. 0. 0. 0. 0. 0. 0. 1. 0. 1. 0. 0. 0. 1. 1. 0. 0. 0. 0. 0. 1. 0.
  0. 0. 0. 0. 0. 0. 0. 1. 0. 1. 0. 0. 0. 1. 0. 0. 1. 1. 0. 1. 1. 0. 0. 0.
  0. 0. 0. 0.]
 [0. 0. 0. 0. 0. 0. 0. 1. 0. 0. 1. 0. 0. 0. 0. 0. 0. 0. 0. 0. 0. 0. 1. 0.
  0. 0. 0. 1. 0. 0. 0. 0. 0. 0. 0. 0. 0. 0. 1. 0. 0. 0. 0. 0. 0. 0. 1. 0.
  0. 1. 0. 0. 0. 1. 0. 0. 0. 1. 0. 0. 0. 0. 1. 1. 0. 0. 1. 0. 0. 0. 0. 1.
  1. 0. 0. 0. 0. 0. 0. 0. 0. 0. 0. 0. 0. 0. 0. 0. 1. 1. 0. 0. 0. 0. 1. 1.
  0. 0. 0. 0.]
 [0. 0. 0. 0. 0. 1. 0. 0. 0. 0. 0. 0. 0. 0. 0. 0. 0. 0. 0. 0. 0. 1. 0. 0.
  0. 0. 0. 0. 0. 0. 0. 1. 0. 0. 0. 0. 0. 0. 0. 0. 0. 0. 0. 0. 0. 0. 0. 0.
  0. 1. 0. 0. 0. 1. 0. 0. 0. 0. 1. 1. 0. 0. 0. 0. 0. 0. 0. 0. 0. 0. 0. 0.
  0. 1. 0. 0. 0. 0. 0. 0. 0. 0. 0. 0. 0. 0. 1. 0. 0. 0. 1. 0. 1. 0. 0. 0.
  0. 0. 0. 1.]
 [0. 0. 0. 0. 1. 0. 0. 0. 0. 0. 0. 0. 0. 0. 0. 0. 0. 0. 0. 0. 1. 1. 0. 1.
  0. 0. 0. 0. 0. 0. 0. 0. 0. 0. 0. 0. 0. 0. 0. 0. 0. 0. 0. 0. 0. 0. 0. 1.
  0. 1. 0. 0. 0. 0. 0. 0. 0. 0. 1. 0. 0. 1. 1. 1. 0. 1. 0. 0. 0. 0. 0. 0.
  0. 1. 0. 0. 0. 0. 0. 0. 0. 0. 0. 0. 0. 0. 1. 0. 0. 0. 0. 0. 0. 0. 0. 0.
  0. 1. 1. 0.]
 [0. 0. 0. 0. 0. 0. 0. 0. 0. 0. 1. 0. 0. 0. 0. 0. 0. 0. 0. 0. 0. 1. 0. 0.
  0. 0. 0. 1. 1. 1. 1. 1. 0. 0. 0. 1. 0. 1. 0. 0. 0. 0. 0. 0. 0. 0. 1. 0.
  0. 0. 1. 0. 0. 0. 0. 1. 0. 1. 0. 1. 1. 0. 1. 0. 1. 0. 0. 1. 0. 0. 0. 0.
  0. 1. 0. 0. 0. 1. 0. 0. 0. 0. 0. 0. 0. 0. 0. 0. 0. 0. 0. 0. 0. 0. 0. 0.
  0. 0. 0. 0.]
 [0. 0. 0. 1. 0. 0. 0. 0. 0. 0. 1. 0. 0. 0. 1. 0. 0. 0. 0. 0. 0. 0. 1. 0.
  0. 0. 1. 1. 0. 0. 0. 0. 1. 0. 0. 0. 0. 0. 0. 0. 0. 0. 1. 0. 0. 0. 1. 0.
  0. 0. 0. 0. 0. 0. 1. 0. 1. 0. 0. 0. 0. 0. 0. 0. 1. 0. 1. 0. 0. 0. 0. 0.
  0. 0. 0. 0. 0. 0. 0. 0. 0. 0. 0. 0. 1. 0. 0. 0. 0. 0. 0. 1. 0. 1. 1. 0.
  0. 0. 0. 0.]
 [0. 0. 0. 0. 0. 0. 0. 0. 0. 0. 1. 1. 0. 0. 0. 0. 0. 0. 0. 1. 0. 0. 0. 0.
  0. 0. 0. 1. 1. 0. 0. 0. 0. 1. 1. 1. 0. 0. 0. 0. 0. 0. 0. 0. 0. 0. 1. 0.
  1. 0. 0. 0. 0. 1. 0. 0. 0. 0. 1. 0. 0. 0. 0. 0. 0. 1. 0. 0. 0. 0. 0. 0.
  0. 0. 0. 0. 0. 0. 0. 0. 0. 0. 0. 0. 0. 0. 0. 0. 1. 0. 0. 0. 0. 0. 0. 0.
  0. 0. 1. 0.]
 [0. 0. 0. 0. 0. 0. 0. 0. 0. 0. 1. 1. 0. 0. 1. 0. 0. 0. 0. 0. 0. 0. 0. 0.
  0. 0. 0. 0. 0. 0. 0. 0. 0. 0. 1. 0. 0. 1. 0. 1. 0. 0. 0. 0. 0. 1. 0. 0.
  0. 0. 0. 0. 0. 0. 0. 0. 0. 0. 0. 0. 0. 0. 0. 0. 0. 1. 0. 1. 1. 0. 0. 0.
  0. 0. 0. 0. 1. 0. 0. 1. 1. 0. 0. 1. 0. 0. 0. 0. 0. 0. 0. 0. 1. 0. 0. 0.
  0. 0. 0. 1.]
 [1. 1. 0. 1. 0. 0. 1. 1. 1. 1. 0. 0. 1. 0. 0. 1. 0. 0. 0. 1. 0. 0. 0. 1.
  0. 0. 0. 0. 0. 0. 0. 0. 1. 0. 0. 0. 0. 0. 0. 0. 1. 1. 0. 0. 0. 0. 1. 1.
  1. 0. 0. 0. 0. 0. 0. 0. 0. 0. 1. 0. 0. 0. 0. 0. 0. 0. 0. 0. 0. 0. 0. 0.
  0. 0. 0. 0. 0. 0. 0. 0. 0. 0. 1. 1. 0. 0. 0. 1. 0. 0. 1. 0. 1. 0. 0. 1.
  0. 1. 0. 0.]
 [0. 0. 0. 0. 0. 0. 0. 0. 1. 1. 0. 0. 0. 0. 0. 0. 0. 0. 0. 1. 0. 0. 0. 0.
  1. 1. 0. 0. 0. 1. 0. 0. 0. 0. 0. 1. 0. 0. 0. 0. 0. 0. 0. 0. 1. 0. 1. 0.
  0. 0. 1. 0. 0. 0. 0. 1. 0. 1. 0. 0. 1. 1. 0. 0. 0. 0. 0. 1. 0. 0. 1. 0.
  0. 0. 0. 0. 0. 0. 0. 0. 0. 0. 1. 1. 0. 0. 0. 1. 0. 0. 0. 0. 0. 1. 0. 1.
  0. 0. 0. 0.]
 [0. 0. 0. 0. 0. 0. 0. 0. 0. 0. 1. 0. 0. 0. 0. 0. 0. 0. 0. 0. 1. 0. 1. 0.
  1. 0. 0. 0. 1. 0. 0. 1. 0. 0. 0. 0. 0. 0. 0. 0. 0. 1. 0. 1. 0. 0. 0. 0.
  0. 1. 0. 0. 0. 0. 0. 0. 1. 0. 0. 0. 0. 0. 0. 0. 0. 0. 1. 0. 0. 1. 0. 0.
  0. 0. 0. 0. 1. 0. 0. 0. 0. 0. 0. 1. 1. 0. 1. 0. 0. 0. 0. 0. 0. 0. 1. 0.
  0. 0. 0. 0.]
 [0. 0. 0. 0. 0. 0. 0. 0. 0. 0. 0. 0. 0. 0. 0. 1. 0. 1. 0. 0. 0. 0. 0. 0.
  0. 0. 0. 0. 0. 0. 0. 1. 0. 1. 1. 0. 0. 0. 0. 1. 0. 0. 0. 0. 0. 0. 0. 1.
  0. 0. 0. 1. 0. 0. 1. 0. 1. 0. 0. 0. 0. 0. 1. 0. 0. 0. 0. 0. 0. 1. 1. 0.
  0. 0. 1. 0. 0. 0. 1. 0. 0. 0. 0. 1. 1. 0. 0. 1. 0. 0. 0. 1. 1. 0. 1. 0.
  0. 0. 0. 0.]
 [1. 0. 0. 0. 0. 0. 0. 1. 0. 1. 0. 0. 0. 0. 0. 0. 0. 0. 0. 0. 0. 0. 1. 0.
  0. 0. 1. 0. 0. 1. 0. 0. 0. 0. 0. 1. 0. 0. 0. 0. 0. 0. 0. 0. 1. 1. 1. 0.
  0. 1. 0. 0. 0. 0. 0. 0. 0. 1. 0. 0. 0. 0. 0. 0. 0. 0. 0. 0. 1. 0. 1. 0.
  0. 0. 1. 1. 0. 0. 0. 0. 0. 0. 1. 1. 0. 1. 0. 0. 0. 0. 0. 0. 0. 0. 0. 0.
  1. 1. 1. 0.]
 [0. 1. 0. 0. 0. 0. 0. 0. 0. 0. 1. 0. 0. 1. 0. 0. 0. 0. 1. 0. 1. 0. 0. 0.
  0. 1. 0. 1. 1. 0. 0. 0. 0. 0. 0. 0. 0. 0. 0. 0. 0. 0. 0. 0. 0. 0. 1. 0.
  0. 0. 1. 0. 0. 0. 0. 1. 0. 0. 0. 0. 0. 0. 0. 0. 0. 0. 0. 0. 0. 0. 0. 1.
  0. 0. 1. 0. 0. 0. 0. 0. 0. 0. 1. 0. 0. 1. 0. 0. 0. 1. 0. 0. 0. 0. 0. 0.
  0. 0. 0. 0.]
 [0. 0. 0. 0. 0. 0. 0. 0. 0. 0. 0. 0. 0. 0. 0. 0. 0. 1. 1. 0. 0. 0. 0. 0.
  0. 0. 0. 0. 0. 1. 0. 0. 0. 0. 0. 0. 1. 0. 0. 0. 0. 0. 0. 0. 0. 0. 1. 0.
  0. 0. 0. 0. 0. 0. 1. 0. 0. 0. 0. 0. 0. 1. 0. 1. 0. 0. 0. 1. 0. 0. 1. 0.
  0. 1. 0. 1. 0. 1. 0. 0. 0. 0. 0. 0. 0. 0. 0. 0. 0. 0. 0. 0. 0. 0. 0. 0.
  0. 0. 0. 0.]
 [0. 0. 0. 0. 0. 0. 0. 0. 0. 0. 0. 0. 0. 1. 0. 0. 1. 0. 1. 0. 0. 0. 0. 1.
  1. 0. 0. 0. 0. 0. 0. 0. 0. 0. 1. 0. 0. 0. 0. 1. 0. 0. 0. 0. 1. 0. 1. 0.
  0. 0. 0. 0. 0. 0. 0. 0. 0. 0. 0. 0. 0. 1. 0. 1. 0. 1. 0. 1. 1. 0. 0. 1.
  1. 1. 0. 1. 1. 0. 1. 0. 0. 0. 0. 0. 0. 0. 0. 0. 0. 0. 1. 1. 0. 1. 0. 1.
  1. 0. 0. 1.]
 [0. 0. 0. 0. 0. 0. 0. 0. 0. 0. 0. 0. 0. 0. 0. 1. 1. 1. 0. 0. 0. 0. 0. 0.
  0. 0. 0. 0. 0. 0. 0. 0. 0. 0. 1. 0. 0. 0. 0. 0. 1. 1. 0. 0. 0. 0. 0. 0.
  0. 0. 0. 1. 0. 0. 1. 0. 0. 0. 0. 1. 1. 0. 0. 0. 1. 0. 0. 0. 0. 0. 0. 0.
  1. 0. 0. 0. 0. 0. 0. 1. 1. 1. 0. 0. 0. 0. 0. 0. 0. 0. 1. 0. 0. 1. 0. 0.
  0. 0. 0. 0.]
 [1. 1. 1. 0. 0. 0. 0. 0. 1. 0. 1. 1. 0. 0. 0. 0. 0. 0. 0. 0. 0. 0. 0. 1.
  1. 0. 1. 0. 1. 0. 0. 0. 0. 0. 0. 0. 1. 0. 0. 0. 0. 0. 1. 0. 0. 0. 1. 0.
  0. 0. 0. 1. 1. 0. 0. 0. 0. 0. 0. 0. 0. 0. 0. 1. 0. 1. 0. 0. 1. 0. 0. 0.
  0. 0. 1. 0. 0. 0. 0. 1. 0. 0. 0. 0. 0. 0. 0. 0. 1. 1. 0. 0. 0. 1. 1. 0.
  0. 0. 0. 0.]
 [0. 1. 0. 0. 0. 1. 0. 0. 0. 0. 0. 0. 1. 0. 0. 1. 0. 0. 0. 0. 0. 0. 0. 0.
  0. 0. 0. 0. 0. 0. 0. 0. 0. 0. 0. 0. 0. 0. 0. 0. 0. 0. 0. 0. 0. 0. 0. 0.
  0. 0. 0. 0. 0. 0. 0. 0. 0. 0. 0. 0. 0. 0. 0. 0. 0. 0. 0. 0. 0. 0. 0. 0.
  0. 0. 0. 0. 0. 0. 0. 0. 0. 0. 0. 0. 0. 0. 0. 0. 0. 0. 0. 0. 0. 0. 0. 0.
  0. 0. 0. 0.]
 [0. 0. 0. 0. 1. 1. 1. 0. 0. 0. 0. 0. 0. 0. 0. 0. 0. 0. 0. 0. 0. 0. 0. 0.
  0. 0. 0. 0. 0. 0. 0. 0. 0. 0. 0. 0. 0. 0. 0. 0. 0. 0. 0. 0. 0. 0. 0. 0.
  0. 0. 0. 0. 0. 0. 0. 0. 0. 0. 0. 0. 0. 0. 0. 0. 0. 0. 0. 0. 0. 0. 0. 0.
  0. 0. 0. 0. 0. 0. 0. 0. 0. 0. 0. 0. 0. 0. 0. 0. 0. 0. 0. 0. 0. 0. 0. 0.
  0. 0. 0. 0.]
 [0. 0. 1. 1. 0. 0. 0. 1. 0. 0. 0. 0. 1. 0. 1. 0. 0. 0. 0. 0. 0. 0. 0. 0.
  0. 0. 0. 0. 0. 0. 0. 0. 0. 0. 0. 0. 0. 0. 0. 0. 0. 0. 0. 0. 0. 0. 0. 0.
  0. 0. 0. 0. 0. 0. 0. 0. 0. 0. 0. 0. 0. 0. 0. 0. 0. 0. 0. 0. 0. 0. 0. 0.
  0. 0. 0. 0. 0. 0. 0. 0. 0. 0. 0. 0. 0. 0. 0. 0. 0. 0. 0. 0. 0. 0. 0. 0.
  0. 0. 0. 0.]
 [0. 0. 0. 0. 0. 1. 0. 0. 0. 0. 1. 0. 0. 0. 0. 0. 0. 1. 0. 1. 0. 0. 0. 0.
  0. 0. 0. 0. 0. 0. 0. 0. 0. 0. 0. 0. 0. 0. 0. 0. 0. 0. 0. 0. 0. 0. 0. 0.
  0. 0. 0. 0. 0. 0. 0. 0. 0. 0. 0. 0. 0. 0. 0. 0. 0. 0. 0. 0. 0. 0. 0. 0.
  0. 0. 0. 0. 0. 0. 0. 0. 0. 0. 0. 0. 0. 0. 0. 0. 0. 0. 0. 0. 0. 0. 0. 0.
  0. 0. 0. 0.]
 [0. 0. 0. 0. 0. 0. 0. 0. 0. 0. 0. 1. 1. 0. 0. 0. 0. 1. 0. 1. 0. 0. 0. 0.
  0. 0. 0. 0. 0. 0. 0. 0. 0. 0. 0. 0. 0. 0. 0. 0. 0. 0. 0. 0. 0. 0. 0. 0.
  0. 0. 0. 0. 0. 0. 0. 0. 0. 0. 0. 0. 0. 0. 0. 0. 0. 0. 0. 0. 0. 0. 0. 0.
  0. 0. 0. 0. 0. 0. 0. 0. 0. 0. 0. 0. 0. 0. 0. 0. 0. 0. 0. 0. 0. 0. 0. 0.
  0. 0. 0. 0.]
 [0. 0. 0. 0. 0. 0. 0. 0. 0. 0. 0. 1. 0. 0. 0. 1. 0. 0. 0. 0. 0. 0. 0. 0.
  0. 0. 0. 0. 0. 0. 0. 0. 0. 0. 0. 0. 0. 0. 0. 0. 0. 0. 0. 0. 0. 0. 0. 0.
  0. 0. 0. 0. 0. 0. 0. 0. 0. 0. 0. 0. 0. 0. 0. 0. 0. 0. 0. 0. 0. 0. 0. 0.
  0. 0. 0. 0. 0. 0. 0. 0. 0. 0. 0. 0. 0. 0. 0. 0. 0. 0. 0. 0. 0. 0. 0. 0.
  0. 0. 0. 0.]
 [0. 0. 0. 0. 0. 0. 0. 1. 0. 0. 0. 0. 0. 0. 1. 0. 0. 0. 0. 1. 0. 0. 0. 0.
  0. 0. 0. 0. 0. 0. 0. 0. 0. 0. 0. 0. 0. 0. 0. 0. 0. 0. 0. 0. 0. 0. 0. 0.
  0. 0. 0. 0. 0. 0. 0. 0. 0. 0. 0. 0. 0. 0. 0. 0. 0. 0. 0. 0. 0. 0. 0. 0.
  0. 0. 0. 0. 0. 0. 0. 0. 0. 0. 0. 0. 0. 0. 0. 0. 0. 0. 0. 0. 0. 0. 0. 0.
  0. 0. 0. 0.]
 [0. 1. 0. 1. 0. 0. 1. 1. 1. 0. 0. 0. 0. 0. 0. 1. 0. 0. 0. 0. 0. 0. 0. 0.
  0. 0. 0. 0. 0. 0. 0. 0. 0. 0. 0. 0. 0. 0. 0. 0. 0. 0. 0. 0. 0. 0. 0. 0.
  0. 0. 0. 0. 0. 0. 0. 0. 0. 0. 0. 0. 0. 0. 0. 0. 0. 0. 0. 0. 0. 0. 0. 0.
  0. 0. 0. 0. 0. 0. 0. 0. 0. 0. 0. 0. 0. 0. 0. 0. 0. 0. 0. 0. 0. 0. 0. 0.
  0. 0. 0. 0.]
 [1. 0. 0. 0. 0. 0. 1. 0. 1. 0. 0. 0. 1. 0. 0. 1. 0. 0. 0. 1. 0. 0. 0. 0.
  0. 0. 0. 0. 0. 0. 0. 0. 0. 0. 0. 0. 0. 0. 0. 0. 0. 0. 0. 0. 0. 0. 0. 0.
  0. 0. 0. 0. 0. 0. 0. 0. 0. 0. 0. 0. 0. 0. 0. 0. 0. 0. 0. 0. 0. 0. 0. 0.
  0. 0. 0. 0. 0. 0. 0. 0. 0. 0. 0. 0. 0. 0. 0. 0. 0. 0. 0. 0. 0. 0. 0. 0.
  0. 0. 0. 0.]
 [0. 1. 0. 0. 0. 0. 1. 0. 0. 0. 0. 1. 0. 0. 1. 0. 1. 0. 0. 0. 0. 0. 0. 0.
  0. 0. 0. 0. 0. 0. 0. 0. 0. 0. 0. 0. 0. 0. 0. 0. 0. 0. 0. 0. 0. 0. 0. 0.
  0. 0. 0. 0. 0. 0. 0. 0. 0. 0. 0. 0. 0. 0. 0. 0. 0. 0. 0. 0. 0. 0. 0. 0.
  0. 0. 0. 0. 0. 0. 0. 0. 0. 0. 0. 0. 0. 0. 0. 0. 0. 0. 0. 0. 0. 0. 0. 0.
  0. 0. 0. 0.]
 [0. 0. 1. 0. 0. 0. 1. 0. 0. 0. 0. 0. 0. 0. 0. 0. 0. 0. 0. 0. 0. 0. 0. 0.
  0. 0. 0. 0. 0. 0. 0. 0. 0. 0. 0. 0. 0. 0. 0. 0. 0. 0. 0. 0. 0. 0. 0. 0.
  0. 0. 0. 0. 0. 0. 0. 0. 0. 0. 0. 0. 0. 0. 0. 0. 0. 0. 0. 0. 0. 0. 0. 0.
  0. 0. 0. 0. 0. 0. 0. 0. 0. 0. 0. 0. 0. 0. 0. 0. 0. 0. 0. 0. 0. 0. 0. 0.
  0. 0. 0. 0.]
 [1. 0. 0. 0. 1. 0. 1. 0. 0. 0. 0. 0. 1. 1. 0. 0. 0. 0. 0. 0. 0. 0. 0. 0.
  0. 0. 0. 0. 0. 0. 0. 0. 0. 0. 0. 0. 0. 0. 0. 0. 0. 0. 0. 0. 0. 0. 0. 0.
  0. 0. 0. 0. 0. 0. 0. 0. 0. 0. 0. 0. 0. 0. 0. 0. 0. 0. 0. 0. 0. 0. 0. 0.
  0. 0. 0. 0. 0. 0. 0. 0. 0. 0. 0. 0. 0. 0. 0. 0. 0. 0. 0. 0. 0. 0. 0. 0.
  0. 0. 0. 0.]
 [0. 0. 0. 0. 0. 0. 0. 1. 0. 0. 1. 0. 0. 0. 0. 0. 0. 0. 0. 0. 0. 0. 0. 0.
  0. 0. 0. 0. 0. 0. 0. 0. 0. 0. 0. 0. 0. 0. 0. 0. 0. 0. 0. 0. 0. 0. 0. 0.
  0. 0. 0. 0. 0. 0. 0. 0. 0. 0. 0. 0. 0. 0. 0. 0. 0. 0. 0. 0. 0. 0. 0. 0.
  0. 0. 0. 0. 0. 0. 0. 0. 0. 0. 0. 0. 0. 0. 0. 0. 0. 0. 0. 0. 0. 0. 0. 0.
  0. 0. 0. 0.]
 [0. 0. 0. 0. 0. 0. 0. 0. 1. 0. 0. 0. 0. 1. 0. 0. 0. 0. 0. 0. 0. 0. 0. 0.
  0. 0. 0. 0. 0. 0. 0. 0. 0. 0. 0. 0. 0. 0. 0. 0. 0. 0. 0. 0. 0. 0. 0. 0.
  0. 0. 0. 0. 0. 0. 0. 0. 0. 0. 0. 0. 0. 0. 0. 0. 0. 0. 0. 0. 0. 0. 0. 0.
  0. 0. 0. 0. 0. 0. 0. 0. 0. 0. 0. 0. 0. 0. 0. 0. 0. 0. 0. 0. 0. 0. 0. 0.
  0. 0. 0. 0.]
 [0. 0. 0. 0. 0. 0. 0. 0. 1. 1. 0. 0. 0. 1. 0. 0. 0. 1. 1. 0. 0. 0. 0. 0.
  0. 0. 0. 0. 0. 0. 0. 0. 0. 0. 0. 0. 0. 0. 0. 0. 0. 0. 0. 0. 0. 0. 0. 0.
  0. 0. 0. 0. 0. 0. 0. 0. 0. 0. 0. 0. 0. 0. 0. 0. 0. 0. 0. 0. 0. 0. 0. 0.
  0. 0. 0. 0. 0. 0. 0. 0. 0. 0. 0. 0. 0. 0. 0. 0. 0. 0. 0. 0. 0. 0. 0. 0.
  0. 0. 0. 0.]
 [0. 0. 0. 0. 0. 0. 1. 0. 1. 0. 0. 1. 0. 0. 1. 0. 0. 0. 0. 0. 0. 0. 0. 0.
  0. 0. 0. 0. 0. 0. 0. 0. 0. 0. 0. 0. 0. 0. 0. 0. 0. 0. 0. 0. 0. 0. 0. 0.
  0. 0. 0. 0. 0. 0. 0. 0. 0. 0. 0. 0. 0. 0. 0. 0. 0. 0. 0. 0. 0. 0. 0. 0.
  0. 0. 0. 0. 0. 0. 0. 0. 0. 0. 0. 0. 0. 0. 0. 0. 0. 0. 0. 0. 0. 0. 0. 0.
  0. 0. 0. 0.]
 [0. 0. 1. 0. 0. 0. 0. 0. 0. 0. 0. 0. 0. 0. 0. 0. 1. 0. 0. 1. 0. 0. 0. 0.
  0. 0. 0. 0. 0. 0. 0. 0. 0. 0. 0. 0. 0. 0. 0. 0. 0. 0. 0. 0. 0. 0. 0. 0.
  0. 0. 0. 0. 0. 0. 0. 0. 0. 0. 0. 0. 0. 0. 0. 0. 0. 0. 0. 0. 0. 0. 0. 0.
  0. 0. 0. 0. 0. 0. 0. 0. 0. 0. 0. 0. 0. 0. 0. 0. 0. 0. 0. 0. 0. 0. 0. 0.
  0. 0. 0. 0.]
 [1. 0. 0. 0. 0. 0. 1. 0. 0. 1. 0. 0. 0. 0. 0. 0. 0. 0. 0. 0. 0. 0. 0. 0.
  0. 0. 0. 0. 0. 0. 0. 0. 0. 0. 0. 0. 0. 0. 0. 0. 0. 0. 0. 0. 0. 0. 0. 0.
  0. 0. 0. 0. 0. 0. 0. 0. 0. 0. 0. 0. 0. 0. 0. 0. 0. 0. 0. 0. 0. 0. 0. 0.
  0. 0. 0. 0. 0. 0. 0. 0. 0. 0. 0. 0. 0. 0. 0. 0. 0. 0. 0. 0. 0. 0. 0. 0.
  0. 0. 0. 0.]
 [0. 0. 0. 1. 0. 0. 0. 0. 0. 0. 0. 0. 0. 0. 0. 0. 0. 0. 0. 0. 0. 0. 0. 0.
  0. 0. 0. 0. 0. 0. 0. 0. 0. 0. 0. 0. 0. 0. 0. 0. 0. 0. 0. 0. 0. 0. 0. 0.
  0. 0. 0. 0. 0. 0. 0. 0. 0. 0. 0. 0. 0. 0. 0. 0. 0. 0. 0. 0. 0. 0. 0. 0.
  0. 0. 0. 0. 0. 0. 0. 0. 0. 0. 0. 0. 0. 0. 0. 0. 0. 0. 0. 0. 0. 0. 0. 0.
  0. 0. 0. 0.]
 [0. 0. 0. 0. 0. 0. 0. 0. 0. 1. 0. 0. 0. 1. 0. 0. 0. 1. 0. 0. 0. 0. 0. 0.
  0. 0. 0. 0. 0. 0. 0. 0. 0. 0. 0. 0. 0. 0. 0. 0. 0. 0. 0. 0. 0. 0. 0. 0.
  0. 0. 0. 0. 0. 0. 0. 0. 0. 0. 0. 0. 0. 0. 0. 0. 0. 0. 0. 0. 0. 0. 0. 0.
  0. 0. 0. 0. 0. 0. 0. 0. 0. 0. 0. 0. 0. 0. 0. 0. 0. 0. 0. 0. 0. 0. 0. 0.
  0. 0. 0. 0.]
 [1. 0. 0. 0. 0. 0. 0. 0. 0. 0. 1. 0. 0. 0. 0. 0. 0. 0. 1. 0. 0. 0. 0. 0.
  0. 0. 0. 0. 0. 0. 0. 0. 0. 0. 0. 0. 0. 0. 0. 0. 0. 0. 0. 0. 0. 0. 0. 0.
  0. 0. 0. 0. 0. 0. 0. 0. 0. 0. 0. 0. 0. 0. 0. 0. 0. 0. 0. 0. 0. 0. 0. 0.
  0. 0. 0. 0. 0. 0. 0. 0. 0. 0. 0. 0. 0. 0. 0. 0. 0. 0. 0. 0. 0. 0. 0. 0.
  0. 0. 0. 0.]
 [0. 1. 0. 0. 0. 0. 0. 0. 0. 0. 1. 0. 1. 0. 0. 0. 0. 0. 1. 0. 0. 0. 0. 0.
  0. 0. 0. 0. 0. 0. 0. 0. 0. 0. 0. 0. 0. 0. 0. 0. 0. 0. 0. 0. 0. 0. 0. 0.
  0. 0. 0. 0. 0. 0. 0. 0. 0. 0. 0. 0. 0. 0. 0. 0. 0. 0. 0. 0. 0. 0. 0. 0.
  0. 0. 0. 0. 0. 0. 0. 0. 0. 0. 0. 0. 0. 0. 0. 0. 0. 0. 0. 0. 0. 0. 0. 0.
  0. 0. 0. 0.]
 [1. 0. 1. 0. 0. 0. 0. 1. 0. 0. 0. 0. 0. 0. 0. 0. 0. 0. 0. 1. 0. 0. 0. 0.
  0. 0. 0. 0. 0. 0. 0. 0. 0. 0. 0. 0. 0. 0. 0. 0. 0. 0. 0. 0. 0. 0. 0. 0.
  0. 0. 0. 0. 0. 0. 0. 0. 0. 0. 0. 0. 0. 0. 0. 0. 0. 0. 0. 0. 0. 0. 0. 0.
  0. 0. 0. 0. 0. 0. 0. 0. 0. 0. 0. 0. 0. 0. 0. 0. 0. 0. 0. 0. 0. 0. 0. 0.
  0. 0. 0. 0.]
 [0. 0. 1. 0. 0. 0. 0. 0. 0. 0. 0. 0. 1. 0. 0. 0. 0. 0. 0. 0. 0. 0. 0. 0.
  0. 0. 0. 0. 0. 0. 0. 0. 0. 0. 0. 0. 0. 0. 0. 0. 0. 0. 0. 0. 0. 0. 0. 0.
  0. 0. 0. 0. 0. 0. 0. 0. 0. 0. 0. 0. 0. 0. 0. 0. 0. 0. 0. 0. 0. 0. 0. 0.
  0. 0. 0. 0. 0. 0. 0. 0. 0. 0. 0. 0. 0. 0. 0. 0. 0. 0. 0. 0. 0. 0. 0. 0.
  0. 0. 0. 0.]
 [0. 0. 0. 0. 0. 0. 0. 0. 0. 0. 0. 1. 0. 0. 1. 0. 0. 1. 0. 0. 0. 0. 0. 0.
  0. 0. 0. 0. 0. 0. 0. 0. 0. 0. 0. 0. 0. 0. 0. 0. 0. 0. 0. 0. 0. 0. 0. 0.
  0. 0. 0. 0. 0. 0. 0. 0. 0. 0. 0. 0. 0. 0. 0. 0. 0. 0. 0. 0. 0. 0. 0. 0.
  0. 0. 0. 0. 0. 0. 0. 0. 0. 0. 0. 0. 0. 0. 0. 0. 0. 0. 0. 0. 0. 0. 0. 0.
  0. 0. 0. 0.]
 [0. 0. 0. 0. 0. 0. 0. 0. 0. 1. 0. 0. 0. 0. 1. 0. 0. 0. 0. 0. 0. 0. 0. 0.
  0. 0. 0. 0. 0. 0. 0. 0. 0. 0. 0. 0. 0. 0. 0. 0. 0. 0. 0. 0. 0. 0. 0. 0.
  0. 0. 0. 0. 0. 0. 0. 0. 0. 0. 0. 0. 0. 0. 0. 0. 0. 0. 0. 0. 0. 0. 0. 0.
  0. 0. 0. 0. 0. 0. 0. 0. 0. 0. 0. 0. 0. 0. 0. 0. 0. 0. 0. 0. 0. 0. 0. 0.
  0. 0. 0. 0.]
 [0. 1. 0. 1. 0. 0. 1. 1. 1. 0. 1. 1. 0. 0. 1. 1. 1. 1. 0. 1. 0. 0. 0. 0.
  0. 0. 0. 0. 0. 0. 0. 0. 0. 0. 0. 0. 0. 0. 0. 0. 0. 0. 0. 0. 0. 0. 0. 0.
  0. 0. 0. 0. 0. 0. 0. 0. 0. 0. 0. 0. 0. 0. 0. 0. 0. 0. 0. 0. 0. 0. 0. 0.
  0. 0. 0. 0. 0. 0. 0. 0. 0. 0. 0. 0. 0. 0. 0. 0. 0. 0. 0. 0. 0. 0. 0. 0.
  0. 0. 0. 0.]
 [0. 1. 0. 0. 0. 1. 0. 0. 0. 0. 1. 0. 0. 1. 0. 0. 0. 0. 0. 0. 0. 0. 0. 0.
  0. 0. 0. 0. 0. 0. 0. 0. 0. 0. 0. 0. 0. 0. 0. 0. 0. 0. 0. 0. 0. 0. 0. 0.
  0. 0. 0. 0. 0. 0. 0. 0. 0. 0. 0. 0. 0. 0. 0. 0. 0. 0. 0. 0. 0. 0. 0. 0.
  0. 0. 0. 0. 0. 0. 0. 0. 0. 0. 0. 0. 0. 0. 0. 0. 0. 0. 0. 0. 0. 0. 0. 0.
  0. 0. 0. 0.]
 [0. 1. 0. 0. 0. 0. 0. 0. 1. 0. 1. 0. 0. 0. 0. 0. 0. 0. 0. 0. 0. 0. 0. 0.
  0. 0. 0. 0. 0. 0. 0. 0. 0. 0. 0. 0. 0. 0. 0. 0. 0. 0. 0. 0. 0. 0. 0. 0.
  0. 0. 0. 0. 0. 0. 0. 0. 0. 0. 0. 0. 0. 0. 0. 0. 0. 0. 0. 0. 0. 0. 0. 0.
  0. 0. 0. 0. 0. 0. 0. 0. 0. 0. 0. 0. 0. 0. 0. 0. 0. 0. 0. 0. 0. 0. 0. 0.
  0. 0. 0. 0.]
 [0. 0. 0. 1. 1. 1. 0. 0. 0. 0. 0. 0. 1. 0. 1. 0. 0. 0. 0. 0. 0. 0. 0. 0.
  0. 0. 0. 0. 0. 0. 0. 0. 0. 0. 0. 0. 0. 0. 0. 0. 0. 0. 0. 0. 0. 0. 0. 0.
  0. 0. 0. 0. 0. 0. 0. 0. 0. 0. 0. 0. 0. 0. 0. 0. 0. 0. 0. 0. 0. 0. 0. 0.
  0. 0. 0. 0. 0. 0. 0. 0. 0. 0. 0. 0. 0. 0. 0. 0. 0. 0. 0. 0. 0. 0. 0. 0.
  0. 0. 0. 0.]
 [0. 0. 0. 0. 0. 0. 1. 0. 0. 0. 0. 1. 0. 0. 0. 1. 0. 0. 0. 0. 0. 0. 0. 0.
  0. 0. 0. 0. 0. 0. 0. 0. 0. 0. 0. 0. 0. 0. 0. 0. 0. 0. 0. 0. 0. 0. 0. 0.
  0. 0. 0. 0. 0. 0. 0. 0. 0. 0. 0. 0. 0. 0. 0. 0. 0. 0. 0. 0. 0. 0. 0. 0.
  0. 0. 0. 0. 0. 0. 0. 0. 0. 0. 0. 0. 0. 0. 0. 0. 0. 0. 0. 0. 0. 0. 0. 0.
  0. 0. 0. 0.]
 [0. 0. 0. 0. 0. 0. 0. 0. 0. 0. 0. 0. 0. 1. 0. 0. 0. 0. 1. 1. 0. 0. 0. 0.
  0. 0. 0. 0. 0. 0. 0. 0. 0. 0. 0. 0. 0. 0. 0. 0. 0. 0. 0. 0. 0. 0. 0. 0.
  0. 0. 0. 0. 0. 0. 0. 0. 0. 0. 0. 0. 0. 0. 0. 0. 0. 0. 0. 0. 0. 0. 0. 0.
  0. 0. 0. 0. 0. 0. 0. 0. 0. 0. 0. 0. 0. 0. 0. 0. 0. 0. 0. 0. 0. 0. 0. 0.
  0. 0. 0. 0.]
 [0. 0. 0. 0. 0. 0. 0. 0. 0. 0. 0. 0. 0. 0. 0. 0. 0. 0. 0. 1. 0. 0. 0. 0.
  0. 0. 0. 0. 0. 0. 0. 0. 0. 0. 0. 0. 0. 0. 0. 0. 0. 0. 0. 0. 0. 0. 0. 0.
  0. 0. 0. 0. 0. 0. 0. 0. 0. 0. 0. 0. 0. 0. 0. 0. 0. 0. 0. 0. 0. 0. 0. 0.
  0. 0. 0. 0. 0. 0. 0. 0. 0. 0. 0. 0. 0. 0. 0. 0. 0. 0. 0. 0. 0. 0. 0. 0.
  0. 0. 0. 0.]
 [0. 1. 0. 1. 1. 0. 0. 0. 1. 0. 0. 0. 0. 0. 0. 0. 0. 0. 0. 0. 0. 0. 0. 0.
  0. 0. 0. 0. 0. 0. 0. 0. 0. 0. 0. 0. 0. 0. 0. 0. 0. 0. 0. 0. 0. 0. 0. 0.
  0. 0. 0. 0. 0. 0. 0. 0. 0. 0. 0. 0. 0. 0. 0. 0. 0. 0. 0. 0. 0. 0. 0. 0.
  0. 0. 0. 0. 0. 0. 0. 0. 0. 0. 0. 0. 0. 0. 0. 0. 0. 0. 0. 0. 0. 0. 0. 0.
  0. 0. 0. 0.]
 [0. 0. 0. 0. 0. 0. 0. 1. 0. 0. 0. 0. 0. 1. 0. 0. 1. 0. 1. 0. 0. 0. 0. 0.
  0. 0. 0. 0. 0. 0. 0. 0. 0. 0. 0. 0. 0. 0. 0. 0. 0. 0. 0. 0. 0. 0. 0. 0.
  0. 0. 0. 0. 0. 0. 0. 0. 0. 0. 0. 0. 0. 0. 0. 0. 0. 0. 0. 0. 0. 0. 0. 0.
  0. 0. 0. 0. 0. 0. 0. 0. 0. 0. 0. 0. 0. 0. 0. 0. 0. 0. 0. 0. 0. 0. 0. 0.
  0. 0. 0. 0.]
 [0. 0. 0. 0. 0. 0. 1. 0. 0. 0. 0. 1. 0. 0. 0. 1. 0. 0. 0. 0. 0. 0. 0. 0.
  0. 0. 0. 0. 0. 0. 0. 0. 0. 0. 0. 0. 0. 0. 0. 0. 0. 0. 0. 0. 0. 0. 0. 0.
  0. 0. 0. 0. 0. 0. 0. 0. 0. 0. 0. 0. 0. 0. 0. 0. 0. 0. 0. 0. 0. 0. 0. 0.
  0. 0. 0. 0. 0. 0. 0. 0. 0. 0. 0. 0. 0. 0. 0. 0. 0. 0. 0. 0. 0. 0. 0. 0.
  0. 0. 0. 0.]
 [0. 0. 0. 0. 0. 0. 0. 1. 0. 0. 0. 0. 1. 1. 0. 0. 0. 0. 0. 0. 0. 0. 0. 0.
  0. 0. 0. 0. 0. 0. 0. 0. 0. 0. 0. 0. 0. 0. 0. 0. 0. 0. 0. 0. 0. 0. 0. 0.
  0. 0. 0. 0. 0. 0. 0. 0. 0. 0. 0. 0. 0. 0. 0. 0. 0. 0. 0. 0. 0. 0. 0. 0.
  0. 0. 0. 0. 0. 0. 0. 0. 0. 0. 0. 0. 0. 0. 0. 0. 0. 0. 0. 0. 0. 0. 0. 0.
  0. 0. 0. 0.]
 [0. 0. 1. 1. 0. 0. 1. 0. 0. 0. 0. 1. 0. 0. 1. 0. 0. 0. 0. 0. 0. 0. 0. 0.
  0. 0. 0. 0. 0. 0. 0. 0. 0. 0. 0. 0. 0. 0. 0. 0. 0. 0. 0. 0. 0. 0. 0. 0.
  0. 0. 0. 0. 0. 0. 0. 0. 0. 0. 0. 0. 0. 0. 0. 0. 0. 0. 0. 0. 0. 0. 0. 0.
  0. 0. 0. 0. 0. 0. 0. 0. 0. 0. 0. 0. 0. 0. 0. 0. 0. 0. 0. 0. 0. 0. 0. 0.
  0. 0. 0. 0.]
 [0. 0. 0. 0. 1. 1. 0. 0. 1. 0. 1. 0. 0. 0. 0. 0. 0. 0. 0. 0. 0. 0. 0. 0.
  0. 0. 0. 0. 0. 0. 0. 0. 0. 0. 0. 0. 0. 0. 0. 0. 0. 0. 0. 0. 0. 0. 0. 0.
  0. 0. 0. 0. 0. 0. 0. 0. 0. 0. 0. 0. 0. 0. 0. 0. 0. 0. 0. 0. 0. 0. 0. 0.
  0. 0. 0. 0. 0. 0. 0. 0. 0. 0. 0. 0. 0. 0. 0. 0. 0. 0. 0. 0. 0. 0. 0. 0.
  0. 0. 0. 0.]
 [1. 0. 1. 0. 1. 0. 1. 0. 0. 0. 0. 0. 0. 0. 0. 0. 0. 0. 1. 0. 0. 0. 0. 0.
  0. 0. 0. 0. 0. 0. 0. 0. 0. 0. 0. 0. 0. 0. 0. 0. 0. 0. 0. 0. 0. 0. 0. 0.
  0. 0. 0. 0. 0. 0. 0. 0. 0. 0. 0. 0. 0. 0. 0. 0. 0. 0. 0. 0. 0. 0. 0. 0.
  0. 0. 0. 0. 0. 0. 0. 0. 0. 0. 0. 0. 0. 0. 0. 0. 0. 0. 0. 0. 0. 0. 0. 0.
  0. 0. 0. 0.]
 [1. 0. 0. 0. 0. 0. 1. 0. 0. 0. 0. 1. 0. 0. 0. 0. 0. 0. 1. 0. 0. 0. 0. 0.
  0. 0. 0. 0. 0. 0. 0. 0. 0. 0. 0. 0. 0. 0. 0. 0. 0. 0. 0. 0. 0. 0. 0. 0.
  0. 0. 0. 0. 0. 0. 0. 0. 0. 0. 0. 0. 0. 0. 0. 0. 0. 0. 0. 0. 0. 0. 0. 0.
  0. 0. 0. 0. 0. 0. 0. 0. 0. 0. 0. 0. 0. 0. 0. 0. 0. 0. 0. 0. 0. 0. 0. 0.
  0. 0. 0. 0.]
 [0. 1. 0. 0. 0. 1. 0. 0. 0. 0. 0. 1. 0. 0. 0. 0. 1. 1. 0. 0. 0. 0. 0. 0.
  0. 0. 0. 0. 0. 0. 0. 0. 0. 0. 0. 0. 0. 0. 0. 0. 0. 0. 0. 0. 0. 0. 0. 0.
  0. 0. 0. 0. 0. 0. 0. 0. 0. 0. 0. 0. 0. 0. 0. 0. 0. 0. 0. 0. 0. 0. 0. 0.
  0. 0. 0. 0. 0. 0. 0. 0. 0. 0. 0. 0. 0. 0. 0. 0. 0. 0. 0. 0. 0. 0. 0. 0.
  0. 0. 0. 0.]
 [0. 0. 0. 1. 0. 1. 1. 0. 0. 0. 0. 0. 0. 1. 0. 0. 0. 0. 0. 0. 0. 0. 0. 0.
  0. 0. 0. 0. 0. 0. 0. 0. 0. 0. 0. 0. 0. 0. 0. 0. 0. 0. 0. 0. 0. 0. 0. 0.
  0. 0. 0. 0. 0. 0. 0. 0. 0. 0. 0. 0. 0. 0. 0. 0. 0. 0. 0. 0. 0. 0. 0. 0.
  0. 0. 0. 0. 0. 0. 0. 0. 0. 0. 0. 0. 0. 0. 0. 0. 0. 0. 0. 0. 0. 0. 0. 0.
  0. 0. 0. 0.]
 [0. 0. 1. 1. 0. 1. 0. 0. 0. 0. 0. 0. 0. 0. 0. 0. 1. 1. 0. 1. 0. 0. 0. 0.
  0. 0. 0. 0. 0. 0. 0. 0. 0. 0. 0. 0. 0. 0. 0. 0. 0. 0. 0. 0. 0. 0. 0. 0.
  0. 0. 0. 0. 0. 0. 0. 0. 0. 0. 0. 0. 0. 0. 0. 0. 0. 0. 0. 0. 0. 0. 0. 0.
  0. 0. 0. 0. 0. 0. 0. 0. 0. 0. 0. 0. 0. 0. 0. 0. 0. 0. 0. 0. 0. 0. 0. 0.
  0. 0. 0. 0.]
 [0. 1. 1. 0. 0. 0. 1. 1. 0. 0. 0. 0. 0. 0. 0. 0. 0. 0. 1. 0. 0. 0. 0. 0.
  0. 0. 0. 0. 0. 0. 0. 0. 0. 0. 0. 0. 0. 0. 0. 0. 0. 0. 0. 0. 0. 0. 0. 0.
  0. 0. 0. 0. 0. 0. 0. 0. 0. 0. 0. 0. 0. 0. 0. 0. 0. 0. 0. 0. 0. 0. 0. 0.
  0. 0. 0. 0. 0. 0. 0. 0. 0. 0. 0. 0. 0. 0. 0. 0. 0. 0. 0. 0. 0. 0. 0. 0.
  0. 0. 0. 0.]
 [1. 0. 0. 0. 0. 1. 0. 0. 1. 1. 0. 0. 0. 0. 0. 0. 0. 1. 0. 1. 0. 0. 0. 0.
  0. 0. 0. 0. 0. 0. 0. 0. 0. 0. 0. 0. 0. 0. 0. 0. 0. 0. 0. 0. 0. 0. 0. 0.
  0. 0. 0. 0. 0. 0. 0. 0. 0. 0. 0. 0. 0. 0. 0. 0. 0. 0. 0. 0. 0. 0. 0. 0.
  0. 0. 0. 0. 0. 0. 0. 0. 0. 0. 0. 0. 0. 0. 0. 0. 0. 0. 0. 0. 0. 0. 0. 0.
  0. 0. 0. 0.]
 [0. 0. 0. 1. 0. 0. 0. 1. 0. 0. 0. 0. 1. 0. 0. 0. 0. 0. 0. 0. 0. 0. 0. 0.
  0. 0. 0. 0. 0. 0. 0. 0. 0. 0. 0. 0. 0. 0. 0. 0. 0. 0. 0. 0. 0. 0. 0. 0.
  0. 0. 0. 0. 0. 0. 0. 0. 0. 0. 0. 0. 0. 0. 0. 0. 0. 0. 0. 0. 0. 0. 0. 0.
  0. 0. 0. 0. 0. 0. 0. 0. 0. 0. 0. 0. 0. 0. 0. 0. 0. 0. 0. 0. 0. 0. 0. 0.
  0. 0. 0. 0.]
 [0. 0. 0. 0. 0. 0. 1. 0. 0. 1. 0. 1. 0. 0. 0. 0. 1. 1. 0. 0. 0. 0. 0. 0.
  0. 0. 0. 0. 0. 0. 0. 0. 0. 0. 0. 0. 0. 0. 0. 0. 0. 0. 0. 0. 0. 0. 0. 0.
  0. 0. 0. 0. 0. 0. 0. 0. 0. 0. 0. 0. 0. 0. 0. 0. 0. 0. 0. 0. 0. 0. 0. 0.
  0. 0. 0. 0. 0. 0. 0. 0. 0. 0. 0. 0. 0. 0. 0. 0. 0. 0. 0. 0. 0. 0. 0. 0.
  0. 0. 0. 0.]
 [0. 0. 0. 0. 0. 0. 0. 0. 0. 1. 0. 0. 0. 0. 1. 0. 0. 1. 0. 1. 0. 0. 0. 0.
  0. 0. 0. 0. 0. 0. 0. 0. 0. 0. 0. 0. 0. 0. 0. 0. 0. 0. 0. 0. 0. 0. 0. 0.
  0. 0. 0. 0. 0. 0. 0. 0. 0. 0. 0. 0. 0. 0. 0. 0. 0. 0. 0. 0. 0. 0. 0. 0.
  0. 0. 0. 0. 0. 0. 0. 0. 0. 0. 0. 0. 0. 0. 0. 0. 0. 0. 0. 0. 0. 0. 0. 0.
  0. 0. 0. 0.]
 [0. 0. 0. 0. 0. 0. 0. 0. 0. 0. 0. 0. 1. 1. 0. 0. 0. 0. 0. 0. 0. 0. 0. 0.
  0. 0. 0. 0. 0. 0. 0. 0. 0. 0. 0. 0. 0. 0. 0. 0. 0. 0. 0. 0. 0. 0. 0. 0.
  0. 0. 0. 0. 0. 0. 0. 0. 0. 0. 0. 0. 0. 0. 0. 0. 0. 0. 0. 0. 0. 0. 0. 0.
  0. 0. 0. 0. 0. 0. 0. 0. 0. 0. 0. 0. 0. 0. 0. 0. 0. 0. 0. 0. 0. 0. 0. 0.
  0. 0. 0. 0.]
 [1. 0. 1. 0. 0. 0. 0. 0. 0. 0. 0. 1. 0. 1. 1. 0. 1. 0. 0. 0. 0. 0. 0. 0.
  0. 0. 0. 0. 0. 0. 0. 0. 0. 0. 0. 0. 0. 0. 0. 0. 0. 0. 0. 0. 0. 0. 0. 0.
  0. 0. 0. 0. 0. 0. 0. 0. 0. 0. 0. 0. 0. 0. 0. 0. 0. 0. 0. 0. 0. 0. 0. 0.
  0. 0. 0. 0. 0. 0. 0. 0. 0. 0. 0. 0. 0. 0. 0. 0. 0. 0. 0. 0. 0. 0. 0. 0.
  0. 0. 0. 0.]
 [0. 1. 0. 1. 0. 0. 0. 0. 0. 0. 0. 0. 0. 0. 0. 1. 0. 1. 0. 0. 0. 0. 0. 0.
  0. 0. 0. 0. 0. 0. 0. 0. 0. 0. 0. 0. 0. 0. 0. 0. 0. 0. 0. 0. 0. 0. 0. 0.
  0. 0. 0. 0. 0. 0. 0. 0. 0. 0. 0. 0. 0. 0. 0. 0. 0. 0. 0. 0. 0. 0. 0. 0.
  0. 0. 0. 0. 0. 0. 0. 0. 0. 0. 0. 0. 0. 0. 0. 0. 0. 0. 0. 0. 0. 0. 0. 0.
  0. 0. 0. 0.]
 [0. 0. 0. 1. 0. 0. 0. 0. 0. 0. 0. 0. 0. 0. 0. 0. 0. 1. 1. 0. 0. 0. 0. 0.
  0. 0. 0. 0. 0. 0. 0. 0. 0. 0. 0. 0. 0. 0. 0. 0. 0. 0. 0. 0. 0. 0. 0. 0.
  0. 0. 0. 0. 0. 0. 0. 0. 0. 0. 0. 0. 0. 0. 0. 0. 0. 0. 0. 0. 0. 0. 0. 0.
  0. 0. 0. 0. 0. 0. 0. 0. 0. 0. 0. 0. 0. 0. 0. 0. 0. 0. 0. 0. 0. 0. 0. 0.
  0. 0. 0. 0.]
 [0. 0. 0. 0. 1. 1. 1. 0. 0. 0. 0. 0. 0. 0. 0. 0. 1. 1. 0. 0. 0. 0. 0. 0.
  0. 0. 0. 0. 0. 0. 0. 0. 0. 0. 0. 0. 0. 0. 0. 0. 0. 0. 0. 0. 0. 0. 0. 0.
  0. 0. 0. 0. 0. 0. 0. 0. 0. 0. 0. 0. 0. 0. 0. 0. 0. 0. 0. 0. 0. 0. 0. 0.
  0. 0. 0. 0. 0. 0. 0. 0. 0. 0. 0. 0. 0. 0. 0. 0. 0. 0. 0. 0. 0. 0. 0. 0.
  0. 0. 0. 0.]
 [1. 0. 0. 0. 0. 0. 0. 0. 0. 0. 0. 0. 0. 1. 1. 1. 0. 0. 0. 1. 0. 0. 0. 0.
  0. 0. 0. 0. 0. 0. 0. 0. 0. 0. 0. 0. 0. 0. 0. 0. 0. 0. 0. 0. 0. 0. 0. 0.
  0. 0. 0. 0. 0. 0. 0. 0. 0. 0. 0. 0. 0. 0. 0. 0. 0. 0. 0. 0. 0. 0. 0. 0.
  0. 0. 0. 0. 0. 0. 0. 0. 0. 0. 0. 0. 0. 0. 0. 0. 0. 0. 0. 0. 0. 0. 0. 0.
  0. 0. 0. 0.]
 [1. 0. 0. 0. 0. 0. 0. 0. 0. 0. 0. 0. 0. 0. 1. 0. 1. 1. 0. 0. 0. 0. 0. 0.
  0. 0. 0. 0. 0. 0. 0. 0. 0. 0. 0. 0. 0. 0. 0. 0. 0. 0. 0. 0. 0. 0. 0. 0.
  0. 0. 0. 0. 0. 0. 0. 0. 0. 0. 0. 0. 0. 0. 0. 0. 0. 0. 0. 0. 0. 0. 0. 0.
  0. 0. 0. 0. 0. 0. 0. 0. 0. 0. 0. 0. 0. 0. 0. 0. 0. 0. 0. 0. 0. 0. 0. 0.
  0. 0. 0. 0.]
 [1. 1. 0. 0. 0. 0. 0. 0. 0. 1. 0. 0. 1. 0. 0. 0. 0. 1. 0. 0. 0. 0. 0. 0.
  0. 0. 0. 0. 0. 0. 0. 0. 0. 0. 0. 0. 0. 0. 0. 0. 0. 0. 0. 0. 0. 0. 0. 0.
  0. 0. 0. 0. 0. 0. 0. 0. 0. 0. 0. 0. 0. 0. 0. 0. 0. 0. 0. 0. 0. 0. 0. 0.
  0. 0. 0. 0. 0. 0. 0. 0. 0. 0. 0. 0. 0. 0. 0. 0. 0. 0. 0. 0. 0. 0. 0. 0.
  0. 0. 0. 0.]
 [0. 0. 0. 0. 0. 0. 1. 0. 0. 0. 0. 0. 0. 0. 0. 0. 1. 0. 0. 0. 0. 0. 0. 0.
  0. 0. 0. 0. 0. 0. 0. 0. 0. 0. 0. 0. 0. 0. 0. 0. 0. 0. 0. 0. 0. 0. 0. 0.
  0. 0. 0. 0. 0. 0. 0. 0. 0. 0. 0. 0. 0. 0. 0. 0. 0. 0. 0. 0. 0. 0. 0. 0.
  0. 0. 0. 0. 0. 0. 0. 0. 0. 0. 0. 0. 0. 0. 0. 0. 0. 0. 0. 0. 0. 0. 0. 0.
  0. 0. 0. 0.]
 [0. 0. 0. 0. 0. 0. 0. 0. 0. 0. 0. 0. 0. 1. 0. 0. 0. 1. 0. 0. 0. 0. 0. 0.
  0. 0. 0. 0. 0. 0. 0. 0. 0. 0. 0. 0. 0. 0. 0. 0. 0. 0. 0. 0. 0. 0. 0. 0.
  0. 0. 0. 0. 0. 0. 0. 0. 0. 0. 0. 0. 0. 0. 0. 0. 0. 0. 0. 0. 0. 0. 0. 0.
  0. 0. 0. 0. 0. 0. 0. 0. 0. 0. 0. 0. 0. 0. 0. 0. 0. 0. 0. 0. 0. 0. 0. 0.
  0. 0. 0. 0.]
 [0. 0. 1. 0. 0. 0. 0. 0. 0. 1. 0. 0. 0. 0. 0. 0. 0. 0. 1. 1. 0. 0. 0. 0.
  0. 0. 0. 0. 0. 0. 0. 0. 0. 0. 0. 0. 0. 0. 0. 0. 0. 0. 0. 0. 0. 0. 0. 0.
  0. 0. 0. 0. 0. 0. 0. 0. 0. 0. 0. 0. 0. 0. 0. 0. 0. 0. 0. 0. 0. 0. 0. 0.
  0. 0. 0. 0. 0. 0. 0. 0. 0. 0. 0. 0. 0. 0. 0. 0. 0. 0. 0. 0. 0. 0. 0. 0.
  0. 0. 0. 0.]
 [0. 1. 0. 0. 0. 0. 0. 0. 0. 1. 0. 0. 0. 0. 0. 0. 0. 0. 1. 0. 0. 0. 0. 0.
  0. 0. 0. 0. 0. 0. 0. 0. 0. 0. 0. 0. 0. 0. 0. 0. 0. 0. 0. 0. 0. 0. 0. 0.
  0. 0. 0. 0. 0. 0. 0. 0. 0. 0. 0. 0. 0. 0. 0. 0. 0. 0. 0. 0. 0. 0. 0. 0.
  0. 0. 0. 0. 0. 0. 0. 0. 0. 0. 0. 0. 0. 0. 0. 0. 0. 0. 0. 0. 0. 0. 0. 0.
  0. 0. 0. 0.]
 [1. 0. 1. 0. 0. 0. 0. 0. 0. 0. 0. 0. 0. 0. 0. 0. 0. 0. 1. 0. 0. 0. 0. 0.
  0. 0. 0. 0. 0. 0. 0. 0. 0. 0. 0. 0. 0. 0. 0. 0. 0. 0. 0. 0. 0. 0. 0. 0.
  0. 0. 0. 0. 0. 0. 0. 0. 0. 0. 0. 0. 0. 0. 0. 0. 0. 0. 0. 0. 0. 0. 0. 0.
  0. 0. 0. 0. 0. 0. 0. 0. 0. 0. 0. 0. 0. 0. 0. 0. 0. 0. 0. 0. 0. 0. 0. 0.
  0. 0. 0. 0.]
 [0. 0. 0. 0. 0. 0. 0. 0. 0. 0. 1. 1. 0. 0. 1. 1. 0. 0. 0. 0. 0. 0. 0. 0.
  0. 0. 0. 0. 0. 0. 0. 0. 0. 0. 0. 0. 0. 0. 0. 0. 0. 0. 0. 0. 0. 0. 0. 0.
  0. 0. 0. 0. 0. 0. 0. 0. 0. 0. 0. 0. 0. 0. 0. 0. 0. 0. 0. 0. 0. 0. 0. 0.
  0. 0. 0. 0. 0. 0. 0. 0. 0. 0. 0. 0. 0. 0. 0. 0. 0. 0. 0. 0. 0. 0. 0. 0.
  0. 0. 0. 0.]
 [0. 0. 0. 0. 0. 0. 0. 0. 0. 1. 1. 1. 1. 1. 1. 0. 0. 0. 0. 0. 0. 0. 0. 0.
  0. 0. 0. 0. 0. 0. 0. 0. 0. 0. 0. 0. 0. 0. 0. 0. 0. 0. 0. 0. 0. 0. 0. 0.
  0. 0. 0. 0. 0. 0. 0. 0. 0. 0. 0. 0. 0. 0. 0. 0. 0. 0. 0. 0. 0. 0. 0. 0.
  0. 0. 0. 0. 0. 0. 0. 0. 0. 0. 0. 0. 0. 0. 0. 0. 0. 0. 0. 0. 0. 0. 0. 0.
  0. 0. 0. 0.]
 [0. 0. 0. 0. 0. 0. 0. 1. 0. 0. 0. 0. 1. 1. 0. 0. 0. 0. 0. 0. 0. 0. 0. 0.
  0. 0. 0. 0. 0. 0. 0. 0. 0. 0. 0. 0. 0. 0. 0. 0. 0. 0. 0. 0. 0. 0. 0. 0.
  0. 0. 0. 0. 0. 0. 0. 0. 0. 0. 0. 0. 0. 0. 0. 0. 0. 0. 0. 0. 0. 0. 0. 0.
  0. 0. 0. 0. 0. 0. 0. 0. 0. 0. 0. 0. 0. 0. 0. 0. 0. 0. 0. 0. 0. 0. 0. 0.
  0. 0. 0. 0.]
 [0. 0. 1. 0. 0. 0. 0. 0. 0. 0. 0. 0. 0. 0. 1. 1. 0. 0. 0. 0. 0. 0. 0. 0.
  0. 0. 0. 0. 0. 0. 0. 0. 0. 0. 0. 0. 0. 0. 0. 0. 0. 0. 0. 0. 0. 0. 0. 0.
  0. 0. 0. 0. 0. 0. 0. 0. 0. 0. 0. 0. 0. 0. 0. 0. 0. 0. 0. 0. 0. 0. 0. 0.
  0. 0. 0. 0. 0. 0. 0. 0. 0. 0. 0. 0. 0. 0. 0. 0. 0. 0. 0. 0. 0. 0. 0. 0.
  0. 0. 0. 0.]
 [0. 0. 0. 0. 1. 1. 0. 0. 0. 0. 0. 0. 1. 0. 0. 0. 0. 0. 0. 0. 0. 0. 0. 0.
  0. 0. 0. 0. 0. 0. 0. 0. 0. 0. 0. 0. 0. 0. 0. 0. 0. 0. 0. 0. 0. 0. 0. 0.
  0. 0. 0. 0. 0. 0. 0. 0. 0. 0. 0. 0. 0. 0. 0. 0. 0. 0. 0. 0. 0. 0. 0. 0.
  0. 0. 0. 0. 0. 0. 0. 0. 0. 0. 0. 0. 0. 0. 0. 0. 0. 0. 0. 0. 0. 0. 0. 0.
  0. 0. 0. 0.]
 [0. 0. 0. 0. 0. 0. 0. 0. 0. 0. 1. 1. 0. 1. 0. 0. 0. 0. 0. 0. 0. 0. 0. 0.
  0. 0. 0. 0. 0. 0. 0. 0. 0. 0. 0. 0. 0. 0. 0. 0. 0. 0. 0. 0. 0. 0. 0. 0.
  0. 0. 0. 0. 0. 0. 0. 0. 0. 0. 0. 0. 0. 0. 0. 0. 0. 0. 0. 0. 0. 0. 0. 0.
  0. 0. 0. 0. 0. 0. 0. 0. 0. 0. 0. 0. 0. 0. 0. 0. 0. 0. 0. 0. 0. 0. 0. 0.
  0. 0. 0. 0.]
 [0. 0. 1. 1. 0. 0. 0. 0. 1. 0. 0. 0. 0. 0. 0. 0. 0. 0. 0. 1. 0. 0. 0. 0.
  0. 0. 0. 0. 0. 0. 0. 0. 0. 0. 0. 0. 0. 0. 0. 0. 0. 0. 0. 0. 0. 0. 0. 0.
  0. 0. 0. 0. 0. 0. 0. 0. 0. 0. 0. 0. 0. 0. 0. 0. 0. 0. 0. 0. 0. 0. 0. 0.
  0. 0. 0. 0. 0. 0. 0. 0. 0. 0. 0. 0. 0. 0. 0. 0. 0. 0. 0. 0. 0. 0. 0. 0.
  0. 0. 0. 0.]
 [0. 0. 1. 1. 0. 0. 0. 0. 0. 0. 0. 0. 0. 0. 0. 1. 0. 0. 0. 1. 0. 0. 0. 0.
  0. 0. 0. 0. 0. 0. 0. 0. 0. 0. 0. 0. 0. 0. 0. 0. 0. 0. 0. 0. 0. 0. 0. 0.
  0. 0. 0. 0. 0. 0. 0. 0. 0. 0. 0. 0. 0. 0. 0. 0. 0. 0. 0. 0. 0. 0. 0. 0.
  0. 0. 0. 0. 0. 0. 0. 0. 0. 0. 0. 0. 0. 0. 0. 0. 0. 0. 0. 0. 0. 0. 0. 0.
  0. 0. 0. 0.]
 [1. 0. 0. 0. 1. 0. 0. 0. 0. 0. 1. 0. 0. 0. 0. 0. 0. 1. 1. 0. 0. 0. 0. 0.
  0. 0. 0. 0. 0. 0. 0. 0. 0. 0. 0. 0. 0. 0. 0. 0. 0. 0. 0. 0. 0. 0. 0. 0.
  0. 0. 0. 0. 0. 0. 0. 0. 0. 0. 0. 0. 0. 0. 0. 0. 0. 0. 0. 0. 0. 0. 0. 0.
  0. 0. 0. 0. 0. 0. 0. 0. 0. 0. 0. 0. 0. 0. 0. 0. 0. 0. 0. 0. 0. 0. 0. 0.
  0. 0. 0. 0.]
 [0. 0. 1. 0. 0. 0. 0. 1. 0. 0. 0. 0. 0. 1. 0. 0. 0. 1. 0. 0. 0. 0. 0. 0.
  0. 0. 0. 0. 0. 0. 0. 0. 0. 0. 0. 0. 0. 0. 0. 0. 0. 0. 0. 0. 0. 0. 0. 0.
  0. 0. 0. 0. 0. 0. 0. 0. 0. 0. 0. 0. 0. 0. 0. 0. 0. 0. 0. 0. 0. 0. 0. 0.
  0. 0. 0. 0. 0. 0. 0. 0. 0. 0. 0. 0. 0. 0. 0. 0. 0. 0. 0. 0. 0. 0. 0. 0.
  0. 0. 0. 0.]
 [0. 1. 1. 0. 1. 0. 0. 0. 0. 1. 1. 0. 0. 1. 0. 0. 0. 0. 0. 0. 0. 0. 0. 0.
  0. 0. 0. 0. 0. 0. 0. 0. 0. 0. 0. 0. 0. 0. 0. 0. 0. 0. 0. 0. 0. 0. 0. 0.
  0. 0. 0. 0. 0. 0. 0. 0. 0. 0. 0. 0. 0. 0. 0. 0. 0. 0. 0. 0. 0. 0. 0. 0.
  0. 0. 0. 0. 0. 0. 0. 0. 0. 0. 0. 0. 0. 0. 0. 0. 0. 0. 0. 0. 0. 0. 0. 0.
  0. 0. 0. 0.]
 [0. 0. 0. 0. 0. 0. 0. 1. 0. 0. 0. 1. 0. 0. 0. 0. 0. 1. 1. 1. 0. 0. 0. 0.
  0. 0. 0. 0. 0. 0. 0. 0. 0. 0. 0. 0. 0. 0. 0. 0. 0. 0. 0. 0. 0. 0. 0. 0.
  0. 0. 0. 0. 0. 0. 0. 0. 0. 0. 0. 0. 0. 0. 0. 0. 0. 0. 0. 0. 0. 0. 0. 0.
  0. 0. 0. 0. 0. 0. 0. 0. 0. 0. 0. 0. 0. 0. 0. 0. 0. 0. 0. 0. 0. 0. 0. 0.
  0. 0. 0. 0.]
 [1. 1. 0. 1. 0. 0. 0. 1. 0. 0. 0. 0. 1. 1. 0. 0. 0. 0. 0. 1. 0. 0. 0. 0.
  0. 0. 0. 0. 0. 0. 0. 0. 0. 0. 0. 0. 0. 0. 0. 0. 0. 0. 0. 0. 0. 0. 0. 0.
  0. 0. 0. 0. 0. 0. 0. 0. 0. 0. 0. 0. 0. 0. 0. 0. 0. 0. 0. 0. 0. 0. 0. 0.
  0. 0. 0. 0. 0. 0. 0. 0. 0. 0. 0. 0. 0. 0. 0. 0. 0. 0. 0. 0. 0. 0. 0. 0.
  0. 0. 0. 0.]
 [1. 0. 0. 1. 0. 0. 0. 0. 0. 0. 1. 1. 0. 0. 0. 0. 0. 1. 0. 0. 0. 0. 0. 0.
  0. 0. 0. 0. 0. 0. 0. 0. 0. 0. 0. 0. 0. 0. 0. 0. 0. 0. 0. 0. 0. 0. 0. 0.
  0. 0. 0. 0. 0. 0. 0. 0. 0. 0. 0. 0. 0. 0. 0. 0. 0. 0. 0. 0. 0. 0. 0. 0.
  0. 0. 0. 0. 0. 0. 0. 0. 0. 0. 0. 0. 0. 0. 0. 0. 0. 0. 0. 0. 0. 0. 0. 0.
  0. 0. 0. 0.]
 [0. 0. 0. 0. 0. 0. 0. 0. 0. 0. 0. 0. 0. 0. 1. 0. 0. 1. 0. 0. 0. 0. 0. 0.
  0. 0. 0. 0. 0. 0. 0. 0. 0. 0. 0. 0. 0. 0. 0. 0. 0. 0. 0. 0. 0. 0. 0. 0.
  0. 0. 0. 0. 0. 0. 0. 0. 0. 0. 0. 0. 0. 0. 0. 0. 0. 0. 0. 0. 0. 0. 0. 0.
  0. 0. 0. 0. 0. 0. 0. 0. 0. 0. 0. 0. 0. 0. 0. 0. 0. 0. 0. 0. 0. 0. 0. 0.
  0. 0. 0. 0.]
 [0. 0. 0. 0. 0. 1. 0. 0. 0. 0. 1. 0. 0. 0. 1. 0. 0. 0. 0. 0. 0. 0. 0. 0.
  0. 0. 0. 0. 0. 0. 0. 0. 0. 0. 0. 0. 0. 0. 0. 0. 0. 0. 0. 0. 0. 0. 0. 0.
  0. 0. 0. 0. 0. 0. 0. 0. 0. 0. 0. 0. 0. 0. 0. 0. 0. 0. 0. 0. 0. 0. 0. 0.
  0. 0. 0. 0. 0. 0. 0. 0. 0. 0. 0. 0. 0. 0. 0. 0. 0. 0. 0. 0. 0. 0. 0. 0.
  0. 0. 0. 0.]
 [0. 0. 0. 0. 0. 1. 0. 0. 1. 0. 0. 0. 0. 0. 1. 0. 0. 0. 0. 0. 0. 0. 0. 0.
  0. 0. 0. 0. 0. 0. 0. 0. 0. 0. 0. 0. 0. 0. 0. 0. 0. 0. 0. 0. 0. 0. 0. 0.
  0. 0. 0. 0. 0. 0. 0. 0. 0. 0. 0. 0. 0. 0. 0. 0. 0. 0. 0. 0. 0. 0. 0. 0.
  0. 0. 0. 0. 0. 0. 0. 0. 0. 0. 0. 0. 0. 0. 0. 0. 0. 0. 0. 0. 0. 0. 0. 0.
  0. 0. 0. 0.]
 [0. 1. 0. 0. 1. 0. 0. 0. 0. 1. 0. 0. 0. 0. 0. 0. 0. 1. 0. 0. 0. 0. 0. 0.
  0. 0. 0. 0. 0. 0. 0. 0. 0. 0. 0. 0. 0. 0. 0. 0. 0. 0. 0. 0. 0. 0. 0. 0.
  0. 0. 0. 0. 0. 0. 0. 0. 0. 0. 0. 0. 0. 0. 0. 0. 0. 0. 0. 0. 0. 0. 0. 0.
  0. 0. 0. 0. 0. 0. 0. 0. 0. 0. 0. 0. 0. 0. 0. 0. 0. 0. 0. 0. 0. 0. 0. 0.
  0. 0. 0. 0.]]
start_times_array: [[5.8946e+04 5.9003e+04 5.9021e+04 6.0070e+04 6.0196e+04 6.0262e+04
  6.0296e+04 6.0379e+04 6.0455e+04 6.0598e+04 6.0642e+04 6.0795e+04
  6.0862e+04 6.0938e+04 6.0939e+04 6.1023e+04 6.1423e+04 6.2192e+04
  6.4776e+04 6.4791e+04]
 [6.4641e+04 6.4818e+04 6.4963e+04 6.5025e+04 6.5057e+04 6.5118e+04
  6.5167e+04 6.5194e+04 6.5288e+04 6.5380e+04 6.5407e+04 6.5530e+04
  6.5629e+04 6.5655e+04 6.5735e+04 6.5825e+04 6.5886e+04 6.5926e+04
  6.6000e+04 6.6018e+04]
 [6.3501e+04 6.4190e+04 6.4636e+04 6.4641e+04 6.4767e+04 6.4776e+04
  6.4793e+04 6.4818e+04 6.4917e+04 6.4939e+04 6.4963e+04 6.5055e+04
  6.5146e+04 6.5165e+04 6.5185e+04 6.5219e+04 6.5301e+04 6.5392e+04
  6.5430e+04 6.5517e+04]
 [6.3265e+04 6.3295e+04 6.3519e+04 6.3842e+04 6.3919e+04 6.3929e+04
  6.4021e+04 6.4106e+04 6.4190e+04 6.4288e+04 6.4313e+04 6.4372e+04
  6.4441e+04 6.4509e+04 6.4557e+04 6.4636e+04 6.4726e+04 6.4767e+04
  6.4827e+04 6.4885e+04]
 [1.0593e+04 6.2988e+04 6.3087e+04 6.3159e+04 6.3176e+04 6.3178e+04
  6.3265e+04 6.3284e+04 6.3328e+04 6.3366e+04 6.3395e+04 6.3457e+04
  6.3501e+04 6.3519e+04 6.3571e+04 6.3634e+04 6.3675e+04 6.3774e+04
  6.3842e+04 6.3884e+04]
 [1.9030e+03 6.1295e+04 6.1360e+04 6.2353e+04 6.2426e+04 6.2458e+04
  6.2475e+04 6.2506e+04 6.2586e+04 6.2649e+04 6.2662e+04 6.2665e+04
  6.2699e+04 6.2701e+04 6.2761e+04 6.2767e+04 6.2860e+04 6.2899e+04
  6.2930e+04 6.3081e+04]
 [2.2710e+03 6.0855e+04 6.1955e+04 6.1977e+04 6.1981e+04 6.2053e+04
  6.2103e+04 6.2188e+04 6.2192e+04 6.2199e+04 6.2257e+04 6.2353e+04
  6.2374e+04 6.2436e+04 6.2451e+04 6.2530e+04 6.2566e+04 6.2624e+04
  6.2667e+04 6.2688e+04]
 [6.0669e+04 6.0675e+04 6.1044e+04 6.1065e+04 6.1172e+04 6.1232e+04
  6.1264e+04 6.1295e+04 6.1338e+04 6.1423e+04 6.1482e+04 6.1530e+04
  6.1541e+04 6.1611e+04 6.1632e+04 6.1720e+04 6.1812e+04 6.1902e+04
  6.1906e+04 6.1955e+04]
 [6.0397e+04 6.0486e+04 6.0585e+04 6.0669e+04 6.0738e+04 6.0773e+04
  6.0795e+04 6.0837e+04 6.0850e+04 6.0924e+04 6.0957e+04 6.0972e+04
  6.0994e+04 6.1010e+04 6.1022e+04 6.1044e+04 6.1070e+04 6.1122e+04
  6.1133e+04 6.1172e+04]
 [5.9928e+04 5.9929e+04 6.0000e+04 6.0070e+04 6.0144e+04 6.0196e+04
  6.0231e+04 6.0314e+04 6.0316e+04 6.0373e+04 6.0397e+04 6.0455e+04
  6.0533e+04 6.0598e+04 6.0642e+04 6.0737e+04 6.0742e+04 6.0789e+04
  6.0858e+04 6.0924e+04]
 [5.8810e+04 5.8875e+04 5.9065e+04 5.9099e+04 5.9105e+04 5.9193e+04
  5.9289e+04 5.9369e+04 5.9456e+04 5.9512e+04 5.9527e+04 5.9589e+04
  5.9664e+04 5.9725e+04 5.9728e+04 5.9784e+04 5.9851e+04 5.9857e+04
  5.9894e+04 5.9996e+04]
 [1.8880e+03 2.1010e+03 5.8237e+04 5.8368e+04 5.8446e+04 5.8523e+04
  5.8578e+04 5.8605e+04 5.8685e+04 5.8727e+04 5.8778e+04 5.8832e+04
  5.8841e+04 5.8926e+04 5.9019e+04 5.9096e+04 5.9127e+04 5.9203e+04
  5.9246e+04 5.9275e+04]
 [1.0593e+04 5.6673e+04 5.7848e+04 5.7870e+04 5.7891e+04 5.7948e+04
  5.7973e+04 5.7975e+04 5.8062e+04 5.8136e+04 5.8230e+04 5.8237e+04
  5.8322e+04 5.8368e+04 5.8443e+04 5.8534e+04 5.8605e+04 5.8626e+04
  5.8643e+04 5.8727e+04]
 [5.6762e+04 5.6854e+04 5.6862e+04 5.6887e+04 5.7216e+04 5.7255e+04
  5.7267e+04 5.7278e+04 5.7351e+04 5.7376e+04 5.7439e+04 5.7504e+04
  5.7561e+04 5.7638e+04 5.7687e+04 5.7705e+04 5.7706e+04 5.7790e+04
  5.7848e+04 5.7915e+04]
 [5.4324e+04 5.5947e+04 5.6291e+04 5.6599e+04 5.6639e+04 5.6673e+04
  5.6674e+04 5.6762e+04 5.6854e+04 5.6907e+04 5.6965e+04 5.6997e+04
  5.7067e+04 5.7078e+04 5.7102e+04 5.7166e+04 5.7216e+04 5.7284e+04
  5.7383e+04 5.7421e+04]
 [5.4471e+04 5.4509e+04 5.4602e+04 5.4888e+04 5.5692e+04 5.5770e+04
  5.5832e+04 5.5902e+04 5.5947e+04 5.5954e+04 5.6041e+04 5.6118e+04
  5.6205e+04 5.6291e+04 5.6357e+04 5.6392e+04 5.6434e+04 5.6516e+04
  5.6571e+04 5.6599e+04]
 [5.4806e+04 5.4888e+04 5.4987e+04 5.5085e+04 5.5135e+04 5.5184e+04
  5.5206e+04 5.5215e+04 5.5267e+04 5.5288e+04 5.5326e+04 5.5376e+04
  5.5450e+04 5.5508e+04 5.5552e+04 5.5557e+04 5.5610e+04 5.5671e+04
  5.5692e+04 5.5781e+04]
 [5.3972e+04 5.3984e+04 5.4044e+04 5.4071e+04 5.4145e+04 5.4205e+04
  5.4213e+04 5.4239e+04 5.4242e+04 5.4272e+04 5.4278e+04 5.4324e+04
  5.4387e+04 5.4454e+04 5.4471e+04 5.4546e+04 5.4603e+04 5.4654e+04
  5.4706e+04 5.4719e+04]
 [7.6900e+03 5.1910e+04 5.3082e+04 5.3088e+04 5.3108e+04 5.3182e+04
  5.3212e+04 5.3226e+04 5.3272e+04 5.3321e+04 5.3388e+04 5.3422e+04
  5.3469e+04 5.3552e+04 5.3597e+04 5.3640e+04 5.3715e+04 5.3756e+04
  5.3837e+04 5.3917e+04]
 [5.0189e+04 5.1236e+04 5.1552e+04 5.2125e+04 5.2130e+04 5.2152e+04
  5.2203e+04 5.2507e+04 5.2568e+04 5.2584e+04 5.2677e+04 5.2753e+04
  5.2787e+04 5.2792e+04 5.2822e+04 5.2903e+04 5.2939e+04 5.2952e+04
  5.2975e+04 5.3051e+04]
 [5.1694e+04 5.1853e+04 5.1910e+04 5.1961e+04 5.2012e+04 5.2034e+04
  5.2125e+04 5.2157e+04 5.2179e+04 5.2186e+04 5.2285e+04 5.2346e+04
  5.2353e+04 5.2420e+04 5.2507e+04 5.2602e+04 5.2681e+04 5.2700e+04
  5.2737e+04 5.2829e+04]
 [5.0853e+04 5.0910e+04 5.0933e+04 5.1032e+04 5.1077e+04 5.1124e+04
  5.1183e+04 5.1236e+04 5.1304e+04 5.1372e+04 5.1427e+04 5.1446e+04
  5.1522e+04 5.1552e+04 5.1639e+04 5.1694e+04 5.1771e+04 5.1783e+04
  5.1823e+04 5.1961e+04]
 [3.9000e+01 1.9200e+02 4.9322e+04 4.9929e+04 5.0156e+04 5.0232e+04
  5.0277e+04 5.0300e+04 5.0365e+04 5.0438e+04 5.0473e+04 5.0477e+04
  5.0524e+04 5.0584e+04 5.0658e+04 5.0752e+04 5.0803e+04 5.0853e+04
  5.0935e+04 5.1019e+04]
 [5.1900e+02 6.0800e+02 9.3300e+02 9.4800e+02 3.9510e+03 4.8570e+04
  4.9120e+04 4.9175e+04 4.9406e+04 4.9484e+04 4.9817e+04 4.9909e+04
  4.9924e+04 4.9929e+04 4.9941e+04 4.9990e+04 5.0050e+04 5.0144e+04
  5.0156e+04 5.0232e+04]
 [8.9000e+01 5.6700e+02 7.5800e+02 9.3500e+02 1.6970e+03 3.0480e+03
  4.9037e+04 4.9120e+04 4.9185e+04 4.9272e+04 4.9322e+04 4.9400e+04
  4.9406e+04 4.9424e+04 4.9464e+04 4.9507e+04 4.9594e+04 4.9668e+04
  4.9744e+04 4.9817e+04]
 [1.0178e+04 4.7648e+04 4.7703e+04 4.7752e+04 4.7804e+04 4.8543e+04
  4.8570e+04 4.8636e+04 4.8637e+04 4.8720e+04 4.8743e+04 4.8792e+04
  4.8887e+04 4.8935e+04 4.8961e+04 4.9017e+04 4.9037e+04 4.9044e+04
  4.9050e+04 4.9093e+04]
 [1.0800e+02 1.1350e+03 1.2250e+03 1.5090e+03 4.5195e+04 4.6727e+04
  4.7528e+04 4.7599e+04 4.7907e+04 4.7997e+04 4.8069e+04 4.8148e+04
  4.8204e+04 4.8269e+04 4.8280e+04 4.8354e+04 4.8390e+04 4.8466e+04
  4.8467e+04 4.8469e+04]
 [1.9030e+03 4.5177e+04 4.5428e+04 4.7130e+04 4.7175e+04 4.7212e+04
  4.7256e+04 4.7281e+04 4.7367e+04 4.7433e+04 4.7452e+04 4.7528e+04
  4.7559e+04 4.7603e+04 4.7615e+04 4.7669e+04 4.7742e+04 4.7784e+04
  4.7785e+04 4.7876e+04]
 [4.4300e+02 4.4810e+03 4.3753e+04 4.6337e+04 4.6387e+04 4.6461e+04
  4.6491e+04 4.6495e+04 4.6564e+04 4.6608e+04 4.6706e+04 4.6725e+04
  4.6727e+04 4.6817e+04 4.6851e+04 4.6897e+04 4.6973e+04 4.7054e+04
  4.7130e+04 4.7170e+04]
 [4.5108e+04 4.5112e+04 4.5172e+04 4.5177e+04 4.5196e+04 4.5245e+04
  4.5271e+04 4.5289e+04 4.5385e+04 4.5504e+04 4.5559e+04 4.5642e+04
  4.5714e+04 4.5790e+04 4.5828e+04 4.5923e+04 4.6021e+04 4.6086e+04
  4.6160e+04 4.6240e+04]
 [3.8770e+03 4.3689e+04 4.4159e+04 4.4801e+04 4.4859e+04 4.4958e+04
  4.4962e+04 4.4971e+04 4.5030e+04 4.5059e+04 4.5085e+04 4.5108e+04
  4.5118e+04 4.5133e+04 4.5154e+04 4.5173e+04 4.5271e+04 4.5348e+04
  4.5428e+04 4.5504e+04]
 [3.8300e+02 4.2460e+03 4.3015e+04 4.3642e+04 4.3705e+04 4.3879e+04
  4.3885e+04 4.4199e+04 4.4226e+04 4.4325e+04 4.4412e+04 4.4427e+04
  4.4504e+04 4.4570e+04 4.4573e+04 4.4624e+04 4.4627e+04 4.4636e+04
  4.4670e+04 4.4747e+04]
 [4.2873e+04 4.2940e+04 4.3038e+04 4.3568e+04 4.3642e+04 4.3689e+04
  4.3701e+04 4.3793e+04 4.3823e+04 4.3986e+04 4.4025e+04 4.4061e+04
  4.4073e+04 4.4159e+04 4.4247e+04 4.4262e+04 4.4351e+04 4.4447e+04
  4.4516e+04 4.4559e+04]
 [3.6590e+03 3.7430e+03 4.3318e+04 4.3348e+04 4.3417e+04 4.3423e+04
  4.3510e+04 4.3568e+04 4.3605e+04 4.3692e+04 4.3704e+04 4.3794e+04
  4.3832e+04 4.3879e+04 4.3978e+04 4.3986e+04 4.4016e+04 4.4064e+04
  4.4094e+04 4.4101e+04]
 [4.2231e+04 4.2323e+04 4.2743e+04 4.2751e+04 4.2837e+04 4.2873e+04
  4.2951e+04 4.2957e+04 4.2959e+04 4.3001e+04 4.3015e+04 4.3087e+04
  4.3181e+04 4.3264e+04 4.3268e+04 4.3318e+04 4.3408e+04 4.3488e+04
  4.3515e+04 4.3560e+04]
 [1.2700e+02 7.7300e+02 4.1371e+04 4.1388e+04 4.1474e+04 4.2137e+04
  4.2208e+04 4.2262e+04 4.2342e+04 4.2410e+04 4.2426e+04 4.2514e+04
  4.2554e+04 4.2642e+04 4.2653e+04 4.2662e+04 4.2716e+04 4.2719e+04
  4.2743e+04 4.2824e+04]
 [3.8679e+04 3.9178e+04 4.1303e+04 4.1371e+04 4.1417e+04 4.1446e+04
  4.1538e+04 4.1612e+04 4.1680e+04 4.1692e+04 4.1760e+04 4.1847e+04
  4.1927e+04 4.2008e+04 4.2052e+04 4.2128e+04 4.2137e+04 4.2163e+04
  4.2194e+04 4.2262e+04]
 [5.5880e+03 4.0711e+04 4.0764e+04 4.0850e+04 4.0917e+04 4.0921e+04
  4.0935e+04 4.0982e+04 4.1001e+04 4.1051e+04 4.1119e+04 4.1184e+04
  4.1206e+04 4.1303e+04 4.1314e+04 4.1348e+04 4.1423e+04 4.1434e+04
  4.1448e+04 4.1526e+04]
 [4.4100e+02 5.0400e+02 5.5200e+02 4.0158e+04 4.0201e+04 4.0210e+04
  4.0292e+04 4.0305e+04 4.0353e+04 4.0356e+04 4.0425e+04 4.0569e+04
  4.0572e+04 4.0628e+04 4.0660e+04 4.0701e+04 4.0711e+04 4.0759e+04
  4.0775e+04 4.0873e+04]
 [3.7972e+04 3.9075e+04 3.9576e+04 3.9587e+04 3.9689e+04 3.9786e+04
  3.9826e+04 3.9861e+04 3.9957e+04 4.0052e+04 4.0078e+04 4.0158e+04
  4.0219e+04 4.0288e+04 4.0304e+04 4.0363e+04 4.0428e+04 4.0431e+04
  4.0436e+04 4.0521e+04]
 [1.1320e+03 3.8238e+04 3.9000e+04 3.9012e+04 3.9075e+04 3.9095e+04
  3.9178e+04 3.9234e+04 3.9310e+04 3.9357e+04 3.9366e+04 3.9408e+04
  3.9443e+04 3.9466e+04 3.9477e+04 3.9497e+04 3.9525e+04 3.9576e+04
  3.9654e+04 3.9689e+04]
 [0.0000e+00 1.3000e+01 1.7600e+02 4.4300e+02 4.9860e+03 4.9920e+03
  3.8294e+04 3.8368e+04 3.8435e+04 3.8529e+04 3.8577e+04 3.8621e+04
  3.8633e+04 3.8679e+04 3.8773e+04 3.8799e+04 3.8842e+04 3.8879e+04
  3.8952e+04 3.9000e+04]
 [6.4890e+03 3.7555e+04 3.7604e+04 3.7932e+04 3.8047e+04 3.8097e+04
  3.8112e+04 3.8178e+04 3.8195e+04 3.8238e+04 3.8291e+04 3.8294e+04
  3.8341e+04 3.8353e+04 3.8427e+04 3.8435e+04 3.8500e+04 3.8529e+04
  3.8537e+04 3.8795e+04]
 [1.1550e+03 1.1880e+03 2.9180e+03 3.7054e+04 3.7639e+04 3.7768e+04
  3.7792e+04 3.7879e+04 3.7922e+04 3.7932e+04 3.7972e+04 3.8004e+04
  3.8047e+04 3.8113e+04 3.8155e+04 3.8184e+04 3.8204e+04 3.8232e+04
  3.8271e+04 3.8348e+04]
 [3.5000e+01 1.4460e+03 1.5120e+03 3.9250e+03 3.9920e+03 3.6892e+04
  3.6955e+04 3.7160e+04 3.7244e+04 3.7251e+04 3.7303e+04 3.7312e+04
  3.7321e+04 3.7356e+04 3.7367e+04 3.7404e+04 3.7459e+04 3.7555e+04
  3.7639e+04 3.7736e+04]
 [3.9580e+03 3.5912e+04 3.5940e+04 3.6209e+04 3.6267e+04 3.6318e+04
  3.6865e+04 3.6929e+04 3.6969e+04 3.7023e+04 3.7054e+04 3.7101e+04
  3.7117e+04 3.7160e+04 3.7219e+04 3.7286e+04 3.7319e+04 3.7404e+04
  3.7495e+04 3.7504e+04]
 [3.5883e+04 3.6044e+04 3.6106e+04 3.6434e+04 3.6494e+04 3.6562e+04
  3.6582e+04 3.6602e+04 3.6634e+04 3.6684e+04 3.6693e+04 3.6715e+04
  3.6771e+04 3.6865e+04 3.6892e+04 3.6933e+04 3.7010e+04 3.7029e+04
  3.7083e+04 3.7170e+04]
 [3.5662e+04 3.5731e+04 3.5797e+04 3.5883e+04 3.5926e+04 3.5978e+04
  3.6017e+04 3.6044e+04 3.6107e+04 3.6112e+04 3.6182e+04 3.6184e+04
  3.6194e+04 3.6196e+04 3.6209e+04 3.6253e+04 3.6345e+04 3.6416e+04
  3.6430e+04 3.6969e+04]
 [3.3739e+04 3.4556e+04 3.4634e+04 3.4660e+04 3.4689e+04 3.5117e+04
  3.5137e+04 3.5201e+04 3.5234e+04 3.5325e+04 3.5372e+04 3.5461e+04
  3.5510e+04 3.5560e+04 3.5601e+04 3.5662e+04 3.5684e+04 3.5783e+04
  3.5815e+04 3.5827e+04]
 [1.9670e+03 2.0450e+03 2.1290e+03 3.3677e+04 3.4916e+04 3.4958e+04
  3.4969e+04 3.5034e+04 3.5117e+04 3.5192e+04 3.5204e+04 3.5250e+04
  3.5296e+04 3.5357e+04 3.5455e+04 3.5504e+04 3.5539e+04 3.5578e+04
  3.5605e+04 3.5628e+04]
 [1.4300e+02 1.9200e+02 2.9900e+02 3.2207e+04 3.3697e+04 3.3788e+04
  3.4220e+04 3.4239e+04 3.4257e+04 3.4311e+04 3.4334e+04 3.4428e+04
  3.4490e+04 3.4556e+04 3.4559e+04 3.4580e+04 3.4642e+04 3.4714e+04
  3.4742e+04 3.4833e+04]
 [3.1978e+04 3.2015e+04 3.2481e+04 3.2526e+04 3.2881e+04 3.2970e+04
  3.3692e+04 3.3696e+04 3.3697e+04 3.3768e+04 3.3812e+04 3.3847e+04
  3.3946e+04 3.3995e+04 3.4014e+04 3.4039e+04 3.4116e+04 3.4130e+04
  3.4220e+04 3.4239e+04]
 [3.2782e+04 3.2873e+04 3.2881e+04 3.2949e+04 3.2962e+04 3.3060e+04
  3.3148e+04 3.3198e+04 3.3215e+04 3.3288e+04 3.3306e+04 3.3328e+04
  3.3391e+04 3.3464e+04 3.3520e+04 3.3581e+04 3.3606e+04 3.3677e+04
  3.3692e+04 3.3742e+04]
 [3.1915e+04 3.1916e+04 3.2015e+04 3.2079e+04 3.2130e+04 3.2207e+04
  3.2219e+04 3.2245e+04 3.2272e+04 3.2303e+04 3.2326e+04 3.2416e+04
  3.2481e+04 3.2497e+04 3.2588e+04 3.2635e+04 3.2670e+04 3.2709e+04
  3.2718e+04 3.2782e+04]
 [3.0915e+04 3.0920e+04 3.1045e+04 3.1048e+04 3.1063e+04 3.1356e+04
  3.1401e+04 3.1435e+04 3.1484e+04 3.1529e+04 3.1583e+04 3.1669e+04
  3.1697e+04 3.1703e+04 3.1780e+04 3.1856e+04 3.1915e+04 3.1978e+04
  3.1999e+04 3.2049e+04]
 [3.7900e+02 2.1440e+03 2.2380e+03 3.0767e+04 3.0787e+04 3.0814e+04
  3.0897e+04 3.0952e+04 3.1045e+04 3.1086e+04 3.1148e+04 3.1154e+04
  3.1187e+04 3.1234e+04 3.1318e+04 3.1343e+04 3.1348e+04 3.1356e+04
  3.1370e+04 3.1396e+04]
 [9.0000e+00 8.1500e+02 9.1400e+02 2.6190e+03 2.6930e+03 2.7080e+03
  2.7900e+03 2.8301e+04 3.0714e+04 3.0767e+04 3.0775e+04 3.0794e+04
  3.0803e+04 3.0863e+04 3.0873e+04 3.0878e+04 3.0915e+04 3.1010e+04
  3.1029e+04 3.1092e+04]
 [2.9487e+04 2.9527e+04 3.0065e+04 3.0068e+04 3.0112e+04 3.0142e+04
  3.0226e+04 3.0275e+04 3.0297e+04 3.0312e+04 3.0405e+04 3.0413e+04
  3.0503e+04 3.0551e+04 3.0638e+04 3.0672e+04 3.0714e+04 3.0792e+04
  3.0868e+04 3.0950e+04]
 [2.7614e+04 2.8571e+04 2.8575e+04 2.8610e+04 2.8625e+04 2.9285e+04
  2.9349e+04 2.9424e+04 2.9487e+04 2.9584e+04 2.9635e+04 2.9700e+04
  2.9741e+04 2.9787e+04 2.9851e+04 2.9872e+04 2.9922e+04 2.9925e+04
  2.9965e+04 3.0000e+04]
 [2.7087e+04 2.7176e+04 2.7605e+04 2.7614e+04 2.8293e+04 2.8318e+04
  2.8395e+04 2.8489e+04 2.8775e+04 2.8807e+04 2.8900e+04 2.8904e+04
  2.8977e+04 2.9071e+04 2.9137e+04 2.9219e+04 2.9247e+04 2.9285e+04
  2.9329e+04 2.9355e+04]
 [1.4500e+02 3.0600e+02 3.7400e+02 1.0160e+03 1.0730e+03 2.7955e+04
  2.8030e+04 2.8040e+04 2.8077e+04 2.8112e+04 2.8207e+04 2.8293e+04
  2.8318e+04 2.8380e+04 2.8461e+04 2.8536e+04 2.8595e+04 2.8691e+04
  2.8775e+04 2.8856e+04]
 [2.6722e+04 2.6849e+04 2.6910e+04 2.6954e+04 2.7114e+04 2.7135e+04
  2.7149e+04 2.7502e+04 2.7518e+04 2.7554e+04 2.7605e+04 2.7661e+04
  2.7738e+04 2.7817e+04 2.7870e+04 2.7907e+04 2.7955e+04 2.7983e+04
  2.8044e+04 2.8096e+04]
 [3.4500e+02 7.4000e+02 7.5800e+02 7.6700e+02 7.7300e+02 8.2600e+02
  9.4600e+02 1.1540e+03 2.6785e+04 2.6849e+04 2.6898e+04 2.6965e+04
  2.7007e+04 2.7253e+04 2.7345e+04 2.7354e+04 2.7360e+04 2.7444e+04
  2.7502e+04 2.7552e+04]
 [6.3620e+03 2.4729e+04 2.6505e+04 2.6510e+04 2.6540e+04 2.6552e+04
  2.6563e+04 2.6589e+04 2.6663e+04 2.6699e+04 2.6722e+04 2.6772e+04
  2.6785e+04 2.6844e+04 2.6881e+04 2.6960e+04 2.7028e+04 2.7048e+04
  2.7114e+04 2.7201e+04]
 [2.4698e+04 2.4936e+04 2.5497e+04 2.5545e+04 2.5701e+04 2.5736e+04
  2.5782e+04 2.5864e+04 2.5866e+04 2.5925e+04 2.5996e+04 2.6080e+04
  2.6095e+04 2.6135e+04 2.6212e+04 2.6290e+04 2.6292e+04 2.6354e+04
  2.6426e+04 2.6563e+04]
 [5.3000e+01 1.3700e+02 4.0500e+02 5.1000e+02 5.2500e+02 2.5235e+04
  2.5274e+04 2.5340e+04 2.5419e+04 2.5497e+04 2.5527e+04 2.5545e+04
  2.5574e+04 2.5630e+04 2.5657e+04 2.5701e+04 2.5779e+04 2.5780e+04
  2.5849e+04 2.5925e+04]
 [2.2318e+04 2.3894e+04 2.3983e+04 2.4173e+04 2.4306e+04 2.4405e+04
  2.4687e+04 2.4745e+04 2.4837e+04 2.4841e+04 2.4866e+04 2.4932e+04
  2.4973e+04 2.5065e+04 2.5101e+04 2.5156e+04 2.5188e+04 2.5235e+04
  2.5236e+04 2.5281e+04]
 [2.4092e+04 2.4173e+04 2.4260e+04 2.4288e+04 2.4303e+04 2.4346e+04
  2.4350e+04 2.4417e+04 2.4429e+04 2.4524e+04 2.4528e+04 2.4594e+04
  2.4653e+04 2.4687e+04 2.4696e+04 2.4721e+04 2.4723e+04 2.4729e+04
  2.4816e+04 2.4901e+04]
 [2.2994e+04 2.3000e+04 2.3011e+04 2.3061e+04 2.3145e+04 2.3553e+04
  2.3647e+04 2.3649e+04 2.3746e+04 2.3798e+04 2.3802e+04 2.3894e+04
  2.3938e+04 2.3989e+04 2.4012e+04 2.4092e+04 2.4127e+04 2.4260e+04
  2.4306e+04 2.4311e+04]
 [3.8540e+03 2.2362e+04 2.2639e+04 2.2691e+04 2.2801e+04 2.2884e+04
  2.2937e+04 2.2994e+04 2.3002e+04 2.3071e+04 2.3108e+04 2.3180e+04
  2.3275e+04 2.3336e+04 2.3412e+04 2.3484e+04 2.3538e+04 2.3553e+04
  2.3644e+04 2.3694e+04]
 [6.2000e+01 2.2900e+02 3.9600e+02 2.2143e+04 2.2227e+04 2.2256e+04
  2.2288e+04 2.2318e+04 2.2360e+04 2.2439e+04 2.2497e+04 2.2543e+04
  2.2550e+04 2.2639e+04 2.2710e+04 2.2801e+04 2.2810e+04 2.2880e+04
  2.2920e+04 2.2953e+04]
 [2.6900e+02 4.2000e+02 4.9100e+02 1.8022e+04 1.8059e+04 2.0870e+04
  2.0876e+04 2.0933e+04 2.1019e+04 2.1071e+04 2.1072e+04 2.1886e+04
  2.1954e+04 2.2041e+04 2.2059e+04 2.2115e+04 2.2143e+04 2.2209e+04
  2.2297e+04 2.2342e+04]
 [2.0500e+02 2.0019e+04 2.0689e+04 2.0732e+04 2.0876e+04 2.1051e+04
  2.1072e+04 2.1100e+04 2.1197e+04 2.1295e+04 2.1343e+04 2.1438e+04
  2.1522e+04 2.1592e+04 2.1630e+04 2.1722e+04 2.1778e+04 2.1833e+04
  2.1886e+04 2.1901e+04]
 [1.9872e+04 1.9963e+04 2.0019e+04 2.0116e+04 2.0162e+04 2.0180e+04
  2.0244e+04 2.0338e+04 2.0437e+04 2.0518e+04 2.0580e+04 2.0636e+04
  2.0689e+04 2.0787e+04 2.0819e+04 2.0870e+04 2.0894e+04 2.0920e+04
  2.1001e+04 2.1025e+04]
 [2.0700e+02 3.7400e+02 1.8632e+04 1.8654e+04 1.9162e+04 1.9174e+04
  1.9202e+04 1.9231e+04 1.9318e+04 1.9354e+04 1.9392e+04 1.9434e+04
  1.9469e+04 1.9499e+04 1.9556e+04 1.9641e+04 1.9738e+04 1.9740e+04
  1.9789e+04 2.0490e+04]
 [1.8172e+04 1.8185e+04 1.8278e+04 1.8337e+04 1.8340e+04 1.8391e+04
  1.8465e+04 1.8549e+04 1.8632e+04 1.8706e+04 1.8795e+04 1.8865e+04
  1.8910e+04 1.8969e+04 1.9023e+04 1.9024e+04 1.9084e+04 1.9162e+04
  1.9221e+04 1.9267e+04]
 [6.0000e+00 1.7393e+04 1.7428e+04 1.7453e+04 1.7507e+04 1.7557e+04
  1.7588e+04 1.7660e+04 1.7744e+04 1.7813e+04 1.7903e+04 1.7958e+04
  1.8022e+04 1.8111e+04 1.8121e+04 1.8172e+04 1.8253e+04 1.8340e+04
  1.8387e+04 1.8423e+04]
 [2.1700e+02 2.9900e+02 4.6600e+02 8.2600e+02 1.6500e+04 1.6591e+04
  1.6669e+04 1.6747e+04 1.6795e+04 1.6867e+04 1.6914e+04 1.6974e+04
  1.7010e+04 1.7037e+04 1.7079e+04 1.7113e+04 1.7148e+04 1.7233e+04
  1.7266e+04 1.7336e+04]
 [1.3724e+04 1.5481e+04 1.5578e+04 1.5637e+04 1.5733e+04 1.5764e+04
  1.5836e+04 1.5882e+04 1.5929e+04 1.5985e+04 1.6049e+04 1.6100e+04
  1.6177e+04 1.6250e+04 1.6317e+04 1.6398e+04 1.6400e+04 1.6478e+04
  1.6500e+04 1.6548e+04]
 [1.3128e+04 1.3218e+04 1.4684e+04 1.4765e+04 1.4807e+04 1.4870e+04
  1.4968e+04 1.5052e+04 1.5081e+04 1.5135e+04 1.5226e+04 1.5301e+04
  1.5391e+04 1.5392e+04 1.5481e+04 1.5487e+04 1.5529e+04 1.5531e+04
  1.5543e+04 1.5576e+04]
 [2.7300e+02 3.5300e+02 1.3562e+04 1.3728e+04 1.3770e+04 1.3864e+04
  1.3959e+04 1.4017e+04 1.4106e+04 1.4153e+04 1.4170e+04 1.4194e+04
  1.4292e+04 1.4354e+04 1.4445e+04 1.4494e+04 1.4559e+04 1.4593e+04
  1.4684e+04 1.4778e+04]
 [1.1188e+04 1.2930e+04 1.3024e+04 1.3033e+04 1.3128e+04 1.3205e+04
  1.3292e+04 1.3382e+04 1.3468e+04 1.3489e+04 1.3502e+04 1.3562e+04
  1.3598e+04 1.3620e+04 1.3691e+04 1.3709e+04 1.3724e+04 1.3756e+04
  1.3770e+04 1.3781e+04]
 [1.7000e+01 6.4000e+01 1.2900e+02 6.4290e+03 6.4860e+03 1.1129e+04
  1.2443e+04 1.2501e+04 1.2570e+04 1.2580e+04 1.2621e+04 1.2701e+04
  1.2704e+04 1.2776e+04 1.2836e+04 1.2870e+04 1.2930e+04 1.2964e+04
  1.2996e+04 1.3029e+04]
 [1.1721e+04 1.1836e+04 1.1867e+04 1.1894e+04 1.1982e+04 1.2030e+04
  1.2057e+04 1.2062e+04 1.2111e+04 1.2119e+04 1.2186e+04 1.2209e+04
  1.2257e+04 1.2281e+04 1.2370e+04 1.2443e+04 1.2519e+04 1.2606e+04
  1.2661e+04 1.2678e+04]
 [1.0853e+04 1.0863e+04 1.0946e+04 1.1083e+04 1.1129e+04 1.1160e+04
  1.1239e+04 1.1267e+04 1.1282e+04 1.1313e+04 1.1396e+04 1.1438e+04
  1.1618e+04 1.1661e+04 1.1721e+04 1.1726e+04 1.1788e+04 1.1836e+04
  1.1864e+04 1.1877e+04]
 [1.0593e+04 1.0666e+04 1.0743e+04 1.0837e+04 1.0853e+04 1.0942e+04
  1.0990e+04 1.1083e+04 1.1108e+04 1.1184e+04 1.1188e+04 1.1258e+04
  1.1324e+04 1.1355e+04 1.1418e+04 1.1488e+04 1.1579e+04 1.1618e+04
  1.1685e+04 1.1688e+04]
 [0.0000e+00 9.9000e+01 9.1180e+03 9.5970e+03 9.6620e+03 9.8530e+03
  9.8980e+03 9.9540e+03 1.0023e+04 1.0100e+04 1.0104e+04 1.0112e+04
  1.0178e+04 1.0194e+04 1.0200e+04 1.0276e+04 1.0355e+04 1.0379e+04
  1.0475e+04 1.0555e+04]
 [7.3440e+03 8.5700e+03 8.5960e+03 8.6800e+03 8.9160e+03 9.0070e+03
  9.0700e+03 9.1180e+03 9.1570e+03 9.1850e+03 9.2330e+03 9.3160e+03
  9.3900e+03 9.4740e+03 9.4760e+03 9.5520e+03 9.5970e+03 9.6950e+03
  9.7650e+03 9.8530e+03]
 [3.0830e+03 7.2480e+03 7.3440e+03 7.4100e+03 7.7580e+03 7.8520e+03
  7.8600e+03 8.1140e+03 8.1230e+03 8.1310e+03 8.2050e+03 8.3560e+03
  8.3860e+03 8.4790e+03 8.5700e+03 8.5810e+03 8.6380e+03 8.7140e+03
  8.7890e+03 8.8760e+03]
 [5.6320e+03 5.6590e+03 5.7570e+03 6.6710e+03 7.0610e+03 7.0620e+03
  7.1230e+03 7.1950e+03 7.2770e+03 7.6030e+03 7.6900e+03 7.7840e+03
  7.8330e+03 7.8970e+03 7.9800e+03 8.0220e+03 8.0850e+03 8.1140e+03
  8.1810e+03 8.2800e+03]
 [0.0000e+00 6.1940e+03 6.4200e+03 6.4290e+03 6.8250e+03 6.8490e+03
  6.8690e+03 6.9470e+03 6.9930e+03 7.0090e+03 7.0610e+03 7.1390e+03
  7.1690e+03 7.1720e+03 7.2350e+03 7.2480e+03 7.3160e+03 7.3890e+03
  7.4440e+03 7.5380e+03]
 [6.8000e+01 1.6350e+03 4.9650e+03 5.5530e+03 5.5870e+03 6.1410e+03
  6.1920e+03 6.2410e+03 6.3110e+03 6.3620e+03 6.4200e+03 6.4770e+03
  6.5570e+03 6.6020e+03 6.6710e+03 6.7210e+03 6.8150e+03 6.8250e+03
  6.8270e+03 6.8980e+03]
 [5.1030e+03 5.1200e+03 5.1980e+03 5.2540e+03 5.3300e+03 5.3660e+03
  5.3920e+03 5.4790e+03 5.5530e+03 5.5880e+03 5.6270e+03 5.6590e+03
  5.7410e+03 5.8250e+03 5.9200e+03 5.9610e+03 6.0040e+03 6.0540e+03
  6.0950e+03 6.1410e+03]
 [3.6420e+03 3.7090e+03 3.7710e+03 3.8420e+03 3.8540e+03 3.8770e+03
  4.0370e+03 4.7220e+03 4.7620e+03 4.8210e+03 4.8870e+03 4.9650e+03
  4.9860e+03 5.0340e+03 5.1030e+03 5.1070e+03 5.2020e+03 5.2700e+03
  5.3060e+03 5.3250e+03]
 [3.5620e+03 3.6590e+03 3.7430e+03 3.8300e+03 3.9250e+03 3.9510e+03
  3.9650e+03 4.0370e+03 4.0610e+03 4.1470e+03 4.1530e+03 4.1980e+03
  4.2270e+03 4.2460e+03 4.3380e+03 4.4180e+03 4.4290e+03 4.4810e+03
  4.5580e+03 4.6470e+03]
 [2.2100e+03 2.8450e+03 2.9300e+03 2.9780e+03 3.0480e+03 3.0790e+03
  3.0930e+03 3.1740e+03 3.1950e+03 3.2520e+03 3.3500e+03 3.3590e+03
  3.3820e+03 3.3980e+03 3.4440e+03 3.4880e+03 3.5040e+03 3.5450e+03
  3.5620e+03 3.6420e+03]
 [2.1290e+03 2.1970e+03 2.2380e+03 2.3240e+03 2.3780e+03 2.4580e+03
  2.5360e+03 2.5810e+03 2.6700e+03 2.7410e+03 2.8380e+03 2.9180e+03
  2.9870e+03 3.0250e+03 3.1020e+03 3.1050e+03 3.1350e+03 3.1960e+03
  3.2780e+03 3.3660e+03]
 [0.0000e+00 9.7000e+01 1.4300e+02 1.9600e+02 2.7300e+02 3.0000e+02
  3.9600e+02 5.0400e+02 1.8040e+03 1.9670e+03 2.0500e+03 2.1010e+03
  2.1780e+03 2.2580e+03 2.3460e+03 2.3530e+03 2.4500e+03 2.5230e+03
  2.5810e+03 2.6170e+03]
 [0.0000e+00 4.4000e+01 1.1300e+03 1.1320e+03 1.2260e+03 1.3070e+03
  1.3580e+03 1.4460e+03 1.4890e+03 1.5090e+03 1.5880e+03 1.6350e+03
  1.6970e+03 1.7630e+03 1.8040e+03 1.8280e+03 1.8880e+03 1.9000e+03
  1.9670e+03 2.0440e+03]
 [0.0000e+00 4.3000e+01 1.0800e+02 1.7600e+02 2.3700e+02 3.0600e+02
  3.3200e+02 3.7900e+02 4.6600e+02 5.1900e+02 6.0000e+02 6.5900e+02
  7.4000e+02 8.2000e+02 8.8300e+02 9.1400e+02 9.3500e+02 9.8100e+02
  9.8400e+02 1.0660e+03]]
