optimal_status: 0
solution: 9429.0
cpu_time: 3600.1257679462433
gap: 0.8641575975176484
upper_bound: 1280.8580130060932
lower_bound: 9429.0
cg_matrix: [[0. 0. 1. 1. 1. 0. 1. 1. 1. 0. 1. 0. 1. 0. 0. 0. 1. 1. 0. 1. 0. 0. 1. 1.
  0. 1. 1. 1. 1. 0. 0. 0. 0. 1. 1. 0. 1. 0. 1. 0. 1. 1. 1. 1. 1. 1. 0. 0.
  0. 0.]
 [0. 0. 1. 1. 1. 0. 0. 0. 0. 1. 1. 1. 1. 0. 0. 1. 0. 1. 0. 0. 0. 0. 0. 1.
  1. 0. 0. 0. 0. 0. 0. 0. 0. 1. 0. 0. 1. 0. 0. 0. 1. 1. 0. 0. 1. 0. 1. 0.
  0. 1.]
 [1. 1. 0. 0. 0. 1. 0. 1. 1. 0. 0. 1. 1. 0. 1. 1. 0. 0. 1. 1. 1. 1. 0. 1.
  1. 0. 1. 0. 1. 0. 1. 1. 0. 1. 0. 1. 1. 1. 0. 0. 0. 1. 1. 1. 0. 0. 1. 1.
  0. 1.]
 [1. 1. 0. 0. 0. 1. 1. 0. 1. 0. 1. 1. 0. 0. 1. 1. 1. 0. 1. 1. 0. 0. 0. 1.
  0. 1. 0. 1. 1. 0. 1. 0. 1. 1. 0. 1. 0. 0. 1. 1. 1. 0. 0. 1. 0. 0. 0. 1.
  1. 0.]
 [1. 1. 0. 0. 0. 0. 1. 0. 0. 1. 0. 0. 0. 0. 1. 1. 0. 0. 1. 1. 0. 1. 0. 0.
  0. 1. 0. 0. 0. 0. 0. 1. 0. 0. 1. 1. 0. 0. 1. 0. 0. 1. 0. 1. 1. 1. 0. 1.
  1. 0.]
 [0. 0. 1. 1. 0. 0. 0. 1. 1. 1. 0. 0. 1. 1. 1. 1. 1. 0. 1. 0. 1. 1. 0. 1.
  1. 1. 0. 1. 1. 1. 0. 1. 0. 0. 0. 0. 1. 0. 1. 1. 0. 1. 0. 0. 1. 0. 0. 1.
  0. 0.]
 [1. 0. 0. 1. 1. 0. 0. 1. 0. 0. 0. 0. 0. 0. 0. 1. 1. 1. 0. 1. 0. 1. 0. 1.
  1. 0. 1. 1. 1. 1. 0. 1. 0. 1. 1. 1. 0. 1. 1. 0. 1. 0. 0. 1. 0. 1. 0. 1.
  0. 0.]
 [1. 0. 1. 0. 0. 1. 1. 0. 0. 0. 0. 1. 1. 1. 1. 0. 1. 0. 1. 1. 0. 0. 1. 0.
  1. 1. 0. 1. 1. 0. 0. 1. 0. 0. 1. 1. 1. 0. 0. 0. 1. 1. 0. 0. 1. 0. 1. 0.
  0. 0.]
 [1. 0. 1. 1. 0. 1. 0. 0. 0. 1. 0. 0. 1. 0. 0. 1. 0. 1. 0. 0. 0. 0. 1. 0.
  0. 0. 1. 1. 1. 1. 1. 0. 0. 1. 0. 0. 0. 0. 1. 0. 0. 1. 0. 1. 0. 0. 0. 0.
  1. 1.]
 [0. 1. 0. 0. 1. 1. 0. 0. 1. 0. 1. 0. 1. 1. 1. 1. 1. 0. 1. 1. 1. 1. 1. 1.
  0. 0. 1. 0. 1. 1. 1. 1. 1. 1. 0. 0. 0. 1. 1. 0. 0. 1. 0. 1. 0. 0. 1. 1.
  1. 1.]
 [1. 1. 0. 1. 0. 0. 0. 0. 0. 1. 0. 0. 1. 0. 1. 0. 1. 0. 1. 1. 1. 1. 0. 0.
  0. 0. 1. 1. 0. 0. 1. 1. 1. 1. 1. 0. 0. 1. 0. 1. 0. 1. 0. 0. 1. 0. 1. 0.
  0. 0.]
 [0. 1. 1. 1. 0. 0. 0. 1. 0. 0. 0. 0. 0. 1. 0. 0. 1. 1. 0. 0. 1. 0. 1. 0.
  1. 0. 1. 0. 0. 0. 0. 1. 0. 1. 0. 0. 1. 0. 0. 0. 1. 0. 0. 1. 0. 1. 1. 0.
  0. 0.]
 [1. 1. 1. 0. 0. 1. 0. 1. 1. 1. 1. 0. 0. 0. 0. 0. 1. 1. 1. 1. 1. 0. 0. 1.
  1. 0. 0. 1. 1. 1. 1. 0. 0. 1. 0. 1. 1. 0. 0. 0. 1. 0. 1. 0. 0. 0. 0. 0.
  0. 0.]
 [0. 0. 0. 0. 0. 1. 0. 1. 0. 1. 0. 1. 0. 0. 1. 1. 0. 0. 0. 0. 1. 1. 0. 1.
  1. 0. 1. 0. 1. 1. 0. 1. 0. 0. 1. 1. 1. 0. 1. 1. 0. 0. 0. 1. 1. 0. 1. 0.
  1. 1.]
 [0. 0. 1. 1. 1. 1. 0. 1. 0. 1. 1. 0. 0. 1. 0. 1. 0. 1. 0. 0. 1. 0. 0. 0.
  1. 0. 1. 1. 1. 1. 0. 0. 1. 1. 0. 0. 0. 1. 0. 1. 1. 0. 0. 0. 1. 0. 0. 0.
  0. 0.]
 [0. 1. 1. 1. 1. 1. 1. 0. 1. 1. 0. 0. 0. 1. 1. 0. 0. 0. 0. 0. 0. 0. 0. 0.
  0. 0. 0. 0. 0. 0. 0. 0. 0. 0. 0. 0. 0. 0. 0. 0. 0. 0. 0. 0. 0. 0. 0. 0.
  0. 0.]
 [1. 0. 0. 1. 0. 1. 1. 1. 0. 1. 1. 1. 1. 0. 0. 0. 0. 0. 0. 0. 0. 0. 0. 0.
  0. 0. 0. 0. 0. 0. 0. 0. 0. 0. 0. 0. 0. 0. 0. 0. 0. 0. 0. 0. 0. 0. 0. 0.
  0. 0.]
 [1. 1. 0. 0. 0. 0. 1. 0. 1. 0. 0. 1. 1. 0. 1. 0. 0. 0. 0. 0. 0. 0. 0. 0.
  0. 0. 0. 0. 0. 0. 0. 0. 0. 0. 0. 0. 0. 0. 0. 0. 0. 0. 0. 0. 0. 0. 0. 0.
  0. 0.]
 [0. 0. 1. 1. 1. 1. 0. 1. 0. 1. 1. 0. 1. 0. 0. 0. 0. 0. 0. 0. 0. 0. 0. 0.
  0. 0. 0. 0. 0. 0. 0. 0. 0. 0. 0. 0. 0. 0. 0. 0. 0. 0. 0. 0. 0. 0. 0. 0.
  0. 0.]
 [1. 0. 1. 1. 1. 0. 1. 1. 0. 1. 1. 0. 1. 0. 0. 0. 0. 0. 0. 0. 0. 0. 0. 0.
  0. 0. 0. 0. 0. 0. 0. 0. 0. 0. 0. 0. 0. 0. 0. 0. 0. 0. 0. 0. 0. 0. 0. 0.
  0. 0.]
 [0. 0. 1. 0. 0. 1. 0. 0. 0. 1. 1. 1. 1. 1. 1. 0. 0. 0. 0. 0. 0. 0. 0. 0.
  0. 0. 0. 0. 0. 0. 0. 0. 0. 0. 0. 0. 0. 0. 0. 0. 0. 0. 0. 0. 0. 0. 0. 0.
  0. 0.]
 [0. 0. 1. 0. 1. 1. 1. 0. 0. 1. 1. 0. 0. 1. 0. 0. 0. 0. 0. 0. 0. 0. 0. 0.
  0. 0. 0. 0. 0. 0. 0. 0. 0. 0. 0. 0. 0. 0. 0. 0. 0. 0. 0. 0. 0. 0. 0. 0.
  0. 0.]
 [1. 0. 0. 0. 0. 0. 0. 1. 1. 1. 0. 1. 0. 0. 0. 0. 0. 0. 0. 0. 0. 0. 0. 0.
  0. 0. 0. 0. 0. 0. 0. 0. 0. 0. 0. 0. 0. 0. 0. 0. 0. 0. 0. 0. 0. 0. 0. 0.
  0. 0.]
 [1. 1. 1. 1. 0. 1. 1. 0. 0. 1. 0. 0. 1. 1. 0. 0. 0. 0. 0. 0. 0. 0. 0. 0.
  0. 0. 0. 0. 0. 0. 0. 0. 0. 0. 0. 0. 0. 0. 0. 0. 0. 0. 0. 0. 0. 0. 0. 0.
  0. 0.]
 [0. 1. 1. 0. 0. 1. 1. 1. 0. 0. 0. 1. 1. 1. 1. 0. 0. 0. 0. 0. 0. 0. 0. 0.
  0. 0. 0. 0. 0. 0. 0. 0. 0. 0. 0. 0. 0. 0. 0. 0. 0. 0. 0. 0. 0. 0. 0. 0.
  0. 0.]
 [1. 0. 0. 1. 1. 1. 0. 1. 0. 0. 0. 0. 0. 0. 0. 0. 0. 0. 0. 0. 0. 0. 0. 0.
  0. 0. 0. 0. 0. 0. 0. 0. 0. 0. 0. 0. 0. 0. 0. 0. 0. 0. 0. 0. 0. 0. 0. 0.
  0. 0.]
 [1. 0. 1. 0. 0. 0. 1. 0. 1. 1. 1. 1. 0. 1. 1. 0. 0. 0. 0. 0. 0. 0. 0. 0.
  0. 0. 0. 0. 0. 0. 0. 0. 0. 0. 0. 0. 0. 0. 0. 0. 0. 0. 0. 0. 0. 0. 0. 0.
  0. 0.]
 [1. 0. 0. 1. 0. 1. 1. 1. 1. 0. 1. 0. 1. 0. 1. 0. 0. 0. 0. 0. 0. 0. 0. 0.
  0. 0. 0. 0. 0. 0. 0. 0. 0. 0. 0. 0. 0. 0. 0. 0. 0. 0. 0. 0. 0. 0. 0. 0.
  0. 0.]
 [1. 0. 1. 1. 0. 1. 1. 1. 1. 1. 0. 0. 1. 1. 1. 0. 0. 0. 0. 0. 0. 0. 0. 0.
  0. 0. 0. 0. 0. 0. 0. 0. 0. 0. 0. 0. 0. 0. 0. 0. 0. 0. 0. 0. 0. 0. 0. 0.
  0. 0.]
 [0. 0. 0. 0. 0. 1. 1. 0. 1. 1. 0. 0. 1. 1. 1. 0. 0. 0. 0. 0. 0. 0. 0. 0.
  0. 0. 0. 0. 0. 0. 0. 0. 0. 0. 0. 0. 0. 0. 0. 0. 0. 0. 0. 0. 0. 0. 0. 0.
  0. 0.]
 [0. 0. 1. 1. 0. 0. 0. 0. 1. 1. 1. 0. 1. 0. 0. 0. 0. 0. 0. 0. 0. 0. 0. 0.
  0. 0. 0. 0. 0. 0. 0. 0. 0. 0. 0. 0. 0. 0. 0. 0. 0. 0. 0. 0. 0. 0. 0. 0.
  0. 0.]
 [0. 0. 1. 0. 1. 1. 1. 1. 0. 1. 1. 1. 0. 1. 0. 0. 0. 0. 0. 0. 0. 0. 0. 0.
  0. 0. 0. 0. 0. 0. 0. 0. 0. 0. 0. 0. 0. 0. 0. 0. 0. 0. 0. 0. 0. 0. 0. 0.
  0. 0.]
 [0. 0. 0. 1. 0. 0. 0. 0. 0. 1. 1. 0. 0. 0. 1. 0. 0. 0. 0. 0. 0. 0. 0. 0.
  0. 0. 0. 0. 0. 0. 0. 0. 0. 0. 0. 0. 0. 0. 0. 0. 0. 0. 0. 0. 0. 0. 0. 0.
  0. 0.]
 [1. 1. 1. 1. 0. 0. 1. 0. 1. 1. 1. 1. 1. 0. 1. 0. 0. 0. 0. 0. 0. 0. 0. 0.
  0. 0. 0. 0. 0. 0. 0. 0. 0. 0. 0. 0. 0. 0. 0. 0. 0. 0. 0. 0. 0. 0. 0. 0.
  0. 0.]
 [1. 0. 0. 0. 1. 0. 1. 1. 0. 0. 1. 0. 0. 1. 0. 0. 0. 0. 0. 0. 0. 0. 0. 0.
  0. 0. 0. 0. 0. 0. 0. 0. 0. 0. 0. 0. 0. 0. 0. 0. 0. 0. 0. 0. 0. 0. 0. 0.
  0. 0.]
 [0. 0. 1. 1. 1. 0. 1. 1. 0. 0. 0. 0. 1. 1. 0. 0. 0. 0. 0. 0. 0. 0. 0. 0.
  0. 0. 0. 0. 0. 0. 0. 0. 0. 0. 0. 0. 0. 0. 0. 0. 0. 0. 0. 0. 0. 0. 0. 0.
  0. 0.]
 [1. 1. 1. 0. 0. 1. 0. 1. 0. 0. 0. 1. 1. 1. 0. 0. 0. 0. 0. 0. 0. 0. 0. 0.
  0. 0. 0. 0. 0. 0. 0. 0. 0. 0. 0. 0. 0. 0. 0. 0. 0. 0. 0. 0. 0. 0. 0. 0.
  0. 0.]
 [0. 0. 1. 0. 0. 0. 1. 0. 0. 1. 1. 0. 0. 0. 1. 0. 0. 0. 0. 0. 0. 0. 0. 0.
  0. 0. 0. 0. 0. 0. 0. 0. 0. 0. 0. 0. 0. 0. 0. 0. 0. 0. 0. 0. 0. 0. 0. 0.
  0. 0.]
 [1. 0. 0. 1. 1. 1. 1. 0. 1. 1. 0. 0. 0. 1. 0. 0. 0. 0. 0. 0. 0. 0. 0. 0.
  0. 0. 0. 0. 0. 0. 0. 0. 0. 0. 0. 0. 0. 0. 0. 0. 0. 0. 0. 0. 0. 0. 0. 0.
  0. 0.]
 [0. 0. 0. 1. 0. 1. 0. 0. 0. 0. 1. 0. 0. 1. 1. 0. 0. 0. 0. 0. 0. 0. 0. 0.
  0. 0. 0. 0. 0. 0. 0. 0. 0. 0. 0. 0. 0. 0. 0. 0. 0. 0. 0. 0. 0. 0. 0. 0.
  0. 0.]
 [1. 1. 0. 1. 0. 0. 1. 1. 0. 0. 0. 1. 1. 0. 1. 0. 0. 0. 0. 0. 0. 0. 0. 0.
  0. 0. 0. 0. 0. 0. 0. 0. 0. 0. 0. 0. 0. 0. 0. 0. 0. 0. 0. 0. 0. 0. 0. 0.
  0. 0.]
 [1. 1. 1. 0. 1. 1. 0. 1. 1. 1. 1. 0. 0. 0. 0. 0. 0. 0. 0. 0. 0. 0. 0. 0.
  0. 0. 0. 0. 0. 0. 0. 0. 0. 0. 0. 0. 0. 0. 0. 0. 0. 0. 0. 0. 0. 0. 0. 0.
  0. 0.]
 [1. 0. 1. 0. 0. 0. 0. 0. 0. 0. 0. 0. 1. 0. 0. 0. 0. 0. 0. 0. 0. 0. 0. 0.
  0. 0. 0. 0. 0. 0. 0. 0. 0. 0. 0. 0. 0. 0. 0. 0. 0. 0. 0. 0. 0. 0. 0. 0.
  0. 0.]
 [1. 0. 1. 1. 1. 0. 1. 0. 1. 1. 0. 1. 0. 1. 0. 0. 0. 0. 0. 0. 0. 0. 0. 0.
  0. 0. 0. 0. 0. 0. 0. 0. 0. 0. 0. 0. 0. 0. 0. 0. 0. 0. 0. 0. 0. 0. 0. 0.
  0. 0.]
 [1. 1. 0. 0. 1. 1. 0. 1. 0. 0. 1. 0. 0. 1. 1. 0. 0. 0. 0. 0. 0. 0. 0. 0.
  0. 0. 0. 0. 0. 0. 0. 0. 0. 0. 0. 0. 0. 0. 0. 0. 0. 0. 0. 0. 0. 0. 0. 0.
  0. 0.]
 [1. 0. 0. 0. 1. 0. 1. 0. 0. 0. 0. 1. 0. 0. 0. 0. 0. 0. 0. 0. 0. 0. 0. 0.
  0. 0. 0. 0. 0. 0. 0. 0. 0. 0. 0. 0. 0. 0. 0. 0. 0. 0. 0. 0. 0. 0. 0. 0.
  0. 0.]
 [0. 1. 1. 0. 0. 0. 0. 1. 0. 1. 1. 1. 0. 1. 0. 0. 0. 0. 0. 0. 0. 0. 0. 0.
  0. 0. 0. 0. 0. 0. 0. 0. 0. 0. 0. 0. 0. 0. 0. 0. 0. 0. 0. 0. 0. 0. 0. 0.
  0. 0.]
 [0. 0. 1. 1. 1. 1. 1. 0. 0. 1. 0. 0. 0. 0. 0. 0. 0. 0. 0. 0. 0. 0. 0. 0.
  0. 0. 0. 0. 0. 0. 0. 0. 0. 0. 0. 0. 0. 0. 0. 0. 0. 0. 0. 0. 0. 0. 0. 0.
  0. 0.]
 [0. 0. 0. 1. 1. 0. 0. 0. 1. 1. 0. 0. 0. 1. 0. 0. 0. 0. 0. 0. 0. 0. 0. 0.
  0. 0. 0. 0. 0. 0. 0. 0. 0. 0. 0. 0. 0. 0. 0. 0. 0. 0. 0. 0. 0. 0. 0. 0.
  0. 0.]
 [0. 1. 1. 0. 0. 0. 0. 0. 1. 1. 0. 0. 0. 1. 0. 0. 0. 0. 0. 0. 0. 0. 0. 0.
  0. 0. 0. 0. 0. 0. 0. 0. 0. 0. 0. 0. 0. 0. 0. 0. 0. 0. 0. 0. 0. 0. 0. 0.
  0. 0.]]
start_times_array: [[3.755e+03 3.927e+03 4.223e+03 8.942e+03 8.962e+03 9.038e+03 9.120e+03
  9.162e+03 9.172e+03 9.222e+03 9.251e+03 9.281e+03 9.334e+03 9.386e+03
  9.405e+03]
 [8.900e+02 2.423e+03 2.748e+03 3.825e+03 3.913e+03 4.427e+03 4.514e+03
  5.038e+03 5.089e+03 6.960e+03 7.059e+03 7.097e+03 7.307e+03 7.351e+03
  7.573e+03]
 [1.478e+03 3.608e+03 4.575e+03 4.837e+03 5.182e+03 5.363e+03 8.225e+03
  8.390e+03 8.428e+03 8.485e+03 8.565e+03 8.621e+03 8.675e+03 8.730e+03
  8.765e+03]
 [7.388e+03 7.795e+03 7.868e+03 8.019e+03 8.225e+03 8.258e+03 8.317e+03
  8.390e+03 8.460e+03 8.548e+03 8.614e+03 8.679e+03 8.775e+03 8.870e+03
  8.926e+03]
 [5.160e+02 6.628e+03 6.739e+03 7.231e+03 7.341e+03 7.385e+03 7.431e+03
  7.617e+03 7.721e+03 7.835e+03 7.927e+03 7.969e+03 8.059e+03 8.126e+03
  8.265e+03]
 [7.049e+03 7.151e+03 7.171e+03 7.251e+03 7.267e+03 7.343e+03 7.460e+03
  7.557e+03 7.627e+03 7.681e+03 7.719e+03 7.935e+03 8.077e+03 8.132e+03
  8.323e+03]
 [3.950e+03 6.030e+03 6.083e+03 6.320e+03 6.706e+03 6.797e+03 6.866e+03
  6.918e+03 6.929e+03 6.931e+03 7.026e+03 7.195e+03 7.539e+03 7.629e+03
  7.776e+03]
 [2.859e+03 5.390e+03 5.554e+03 5.712e+03 5.813e+03 5.851e+03 5.917e+03
  5.985e+03 6.120e+03 6.180e+03 6.273e+03 6.404e+03 6.467e+03 6.739e+03
  7.105e+03]
 [1.678e+03 1.758e+03 1.986e+03 2.203e+03 5.712e+03 6.281e+03 6.297e+03
  6.369e+03 6.622e+03 6.707e+03 6.873e+03 6.910e+03 6.955e+03 7.079e+03
  7.143e+03]
 [5.182e+03 5.556e+03 5.773e+03 5.867e+03 5.989e+03 6.066e+03 6.104e+03
  6.164e+03 6.166e+03 6.216e+03 6.389e+03 6.460e+03 6.527e+03 6.802e+03
  6.931e+03]
 [7.950e+02 9.360e+02 9.570e+02 2.017e+03 5.227e+03 5.283e+03 5.321e+03
  5.376e+03 5.460e+03 5.640e+03 5.726e+03 5.825e+03 5.863e+03 5.917e+03
  6.298e+03]
 [1.745e+03 2.374e+03 4.665e+03 4.705e+03 4.990e+03 5.325e+03 5.332e+03
  5.345e+03 5.616e+03 5.729e+03 5.991e+03 6.334e+03 6.527e+03 6.797e+03
  6.871e+03]
 [2.860e+02 5.410e+02 8.450e+02 9.090e+02 1.298e+03 3.989e+03 4.064e+03
  4.135e+03 4.319e+03 4.638e+03 4.674e+03 4.762e+03 4.785e+03 4.886e+03
  4.960e+03]
 [8.970e+02 1.403e+03 1.561e+03 1.912e+03 2.203e+03 3.109e+03 4.400e+03
  4.575e+03 4.609e+03 4.839e+03 4.886e+03 4.899e+03 5.006e+03 5.283e+03
  5.468e+03]
 [3.294e+03 3.773e+03 3.861e+03 3.913e+03 3.988e+03 4.044e+03 4.121e+03
  4.142e+03 4.250e+03 4.323e+03 4.482e+03 4.494e+03 4.708e+03 4.927e+03
  5.084e+03]
 [0.000e+00 1.200e+01 1.880e+02 2.860e+02 3.470e+02 2.867e+03 3.340e+03
  3.503e+03 3.514e+03 3.566e+03 3.898e+03 4.150e+03 4.235e+03 4.302e+03
  4.376e+03]
 [1.880e+02 2.203e+03 2.581e+03 2.660e+03 3.087e+03 3.135e+03 3.213e+03
  3.280e+03 3.352e+03 3.439e+03 3.521e+03 3.542e+03 3.600e+03 3.841e+03
  3.940e+03]
 [1.550e+02 7.330e+02 9.360e+02 1.049e+03 2.499e+03 2.876e+03 2.977e+03
  3.074e+03 3.252e+03 3.340e+03 3.431e+03 3.502e+03 3.572e+03 3.650e+03
  3.675e+03]
 [2.500e+01 4.890e+02 1.152e+03 2.162e+03 2.501e+03 3.068e+03 3.213e+03
  3.310e+03 3.340e+03 3.401e+03 3.522e+03 3.542e+03 3.749e+03 3.845e+03
  3.900e+03]
 [7.300e+02 1.821e+03 2.240e+03 2.324e+03 2.596e+03 2.793e+03 2.797e+03
  2.901e+03 3.053e+03 3.173e+03 3.272e+03 3.406e+03 3.531e+03 3.841e+03
  4.288e+03]
 [2.620e+02 4.020e+02 4.930e+02 6.190e+02 6.980e+02 7.380e+02 1.184e+03
  2.638e+03 2.805e+03 2.880e+03 2.979e+03 3.340e+03 3.348e+03 3.487e+03
  3.551e+03]
 [5.780e+02 8.440e+02 2.326e+03 2.740e+03 2.839e+03 2.939e+03 3.162e+03
  3.352e+03 3.446e+03 3.507e+03 3.688e+03 3.749e+03 3.773e+03 3.805e+03
  3.845e+03]
 [4.700e+01 1.290e+02 1.790e+02 2.850e+02 4.340e+02 2.423e+03 2.637e+03
  2.887e+03 3.017e+03 3.025e+03 3.054e+03 3.143e+03 3.235e+03 3.309e+03
  3.509e+03]
 [0.000e+00 1.745e+03 1.851e+03 2.002e+03 2.136e+03 2.240e+03 2.308e+03
  2.499e+03 2.561e+03 2.618e+03 2.716e+03 2.979e+03 3.050e+03 3.220e+03
  3.496e+03]
 [3.000e+00 9.000e+00 1.220e+02 1.942e+03 2.240e+03 2.332e+03 2.503e+03
  2.628e+03 2.719e+03 2.887e+03 2.984e+03 3.050e+03 3.167e+03 3.169e+03
  3.542e+03]
 [0.000e+00 3.600e+01 9.000e+01 4.010e+02 6.780e+02 1.001e+03 1.150e+03
  1.292e+03 1.386e+03 1.490e+03 2.113e+03 2.390e+03 2.984e+03 3.011e+03
  3.050e+03]
 [0.000e+00 6.020e+02 1.932e+03 2.134e+03 2.270e+03 2.326e+03 2.510e+03
  2.590e+03 2.699e+03 2.748e+03 2.822e+03 2.914e+03 2.939e+03 3.008e+03
  3.349e+03]
 [2.480e+02 9.990e+02 1.144e+03 1.377e+03 1.517e+03 1.833e+03 1.912e+03
  1.915e+03 2.091e+03 2.254e+03 2.405e+03 2.777e+03 2.887e+03 3.112e+03
  3.348e+03]
 [2.030e+02 4.520e+02 1.001e+03 1.045e+03 1.585e+03 1.720e+03 1.782e+03
  2.053e+03 2.074e+03 2.475e+03 2.551e+03 2.566e+03 2.660e+03 2.825e+03
  3.240e+03]
 [1.212e+03 1.762e+03 1.831e+03 2.052e+03 2.281e+03 2.352e+03 2.358e+03
  2.390e+03 2.405e+03 2.433e+03 2.439e+03 2.492e+03 2.648e+03 2.792e+03
  3.032e+03]
 [0.000e+00 4.500e+01 1.600e+02 2.100e+02 3.570e+02 4.450e+02 5.370e+02
  6.070e+02 6.740e+02 9.990e+02 1.231e+03 2.691e+03 2.748e+03 2.792e+03
  3.135e+03]
 [8.900e+01 6.550e+02 1.120e+03 1.585e+03 1.629e+03 1.662e+03 1.861e+03
  1.949e+03 2.112e+03 2.240e+03 2.277e+03 2.423e+03 2.499e+03 2.956e+03
  3.162e+03]
 [1.123e+03 1.203e+03 1.364e+03 1.386e+03 1.472e+03 1.564e+03 1.589e+03
  1.629e+03 1.745e+03 1.916e+03 2.184e+03 2.416e+03 2.582e+03 2.721e+03
  2.854e+03]
 [1.110e+02 2.090e+02 2.390e+02 9.990e+02 1.279e+03 1.517e+03 1.607e+03
  1.697e+03 1.831e+03 2.091e+03 2.254e+03 2.355e+03 2.839e+03 2.915e+03
  3.340e+03]
 [4.400e+01 1.030e+02 1.096e+03 1.203e+03 1.292e+03 1.341e+03 1.357e+03
  1.642e+03 1.735e+03 1.833e+03 2.091e+03 2.113e+03 2.132e+03 2.506e+03
  3.608e+03]
 [6.800e+01 1.450e+02 1.017e+03 1.115e+03 1.220e+03 1.507e+03 1.701e+03
  1.729e+03 1.756e+03 1.777e+03 1.832e+03 1.932e+03 2.114e+03 2.240e+03
  3.486e+03]
 [5.200e+01 7.650e+02 9.430e+02 1.112e+03 1.210e+03 1.286e+03 1.399e+03
  1.604e+03 1.705e+03 1.826e+03 1.957e+03 2.002e+03 2.327e+03 2.344e+03
  2.618e+03]
 [0.000e+00 4.840e+02 5.930e+02 1.011e+03 1.029e+03 1.276e+03 1.507e+03
  1.517e+03 1.607e+03 1.735e+03 2.305e+03 2.363e+03 2.461e+03 2.489e+03
  2.655e+03]
 [6.050e+02 6.980e+02 7.170e+02 9.430e+02 1.059e+03 1.212e+03 2.115e+03
  2.307e+03 2.711e+03 2.908e+03 3.011e+03 3.235e+03 4.031e+03 4.102e+03
  4.163e+03]
 [3.100e+01 1.890e+02 2.860e+02 7.460e+02 9.990e+02 1.097e+03 1.283e+03
  1.377e+03 1.472e+03 1.782e+03 1.868e+03 2.148e+03 4.201e+03 4.663e+03
  4.780e+03]
 [1.900e+01 1.150e+02 2.430e+02 4.350e+02 6.070e+02 7.380e+02 8.210e+02
  9.360e+02 1.045e+03 1.061e+03 1.400e+03 1.474e+03 1.555e+03 1.629e+03
  3.898e+03]
 [0.000e+00 4.700e+01 1.450e+02 1.980e+02 3.010e+02 4.200e+02 6.350e+02
  1.002e+03 1.061e+03 1.098e+03 1.325e+03 1.380e+03 1.507e+03 1.568e+03
  1.642e+03]
 [0.000e+00 8.200e+01 1.450e+02 9.360e+02 1.006e+03 1.079e+03 1.151e+03
  1.294e+03 1.698e+03 1.923e+03 2.014e+03 2.059e+03 2.203e+03 2.582e+03
  3.220e+03]
 [3.600e+01 1.140e+02 2.350e+02 2.820e+02 3.250e+02 3.460e+02 5.370e+02
  7.580e+02 1.029e+03 1.117e+03 1.522e+03 1.826e+03 2.565e+03 2.695e+03
  2.821e+03]
 [1.770e+02 2.480e+02 4.100e+02 5.370e+02 6.250e+02 7.860e+02 9.990e+02
  1.060e+03 1.146e+03 1.787e+03 2.924e+03 3.050e+03 3.340e+03 4.150e+03
  4.663e+03]
 [0.000e+00 4.500e+01 1.680e+02 4.210e+02 5.370e+02 5.500e+02 7.160e+02
  8.000e+02 8.860e+02 1.064e+03 1.210e+03 1.533e+03 2.044e+03 2.515e+03
  2.532e+03]
 [0.000e+00 1.320e+02 2.030e+02 2.870e+02 3.570e+02 4.130e+02 4.800e+02
  5.240e+02 5.250e+02 5.880e+02 6.150e+02 6.250e+02 8.270e+02 8.770e+02
  1.274e+03]
 [1.400e+01 1.020e+02 3.390e+02 3.790e+02 5.370e+02 7.510e+02 8.430e+02
  8.600e+02 1.141e+03 1.240e+03 1.282e+03 1.693e+03 1.732e+03 1.775e+03
  1.788e+03]
 [0.000e+00 2.500e+01 1.170e+02 2.170e+02 2.490e+02 2.680e+02 3.260e+02
  3.580e+02 4.200e+02 4.610e+02 5.370e+02 6.640e+02 6.770e+02 7.880e+02
  8.340e+02]
 [0.000e+00 8.000e+00 1.050e+02 1.490e+02 1.870e+02 1.960e+02 2.910e+02
  3.780e+02 4.740e+02 5.160e+02 6.210e+02 7.140e+02 8.060e+02 3.162e+03
  3.400e+03]]
