optimal_status: 0
solution: 2788.9999991587842
cpu_time: 3600.0747039318085
gap: 0.5902273848790736
upper_bound: 1142.8558232275568
lower_bound: 2788.9999991587842
cg_matrix: [[0. 0. 0. 0. 0. 1. 0. 0. 0. 0. 0. 0. 0. 0. 0. 0. 0. 0. 0. 0.]
 [0. 0. 0. 0. 0. 1. 0. 0. 0. 1. 0. 0. 0. 0. 0. 0. 0. 0. 0. 0.]
 [0. 0. 0. 1. 0. 0. 0. 1. 0. 0. 0. 0. 0. 0. 0. 0. 0. 0. 1. 1.]
 [0. 0. 1. 0. 0. 0. 0. 0. 0. 0. 0. 1. 0. 0. 0. 0. 0. 0. 0. 1.]
 [0. 0. 0. 0. 0. 0. 0. 0. 0. 0. 0. 0. 1. 0. 0. 0. 0. 0. 0. 0.]
 [1. 1. 0. 0. 0. 0. 0. 0. 0. 0. 1. 0. 0. 0. 0. 0. 0. 0. 1. 0.]
 [0. 0. 0. 0. 0. 0. 0. 0. 0. 0. 0. 0. 0. 1. 0. 1. 0. 0. 1. 1.]
 [0. 0. 1. 0. 0. 0. 0. 0. 1. 0. 0. 0. 1. 0. 0. 1. 0. 0. 0. 0.]
 [0. 0. 0. 0. 0. 0. 0. 1. 0. 1. 0. 0. 0. 0. 0. 1. 0. 0. 1. 1.]
 [0. 1. 0. 0. 0. 0. 0. 0. 1. 0. 0. 0. 0. 0. 1. 1. 0. 0. 0. 0.]
 [0. 0. 0. 0. 0. 1. 0. 0. 0. 0. 0. 0. 1. 0. 0. 0. 0. 1. 0. 0.]
 [0. 0. 0. 1. 0. 0. 0. 0. 0. 0. 0. 0. 0. 1. 0. 0. 0. 1. 1. 0.]
 [0. 0. 0. 0. 1. 0. 0. 1. 0. 0. 1. 0. 0. 0. 0. 0. 1. 0. 0. 0.]
 [0. 0. 0. 0. 0. 0. 1. 0. 0. 0. 0. 1. 0. 0. 0. 0. 0. 0. 1. 0.]
 [0. 0. 0. 0. 0. 0. 0. 0. 0. 1. 0. 0. 0. 0. 0. 1. 0. 0. 1. 1.]
 [0. 0. 0. 0. 0. 0. 1. 1. 1. 1. 0. 0. 0. 0. 1. 0. 0. 0. 0. 0.]
 [0. 0. 0. 0. 0. 0. 0. 0. 0. 0. 0. 0. 1. 0. 0. 0. 0. 0. 0. 0.]
 [0. 0. 0. 0. 0. 0. 0. 0. 0. 0. 1. 1. 0. 0. 0. 0. 0. 0. 0. 0.]
 [0. 0. 1. 0. 0. 1. 1. 0. 1. 0. 0. 1. 0. 1. 1. 0. 0. 0. 0. 0.]
 [0. 0. 1. 1. 0. 0. 1. 0. 1. 0. 0. 0. 0. 0. 1. 0. 0. 0. 0. 0.]]
start_times_array: [[   0.           91.          132.          141.          704.
   857.         1129.99999944 1277.99999944 1478.99999944 1573.99999944
  1702.99999944 1999.99999944 2074.99999944 2378.99999944 2593.99999944]
 [  56.          478.          834.          925.         1002.
  1026.         1177.99999944 1241.99999944 1284.99999944 1296.99999944
  1309.99999944 1704.99999944 1999.99999944 2569.99999944 2727.99999944]
 [ 289.          393.          416.          428.          661.
  1017.         1295.99999944 1394.99999944 1525.99999944 1532.99999944
  1913.99999944 2009.99999944 2039.99999944 2282.99999944 2469.99999916]
 [  19.          171.          740.          839.         1095.99999944
  1215.99999944 1672.99999944 1794.99999944 2305.99999944 2383.99999944
  2414.99999944 2417.99999944 2442.99999944 2567.99999944 2766.99999916]
 [  28.          136.          497.          532.          576.
   787.          843.         1216.99999944 1338.99999944 1445.99999944
  1574.99999944 1587.99999944 1663.99999944 2060.99999944 2355.99999944]
 [ 204.          289.          344.          346.          555.
   607.         1034.         1247.99999944 1255.99999944 1380.99999944
  1780.99999944 1875.99999944 2257.99999944 2505.99999944 2733.99999944]
 [ 235.          299.          499.          532.         1115.
  1295.99999944 1321.99999944 1637.99999944 1672.99999944 1769.99999944
  2011.99999944 2153.99999944 2468.99999944 2491.99999944 2507.99999944]
 [ 133.          563.          843.          899.          927.
  1093.99999944 1189.99999944 1216.99999944 1254.99999944 1610.99999944
  2094.99999944 2171.99999944 2388.99999944 2569.99999944 2782.99999916]
 [ 204.          347.          499.          661.         1295.99999944
  1514.99999944 1704.99999944 1792.99999944 1937.99999944 2009.99999944
  2037.99999944 2451.99999944 2550.99999944 2561.99999944 2657.99999916]
 [   0.          133.          267.          445.          572.
   843.         1093.99999944 1247.99999944 1610.99999944 1695.99999944
  2094.99999944 2154.99999944 2226.99999944 2388.99999944 2577.99999944]
 [  17.           64.          411.          538.          787.
   852.          921.         1445.99999944 1492.99999944 1526.99999944
  1546.99999944 1576.99999944 2114.00009944 2383.99999944 2594.99999944]
 [ 236.          302.          499.          516.          996.99999944
  1125.99999944 1346.99999944 1566.99999944 1655.99999944 1970.99999944
  2068.99999944 2297.99999944 2451.99999944 2657.99999944 2690.99999944]
 [ 200.          347.          349.          472.          484.
   677.          757.         1017.         1068.99999944 1389.99999944
  1556.99999944 1704.99999944 1780.99999944 2021.99999944 2473.99999944]
 [ 200.          393.          553.          605.          689.
   809.          819.         1215.99999944 1375.99999944 1506.99999944
  1797.99999944 1842.99999944 1880.99999944 2227.99999944 2305.99999944]
 [ 499.         1137.99999944 1177.99999944 1193.99999944 1514.99999944
  1600.99999944 1697.99999944 1750.99999944 1752.99999944 1937.99999944
  1953.99999944 2045.99999944 2082.99999944 2451.99999944 2481.99999944]
 [  17.           93.          478.          698.          789.
   837.          927.99999944 1018.99999944 1384.99999944 1463.99999944
  1805.99999944 1856.99999944 2253.99999944 2323.99999944 2763.99999916]
 [  83.          132.          138.          388.          499.
   607.          805.         1213.         1260.         1452.99999944
  2082.99999944 2157.99999944 2183.99999944 2234.99999944 2417.99999944]
 [ 197.          393.          472.          573.          704.
   857.         1261.99999944 1363.99999944 1384.99999944 1826.99999944
  1884.99999944 1914.99999944 2200.00009944 2231.00009944 2563.99999944]
 [   0.           83.          125.          136.          455.
   719.          811.          889.99999944  924.99999944 1439.99999944
  2155.99999944 2342.99999944 2408.99999944 2569.99999944 2753.99999916]
 [   0.           38.           91.          572.          719.
   805.          863.          919.         1245.99999944 1427.99999944
  1499.99999944 1610.99999944 1839.99999944 2199.99999944 2578.99999916]]
