optimal_status: 0
solution: 2700.0
cpu_time: 3600.0821850299835
gap: 0.5711599768959877
upper_bound: 1157.8680623808332
lower_bound: 2700.0
cg_matrix: [[0. 0. 0. 0. 1. 0. 0. 1. 1. 0. 0. 0. 1. 0. 0. 1. 0. 0. 0. 0.]
 [0. 0. 0. 0. 0. 1. 1. 1. 0. 0. 0. 0. 0. 0. 0. 1. 0. 0. 0. 0.]
 [0. 0. 0. 1. 1. 0. 0. 0. 0. 0. 0. 0. 0. 0. 0. 1. 1. 1. 0. 0.]
 [0. 0. 1. 0. 0. 0. 0. 0. 0. 0. 0. 0. 0. 1. 0. 0. 0. 0. 0. 1.]
 [1. 0. 1. 0. 0. 0. 0. 0. 0. 0. 0. 0. 0. 0. 0. 0. 0. 1. 1. 0.]
 [0. 1. 0. 0. 0. 0. 0. 0. 0. 0. 0. 0. 0. 0. 0. 0. 0. 0. 1. 0.]
 [0. 1. 0. 0. 0. 0. 0. 0. 1. 0. 0. 0. 0. 0. 0. 0. 0. 0. 0. 1.]
 [1. 1. 0. 0. 0. 0. 0. 0. 1. 0. 1. 0. 0. 1. 1. 0. 0. 1. 0. 0.]
 [1. 0. 0. 0. 0. 0. 1. 1. 0. 0. 0. 0. 0. 1. 0. 1. 0. 0. 0. 0.]
 [0. 0. 0. 0. 0. 0. 0. 0. 0. 0. 0. 0. 0. 0. 0. 0. 0. 0. 0. 1.]
 [0. 0. 0. 0. 0. 0. 0. 1. 0. 0. 0. 0. 0. 0. 0. 0. 1. 0. 1. 0.]
 [0. 0. 0. 0. 0. 0. 0. 0. 0. 0. 0. 0. 0. 0. 1. 0. 0. 0. 0. 1.]
 [1. 0. 0. 0. 0. 0. 0. 0. 0. 0. 0. 0. 0. 0. 0. 0. 0. 1. 0. 0.]
 [0. 0. 0. 1. 0. 0. 0. 1. 1. 0. 0. 0. 0. 0. 0. 1. 0. 0. 0. 0.]
 [0. 0. 0. 0. 0. 0. 0. 1. 0. 0. 0. 1. 0. 0. 0. 0. 0. 0. 0. 0.]
 [1. 1. 1. 0. 0. 0. 0. 0. 1. 0. 0. 0. 0. 1. 0. 0. 0. 0. 0. 0.]
 [0. 0. 1. 0. 0. 0. 0. 0. 0. 0. 1. 0. 0. 0. 0. 0. 0. 0. 0. 0.]
 [0. 0. 1. 0. 1. 0. 0. 1. 0. 0. 0. 0. 1. 0. 0. 0. 0. 0. 0. 0.]
 [0. 0. 0. 0. 1. 1. 0. 0. 0. 0. 1. 0. 0. 0. 0. 0. 0. 0. 0. 0.]
 [0. 0. 0. 1. 0. 0. 1. 0. 0. 1. 0. 1. 0. 0. 0. 0. 0. 0. 0. 0.]]
start_times_array: [[  37.  113.  130.  293.  427.  848.  925. 1219. 1308. 1384. 1419. 1858.
  1948. 2012. 2337.]
 [  37.   66.  286.  475.  517.  748.  977. 1378. 1578. 1929. 2008. 2102.
  2189. 2337. 2676.]
 [ 147.  299.  366.  771. 1378. 1444. 1564. 1657. 1808. 2059. 2161. 2250.
  2319. 2357. 2619.]
 [ 534. 1005. 1091. 1110. 1291. 1486. 1492. 1546. 1711. 1926. 1988. 2084.
  2087. 2149. 2533.]
 [ 188.  550.  623.  659.  700. 1088. 1176. 1505. 1695. 1732. 1754. 2084.
  2253. 2435. 2481.]
 [ 160.  229.  588.  675.  707.  817.  883. 1089. 1494. 1697. 1873. 1902.
  1992. 2047. 2259.]
 [ 145.  241.  623.  705.  854.  876.  905. 1110. 1308. 1486. 1715. 1752.
  1814. 1861. 2263.]
 [   0.   28.  198.  609. 1063. 1157. 1480. 1715. 1792. 1801. 2080. 2263.
  2441. 2460. 2656.]
 [ 286.  319.  357.  527.  596.  733.  789. 1005. 1306. 1601. 2101. 2191.
  2197. 2365. 2596.]
 [ 149.  234.  335.  548.  582.  630.  869.  951.  971.  975. 1003. 1801.
  1875. 1975. 2068.]
 [ 287.  596.  668.  703.  790.  804. 1238. 1271. 1578. 1880. 1917. 1992.
  2101. 2199. 2534.]
 [   0.  180.  367.  458.  539.  636.  854.  927. 1187. 1291. 1715. 1789.
  1808. 2240. 2329.]
 [ 217.  324.  550.  621.  697.  785.  817. 1102. 1492. 1695. 1779. 2166.
  2200. 2262. 2456.]
 [  37.   46.  105.  420.  489.  668.  842.  938. 1217. 1378. 1419. 1858.
  2045. 2337. 2675.]
 [  37.  269.  346.  489.  767. 1217. 1389. 1578. 1650. 1873. 1925. 1970.
  2101. 2172. 2416.]
 [   0.  259.  636. 1063. 1089. 1091. 1132. 1152. 1503. 1727. 1754. 2268.
  2446. 2491. 2577.]
 [  60.  160.  217.  394.  550.  632.  949. 1110. 1152. 1292. 1315. 1487.
  1610. 2446. 2612.]
 [  31.   60.  124.  410.  452.  485.  869.  961. 1219. 1268. 1295. 1610.
  1902. 1965. 2534.]
 [  37.  113.  375.  493.  889. 1005. 1376. 1424. 1610. 1775. 1868. 1929.
  2319. 2406. 2610.]
 [  65.  280.  294.  461.  724.  746.  848. 1202. 1405. 1424. 1564. 1626.
  2043. 2365. 2481.]]
