optimal_status: 0
solution: 5228.0
cpu_time: 3600.0907740592957
gap: 0.7079518452164333
upper_bound: 1526.827753208487
lower_bound: 5228.0
cg_matrix: [[0. 0. 0. 0. 0. 0. 0. 0. 0. 0. 0. 0. 0. 1. 0. 1. 0. 0. 0. 0. 1. 0. 0. 1.
  0. 0. 0. 0. 0. 0.]
 [0. 0. 0. 0. 0. 0. 1. 0. 0. 0. 0. 0. 0. 0. 0. 1. 0. 0. 0. 0. 1. 0. 0. 0.
  1. 0. 1. 0. 0. 0.]
 [0. 0. 0. 1. 0. 0. 0. 0. 0. 1. 1. 0. 0. 1. 0. 0. 0. 0. 0. 0. 0. 0. 0. 0.
  0. 1. 0. 0. 1. 1.]
 [0. 0. 1. 0. 1. 0. 0. 0. 0. 0. 0. 0. 0. 0. 0. 0. 1. 0. 0. 0. 0. 0. 0. 1.
  0. 0. 0. 0. 0. 0.]
 [0. 0. 0. 1. 0. 0. 1. 0. 1. 0. 0. 0. 0. 0. 1. 0. 1. 0. 1. 0. 0. 0. 0. 0.
  0. 0. 0. 0. 0. 0.]
 [0. 0. 0. 0. 0. 0. 0. 0. 0. 0. 1. 1. 1. 1. 0. 0. 0. 0. 0. 0. 1. 0. 0. 0.
  0. 0. 0. 1. 0. 0.]
 [0. 1. 0. 0. 1. 0. 0. 0. 0. 0. 0. 0. 0. 0. 0. 0. 0. 1. 1. 0. 0. 1. 0. 0.
  0. 0. 0. 0. 0. 0.]
 [0. 0. 0. 0. 0. 0. 0. 0. 1. 1. 1. 0. 0. 0. 0. 0. 0. 0. 0. 0. 0. 0. 0. 0.
  0. 0. 0. 1. 0. 1.]
 [0. 0. 0. 0. 1. 0. 0. 1. 0. 0. 0. 0. 0. 0. 1. 0. 0. 0. 0. 0. 0. 1. 0. 1.
  0. 0. 0. 1. 0. 0.]
 [0. 0. 1. 0. 0. 0. 0. 1. 0. 0. 0. 1. 0. 0. 1. 0. 0. 0. 1. 0. 1. 0. 0. 0.
  0. 0. 0. 0. 0. 0.]
 [0. 0. 1. 0. 0. 1. 0. 1. 0. 0. 0. 0. 1. 0. 0. 0. 0. 1. 0. 0. 1. 0. 0. 0.
  0. 1. 1. 1. 0. 0.]
 [0. 0. 0. 0. 0. 1. 0. 0. 0. 1. 0. 0. 0. 1. 0. 0. 0. 0. 1. 0. 0. 0. 0. 0.
  0. 0. 0. 0. 0. 0.]
 [0. 0. 0. 0. 0. 1. 0. 0. 0. 0. 1. 0. 0. 1. 0. 0. 0. 1. 0. 0. 0. 1. 1. 0.
  0. 0. 0. 0. 0. 0.]
 [1. 0. 1. 0. 0. 1. 0. 0. 0. 0. 0. 1. 1. 0. 1. 0. 0. 0. 0. 0. 0. 0. 0. 0.
  1. 0. 0. 0. 0. 0.]
 [0. 0. 0. 0. 1. 0. 0. 0. 1. 1. 0. 0. 0. 1. 0. 0. 0. 0. 0. 1. 0. 0. 0. 0.
  0. 0. 0. 0. 0. 0.]
 [1. 1. 0. 0. 0. 0. 0. 0. 0. 0. 0. 0. 0. 0. 0. 0. 0. 0. 0. 0. 0. 0. 0. 0.
  0. 0. 0. 1. 1. 0.]
 [0. 0. 0. 1. 1. 0. 0. 0. 0. 0. 0. 0. 0. 0. 0. 0. 0. 0. 0. 0. 0. 0. 0. 0.
  1. 0. 0. 0. 0. 0.]
 [0. 0. 0. 0. 0. 0. 1. 0. 0. 0. 1. 0. 1. 0. 0. 0. 0. 0. 0. 0. 1. 0. 0. 0.
  0. 0. 0. 0. 0. 0.]
 [0. 0. 0. 0. 1. 0. 1. 0. 0. 1. 0. 1. 0. 0. 0. 0. 0. 0. 0. 0. 0. 0. 0. 0.
  0. 0. 0. 0. 0. 0.]
 [0. 0. 0. 0. 0. 0. 0. 0. 0. 0. 0. 0. 0. 0. 1. 0. 0. 0. 0. 0. 0. 0. 1. 1.
  0. 1. 1. 0. 0. 0.]
 [1. 1. 0. 0. 0. 1. 0. 0. 0. 1. 1. 0. 0. 0. 0. 0. 0. 1. 0. 0. 0. 0. 0. 0.
  0. 0. 0. 0. 0. 0.]
 [0. 0. 0. 0. 0. 0. 1. 0. 1. 0. 0. 0. 1. 0. 0. 0. 0. 0. 0. 0. 0. 0. 0. 0.
  0. 0. 0. 0. 0. 0.]
 [0. 0. 0. 0. 0. 0. 0. 0. 0. 0. 0. 0. 1. 0. 0. 0. 0. 0. 0. 1. 0. 0. 0. 0.
  0. 0. 0. 0. 0. 0.]
 [1. 0. 0. 1. 0. 0. 0. 0. 1. 0. 0. 0. 0. 0. 0. 0. 0. 0. 0. 1. 0. 0. 0. 0.
  0. 0. 0. 0. 0. 0.]
 [0. 1. 0. 0. 0. 0. 0. 0. 0. 0. 0. 0. 0. 1. 0. 0. 1. 0. 0. 0. 0. 0. 0. 0.
  0. 0. 0. 0. 0. 0.]
 [0. 0. 1. 0. 0. 0. 0. 0. 0. 0. 1. 0. 0. 0. 0. 0. 0. 0. 0. 1. 0. 0. 0. 0.
  0. 0. 0. 0. 0. 0.]
 [0. 1. 0. 0. 0. 0. 0. 0. 0. 0. 1. 0. 0. 0. 0. 0. 0. 0. 0. 1. 0. 0. 0. 0.
  0. 0. 0. 0. 0. 0.]
 [0. 0. 0. 0. 0. 1. 0. 1. 1. 0. 1. 0. 0. 0. 0. 1. 0. 0. 0. 0. 0. 0. 0. 0.
  0. 0. 0. 0. 0. 0.]
 [0. 0. 1. 0. 0. 0. 0. 0. 0. 0. 0. 0. 0. 0. 0. 1. 0. 0. 0. 0. 0. 0. 0. 0.
  0. 0. 0. 0. 0. 0.]
 [0. 0. 1. 0. 0. 0. 0. 1. 0. 0. 0. 0. 0. 0. 0. 0. 0. 0. 0. 0. 0. 0. 0. 0.
  0. 0. 0. 0. 0. 0.]]
start_times_array: [[6.00000000e+01 2.99000000e+02 4.80000000e+02 7.57000000e+02
  7.94000000e+02 1.23900000e+03 1.65700000e+03 1.75200000e+03
  2.28500000e+03 2.54300000e+03 2.56600000e+03 2.96400000e+03
  3.31800000e+03 3.67700000e+03 4.02900000e+03 4.45000000e+03
  4.64500000e+03 4.83900000e+03 5.14200000e+03 5.18600000e+03]
 [2.57000000e+02 3.38000000e+02 4.66000000e+02 6.24000000e+02
  7.06000000e+02 8.52000000e+02 1.18000000e+03 1.36900000e+03
  1.61000000e+03 2.21600000e+03 2.41800000e+03 2.57600000e+03
  2.63700000e+03 2.82500000e+03 3.15000000e+03 3.40700000e+03
  3.87700000e+03 4.24100000e+03 4.62400000e+03 4.87400000e+03]
 [5.73000000e+02 7.21000000e+02 7.22000000e+02 1.12300000e+03
  1.45300000e+03 1.78100000e+03 2.04200000e+03 2.54000000e+03
  2.87600000e+03 2.89900000e+03 3.29200000e+03 3.49700000e+03
  3.67700000e+03 4.14500000e+03 4.34800000e+03 4.58000000e+03
  4.73200000e+03 4.95800000e+03 5.11800000e+03 5.20200000e+03]
 [0.00000000e+00 4.00000000e+00 6.00000000e+01 3.36000000e+02
  4.80000000e+02 6.47000000e+02 7.98000000e+02 1.15900000e+03
  1.24500000e+03 1.51900000e+03 1.84700000e+03 2.32500000e+03
  2.72800000e+03 3.16800000e+03 3.35500000e+03 3.62500000e+03
  4.20000000e+03 4.42100000e+03 4.81000000e+03 5.06900000e+03]
 [2.76000000e+02 3.84000000e+02 7.78000000e+02 9.21000000e+02
  1.03900000e+03 1.36600000e+03 1.60600000e+03 2.09700000e+03
  2.40400000e+03 2.62400000e+03 2.92100000e+03 3.02800000e+03
  3.33200000e+03 3.54200000e+03 3.57400000e+03 3.71000000e+03
  3.93000000e+03 4.28400000e+03 4.66100000e+03 5.10600000e+03]
 [2.00000000e+00 2.35000000e+02 4.92000000e+02 8.40000000e+02
  1.19600000e+03 1.72200000e+03 1.94800000e+03 2.34600000e+03
  2.58000000e+03 2.87600000e+03 3.01600000e+03 3.04200000e+03
  3.05700000e+03 3.23600000e+03 3.67700000e+03 3.86000000e+03
  4.05900000e+03 4.26000000e+03 4.66900000e+03 5.04600000e+03]
 [7.22000000e+02 9.80000000e+02 1.47100000e+03 1.53300000e+03
  1.82500000e+03 1.87500000e+03 2.01300000e+03 2.28500000e+03
  2.46500000e+03 2.53200000e+03 2.75900000e+03 2.76900000e+03
  3.27400000e+03 3.62500000e+03 3.78700000e+03 3.85400000e+03
  3.87600000e+03 4.15100000e+03 4.55900000e+03 4.96600000e+03]
 [3.93000000e+02 6.67000000e+02 1.19600000e+03 1.45900000e+03
  1.77400000e+03 1.94800000e+03 2.05700000e+03 2.20000000e+03
  2.34600000e+03 2.41800000e+03 2.57400000e+03 3.07800002e+03
  3.49000000e+03 3.52700000e+03 3.69100002e+03 4.00200000e+03
  4.29600000e+03 4.72300000e+03 4.99000001e+03 5.09000000e+03]
 [2.18000000e+02 3.36000000e+02 4.80000000e+02 4.99000000e+02
  5.16000000e+02 5.49000000e+02 7.94000000e+02 8.40000000e+02
  1.01500000e+03 1.27100000e+03 1.54800000e+03 1.98700000e+03
  2.70200000e+03 3.16800000e+03 3.73500000e+03 4.08100000e+03
  4.21500000e+03 4.88000000e+03 5.06900000e+03 5.16400000e+03]
 [1.61000000e+02 2.35000000e+02 1.03900000e+03 1.27100000e+03
  1.35700000e+03 1.58500000e+03 1.84600000e+03 2.36100000e+03
  2.41900000e+03 2.63800000e+03 2.99100000e+03 3.36000000e+03
  3.45500000e+03 4.06500000e+03 4.20500000e+03 4.23200000e+03
  4.63200000e+03 4.88000000e+03 4.95600000e+03 5.12900000e+03]
 [2.77000000e+02 7.94000000e+02 1.29500000e+03 1.59900000e+03
  1.85900000e+03 2.10400000e+03 2.28000000e+03 2.30100000e+03
  2.63800000e+03 2.79400000e+03 3.16000000e+03 3.27400000e+03
  3.38800000e+03 3.59900000e+03 3.97800000e+03 4.19700000e+03
  4.50900000e+03 4.76000000e+03 4.88800000e+03 5.13600000e+03]
 [0.00000000e+00 3.70000000e+01 7.53000000e+02 1.15500000e+03
  1.19300000e+03 1.64800000e+03 2.05700000e+03 2.24300000e+03
  2.27400000e+03 2.53500000e+03 2.72800000e+03 2.93200000e+03
  2.93400000e+03 3.06000000e+03 3.27300000e+03 3.87500000e+03
  4.14500000e+03 4.28000000e+03 4.46600000e+03 5.19000000e+03]
 [3.70000000e+01 3.84000000e+02 7.39000000e+02 9.89000000e+02
  1.46200000e+03 1.65700000e+03 1.77400000e+03 2.02400000e+03
  2.53800000e+03 2.72900000e+03 3.06000000e+03 3.29600000e+03
  3.76900000e+03 3.90300000e+03 4.02900000e+03 4.59300000e+03
  4.95600000e+03 5.02600000e+03 5.16900000e+03 5.20900000e+03]
 [1.25000000e+02 1.86000000e+02 6.43000000e+02 1.29500000e+03
  1.33600000e+03 1.54900000e+03 1.89700000e+03 2.17200000e+03
  2.22900000e+03 2.44400000e+03 2.82600000e+03 3.11900000e+03
  3.19700000e+03 3.19800000e+03 3.41300000e+03 3.41700000e+03
  3.66300000e+03 3.96600000e+03 4.20500000e+03 4.65500000e+03]
 [0.00000000e+00 5.94000000e+02 7.13000000e+02 1.11800000e+03
  1.19900000e+03 1.25100000e+03 1.35900000e+03 1.46900000e+03
  1.95400000e+03 2.26800000e+03 2.59500000e+03 3.26400000e+03
  3.49700000e+03 3.55500000e+03 3.62500000e+03 3.84200000e+03
  3.90900000e+03 4.16300000e+03 4.50700000e+03 4.78200000e+03]
 [2.00000000e+00 3.79000000e+02 9.94000000e+02 1.29500000e+03
  1.46300000e+03 1.52000000e+03 1.82900000e+03 2.01400000e+03
  2.36000000e+03 2.65300000e+03 3.08900000e+03 3.22900000e+03
  3.53900000e+03 3.60000000e+03 3.63100000e+03 3.96100000e+03
  4.33400000e+03 4.73900000e+03 5.07900000e+03 5.21800000e+03]
 [3.10000000e+01 1.67000000e+02 2.59000000e+02 9.45000000e+02
  1.08800000e+03 1.25400000e+03 1.70300000e+03 1.81900000e+03
  2.22100000e+03 2.52700000e+03 2.86300000e+03 3.45700000e+03
  3.48600000e+03 3.74400000e+03 3.78500000e+03 4.34200000e+03
  4.54000000e+03 4.60200000e+03 4.90300000e+03 5.02500000e+03]
 [1.00000000e+01 4.90000000e+02 6.37000000e+02 8.59000000e+02
  1.04100000e+03 1.37600000e+03 1.68600000e+03 1.95000000e+03
  2.21600000e+03 2.37000000e+03 2.88500000e+03 2.93600000e+03
  3.23600000e+03 3.46000000e+03 3.71300000e+03 3.72000000e+03
  4.42100000e+03 4.81400000e+03 5.05600000e+03 5.20800000e+03]
 [1.00000000e+02 3.36000000e+02 5.72000000e+02 6.62000000e+02
  1.70100000e+03 1.78100000e+03 1.91700000e+03 1.94300000e+03
  2.15700000e+03 2.58700000e+03 2.82600000e+03 2.96200000e+03
  3.13000000e+03 3.49800000e+03 3.73500000e+03 3.83100000e+03
  4.00600000e+03 4.33500000e+03 4.39600000e+03 4.90700000e+03]
 [8.90000000e+01 2.17000000e+02 2.62000000e+02 1.26900000e+03
  1.37600000e+03 1.84600000e+03 1.87900000e+03 1.92100000e+03
  1.93600000e+03 2.80100000e+03 2.99500000e+03 3.16800000e+03
  3.73000000e+03 4.23100000e+03 4.35000000e+03 4.40200000e+03
  4.62200000e+03 4.69900000e+03 5.14100000e+03 5.19200000e+03]
 [3.75000000e+02 5.73000000e+02 6.08000000e+02 9.41000000e+02
  1.49900000e+03 1.99600000e+03 2.14800000e+03 2.45200000e+03
  2.53300000e+03 2.73600000e+03 2.80400000e+03 3.06000000e+03
  3.29200000e+03 3.55900000e+03 3.76900000e+03 4.14500000e+03
  4.33400000e+03 4.36300000e+03 4.59400000e+03 4.96600000e+03]
 [0.00000000e+00 5.78000000e+02 9.21000000e+02 1.10800000e+03
  1.36500000e+03 1.63300000e+03 1.89400000e+03 2.08300000e+03
  2.35400000e+03 2.38200000e+03 2.38400000e+03 2.90200000e+03
  2.95700000e+03 3.38700000e+03 3.45600000e+03 3.92600000e+03
  4.39800000e+03 4.74800000e+03 5.07300000e+03 5.11700000e+03]
 [0.00000000e+00 1.26000000e+02 1.95000000e+02 2.14000000e+02
  2.86000000e+02 9.08000000e+02 1.10300000e+03 1.70000000e+03
  1.97600000e+03 2.25300000e+03 2.35700000e+03 2.93500000e+03
  3.20900000e+03 3.91900000e+03 4.16400000e+03 4.29200000e+03
  4.41800000e+03 4.51100000e+03 4.80500000e+03 4.87700000e+03]
 [3.10000000e+01 1.26000000e+02 2.86000000e+02 3.84000000e+02
  6.67000000e+02 7.70000000e+02 9.25000000e+02 1.04200000e+03
  1.46200000e+03 2.17000000e+03 2.44100000e+03 2.67400000e+03
  2.67800000e+03 2.87000000e+03 3.12400000e+03 3.52500000e+03
  3.96700000e+03 4.12700000e+03 4.52800002e+03 4.97200000e+03]
 [5.60000000e+01 1.09000000e+02 3.75000000e+02 7.13000000e+02
  1.47000000e+03 1.77400000e+03 1.88000000e+03 1.92300000e+03
  2.70000000e+03 2.74600000e+03 3.02600000e+03 3.24700000e+03
  3.54200000e+03 4.07300000e+03 4.10500000e+03 4.13100000e+03
  4.49700000e+03 4.72000000e+03 4.96600000e+03 5.21400000e+03]
 [2.10000000e+01 3.74000000e+02 4.30000000e+02 6.72000000e+02
  8.40000000e+02 1.03900000e+03 1.12000000e+03 1.66100000e+03
  2.14800000e+03 2.21100000e+03 2.34600000e+03 2.73800000e+03
  3.06300000e+03 3.34400000e+03 3.81700000e+03 4.29200000e+03
  4.33300000e+03 4.42100000e+03 4.66500000e+03 4.80700000e+03]
 [0.00000000e+00 1.80000000e+02 4.79000000e+02 5.38000000e+02
  5.44000000e+02 1.04500000e+03 1.19200000e+03 1.52400000e+03
  1.70300000e+03 2.00800000e+03 2.55300000e+03 2.88600000e+03
  2.97100000e+03 3.06300000e+03 3.07400000e+03 3.50700000e+03
  4.44700000e+03 4.79700000e+03 4.86400000e+03 4.98100000e+03]
 [3.70000000e+01 1.35000000e+02 5.78000000e+02 9.26000000e+02
  9.90000000e+02 1.09000000e+03 1.11700000e+03 1.37600000e+03
  1.64400000e+03 1.91200000e+03 2.14800000e+03 2.23900000e+03
  2.44400000e+03 2.46500000e+03 2.93800000e+03 3.29600000e+03
  3.86900000e+03 4.41900000e+03 4.56100000e+03 4.79700000e+03]
 [9.80000000e+01 8.38000000e+02 9.84000000e+02 1.34500000e+03
  1.87900000e+03 1.94900000e+03 1.96700000e+03 1.97700000e+03
  2.13000000e+03 2.17900000e+03 2.20600000e+03 2.74600000e+03
  3.34700000e+03 3.42800000e+03 3.47100000e+03 4.03500000e+03
  4.20600000e+03 4.65700000e+03 4.65800000e+03 5.15800000e+03]
 [0.00000000e+00 8.60000000e+01 9.30000000e+01 5.13000000e+02
  5.64000000e+02 8.40000000e+02 9.16000000e+02 1.02800000e+03
  1.27100000e+03 1.57600000e+03 2.46600000e+03 2.98600002e+03
  3.41700000e+03 3.60700000e+03 3.88500000e+03 4.44500000e+03
  4.49700000e+03 4.67700000e+03 4.67800000e+03 5.15200000e+03]]
