optimal_status: 0
solution: 24971.0
cpu_time: 3606.8799221515656
gap: 0.9298991376793011
upper_bound: 1750.488633010174
lower_bound: 24971.0
cg_matrix: [[0. 1. 0. 1. 1. 1. 1. 0. 1. 1. 0. 0. 1. 0. 1. 0. 0. 0. 0. 0. 1. 1. 0. 1.
  1. 0. 0. 1. 0. 1. 0. 0. 1. 1. 1. 0. 0. 1. 0. 0. 0. 0. 1. 0. 0. 0. 1. 1.
  0. 0.]
 [1. 0. 1. 1. 1. 0. 0. 1. 1. 0. 0. 0. 0. 0. 1. 1. 1. 0. 1. 1. 1. 0. 1. 1.
  0. 1. 1. 1. 0. 0. 1. 0. 0. 1. 1. 0. 0. 0. 0. 1. 0. 1. 0. 1. 1. 0. 0. 1.
  1. 0.]
 [0. 1. 0. 0. 0. 1. 1. 1. 1. 0. 1. 1. 0. 0. 1. 0. 0. 1. 0. 0. 1. 1. 0. 0.
  0. 0. 1. 1. 0. 1. 0. 1. 1. 0. 1. 1. 0. 0. 0. 0. 0. 1. 1. 1. 1. 0. 0. 1.
  1. 0.]
 [1. 1. 0. 0. 0. 0. 0. 0. 0. 1. 0. 1. 1. 1. 1. 0. 0. 0. 1. 1. 0. 0. 1. 0.
  1. 0. 0. 0. 0. 0. 1. 0. 1. 0. 0. 1. 0. 0. 0. 1. 0. 1. 1. 1. 0. 1. 0. 1.
  0. 0.]
 [1. 1. 0. 0. 0. 0. 0. 1. 1. 1. 0. 0. 0. 1. 1. 1. 1. 0. 0. 1. 0. 0. 1. 0.
  1. 1. 0. 1. 1. 0. 1. 1. 0. 0. 0. 1. 0. 1. 0. 0. 1. 1. 1. 1. 1. 1. 0. 1.
  1. 1.]
 [1. 0. 1. 0. 0. 0. 0. 0. 0. 0. 1. 1. 1. 0. 1. 1. 0. 0. 0. 0. 0. 0. 0. 0.
  0. 0. 0. 1. 1. 1. 1. 1. 1. 0. 0. 1. 0. 1. 1. 1. 1. 0. 0. 1. 0. 1. 0. 1.
  1. 0.]
 [1. 0. 1. 0. 0. 0. 0. 0. 0. 1. 1. 1. 0. 0. 0. 0. 1. 1. 0. 1. 0. 0. 1. 1.
  1. 0. 0. 1. 0. 1. 1. 1. 0. 1. 1. 0. 1. 1. 0. 1. 0. 0. 0. 1. 1. 1. 1. 1.
  0. 0.]
 [0. 1. 1. 0. 1. 0. 0. 0. 1. 0. 0. 0. 1. 0. 1. 1. 0. 0. 1. 1. 1. 1. 1. 0.
  1. 0. 1. 1. 1. 0. 0. 0. 1. 0. 1. 0. 0. 1. 1. 0. 1. 1. 0. 0. 0. 1. 1. 1.
  1. 0.]
 [1. 1. 1. 0. 1. 0. 0. 1. 0. 0. 0. 1. 1. 1. 0. 0. 0. 1. 0. 1. 1. 1. 0. 0.
  1. 0. 0. 1. 0. 1. 1. 1. 1. 0. 0. 0. 0. 1. 0. 0. 0. 0. 0. 1. 1. 1. 1. 1.
  1. 0.]
 [1. 0. 0. 1. 1. 0. 1. 0. 0. 0. 0. 1. 0. 1. 0. 0. 0. 0. 0. 0. 0. 0. 0. 1.
  0. 1. 0. 0. 1. 1. 0. 0. 1. 1. 1. 1. 1. 1. 1. 0. 0. 1. 1. 0. 1. 1. 0. 1.
  1. 0.]
 [0. 0. 1. 0. 0. 1. 1. 0. 0. 0. 0. 0. 1. 0. 0. 1. 1. 1. 1. 0. 0. 0. 1. 1.
  0. 1. 1. 0. 0. 1. 0. 0. 0. 1. 1. 0. 0. 1. 0. 1. 0. 0. 0. 0. 1. 0. 0. 1.
  1. 0.]
 [0. 0. 1. 1. 0. 1. 1. 0. 1. 1. 0. 0. 1. 1. 0. 1. 1. 0. 1. 1. 1. 1. 1. 0.
  1. 1. 0. 0. 0. 0. 0. 0. 1. 1. 0. 1. 1. 1. 0. 0. 0. 0. 0. 0. 1. 1. 1. 0.
  0. 1.]
 [1. 0. 0. 1. 0. 1. 0. 1. 1. 0. 1. 1. 0. 1. 1. 0. 1. 1. 1. 0. 0. 1. 1. 0.
  1. 1. 1. 0. 1. 1. 0. 1. 1. 1. 0. 1. 1. 1. 0. 1. 0. 1. 1. 1. 1. 1. 1. 1.
  1. 0.]
 [0. 0. 0. 1. 1. 0. 0. 0. 1. 1. 0. 1. 1. 0. 1. 0. 0. 1. 1. 0. 1. 1. 0. 1.
  0. 1. 1. 0. 1. 0. 0. 1. 0. 1. 1. 1. 0. 1. 0. 0. 0. 1. 1. 0. 0. 1. 0. 0.
  1. 0.]
 [1. 1. 1. 1. 1. 1. 0. 1. 0. 0. 0. 0. 1. 1. 0. 0. 1. 0. 0. 0. 0. 1. 1. 1.
  0. 1. 0. 1. 1. 0. 0. 1. 0. 0. 1. 1. 1. 0. 0. 0. 0. 1. 0. 1. 0. 0. 0. 1.
  1. 0.]
 [0. 1. 0. 0. 1. 1. 0. 1. 0. 0. 1. 1. 0. 0. 0. 0. 0. 1. 1. 0. 1. 0. 0. 1.
  0. 1. 1. 1. 1. 0. 0. 0. 0. 0. 0. 0. 0. 0. 1. 0. 0. 1. 1. 1. 0. 1. 1. 0.
  1. 0.]
 [0. 1. 0. 0. 1. 0. 1. 0. 0. 0. 1. 1. 1. 0. 1. 0. 0. 1. 1. 1. 0. 0. 0. 1.
  1. 1. 0. 1. 0. 0. 0. 0. 0. 0. 1. 0. 1. 1. 1. 1. 0. 1. 0. 0. 1. 1. 0. 1.
  1. 1.]
 [0. 0. 1. 0. 0. 0. 1. 0. 1. 0. 1. 0. 1. 1. 0. 1. 1. 0. 1. 1. 0. 0. 1. 0.
  0. 0. 1. 1. 0. 0. 0. 0. 1. 0. 1. 0. 1. 1. 0. 0. 1. 1. 1. 1. 0. 0. 1. 1.
  0. 0.]
 [0. 1. 0. 1. 0. 0. 0. 1. 0. 0. 1. 1. 1. 1. 0. 1. 1. 1. 0. 0. 0. 0. 0. 0.
  1. 1. 0. 1. 1. 1. 1. 1. 0. 0. 1. 0. 0. 0. 1. 1. 0. 1. 1. 0. 0. 1. 0. 1.
  1. 0.]
 [0. 1. 0. 1. 1. 0. 1. 1. 1. 0. 0. 1. 0. 0. 0. 0. 1. 1. 0. 0. 1. 0. 1. 1.
  0. 0. 1. 1. 1. 0. 1. 1. 1. 0. 1. 1. 0. 0. 1. 0. 1. 1. 1. 0. 0. 0. 0. 1.
  1. 1.]
 [1. 1. 1. 0. 0. 0. 0. 1. 1. 0. 0. 1. 0. 1. 0. 1. 0. 0. 0. 1. 0. 0. 0. 0.
  0. 0. 0. 0. 0. 0. 0. 0. 0. 0. 0. 0. 0. 0. 0. 0. 0. 0. 0. 0. 0. 0. 0. 0.
  0. 0.]
 [1. 0. 1. 0. 0. 0. 0. 1. 1. 0. 0. 1. 1. 1. 1. 0. 0. 0. 0. 0. 0. 0. 0. 0.
  0. 0. 0. 0. 0. 0. 0. 0. 0. 0. 0. 0. 0. 0. 0. 0. 0. 0. 0. 0. 0. 0. 0. 0.
  0. 0.]
 [0. 1. 0. 1. 1. 0. 1. 1. 0. 0. 1. 1. 1. 0. 1. 0. 0. 1. 0. 1. 0. 0. 0. 0.
  0. 0. 0. 0. 0. 0. 0. 0. 0. 0. 0. 0. 0. 0. 0. 0. 0. 0. 0. 0. 0. 0. 0. 0.
  0. 0.]
 [1. 1. 0. 0. 0. 0. 1. 0. 0. 1. 1. 0. 0. 1. 1. 1. 1. 0. 0. 1. 0. 0. 0. 0.
  0. 0. 0. 0. 0. 0. 0. 0. 0. 0. 0. 0. 0. 0. 0. 0. 0. 0. 0. 0. 0. 0. 0. 0.
  0. 0.]
 [1. 0. 0. 1. 1. 0. 1. 1. 1. 0. 0. 1. 1. 0. 0. 0. 1. 0. 1. 0. 0. 0. 0. 0.
  0. 0. 0. 0. 0. 0. 0. 0. 0. 0. 0. 0. 0. 0. 0. 0. 0. 0. 0. 0. 0. 0. 0. 0.
  0. 0.]
 [0. 1. 0. 0. 1. 0. 0. 0. 0. 1. 1. 1. 1. 1. 1. 1. 1. 0. 1. 0. 0. 0. 0. 0.
  0. 0. 0. 0. 0. 0. 0. 0. 0. 0. 0. 0. 0. 0. 0. 0. 0. 0. 0. 0. 0. 0. 0. 0.
  0. 0.]
 [0. 1. 1. 0. 0. 0. 0. 1. 0. 0. 1. 0. 1. 1. 0. 1. 0. 1. 0. 1. 0. 0. 0. 0.
  0. 0. 0. 0. 0. 0. 0. 0. 0. 0. 0. 0. 0. 0. 0. 0. 0. 0. 0. 0. 0. 0. 0. 0.
  0. 0.]
 [1. 1. 1. 0. 1. 1. 1. 1. 1. 0. 0. 0. 0. 0. 1. 1. 1. 1. 1. 1. 0. 0. 0. 0.
  0. 0. 0. 0. 0. 0. 0. 0. 0. 0. 0. 0. 0. 0. 0. 0. 0. 0. 0. 0. 0. 0. 0. 0.
  0. 0.]
 [0. 0. 0. 0. 1. 1. 0. 1. 0. 1. 0. 0. 1. 1. 1. 1. 0. 0. 1. 1. 0. 0. 0. 0.
  0. 0. 0. 0. 0. 0. 0. 0. 0. 0. 0. 0. 0. 0. 0. 0. 0. 0. 0. 0. 0. 0. 0. 0.
  0. 0.]
 [1. 0. 1. 0. 0. 1. 1. 0. 1. 1. 1. 0. 1. 0. 0. 0. 0. 0. 1. 0. 0. 0. 0. 0.
  0. 0. 0. 0. 0. 0. 0. 0. 0. 0. 0. 0. 0. 0. 0. 0. 0. 0. 0. 0. 0. 0. 0. 0.
  0. 0.]
 [0. 1. 0. 1. 1. 1. 1. 0. 1. 0. 0. 0. 0. 0. 0. 0. 0. 0. 1. 1. 0. 0. 0. 0.
  0. 0. 0. 0. 0. 0. 0. 0. 0. 0. 0. 0. 0. 0. 0. 0. 0. 0. 0. 0. 0. 0. 0. 0.
  0. 0.]
 [0. 0. 1. 0. 1. 1. 1. 0. 1. 0. 0. 0. 1. 1. 1. 0. 0. 0. 1. 1. 0. 0. 0. 0.
  0. 0. 0. 0. 0. 0. 0. 0. 0. 0. 0. 0. 0. 0. 0. 0. 0. 0. 0. 0. 0. 0. 0. 0.
  0. 0.]
 [1. 0. 1. 1. 0. 1. 0. 1. 1. 1. 0. 1. 1. 0. 0. 0. 0. 1. 0. 1. 0. 0. 0. 0.
  0. 0. 0. 0. 0. 0. 0. 0. 0. 0. 0. 0. 0. 0. 0. 0. 0. 0. 0. 0. 0. 0. 0. 0.
  0. 0.]
 [1. 1. 0. 0. 0. 0. 1. 0. 0. 1. 1. 1. 1. 1. 0. 0. 0. 0. 0. 0. 0. 0. 0. 0.
  0. 0. 0. 0. 0. 0. 0. 0. 0. 0. 0. 0. 0. 0. 0. 0. 0. 0. 0. 0. 0. 0. 0. 0.
  0. 0.]
 [1. 1. 1. 0. 0. 0. 1. 1. 0. 1. 1. 0. 0. 1. 1. 0. 1. 1. 1. 1. 0. 0. 0. 0.
  0. 0. 0. 0. 0. 0. 0. 0. 0. 0. 0. 0. 0. 0. 0. 0. 0. 0. 0. 0. 0. 0. 0. 0.
  0. 0.]
 [0. 0. 1. 1. 1. 1. 0. 0. 0. 1. 0. 1. 1. 1. 1. 0. 0. 0. 0. 1. 0. 0. 0. 0.
  0. 0. 0. 0. 0. 0. 0. 0. 0. 0. 0. 0. 0. 0. 0. 0. 0. 0. 0. 0. 0. 0. 0. 0.
  0. 0.]
 [0. 0. 0. 0. 0. 0. 1. 0. 0. 1. 0. 1. 1. 0. 1. 0. 1. 1. 0. 0. 0. 0. 0. 0.
  0. 0. 0. 0. 0. 0. 0. 0. 0. 0. 0. 0. 0. 0. 0. 0. 0. 0. 0. 0. 0. 0. 0. 0.
  0. 0.]
 [1. 0. 0. 0. 1. 1. 1. 1. 1. 1. 1. 1. 1. 1. 0. 0. 1. 1. 0. 0. 0. 0. 0. 0.
  0. 0. 0. 0. 0. 0. 0. 0. 0. 0. 0. 0. 0. 0. 0. 0. 0. 0. 0. 0. 0. 0. 0. 0.
  0. 0.]
 [0. 0. 0. 0. 0. 1. 0. 1. 0. 1. 0. 0. 0. 0. 0. 1. 1. 0. 1. 1. 0. 0. 0. 0.
  0. 0. 0. 0. 0. 0. 0. 0. 0. 0. 0. 0. 0. 0. 0. 0. 0. 0. 0. 0. 0. 0. 0. 0.
  0. 0.]
 [0. 1. 0. 1. 0. 1. 1. 0. 0. 0. 1. 0. 1. 0. 0. 0. 1. 0. 1. 0. 0. 0. 0. 0.
  0. 0. 0. 0. 0. 0. 0. 0. 0. 0. 0. 0. 0. 0. 0. 0. 0. 0. 0. 0. 0. 0. 0. 0.
  0. 0.]
 [0. 0. 0. 0. 1. 1. 0. 1. 0. 0. 0. 0. 0. 0. 0. 0. 0. 1. 0. 1. 0. 0. 0. 0.
  0. 0. 0. 0. 0. 0. 0. 0. 0. 0. 0. 0. 0. 0. 0. 0. 0. 0. 0. 0. 0. 0. 0. 0.
  0. 0.]
 [0. 1. 1. 1. 1. 0. 0. 1. 0. 1. 0. 0. 1. 1. 1. 1. 1. 1. 1. 1. 0. 0. 0. 0.
  0. 0. 0. 0. 0. 0. 0. 0. 0. 0. 0. 0. 0. 0. 0. 0. 0. 0. 0. 0. 0. 0. 0. 0.
  0. 0.]
 [1. 0. 1. 1. 1. 0. 0. 0. 0. 1. 0. 0. 1. 1. 0. 1. 0. 1. 1. 1. 0. 0. 0. 0.
  0. 0. 0. 0. 0. 0. 0. 0. 0. 0. 0. 0. 0. 0. 0. 0. 0. 0. 0. 0. 0. 0. 0. 0.
  0. 0.]
 [0. 1. 1. 1. 1. 1. 1. 0. 1. 0. 0. 0. 1. 0. 1. 1. 0. 1. 0. 0. 0. 0. 0. 0.
  0. 0. 0. 0. 0. 0. 0. 0. 0. 0. 0. 0. 0. 0. 0. 0. 0. 0. 0. 0. 0. 0. 0. 0.
  0. 0.]
 [0. 1. 1. 0. 1. 0. 1. 0. 1. 1. 1. 1. 1. 0. 0. 0. 1. 0. 0. 0. 0. 0. 0. 0.
  0. 0. 0. 0. 0. 0. 0. 0. 0. 0. 0. 0. 0. 0. 0. 0. 0. 0. 0. 0. 0. 0. 0. 0.
  0. 0.]
 [0. 0. 0. 1. 1. 1. 1. 1. 1. 1. 0. 1. 1. 1. 0. 1. 1. 0. 1. 0. 0. 0. 0. 0.
  0. 0. 0. 0. 0. 0. 0. 0. 0. 0. 0. 0. 0. 0. 0. 0. 0. 0. 0. 0. 0. 0. 0. 0.
  0. 0.]
 [1. 0. 0. 0. 0. 0. 1. 1. 1. 0. 0. 1. 1. 0. 0. 1. 0. 1. 0. 0. 0. 0. 0. 0.
  0. 0. 0. 0. 0. 0. 0. 0. 0. 0. 0. 0. 0. 0. 0. 0. 0. 0. 0. 0. 0. 0. 0. 0.
  0. 0.]
 [1. 1. 1. 1. 1. 1. 1. 1. 1. 1. 1. 0. 1. 0. 1. 0. 1. 1. 1. 1. 0. 0. 0. 0.
  0. 0. 0. 0. 0. 0. 0. 0. 0. 0. 0. 0. 0. 0. 0. 0. 0. 0. 0. 0. 0. 0. 0. 0.
  0. 0.]
 [0. 1. 1. 0. 1. 1. 0. 1. 1. 1. 1. 0. 1. 1. 1. 1. 1. 0. 1. 1. 0. 0. 0. 0.
  0. 0. 0. 0. 0. 0. 0. 0. 0. 0. 0. 0. 0. 0. 0. 0. 0. 0. 0. 0. 0. 0. 0. 0.
  0. 0.]
 [0. 0. 0. 0. 1. 0. 0. 0. 0. 0. 0. 1. 0. 0. 0. 0. 1. 0. 0. 1. 0. 0. 0. 0.
  0. 0. 0. 0. 0. 0. 0. 0. 0. 0. 0. 0. 0. 0. 0. 0. 0. 0. 0. 0. 0. 0. 0. 0.
  0. 0.]]
start_times_array: [[2.38440000e+04 2.39910000e+04 2.40310000e+04 2.41800000e+04
  2.42510000e+04 2.43030000e+04 2.43730000e+04 2.44140000e+04
  2.44900000e+04 2.45420000e+04 2.45660000e+04 2.45710000e+04
  2.46140000e+04 2.46820000e+04 2.46920000e+04 2.47410000e+04
  2.47500000e+04 2.48310000e+04 2.48610000e+04 2.49540000e+04]
 [2.29350000e+04 2.30200000e+04 2.30380000e+04 2.30920000e+04
  2.32040000e+04 2.32450000e+04 2.33160000e+04 2.33840000e+04
  2.34660000e+04 2.35200000e+04 2.35690000e+04 2.35900000e+04
  2.35910000e+04 2.37160000e+04 2.37170000e+04 2.37860000e+04
  2.38920000e+04 2.39320000e+04 2.40850000e+04 2.41510000e+04]
 [2.16300000e+04 2.20100000e+04 2.20440000e+04 2.21210000e+04
  2.21630000e+04 2.22580000e+04 2.22600000e+04 2.24140000e+04
  2.24870000e+04 2.25060000e+04 2.25310000e+04 2.25760000e+04
  2.26640000e+04 2.26830000e+04 2.27230000e+04 2.27650000e+04
  2.27820000e+04 2.28630000e+04 2.31340000e+04 2.36490000e+04]
 [2.18370000e+04 2.18880000e+04 2.19290000e+04 2.20030000e+04
  2.21000000e+04 2.21260000e+04 2.21300000e+04 2.21550000e+04
  2.21670000e+04 2.21840000e+04 2.22600000e+04 2.23310000e+04
  2.24100000e+04 2.24590000e+04 2.24980000e+04 2.24990000e+04
  2.25260000e+04 2.25700000e+04 2.26450000e+04 2.26460000e+04]
 [2.09200000e+04 2.09420000e+04 2.10410000e+04 2.10480000e+04
  2.11020000e+04 2.12690000e+04 2.12930000e+04 2.13510000e+04
  2.14320000e+04 2.14550000e+04 2.15270000e+04 2.15770000e+04
  2.16720000e+04 2.17030000e+04 2.17700000e+04 2.18370000e+04
  2.18590000e+04 2.18710000e+04 2.18990000e+04 2.22600000e+04]
 [1.92070000e+04 1.92590000e+04 2.00580000e+04 2.01890000e+04
  2.02270000e+04 2.11220000e+04 2.11330000e+04 2.11950000e+04
  2.12150000e+04 2.12690000e+04 2.12840000e+04 2.13670000e+04
  2.15270000e+04 2.15820000e+04 2.16630000e+04 2.17010000e+04
  2.17380000e+04 2.17800000e+04 2.18610000e+04 2.19500000e+04]
 [1.97620000e+04 1.98440000e+04 1.99570000e+04 2.00850000e+04
  2.00860000e+04 2.01750000e+04 2.01860000e+04 2.03330000e+04
  2.04000000e+04 2.04680000e+04 2.04700000e+04 2.04740000e+04
  2.07980000e+04 2.08180000e+04 2.10400000e+04 2.10860000e+04
  2.11220000e+04 2.11550000e+04 2.12110000e+04 2.12240000e+04]
 [1.95950000e+04 1.98360000e+04 1.99360000e+04 1.99990000e+04
  2.01200000e+04 2.01890000e+04 2.02280000e+04 2.02720000e+04
  2.03330000e+04 2.04610000e+04 2.05330000e+04 2.06070000e+04
  2.06660000e+04 2.06820000e+04 2.07080000e+04 2.07980000e+04
  2.08640000e+04 2.10550000e+04 2.11740000e+04 2.13120000e+04]
 [1.83280000e+04 1.85230000e+04 1.85700000e+04 1.86580000e+04
  1.87480000e+04 1.92070000e+04 1.92950000e+04 1.93850000e+04
  1.94790000e+04 1.95130000e+04 1.95140000e+04 1.96400000e+04
  1.97040000e+04 1.97740000e+04 1.98290000e+04 1.98470000e+04
  1.98800000e+04 1.99010000e+04 2.00580000e+04 2.04000000e+04]
 [1.83280000e+04 1.85230000e+04 1.86580000e+04 1.87190000e+04
  1.87370000e+04 1.88140000e+04 1.88340000e+04 1.91950000e+04
  1.92540000e+04 1.93330000e+04 1.93450000e+04 1.94010000e+04
  1.94150000e+04 1.94360000e+04 1.94790000e+04 1.95680000e+04
  1.95990000e+04 1.96700000e+04 1.99100000e+04 2.00140000e+04]
 [1.73900000e+04 1.75000000e+04 1.75840000e+04 1.75870000e+04
  1.76600000e+04 1.76950000e+04 1.77310000e+04 1.84200000e+04
  1.85080000e+04 1.85620000e+04 1.86580000e+04 1.86800000e+04
  1.87500000e+04 1.87600000e+04 1.87640000e+04 1.88400000e+04
  1.88800000e+04 1.89650000e+04 1.90490000e+04 1.91420000e+04]
 [1.73900000e+04 1.75000000e+04 1.75720000e+04 1.76460000e+04
  1.77430000e+04 1.78060000e+04 1.78390000e+04 1.79350000e+04
  1.79390000e+04 1.80020000e+04 1.80330000e+04 1.80340000e+04
  1.81320000e+04 1.81710000e+04 1.82360000e+04 1.83080000e+04
  1.84200000e+04 1.84270000e+04 1.84900000e+04 1.85440000e+04]
 [1.62060000e+04 1.63090000e+04 1.63740000e+04 1.64080000e+04
  1.65490000e+04 1.65680000e+04 1.66170000e+04 1.67040000e+04
  1.67650000e+04 1.68440000e+04 1.69050000e+04 1.69340000e+04
  1.69560000e+04 1.70300000e+04 1.70980000e+04 1.71580000e+04
  1.71810000e+04 1.72630000e+04 1.72960000e+04 1.74580000e+04]
 [1.52310000e+04 1.52480000e+04 1.52880000e+04 1.53280000e+04
  1.53560000e+04 1.53620000e+04 1.54240000e+04 1.55070000e+04
  1.56270000e+04 1.56710000e+04 1.57620000e+04 1.58410000e+04
  1.58800000e+04 1.59480000e+04 1.60270000e+04 1.60280000e+04
  1.60480000e+04 1.61440000e+04 1.62470000e+04 1.64790000e+04]
 [1.39080000e+04 1.40190000e+04 1.42810000e+04 1.43180000e+04
  1.43250000e+04 1.44090000e+04 1.44690000e+04 1.46110000e+04
  1.46840000e+04 1.47480000e+04 1.48210000e+04 1.48240000e+04
  1.48990000e+04 1.49020000e+04 1.49500000e+04 1.50240000e+04
  1.50910000e+04 1.51300000e+04 1.51620000e+04 1.56020000e+04]
 [1.31590000e+04 1.31680000e+04 1.32550000e+04 1.32850000e+04
  1.32880000e+04 1.33190000e+04 1.34120000e+04 1.34980000e+04
  1.35470000e+04 1.35970000e+04 1.36880000e+04 1.37440000e+04
  1.38240000e+04 1.38570000e+04 1.39340000e+04 1.41880000e+04
  1.42510000e+04 1.43230000e+04 1.43690000e+04 1.46170000e+04]
 [1.29480000e+04 1.29690000e+04 1.30820000e+04 1.31590000e+04
  1.32130000e+04 1.32350000e+04 1.32990000e+04 1.33190000e+04
  1.33950000e+04 1.34720000e+04 1.35690000e+04 1.35970000e+04
  1.36510000e+04 1.37320000e+04 1.38270000e+04 1.39470000e+04
  1.41080000e+04 1.41880000e+04 1.42630000e+04 1.45300000e+04]
 [1.20130000e+04 1.20650000e+04 1.20950000e+04 1.21330000e+04
  1.22030000e+04 1.22250000e+04 1.22400000e+04 1.23060000e+04
  1.23320000e+04 1.23870000e+04 1.24720000e+04 1.24850000e+04
  1.25500000e+04 1.26370000e+04 1.26750000e+04 1.27600000e+04
  1.28490000e+04 1.29260000e+04 1.30150000e+04 1.31150000e+04]
 [1.00620000e+04 1.04450000e+04 1.09700000e+04 1.09880000e+04
  1.10820000e+04 1.11550000e+04 1.12060000e+04 1.12410000e+04
  1.12980000e+04 1.13540000e+04 1.14710000e+04 1.15400000e+04
  1.16000000e+04 1.16900000e+04 1.17580000e+04 1.17900000e+04
  1.18300000e+04 1.18410000e+04 1.19160000e+04 1.24210000e+04]
 [1.07230000e+04 1.08660000e+04 1.09030000e+04 1.09860000e+04
  1.09990000e+04 1.10750000e+04 1.11520000e+04 1.11580000e+04
  1.11640000e+04 1.12410000e+04 1.12820000e+04 1.13540000e+04
  1.14250000e+04 1.14710000e+04 1.14950000e+04 1.15410000e+04
  1.15910000e+04 1.16030000e+04 1.16420000e+04 1.19220000e+04]
 [8.70500000e+03 9.94100000e+03 1.00360000e+04 1.00440000e+04
  1.00710000e+04 1.01240000e+04 1.01990000e+04 1.02020000e+04
  1.02440000e+04 1.02490000e+04 1.02730000e+04 1.03460000e+04
  1.04340000e+04 1.04910000e+04 1.05110000e+04 1.06100000e+04
  1.06490000e+04 1.07910000e+04 1.09420000e+04 1.12170000e+04]
 [9.72000000e+03 9.80300000e+03 9.81700000e+03 9.88300000e+03
  9.97900000e+03 1.00350000e+04 1.00710000e+04 1.00910000e+04
  1.00960000e+04 1.01680000e+04 1.02440000e+04 1.03230000e+04
  1.03440000e+04 1.03860000e+04 1.04130000e+04 1.05030000e+04
  1.05110000e+04 1.05940000e+04 1.10912707e+04 1.14362707e+04]
 [8.66300000e+03 8.82300000e+03 8.87900000e+03 8.93300000e+03
  8.98300000e+03 9.03400000e+03 9.04300000e+03 9.05800000e+03
  9.09400000e+03 9.98300000e+03 1.00620000e+04 1.01130000e+04
  1.02060000e+04 1.02460000e+04 1.03050000e+04 1.03530000e+04
  1.03800000e+04 1.04450000e+04 1.04890000e+04 1.05290000e+04]
 [8.01300000e+03 8.01800000e+03 8.46700000e+03 8.51000000e+03
  8.52700000e+03 8.64900000e+03 9.41300000e+03 9.43500000e+03
  9.47100000e+03 9.47800000e+03 9.54900000e+03 9.62600000e+03
  9.69600000e+03 9.70600000e+03 9.73000000e+03 9.80800000e+03
  9.88500000e+03 9.94100000e+03 1.00190000e+04 1.00760000e+04]
 [8.17200000e+03 8.20900000e+03 8.31200000e+03 8.54500000e+03
  8.61300000e+03 8.83100000e+03 8.91700000e+03 8.98000000e+03
  9.06800000e+03 9.09600000e+03 9.15300000e+03 9.21100000e+03
  9.23400000e+03 9.23800000e+03 9.33300000e+03 9.70600000e+03
  9.84700000e+03 9.92900000e+03 9.98200000e+03 9.98700000e+03]
 [6.35100000e+03 8.15400000e+03 8.40200000e+03 8.46700000e+03
  8.54500000e+03 8.61300000e+03 8.67200000e+03 8.71000000e+03
  8.80700000e+03 8.87900000e+03 8.97300000e+03 9.03200000e+03
  9.07400000e+03 9.54900000e+03 9.56800000e+03 9.59500000e+03
  9.64900000e+03 9.71800000e+03 9.72000000e+03 9.77600000e+03]
 [5.30000000e+03 8.14300000e+03 8.26900000e+03 8.30500000e+03
  8.34000000e+03 8.42000000e+03 8.51500000e+03 8.56600000e+03
  8.62500000e+03 8.71800000e+03 8.72300000e+03 8.78400000e+03
  8.78800000e+03 8.83100000e+03 9.22400000e+03 9.31700000e+03
  9.39300000e+03 9.43500000e+03 9.53400000e+03 9.56400000e+03]
 [5.24000000e+03 6.35700000e+03 6.98200000e+03 7.07900000e+03
  7.19700000e+03 7.92600000e+03 8.11000000e+03 8.18800000e+03
  8.21200000e+03 8.23100000e+03 8.27500000e+03 8.38600000e+03
  8.40900000e+03 8.62200000e+03 8.71600000e+03 8.79600000e+03
  8.89300000e+03 8.91700000e+03 8.96100000e+03 9.01500000e+03]
 [5.70300000e+03 6.80300000e+03 7.55500000e+03 7.61500000e+03
  7.70200000e+03 7.76600000e+03 7.93000000e+03 8.02000000e+03
  8.05200000e+03 8.05600000e+03 8.08400000e+03 8.12500000e+03
  8.21200000e+03 8.28600000e+03 8.31200000e+03 8.40200000e+03
  8.53300000e+03 8.56800000e+03 8.62200000e+03 8.64900000e+03]
 [2.26100000e+03 6.70800000e+03 7.06300000e+03 7.12900000e+03
  7.45600000e+03 7.55500000e+03 7.64100000e+03 7.68200000e+03
  7.70800000e+03 7.75800000e+03 7.83200000e+03 7.85300000e+03
  7.85900000e+03 7.92600000e+03 8.01300000e+03 8.05900000e+03
  8.14300000e+03 8.15400000e+03 8.24300000e+03 8.37100000e+03]
 [5.19000000e+03 5.39800000e+03 6.20100000e+03 6.27200000e+03
  6.88300000e+03 7.42700000e+03 7.45600000e+03 7.47300000e+03
  7.50200000e+03 7.60000000e+03 7.71400000e+03 7.80100000e+03
  7.85900000e+03 7.86500000e+03 7.92500000e+03 8.00900000e+03
  8.10100000e+03 8.12400000e+03 8.14900000e+03 8.21200000e+03]
 [3.82300000e+03 5.28000000e+03 5.76100000e+03 5.83800000e+03
  6.11400000e+03 6.20100000e+03 6.25300000e+03 7.06600000e+03
  7.07400000e+03 7.12900000e+03 7.22600000e+03 7.28100000e+03
  7.34900000e+03 7.40800000e+03 7.49800000e+03 7.54800000e+03
  7.82600000e+03 7.88300000e+03 7.92600000e+03 7.99800000e+03]
 [3.13600000e+03 5.81500000e+03 6.68000000e+03 6.69100000e+03
  6.74000000e+03 6.77400000e+03 6.80400000e+03 6.88300000e+03
  6.95500000e+03 7.03200000e+03 7.07900000e+03 7.13400000e+03
  7.19700000e+03 7.25500000e+03 7.34400000e+03 7.41500000e+03
  7.50900000e+03 7.60400000e+03 7.61700000e+03 7.71400000e+03]
 [5.27500000e+03 5.30000000e+03 5.55600000e+03 5.62700000e+03
  5.69500000e+03 5.70300000e+03 5.77500000e+03 5.83200000e+03
  6.36200000e+03 6.69100000e+03 6.77400000e+03 6.86400000e+03
  6.89500000e+03 6.97600000e+03 6.98200000e+03 7.07900000e+03
  7.17700000e+03 7.25900000e+03 7.56500000e+03 7.78300000e+03]
 [3.19800000e+03 3.24000000e+03 6.00000000e+03 6.07100000e+03
  6.09000000e+03 6.17000000e+03 6.20100000e+03 6.26700000e+03
  6.35700000e+03 6.37500000e+03 6.39000000e+03 6.46600000e+03
  6.86400000e+03 7.03200000e+03 7.06600000e+03 7.13400000e+03
  7.14200000e+03 7.20700000e+03 7.27400000e+03 7.35800000e+03]
 [1.57100000e+03 3.32600000e+03 4.70300000e+03 5.34000000e+03
  5.59000000e+03 5.68500000e+03 5.78500000e+03 5.90700000e+03
  5.95900000e+03 6.00700000e+03 6.04200000e+03 6.11400000e+03
  6.27700000e+03 6.35800000e+03 6.39900000e+03 6.54400000e+03
  6.54800000e+03 6.64400000e+03 6.69700000e+03 6.71100000e+03]
 [2.10000000e+01 4.28900000e+03 4.76100000e+03 4.77300000e+03
  4.85900000e+03 4.88500000e+03 5.83700000e+03 5.90700000e+03
  6.00000000e+03 6.08100000e+03 6.11200000e+03 6.20100000e+03
  6.30000000e+03 6.39900000e+03 6.47000000e+03 6.54400000e+03
  6.55100000e+03 6.59400000e+03 6.68000000e+03 6.68100000e+03]
 [4.10900000e+03 4.81600000e+03 4.87000000e+03 4.90600000e+03
  4.94600000e+03 5.01400000e+03 5.06300000e+03 5.10800000e+03
  5.16600000e+03 5.21000000e+03 5.27500000e+03 5.34700000e+03
  5.41200000e+03 5.46500000e+03 5.51300000e+03 5.60300000e+03
  5.70100000e+03 5.76100000e+03 5.83200000e+03 5.85900000e+03]
 [4.25000000e+02 4.96000000e+02 2.20500000e+03 4.03200000e+03
  4.05900000e+03 4.85900000e+03 4.91600000e+03 4.97100000e+03
  5.05800000e+03 5.10200000e+03 5.14900000e+03 5.17800000e+03
  5.26000000e+03 5.34000000e+03 5.38300000e+03 5.45800000e+03
  5.46800000e+03 5.53800000e+03 5.57600000e+03 5.83000000e+03]
 [1.73600000e+03 1.76500000e+03 1.85600000e+03 4.20400000e+03
  4.43300000e+03 4.51900000e+03 4.55300000e+03 4.62600000e+03
  4.63800000e+03 4.65200000e+03 4.70300000e+03 4.70400000e+03
  4.74200000e+03 4.81600000e+03 4.94600000e+03 5.00600000e+03
  5.04900000e+03 5.08500000e+03 5.10800000e+03 5.39700000e+03]
 [1.67900000e+03 2.10800000e+03 4.20000000e+03 4.20400000e+03
  4.28900000e+03 4.48700000e+03 4.54200000e+03 4.57600000e+03
  4.63800000e+03 4.71600000e+03 4.72700000e+03 4.76100000e+03
  4.77800000e+03 4.78100000e+03 4.82400000e+03 4.86200000e+03
  5.00600000e+03 5.05100000e+03 5.06800000e+03 5.16600000e+03]
 [2.25800000e+03 2.28700000e+03 2.29300000e+03 2.33800000e+03
  2.35300000e+03 3.79400000e+03 3.82300000e+03 3.92000000e+03
  4.01100000e+03 4.02400000e+03 4.03200000e+03 4.08200000e+03
  4.12800000e+03 4.20000000e+03 4.28600000e+03 4.29300000e+03
  4.32300000e+03 4.35100000e+03 4.36400000e+03 4.39100000e+03]
 [1.53300000e+03 1.57100000e+03 1.58100000e+03 1.67400000e+03
  1.76500000e+03 1.83700000e+03 3.24000000e+03 3.31300000e+03
  3.40100000e+03 3.44500000e+03 3.51100000e+03 3.59000000e+03
  3.63700000e+03 3.69800000e+03 3.70400000e+03 3.76800000e+03
  3.78600000e+03 3.78800000e+03 3.79400000e+03 4.35400000e+03]
 [5.82000000e+02 1.71600000e+03 1.73600000e+03 2.77300000e+03
  2.86900000e+03 2.92000000e+03 2.96200000e+03 3.01400000e+03
  3.05100000e+03 3.13600000e+03 3.15400000e+03 3.19800000e+03
  3.25800000e+03 3.32600000e+03 3.32900000e+03 3.33500000e+03
  3.40100000e+03 3.48200000e+03 3.57800000e+03 3.60800000e+03]
 [6.30000000e+01 8.30000000e+01 1.99800000e+03 2.05100000e+03
  2.10800000e+03 2.15400000e+03 2.23800000e+03 2.23900000e+03
  2.31500000e+03 2.34100000e+03 2.35300000e+03 2.42200000e+03
  2.51000000e+03 2.53900000e+03 2.61200000e+03 2.64400000e+03
  2.69500000e+03 2.69900000e+03 2.86400000e+03 2.93900000e+03]
 [0.00000000e+00 2.70000000e+01 8.10000000e+01 5.57000000e+02
  1.47100000e+03 1.56800000e+03 1.63600000e+03 1.65000000e+03
  1.70400000e+03 1.89200000e+03 1.90600000e+03 1.91400000e+03
  1.91500000e+03 1.97500000e+03 1.98800000e+03 2.00400000e+03
  2.04500000e+03 2.12600000e+03 2.16100000e+03 2.17900000e+03]
 [0.00000000e+00 5.60000000e+01 4.96000000e+02 5.27000000e+02
  6.03000000e+02 7.88000000e+02 8.23000000e+02 1.43500000e+03
  1.49800000e+03 1.53300000e+03 1.58700000e+03 1.63900000e+03
  1.71600000e+03 1.79800000e+03 1.89200000e+03 1.97300000e+03
  1.99800000e+03 2.02200000e+03 2.07800000e+03 2.53300000e+03]
 [0.00000000e+00 3.30000000e+01 8.30000000e+01 1.14000000e+02
  2.14000000e+02 2.73000000e+02 3.24000000e+02 4.04000000e+02
  4.88000000e+02 1.28000000e+03 1.36800000e+03 1.39500000e+03
  1.41300000e+03 1.44700000e+03 1.49400000e+03 1.49800000e+03
  1.58100000e+03 1.63700000e+03 1.67900000e+03 1.70500000e+03]
 [0.00000000e+00 3.10000000e+01 1.14000000e+02 1.23000000e+02
  4.34000000e+02 6.62000000e+02 7.45000000e+02 8.06000000e+02
  8.47000000e+02 9.05000000e+02 1.00100000e+03 1.08800000e+03
  1.10600000e+03 1.16200000e+03 1.16400000e+03 1.25900000e+03
  1.28000000e+03 1.33100000e+03 1.34400000e+03 1.37500000e+03]
 [0.00000000e+00 6.20000000e+01 1.57000000e+02 1.65000000e+02
  1.68000000e+02 1.95000000e+02 2.14000000e+02 2.50000000e+02
  3.47000000e+02 4.34000000e+02 4.96000000e+02 5.82000000e+02
  6.03000000e+02 6.40000000e+02 6.51000000e+02 6.62000000e+02
  7.29000000e+02 8.13000000e+02 8.47000000e+02 8.95000000e+02]]
