optimal_status: 0
solution: 3995.9999996000383
cpu_time: 3600.318648815155
gap: 0.6509009008659616
upper_bound: 1394.999999999991
lower_bound: 3995.9999996000383
cg_matrix: [[0. 1. 1. 0. 0. 0. 0. 0. 0. 1. 0. 0. 0. 0. 0. 0. 0. 0. 0. 0.]
 [1. 0. 0. 0. 0. 0. 0. 0. 0. 0. 0. 0. 1. 0. 0. 0. 1. 0. 0. 0.]
 [1. 0. 0. 0. 0. 0. 1. 0. 1. 0. 0. 1. 1. 0. 0. 1. 0. 0. 0. 0.]
 [0. 0. 0. 0. 0. 0. 0. 0. 0. 0. 0. 0. 0. 1. 0. 0. 0. 0. 0. 0.]
 [0. 0. 0. 0. 0. 1. 0. 0. 1. 1. 0. 0. 0. 0. 0. 0. 0. 0. 0. 0.]
 [0. 0. 0. 0. 1. 0. 0. 0. 0. 1. 0. 0. 1. 0. 0. 0. 0. 0. 0. 1.]
 [0. 0. 1. 0. 0. 0. 0. 1. 0. 1. 0. 0. 1. 0. 0. 1. 0. 1. 0. 0.]
 [0. 0. 0. 0. 0. 0. 1. 0. 0. 0. 0. 1. 0. 0. 0. 0. 0. 1. 0. 0.]
 [0. 0. 1. 0. 1. 0. 0. 0. 0. 0. 0. 1. 0. 1. 1. 0. 1. 0. 0. 0.]
 [1. 0. 0. 0. 1. 1. 1. 0. 0. 0. 1. 0. 0. 0. 0. 0. 0. 0. 0. 1.]
 [0. 0. 0. 0. 0. 0. 0. 0. 0. 1. 0. 0. 0. 0. 1. 0. 0. 0. 0. 0.]
 [0. 0. 1. 0. 0. 0. 0. 1. 1. 0. 0. 0. 0. 0. 0. 0. 1. 0. 0. 0.]
 [0. 1. 1. 0. 0. 1. 1. 0. 0. 0. 0. 0. 0. 0. 0. 0. 0. 1. 1. 0.]
 [0. 0. 0. 1. 0. 0. 0. 0. 1. 0. 0. 0. 0. 0. 0. 1. 0. 0. 0. 0.]
 [0. 0. 0. 0. 0. 0. 0. 0. 1. 0. 1. 0. 0. 0. 0. 0. 0. 0. 0. 0.]
 [0. 0. 1. 0. 0. 0. 1. 0. 0. 0. 0. 0. 0. 1. 0. 0. 0. 0. 0. 1.]
 [0. 1. 0. 0. 0. 0. 0. 0. 1. 0. 0. 1. 0. 0. 0. 0. 0. 0. 1. 0.]
 [0. 0. 0. 0. 0. 0. 1. 1. 0. 0. 0. 0. 1. 0. 0. 0. 0. 0. 1. 0.]
 [0. 0. 0. 0. 0. 0. 0. 0. 0. 0. 0. 0. 1. 0. 0. 0. 1. 1. 0. 1.]
 [0. 0. 0. 0. 0. 1. 0. 0. 0. 1. 0. 0. 0. 0. 0. 1. 0. 0. 1. 0.]]
start_times_array: [[1.580e+02 2.600e+02 3.210e+02 4.320e+02 6.040e+02 9.730e+02 1.119e+03
  1.174e+03 1.430e+03 1.796e+03 2.196e+03 2.249e+03 2.631e+03 2.959e+03
  3.026e+03 3.056e+03 3.380e+03 3.392e+03 3.631e+03 3.650e+03]
 [0.000e+00 5.400e+01 1.290e+02 3.330e+02 6.600e+02 7.750e+02 1.057e+03
  1.190e+03 1.236e+03 1.395e+03 1.464e+03 1.474e+03 1.787e+03 1.888e+03
  1.963e+03 2.003e+03 2.545e+03 3.416e+03 3.647e+03 3.649e+03]
 [3.000e+00 2.520e+02 6.490e+02 7.480e+02 1.078e+03 1.254e+03 1.552e+03
  1.649e+03 1.756e+03 1.954e+03 2.105e+03 2.408e+03 2.762e+03 2.859e+03
  2.938e+03 3.258e+03 3.280e+03 3.466e+03 3.533e+03 3.707e+03]
 [4.600e+01 8.100e+01 1.750e+02 3.710e+02 4.120e+02 4.400e+02 5.870e+02
  6.000e+02 6.930e+02 8.480e+02 8.830e+02 1.139e+03 1.193e+03 1.270e+03
  1.301e+03 1.579e+03 1.606e+03 1.796e+03 2.508e+03 2.742e+03]
 [0.000e+00 2.350e+02 4.080e+02 4.600e+02 6.970e+02 9.730e+02 1.395e+03
  1.548e+03 1.705e+03 1.983e+03 2.097e+03 2.168e+03 2.370e+03 2.541e+03
  2.634e+03 2.657e+03 2.922e+03 3.380e+03 3.416e+03 3.483e+03]
 [1.490e+02 3.350e+02 6.040e+02 7.480e+02 1.076e+03 1.174e+03 1.481e+03
  1.796e+03 2.033e+03 2.066e+03 2.302e+03 2.545e+03 2.565e+03 2.577e+03
  2.582e+03 2.835e+03 3.027e+03 3.631e+03 3.677e+03 3.764e+03]
 [0.000e+00 5.200e+01 8.600e+01 3.280e+02 7.620e+02 1.137e+03 1.174e+03
  1.395e+03 1.795e+03 2.041e+03 2.068e+03 2.319e+03 2.542e+03 2.959e+03
  3.027e+03 3.380e+03 3.631e+03 3.791e+03 3.865e+03 3.958e+03]
 [1.380e+02 4.390e+02 5.360e+02 6.450e+02 8.290e+02 8.570e+02 1.211e+03
  1.301e+03 1.445e+03 1.479e+03 1.622e+03 1.651e+03 1.959e+03 2.190e+03
  2.203e+03 2.662e+03 2.762e+03 3.234e+03 3.466e+03 3.876e+03]
 [1.040e+02 7.620e+02 9.070e+02 1.139e+03 1.166e+03 1.238e+03 1.250e+03
  1.307e+03 1.311e+03 1.670e+03 1.795e+03 1.878e+03 1.935e+03 2.249e+03
  2.545e+03 2.565e+03 3.102e+03 3.234e+03 3.550e+03 3.614e+03]
 [8.800e+01 5.180e+02 8.670e+02 9.130e+02 9.710e+02 1.057e+03 1.299e+03
  1.345e+03 1.620e+03 1.899e+03 2.003e+03 2.017e+03 2.465e+03 2.746e+03
  3.149e+03 3.234e+03 3.320e+03 3.559e+03 3.603e+03 3.876e+03]
 [0.000e+00 1.000e+01 1.490e+02 3.710e+02 6.450e+02 7.370e+02 9.810e+02
  1.000e+03 1.174e+03 1.196e+03 1.395e+03 1.417e+03 1.479e+03 1.717e+03
  1.727e+03 2.835e+03 2.892e+03 2.989e+03 3.380e+03 3.390e+03]
 [3.500e+01 1.980e+02 2.600e+02 2.630e+02 3.570e+02 6.000e+02 9.380e+02
  1.021e+03 1.345e+03 2.041e+03 2.462e+03 2.581e+03 2.959e+03 2.984e+03
  2.989e+03 3.064e+03 3.198e+03 3.214e+03 3.416e+03 3.806e+03]
 [4.510e+02 4.750e+02 5.610e+02 8.290e+02 8.780e+02 1.313e+03 1.670e+03
  2.196e+03 2.222e+03 2.462e+03 2.634e+03 2.728e+03 2.735e+03 3.123e+03
  3.149e+03 3.550e+03 3.564e+03 3.603e+03 3.606e+03 3.876e+03]
 [0.000e+00 5.900e+01 8.000e+01 2.720e+02 4.750e+02 8.240e+02 8.460e+02
  9.600e+02 1.078e+03 1.500e+03 1.589e+03 1.717e+03 1.974e+03 2.035e+03
  2.107e+03 2.329e+03 2.779e+03 2.847e+03 3.258e+03 3.292e+03]
 [5.400e+01 1.830e+02 2.320e+02 2.720e+02 4.320e+02 4.370e+02 5.170e+02
  5.870e+02 8.290e+02 9.380e+02 1.322e+03 1.954e+03 2.190e+03 2.329e+03
  2.397e+03 2.581e+03 2.667e+03 2.838e+03 2.891e+03 3.707e+03]
 [8.800e+01 1.410e+02 1.920e+02 4.240e+02 5.580e+02 8.670e+02 1.038e+03
  1.307e+03 1.459e+03 1.668e+03 1.879e+03 2.237e+03 2.261e+03 2.462e+03
  2.470e+03 2.681e+03 3.047e+03 3.062e+03 3.148e+03 3.559e+03]
 [4.510e+02 5.230e+02 6.260e+02 7.070e+02 8.240e+02 1.566e+03 1.651e+03
  1.705e+03 1.710e+03 2.113e+03 2.188e+03 2.329e+03 2.681e+03 2.847e+03
  2.891e+03 3.330e+03 3.466e+03 3.783e+03 3.858e+03 3.939e+03]
 [3.000e+00 3.600e+01 1.980e+02 2.580e+02 5.780e+02 7.180e+02 9.520e+02
  1.038e+03 1.062e+03 1.204e+03 1.547e+03 1.569e+03 1.601e+03 1.887e+03
  1.890e+03 2.113e+03 2.408e+03 2.847e+03 3.333e+03 3.714e+03]
 [8.000e+01 3.280e+02 3.830e+02 6.600e+02 7.550e+02 1.459e+03 1.796e+03
  1.963e+03 2.042e+03 2.097e+03 2.561e+03 2.762e+03 2.846e+03 2.973e+03
  3.039e+03 3.246e+03 3.329e+03 3.618e+03 3.729e+03 3.806e+03]
 [0.000e+00 2.350e+02 4.510e+02 4.600e+02 6.970e+02 7.290e+02 7.750e+02
  9.730e+02 1.211e+03 1.395e+03 1.548e+03 1.552e+03 1.717e+03 2.113e+03
  2.134e+03 2.370e+03 2.615e+03 2.922e+03 3.380e+03 3.463e+03]]
