optimal_status: 0
solution: 2642.999999735597
cpu_time: 3600.1884710788727
gap: 0.5687813416830596
upper_bound: 1139.7109138176581
lower_bound: 2642.999999735597
cg_matrix: [[0. 0. 0. 0. 0. 0. 0. 0. 0. 1. 0. 1. 0. 0. 1. 0. 1. 0. 0. 0.]
 [0. 0. 0. 0. 0. 0. 1. 1. 1. 0. 0. 0. 0. 0. 0. 1. 0. 0. 1. 0.]
 [0. 0. 0. 0. 0. 1. 0. 0. 0. 0. 0. 0. 0. 0. 1. 0. 0. 0. 0. 0.]
 [0. 0. 0. 0. 0. 0. 0. 1. 0. 1. 0. 0. 0. 0. 0. 1. 0. 1. 0. 1.]
 [0. 0. 0. 0. 0. 0. 1. 0. 0. 0. 0. 0. 0. 1. 0. 0. 0. 0. 0. 0.]
 [0. 0. 1. 0. 0. 0. 1. 0. 0. 0. 0. 1. 0. 0. 0. 0. 0. 0. 0. 0.]
 [0. 1. 0. 0. 1. 1. 0. 0. 0. 0. 0. 0. 0. 0. 0. 0. 1. 0. 0. 0.]
 [0. 1. 0. 1. 0. 0. 0. 0. 0. 0. 0. 0. 0. 0. 0. 0. 0. 0. 0. 0.]
 [0. 1. 0. 0. 0. 0. 0. 0. 0. 0. 0. 0. 0. 1. 0. 0. 1. 0. 1. 0.]
 [1. 0. 0. 1. 0. 0. 0. 0. 0. 0. 1. 0. 0. 0. 0. 0. 0. 0. 1. 0.]
 [0. 0. 0. 0. 0. 0. 0. 0. 0. 1. 0. 0. 0. 0. 0. 0. 0. 0. 0. 1.]
 [1. 0. 0. 0. 0. 1. 0. 0. 0. 0. 0. 0. 0. 0. 0. 0. 1. 1. 0. 0.]
 [0. 0. 0. 0. 0. 0. 0. 0. 0. 0. 0. 0. 0. 0. 0. 0. 0. 0. 0. 0.]
 [0. 0. 0. 0. 1. 0. 0. 0. 1. 0. 0. 0. 0. 0. 0. 0. 0. 1. 0. 0.]
 [1. 0. 1. 0. 0. 0. 0. 0. 0. 0. 0. 0. 0. 0. 0. 1. 0. 1. 0. 0.]
 [0. 1. 0. 1. 0. 0. 0. 0. 0. 0. 0. 0. 0. 0. 1. 0. 0. 0. 0. 0.]
 [1. 0. 0. 0. 0. 0. 1. 0. 1. 0. 0. 1. 0. 0. 0. 0. 0. 0. 0. 0.]
 [0. 0. 0. 1. 0. 0. 0. 0. 0. 0. 0. 1. 0. 1. 1. 0. 0. 0. 0. 0.]
 [0. 1. 0. 0. 0. 0. 0. 0. 1. 1. 0. 0. 0. 0. 0. 0. 0. 0. 0. 0.]
 [0. 0. 0. 1. 0. 0. 0. 0. 0. 0. 1. 0. 0. 0. 0. 0. 0. 0. 0. 0.]]
start_times_array: [[ 290.          521.          527.         1017.         1072.
  1295.         1887.         1953.         1967.         2065.
  2122.         2303.         2321.         2439.         2485.        ]
 [   0.          231.          451.          470.          602.
   857.          938.         1448.         1510.         1705.
  1720.         2024.         2171.         2251.         2545.99999974]
 [   0.           44.          171.          558.          738.
  1097.         1167.         1249.         1345.         1727.
  1846.         1907.         1997.         2191.         2323.        ]
 [ 218.          631.          858.          930.          979.
  1546.         1909.         1993.         2064.         2154.
  2181.         2259.         2357.         2513.         2576.99999974]
 [   0.          232.          471.          602.          626.
   723.          799.          805.          832.          951.
  1022.         1094.         1456.         1726.         1759.        ]
 [ 361.          471.          656.          719.         1013.
  1260.         1457.         1676.         2071.         2230.
  2321.         2478.         2491.         2492.         2587.99999974]
 [ 117.          136.          290.          567.          589.
  1145.         1520.         1588.         1801.         1881.
  1936.         1947.         1980.         2103.         2439.        ]
 [  30.           68.          166.          215.          482.
   515.          558.          715.         1006.         1078.
  1231.         1345.         1446.         1832.         1908.        ]
 [ 112.          166.          284.          471.          527.
   700.         1169.         1209.         1228.         1267.
  1641.         1793.         2148.         2335.         2506.99999974]
 [ 105.          455.          577.          715.          947.
   970.         1175.         1249.         1448.         1632.
  1730.         1804.         1816.         2194.         2383.        ]
 [  42.          219.          631.          789.          863.
  1006.         1099.         1295.         1311.         1565.
  1887.         1939.         1959.         2083.         2259.        ]
 [ 105.          231.          561.          868.          967.
  1153.         1169.         1530.         1597.         1793.
  1980.         2177.         2204.         2383.         2641.99999974]
 [ 151.          215.          216.          245.          365.
   397.          438.          470.          496.          590.
   684.          817.          859.          919.         1099.        ]
 [  96.          105.          372.          858.          967.
  1381.         1511.         1546.         1567.         1947.
  2029.         2030.         2095.         2214.         2302.        ]
 [ 105.          177.          365.          618.          700.
   867.         1001.         1397.         1510.         1603.
  1641.         1795.         2177.         2205.         2577.        ]
 [  30.           63.           98.          294.          474.
   548.          738.          740.          785.          817.
  1132.         1212.         1328.         1846.         1890.        ]
 [   0.           61.          405.          748.          833.
   947.         1086.         1328.         1403.         1440.
  1685.         1724.         1974.         2230.         2577.        ]
 [   0.           99.          313.          521.          744.
   779.          951.         1022.         1094.         1285.
  1456.         1666.         1724.         1878.         2439.        ]
 [  54.          372.          748.          832.         1001.
  1071.         1161.         1307.         1367.         1533.
  1621.         1892.         1963.         2099.         2409.        ]
 [  99.          151.          159.          294.          372.
   460.          579.         1175.         1323.         1442.
  1666.         1716.         1759.         2194.         2381.        ]]
