optimal_status: 0
solution: 13582.0
cpu_time: 3600.4187030792236
gap: 0.918200559564129
upper_bound: 1111.000000000001
lower_bound: 13582.0
cg_matrix: [[0. 1. 1. 1. 1. 1. 1. 1. 1. 1. 1. 1. 1. 1. 1. 1. 0. 1. 1. 1. 1. 1. 1. 1.
  0. 1. 1. 1. 1. 1.]
 [1. 0. 1. 1. 1. 1. 1. 1. 1. 1. 1. 1. 0. 0. 1. 1. 1. 0. 1. 1. 1. 1. 1. 1.
  0. 0. 1. 1. 1. 1.]
 [1. 1. 0. 0. 0. 0. 1. 1. 1. 1. 1. 1. 0. 0. 1. 1. 1. 1. 1. 0. 0. 1. 1. 1.
  1. 1. 1. 1. 1. 0.]
 [1. 1. 0. 0. 0. 1. 0. 1. 0. 1. 0. 1. 1. 1. 1. 0. 1. 1. 1. 1. 1. 1. 1. 1.
  0. 1. 1. 1. 1. 1.]
 [1. 1. 0. 0. 0. 1. 1. 0. 0. 1. 1. 1. 1. 1. 1. 1. 1. 1. 1. 1. 1. 1. 1. 0.
  1. 1. 1. 1. 1. 1.]
 [1. 1. 0. 1. 1. 0. 1. 1. 1. 1. 1. 1. 0. 1. 1. 1. 1. 0. 1. 1. 0. 0. 1. 0.
  1. 1. 1. 1. 1. 1.]
 [1. 1. 1. 0. 1. 1. 0. 1. 1. 1. 1. 1. 0. 1. 1. 1. 1. 1. 0. 1. 1. 0. 1. 1.
  1. 1. 1. 1. 1. 1.]
 [1. 1. 1. 1. 0. 1. 1. 0. 1. 1. 1. 1. 1. 1. 1. 1. 1. 0. 0. 0. 1. 1. 1. 1.
  1. 0. 1. 1. 1. 1.]
 [1. 1. 1. 0. 0. 1. 1. 1. 0. 1. 1. 1. 0. 0. 1. 1. 1. 0. 1. 0. 1. 0. 1. 1.
  0. 0. 1. 1. 1. 1.]
 [1. 1. 1. 1. 1. 1. 1. 1. 1. 0. 1. 1. 1. 0. 1. 1. 1. 1. 1. 1. 1. 1. 1. 1.
  1. 1. 1. 0. 1. 1.]
 [1. 1. 1. 0. 1. 1. 1. 1. 1. 1. 0. 1. 1. 1. 0. 0. 1. 1. 1. 0. 1. 1. 0. 0.
  0. 1. 1. 1. 1. 1.]
 [1. 1. 1. 1. 1. 1. 1. 1. 1. 1. 1. 0. 1. 1. 1. 0. 1. 1. 1. 1. 1. 1. 1. 0.
  1. 1. 1. 1. 0. 1.]
 [1. 0. 0. 1. 1. 0. 0. 1. 0. 1. 1. 1. 0. 1. 0. 1. 1. 1. 1. 1. 1. 1. 1. 1.
  1. 1. 1. 1. 1. 1.]
 [1. 0. 0. 1. 1. 1. 1. 1. 0. 0. 1. 1. 1. 0. 0. 1. 1. 1. 1. 0. 0. 1. 1. 0.
  1. 1. 1. 1. 1. 1.]
 [1. 1. 1. 1. 1. 1. 1. 1. 1. 1. 0. 1. 0. 0. 0. 1. 1. 0. 1. 1. 1. 0. 0. 1.
  1. 1. 1. 1. 1. 1.]
 [1. 1. 1. 0. 1. 1. 1. 1. 1. 1. 0. 0. 1. 1. 1. 0. 0. 0. 0. 0. 0. 0. 0. 0.
  0. 0. 0. 0. 0. 0.]
 [0. 1. 1. 1. 1. 1. 1. 1. 1. 1. 1. 1. 1. 1. 1. 0. 0. 0. 0. 0. 0. 0. 0. 0.
  0. 0. 0. 0. 0. 0.]
 [1. 0. 1. 1. 1. 0. 1. 0. 0. 1. 1. 1. 1. 1. 0. 0. 0. 0. 0. 0. 0. 0. 0. 0.
  0. 0. 0. 0. 0. 0.]
 [1. 1. 1. 1. 1. 1. 0. 0. 1. 1. 1. 1. 1. 1. 1. 0. 0. 0. 0. 0. 0. 0. 0. 0.
  0. 0. 0. 0. 0. 0.]
 [1. 1. 0. 1. 1. 1. 1. 0. 0. 1. 0. 1. 1. 0. 1. 0. 0. 0. 0. 0. 0. 0. 0. 0.
  0. 0. 0. 0. 0. 0.]
 [1. 1. 0. 1. 1. 0. 1. 1. 1. 1. 1. 1. 1. 0. 1. 0. 0. 0. 0. 0. 0. 0. 0. 0.
  0. 0. 0. 0. 0. 0.]
 [1. 1. 1. 1. 1. 0. 0. 1. 0. 1. 1. 1. 1. 1. 0. 0. 0. 0. 0. 0. 0. 0. 0. 0.
  0. 0. 0. 0. 0. 0.]
 [1. 1. 1. 1. 1. 1. 1. 1. 1. 1. 0. 1. 1. 1. 0. 0. 0. 0. 0. 0. 0. 0. 0. 0.
  0. 0. 0. 0. 0. 0.]
 [1. 1. 1. 1. 0. 0. 1. 1. 1. 1. 0. 0. 1. 0. 1. 0. 0. 0. 0. 0. 0. 0. 0. 0.
  0. 0. 0. 0. 0. 0.]
 [0. 0. 1. 0. 1. 1. 1. 1. 0. 1. 0. 1. 1. 1. 1. 0. 0. 0. 0. 0. 0. 0. 0. 0.
  0. 0. 0. 0. 0. 0.]
 [1. 0. 1. 1. 1. 1. 1. 0. 0. 1. 1. 1. 1. 1. 1. 0. 0. 0. 0. 0. 0. 0. 0. 0.
  0. 0. 0. 0. 0. 0.]
 [1. 1. 1. 1. 1. 1. 1. 1. 1. 1. 1. 1. 1. 1. 1. 0. 0. 0. 0. 0. 0. 0. 0. 0.
  0. 0. 0. 0. 0. 0.]
 [1. 1. 1. 1. 1. 1. 1. 1. 1. 0. 1. 1. 1. 1. 1. 0. 0. 0. 0. 0. 0. 0. 0. 0.
  0. 0. 0. 0. 0. 0.]
 [1. 1. 1. 1. 1. 1. 1. 1. 1. 1. 1. 0. 1. 1. 1. 0. 0. 0. 0. 0. 0. 0. 0. 0.
  0. 0. 0. 0. 0. 0.]
 [1. 1. 0. 1. 1. 1. 1. 1. 1. 1. 1. 1. 1. 1. 1. 0. 0. 0. 0. 0. 0. 0. 0. 0.
  0. 0. 0. 0. 0. 0.]]
start_times_array: [[1.2506e+04 1.2582e+04 1.2627e+04 1.2722e+04 1.2769e+04 1.2856e+04
  1.2911e+04 1.3061e+04 1.3088e+04 1.3177e+04 1.3249e+04 1.3342e+04
  1.3357e+04 1.3455e+04 1.3550e+04]
 [1.1945e+04 1.1952e+04 1.1994e+04 1.2078e+04 1.2182e+04 1.2226e+04
  1.2292e+04 1.2342e+04 1.2414e+04 1.2438e+04 1.2542e+04 1.2547e+04
  1.2614e+04 1.2667e+04 1.2988e+04]
 [1.0343e+04 1.0402e+04 1.1222e+04 1.1307e+04 1.1479e+04 1.1577e+04
  1.1659e+04 1.1720e+04 1.1818e+04 1.1821e+04 1.1882e+04 1.1894e+04
  1.1938e+04 1.2154e+04 1.2339e+04]
 [1.0869e+04 1.0885e+04 1.0888e+04 1.1072e+04 1.1099e+04 1.1196e+04
  1.1289e+04 1.1308e+04 1.1317e+04 1.1387e+04 1.1456e+04 1.1548e+04
  1.1575e+04 1.1651e+04 1.1652e+04]
 [1.0869e+04 1.0940e+04 1.1072e+04 1.1108e+04 1.1171e+04 1.1187e+04
  1.1222e+04 1.1249e+04 1.1285e+04 1.1364e+04 1.1456e+04 1.1479e+04
  1.1539e+04 1.1588e+04 1.1640e+04]
 [9.7300e+03 1.0138e+04 1.0226e+04 1.0294e+04 1.0343e+04 1.0406e+04
  1.0431e+04 1.0459e+04 1.0526e+04 1.0588e+04 1.0641e+04 1.0692e+04
  1.0757e+04 1.0854e+04 1.0993e+04]
 [8.7060e+03 9.3250e+03 9.3900e+03 9.4160e+03 9.4880e+03 9.5480e+03
  9.5630e+03 9.6330e+03 9.6590e+03 9.7780e+03 9.8260e+03 9.9050e+03
  9.9590e+03 1.0057e+04 1.0300e+04]
 [8.3070e+03 8.4320e+03 8.4620e+03 8.6480e+03 8.7550e+03 8.8420e+03
  8.8600e+03 8.8650e+03 8.9390e+03 8.9820e+03 9.0100e+03 9.0920e+03
  9.1260e+03 9.1540e+03 9.2520e+03]
 [7.4560e+03 7.6050e+03 7.6980e+03 7.8500e+03 7.9120e+03 7.9300e+03
  8.0000e+03 8.0670e+03 8.1330e+03 8.1470e+03 8.2090e+03 8.2560e+03
  8.3420e+03 8.4600e+03 8.5500e+03]
 [6.6030e+03 6.6310e+03 6.7250e+03 6.8070e+03 6.8730e+03 6.9970e+03
  7.0680e+03 7.1030e+03 7.1600e+03 7.2290e+03 7.3040e+03 7.3880e+03
  7.4350e+03 7.5390e+03 7.7840e+03]
 [5.5870e+03 5.7890e+03 5.8510e+03 5.9710e+03 6.1130e+03 6.1320e+03
  6.1950e+03 6.2850e+03 6.3640e+03 6.4510e+03 6.4910e+03 6.5830e+03
  6.5980e+03 6.7310e+03 6.9520e+03]
 [4.8750e+03 5.0780e+03 5.1370e+03 5.2680e+03 5.3380e+03 5.3650e+03
  5.4190e+03 5.5010e+03 5.5630e+03 5.5700e+03 5.5750e+03 5.6070e+03
  5.6970e+03 5.8880e+03 6.0420e+03]
 [3.7950e+03 4.1000e+03 4.1790e+03 4.2720e+03 4.4220e+03 4.5080e+03
  4.5950e+03 4.5980e+03 4.6470e+03 4.7310e+03 4.8290e+03 4.9460e+03
  5.0040e+03 5.2360e+03 5.2470e+03]
 [3.0870e+03 3.3930e+03 3.4420e+03 3.5350e+03 3.5460e+03 3.6410e+03
  3.6730e+03 3.6920e+03 3.7880e+03 3.8850e+03 3.9650e+03 4.0610e+03
  4.0780e+03 4.2270e+03 4.3380e+03]
 [3.0870e+03 3.2540e+03 3.3930e+03 3.4180e+03 3.4870e+03 3.5520e+03
  3.6410e+03 3.7260e+03 3.7450e+03 3.8330e+03 3.9110e+03 3.9460e+03
  4.0780e+03 4.1240e+03 4.1970e+03]
 [1.7760e+03 1.8120e+03 1.8300e+03 2.1440e+03 2.6720e+03 2.7360e+03
  2.8160e+03 2.9030e+03 2.9430e+03 2.9820e+03 3.0450e+03 3.1800e+03
  3.2720e+03 3.3060e+03 3.5920e+03]
 [2.5700e+02 1.2450e+03 1.4950e+03 1.5580e+03 1.8660e+03 2.1050e+03
  2.2900e+03 2.3480e+03 2.4060e+03 2.6580e+03 2.7390e+03 2.8160e+03
  2.8510e+03 2.9030e+03 2.9370e+03]
 [1.8120e+03 1.8760e+03 1.9700e+03 2.0520e+03 2.0530e+03 2.0640e+03
  2.0830e+03 2.5790e+03 2.6720e+03 2.7140e+03 2.7970e+03 2.8090e+03
  2.8460e+03 2.9010e+03 2.9670e+03]
 [8.0100e+02 1.7550e+03 2.1280e+03 2.1830e+03 2.1980e+03 2.2700e+03
  2.2900e+03 2.3610e+03 2.4060e+03 2.4450e+03 2.5060e+03 2.5790e+03
  2.6720e+03 2.7380e+03 2.8280e+03]
 [3.7000e+02 1.3380e+03 1.5360e+03 1.6330e+03 1.7180e+03 1.8220e+03
  1.8750e+03 2.0650e+03 2.1780e+03 2.2740e+03 2.3390e+03 2.4110e+03
  2.5060e+03 2.5770e+03 2.6580e+03]
 [1.3810e+03 1.4430e+03 1.5960e+03 1.6540e+03 1.6900e+03 1.7530e+03
  1.8220e+03 1.8320e+03 1.8830e+03 1.9240e+03 1.9510e+03 1.9700e+03
  2.0680e+03 2.0890e+03 2.1050e+03]
 [9.4100e+02 1.0010e+03 1.0180e+03 1.1580e+03 1.4430e+03 1.4950e+03
  1.5750e+03 1.5920e+03 1.7820e+03 1.8640e+03 1.9140e+03 1.9900e+03
  2.0680e+03 2.1370e+03 2.2140e+03]
 [9.5000e+01 1.9600e+02 4.0100e+02 4.3800e+02 1.1260e+03 1.1630e+03
  1.1750e+03 1.1860e+03 1.3240e+03 1.4090e+03 1.5850e+03 1.6780e+03
  1.7100e+03 1.9670e+03 2.0650e+03]
 [1.2100e+02 2.0100e+02 1.0260e+03 1.0630e+03 1.1580e+03 1.2200e+03
  1.2780e+03 1.4420e+03 1.4680e+03 1.5360e+03 1.5920e+03 1.6900e+03
  1.7820e+03 1.8070e+03 1.8760e+03]
 [2.0000e+01 9.4000e+02 9.7100e+02 1.0630e+03 1.1280e+03 1.1750e+03
  1.2890e+03 1.3810e+03 1.4290e+03 1.4680e+03 1.5210e+03 1.5700e+03
  1.5960e+03 1.6710e+03 1.7860e+03]
 [0.0000e+00 5.4000e+01 1.2100e+02 2.0500e+02 2.3600e+02 8.8400e+02
  9.4700e+02 1.0070e+03 1.0580e+03 1.0800e+03 1.1130e+03 1.1670e+03
  1.1750e+03 1.2130e+03 1.2220e+03]
 [0.0000e+00 1.1100e+02 1.5000e+02 3.4000e+02 3.7000e+02 3.9600e+02
  4.1300e+02 5.0700e+02 6.0500e+02 6.6000e+02 7.0500e+02 8.7100e+02
  1.0300e+03 1.2130e+03 1.2780e+03]
 [0.0000e+00 9.0000e+00 4.9000e+01 7.1000e+01 1.5400e+02 7.2600e+02
  7.9900e+02 8.7100e+02 9.4100e+02 1.0070e+03 1.0260e+03 1.0290e+03
  1.1260e+03 1.2240e+03 1.3090e+03]
 [0.0000e+00 5.4000e+01 7.3000e+01 1.4500e+02 1.8300e+02 2.0100e+02
  2.8500e+02 3.5600e+02 4.3600e+02 4.8200e+02 5.0700e+02 5.3600e+02
  5.9300e+02 6.8500e+02 7.2600e+02]
 [0.0000e+00 1.6000e+01 9.5000e+01 1.4800e+02 2.4600e+02 2.5400e+02
  2.7400e+02 2.7600e+02 3.4000e+02 4.0100e+02 4.7900e+02 6.6000e+02
  6.9500e+02 8.9300e+02 9.8500e+02]]
