optimal_status: 0
solution: 14261.0
cpu_time: 3600.1300230026245
gap: 0.912708786200299
upper_bound: 1244.8599999975352
lower_bound: 14261.0
cg_matrix: [[0. 1. 1. 0. 0. 0. 1. 1. 1. 0. 0. 1. 0. 0. 1. 1. 0. 0. 1. 0. 1. 1. 0. 0.
  1. 0. 1. 1. 0. 0.]
 [1. 0. 0. 1. 1. 1. 1. 0. 1. 1. 1. 0. 0. 1. 0. 0. 0. 1. 0. 1. 1. 1. 0. 0.
  1. 0. 0. 1. 1. 1.]
 [1. 0. 0. 0. 1. 0. 1. 1. 1. 0. 0. 1. 0. 1. 0. 0. 0. 1. 1. 0. 1. 1. 1. 0.
  0. 1. 1. 0. 0. 0.]
 [0. 1. 0. 0. 1. 1. 0. 1. 0. 1. 0. 0. 1. 0. 0. 0. 1. 0. 0. 0. 0. 1. 0. 0.
  1. 1. 1. 1. 1. 1.]
 [0. 1. 1. 1. 0. 1. 1. 0. 1. 1. 1. 1. 1. 1. 1. 1. 0. 1. 0. 0. 0. 0. 0. 0.
  0. 1. 0. 0. 1. 0.]
 [0. 1. 0. 1. 1. 0. 1. 1. 1. 1. 1. 0. 0. 1. 1. 1. 0. 0. 0. 1. 1. 1. 1. 0.
  0. 1. 0. 0. 1. 1.]
 [1. 1. 1. 0. 1. 1. 0. 1. 1. 0. 0. 1. 0. 0. 0. 0. 0. 0. 1. 1. 1. 1. 1. 1.
  1. 1. 0. 1. 0. 0.]
 [1. 0. 1. 1. 0. 1. 1. 0. 1. 0. 0. 0. 1. 1. 0. 0. 0. 1. 1. 1. 1. 0. 0. 0.
  1. 1. 1. 0. 0. 0.]
 [1. 1. 1. 0. 1. 1. 1. 1. 0. 1. 0. 0. 0. 0. 1. 1. 1. 1. 0. 0. 0. 0. 0. 1.
  0. 0. 0. 0. 1. 1.]
 [0. 1. 0. 1. 1. 1. 0. 0. 1. 0. 0. 0. 0. 0. 1. 0. 0. 0. 1. 0. 0. 1. 0. 1.
  1. 1. 1. 0. 1. 1.]
 [0. 1. 0. 0. 1. 1. 0. 0. 0. 0. 0. 1. 0. 0. 1. 0. 0. 0. 0. 1. 1. 1. 0. 1.
  0. 1. 0. 0. 0. 0.]
 [1. 0. 1. 0. 1. 0. 1. 0. 0. 0. 1. 0. 1. 1. 1. 0. 1. 0. 0. 0. 1. 0. 1. 0.
  0. 1. 1. 0. 1. 0.]
 [0. 0. 0. 1. 1. 0. 0. 1. 0. 0. 0. 1. 0. 0. 1. 1. 1. 1. 0. 0. 0. 1. 0. 0.
  1. 1. 0. 1. 1. 1.]
 [0. 1. 1. 0. 1. 1. 0. 1. 0. 0. 0. 1. 0. 0. 1. 0. 0. 1. 0. 1. 0. 1. 0. 1.
  0. 1. 1. 0. 1. 0.]
 [1. 0. 0. 0. 1. 1. 0. 0. 1. 1. 1. 1. 1. 1. 0. 0. 1. 1. 1. 0. 0. 1. 1. 0.
  1. 0. 0. 0. 0. 1.]
 [1. 0. 0. 0. 1. 1. 0. 0. 1. 0. 0. 0. 1. 0. 0. 0. 1. 0. 1. 0. 1. 1. 1. 0.
  1. 1. 1. 1. 0. 1.]
 [0. 0. 0. 1. 0. 0. 0. 0. 1. 0. 0. 1. 1. 0. 1. 1. 0. 1. 1. 0. 1. 1. 0. 1.
  0. 1. 0. 0. 0. 0.]
 [0. 1. 1. 0. 1. 0. 0. 1. 1. 0. 0. 0. 1. 1. 1. 0. 1. 0. 0. 0. 1. 0. 1. 0.
  0. 0. 0. 0. 1. 0.]
 [1. 0. 1. 0. 0. 0. 1. 1. 0. 1. 0. 0. 0. 0. 1. 1. 1. 0. 0. 0. 0. 0. 1. 0.
  0. 0. 0. 0. 1. 0.]
 [0. 1. 0. 0. 0. 1. 1. 1. 0. 0. 1. 0. 0. 1. 0. 0. 0. 0. 0. 0. 1. 0. 1. 0.
  1. 1. 0. 1. 1. 0.]
 [1. 1. 1. 0. 0. 1. 1. 1. 0. 0. 1. 1. 0. 0. 0. 1. 1. 1. 0. 1. 0. 0. 0. 0.
  0. 0. 0. 0. 0. 0.]
 [1. 1. 1. 1. 0. 1. 1. 0. 0. 1. 1. 0. 1. 1. 1. 1. 1. 0. 0. 0. 0. 0. 0. 0.
  0. 0. 0. 0. 0. 0.]
 [0. 0. 1. 0. 0. 1. 1. 0. 0. 0. 0. 1. 0. 0. 1. 1. 0. 1. 1. 1. 0. 0. 0. 0.
  0. 0. 0. 0. 0. 0.]
 [0. 0. 0. 0. 0. 0. 1. 0. 1. 1. 1. 0. 0. 1. 0. 0. 1. 0. 0. 0. 0. 0. 0. 0.
  0. 0. 0. 0. 0. 0.]
 [1. 1. 0. 1. 0. 0. 1. 1. 0. 1. 0. 0. 1. 0. 1. 1. 0. 0. 0. 1. 0. 0. 0. 0.
  0. 0. 0. 0. 0. 0.]
 [0. 0. 1. 1. 1. 1. 1. 1. 0. 1. 1. 1. 1. 1. 0. 1. 1. 0. 0. 1. 0. 0. 0. 0.
  0. 0. 0. 0. 0. 0.]
 [1. 0. 1. 1. 0. 0. 0. 1. 0. 1. 0. 1. 0. 1. 0. 1. 0. 0. 0. 0. 0. 0. 0. 0.
  0. 0. 0. 0. 0. 0.]
 [1. 1. 0. 1. 0. 0. 1. 0. 0. 0. 0. 0. 1. 0. 0. 1. 0. 0. 0. 1. 0. 0. 0. 0.
  0. 0. 0. 0. 0. 0.]
 [0. 1. 0. 1. 1. 1. 0. 0. 1. 1. 0. 1. 1. 1. 0. 0. 0. 1. 1. 1. 0. 0. 0. 0.
  0. 0. 0. 0. 0. 0.]
 [0. 1. 0. 1. 0. 1. 0. 0. 1. 1. 0. 0. 1. 0. 1. 1. 0. 0. 0. 0. 0. 0. 0. 0.
  0. 0. 0. 0. 0. 0.]]
start_times_array: [[2.0900e+02 2.9800e+02 6.7400e+02 2.4630e+03 9.6560e+03 1.0815e+04
  1.1136e+04 1.1195e+04 1.1716e+04 1.2967e+04 1.3024e+04 1.3207e+04
  1.3403e+04 1.3493e+04 1.3497e+04 1.3595e+04 1.3893e+04 1.3988e+04
  1.4071e+04 1.4168e+04]
 [1.8990e+03 3.0600e+03 3.2380e+03 3.2530e+03 1.1702e+04 1.2202e+04
  1.2368e+04 1.2599e+04 1.2628e+04 1.2725e+04 1.2886e+04 1.3120e+04
  1.3268e+04 1.3341e+04 1.3514e+04 1.3664e+04 1.3793e+04 1.3812e+04
  1.3860e+04 1.4003e+04]
 [6.0300e+02 8.8300e+02 9.4300e+02 1.8460e+03 1.2057e+04 1.2165e+04
  1.2202e+04 1.2368e+04 1.2492e+04 1.2517e+04 1.2725e+04 1.2726e+04
  1.2806e+04 1.2886e+04 1.3111e+04 1.3148e+04 1.3171e+04 1.3184e+04
  1.3514e+04 1.3664e+04]
 [9.5950e+03 9.9140e+03 1.0588e+04 1.0704e+04 1.1429e+04 1.2057e+04
  1.2256e+04 1.2439e+04 1.2514e+04 1.2768e+04 1.2793e+04 1.2853e+04
  1.2971e+04 1.2988e+04 1.3026e+04 1.3207e+04 1.3333e+04 1.3403e+04
  1.3739e+04 1.3893e+04]
 [5.0000e+00 8.0000e+00 9.6560e+03 9.8140e+03 9.8350e+03 1.0005e+04
  1.0238e+04 1.0907e+04 1.1085e+04 1.1286e+04 1.1569e+04 1.1716e+04
  1.1855e+04 1.1978e+04 1.2156e+04 1.2184e+04 1.2461e+04 1.2645e+04
  1.2967e+04 1.2994e+04]
 [9.5510e+03 1.0141e+04 1.0334e+04 1.0341e+04 1.0482e+04 1.0494e+04
  1.0562e+04 1.0662e+04 1.0732e+04 1.0815e+04 1.1158e+04 1.1215e+04
  1.1362e+04 1.1518e+04 1.1520e+04 1.1662e+04 1.1804e+04 1.1916e+04
  1.1943e+04 1.2492e+04]
 [0.0000e+00 3.8300e+02 7.0800e+02 8.9300e+02 9.4400e+03 9.5950e+03
  9.6370e+03 9.6990e+03 9.7630e+03 9.9140e+03 9.9180e+03 9.9310e+03
  1.0089e+04 1.0281e+04 1.0319e+04 1.0395e+04 1.0588e+04 1.0751e+04
  1.1005e+04 1.2277e+04]
 [7.6600e+03 7.9690e+03 8.3620e+03 8.4600e+03 8.6370e+03 8.6490e+03
  8.9520e+03 9.0510e+03 9.0680e+03 9.2020e+03 9.2540e+03 9.2630e+03
  9.2660e+03 9.5050e+03 9.8140e+03 9.8850e+03 1.0005e+04 1.0027e+04
  1.0238e+04 1.1085e+04]
 [1.1910e+03 6.0020e+03 7.0530e+03 7.4690e+03 7.7520e+03 7.7950e+03
  8.1980e+03 8.2910e+03 8.3260e+03 8.3860e+03 8.5310e+03 8.5920e+03
  8.6220e+03 8.6860e+03 8.7500e+03 8.8400e+03 8.9150e+03 9.0160e+03
  9.1630e+03 9.3530e+03]
 [1.4100e+03 1.4940e+03 2.0030e+03 2.0770e+03 2.9970e+03 3.1240e+03
  3.5900e+03 6.7730e+03 6.8020e+03 6.9650e+03 7.0790e+03 7.3510e+03
  7.4050e+03 7.4540e+03 7.5500e+03 7.5710e+03 7.6000e+03 8.0660e+03
  8.1410e+03 8.5490e+03]
 [4.5500e+02 1.4720e+03 6.7730e+03 7.4830e+03 7.7600e+03 8.0660e+03
  8.1250e+03 8.2660e+03 8.4220e+03 8.5920e+03 8.6280e+03 8.6430e+03
  8.7090e+03 8.8210e+03 8.9410e+03 9.0130e+03 9.1780e+03 9.2280e+03
  9.2320e+03 9.5950e+03]
 [5.9000e+01 5.3000e+02 6.5680e+03 7.0790e+03 7.4270e+03 7.5800e+03
  7.6600e+03 7.6760e+03 7.8540e+03 7.8930e+03 7.9690e+03 8.1900e+03
  8.3370e+03 8.3880e+03 8.4420e+03 8.4950e+03 8.6140e+03 8.7370e+03
  8.8630e+03 9.0860e+03]
 [1.7390e+03 2.3430e+03 4.9710e+03 5.5070e+03 6.0020e+03 6.7730e+03
  6.8650e+03 6.8950e+03 6.9520e+03 6.9530e+03 6.9690e+03 7.1490e+03
  7.1850e+03 7.3120e+03 7.4830e+03 7.7600e+03 7.8330e+03 7.8670e+03
  7.9400e+03 8.8210e+03]
 [2.4450e+03 3.2740e+03 3.5620e+03 4.7550e+03 5.3170e+03 5.3770e+03
  6.7730e+03 6.8320e+03 6.9270e+03 7.0110e+03 7.1490e+03 7.3120e+03
  7.3490e+03 7.3590e+03 7.4830e+03 7.6400e+03 7.7600e+03 7.8310e+03
  8.2660e+03 8.6860e+03]
 [1.3580e+03 1.6140e+03 1.8060e+03 5.1720e+03 5.8510e+03 6.0930e+03
  6.1380e+03 6.1490e+03 6.1970e+03 6.1990e+03 6.2070e+03 6.3210e+03
  6.4160e+03 6.4800e+03 6.4870e+03 6.5490e+03 6.6520e+03 6.7130e+03
  7.2350e+03 7.2800e+03]
 [1.8460e+03 2.6360e+03 4.5840e+03 4.9380e+03 5.1110e+03 5.2130e+03
  5.3060e+03 5.8510e+03 5.9270e+03 6.0930e+03 6.1580e+03 6.1690e+03
  6.2380e+03 6.2550e+03 6.3210e+03 6.3570e+03 6.3800e+03 6.4550e+03
  6.5190e+03 6.5330e+03]
 [9.2100e+02 1.3970e+03 2.2030e+03 2.4630e+03 2.5570e+03 3.7610e+03
  4.4110e+03 4.5070e+03 4.5230e+03 4.7550e+03 4.8270e+03 4.9210e+03
  5.1280e+03 5.2220e+03 5.3170e+03 5.4140e+03 5.5440e+03 5.6350e+03
  5.6950e+03 5.7940e+03]
 [1.9100e+02 2.9900e+03 3.1960e+03 3.3680e+03 3.5480e+03 3.6230e+03
  3.7040e+03 3.7740e+03 3.7990e+03 3.9300e+03 3.9740e+03 4.0140e+03
  4.0250e+03 4.0950e+03 4.1920e+03 4.2120e+03 4.2920e+03 4.3160e+03
  4.3430e+03 4.3980e+03]
 [1.1260e+03 1.2180e+03 1.2220e+03 1.9270e+03 2.6540e+03 3.1940e+03
  3.2600e+03 3.3190e+03 3.4160e+03 3.5480e+03 3.5750e+03 3.6770e+03
  3.7740e+03 4.0730e+03 4.1670e+03 4.2220e+03 6.8880e+03 7.3120e+03
  7.4160e+03 7.4830e+03]
 [1.7000e+01 4.9500e+02 6.5600e+02 2.6360e+03 2.7840e+03 3.2720e+03
  3.3680e+03 3.6230e+03 3.7040e+03 3.7100e+03 3.7990e+03 3.8880e+03
  3.9740e+03 3.9830e+03 4.0730e+03 4.2810e+03 4.3440e+03 4.3570e+03
  4.3910e+03 4.5100e+03]
 [7.8400e+02 1.5150e+03 1.9560e+03 2.0120e+03 2.2630e+03 2.3350e+03
  2.4120e+03 2.5720e+03 2.7180e+03 2.8480e+03 2.9050e+03 2.9790e+03
  3.1240e+03 3.2740e+03 3.4640e+03 3.5270e+03 3.5840e+03 3.8650e+03
  4.4270e+03 4.8960e+03]
 [1.4200e+02 2.2000e+02 7.1000e+02 7.6900e+02 8.0600e+02 8.1200e+02
  1.9560e+03 2.1070e+03 2.3610e+03 2.4060e+03 2.4360e+03 3.3460e+03
  3.4240e+03 3.6770e+03 3.7740e+03 4.6610e+03 4.8960e+03 5.0370e+03
  5.3110e+03 7.9690e+03]
 [9.2000e+01 2.1900e+02 3.1800e+02 4.5000e+02 7.1000e+02 1.3970e+03
  1.7020e+03 2.0030e+03 2.0440e+03 2.3610e+03 2.4080e+03 2.4840e+03
  2.7980e+03 2.8090e+03 2.8890e+03 2.9590e+03 3.0600e+03 3.0680e+03
  3.9270e+03 5.3110e+03]
 [4.4000e+01 1.0600e+02 2.2000e+02 3.1800e+02 4.3800e+02 4.9500e+02
  5.6100e+02 8.3300e+02 8.9900e+02 9.6800e+02 1.0530e+03 1.1360e+03
  1.2690e+03 1.4480e+03 1.5150e+03 1.5240e+03 1.6180e+03 2.1070e+03
  2.2630e+03 3.3460e+03]
 [5.0000e+00 1.1600e+02 2.2400e+02 7.1000e+02 7.9300e+02 9.7100e+02
  1.0600e+03 1.5150e+03 2.1070e+03 2.1110e+03 2.3610e+03 2.4080e+03
  2.4310e+03 2.7980e+03 2.8890e+03 2.9140e+03 3.2740e+03 4.4270e+03
  4.6610e+03 5.3110e+03]
 [9.2000e+01 1.9100e+02 4.3800e+02 5.9400e+02 7.5100e+02 1.0330e+03
  1.1240e+03 1.1610e+03 1.2000e+03 1.5150e+03 1.5460e+03 1.6180e+03
  1.8060e+03 1.9270e+03 2.1070e+03 2.2630e+03 2.3140e+03 2.3610e+03
  2.5720e+03 2.7980e+03]
 [4.3400e+02 4.8900e+02 7.0800e+02 7.1200e+02 7.8700e+02 8.8400e+02
  1.0330e+03 1.0770e+03 1.2220e+03 1.4240e+03 1.5150e+03 1.5940e+03
  2.1070e+03 2.1580e+03 2.6540e+03 2.6890e+03 2.9050e+03 2.9350e+03
  3.0590e+03 3.3460e+03]
 [4.5000e+01 1.7700e+02 2.4200e+02 4.3800e+02 5.9400e+02 6.1700e+02
  7.1000e+02 7.8400e+02 8.9900e+02 1.0530e+03 1.0810e+03 1.2690e+03
  1.3580e+03 1.5460e+03 2.0120e+03 2.3610e+03 2.7980e+03 3.2740e+03
  4.1640e+03 4.1900e+03]
 [9.2000e+01 1.1300e+02 2.8300e+02 3.8200e+02 5.9400e+02 7.0300e+02
  7.5100e+02 8.0600e+02 8.7300e+02 9.2100e+02 1.0170e+03 1.0360e+03
  1.2690e+03 1.5150e+03 1.6140e+03 1.6300e+03 1.6700e+03 1.8060e+03
  2.3610e+03 4.8340e+03]
 [0.0000e+00 1.1300e+02 1.3500e+02 2.4100e+02 3.1500e+02 3.5800e+02
  4.6900e+02 5.9300e+02 6.2700e+02 7.1700e+02 7.8700e+02 8.6300e+02
  9.1800e+02 9.1900e+02 9.9200e+02 1.2690e+03 1.3970e+03 1.5150e+03
  2.3610e+03 4.3570e+03]]
