optimal_status: 0
solution: 5265.0
cpu_time: 3600.0902512073517
gap: 0.7272885640846786
upper_bound: 1435.8257100941676
lower_bound: 5265.0
cg_matrix: [[0. 0. 0. 0. 0. 1. 0. 0. 0. 0. 0. 0. 0. 0. 0. 0. 0. 0. 0. 0. 0. 0. 0. 0.
  0. 0. 0. 0. 0. 0.]
 [0. 0. 0. 0. 0. 0. 1. 0. 0. 0. 0. 0. 0. 1. 1. 1. 0. 0. 0. 1. 1. 0. 0. 0.
  0. 0. 0. 1. 0. 0.]
 [0. 0. 0. 0. 0. 0. 0. 0. 0. 0. 0. 0. 0. 0. 0. 0. 0. 1. 0. 0. 0. 0. 1. 1.
  0. 0. 0. 0. 1. 0.]
 [0. 0. 0. 0. 0. 1. 0. 0. 0. 0. 1. 0. 0. 1. 0. 0. 0. 0. 0. 1. 0. 0. 1. 1.
  0. 0. 0. 0. 0. 0.]
 [0. 0. 0. 0. 0. 0. 0. 1. 0. 0. 1. 0. 0. 0. 0. 1. 0. 0. 0. 0. 0. 0. 0. 0.
  0. 0. 0. 1. 1. 0.]
 [1. 0. 0. 1. 0. 0. 0. 0. 0. 0. 0. 0. 0. 0. 0. 1. 1. 0. 0. 0. 0. 1. 0. 0.
  0. 0. 1. 0. 0. 0.]
 [0. 1. 0. 0. 0. 0. 0. 1. 0. 0. 1. 1. 0. 0. 0. 0. 0. 0. 0. 0. 1. 0. 0. 0.
  0. 0. 0. 0. 0. 0.]
 [0. 0. 0. 0. 1. 0. 1. 0. 1. 1. 0. 0. 0. 0. 0. 0. 0. 1. 1. 1. 1. 0. 0. 0.
  0. 1. 1. 0. 0. 0.]
 [0. 0. 0. 0. 0. 0. 0. 1. 0. 0. 0. 0. 0. 0. 0. 1. 0. 0. 0. 0. 1. 0. 0. 0.
  0. 0. 0. 0. 0. 1.]
 [0. 0. 0. 0. 0. 0. 0. 1. 0. 0. 0. 1. 0. 0. 0. 0. 0. 0. 0. 0. 0. 0. 0. 1.
  0. 0. 1. 1. 0. 0.]
 [0. 0. 0. 1. 1. 0. 1. 0. 0. 0. 0. 0. 0. 0. 1. 0. 0. 0. 0. 0. 0. 0. 0. 0.
  0. 0. 0. 0. 0. 0.]
 [0. 0. 0. 0. 0. 0. 1. 0. 0. 1. 0. 0. 1. 0. 0. 0. 0. 1. 0. 1. 1. 0. 1. 0.
  0. 0. 1. 0. 0. 0.]
 [0. 0. 0. 0. 0. 0. 0. 0. 0. 0. 0. 1. 0. 0. 0. 0. 0. 1. 0. 0. 0. 1. 0. 0.
  1. 0. 1. 0. 0. 0.]
 [0. 1. 0. 1. 0. 0. 0. 0. 0. 0. 0. 0. 0. 0. 1. 0. 1. 0. 0. 0. 0. 0. 0. 0.
  0. 0. 1. 0. 0. 1.]
 [0. 1. 0. 0. 0. 0. 0. 0. 0. 0. 1. 0. 0. 1. 0. 0. 0. 0. 1. 0. 0. 0. 1. 0.
  0. 0. 0. 0. 0. 0.]
 [0. 1. 0. 0. 1. 1. 0. 0. 1. 0. 0. 0. 0. 0. 0. 0. 0. 0. 0. 0. 0. 0. 1. 0.
  0. 0. 0. 0. 0. 1.]
 [0. 0. 0. 0. 0. 1. 0. 0. 0. 0. 0. 0. 0. 1. 0. 0. 0. 0. 0. 0. 0. 0. 0. 0.
  0. 0. 0. 1. 1. 0.]
 [0. 0. 1. 0. 0. 0. 0. 1. 0. 0. 0. 1. 1. 0. 0. 0. 0. 0. 0. 1. 0. 0. 0. 0.
  0. 0. 0. 0. 1. 1.]
 [0. 0. 0. 0. 0. 0. 0. 1. 0. 0. 0. 0. 0. 0. 1. 0. 0. 0. 0. 0. 0. 0. 0. 1.
  0. 0. 1. 0. 0. 1.]
 [0. 1. 0. 1. 0. 0. 0. 1. 0. 0. 0. 1. 0. 0. 0. 0. 0. 1. 0. 0. 0. 0. 0. 1.
  0. 1. 0. 1. 0. 1.]
 [0. 1. 0. 0. 0. 0. 1. 1. 1. 0. 0. 1. 0. 0. 0. 0. 0. 0. 0. 0. 0. 0. 0. 0.
  0. 0. 0. 0. 0. 0.]
 [0. 0. 0. 0. 0. 1. 0. 0. 0. 0. 0. 0. 1. 0. 0. 0. 0. 0. 0. 0. 0. 0. 0. 0.
  0. 0. 0. 0. 0. 0.]
 [0. 0. 1. 1. 0. 0. 0. 0. 0. 0. 0. 1. 0. 0. 1. 1. 0. 0. 0. 0. 0. 0. 0. 0.
  0. 0. 0. 0. 0. 0.]
 [0. 0. 1. 1. 0. 0. 0. 0. 0. 1. 0. 0. 0. 0. 0. 0. 0. 0. 1. 1. 0. 0. 0. 0.
  0. 0. 0. 0. 0. 0.]
 [0. 0. 0. 0. 0. 0. 0. 0. 0. 0. 0. 0. 1. 0. 0. 0. 0. 0. 0. 0. 0. 0. 0. 0.
  0. 0. 0. 0. 0. 0.]
 [0. 0. 0. 0. 0. 0. 0. 1. 0. 0. 0. 0. 0. 0. 0. 0. 0. 0. 0. 1. 0. 0. 0. 0.
  0. 0. 0. 0. 0. 0.]
 [0. 0. 0. 0. 0. 1. 0. 1. 0. 1. 0. 1. 1. 1. 0. 0. 0. 0. 1. 0. 0. 0. 0. 0.
  0. 0. 0. 0. 0. 0.]
 [0. 1. 0. 0. 1. 0. 0. 0. 0. 1. 0. 0. 0. 0. 0. 0. 1. 0. 0. 1. 0. 0. 0. 0.
  0. 0. 0. 0. 0. 0.]
 [0. 0. 1. 0. 1. 0. 0. 0. 0. 0. 0. 0. 0. 0. 0. 0. 1. 1. 0. 0. 0. 0. 0. 0.
  0. 0. 0. 0. 0. 0.]
 [0. 0. 0. 0. 0. 0. 0. 0. 1. 0. 0. 0. 0. 1. 0. 1. 0. 1. 1. 1. 0. 0. 0. 0.
  0. 0. 0. 0. 0. 0.]]
start_times_array: [[1.120e+02 2.220e+02 3.550e+02 3.700e+02 3.770e+02 5.670e+02 9.070e+02
  1.554e+03 2.021e+03 2.746e+03 2.806e+03 2.846e+03 2.920e+03 3.677e+03
  3.882e+03 3.908e+03 4.345e+03 4.530e+03 4.659e+03 4.825e+03]
 [5.100e+01 4.270e+02 6.410e+02 8.470e+02 8.610e+02 9.270e+02 1.033e+03
  1.392e+03 1.595e+03 1.606e+03 1.665e+03 1.878e+03 2.590e+03 3.046e+03
  3.563e+03 3.644e+03 4.106e+03 4.500e+03 4.935e+03 5.004e+03]
 [6.800e+01 9.990e+02 1.191e+03 1.510e+03 1.707e+03 1.749e+03 2.025e+03
  2.420e+03 2.641e+03 2.644e+03 2.730e+03 3.197e+03 3.529e+03 3.688e+03
  3.981e+03 4.090e+03 4.403e+03 4.687e+03 4.962e+03 5.249e+03]
 [1.080e+02 3.550e+02 8.670e+02 1.066e+03 1.230e+03 1.304e+03 1.940e+03
  2.192e+03 2.244e+03 2.309e+03 2.320e+03 2.474e+03 3.009e+03 3.282e+03
  3.521e+03 4.061e+03 4.397e+03 4.650e+03 4.828e+03 4.964e+03]
 [3.700e+01 4.270e+02 1.713e+03 1.878e+03 2.025e+03 2.314e+03 2.679e+03
  2.820e+03 2.835e+03 2.978e+03 3.371e+03 3.526e+03 3.572e+03 3.814e+03
  4.005e+03 4.078e+03 4.122e+03 4.733e+03 5.035e+03 5.219e+03]
 [2.500e+01 2.600e+02 4.700e+02 4.860e+02 7.310e+02 8.240e+02 1.097e+03
  1.393e+03 1.616e+03 1.682e+03 2.407e+03 2.673e+03 2.979e+03 3.044e+03
  3.077e+03 3.545e+03 3.814e+03 4.256e+03 4.733e+03 4.894e+03]
 [1.390e+02 1.670e+02 6.860e+02 1.287e+03 1.469e+03 1.769e+03 2.012e+03
  2.062e+03 2.490e+03 2.769e+03 3.032e+03 3.141e+03 3.467e+03 3.882e+03
  3.989e+03 4.639e+03 4.824e+03 4.917e+03 4.931e+03 5.169e+03]
 [5.100e+01 9.280e+02 1.164e+03 1.381e+03 1.614e+03 2.095e+03 2.251e+03
  2.582e+03 2.852e+03 3.046e+03 3.127e+03 3.325e+03 3.644e+03 3.957e+03
  4.090e+03 4.214e+03 4.421e+03 4.536e+03 4.939e+03 5.132e+03]
 [4.700e+02 6.410e+02 1.086e+03 1.137e+03 1.158e+03 1.349e+03 1.393e+03
  1.797e+03 2.204e+03 2.368e+03 2.502e+03 3.141e+03 3.443e+03 3.492e+03
  3.814e+03 4.246e+03 4.332e+03 4.489e+03 4.751e+03 5.218e+03]
 [6.390e+02 7.310e+02 8.470e+02 8.690e+02 1.024e+03 1.131e+03 1.438e+03
  1.511e+03 1.738e+03 1.993e+03 2.182e+03 2.362e+03 2.714e+03 2.959e+03
  3.065e+03 3.433e+03 3.812e+03 4.122e+03 4.582e+03 4.833e+03]
 [5.100e+01 1.078e+03 1.169e+03 1.830e+03 2.048e+03 2.095e+03 2.114e+03
  2.582e+03 2.868e+03 3.100e+03 3.390e+03 3.644e+03 4.232e+03 4.313e+03
  4.484e+03 4.556e+03 4.873e+03 4.886e+03 5.061e+03 5.067e+03]
 [7.600e+01 3.860e+02 9.700e+02 1.192e+03 1.381e+03 1.610e+03 1.923e+03
  1.948e+03 2.302e+03 2.582e+03 2.856e+03 3.238e+03 3.374e+03 3.571e+03
  3.608e+03 3.943e+03 4.403e+03 4.704e+03 4.804e+03 4.952e+03]
 [2.560e+02 2.950e+02 4.870e+02 7.310e+02 7.830e+02 9.990e+02 1.097e+03
  1.305e+03 1.657e+03 1.722e+03 2.251e+03 2.362e+03 2.939e+03 3.046e+03
  3.344e+03 3.468e+03 3.706e+03 4.131e+03 4.160e+03 4.824e+03]
 [1.100e+01 2.500e+01 7.310e+02 1.469e+03 2.021e+03 2.265e+03 2.679e+03
  2.865e+03 2.987e+03 3.128e+03 3.241e+03 3.410e+03 3.800e+03 4.230e+03
  4.612e+03 4.665e+03 4.704e+03 4.848e+03 5.030e+03 5.035e+03]
 [2.530e+02 1.636e+03 1.727e+03 1.800e+03 1.975e+03 2.140e+03 2.461e+03
  2.494e+03 2.797e+03 2.826e+03 2.921e+03 2.958e+03 3.161e+03 3.503e+03
  3.525e+03 3.974e+03 4.018e+03 4.386e+03 4.741e+03 5.107e+03]
 [3.550e+02 5.670e+02 9.350e+02 9.410e+02 1.005e+03 1.065e+03 1.285e+03
  1.469e+03 1.657e+03 1.727e+03 2.031e+03 2.080e+03 2.738e+03 2.865e+03
  3.216e+03 3.733e+03 3.917e+03 4.230e+03 4.640e+03 5.061e+03]
 [0.000e+00 9.600e+01 1.780e+02 3.550e+02 6.250e+02 9.780e+02 1.038e+03
  1.203e+03 1.278e+03 1.528e+03 2.110e+03 2.600e+03 2.777e+03 3.161e+03
  3.594e+03 3.979e+03 4.078e+03 4.345e+03 4.407e+03 4.988e+03]
 [1.210e+02 2.790e+02 4.750e+02 1.230e+03 1.428e+03 1.830e+03 2.178e+03
  2.541e+03 2.656e+03 2.983e+03 3.144e+03 3.160e+03 3.501e+03 3.814e+03
  4.015e+03 4.352e+03 4.624e+03 4.647e+03 4.935e+03 5.035e+03]
 [3.100e+02 3.630e+02 4.860e+02 1.024e+03 1.097e+03 1.432e+03 1.480e+03
  1.735e+03 1.859e+03 2.012e+03 2.362e+03 2.641e+03 2.714e+03 3.236e+03
  3.738e+03 3.814e+03 4.315e+03 4.608e+03 4.827e+03 5.242e+03]
 [0.000e+00 3.400e+01 1.760e+02 5.140e+02 6.830e+02 1.080e+03 1.560e+03
  1.713e+03 2.012e+03 2.362e+03 2.725e+03 2.946e+03 3.197e+03 3.389e+03
  3.735e+03 4.259e+03 4.587e+03 4.827e+03 4.890e+03 5.218e+03]
 [6.000e+00 2.000e+02 8.040e+02 1.094e+03 1.199e+03 1.480e+03 1.482e+03
  2.432e+03 2.699e+03 2.746e+03 2.939e+03 3.306e+03 3.386e+03 3.735e+03
  4.182e+03 4.271e+03 4.587e+03 4.614e+03 4.865e+03 5.035e+03]
 [0.000e+00 3.000e+00 9.600e+01 1.690e+02 1.528e+03 1.783e+03 2.031e+03
  2.193e+03 2.738e+03 2.846e+03 3.374e+03 3.390e+03 3.594e+03 3.784e+03
  4.345e+03 4.421e+03 4.515e+03 4.648e+03 4.929e+03 5.000e+03]
 [4.750e+02 1.830e+03 2.265e+03 2.543e+03 3.386e+03 3.814e+03 3.909e+03
  4.005e+03 4.154e+03 4.177e+03 4.500e+03 4.515e+03 4.536e+03 4.561e+03
  4.562e+03 4.848e+03 4.935e+03 4.945e+03 5.176e+03 5.235e+03]
 [1.390e+02 2.120e+02 4.050e+02 7.740e+02 9.410e+02 1.164e+03 1.282e+03
  1.393e+03 1.609e+03 2.147e+03 2.543e+03 2.779e+03 2.921e+03 3.124e+03
  3.616e+03 3.902e+03 4.005e+03 4.733e+03 4.935e+03 5.120e+03]
 [4.700e+01 9.600e+01 1.590e+02 3.630e+02 5.640e+02 6.500e+02 8.000e+02
  9.070e+02 1.428e+03 1.538e+03 1.922e+03 2.543e+03 2.713e+03 3.374e+03
  3.526e+03 3.581e+03 3.621e+03 3.943e+03 4.259e+03 4.484e+03]
 [1.210e+02 2.120e+02 4.270e+02 6.100e+02 1.053e+03 1.199e+03 1.484e+03
  1.837e+03 2.446e+03 2.656e+03 2.777e+03 2.983e+03 3.238e+03 3.814e+03
  4.122e+03 4.352e+03 4.376e+03 4.679e+03 4.751e+03 5.154e+03]
 [0.000e+00 1.210e+02 1.930e+02 5.920e+02 6.480e+02 1.074e+03 1.199e+03
  1.538e+03 1.783e+03 2.178e+03 2.231e+03 2.493e+03 2.777e+03 3.161e+03
  3.386e+03 3.482e+03 4.014e+03 4.459e+03 4.668e+03 5.154e+03]
 [7.670e+02 1.282e+03 1.813e+03 2.095e+03 2.231e+03 2.267e+03 2.488e+03
  2.854e+03 3.241e+03 3.482e+03 3.895e+03 3.967e+03 4.045e+03 4.182e+03
  4.652e+03 4.676e+03 5.150e+03 5.255e+03 5.256e+03 5.259e+03]
 [5.170e+02 6.070e+02 6.990e+02 7.690e+02 7.740e+02 1.081e+03 1.141e+03
  1.302e+03 1.468e+03 1.953e+03 2.007e+03 2.251e+03 2.487e+03 2.895e+03
  3.409e+03 3.757e+03 4.182e+03 4.278e+03 4.830e+03 5.113e+03]
 [8.300e+02 1.032e+03 1.164e+03 1.589e+03 1.913e+03 2.446e+03 2.589e+03
  2.777e+03 3.046e+03 3.318e+03 3.533e+03 3.615e+03 4.090e+03 4.172e+03
  4.214e+03 4.432e+03 4.552e+03 4.733e+03 4.795e+03 5.150e+03]]
