optimal_status: 0
solution: 3631.0
cpu_time: 3600.44983792305
gap: 0.6220052599728204
upper_bound: 1372.4989010386887
lower_bound: 3631.0
cg_matrix: [[0. 0. 1. 1. 0. 0. 0. 0. 0. 0. 1. 0. 0. 0. 0. 0. 0. 0. 0. 0.]
 [0. 0. 1. 1. 0. 0. 1. 0. 0. 0. 0. 0. 0. 0. 0. 1. 0. 1. 0. 0.]
 [1. 1. 0. 0. 0. 0. 1. 0. 1. 0. 0. 0. 0. 0. 0. 0. 0. 1. 0. 0.]
 [1. 1. 0. 0. 0. 0. 0. 0. 0. 0. 0. 0. 0. 0. 0. 0. 0. 0. 0. 0.]
 [0. 0. 0. 0. 0. 0. 0. 0. 0. 1. 0. 0. 0. 0. 0. 0. 0. 0. 0. 1.]
 [0. 0. 0. 0. 0. 0. 1. 0. 1. 1. 0. 0. 0. 0. 0. 0. 1. 0. 0. 0.]
 [0. 1. 1. 0. 0. 1. 0. 0. 0. 0. 0. 0. 0. 0. 0. 0. 0. 0. 1. 0.]
 [0. 0. 0. 0. 0. 0. 0. 0. 0. 0. 1. 0. 1. 0. 0. 0. 0. 0. 0. 0.]
 [0. 0. 1. 0. 0. 1. 0. 0. 0. 0. 0. 1. 0. 0. 0. 0. 0. 1. 0. 0.]
 [0. 0. 0. 0. 1. 1. 0. 0. 0. 0. 0. 0. 1. 0. 1. 0. 0. 0. 1. 0.]
 [1. 0. 0. 0. 0. 0. 0. 1. 0. 0. 0. 0. 0. 0. 0. 0. 1. 1. 0. 1.]
 [0. 0. 0. 0. 0. 0. 0. 0. 1. 0. 0. 0. 0. 0. 0. 0. 0. 0. 0. 0.]
 [0. 0. 0. 0. 0. 0. 0. 1. 0. 1. 0. 0. 0. 1. 0. 0. 0. 0. 0. 1.]
 [0. 0. 0. 0. 0. 0. 0. 0. 0. 0. 0. 0. 1. 0. 0. 0. 1. 0. 0. 0.]
 [0. 0. 0. 0. 0. 0. 0. 0. 0. 1. 0. 0. 0. 0. 0. 0. 0. 1. 0. 0.]
 [0. 1. 0. 0. 0. 0. 0. 0. 0. 0. 0. 0. 0. 0. 0. 0. 0. 0. 1. 1.]
 [0. 0. 0. 0. 0. 1. 0. 0. 0. 0. 1. 0. 0. 1. 0. 0. 0. 1. 1. 0.]
 [0. 1. 1. 0. 0. 0. 0. 0. 1. 0. 1. 0. 0. 0. 1. 0. 1. 0. 0. 0.]
 [0. 0. 0. 0. 0. 0. 1. 0. 0. 1. 0. 0. 0. 0. 0. 1. 1. 0. 0. 0.]
 [0. 0. 0. 0. 1. 0. 0. 0. 0. 0. 1. 0. 1. 0. 0. 1. 0. 0. 0. 0.]]
start_times_array: [[  80.  181.  203.  323.  485.  497.  669. 1082. 1563. 1882. 1938. 1953.
  1996. 2004. 2093. 2129. 2367. 2413. 2527. 3064.]
 [   0.  181.  412.  472. 1140. 1247. 1259. 1306. 1322. 1334. 1643. 1674.
  2367. 2715. 2768. 2769. 2772. 3007. 3266. 3599.]
 [ 237.  592.  725.  786. 1000. 1034. 1138. 1397. 1736. 1821. 2239. 2297.
  2464. 2629. 2875. 3155. 3175. 3207. 3249. 3544.]
 [  61.  168.  240.  310.  606.  712.  926.  994. 1061. 1451. 1548. 1791.
  2009. 2203. 2275. 2469. 3158. 3329. 3383. 3440.]
 [  45.   94.  420.  550.  568.  709.  785. 1162. 1177. 1389. 1400. 1424.
  1428. 1544. 1561. 1712. 1747. 2232. 3011. 3059.]
 [   0.   11.  240.  567.  641.  708. 1142. 1212. 1384. 1553. 1699. 1712.
  1790. 2118. 2606. 2959. 2981. 3195. 3286. 3533.]
 [  74.  330.  401.  799.  870. 1075. 1483. 1602. 1879. 1953. 2029. 2519.
  2706. 2890. 2908. 3080. 3107. 3366. 3397. 3442.]
 [  61.  168.  305.  705.  810.  904.  921.  993. 1023. 1122. 1259. 1451.
  1544. 1889. 1914. 1975. 2186. 2204. 2338. 2355.]
 [  25.  171.  399.  461.  861.  920. 1302. 1391. 1602. 1865. 2046. 2367.
  2706. 2780. 2890. 3080. 3109. 3266. 3415. 3599.]
 [ 168.  330.  509.  803.  889.  944. 1080. 1272. 1458. 1602. 2330. 2510.
  2653. 2853. 2901. 2914. 3080. 3150. 3387. 3471.]
 [   0.  399.  566.  725. 1138. 1323. 1697. 1791. 2046. 2239. 2288. 2464.
  2629. 2632. 2740. 2819. 3021. 3159. 3276. 3561.]
 [   0.   86.  237.  309.  531.  631.  712.  755.  784. 1001. 1063. 1135.
  1232. 1241. 1393. 1414. 1483. 1492. 1597. 1809.]
 [  80.  232.  459.  550.  709. 1169. 1354. 1559. 1697. 1733. 1805. 2050.
  2083. 2127. 2422. 2613. 3195. 3276. 3361. 3561.]
 [   7.  306.  352.  419.  628. 1063. 1160. 1167. 1259. 1328. 1337. 1460.
  1969. 2186. 2469. 2495. 2525. 2780. 2928. 2981.]
 [   0.   16.   83.  138.  420.  546.  724.  963. 1383. 1661. 1730. 1816.
  2046. 2239. 2254. 2284. 2422. 2472. 2501. 3232.]
 [  74.  108.  237.  550.  777.  890. 1271. 1397. 1453. 1515. 1546. 1548.
  1571. 1631. 2043. 2131. 2464. 2564. 3072. 3329.]
 [ 138.  141.  485.  870.  963. 1045. 1062. 1391. 1392. 1424. 1602. 1635.
  1879. 2093. 2338. 2653. 2656. 2853. 3080. 3415.]
 [  86.  323.  645.  798. 1063. 1115. 1267. 1483. 1505. 1563. 1576. 1978.
  2139. 2223. 2519. 2547. 2575. 2931. 3329. 3493.]
 [   0.  296.  631. 1160. 1197. 1223. 1362. 1697. 1721. 1781. 2179. 2233.
  2629. 2735. 2959. 3021. 3195. 3220. 3533. 3558.]
 [  16.  306.  509.  646.  803.  926.  993. 1889. 1978. 2186. 2203. 2338.
  2412. 2653. 2851. 2942. 3397. 3499. 3525. 3558.]]
