optimal_status: 0
solution: 5491.0
cpu_time: 3600.4152178764343
gap: 0.7820983273918799
upper_bound: 1196.4980842911873
lower_bound: 5491.0
cg_matrix: [[0. 1. 0. 0. 0. 0. 1. 0. 1. 1. 0. 0. 0. 0. 1. 1. 0. 1. 0. 0.]
 [1. 0. 1. 1. 1. 1. 1. 0. 0. 1. 0. 0. 1. 1. 1. 0. 0. 0. 0. 1.]
 [0. 1. 0. 0. 0. 1. 0. 1. 1. 0. 1. 0. 1. 1. 0. 1. 1. 1. 0. 1.]
 [0. 1. 0. 0. 1. 0. 1. 0. 1. 0. 0. 1. 1. 0. 0. 1. 0. 1. 1. 1.]
 [0. 1. 0. 1. 0. 0. 1. 1. 1. 0. 0. 1. 1. 1. 0. 0. 1. 0. 1. 1.]
 [0. 1. 1. 0. 0. 0. 0. 1. 0. 0. 0. 0. 0. 1. 0. 0. 0. 0. 0. 0.]
 [1. 1. 0. 1. 1. 0. 0. 0. 1. 1. 1. 0. 1. 1. 1. 0. 0. 1. 1. 0.]
 [0. 0. 1. 0. 1. 1. 0. 0. 1. 0. 1. 0. 0. 1. 1. 1. 1. 0. 0. 0.]
 [1. 0. 1. 1. 1. 0. 1. 1. 0. 0. 1. 0. 1. 1. 1. 0. 1. 0. 0. 0.]
 [1. 1. 0. 0. 0. 0. 1. 0. 0. 0. 1. 0. 1. 1. 0. 1. 0. 1. 1. 0.]
 [0. 0. 1. 0. 0. 0. 1. 1. 1. 1. 0. 1. 0. 0. 1. 0. 1. 1. 1. 1.]
 [0. 0. 0. 1. 1. 0. 0. 0. 0. 0. 1. 0. 1. 0. 1. 0. 0. 0. 0. 0.]
 [0. 1. 1. 1. 1. 0. 1. 0. 1. 1. 0. 1. 0. 1. 1. 1. 1. 1. 0. 0.]
 [0. 1. 1. 0. 1. 1. 1. 1. 1. 1. 0. 0. 1. 0. 1. 1. 0. 0. 0. 0.]
 [1. 1. 0. 0. 0. 0. 1. 1. 1. 0. 1. 1. 1. 1. 0. 0. 0. 1. 0. 1.]
 [1. 0. 1. 1. 0. 0. 0. 1. 0. 1. 0. 0. 1. 1. 0. 0. 0. 0. 0. 0.]
 [0. 0. 1. 0. 1. 0. 0. 1. 1. 0. 1. 0. 1. 0. 0. 0. 0. 0. 0. 0.]
 [1. 0. 1. 1. 0. 0. 1. 0. 0. 1. 1. 0. 1. 0. 1. 0. 0. 0. 0. 0.]
 [0. 0. 0. 1. 1. 0. 1. 0. 0. 1. 1. 0. 0. 0. 0. 0. 0. 0. 0. 0.]
 [0. 1. 1. 1. 1. 0. 0. 0. 0. 0. 1. 0. 0. 0. 1. 0. 0. 0. 0. 0.]]
start_times_array: [[  35.  240.  743.  840. 1375. 1713. 2236. 3272. 3953. 4033. 4133. 4192.
  4225. 4366. 4512.]
 [ 377.  966. 2460. 2581. 2657. 2666. 2919. 2999. 3148. 3303. 4377. 4786.
  5106. 5121. 5317.]
 [ 598. 1517. 1866. 2305. 2375. 3050. 3502. 3741. 3780. 4074. 4296. 4879.
  4963. 4986. 5246.]
 [ 845. 1486. 1649. 1804. 2020. 2217. 2238. 2241. 2266. 2689. 2781. 3050.
  3442. 5399. 5402.]
 [ 660. 1050. 1243. 1280. 1390. 1705. 2500. 3519. 3694. 4256. 4366. 4991.
  5080. 5139. 5230.]
 [ 132.  353.  509.  682.  781. 1042. 1243. 1250. 1361. 1450. 1614. 1688.
  1779. 2002. 2192.]
 [   0.  169. 1568. 1615. 1840. 2108. 2348. 2433. 3651. 3753. 3852. 3861.
  4635. 4837. 4870.]
 [  17.  183.  467.  991. 1083. 1892. 2003. 2408. 3081. 3226. 3352. 3353.
  3469. 3628. 4024.]
 [ 100.  117.  128.  377. 1318. 2869. 2964. 3017. 3165. 3303. 3879. 3915.
  4382. 4708. 5055.]
 [ 463. 1079. 1258. 1406. 1470. 1738. 2500. 2797. 2854. 3050. 3469. 4709.
  4962. 5005. 5246.]
 [ 682.  747.  813.  821. 1654. 1988. 2176. 4133. 4239. 4366. 4532. 4786.
  5184. 5375. 5438.]
 [ 291.  377.  934. 1840. 2364. 2473. 2657. 2843. 3543. 3624. 3753. 3822.
  3905. 3953. 4382.]
 [ 743. 1663. 1917. 1966. 2042. 2100. 2176. 2252. 3235. 3294. 3352. 3426.
  4024. 4566. 4663.]
 [ 241.  876. 1163. 1180. 1198. 2689. 2737. 2768. 3442. 3543. 3953. 4133.
  4225. 4245. 4480.]
 [ 312.  353.  526.  608.  658. 1243. 1383. 1417. 1497. 4074. 4128. 4316.
  4358. 4445. 4962.]
 [ 310.  373.  378.  545.  682. 1019. 1454. 2944. 2984. 3303. 3694. 4377.
  4786. 5081. 5160.]
 [   0.  146.  251.  307.  542. 2269. 2581. 2676. 2691. 2787. 2814. 2981.
  3563. 4444. 4509.]
 [  90.  306.  905.  994. 1063. 1185. 3139. 3522. 3620. 3632. 3653. 4799.
  5081. 5117. 5301.]
 [  35.   73.  240.  332.  383.  563.  941. 1345. 2581. 2932. 3879. 3988.
  4042. 4444. 4663.]
 [   0.  168.  224.  250. 2833. 3241. 3351. 3603. 3822. 3905. 4480. 4596.
  4659. 4747. 4837.]]
