optimal_status: 0
solution: 24592.0
cpu_time: 3603.1830258369446
gap: 0.9555555797783177
upper_bound: 1092.9771820916117
lower_bound: 24592.0
cg_matrix: [[0. 0. 1. 1. 0. 0. 1. 0. 1. 1. 1. 1. 0. 1. 1. 1. 1. 1. 0. 1. 1. 1. 1. 1.
  0. 0. 1. 1. 1. 1. 0. 1. 1. 1. 1. 1. 1. 1. 1. 1. 1. 1. 1. 0. 1. 1. 1. 0.
  0. 1.]
 [0. 0. 1. 1. 1. 1. 0. 0. 1. 1. 1. 1. 1. 1. 1. 1. 1. 1. 0. 1. 0. 0. 1. 0.
  0. 0. 1. 1. 1. 1. 1. 1. 1. 1. 1. 1. 1. 1. 0. 1. 1. 0. 1. 1. 0. 1. 1. 1.
  0. 1.]
 [1. 1. 0. 1. 1. 1. 1. 1. 1. 1. 1. 0. 1. 1. 1. 1. 1. 1. 1. 1. 1. 1. 0. 1.
  1. 1. 0. 1. 0. 0. 1. 1. 1. 1. 1. 1. 1. 1. 1. 0. 0. 1. 1. 0. 0. 0. 1. 1.
  1. 0.]
 [1. 1. 1. 0. 1. 1. 1. 0. 1. 1. 1. 0. 0. 1. 1. 1. 1. 1. 1. 1. 1. 0. 1. 1.
  1. 1. 1. 1. 1. 1. 0. 0. 0. 1. 1. 0. 1. 1. 1. 1. 1. 1. 1. 0. 0. 1. 1. 1.
  1. 0.]
 [0. 1. 1. 1. 0. 0. 1. 1. 1. 1. 0. 1. 1. 1. 0. 1. 1. 1. 1. 0. 1. 0. 1. 1.
  1. 1. 1. 1. 1. 1. 1. 1. 1. 1. 1. 0. 1. 1. 1. 0. 1. 1. 1. 0. 0. 0. 0. 1.
  1. 1.]
 [0. 1. 1. 1. 0. 0. 1. 1. 1. 1. 1. 1. 1. 1. 1. 1. 1. 0. 1. 1. 1. 1. 1. 1.
  1. 1. 0. 1. 1. 1. 1. 1. 1. 0. 0. 0. 1. 1. 1. 1. 1. 1. 1. 1. 1. 1. 0. 1.
  1. 1.]
 [1. 0. 1. 1. 1. 1. 0. 1. 1. 1. 0. 1. 1. 1. 0. 0. 0. 1. 1. 1. 0. 1. 1. 1.
  1. 1. 1. 1. 1. 1. 1. 1. 1. 1. 1. 1. 1. 1. 1. 1. 1. 1. 1. 1. 1. 1. 1. 1.
  0. 1.]
 [0. 0. 1. 0. 1. 1. 1. 0. 0. 1. 1. 1. 1. 0. 0. 1. 1. 1. 0. 1. 1. 1. 1. 0.
  1. 1. 1. 1. 1. 1. 1. 1. 1. 1. 1. 1. 1. 0. 1. 1. 0. 0. 1. 1. 1. 1. 1. 1.
  0. 1.]
 [1. 1. 1. 1. 1. 1. 1. 0. 0. 1. 1. 1. 1. 1. 1. 1. 1. 1. 1. 1. 1. 0. 0. 1.
  1. 1. 1. 1. 1. 0. 1. 1. 1. 1. 1. 0. 0. 0. 1. 1. 1. 1. 1. 1. 1. 1. 1. 1.
  1. 1.]
 [1. 1. 1. 1. 1. 1. 1. 1. 1. 0. 1. 1. 1. 1. 0. 1. 1. 1. 1. 1. 1. 1. 0. 1.
  1. 1. 0. 1. 1. 1. 1. 0. 1. 1. 1. 1. 0. 1. 1. 1. 1. 1. 1. 1. 1. 0. 1. 1.
  0. 0.]
 [1. 1. 1. 1. 0. 1. 0. 1. 1. 1. 0. 1. 1. 1. 1. 1. 1. 0. 1. 1. 1. 1. 1. 1.
  0. 1. 1. 0. 1. 1. 1. 1. 1. 0. 1. 1. 0. 1. 1. 1. 0. 1. 0. 0. 1. 1. 1. 1.
  1. 1.]
 [1. 1. 0. 0. 1. 1. 1. 1. 1. 1. 1. 0. 1. 1. 1. 0. 1. 0. 1. 0. 1. 0. 0. 1.
  1. 0. 1. 1. 0. 1. 1. 1. 1. 1. 1. 1. 0. 0. 1. 1. 1. 0. 1. 1. 1. 1. 1. 1.
  1. 1.]
 [0. 1. 1. 0. 1. 1. 1. 1. 1. 1. 1. 1. 0. 0. 1. 1. 0. 1. 1. 1. 0. 1. 1. 0.
  1. 1. 0. 1. 0. 1. 1. 0. 1. 0. 1. 1. 1. 1. 1. 1. 1. 1. 1. 1. 1. 1. 1. 0.
  1. 1.]
 [1. 1. 1. 1. 1. 1. 1. 0. 1. 1. 1. 1. 0. 0. 1. 1. 0. 1. 0. 1. 1. 1. 1. 1.
  1. 0. 1. 1. 1. 1. 1. 0. 1. 1. 1. 1. 0. 1. 1. 1. 1. 1. 0. 1. 1. 1. 0. 0.
  1. 1.]
 [1. 1. 1. 1. 0. 1. 0. 0. 1. 0. 1. 1. 1. 1. 0. 1. 0. 1. 1. 1. 0. 1. 1. 1.
  1. 1. 1. 1. 0. 1. 1. 1. 1. 1. 1. 1. 1. 1. 1. 0. 1. 1. 1. 1. 0. 1. 1. 1.
  1. 1.]
 [1. 1. 1. 1. 1. 1. 0. 1. 1. 1. 1. 0. 1. 1. 1. 0. 0. 0. 0. 0. 0. 0. 0. 0.
  0. 0. 0. 0. 0. 0. 0. 0. 0. 0. 0. 0. 0. 0. 0. 0. 0. 0. 0. 0. 0. 0. 0. 0.
  0. 0.]
 [1. 1. 1. 1. 1. 1. 0. 1. 1. 1. 1. 1. 0. 0. 0. 0. 0. 0. 0. 0. 0. 0. 0. 0.
  0. 0. 0. 0. 0. 0. 0. 0. 0. 0. 0. 0. 0. 0. 0. 0. 0. 0. 0. 0. 0. 0. 0. 0.
  0. 0.]
 [1. 1. 1. 1. 1. 0. 1. 1. 1. 1. 0. 0. 1. 1. 1. 0. 0. 0. 0. 0. 0. 0. 0. 0.
  0. 0. 0. 0. 0. 0. 0. 0. 0. 0. 0. 0. 0. 0. 0. 0. 0. 0. 0. 0. 0. 0. 0. 0.
  0. 0.]
 [0. 0. 1. 1. 1. 1. 1. 0. 1. 1. 1. 1. 1. 0. 1. 0. 0. 0. 0. 0. 0. 0. 0. 0.
  0. 0. 0. 0. 0. 0. 0. 0. 0. 0. 0. 0. 0. 0. 0. 0. 0. 0. 0. 0. 0. 0. 0. 0.
  0. 0.]
 [1. 1. 1. 1. 0. 1. 1. 1. 1. 1. 1. 0. 1. 1. 1. 0. 0. 0. 0. 0. 0. 0. 0. 0.
  0. 0. 0. 0. 0. 0. 0. 0. 0. 0. 0. 0. 0. 0. 0. 0. 0. 0. 0. 0. 0. 0. 0. 0.
  0. 0.]
 [1. 0. 1. 1. 1. 1. 0. 1. 1. 1. 1. 1. 0. 1. 0. 0. 0. 0. 0. 0. 0. 0. 0. 0.
  0. 0. 0. 0. 0. 0. 0. 0. 0. 0. 0. 0. 0. 0. 0. 0. 0. 0. 0. 0. 0. 0. 0. 0.
  0. 0.]
 [1. 0. 1. 0. 0. 1. 1. 1. 0. 1. 1. 0. 1. 1. 1. 0. 0. 0. 0. 0. 0. 0. 0. 0.
  0. 0. 0. 0. 0. 0. 0. 0. 0. 0. 0. 0. 0. 0. 0. 0. 0. 0. 0. 0. 0. 0. 0. 0.
  0. 0.]
 [1. 1. 0. 1. 1. 1. 1. 1. 0. 0. 1. 0. 1. 1. 1. 0. 0. 0. 0. 0. 0. 0. 0. 0.
  0. 0. 0. 0. 0. 0. 0. 0. 0. 0. 0. 0. 0. 0. 0. 0. 0. 0. 0. 0. 0. 0. 0. 0.
  0. 0.]
 [1. 0. 1. 1. 1. 1. 1. 0. 1. 1. 1. 1. 0. 1. 1. 0. 0. 0. 0. 0. 0. 0. 0. 0.
  0. 0. 0. 0. 0. 0. 0. 0. 0. 0. 0. 0. 0. 0. 0. 0. 0. 0. 0. 0. 0. 0. 0. 0.
  0. 0.]
 [0. 0. 1. 1. 1. 1. 1. 1. 1. 1. 0. 1. 1. 1. 1. 0. 0. 0. 0. 0. 0. 0. 0. 0.
  0. 0. 0. 0. 0. 0. 0. 0. 0. 0. 0. 0. 0. 0. 0. 0. 0. 0. 0. 0. 0. 0. 0. 0.
  0. 0.]
 [0. 0. 1. 1. 1. 1. 1. 1. 1. 1. 1. 0. 1. 0. 1. 0. 0. 0. 0. 0. 0. 0. 0. 0.
  0. 0. 0. 0. 0. 0. 0. 0. 0. 0. 0. 0. 0. 0. 0. 0. 0. 0. 0. 0. 0. 0. 0. 0.
  0. 0.]
 [1. 1. 0. 1. 1. 0. 1. 1. 1. 0. 1. 1. 0. 1. 1. 0. 0. 0. 0. 0. 0. 0. 0. 0.
  0. 0. 0. 0. 0. 0. 0. 0. 0. 0. 0. 0. 0. 0. 0. 0. 0. 0. 0. 0. 0. 0. 0. 0.
  0. 0.]
 [1. 1. 1. 1. 1. 1. 1. 1. 1. 1. 0. 1. 1. 1. 1. 0. 0. 0. 0. 0. 0. 0. 0. 0.
  0. 0. 0. 0. 0. 0. 0. 0. 0. 0. 0. 0. 0. 0. 0. 0. 0. 0. 0. 0. 0. 0. 0. 0.
  0. 0.]
 [1. 1. 0. 1. 1. 1. 1. 1. 1. 1. 1. 0. 0. 1. 0. 0. 0. 0. 0. 0. 0. 0. 0. 0.
  0. 0. 0. 0. 0. 0. 0. 0. 0. 0. 0. 0. 0. 0. 0. 0. 0. 0. 0. 0. 0. 0. 0. 0.
  0. 0.]
 [1. 1. 0. 1. 1. 1. 1. 1. 0. 1. 1. 1. 1. 1. 1. 0. 0. 0. 0. 0. 0. 0. 0. 0.
  0. 0. 0. 0. 0. 0. 0. 0. 0. 0. 0. 0. 0. 0. 0. 0. 0. 0. 0. 0. 0. 0. 0. 0.
  0. 0.]
 [0. 1. 1. 0. 1. 1. 1. 1. 1. 1. 1. 1. 1. 1. 1. 0. 0. 0. 0. 0. 0. 0. 0. 0.
  0. 0. 0. 0. 0. 0. 0. 0. 0. 0. 0. 0. 0. 0. 0. 0. 0. 0. 0. 0. 0. 0. 0. 0.
  0. 0.]
 [1. 1. 1. 0. 1. 1. 1. 1. 1. 0. 1. 1. 0. 0. 1. 0. 0. 0. 0. 0. 0. 0. 0. 0.
  0. 0. 0. 0. 0. 0. 0. 0. 0. 0. 0. 0. 0. 0. 0. 0. 0. 0. 0. 0. 0. 0. 0. 0.
  0. 0.]
 [1. 1. 1. 0. 1. 1. 1. 1. 1. 1. 1. 1. 1. 1. 1. 0. 0. 0. 0. 0. 0. 0. 0. 0.
  0. 0. 0. 0. 0. 0. 0. 0. 0. 0. 0. 0. 0. 0. 0. 0. 0. 0. 0. 0. 0. 0. 0. 0.
  0. 0.]
 [1. 1. 1. 1. 1. 0. 1. 1. 1. 1. 0. 1. 0. 1. 1. 0. 0. 0. 0. 0. 0. 0. 0. 0.
  0. 0. 0. 0. 0. 0. 0. 0. 0. 0. 0. 0. 0. 0. 0. 0. 0. 0. 0. 0. 0. 0. 0. 0.
  0. 0.]
 [1. 1. 1. 1. 1. 0. 1. 1. 1. 1. 1. 1. 1. 1. 1. 0. 0. 0. 0. 0. 0. 0. 0. 0.
  0. 0. 0. 0. 0. 0. 0. 0. 0. 0. 0. 0. 0. 0. 0. 0. 0. 0. 0. 0. 0. 0. 0. 0.
  0. 0.]
 [1. 1. 1. 0. 0. 0. 1. 1. 0. 1. 1. 1. 1. 1. 1. 0. 0. 0. 0. 0. 0. 0. 0. 0.
  0. 0. 0. 0. 0. 0. 0. 0. 0. 0. 0. 0. 0. 0. 0. 0. 0. 0. 0. 0. 0. 0. 0. 0.
  0. 0.]
 [1. 1. 1. 1. 1. 1. 1. 1. 0. 0. 0. 0. 1. 0. 1. 0. 0. 0. 0. 0. 0. 0. 0. 0.
  0. 0. 0. 0. 0. 0. 0. 0. 0. 0. 0. 0. 0. 0. 0. 0. 0. 0. 0. 0. 0. 0. 0. 0.
  0. 0.]
 [1. 1. 1. 1. 1. 1. 1. 0. 0. 1. 1. 0. 1. 1. 1. 0. 0. 0. 0. 0. 0. 0. 0. 0.
  0. 0. 0. 0. 0. 0. 0. 0. 0. 0. 0. 0. 0. 0. 0. 0. 0. 0. 0. 0. 0. 0. 0. 0.
  0. 0.]
 [1. 0. 1. 1. 1. 1. 1. 1. 1. 1. 1. 1. 1. 1. 1. 0. 0. 0. 0. 0. 0. 0. 0. 0.
  0. 0. 0. 0. 0. 0. 0. 0. 0. 0. 0. 0. 0. 0. 0. 0. 0. 0. 0. 0. 0. 0. 0. 0.
  0. 0.]
 [1. 1. 0. 1. 0. 1. 1. 1. 1. 1. 1. 1. 1. 1. 0. 0. 0. 0. 0. 0. 0. 0. 0. 0.
  0. 0. 0. 0. 0. 0. 0. 0. 0. 0. 0. 0. 0. 0. 0. 0. 0. 0. 0. 0. 0. 0. 0. 0.
  0. 0.]
 [1. 1. 0. 1. 1. 1. 1. 0. 1. 1. 0. 1. 1. 1. 1. 0. 0. 0. 0. 0. 0. 0. 0. 0.
  0. 0. 0. 0. 0. 0. 0. 0. 0. 0. 0. 0. 0. 0. 0. 0. 0. 0. 0. 0. 0. 0. 0. 0.
  0. 0.]
 [1. 0. 1. 1. 1. 1. 1. 0. 1. 1. 1. 0. 1. 1. 1. 0. 0. 0. 0. 0. 0. 0. 0. 0.
  0. 0. 0. 0. 0. 0. 0. 0. 0. 0. 0. 0. 0. 0. 0. 0. 0. 0. 0. 0. 0. 0. 0. 0.
  0. 0.]
 [1. 1. 1. 1. 1. 1. 1. 1. 1. 1. 0. 1. 1. 0. 1. 0. 0. 0. 0. 0. 0. 0. 0. 0.
  0. 0. 0. 0. 0. 0. 0. 0. 0. 0. 0. 0. 0. 0. 0. 0. 0. 0. 0. 0. 0. 0. 0. 0.
  0. 0.]
 [0. 1. 0. 0. 0. 1. 1. 1. 1. 1. 0. 1. 1. 1. 1. 0. 0. 0. 0. 0. 0. 0. 0. 0.
  0. 0. 0. 0. 0. 0. 0. 0. 0. 0. 0. 0. 0. 0. 0. 0. 0. 0. 0. 0. 0. 0. 0. 0.
  0. 0.]
 [1. 0. 0. 0. 0. 1. 1. 1. 1. 1. 1. 1. 1. 1. 0. 0. 0. 0. 0. 0. 0. 0. 0. 0.
  0. 0. 0. 0. 0. 0. 0. 0. 0. 0. 0. 0. 0. 0. 0. 0. 0. 0. 0. 0. 0. 0. 0. 0.
  0. 0.]
 [1. 1. 0. 1. 0. 1. 1. 1. 1. 0. 1. 1. 1. 1. 1. 0. 0. 0. 0. 0. 0. 0. 0. 0.
  0. 0. 0. 0. 0. 0. 0. 0. 0. 0. 0. 0. 0. 0. 0. 0. 0. 0. 0. 0. 0. 0. 0. 0.
  0. 0.]
 [1. 1. 1. 1. 0. 0. 1. 1. 1. 1. 1. 1. 1. 0. 1. 0. 0. 0. 0. 0. 0. 0. 0. 0.
  0. 0. 0. 0. 0. 0. 0. 0. 0. 0. 0. 0. 0. 0. 0. 0. 0. 0. 0. 0. 0. 0. 0. 0.
  0. 0.]
 [0. 1. 1. 1. 1. 1. 1. 1. 1. 1. 1. 1. 0. 0. 1. 0. 0. 0. 0. 0. 0. 0. 0. 0.
  0. 0. 0. 0. 0. 0. 0. 0. 0. 0. 0. 0. 0. 0. 0. 0. 0. 0. 0. 0. 0. 0. 0. 0.
  0. 0.]
 [0. 0. 1. 1. 1. 1. 0. 0. 1. 0. 1. 1. 1. 1. 1. 0. 0. 0. 0. 0. 0. 0. 0. 0.
  0. 0. 0. 0. 0. 0. 0. 0. 0. 0. 0. 0. 0. 0. 0. 0. 0. 0. 0. 0. 0. 0. 0. 0.
  0. 0.]
 [1. 1. 0. 0. 1. 1. 1. 1. 1. 0. 1. 1. 1. 1. 1. 0. 0. 0. 0. 0. 0. 0. 0. 0.
  0. 0. 0. 0. 0. 0. 0. 0. 0. 0. 0. 0. 0. 0. 0. 0. 0. 0. 0. 0. 0. 0. 0. 0.
  0. 0.]]
start_times_array: [[2.3694e+04 2.3708e+04 2.3787e+04 2.3831e+04 2.3866e+04 2.3908e+04
  2.4058e+04 2.4109e+04 2.4336e+04 2.4349e+04 2.4358e+04 2.4404e+04
  2.4488e+04 2.4548e+04 2.4558e+04]
 [2.3611e+04 2.3694e+04 2.3736e+04 2.3831e+04 2.3928e+04 2.3971e+04
  2.4011e+04 2.4036e+04 2.4058e+04 2.4115e+04 2.4130e+04 2.4189e+04
  2.4222e+04 2.4305e+04 2.4377e+04]
 [2.2792e+04 2.2807e+04 2.2899e+04 2.2981e+04 2.3057e+04 2.3144e+04
  2.3237e+04 2.3267e+04 2.3363e+04 2.3384e+04 2.3460e+04 2.3521e+04
  2.3583e+04 2.3590e+04 2.3656e+04]
 [2.1765e+04 2.1882e+04 2.1978e+04 2.2055e+04 2.2152e+04 2.2178e+04
  2.2191e+04 2.2281e+04 2.2341e+04 2.2432e+04 2.2518e+04 2.2592e+04
  2.2656e+04 2.2698e+04 2.2791e+04]
 [2.0929e+04 2.1068e+04 2.1129e+04 2.1216e+04 2.1218e+04 2.1248e+04
  2.1376e+04 2.1434e+04 2.1439e+04 2.1522e+04 2.1594e+04 2.1665e+04
  2.1717e+04 2.1801e+04 2.1855e+04]
 [2.0929e+04 2.1062e+04 2.1128e+04 2.1129e+04 2.1141e+04 2.1162e+04
  2.1186e+04 2.1205e+04 2.1211e+04 2.1242e+04 2.1292e+04 2.1376e+04
  2.1410e+04 2.1469e+04 2.1533e+04]
 [2.0214e+04 2.0265e+04 2.0313e+04 2.0352e+04 2.0427e+04 2.0440e+04
  2.0534e+04 2.0539e+04 2.0612e+04 2.0650e+04 2.0678e+04 2.0755e+04
  2.0795e+04 2.0840e+04 2.0973e+04]
 [1.8740e+04 1.9448e+04 1.9483e+04 1.9570e+04 1.9618e+04 1.9643e+04
  1.9647e+04 1.9723e+04 1.9745e+04 1.9837e+04 1.9914e+04 2.0000e+04
  2.0035e+04 2.0078e+04 2.0153e+04]
 [1.8696e+04 1.8881e+04 1.8922e+04 1.9002e+04 1.9028e+04 1.9046e+04
  1.9076e+04 1.9119e+04 1.9169e+04 1.9195e+04 1.9218e+04 1.9240e+04
  1.9310e+04 1.9354e+04 1.9407e+04]
 [1.8082e+04 1.8164e+04 1.8167e+04 1.8172e+04 1.8202e+04 1.8295e+04
  1.8371e+04 1.8457e+04 1.8477e+04 1.8549e+04 1.8615e+04 1.8745e+04
  1.8782e+04 1.8819e+04 1.8867e+04]
 [1.7287e+04 1.7444e+04 1.7513e+04 1.7581e+04 1.7582e+04 1.7658e+04
  1.7669e+04 1.7714e+04 1.7794e+04 1.7818e+04 1.7905e+04 1.7953e+04
  1.7998e+04 1.8123e+04 1.8157e+04]
 [1.6691e+04 1.6771e+04 1.6775e+04 1.6859e+04 1.6864e+04 1.6916e+04
  1.6991e+04 1.6995e+04 1.7088e+04 1.7121e+04 1.7155e+04 1.7232e+04
  1.7314e+04 1.7361e+04 1.7452e+04]
 [1.5890e+04 1.5953e+04 1.6029e+04 1.6057e+04 1.6151e+04 1.6209e+04
  1.6264e+04 1.6288e+04 1.6386e+04 1.6477e+04 1.6568e+04 1.6585e+04
  1.6622e+04 1.6662e+04 1.6673e+04]
 [1.5601e+04 1.5649e+04 1.5752e+04 1.5807e+04 1.5874e+04 1.5909e+04
  1.5948e+04 1.6029e+04 1.6209e+04 1.6279e+04 1.6307e+04 1.6405e+04
  1.6493e+04 1.6573e+04 1.6614e+04]
 [1.4997e+04 1.5044e+04 1.5129e+04 1.5219e+04 1.5266e+04 1.5272e+04
  1.5358e+04 1.5382e+04 1.5439e+04 1.5457e+04 1.5531e+04 1.5595e+04
  1.5644e+04 1.5656e+04 1.5755e+04]
 [7.2390e+03 1.3607e+04 1.4489e+04 1.4556e+04 1.4607e+04 1.4626e+04
  1.4692e+04 1.4743e+04 1.4796e+04 1.4800e+04 1.4895e+04 1.4923e+04
  1.4968e+04 1.4995e+04 1.5061e+04]
 [1.0949e+04 1.3803e+04 1.3853e+04 1.3964e+04 1.4029e+04 1.4093e+04
  1.4108e+04 1.4182e+04 1.4272e+04 1.4289e+04 1.4387e+04 1.4415e+04
  1.4433e+04 1.4489e+04 1.4569e+04]
 [1.2752e+04 1.2803e+04 1.2839e+04 1.2937e+04 1.3651e+04 1.3731e+04
  1.3808e+04 1.3869e+04 1.3964e+04 1.4033e+04 1.4046e+04 1.4093e+04
  1.4137e+04 1.4154e+04 1.4155e+04]
 [1.1537e+04 1.3048e+04 1.3054e+04 1.3070e+04 1.3421e+04 1.3466e+04
  1.3523e+04 1.3548e+04 1.3562e+04 1.3593e+04 1.3605e+04 1.3607e+04
  1.3651e+04 1.3749e+04 1.3796e+04]
 [1.0808e+04 1.2943e+04 1.3014e+04 1.3048e+04 1.3053e+04 1.3143e+04
  1.3194e+04 1.3212e+04 1.3278e+04 1.3334e+04 1.3383e+04 1.3421e+04
  1.3465e+04 1.3486e+04 1.3560e+04]
 [1.0905e+04 1.2257e+04 1.2261e+04 1.2290e+04 1.2386e+04 1.2464e+04
  1.2544e+04 1.2609e+04 1.2670e+04 1.2754e+04 1.2780e+04 1.2816e+04
  1.2883e+04 1.2943e+04 1.2959e+04]
 [1.1664e+04 1.1704e+04 1.1757e+04 1.1925e+04 1.1931e+04 1.2026e+04
  1.2117e+04 1.2128e+04 1.2149e+04 1.2225e+04 1.2290e+04 1.2464e+04
  1.2541e+04 1.2670e+04 1.2752e+04]
 [1.1220e+04 1.1267e+04 1.1285e+04 1.1582e+04 1.1664e+04 1.1685e+04
  1.1709e+04 1.1776e+04 1.1844e+04 1.1925e+04 1.1974e+04 1.2013e+04
  1.2042e+04 1.2062e+04 1.2141e+04]
 [9.1630e+03 1.1069e+04 1.1215e+04 1.1271e+04 1.1337e+04 1.1353e+04
  1.1415e+04 1.1442e+04 1.1448e+04 1.1449e+04 1.1537e+04 1.1582e+04
  1.1609e+04 1.1617e+04 1.1704e+04]
 [9.5280e+03 1.0111e+04 1.0132e+04 1.0560e+04 1.0648e+04 1.0681e+04
  1.0800e+04 1.0868e+04 1.0905e+04 1.1039e+04 1.1072e+04 1.1129e+04
  1.1158e+04 1.1174e+04 1.1215e+04]
 [1.0369e+04 1.0442e+04 1.0528e+04 1.0547e+04 1.0646e+04 1.0724e+04
  1.0800e+04 1.0808e+04 1.0853e+04 1.0949e+04 1.0992e+04 1.1039e+04
  1.1047e+04 1.1072e+04 1.1129e+04]
 [7.2330e+03 9.4160e+03 9.6060e+03 9.6570e+03 9.7100e+03 1.0047e+04
  1.0111e+04 1.0167e+04 1.0248e+04 1.0254e+04 1.0307e+04 1.0369e+04
  1.0421e+04 1.0472e+04 1.0538e+04]
 [7.4870e+03 9.3640e+03 9.4600e+03 9.4850e+03 9.5510e+03 9.6430e+03
  9.6870e+03 9.7550e+03 9.8050e+03 9.8280e+03 9.8730e+03 9.9450e+03
  1.0038e+04 1.0047e+04 1.0060e+04]
 [9.0300e+03 9.1250e+03 9.1410e+03 9.2050e+03 9.2770e+03 9.3090e+03
  9.3130e+03 9.3640e+03 9.4160e+03 9.4510e+03 9.5280e+03 9.6430e+03
  9.7150e+03 9.7800e+03 9.8260e+03]
 [6.5600e+03 7.2930e+03 7.3230e+03 8.4350e+03 8.5020e+03 8.5790e+03
  8.5880e+03 8.6440e+03 8.7180e+03 8.8040e+03 8.8670e+03 8.9480e+03
  9.0300e+03 9.1010e+03 9.1630e+03]
 [6.6510e+03 6.6570e+03 7.1910e+03 7.2390e+03 7.2420e+03 8.0640e+03
  8.1490e+03 8.1800e+03 8.2230e+03 8.2370e+03 8.3070e+03 8.3230e+03
  8.4100e+03 8.4350e+03 8.4970e+03]
 [7.1410e+03 7.2330e+03 7.3310e+03 7.4220e+03 7.4520e+03 7.4870e+03
  7.5160e+03 7.5960e+03 7.6950e+03 7.7200e+03 7.7730e+03 7.8220e+03
  7.9190e+03 7.9530e+03 8.0510e+03]
 [6.4600e+03 6.4940e+03 6.5600e+03 6.6430e+03 6.7210e+03 6.7310e+03
  6.8260e+03 6.8900e+03 6.9330e+03 6.9980e+03 7.0350e+03 7.1080e+03
  7.1410e+03 7.1860e+03 7.1910e+03]
 [5.4110e+03 5.4270e+03 5.5240e+03 5.5660e+03 5.6440e+03 6.0590e+03
  6.1070e+03 6.1650e+03 6.2190e+03 6.3090e+03 6.3450e+03 6.4180e+03
  6.4600e+03 6.4780e+03 6.6220e+03]
 [5.2110e+03 5.4480e+03 5.7600e+03 5.7880e+03 5.7960e+03 5.8090e+03
  5.9010e+03 5.9140e+03 5.9650e+03 6.0960e+03 6.1320e+03 6.1760e+03
  6.2430e+03 6.2680e+03 6.3450e+03]
 [4.8810e+03 5.2560e+03 5.5660e+03 5.5790e+03 5.6440e+03 5.6530e+03
  5.6980e+03 5.7870e+03 5.8660e+03 5.9650e+03 6.0590e+03 6.0960e+03
  6.1720e+03 6.2710e+03 6.3090e+03]
 [4.7680e+03 4.8000e+03 4.8650e+03 5.1670e+03 5.2540e+03 5.2560e+03
  5.3110e+03 5.3770e+03 5.4270e+03 5.4580e+03 5.5240e+03 5.6120e+03
  5.6220e+03 5.6680e+03 5.7240e+03]
 [3.5360e+03 3.7020e+03 4.6840e+03 4.7390e+03 4.8010e+03 4.8660e+03
  4.9630e+03 4.9720e+03 5.0190e+03 5.0750e+03 5.1670e+03 5.1880e+03
  5.2540e+03 5.2940e+03 5.3140e+03]
 [3.8950e+03 4.0300e+03 4.1540e+03 4.2260e+03 4.2970e+03 4.3020e+03
  4.3580e+03 4.4420e+03 4.4950e+03 4.5930e+03 4.6690e+03 4.6840e+03
  4.7680e+03 4.8160e+03 4.8810e+03]
 [2.5600e+03 3.5260e+03 3.8420e+03 3.8560e+03 3.8590e+03 3.8840e+03
  3.9790e+03 4.0320e+03 4.0540e+03 4.0850e+03 4.0880e+03 4.1740e+03
  4.2140e+03 4.2800e+03 4.3600e+03]
 [3.0440e+03 3.4750e+03 3.5140e+03 3.6040e+03 3.7020e+03 3.7190e+03
  3.8070e+03 3.8420e+03 3.8940e+03 3.8950e+03 3.9940e+03 4.0300e+03
  4.0590e+03 4.1360e+03 4.1540e+03]
 [2.2690e+03 2.8060e+03 2.8390e+03 3.0430e+03 3.1240e+03 3.1950e+03
  3.2520e+03 3.3550e+03 3.3840e+03 3.4250e+03 3.4320e+03 3.4930e+03
  3.5000e+03 3.5320e+03 3.5470e+03]
 [2.5380e+03 3.0050e+03 3.0430e+03 3.0640e+03 3.0890e+03 3.0980e+03
  3.1480e+03 3.1990e+03 3.2820e+03 3.3550e+03 3.4400e+03 3.4930e+03
  3.5140e+03 3.5260e+03 3.5360e+03]
 [1.9550e+03 2.3520e+03 2.4360e+03 2.5300e+03 2.6120e+03 2.6540e+03
  2.6800e+03 2.6960e+03 2.7360e+03 2.7910e+03 2.8060e+03 2.8370e+03
  2.9100e+03 3.0050e+03 3.0440e+03]
 [1.6560e+03 1.7080e+03 1.7790e+03 1.8540e+03 1.8650e+03 1.9810e+03
  2.0560e+03 2.1240e+03 2.1790e+03 2.2690e+03 2.2900e+03 2.3520e+03
  2.3750e+03 2.5300e+03 2.5380e+03]
 [1.8400e+02 2.7500e+02 6.7000e+02 7.1400e+02 1.2170e+03 1.7540e+03
  1.8140e+03 1.8500e+03 1.9310e+03 1.9550e+03 2.0150e+03 2.0770e+03
  2.0900e+03 2.1780e+03 2.2160e+03]
 [9.3200e+02 1.2420e+03 1.3290e+03 1.3780e+03 1.4550e+03 1.4870e+03
  1.5150e+03 1.5950e+03 1.6560e+03 1.7310e+03 1.7540e+03 1.7590e+03
  1.8020e+03 1.8330e+03 1.9130e+03]
 [1.3100e+02 3.2000e+02 4.2500e+02 7.7200e+02 8.1100e+02 8.8500e+02
  9.3200e+02 9.8800e+02 1.0690e+03 1.1200e+03 1.2050e+03 1.2170e+03
  1.2420e+03 1.3060e+03 1.3760e+03]
 [1.2500e+02 1.9800e+02 2.7100e+02 3.3000e+02 3.7700e+02 4.1300e+02
  4.9400e+02 5.8000e+02 6.1800e+02 6.5100e+02 6.7400e+02 6.8900e+02
  7.8600e+02 8.1100e+02 8.7800e+02]
 [0.0000e+00 9.0000e+00 6.7000e+01 1.3100e+02 1.7700e+02 1.7900e+02
  2.0300e+02 2.7100e+02 2.7500e+02 3.3000e+02 4.2500e+02 5.2300e+02
  5.8000e+02 6.4300e+02 1.0380e+03]]
