optimal_status: 0
solution: 20779.0
cpu_time: 3603.588782787323
gap: 0.9344062465595203
upper_bound: 1362.9726027397273
lower_bound: 20779.0
cg_matrix: [[0. 0. 1. 1. 1. 0. 1. 1. 0. 1. 1. 0. 1. 1. 1. 1. 1. 0. 1. 0. 0. 0. 1. 1.
  1. 1. 1. 1. 1. 1.]
 [0. 0. 1. 1. 1. 1. 0. 1. 1. 1. 1. 0. 0. 1. 1. 1. 1. 0. 1. 1. 1. 1. 1. 1.
  1. 0. 0. 0. 1. 1.]
 [1. 1. 0. 1. 0. 0. 1. 1. 1. 1. 1. 0. 0. 1. 1. 1. 1. 1. 1. 0. 0. 1. 1. 1.
  1. 1. 1. 1. 1. 1.]
 [1. 1. 1. 0. 0. 1. 1. 1. 0. 1. 1. 0. 1. 1. 1. 1. 1. 0. 1. 1. 1. 1. 1. 1.
  1. 1. 0. 1. 0. 0.]
 [1. 1. 0. 0. 0. 0. 1. 0. 1. 1. 1. 1. 1. 1. 1. 0. 1. 1. 1. 1. 1. 1. 1. 1.
  1. 1. 1. 0. 1. 1.]
 [0. 1. 0. 1. 0. 0. 1. 1. 0. 1. 1. 1. 1. 1. 1. 1. 1. 0. 1. 1. 1. 1. 0. 1.
  1. 0. 1. 0. 0. 1.]
 [1. 0. 1. 1. 1. 1. 0. 1. 1. 1. 1. 1. 1. 1. 1. 1. 1. 1. 1. 1. 1. 1. 1. 1.
  1. 0. 1. 1. 1. 1.]
 [1. 1. 1. 1. 0. 1. 1. 0. 1. 1. 1. 1. 1. 1. 1. 1. 1. 1. 1. 1. 0. 1. 1. 1.
  1. 1. 1. 1. 1. 0.]
 [0. 1. 1. 0. 1. 0. 1. 1. 0. 0. 1. 1. 1. 0. 1. 1. 1. 1. 1. 0. 1. 1. 1. 1.
  1. 1. 1. 0. 1. 1.]
 [1. 1. 1. 1. 1. 1. 1. 1. 0. 0. 1. 0. 1. 1. 1. 1. 1. 1. 1. 0. 1. 0. 1. 1.
  1. 1. 1. 0. 1. 1.]
 [1. 1. 1. 1. 1. 1. 1. 1. 1. 1. 0. 1. 0. 1. 1. 0. 0. 1. 0. 1. 0. 0. 1. 0.
  1. 1. 1. 1. 1. 0.]
 [0. 0. 0. 0. 1. 1. 1. 1. 1. 0. 1. 0. 1. 1. 1. 1. 0. 1. 1. 1. 1. 1. 1. 1.
  1. 1. 1. 1. 1. 1.]
 [1. 0. 0. 1. 1. 1. 1. 1. 1. 1. 0. 1. 0. 1. 1. 0. 1. 0. 1. 1. 1. 0. 1. 1.
  0. 1. 1. 0. 1. 1.]
 [1. 1. 1. 1. 1. 1. 1. 1. 0. 1. 1. 1. 1. 0. 1. 1. 1. 0. 1. 0. 1. 1. 1. 0.
  1. 0. 1. 1. 1. 0.]
 [1. 1. 1. 1. 1. 1. 1. 1. 1. 1. 1. 1. 1. 1. 0. 1. 1. 1. 1. 1. 1. 1. 1. 1.
  1. 1. 0. 1. 0. 1.]
 [1. 1. 1. 1. 0. 1. 1. 1. 1. 1. 0. 1. 0. 1. 1. 0. 1. 0. 1. 1. 1. 0. 1. 1.
  1. 1. 1. 1. 1. 0.]
 [1. 1. 1. 1. 1. 1. 1. 1. 1. 1. 0. 0. 1. 1. 1. 1. 0. 1. 1. 0. 1. 0. 1. 1.
  1. 1. 0. 1. 1. 1.]
 [0. 0. 1. 0. 1. 0. 1. 1. 1. 1. 1. 1. 0. 0. 1. 0. 1. 0. 1. 1. 1. 1. 1. 0.
  0. 0. 1. 1. 1. 1.]
 [1. 1. 1. 1. 1. 1. 1. 1. 1. 1. 0. 1. 1. 1. 1. 1. 1. 1. 0. 1. 1. 0. 1. 1.
  1. 1. 1. 1. 1. 0.]
 [0. 1. 0. 1. 1. 1. 1. 1. 0. 0. 1. 1. 1. 0. 1. 1. 0. 1. 1. 0. 1. 1. 0. 1.
  0. 0. 1. 1. 1. 1.]
 [0. 1. 0. 1. 1. 1. 1. 0. 1. 1. 0. 1. 1. 1. 1. 1. 1. 1. 1. 1. 0. 0. 0. 0.
  0. 0. 0. 0. 0. 0.]
 [0. 1. 1. 1. 1. 1. 1. 1. 1. 0. 0. 1. 0. 1. 1. 0. 0. 1. 0. 1. 0. 0. 0. 0.
  0. 0. 0. 0. 0. 0.]
 [1. 1. 1. 1. 1. 0. 1. 1. 1. 1. 1. 1. 1. 1. 1. 1. 1. 1. 1. 0. 0. 0. 0. 0.
  0. 0. 0. 0. 0. 0.]
 [1. 1. 1. 1. 1. 1. 1. 1. 1. 1. 0. 1. 1. 0. 1. 1. 1. 0. 1. 1. 0. 0. 0. 0.
  0. 0. 0. 0. 0. 0.]
 [1. 1. 1. 1. 1. 1. 1. 1. 1. 1. 1. 1. 0. 1. 1. 1. 1. 0. 1. 0. 0. 0. 0. 0.
  0. 0. 0. 0. 0. 0.]
 [1. 0. 1. 1. 1. 0. 0. 1. 1. 1. 1. 1. 1. 0. 1. 1. 1. 0. 1. 0. 0. 0. 0. 0.
  0. 0. 0. 0. 0. 0.]
 [1. 0. 1. 0. 1. 1. 1. 1. 1. 1. 1. 1. 1. 1. 0. 1. 0. 1. 1. 1. 0. 0. 0. 0.
  0. 0. 0. 0. 0. 0.]
 [1. 0. 1. 1. 0. 0. 1. 1. 0. 0. 1. 1. 0. 1. 1. 1. 1. 1. 1. 1. 0. 0. 0. 0.
  0. 0. 0. 0. 0. 0.]
 [1. 1. 1. 0. 1. 0. 1. 1. 1. 1. 1. 1. 1. 1. 0. 1. 1. 1. 1. 1. 0. 0. 0. 0.
  0. 0. 0. 0. 0. 0.]
 [1. 1. 1. 0. 1. 1. 1. 0. 1. 1. 0. 1. 1. 0. 1. 0. 1. 1. 0. 1. 0. 0. 0. 0.
  0. 0. 0. 0. 0. 0.]]
start_times_array: [[1.8530e+03 1.9621e+04 1.9712e+04 1.9804e+04 1.9817e+04 1.9878e+04
  1.9934e+04 2.0029e+04 2.0106e+04 2.0146e+04 2.0169e+04 2.0256e+04
  2.0352e+04 2.0447e+04 2.0498e+04 2.0596e+04 2.0640e+04 2.0650e+04
  2.0707e+04 2.0751e+04]
 [1.0010e+03 1.8930e+03 1.9300e+03 1.9430e+03 2.0310e+03 2.0380e+03
  2.1250e+03 2.1370e+03 2.1770e+03 1.9712e+04 1.9781e+04 1.9807e+04
  1.9868e+04 1.9884e+04 2.0029e+04 2.0108e+04 2.0160e+04 2.0447e+04
  2.0540e+04 2.0613e+04]
 [1.8624e+04 1.8694e+04 1.8695e+04 1.8767e+04 1.8803e+04 1.8869e+04
  1.8934e+04 1.8996e+04 1.9094e+04 1.9153e+04 1.9218e+04 1.9244e+04
  1.9333e+04 1.9345e+04 1.9397e+04 1.9470e+04 1.9522e+04 1.9550e+04
  1.9610e+04 1.9686e+04]
 [0.0000e+00 4.0000e+00 9.8000e+01 1.7439e+04 1.7478e+04 1.7571e+04
  1.7583e+04 1.7675e+04 1.7761e+04 1.7770e+04 1.7877e+04 1.8033e+04
  1.8112e+04 1.8204e+04 1.8245e+04 1.8342e+04 1.8387e+04 1.8471e+04
  1.8560e+04 1.9116e+04]
 [1.6530e+03 1.6983e+04 1.7072e+04 1.7129e+04 1.7153e+04 1.7235e+04
  1.7328e+04 1.7408e+04 1.7443e+04 1.7504e+04 1.7550e+04 1.7586e+04
  1.7654e+04 1.7677e+04 1.7690e+04 1.7741e+04 1.8033e+04 1.8109e+04
  1.8342e+04 1.8440e+04]
 [1.1500e+03 1.1850e+03 1.2510e+03 2.8500e+03 2.9360e+03 1.6237e+04
  1.6983e+04 1.7031e+04 1.7129e+04 1.7187e+04 1.7194e+04 1.7220e+04
  1.7235e+04 1.7238e+04 1.7275e+04 1.7367e+04 1.7376e+04 1.7857e+04
  1.7942e+04 1.8624e+04]
 [2.6080e+03 1.6066e+04 1.6175e+04 1.6289e+04 1.6297e+04 1.6347e+04
  1.6366e+04 1.6419e+04 1.6488e+04 1.6555e+04 1.6563e+04 1.6573e+04
  1.6595e+04 1.6635e+04 1.6720e+04 1.6764e+04 1.6786e+04 1.6787e+04
  1.6877e+04 1.6924e+04]
 [6.8100e+02 8.0600e+02 8.8900e+02 1.5310e+04 1.5399e+04 1.5471e+04
  1.5510e+04 1.5557e+04 1.5596e+04 1.5611e+04 1.5612e+04 1.5676e+04
  1.5742e+04 1.5759e+04 1.5827e+04 1.5870e+04 1.5933e+04 1.6029e+04
  1.6076e+04 1.6140e+04]
 [1.7870e+03 1.8450e+03 2.7540e+03 2.8500e+03 1.4157e+04 1.4190e+04
  1.4219e+04 1.4265e+04 1.4346e+04 1.4357e+04 1.4445e+04 1.4680e+04
  1.4750e+04 1.4868e+04 1.4964e+04 1.5054e+04 1.5100e+04 1.5169e+04
  1.5261e+04 1.5265e+04]
 [1.3485e+04 1.3858e+04 1.3936e+04 1.4015e+04 1.4059e+04 1.4061e+04
  1.4157e+04 1.4225e+04 1.4282e+04 1.4315e+04 1.4405e+04 1.4474e+04
  1.4565e+04 1.4600e+04 1.4680e+04 1.4706e+04 1.4750e+04 1.4841e+04
  1.4868e+04 1.4870e+04]
 [4.1100e+02 1.2854e+04 1.2900e+04 1.3019e+04 1.3061e+04 1.3114e+04
  1.3158e+04 1.3179e+04 1.3224e+04 1.3315e+04 1.3319e+04 1.3395e+04
  1.3413e+04 1.3559e+04 1.3637e+04 1.3657e+04 1.3701e+04 1.3753e+04
  1.3790e+04 1.4124e+04]
 [1.2180e+03 1.1742e+04 1.1875e+04 1.2006e+04 1.2043e+04 1.2046e+04
  1.2118e+04 1.2207e+04 1.2238e+04 1.2301e+04 1.2307e+04 1.2405e+04
  1.2407e+04 1.2430e+04 1.2468e+04 1.2555e+04 1.2646e+04 1.2706e+04
  1.2761e+04 1.2981e+04]
 [1.0010e+03 1.0864e+04 1.0949e+04 1.1004e+04 1.1056e+04 1.1143e+04
  1.1168e+04 1.1253e+04 1.1286e+04 1.1328e+04 1.1393e+04 1.1452e+04
  1.1543e+04 1.1634e+04 1.1650e+04 1.1680e+04 1.1805e+04 1.1957e+04
  1.1971e+04 1.2099e+04]
 [9.8840e+03 9.9000e+03 9.9230e+03 9.9930e+03 1.0034e+04 1.0046e+04
  1.0231e+04 1.0257e+04 1.0398e+04 1.0412e+04 1.0503e+04 1.0553e+04
  1.0631e+04 1.0632e+04 1.0634e+04 1.0638e+04 1.0718e+04 1.0732e+04
  1.0795e+04 1.0850e+04]
 [1.3230e+03 9.1080e+03 9.2070e+03 9.2630e+03 9.3440e+03 9.3960e+03
  9.4100e+03 9.4170e+03 9.4910e+03 9.5240e+03 9.5930e+03 9.6160e+03
  9.6840e+03 9.7290e+03 9.7480e+03 9.7860e+03 9.8210e+03 9.8420e+03
  1.0145e+04 1.0300e+04]
 [2.8900e+02 8.0620e+03 8.2350e+03 8.3310e+03 8.3360e+03 8.3920e+03
  8.4820e+03 8.5320e+03 8.5730e+03 8.6070e+03 8.7000e+03 8.7610e+03
  8.8280e+03 8.8880e+03 8.9190e+03 8.9240e+03 8.9650e+03 9.0500e+03
  9.1400e+03 9.1970e+03]
 [9.6400e+02 7.1570e+03 7.2490e+03 7.2660e+03 7.3600e+03 7.4270e+03
  7.4870e+03 7.5580e+03 7.5860e+03 7.6560e+03 7.7530e+03 7.8090e+03
  7.8380e+03 7.8940e+03 7.9350e+03 7.9920e+03 8.1130e+03 8.1390e+03
  8.1890e+03 8.1910e+03]
 [1.0010e+03 5.9410e+03 6.1200e+03 6.2050e+03 6.2220e+03 6.2230e+03
  6.3090e+03 6.3970e+03 6.4400e+03 6.4980e+03 6.6290e+03 6.6800e+03
  6.7390e+03 6.7770e+03 6.8760e+03 6.8830e+03 6.9320e+03 7.0200e+03
  7.0760e+03 7.1560e+03]
 [4.3100e+02 5.4600e+02 5.1520e+03 5.2420e+03 5.3010e+03 5.3810e+03
  5.4250e+03 5.4510e+03 5.4950e+03 5.5810e+03 5.6120e+03 5.6840e+03
  5.7130e+03 5.7810e+03 5.8100e+03 5.8590e+03 5.8820e+03 5.9890e+03
  6.0500e+03 6.5800e+03]
 [9.6400e+02 4.0450e+03 4.0900e+03 4.3150e+03 4.4980e+03 4.5160e+03
  4.5490e+03 4.5910e+03 4.5950e+03 4.6020e+03 4.6710e+03 4.7390e+03
  4.7780e+03 4.8650e+03 4.9260e+03 4.9680e+03 4.9840e+03 5.0270e+03
  5.1100e+03 5.1160e+03]
 [1.6300e+02 2.5400e+02 4.2200e+02 3.0350e+03 3.1330e+03 3.3770e+03
  3.5370e+03 3.6050e+03 3.6860e+03 3.6960e+03 3.7540e+03 3.8800e+03
  3.9730e+03 3.9990e+03 4.1140e+03 4.2050e+03 4.2570e+03 4.2660e+03
  4.4030e+03 4.4180e+03]
 [3.1000e+01 1.6300e+02 2.4100e+02 3.0000e+02 3.1140e+03 3.1250e+03
  3.1490e+03 3.3190e+03 3.4990e+03 3.5270e+03 3.5290e+03 3.5520e+03
  3.5900e+03 3.6610e+03 3.7300e+03 3.8270e+03 3.9010e+03 3.9440e+03
  4.0010e+03 4.1140e+03]
 [3.1000e+01 4.4000e+01 1.6300e+02 2.1500e+02 2.1600e+03 2.1640e+03
  2.7730e+03 2.8670e+03 2.9410e+03 2.9430e+03 3.0090e+03 3.4390e+03
  3.4990e+03 3.5370e+03 3.6270e+03 3.6940e+03 3.7280e+03 3.8230e+03
  3.9010e+03 3.9730e+03]
 [1.9910e+03 2.2600e+03 2.3290e+03 2.3470e+03 2.6640e+03 2.7730e+03
  3.0350e+03 3.1250e+03 3.1280e+03 3.1850e+03 3.2680e+03 3.3460e+03
  3.3500e+03 3.3740e+03 3.4390e+03 3.4830e+03 3.5040e+03 3.5600e+03
  3.6330e+03 3.7260e+03]
 [2.3670e+03 2.4200e+03 2.4330e+03 2.4510e+03 2.4840e+03 2.5630e+03
  2.6640e+03 2.6810e+03 2.7730e+03 3.0350e+03 3.1140e+03 3.1490e+03
  3.2680e+03 3.3190e+03 3.3510e+03 3.3770e+03 3.4090e+03 3.4520e+03
  3.5520e+03 3.5830e+03]
 [3.1000e+01 1.6300e+02 2.1900e+02 3.2200e+02 3.7100e+02 4.9200e+02
  5.4300e+02 5.9400e+02 1.8930e+03 1.9560e+03 2.0310e+03 2.2530e+03
  2.3090e+03 2.4510e+03 2.4810e+03 2.5800e+03 2.6190e+03 2.8670e+03
  2.9430e+03 3.0090e+03]
 [3.4100e+02 1.2200e+03 1.3230e+03 1.3820e+03 1.3880e+03 1.8930e+03
  1.9510e+03 2.0240e+03 2.0860e+03 2.1570e+03 2.2530e+03 2.2760e+03
  2.3470e+03 2.3670e+03 2.3780e+03 2.4280e+03 2.5200e+03 2.6640e+03
  2.7310e+03 2.7730e+03]
 [1.6300e+02 3.2200e+02 1.0280e+03 1.1170e+03 1.1810e+03 1.1850e+03
  1.2200e+03 1.4090e+03 1.4340e+03 1.5120e+03 1.5480e+03 1.6000e+03
  1.6410e+03 1.7130e+03 1.7750e+03 1.8910e+03 1.9830e+03 2.0750e+03
  2.1630e+03 2.2430e+03]
 [0.0000e+00 8.8000e+01 1.6600e+02 1.0820e+03 1.0960e+03 1.1040e+03
  1.1220e+03 1.1320e+03 1.1690e+03 1.2200e+03 1.2470e+03 1.3410e+03
  1.4360e+03 1.4730e+03 1.4960e+03 1.5110e+03 1.5980e+03 1.6520e+03
  1.7130e+03 1.9910e+03]
 [0.0000e+00 2.1000e+01 2.4000e+01 5.6000e+01 1.0700e+02 1.1600e+02
  1.9200e+02 2.1500e+02 2.8800e+02 3.4100e+02 4.2200e+02 4.9600e+02
  5.8800e+02 6.5700e+02 7.1300e+02 8.0600e+02 8.5800e+02 9.4100e+02
  9.4200e+02 1.1040e+03]]
