optimal_status: 0
solution: 10795.0
cpu_time: 3602.1858410835266
gap: 0.838315058004821
upper_bound: 1745.3889488379568
lower_bound: 10795.0
cg_matrix: [[0. 0. 0. 1. 0. 0. 0. 1. 0. 1. 0. 0. 1. 0. 1. 0. 1. 0. 1. 0. 0. 0. 0. 0.
  0. 0. 0. 0. 1. 0. 0. 1. 0. 0. 1. 0. 0. 0. 0. 0. 1. 0. 0. 0. 0. 0. 0. 0.
  0. 0.]
 [0. 0. 1. 0. 0. 0. 1. 0. 0. 1. 0. 0. 0. 0. 0. 0. 0. 1. 0. 0. 0. 0. 0. 1.
  0. 0. 0. 0. 0. 0. 0. 0. 0. 1. 0. 0. 1. 1. 0. 1. 0. 0. 0. 0. 0. 0. 0. 0.
  1. 0.]
 [0. 1. 0. 0. 0. 0. 1. 0. 0. 1. 0. 0. 1. 0. 0. 0. 0. 1. 0. 0. 0. 0. 0. 0.
  1. 0. 0. 0. 0. 1. 1. 0. 1. 0. 0. 1. 1. 0. 0. 0. 0. 0. 1. 0. 0. 0. 0. 0.
  0. 0.]
 [1. 0. 0. 0. 0. 1. 0. 1. 0. 0. 0. 0. 1. 0. 0. 0. 1. 0. 0. 0. 0. 0. 0. 0.
  0. 0. 0. 0. 0. 0. 0. 0. 0. 0. 0. 0. 0. 0. 0. 1. 0. 0. 0. 0. 1. 0. 1. 0.
  0. 0.]
 [0. 0. 0. 0. 0. 0. 1. 0. 0. 0. 0. 0. 0. 0. 1. 0. 0. 0. 1. 0. 0. 0. 0. 1.
  1. 0. 1. 1. 0. 1. 0. 0. 0. 0. 1. 0. 0. 0. 0. 0. 0. 0. 1. 0. 0. 0. 0. 0.
  0. 0.]
 [0. 0. 0. 1. 0. 0. 0. 1. 0. 1. 1. 0. 0. 0. 0. 0. 0. 1. 0. 0. 0. 0. 0. 0.
  0. 1. 0. 0. 1. 0. 0. 0. 1. 0. 0. 1. 0. 0. 1. 0. 0. 0. 0. 0. 0. 0. 0. 0.
  0. 0.]
 [0. 1. 1. 0. 1. 0. 0. 0. 0. 0. 0. 1. 1. 0. 0. 0. 0. 1. 0. 0. 0. 0. 0. 1.
  0. 0. 0. 0. 0. 0. 1. 0. 0. 1. 0. 1. 0. 1. 0. 0. 0. 0. 0. 0. 0. 0. 0. 0.
  0. 0.]
 [1. 0. 0. 1. 0. 1. 0. 0. 0. 0. 0. 0. 0. 0. 0. 0. 0. 0. 0. 0. 0. 0. 1. 1.
  1. 0. 0. 1. 0. 1. 0. 1. 1. 0. 0. 1. 0. 0. 0. 0. 1. 0. 0. 0. 0. 0. 0. 1.
  0. 0.]
 [0. 0. 0. 0. 0. 0. 0. 0. 0. 0. 1. 0. 1. 0. 1. 0. 0. 0. 1. 1. 0. 0. 0. 1.
  0. 0. 1. 0. 0. 1. 0. 0. 0. 0. 0. 0. 0. 1. 0. 0. 0. 0. 0. 0. 1. 0. 0. 0.
  0. 0.]
 [1. 1. 1. 0. 0. 1. 0. 0. 0. 0. 0. 0. 0. 0. 0. 0. 0. 0. 0. 0. 0. 0. 0. 0.
  0. 0. 0. 0. 0. 0. 0. 0. 0. 0. 0. 0. 0. 0. 0. 0. 1. 0. 0. 1. 0. 1. 0. 0.
  0. 0.]
 [0. 0. 0. 0. 0. 1. 0. 0. 1. 0. 0. 0. 0. 0. 0. 0. 0. 1. 1. 0. 1. 0. 1. 0.
  0. 0. 1. 0. 0. 1. 0. 0. 1. 1. 0. 0. 0. 1. 1. 0. 1. 0. 0. 1. 0. 0. 0. 0.
  1. 0.]
 [0. 0. 0. 0. 0. 0. 1. 0. 0. 0. 0. 0. 1. 0. 0. 0. 0. 1. 0. 1. 0. 0. 0. 0.
  1. 0. 0. 0. 0. 0. 0. 0. 1. 0. 0. 0. 0. 0. 0. 0. 0. 0. 0. 0. 0. 0. 0. 1.
  1. 0.]
 [1. 0. 1. 1. 0. 0. 1. 0. 1. 0. 0. 1. 0. 0. 1. 0. 1. 1. 0. 0. 0. 0. 0. 0.
  0. 0. 0. 0. 1. 0. 0. 0. 0. 0. 0. 0. 0. 0. 0. 0. 0. 0. 0. 0. 0. 0. 0. 0.
  1. 0.]
 [0. 0. 0. 0. 0. 0. 0. 0. 0. 0. 0. 0. 0. 0. 1. 0. 0. 0. 0. 1. 1. 1. 0. 0.
  1. 0. 1. 1. 1. 0. 1. 0. 0. 1. 0. 0. 1. 1. 1. 1. 1. 1. 0. 0. 0. 0. 0. 0.
  0. 1.]
 [1. 0. 0. 0. 1. 0. 0. 0. 1. 0. 0. 0. 1. 1. 0. 1. 0. 0. 0. 1. 1. 0. 1. 0.
  0. 0. 0. 0. 0. 0. 0. 0. 0. 1. 0. 0. 0. 0. 0. 0. 0. 0. 0. 0. 0. 0. 0. 0.
  0. 0.]
 [0. 0. 0. 0. 0. 0. 0. 0. 0. 0. 0. 0. 0. 0. 1. 0. 0. 0. 0. 0. 0. 0. 1. 0.
  0. 0. 0. 0. 0. 0. 0. 0. 0. 1. 0. 1. 1. 0. 0. 0. 0. 0. 1. 0. 0. 0. 0. 1.
  0. 0.]
 [1. 0. 0. 1. 0. 0. 0. 0. 0. 0. 0. 0. 1. 0. 0. 0. 0. 1. 0. 0. 1. 1. 0. 0.
  0. 0. 0. 0. 0. 0. 1. 1. 0. 0. 0. 1. 0. 0. 0. 0. 0. 0. 0. 0. 1. 0. 0. 0.
  0. 1.]
 [0. 1. 1. 0. 0. 1. 1. 0. 0. 0. 1. 1. 1. 0. 0. 0. 1. 0. 0. 1. 0. 1. 0. 1.
  0. 1. 0. 1. 0. 0. 0. 1. 1. 0. 0. 1. 0. 0. 0. 0. 0. 1. 1. 1. 1. 0. 1. 0.
  0. 0.]
 [1. 0. 0. 0. 1. 0. 0. 0. 1. 0. 1. 0. 0. 0. 0. 0. 0. 0. 0. 0. 1. 0. 1. 0.
  1. 1. 1. 1. 1. 0. 1. 0. 1. 1. 0. 0. 0. 0. 0. 1. 0. 0. 1. 0. 0. 0. 1. 0.
  0. 0.]
 [0. 0. 0. 0. 0. 0. 0. 0. 1. 0. 0. 1. 0. 1. 1. 0. 0. 1. 0. 0. 0. 0. 0. 0.
  0. 1. 0. 1. 1. 1. 0. 0. 1. 0. 0. 0. 1. 1. 0. 0. 0. 0. 0. 0. 1. 0. 1. 1.
  0. 0.]
 [0. 0. 0. 0. 0. 0. 0. 0. 0. 0. 1. 0. 0. 1. 1. 0. 1. 0. 1. 0. 0. 0. 0. 0.
  0. 0. 0. 0. 0. 0. 0. 0. 0. 0. 0. 0. 0. 0. 0. 0. 0. 0. 0. 0. 0. 0. 0. 0.
  0. 0.]
 [0. 0. 0. 0. 0. 0. 0. 0. 0. 0. 0. 0. 0. 1. 0. 0. 1. 1. 0. 0. 0. 0. 0. 0.
  0. 0. 0. 0. 0. 0. 0. 0. 0. 0. 0. 0. 0. 0. 0. 0. 0. 0. 0. 0. 0. 0. 0. 0.
  0. 0.]
 [0. 0. 0. 0. 0. 0. 0. 1. 0. 0. 1. 0. 0. 0. 1. 1. 0. 0. 1. 0. 0. 0. 0. 0.
  0. 0. 0. 0. 0. 0. 0. 0. 0. 0. 0. 0. 0. 0. 0. 0. 0. 0. 0. 0. 0. 0. 0. 0.
  0. 0.]
 [0. 1. 0. 0. 1. 0. 1. 1. 1. 0. 0. 0. 0. 0. 0. 0. 0. 1. 0. 0. 0. 0. 0. 0.
  0. 0. 0. 0. 0. 0. 0. 0. 0. 0. 0. 0. 0. 0. 0. 0. 0. 0. 0. 0. 0. 0. 0. 0.
  0. 0.]
 [0. 0. 1. 0. 1. 0. 0. 1. 0. 0. 0. 1. 0. 1. 0. 0. 0. 0. 1. 0. 0. 0. 0. 0.
  0. 0. 0. 0. 0. 0. 0. 0. 0. 0. 0. 0. 0. 0. 0. 0. 0. 0. 0. 0. 0. 0. 0. 0.
  0. 0.]
 [0. 0. 0. 0. 0. 1. 0. 0. 0. 0. 0. 0. 0. 0. 0. 0. 0. 1. 1. 1. 0. 0. 0. 0.
  0. 0. 0. 0. 0. 0. 0. 0. 0. 0. 0. 0. 0. 0. 0. 0. 0. 0. 0. 0. 0. 0. 0. 0.
  0. 0.]
 [0. 0. 0. 0. 1. 0. 0. 0. 1. 0. 1. 0. 0. 1. 0. 0. 0. 0. 1. 0. 0. 0. 0. 0.
  0. 0. 0. 0. 0. 0. 0. 0. 0. 0. 0. 0. 0. 0. 0. 0. 0. 0. 0. 0. 0. 0. 0. 0.
  0. 0.]
 [0. 0. 0. 0. 1. 0. 0. 1. 0. 0. 0. 0. 0. 1. 0. 0. 0. 1. 1. 1. 0. 0. 0. 0.
  0. 0. 0. 0. 0. 0. 0. 0. 0. 0. 0. 0. 0. 0. 0. 0. 0. 0. 0. 0. 0. 0. 0. 0.
  0. 0.]
 [1. 0. 0. 0. 0. 1. 0. 0. 0. 0. 0. 0. 1. 1. 0. 0. 0. 0. 1. 1. 0. 0. 0. 0.
  0. 0. 0. 0. 0. 0. 0. 0. 0. 0. 0. 0. 0. 0. 0. 0. 0. 0. 0. 0. 0. 0. 0. 0.
  0. 0.]
 [0. 0. 1. 0. 1. 0. 0. 1. 1. 0. 1. 0. 0. 0. 0. 0. 0. 0. 0. 1. 0. 0. 0. 0.
  0. 0. 0. 0. 0. 0. 0. 0. 0. 0. 0. 0. 0. 0. 0. 0. 0. 0. 0. 0. 0. 0. 0. 0.
  0. 0.]
 [0. 0. 1. 0. 0. 0. 1. 0. 0. 0. 0. 0. 0. 1. 0. 0. 1. 0. 1. 0. 0. 0. 0. 0.
  0. 0. 0. 0. 0. 0. 0. 0. 0. 0. 0. 0. 0. 0. 0. 0. 0. 0. 0. 0. 0. 0. 0. 0.
  0. 0.]
 [1. 0. 0. 0. 0. 0. 0. 1. 0. 0. 0. 0. 0. 0. 0. 0. 1. 1. 0. 0. 0. 0. 0. 0.
  0. 0. 0. 0. 0. 0. 0. 0. 0. 0. 0. 0. 0. 0. 0. 0. 0. 0. 0. 0. 0. 0. 0. 0.
  0. 0.]
 [0. 0. 1. 0. 0. 1. 0. 1. 0. 0. 1. 1. 0. 0. 0. 0. 0. 1. 1. 1. 0. 0. 0. 0.
  0. 0. 0. 0. 0. 0. 0. 0. 0. 0. 0. 0. 0. 0. 0. 0. 0. 0. 0. 0. 0. 0. 0. 0.
  0. 0.]
 [0. 1. 0. 0. 0. 0. 1. 0. 0. 0. 1. 0. 0. 1. 1. 1. 0. 0. 1. 0. 0. 0. 0. 0.
  0. 0. 0. 0. 0. 0. 0. 0. 0. 0. 0. 0. 0. 0. 0. 0. 0. 0. 0. 0. 0. 0. 0. 0.
  0. 0.]
 [1. 0. 0. 0. 1. 0. 0. 0. 0. 0. 0. 0. 0. 0. 0. 0. 0. 0. 0. 0. 0. 0. 0. 0.
  0. 0. 0. 0. 0. 0. 0. 0. 0. 0. 0. 0. 0. 0. 0. 0. 0. 0. 0. 0. 0. 0. 0. 0.
  0. 0.]
 [0. 0. 1. 0. 0. 1. 1. 1. 0. 0. 0. 0. 0. 0. 0. 1. 1. 1. 0. 0. 0. 0. 0. 0.
  0. 0. 0. 0. 0. 0. 0. 0. 0. 0. 0. 0. 0. 0. 0. 0. 0. 0. 0. 0. 0. 0. 0. 0.
  0. 0.]
 [0. 1. 1. 0. 0. 0. 0. 0. 0. 0. 0. 0. 0. 1. 0. 1. 0. 0. 0. 1. 0. 0. 0. 0.
  0. 0. 0. 0. 0. 0. 0. 0. 0. 0. 0. 0. 0. 0. 0. 0. 0. 0. 0. 0. 0. 0. 0. 0.
  0. 0.]
 [0. 1. 0. 0. 0. 0. 1. 0. 1. 0. 1. 0. 0. 1. 0. 0. 0. 0. 0. 1. 0. 0. 0. 0.
  0. 0. 0. 0. 0. 0. 0. 0. 0. 0. 0. 0. 0. 0. 0. 0. 0. 0. 0. 0. 0. 0. 0. 0.
  0. 0.]
 [0. 0. 0. 0. 0. 1. 0. 0. 0. 0. 1. 0. 0. 1. 0. 0. 0. 0. 0. 0. 0. 0. 0. 0.
  0. 0. 0. 0. 0. 0. 0. 0. 0. 0. 0. 0. 0. 0. 0. 0. 0. 0. 0. 0. 0. 0. 0. 0.
  0. 0.]
 [0. 1. 0. 1. 0. 0. 0. 0. 0. 0. 0. 0. 0. 1. 0. 0. 0. 0. 1. 0. 0. 0. 0. 0.
  0. 0. 0. 0. 0. 0. 0. 0. 0. 0. 0. 0. 0. 0. 0. 0. 0. 0. 0. 0. 0. 0. 0. 0.
  0. 0.]
 [1. 0. 0. 0. 0. 0. 0. 1. 0. 1. 1. 0. 0. 1. 0. 0. 0. 0. 0. 0. 0. 0. 0. 0.
  0. 0. 0. 0. 0. 0. 0. 0. 0. 0. 0. 0. 0. 0. 0. 0. 0. 0. 0. 0. 0. 0. 0. 0.
  0. 0.]
 [0. 0. 0. 0. 0. 0. 0. 0. 0. 0. 0. 0. 0. 1. 0. 0. 0. 1. 0. 0. 0. 0. 0. 0.
  0. 0. 0. 0. 0. 0. 0. 0. 0. 0. 0. 0. 0. 0. 0. 0. 0. 0. 0. 0. 0. 0. 0. 0.
  0. 0.]
 [0. 0. 1. 0. 1. 0. 0. 0. 0. 0. 0. 0. 0. 0. 0. 1. 0. 1. 1. 0. 0. 0. 0. 0.
  0. 0. 0. 0. 0. 0. 0. 0. 0. 0. 0. 0. 0. 0. 0. 0. 0. 0. 0. 0. 0. 0. 0. 0.
  0. 0.]
 [0. 0. 0. 0. 0. 0. 0. 0. 0. 1. 1. 0. 0. 0. 0. 0. 0. 1. 0. 0. 0. 0. 0. 0.
  0. 0. 0. 0. 0. 0. 0. 0. 0. 0. 0. 0. 0. 0. 0. 0. 0. 0. 0. 0. 0. 0. 0. 0.
  0. 0.]
 [0. 0. 0. 1. 0. 0. 0. 0. 1. 0. 0. 0. 0. 0. 0. 0. 1. 1. 0. 1. 0. 0. 0. 0.
  0. 0. 0. 0. 0. 0. 0. 0. 0. 0. 0. 0. 0. 0. 0. 0. 0. 0. 0. 0. 0. 0. 0. 0.
  0. 0.]
 [0. 0. 0. 0. 0. 0. 0. 0. 0. 1. 0. 0. 0. 0. 0. 0. 0. 0. 0. 0. 0. 0. 0. 0.
  0. 0. 0. 0. 0. 0. 0. 0. 0. 0. 0. 0. 0. 0. 0. 0. 0. 0. 0. 0. 0. 0. 0. 0.
  0. 0.]
 [0. 0. 0. 1. 0. 0. 0. 0. 0. 0. 0. 0. 0. 0. 0. 0. 0. 1. 1. 1. 0. 0. 0. 0.
  0. 0. 0. 0. 0. 0. 0. 0. 0. 0. 0. 0. 0. 0. 0. 0. 0. 0. 0. 0. 0. 0. 0. 0.
  0. 0.]
 [0. 0. 0. 0. 0. 0. 0. 1. 0. 0. 0. 1. 0. 0. 0. 1. 0. 0. 0. 1. 0. 0. 0. 0.
  0. 0. 0. 0. 0. 0. 0. 0. 0. 0. 0. 0. 0. 0. 0. 0. 0. 0. 0. 0. 0. 0. 0. 0.
  0. 0.]
 [0. 1. 0. 0. 0. 0. 0. 0. 0. 0. 1. 1. 1. 0. 0. 0. 0. 0. 0. 0. 0. 0. 0. 0.
  0. 0. 0. 0. 0. 0. 0. 0. 0. 0. 0. 0. 0. 0. 0. 0. 0. 0. 0. 0. 0. 0. 0. 0.
  0. 0.]
 [0. 0. 0. 0. 0. 0. 0. 0. 0. 0. 0. 0. 0. 1. 0. 0. 1. 0. 0. 0. 0. 0. 0. 0.
  0. 0. 0. 0. 0. 0. 0. 0. 0. 0. 0. 0. 0. 0. 0. 0. 0. 0. 0. 0. 0. 0. 0. 0.
  0. 0.]]
start_times_array: [[8.93700000e+03 9.33000000e+03 9.36100000e+03 9.43800000e+03
  9.68200000e+03 9.72400000e+03 9.80100000e+03 9.93200000e+03
  1.00270000e+04 1.01350000e+04 1.02160000e+04 1.02550000e+04
  1.03460000e+04 1.03590000e+04 1.04120000e+04 1.04420000e+04
  1.05370000e+04 1.06190000e+04 1.06890000e+04 1.07260000e+04]
 [3.65000000e+02 1.95900000e+03 2.05500000e+03 3.62400000e+03
  5.79200000e+03 5.81400000e+03 6.00300000e+03 6.16600000e+03
  6.22400000e+03 6.24400000e+03 6.32700000e+03 6.40600000e+03
  6.81100000e+03 6.96900000e+03 7.20800000e+03 7.27200000e+03
  7.47200000e+03 7.65800000e+03 8.07400000e+03 8.16700000e+03]
 [2.03000000e+02 7.35900000e+03 8.55600000e+03 9.22800000e+03
  9.35500000e+03 9.42200000e+03 9.47500000e+03 9.50100000e+03
  9.54700000e+03 9.56000000e+03 9.59900000e+03 9.80200000e+03
  9.89200000e+03 9.93700000e+03 9.97300000e+03 1.00060000e+04
  1.00820000e+04 1.00950000e+04 1.01670000e+04 1.02090000e+04]
 [1.36000000e+02 2.75000000e+02 7.62000000e+02 9.77000000e+02
  1.46300000e+03 1.68100000e+03 1.74700000e+03 7.97500000e+03
  8.60700000e+03 9.10500000e+03 9.23800000e+03 9.33300000e+03
  9.48300000e+03 9.57200000e+03 9.63000000e+03 9.66800000e+03
  9.84300000e+03 1.00100000e+04 1.00470000e+04 1.07810000e+04]
 [6.59100000e+03 6.77400000e+03 6.95900000e+03 8.76800000e+03
  9.02300000e+03 9.35500000e+03 9.39600000e+03 9.54700000e+03
  9.63900000e+03 9.72500000e+03 9.75800000e+03 9.80000000e+03
  9.89000000e+03 9.90800000e+03 9.92500000e+03 1.00160000e+04
  1.00400000e+04 1.01360000e+04 1.02180000e+04 1.02950000e+04]
 [7.60500000e+03 8.01000000e+03 8.03100000e+03 8.23600000e+03
  8.33000000e+03 8.42500000e+03 8.52600000e+03 8.54700000e+03
  8.54900000e+03 8.71800000e+03 8.75600000e+03 8.76800000e+03
  8.77900000e+03 8.91800000e+03 8.94500000e+03 9.16500000e+03
  9.22900000e+03 9.36100000e+03 9.75800000e+03 1.00270000e+04]
 [5.50000000e+02 7.90500000e+03 8.02500000e+03 8.21300000e+03
  8.27900000e+03 8.35600000e+03 8.44400000e+03 8.48600000e+03
  8.61600000e+03 8.68000000e+03 8.68200000e+03 8.83900000e+03
  8.91100000e+03 8.93700000e+03 9.10300000e+03 9.15400000e+03
  9.15500000e+03 9.19500000e+03 9.28100000e+03 9.54100000e+03]
 [8.52000000e+02 3.91900000e+03 4.08900000e+03 4.38900000e+03
  5.48900000e+03 5.55900000e+03 6.15900000e+03 6.23300000e+03
  6.26000000e+03 6.58900000e+03 6.60200000e+03 7.87800000e+03
  8.10200000e+03 8.14900000e+03 8.39400000e+03 8.49200000e+03
  8.68100000e+03 8.84200000e+03 9.03700000e+03 9.06800000e+03]
 [7.34200000e+03 7.40400000e+03 7.63900000e+03 7.71900000e+03
  7.90500000e+03 7.97500000e+03 8.06500000e+03 8.10000000e+03
  8.15800000e+03 8.25700000e+03 8.32100000e+03 8.37400000e+03
  8.47000000e+03 8.53700000e+03 8.55700000e+03 8.57200000e+03
  8.80100000e+03 8.88400000e+03 8.90900000e+03 8.97400000e+03]
 [7.03000000e+02 2.27200000e+03 2.40200000e+03 2.94500000e+03
  3.00600000e+03 3.01600000e+03 3.66700000e+03 3.71300000e+03
  4.02500000e+03 4.96700000e+03 5.00800000e+03 5.04500000e+03
  5.90800000e+03 7.68900000e+03 7.86400000e+03 7.87800000e+03
  7.91200000e+03 8.49600000e+03 8.60700000e+03 8.64400000e+03]
 [9.62000000e+02 9.91000000e+02 5.66700000e+03 5.75300000e+03
  5.81400000e+03 5.86300000e+03 6.04900000e+03 6.49700963e+03
  6.84700000e+03 6.94600000e+03 6.99500000e+03 7.07900000e+03
  7.13200000e+03 7.18900000e+03 7.22900000e+03 7.23900000e+03
  7.50000000e+03 7.57800000e+03 7.65300000e+03 7.68700000e+03]
 [2.57000000e+02 1.88100000e+03 6.84700000e+03 7.33100000e+03
  7.39400000e+03 7.46000000e+03 7.50000000e+03 7.59500000e+03
  7.64600000e+03 7.65400000e+03 7.68900000e+03 7.75200000e+03
  7.76900000e+03 7.85700000e+03 7.87200000e+03 8.00400000e+03
  8.01500000e+03 8.07400000e+03 8.15800000e+03 8.49400000e+03]
 [6.31400000e+03 6.33700000e+03 6.53700000e+03 6.59100000e+03
  6.61500000e+03 6.62600000e+03 6.66400000e+03 6.77400000e+03
  6.90400000e+03 6.92600000e+03 6.95500000e+03 6.99500000e+03
  7.08100000e+03 7.08200000e+03 7.10500000e+03 7.11100000e+03
  7.15600000e+03 7.22600000e+03 7.25100000e+03 7.25200000e+03]
 [2.68000000e+02 3.26000000e+02 6.62600000e+03 6.90400000e+03
  6.98300000e+03 7.03800000e+03 7.06500000e+03 7.14200000e+03
  7.15500000e+03 7.20800000e+03 7.23900000e+03 7.25000000e+03
  7.33500000e+03 7.37400000e+03 7.46800000e+03 7.47900000e+03
  7.65300000e+03 7.83000000e+03 7.92000000e+03 8.03100000e+03]
 [1.00000000e+02 4.98900000e+03 5.38800000e+03 5.47800000e+03
  5.58900000e+03 5.61700000e+03 5.87100000e+03 5.90100000e+03
  6.04100000e+03 6.08400000e+03 6.13200000e+03 6.19900000e+03
  6.33400000e+03 6.34400000e+03 6.34500000e+03 6.43800000e+03
  6.49000000e+03 6.56000000e+03 6.72000000e+03 6.84700000e+03]
 [3.73100000e+03 4.21500000e+03 4.21600000e+03 4.30800000e+03
  4.44500000e+03 4.54400000e+03 4.60800000e+03 4.61500000e+03
  4.63700000e+03 4.67200000e+03 4.72000000e+03 4.92000000e+03
  5.17400000e+03 5.23400000e+03 5.28500000e+03 5.34400000e+03
  5.36300000e+03 5.72200000e+03 5.80400000e+03 5.97000000e+03]
 [3.00300000e+03 4.69800000e+03 5.28200000e+03 5.65500000e+03
  5.75500000e+03 5.79600000e+03 5.81400000e+03 5.86500000e+03
  5.87600000e+03 5.99900000e+03 6.06700000e+03 6.11300000e+03
  6.12900000e+03 6.14700000e+03 6.16600000e+03 6.17700000e+03
  6.18800000e+03 6.33400000e+03 6.34400000e+03 6.43800000e+03]
 [4.38500000e+03 4.43200000e+03 4.57200000e+03 4.62900000e+03
  4.74400000e+03 4.98800000e+03 5.00400000e+03 5.17400000e+03
  5.21000000e+03 5.22400000e+03 5.30100000e+03 5.31100000e+03
  5.40200000e+03 5.46600000e+03 5.51000000e+03 5.58900000e+03
  5.72200000e+03 5.80400000e+03 5.94300000e+03 6.15900000e+03]
 [3.66800000e+03 3.97300000e+03 3.97600000e+03 4.03300000e+03
  4.31000000e+03 4.34400000e+03 4.37100000e+03 4.50000000e+03
  4.58800000e+03 4.63700000e+03 4.76000000e+03 4.85800000e+03
  4.88300000e+03 4.89000000e+03 4.96300000e+03 5.00900000e+03
  5.02300000e+03 5.08900000e+03 5.17600000e+03 5.40800000e+03]
 [1.53900000e+03 3.06400000e+03 3.64200000e+03 3.64600000e+03
  3.84200000e+03 3.97300000e+03 4.03100000e+03 4.11700000e+03
  4.18100000e+03 4.19700000e+03 4.21600000e+03 4.22500000e+03
  4.25000000e+03 4.27600000e+03 4.34000000e+03 4.46700000e+03
  4.47700000e+03 4.84300000e+03 4.94200000e+03 5.09500000e+03]
 [0.00000000e+00 9.10000000e+01 2.14000000e+02 6.33000000e+02
  7.18000000e+02 7.87000000e+02 8.80000000e+02 1.29500000e+03
  1.45700000e+03 1.76200000e+03 1.82700000e+03 2.62600000e+03
  3.10800000e+03 3.18000000e+03 4.07700000e+03 4.11000000e+03
  4.25000000e+03 4.26500000e+03 4.64100000e+03 4.66900000e+03]
 [5.24000000e+02 9.50000000e+02 1.48200000e+03 1.57400000e+03
  1.66200000e+03 1.73100000e+03 3.51000000e+03 3.65200000e+03
  3.74600000e+03 3.82000000e+03 3.87300000e+03 3.94000000e+03
  3.96400000e+03 4.00100000e+03 4.03200000e+03 4.11600000e+03
  4.16600000e+03 4.18500000e+03 4.34000000e+03 4.34300000e+03]
 [1.74000000e+02 3.06000000e+02 3.17000000e+02 4.29000000e+02
  4.56000000e+02 5.35000000e+02 7.30000000e+02 7.81000000e+02
  8.28000000e+02 9.22000000e+02 9.38000000e+02 1.03500000e+03
  1.40200000e+03 2.02400000e+03 2.08100000e+03 2.34700000e+03
  2.53500000e+03 2.58100000e+03 2.68000000e+03 2.77500000e+03]
 [1.67000000e+02 1.68400000e+03 1.72100000e+03 1.73900000e+03
  2.69600000e+03 2.95600000e+03 3.05000000e+03 3.11900000e+03
  3.13800000e+03 3.16700000e+03 3.20800000e+03 3.26600000e+03
  3.45300000e+03 3.49000000e+03 3.50700000e+03 3.53000000e+03
  3.71300000e+03 3.80500000e+03 3.80600000e+03 3.88500000e+03]
 [4.50000000e+01 4.66000000e+02 7.61000000e+02 2.39000000e+03
  2.56600000e+03 2.68000000e+03 2.78900000e+03 2.85800000e+03
  2.86200000e+03 2.95600000e+03 3.02800000e+03 3.10400000e+03
  3.19300000e+03 3.21400000e+03 3.44600000e+03 3.53000000e+03
  3.76200000e+03 4.14300000e+03 4.21700000e+03 4.44500000e+03]
 [6.11000000e+02 1.02800000e+03 1.13700000e+03 1.40400000e+03
  1.70800000e+03 2.29700000e+03 2.54000000e+03 2.72900000e+03
  2.81000000e+03 2.88900000e+03 2.92700000e+03 3.09200000e+03
  3.26600000e+03 3.42200000e+03 3.50700000e+03 3.60000000e+03
  3.63900000e+03 3.71500000e+03 3.75400000e+03 3.88600000e+03]
 [5.89000000e+02 6.79000000e+02 8.49000000e+02 2.50500000e+03
  2.67200000e+03 2.80000000e+03 2.80400000e+03 2.85600000e+03
  2.91500000e+03 3.08600000e+03 3.14300000e+03 3.14900000e+03
  3.20900000e+03 3.35400000e+03 3.45500000e+03 3.51000000e+03
  3.52200000e+03 3.61400000e+03 3.71300000e+03 3.71500000e+03]
 [0.00000000e+00 1.05000000e+02 5.19000000e+02 5.95000000e+02
  7.82000000e+02 1.34300000e+03 1.76800000e+03 2.48600000e+03
  2.72600000e+03 2.82600000e+03 2.94300000e+03 2.96700000e+03
  3.16400000e+03 3.19700000e+03 3.29500000e+03 3.41900000e+03
  3.51700000e+03 3.55200000e+03 3.71500000e+03 3.77400000e+03]
 [0.00000000e+00 3.88000000e+02 6.39000000e+02 9.77000000e+02
  1.32700000e+03 1.37900000e+03 2.14200000e+03 2.47600000e+03
  2.63000000e+03 2.68400000e+03 2.74500000e+03 2.80000000e+03
  2.85800000e+03 2.92700000e+03 3.00000000e+03 3.09200000e+03
  3.12200000e+03 3.25700000e+03 3.26300000e+03 3.31100000e+03]
 [1.25000000e+03 1.30900000e+03 1.47100000e+03 1.60500000e+03
  2.32800000e+03 2.36900000e+03 2.47300000e+03 2.55000000e+03
  2.64600000e+03 2.72000000e+03 2.79300000e+03 2.81400000e+03
  2.87600000e+03 2.96700000e+03 3.13600000e+03 3.19700000e+03
  3.25900000e+03 3.37600000e+03 3.38900000e+03 3.45800000e+03]
 [1.32000000e+02 1.74700000e+03 1.81500000e+03 1.85900000e+03
  1.86300000e+03 1.95100000e+03 2.03700000e+03 2.20600000e+03
  2.24800000e+03 2.43300000e+03 2.56600000e+03 2.63300000e+03
  2.70400000e+03 2.78300000e+03 2.84900000e+03 2.85000000e+03
  2.86200000e+03 3.00800000e+03 3.10200000e+03 3.26800000e+03]
 [7.40000000e+01 6.78000000e+02 7.03000000e+02 8.07000000e+02
  1.65700000e+03 1.94500000e+03 1.95900000e+03 2.05500000e+03
  2.12300000e+03 2.47700000e+03 2.55200000e+03 2.68400000e+03
  2.74100000e+03 2.88900000e+03 2.94500000e+03 2.96900000e+03
  3.15100000e+03 3.26200000e+03 3.47700000e+03 3.60900000e+03]
 [3.20000000e+01 7.55000000e+02 1.16300000e+03 1.22800000e+03
  1.60500000e+03 1.60600000e+03 1.72000000e+03 1.82700000e+03
  1.97800000e+03 2.06500000e+03 2.32700000e+03 2.37500000e+03
  2.42900000e+03 2.51500000e+03 2.62400000e+03 2.70400000e+03
  2.90700000e+03 2.98900000e+03 3.09200000e+03 3.48600000e+03]
 [4.90000000e+02 5.83000000e+02 6.76000000e+02 9.03000000e+02
  1.57300000e+03 1.79400000e+03 2.09300000e+03 2.14300000e+03
  2.23200000e+03 2.34900000e+03 2.42900000e+03 2.47600000e+03
  2.56700000e+03 2.61000000e+03 2.61100000e+03 2.70800000e+03
  2.84200000e+03 2.98900000e+03 3.02300000e+03 3.10400000e+03]
 [9.20000000e+01 1.15000000e+02 6.00000000e+02 9.12000000e+02
  1.05900000e+03 1.08400000e+03 1.50700000e+03 1.79500000e+03
  1.86800000e+03 1.92200000e+03 1.96000000e+03 2.38900000e+03
  2.51600000e+03 2.57400000e+03 2.65700000e+03 2.72000000e+03
  2.80400000e+03 3.09700000e+03 3.15300000e+03 3.18700000e+03]
 [2.98000000e+02 3.97000000e+02 4.53000000e+02 9.92000000e+02
  1.39200000e+03 1.58300000e+03 1.65700000e+03 1.72600000e+03
  1.75500000e+03 1.99100000e+03 2.07700000e+03 2.16700000e+03
  2.42400000e+03 2.42900000e+03 2.45000000e+03 2.48000000e+03
  2.48300000e+03 2.48600000e+03 2.55800000e+03 2.58500000e+03]
 [1.28000000e+02 5.68000000e+02 8.14000000e+02 9.78000000e+02
  1.00900000e+03 1.12600000e+03 1.23900000e+03 1.24400000e+03
  1.73900000e+03 1.75200000e+03 1.78400000e+03 1.80600000e+03
  2.15600000e+03 2.21200000e+03 2.26500000e+03 2.42900000e+03
  2.47600000e+03 2.61100000e+03 2.74800000e+03 3.04400000e+03]
 [1.18000000e+02 1.74000000e+02 6.38000000e+02 1.03500000e+03
  1.11600000e+03 1.25400000e+03 1.38500000e+03 1.81800000e+03
  1.82300000e+03 2.04900000e+03 2.07600000e+03 2.13800000e+03
  2.17800000e+03 2.23600000e+03 2.29400000e+03 2.39100000e+03
  2.48400000e+03 2.50200000e+03 2.74100000e+03 2.84100000e+03]
 [0.00000000e+00 4.50000000e+01 7.56000000e+02 8.38000000e+02
  1.38000000e+03 1.47600000e+03 1.49500000e+03 1.51300000e+03
  1.51800000e+03 1.58000000e+03 1.65600000e+03 1.71700000e+03
  1.73100000e+03 1.75300000e+03 1.81500000e+03 1.81800000e+03
  1.89900000e+03 2.02400000e+03 2.11000000e+03 2.27100000e+03]
 [1.00000000e+00 8.25000000e+02 8.95000000e+02 9.39000000e+02
  1.33800000e+03 1.51800000e+03 1.58200000e+03 1.81900000e+03
  1.84700000e+03 1.87700000e+03 2.07600000e+03 2.16800000e+03
  2.25800000e+03 2.29400000e+03 2.37500000e+03 2.38600000e+03
  2.46400000e+03 2.46600000e+03 2.57800000e+03 2.64900000e+03]
 [0.00000000e+00 1.86000000e+02 6.21000000e+02 7.99000000e+02
  8.97000000e+02 1.11500000e+03 1.16800000e+03 1.17400000e+03
  1.25400000e+03 1.30900000e+03 1.53900000e+03 1.62200000e+03
  1.68800000e+03 1.69900000e+03 1.93600000e+03 2.07700000e+03
  2.15600000e+03 2.26500000e+03 2.30700000e+03 2.87800000e+03]
 [6.10000000e+01 1.68000000e+02 2.04000000e+02 4.34000000e+02
  4.83000000e+02 5.35000000e+02 5.70000000e+02 6.81000000e+02
  7.46000000e+02 8.29000000e+02 9.18000000e+02 9.70000000e+02
  1.02600000e+03 1.04800000e+03 1.08400000e+03 1.19800000e+03
  1.47000000e+03 1.51100000e+03 1.60800000e+03 1.68800000e+03]
 [0.00000000e+00 2.98000000e+02 3.97000000e+02 4.29000000e+02
  4.63000000e+02 7.05000000e+02 7.45000000e+02 7.77000000e+02
  8.09000000e+02 1.31300000e+03 1.31700000e+03 1.36000000e+03
  1.37300000e+03 1.39700000e+03 1.46800000e+03 1.48800000e+03
  1.60200000e+03 1.63800000e+03 1.65600000e+03 1.77200000e+03]
 [1.00000000e+00 9.50000000e+01 1.28000000e+02 1.87000000e+02
  3.74000000e+02 4.61000000e+02 4.66000000e+02 5.40000000e+02
  6.22000000e+02 8.25000000e+02 8.56000000e+02 1.06300000e+03
  1.15900000e+03 1.20700000e+03 1.27500000e+03 1.32000000e+03
  1.45800000e+03 1.46500000e+03 1.51800000e+03 2.03700000e+03]
 [4.03000000e+02 4.67000000e+02 5.65000000e+02 6.12000000e+02
  6.28000000e+02 7.11000000e+02 8.48000000e+02 9.09000000e+02
  1.04300000e+03 1.13100000e+03 1.16800000e+03 1.25700000e+03
  1.27500000e+03 1.31300000e+03 1.32300000e+03 1.32400000e+03
  1.36000000e+03 1.37000000e+03 1.41100000e+03 1.48400000e+03]
 [3.70000000e+01 1.15000000e+02 2.41000000e+02 3.32000000e+02
  4.67000000e+02 6.05000000e+02 8.53000000e+02 9.64000000e+02
  9.71000000e+02 1.04800000e+03 1.14700000e+03 1.19300000e+03
  1.24300000e+03 1.58200000e+03 1.60000000e+03 1.66000000e+03
  1.72500000e+03 1.76200000e+03 1.89800000e+03 2.29600000e+03]
 [0.00000000e+00 5.60000000e+01 1.21000000e+02 1.87000000e+02
  2.00000000e+02 3.57000000e+02 4.35000000e+02 5.09000000e+02
  5.43000000e+02 5.44000000e+02 6.74000000e+02 8.50000000e+02
  9.46000000e+02 1.18300000e+03 1.20000000e+03 1.22000000e+03
  1.97800000e+03 2.20500000e+03 2.30200000e+03 2.37700000e+03]
 [0.00000000e+00 1.10000000e+01 9.70000000e+01 1.77000000e+02
  1.85000000e+02 3.95000000e+02 4.63000000e+02 4.71000000e+02
  5.71000000e+02 5.95000000e+02 9.46000000e+02 9.99000000e+02
  1.05500000e+03 1.08400000e+03 1.27900000e+03 1.63300000e+03
  1.79900000e+03 1.81800000e+03 1.83600000e+03 2.39700000e+03]
 [7.00000000e+01 1.67000000e+02 2.40000000e+02 3.31000000e+02
  4.21000000e+02 4.56000000e+02 5.40000000e+02 6.00000000e+02
  6.38000000e+02 6.78000000e+02 6.81000000e+02 6.89000000e+02
  8.18000000e+02 8.80000000e+02 9.47000000e+02 1.09100000e+03
  1.13200000e+03 1.19300000e+03 1.22100000e+03 1.25300000e+03]
 [0.00000000e+00 3.30000000e+01 4.90000000e+01 1.42000000e+02
  2.14000000e+02 4.16000000e+02 4.83000000e+02 5.54000000e+02
  6.49000000e+02 7.04000000e+02 7.36000000e+02 9.01000000e+02
  9.65000000e+02 1.01900000e+03 1.09700000e+03 1.09800000e+03
  1.16900000e+03 1.17400000e+03 1.49700000e+03 1.58200000e+03]]
