optimal_status: 0
solution: 23913.0
cpu_time: 3602.601553916931
gap: 0.9485514119060743
upper_bound: 1230.2900870900453
lower_bound: 23913.0
cg_matrix: [[0. 1. 1. 1. 1. 0. 1. 1. 0. 1. 0. 1. 1. 0. 0. 1. 0. 1. 1. 1. 1. 1. 1. 1.
  1. 1. 1. 1. 1. 1. 1. 1. 1. 1. 0. 1. 0. 1. 1. 1. 1. 1. 1. 1. 1. 1. 0. 1.
  1. 1.]
 [1. 0. 1. 1. 1. 0. 1. 1. 1. 1. 1. 1. 0. 0. 1. 1. 1. 1. 0. 1. 1. 1. 1. 1.
  1. 1. 1. 1. 1. 0. 0. 1. 0. 1. 1. 1. 1. 1. 1. 1. 1. 1. 1. 1. 1. 1. 0. 1.
  0. 1.]
 [1. 1. 0. 1. 0. 1. 1. 0. 0. 1. 1. 1. 1. 1. 1. 1. 0. 1. 0. 1. 1. 1. 0. 1.
  1. 1. 1. 0. 1. 1. 0. 1. 1. 1. 1. 1. 1. 1. 0. 1. 1. 1. 1. 1. 1. 1. 1. 0.
  1. 1.]
 [1. 1. 1. 0. 1. 1. 0. 1. 1. 1. 1. 1. 1. 0. 1. 1. 0. 1. 1. 1. 1. 1. 1. 1.
  1. 1. 1. 0. 1. 1. 1. 1. 1. 1. 1. 1. 1. 1. 1. 1. 1. 1. 0. 1. 1. 1. 1. 1.
  1. 0.]
 [1. 1. 0. 1. 0. 1. 1. 1. 0. 1. 1. 1. 1. 0. 1. 1. 0. 1. 1. 1. 0. 1. 1. 1.
  0. 1. 1. 1. 1. 1. 1. 1. 1. 1. 1. 1. 1. 1. 1. 1. 1. 1. 1. 1. 1. 0. 1. 1.
  1. 1.]
 [0. 0. 1. 1. 1. 0. 1. 1. 1. 1. 1. 0. 1. 1. 1. 1. 1. 1. 1. 1. 1. 1. 0. 0.
  0. 1. 1. 1. 1. 1. 1. 0. 0. 1. 1. 1. 1. 0. 1. 1. 0. 0. 1. 1. 1. 1. 1. 1.
  1. 1.]
 [1. 1. 1. 0. 1. 1. 0. 1. 1. 1. 1. 1. 1. 1. 1. 1. 0. 1. 1. 1. 1. 1. 1. 1.
  1. 0. 1. 1. 0. 0. 1. 1. 0. 1. 1. 0. 1. 1. 1. 0. 1. 1. 0. 1. 0. 1. 1. 1.
  1. 1.]
 [1. 1. 0. 1. 1. 1. 1. 0. 1. 0. 1. 1. 1. 1. 1. 1. 0. 0. 1. 0. 1. 0. 1. 0.
  0. 0. 1. 1. 0. 1. 1. 1. 1. 1. 0. 1. 1. 0. 1. 1. 1. 1. 1. 1. 1. 0. 1. 1.
  1. 1.]
 [0. 1. 0. 1. 0. 1. 1. 1. 0. 0. 0. 1. 1. 1. 1. 1. 1. 0. 0. 1. 1. 1. 1. 1.
  1. 1. 1. 1. 1. 0. 1. 1. 1. 1. 1. 1. 1. 1. 1. 0. 1. 1. 1. 1. 1. 0. 1. 0.
  1. 1.]
 [1. 1. 1. 1. 1. 1. 1. 0. 0. 0. 0. 0. 1. 1. 1. 1. 1. 1. 1. 1. 1. 1. 1. 0.
  1. 1. 1. 1. 1. 1. 0. 1. 1. 1. 1. 1. 1. 1. 1. 1. 1. 1. 1. 1. 1. 0. 1. 0.
  1. 1.]
 [0. 1. 1. 1. 1. 1. 1. 1. 0. 0. 0. 0. 1. 1. 1. 1. 1. 1. 1. 1. 1. 1. 1. 0.
  0. 1. 1. 1. 1. 1. 0. 1. 1. 1. 1. 1. 1. 1. 1. 0. 1. 1. 1. 1. 1. 1. 0. 0.
  1. 1.]
 [1. 1. 1. 1. 1. 0. 1. 1. 1. 0. 0. 0. 1. 1. 1. 1. 1. 1. 0. 0. 1. 1. 0. 1.
  1. 1. 1. 1. 0. 1. 1. 0. 1. 1. 1. 1. 1. 1. 1. 1. 1. 1. 1. 0. 1. 1. 1. 1.
  0. 0.]
 [1. 0. 1. 1. 1. 1. 1. 1. 1. 1. 1. 1. 0. 1. 1. 1. 1. 0. 0. 1. 1. 1. 1. 1.
  1. 1. 1. 0. 1. 1. 1. 1. 1. 1. 1. 0. 1. 1. 1. 1. 1. 1. 1. 1. 1. 0. 1. 1.
  1. 0.]
 [0. 0. 1. 0. 0. 1. 1. 1. 1. 1. 1. 1. 1. 0. 1. 0. 1. 1. 1. 1. 1. 1. 1. 1.
  1. 1. 1. 1. 1. 1. 1. 1. 1. 0. 0. 1. 1. 1. 0. 0. 1. 1. 1. 1. 1. 1. 1. 1.
  1. 1.]
 [0. 1. 1. 1. 1. 1. 1. 1. 1. 1. 1. 1. 1. 1. 0. 1. 1. 0. 1. 1. 1. 1. 0. 1.
  1. 1. 1. 1. 1. 1. 1. 1. 1. 1. 1. 1. 1. 1. 1. 1. 1. 0. 1. 1. 1. 1. 1. 1.
  1. 0.]
 [1. 1. 1. 1. 1. 1. 1. 1. 1. 1. 1. 1. 1. 0. 1. 0. 0. 0. 0. 0. 0. 0. 0. 0.
  0. 0. 0. 0. 0. 0. 0. 0. 0. 0. 0. 0. 0. 0. 0. 0. 0. 0. 0. 0. 0. 0. 0. 0.
  0. 0.]
 [0. 1. 0. 0. 0. 1. 0. 0. 1. 1. 1. 1. 1. 1. 1. 0. 0. 0. 0. 0. 0. 0. 0. 0.
  0. 0. 0. 0. 0. 0. 0. 0. 0. 0. 0. 0. 0. 0. 0. 0. 0. 0. 0. 0. 0. 0. 0. 0.
  0. 0.]
 [1. 1. 1. 1. 1. 1. 1. 0. 0. 1. 1. 1. 0. 1. 0. 0. 0. 0. 0. 0. 0. 0. 0. 0.
  0. 0. 0. 0. 0. 0. 0. 0. 0. 0. 0. 0. 0. 0. 0. 0. 0. 0. 0. 0. 0. 0. 0. 0.
  0. 0.]
 [1. 0. 0. 1. 1. 1. 1. 1. 0. 1. 1. 0. 0. 1. 1. 0. 0. 0. 0. 0. 0. 0. 0. 0.
  0. 0. 0. 0. 0. 0. 0. 0. 0. 0. 0. 0. 0. 0. 0. 0. 0. 0. 0. 0. 0. 0. 0. 0.
  0. 0.]
 [1. 1. 1. 1. 1. 1. 1. 0. 1. 1. 1. 0. 1. 1. 1. 0. 0. 0. 0. 0. 0. 0. 0. 0.
  0. 0. 0. 0. 0. 0. 0. 0. 0. 0. 0. 0. 0. 0. 0. 0. 0. 0. 0. 0. 0. 0. 0. 0.
  0. 0.]
 [1. 1. 1. 1. 0. 1. 1. 1. 1. 1. 1. 1. 1. 1. 1. 0. 0. 0. 0. 0. 0. 0. 0. 0.
  0. 0. 0. 0. 0. 0. 0. 0. 0. 0. 0. 0. 0. 0. 0. 0. 0. 0. 0. 0. 0. 0. 0. 0.
  0. 0.]
 [1. 1. 1. 1. 1. 1. 1. 0. 1. 1. 1. 1. 1. 1. 1. 0. 0. 0. 0. 0. 0. 0. 0. 0.
  0. 0. 0. 0. 0. 0. 0. 0. 0. 0. 0. 0. 0. 0. 0. 0. 0. 0. 0. 0. 0. 0. 0. 0.
  0. 0.]
 [1. 1. 0. 1. 1. 0. 1. 1. 1. 1. 1. 0. 1. 1. 0. 0. 0. 0. 0. 0. 0. 0. 0. 0.
  0. 0. 0. 0. 0. 0. 0. 0. 0. 0. 0. 0. 0. 0. 0. 0. 0. 0. 0. 0. 0. 0. 0. 0.
  0. 0.]
 [1. 1. 1. 1. 1. 0. 1. 0. 1. 0. 0. 1. 1. 1. 1. 0. 0. 0. 0. 0. 0. 0. 0. 0.
  0. 0. 0. 0. 0. 0. 0. 0. 0. 0. 0. 0. 0. 0. 0. 0. 0. 0. 0. 0. 0. 0. 0. 0.
  0. 0.]
 [1. 1. 1. 1. 0. 0. 1. 0. 1. 1. 0. 1. 1. 1. 1. 0. 0. 0. 0. 0. 0. 0. 0. 0.
  0. 0. 0. 0. 0. 0. 0. 0. 0. 0. 0. 0. 0. 0. 0. 0. 0. 0. 0. 0. 0. 0. 0. 0.
  0. 0.]
 [1. 1. 1. 1. 1. 1. 0. 0. 1. 1. 1. 1. 1. 1. 1. 0. 0. 0. 0. 0. 0. 0. 0. 0.
  0. 0. 0. 0. 0. 0. 0. 0. 0. 0. 0. 0. 0. 0. 0. 0. 0. 0. 0. 0. 0. 0. 0. 0.
  0. 0.]
 [1. 1. 1. 1. 1. 1. 1. 1. 1. 1. 1. 1. 1. 1. 1. 0. 0. 0. 0. 0. 0. 0. 0. 0.
  0. 0. 0. 0. 0. 0. 0. 0. 0. 0. 0. 0. 0. 0. 0. 0. 0. 0. 0. 0. 0. 0. 0. 0.
  0. 0.]
 [1. 1. 0. 0. 1. 1. 1. 1. 1. 1. 1. 1. 0. 1. 1. 0. 0. 0. 0. 0. 0. 0. 0. 0.
  0. 0. 0. 0. 0. 0. 0. 0. 0. 0. 0. 0. 0. 0. 0. 0. 0. 0. 0. 0. 0. 0. 0. 0.
  0. 0.]
 [1. 1. 1. 1. 1. 1. 0. 0. 1. 1. 1. 0. 1. 1. 1. 0. 0. 0. 0. 0. 0. 0. 0. 0.
  0. 0. 0. 0. 0. 0. 0. 0. 0. 0. 0. 0. 0. 0. 0. 0. 0. 0. 0. 0. 0. 0. 0. 0.
  0. 0.]
 [1. 0. 1. 1. 1. 1. 0. 1. 0. 1. 1. 1. 1. 1. 1. 0. 0. 0. 0. 0. 0. 0. 0. 0.
  0. 0. 0. 0. 0. 0. 0. 0. 0. 0. 0. 0. 0. 0. 0. 0. 0. 0. 0. 0. 0. 0. 0. 0.
  0. 0.]
 [1. 0. 0. 1. 1. 1. 1. 1. 1. 0. 0. 1. 1. 1. 1. 0. 0. 0. 0. 0. 0. 0. 0. 0.
  0. 0. 0. 0. 0. 0. 0. 0. 0. 0. 0. 0. 0. 0. 0. 0. 0. 0. 0. 0. 0. 0. 0. 0.
  0. 0.]
 [1. 1. 1. 1. 1. 0. 1. 1. 1. 1. 1. 0. 1. 1. 1. 0. 0. 0. 0. 0. 0. 0. 0. 0.
  0. 0. 0. 0. 0. 0. 0. 0. 0. 0. 0. 0. 0. 0. 0. 0. 0. 0. 0. 0. 0. 0. 0. 0.
  0. 0.]
 [1. 0. 1. 1. 1. 0. 0. 1. 1. 1. 1. 1. 1. 1. 1. 0. 0. 0. 0. 0. 0. 0. 0. 0.
  0. 0. 0. 0. 0. 0. 0. 0. 0. 0. 0. 0. 0. 0. 0. 0. 0. 0. 0. 0. 0. 0. 0. 0.
  0. 0.]
 [1. 1. 1. 1. 1. 1. 1. 1. 1. 1. 1. 1. 1. 0. 1. 0. 0. 0. 0. 0. 0. 0. 0. 0.
  0. 0. 0. 0. 0. 0. 0. 0. 0. 0. 0. 0. 0. 0. 0. 0. 0. 0. 0. 0. 0. 0. 0. 0.
  0. 0.]
 [0. 1. 1. 1. 1. 1. 1. 0. 1. 1. 1. 1. 1. 0. 1. 0. 0. 0. 0. 0. 0. 0. 0. 0.
  0. 0. 0. 0. 0. 0. 0. 0. 0. 0. 0. 0. 0. 0. 0. 0. 0. 0. 0. 0. 0. 0. 0. 0.
  0. 0.]
 [1. 1. 1. 1. 1. 1. 0. 1. 1. 1. 1. 1. 0. 1. 1. 0. 0. 0. 0. 0. 0. 0. 0. 0.
  0. 0. 0. 0. 0. 0. 0. 0. 0. 0. 0. 0. 0. 0. 0. 0. 0. 0. 0. 0. 0. 0. 0. 0.
  0. 0.]
 [0. 1. 1. 1. 1. 1. 1. 1. 1. 1. 1. 1. 1. 1. 1. 0. 0. 0. 0. 0. 0. 0. 0. 0.
  0. 0. 0. 0. 0. 0. 0. 0. 0. 0. 0. 0. 0. 0. 0. 0. 0. 0. 0. 0. 0. 0. 0. 0.
  0. 0.]
 [1. 1. 1. 1. 1. 0. 1. 0. 1. 1. 1. 1. 1. 1. 1. 0. 0. 0. 0. 0. 0. 0. 0. 0.
  0. 0. 0. 0. 0. 0. 0. 0. 0. 0. 0. 0. 0. 0. 0. 0. 0. 0. 0. 0. 0. 0. 0. 0.
  0. 0.]
 [1. 1. 0. 1. 1. 1. 1. 1. 1. 1. 1. 1. 1. 0. 1. 0. 0. 0. 0. 0. 0. 0. 0. 0.
  0. 0. 0. 0. 0. 0. 0. 0. 0. 0. 0. 0. 0. 0. 0. 0. 0. 0. 0. 0. 0. 0. 0. 0.
  0. 0.]
 [1. 1. 1. 1. 1. 1. 0. 1. 0. 1. 0. 1. 1. 0. 1. 0. 0. 0. 0. 0. 0. 0. 0. 0.
  0. 0. 0. 0. 0. 0. 0. 0. 0. 0. 0. 0. 0. 0. 0. 0. 0. 0. 0. 0. 0. 0. 0. 0.
  0. 0.]
 [1. 1. 1. 1. 1. 0. 1. 1. 1. 1. 1. 1. 1. 1. 1. 0. 0. 0. 0. 0. 0. 0. 0. 0.
  0. 0. 0. 0. 0. 0. 0. 0. 0. 0. 0. 0. 0. 0. 0. 0. 0. 0. 0. 0. 0. 0. 0. 0.
  0. 0.]
 [1. 1. 1. 1. 1. 0. 1. 1. 1. 1. 1. 1. 1. 1. 0. 0. 0. 0. 0. 0. 0. 0. 0. 0.
  0. 0. 0. 0. 0. 0. 0. 0. 0. 0. 0. 0. 0. 0. 0. 0. 0. 0. 0. 0. 0. 0. 0. 0.
  0. 0.]
 [1. 1. 1. 0. 1. 1. 0. 1. 1. 1. 1. 1. 1. 1. 1. 0. 0. 0. 0. 0. 0. 0. 0. 0.
  0. 0. 0. 0. 0. 0. 0. 0. 0. 0. 0. 0. 0. 0. 0. 0. 0. 0. 0. 0. 0. 0. 0. 0.
  0. 0.]
 [1. 1. 1. 1. 1. 1. 1. 1. 1. 1. 1. 0. 1. 1. 1. 0. 0. 0. 0. 0. 0. 0. 0. 0.
  0. 0. 0. 0. 0. 0. 0. 0. 0. 0. 0. 0. 0. 0. 0. 0. 0. 0. 0. 0. 0. 0. 0. 0.
  0. 0.]
 [1. 1. 1. 1. 1. 1. 0. 1. 1. 1. 1. 1. 1. 1. 1. 0. 0. 0. 0. 0. 0. 0. 0. 0.
  0. 0. 0. 0. 0. 0. 0. 0. 0. 0. 0. 0. 0. 0. 0. 0. 0. 0. 0. 0. 0. 0. 0. 0.
  0. 0.]
 [1. 1. 1. 1. 0. 1. 1. 0. 0. 0. 1. 1. 0. 1. 1. 0. 0. 0. 0. 0. 0. 0. 0. 0.
  0. 0. 0. 0. 0. 0. 0. 0. 0. 0. 0. 0. 0. 0. 0. 0. 0. 0. 0. 0. 0. 0. 0. 0.
  0. 0.]
 [0. 0. 1. 1. 1. 1. 1. 1. 1. 1. 0. 1. 1. 1. 1. 0. 0. 0. 0. 0. 0. 0. 0. 0.
  0. 0. 0. 0. 0. 0. 0. 0. 0. 0. 0. 0. 0. 0. 0. 0. 0. 0. 0. 0. 0. 0. 0. 0.
  0. 0.]
 [1. 1. 0. 1. 1. 1. 1. 1. 0. 0. 0. 1. 1. 1. 1. 0. 0. 0. 0. 0. 0. 0. 0. 0.
  0. 0. 0. 0. 0. 0. 0. 0. 0. 0. 0. 0. 0. 0. 0. 0. 0. 0. 0. 0. 0. 0. 0. 0.
  0. 0.]
 [1. 0. 1. 1. 1. 1. 1. 1. 1. 1. 1. 0. 1. 1. 1. 0. 0. 0. 0. 0. 0. 0. 0. 0.
  0. 0. 0. 0. 0. 0. 0. 0. 0. 0. 0. 0. 0. 0. 0. 0. 0. 0. 0. 0. 0. 0. 0. 0.
  0. 0.]
 [1. 1. 1. 0. 1. 1. 1. 1. 1. 1. 1. 0. 0. 1. 0. 0. 0. 0. 0. 0. 0. 0. 0. 0.
  0. 0. 0. 0. 0. 0. 0. 0. 0. 0. 0. 0. 0. 0. 0. 0. 0. 0. 0. 0. 0. 0. 0. 0.
  0. 0.]]
start_times_array: [[23130.         23340.         23361.         23368.
  23387.         23470.         23544.         23556.
  23625.         23664.         23673.         23736.
  23803.         23861.         23898.        ]
 [22339.         22449.         22532.         22564.
  22620.         22681.         22748.         22757.
  22807.         22895.         22994.         23044.
  23198.         23240.         23310.        ]
 [21818.         21838.         21878.         21906.
  21957.         21980.         22014.         22024.
  22095.         22136.         22150.         22212.
  22253.         22267.         22401.        ]
 [20726.         20773.         20988.         21087.
  21138.         21223.         21272.         21304.
  21393.         21468.         21492.         21500.
  21549.         21635.         21732.        ]
 [20244.         20256.         20321.         20324.
  20413.         20439.         20506.         20530.
  20554.         20558.         20601.         20634.
  20686.         20805.         20889.        ]
 [19382.         19471.         19472.         19553.
  19679.         19730.         19744.         19822.
  19891.         19986.         20004.         20019.
  20085.         20159.         20243.        ]
 [18711.         18734.         18872.         18905.
  18957.         18983.         18995.         19092.
  19170.         19221.         19303.         19308.
  19459.         19614.         19639.        ]
 [17840.         17908.         17974.         18030.
  18125.         18144.         18241.         18299.
  18353.         18427.         18432.         18515.
  18607.         18615.         18792.        ]
 [16318.         16476.         17125.         17199.
  17323.         17382.         17421.         17457.
  17496.         17541.         17575.         17623.
  17695.         17765.         17988.        ]
 [15565.         15687.         15763.         15772.
  15801.         16864.         16915.         16957.
  17028.         17120.         17147.         17191.
  17268.         17323.         17701.        ]
 [15565.         15630.         16318.         16338.
  16377.         16438.         16448.         16541.
  16575.         16660.         16722.         16751.
  16755.         16806.         16868.        ]
 [15565.         15630.         15687.         15763.
  15852.         15861.         15922.         15986.
  15988.         16073.         16157.         16184.
  16254.         16259.         16407.        ]
 [14889.         14958.         14991.         15070.
  15078.         15163.         15239.         15331.
  15336.         15359.         15429.         15453.
  15454.         15493.         15494.        ]
 [14197.         14241.         14289.         14348.
  14404.         14481.         14493.         14580.
  14621.         14710.         14734.         14758.
  14816.         14872.         14925.        ]
 [13495.         13547.         13567.         13624.
  13720.         13732.         13772.         13832.
  13839.         13873.         13964.         13985.
  14029.         14108.         14162.        ]
 [12753.         12765.         12808.         12823.
  12889.         12951.         12955.         12992.
  13025.         13102.         13169.         13245.
  13286.         13363.         13414.        ]
 [11009.         12328.         12388.         12437.
  12513.         12588.         12653.         12679.
  12753.         12764.         12808.         12875.
  12969.         13136.         13281.        ]
 [ 9844.         10375.         10780.         11383.
  11793.         11865.         11885.         11903.
  11981.         11984.         12155.         12249.
  12271.         12275.         12645.        ]
 [11502.         11749.         11793.         11880.
  11911.         12002.         12033.         12114.
  12124.         12155.         12179.         12217.
  12307.         12325.         12327.        ]
 [ 9360.         10981.         11057.         11119.
  11120.         11257.         11293.         11329.
  11384.         11416.         11574.         11656.
  11664.         11723.         11998.        ]
 [11253.         11257.         11328.         11367.
  11383.         11416.         11442.         11487.
  11574.         11616.         11627.         11645.
  11656.         11673.         11749.        ]
 [ 8588.          9682.         10490.         10564.
  10657.         10717.         10808.         10889.
  10981.         11026.         11077.         11097.
  11168.         11182.         11195.        ]
 [ 9957.         10302.         10315.         10336.
  10428.         10431.         10434.         10512.
  10559.         10605.         10657.         10744.
  10889.         10951.         11058.        ]
 [ 9367.          9816.          9833.          9919.
  10015.         10070.         10144.         10162.
  10243.         10299.         10302.         10333.
  10348.         10440.         10487.        ]
 [ 6234.          8511.          9029.          9181.
   9346.          9398.          9435.          9477.
   9505.          9588.          9670.          9742.
   9755.          9764.          9816.        ]
 [ 7582.          7880.          8059.          8467.
   9133.          9174.          9181.          9212.
   9263.          9265.          9346.          9391.
   9418.          9470.          9711.        ]
 [ 8113.          8743.          8795.          8836.
   8841.          8861.          8958.          9006.
   9029.          9063.          9091.          9166.
   9187.          9247.          9333.        ]
 [ 6655.          8319.          8418.          8467.
   8511.          8539.          8576.          8588.
   8657.          8743.          8817.          8862.
   8957.          9054.          9132.        ]
 [ 6559.          6682.          7416.          7714.
   7748.          7807.          7817.          7941.
   7979.          8059.          8137.          8205.
   8544.          8571.          8611.        ]
 [ 7593.          7622.          7638.          7716.
   7748.          7778.          7850.          7941.
   8018.          8023.          8113.          8137.
   8143.          8213.          8267.        ]
 [ 6690.          7296.          7364.          7416.
   7495.          7500.          7547.          7589.
   7593.          7659.          7706.          7777.
   7856.          7873.          7937.        ]
 [ 6288.          6433.          6523.          6585.
   6788.          7008.          7038.          7055.
   7068.          7133.          7193.          7283.
   7401.          7479.          7561.        ]
 [ 5252.          6286.44501225  6339.          6433.
   6443.          6507.          6529.          6620.
   6690.          6731.          6785.          6867.
   6916.          6946.          7067.        ]
 [ 3029.          5159.          5238.          5247.
   6099.          6153.          6335.          6394.
   6418.          6585.          6655.          6696.
   6728.          6788.          7173.37131495]
 [ 4434.          5808.          5815.          5893.
   5978.          5991.          5994.          6052.
   6114.          6173.          6252.          6283.
   6327.          6339.          6940.        ]
 [ 4948.          5020.          5121.          5218.
   5265.          5274.          5373.          5438.
   5440.          5532.          5535.          5596.
   5691.          5733.          6042.37131495]
 [ 3949.          4863.          5011.          5013.
   5090.          5159.          5201.          5274.
   5347.          5375.          5391.          5428.
   5535.          5627.          5692.        ]
 [ 4335.          4390.          4478.          4547.
   4603.          4651.          4668.          4670.
   4736.          4806.          4863.          4930.
   4968.          5013.          5027.        ]
 [ 2774.          3289.          3388.          3485.
   3499.          3823.          3896.          3902.
   3977.          4012.          4083.          4132.
   4223.          4261.          4335.        ]
 [ 3658.          3758.          3798.          3896.
   3946.          4000.          4014.          4078.
   4132.          4216.          4242.          4298.
   4478.          4622.          4628.        ]
 [ 2373.          2706.          3060.          3117.
   3165.          3211.          3281.          3365.
   3401.          3417.          3502.          3584.
   3634.          3708.          3736.        ]
 [  604.          2749.          2797.          2909.
   3162.          3181.          3205.          3242.
   3280.          3365.          3464.          3484.
   3560.          3654.          3744.        ]
 [ 2317.          2640.          2654.          2715.
   2749.          2774.          2844.          2894.
   2909.          2915.          2992.          3029.
   3037.          3100.          3137.        ]
 [ 1637.          1732.          1932.          1997.
   2085.          2128.          2170.          2200.
   2262.          2348.          2400.          2461.
   2477.          2525.          2587.        ]
 [ 1186.          1777.          1869.          1873.
   1932.          1935.          1972.          1980.
   2058.          2080.          2178.          2187.
   2250.          2334.          2400.        ]
 [  572.           877.          1358.          1446.
   1500.          1529.          1595.          1643.
   1701.          1743.          1769.          1777.
   1784.          1883.          1906.        ]
 [  434.           501.           578.           610.
    769.           840.           887.           954.
   1052.          1095.          1157.          1241.
   1529.          1531.          1591.        ]
 [  778.           805.           877.           939.
    946.          1022.          1025.          1055.
   1092.          1101.          1114.          1186.
   1285.          1301.          1318.        ]
 [  168.           220.           317.           342.
    434.           488.           543.           594.
    686.           726.           778.           840.
    882.           883.          1016.        ]
 [    0.            64.           147.           178.
    225.           244.           306.           317.
    373.           428.           488.           572.
    636.           875.          1082.        ]]
