optimal_status: 0
solution: 21133.0
cpu_time: 3612.713403940201
gap: 0.9353716374616152
upper_bound: 1365.7911855236853
lower_bound: 21133.0
cg_matrix: [[0. 1. 0. 1. 1. 1. 1. 0. 1. 1. 0. 1. 1. 1. 1. 1. 0. 0. 1. 1. 1. 1. 1. 0.
  1. 1. 1. 1. 1. 1.]
 [1. 0. 1. 1. 1. 1. 1. 1. 1. 1. 1. 0. 0. 1. 1. 0. 1. 1. 1. 1. 1. 1. 1. 1.
  1. 1. 1. 1. 1. 0.]
 [0. 1. 0. 1. 1. 1. 1. 1. 0. 1. 1. 0. 1. 1. 0. 1. 1. 0. 1. 1. 1. 1. 1. 1.
  0. 1. 1. 1. 1. 1.]
 [1. 1. 1. 0. 1. 1. 1. 1. 0. 0. 1. 1. 1. 0. 1. 1. 1. 1. 1. 1. 1. 0. 1. 1.
  1. 1. 0. 1. 0. 0.]
 [1. 1. 1. 1. 0. 1. 1. 1. 1. 1. 1. 1. 1. 1. 1. 0. 1. 1. 1. 1. 1. 0. 1. 1.
  1. 1. 0. 1. 1. 1.]
 [1. 1. 1. 1. 1. 0. 1. 1. 1. 1. 1. 0. 1. 1. 1. 0. 1. 1. 1. 1. 0. 1. 1. 0.
  1. 1. 1. 1. 1. 0.]
 [1. 1. 1. 1. 1. 1. 0. 1. 1. 1. 1. 1. 1. 1. 1. 1. 1. 1. 1. 1. 1. 1. 1. 1.
  1. 1. 1. 1. 1. 0.]
 [0. 1. 1. 1. 1. 1. 1. 0. 1. 1. 1. 1. 1. 1. 1. 0. 0. 1. 1. 0. 1. 1. 1. 1.
  0. 1. 0. 1. 1. 1.]
 [1. 1. 0. 0. 1. 1. 1. 1. 0. 1. 1. 1. 1. 1. 1. 0. 1. 1. 1. 1. 1. 0. 1. 1.
  1. 1. 1. 1. 1. 1.]
 [1. 1. 1. 0. 1. 1. 1. 1. 1. 0. 1. 1. 1. 1. 1. 1. 1. 1. 1. 1. 1. 1. 0. 0.
  1. 0. 1. 1. 0. 1.]
 [0. 1. 1. 1. 1. 1. 1. 1. 1. 1. 0. 1. 0. 1. 1. 1. 1. 1. 1. 0. 0. 1. 1. 1.
  1. 1. 1. 1. 1. 1.]
 [1. 0. 0. 1. 1. 0. 1. 1. 1. 1. 1. 0. 1. 1. 1. 1. 1. 1. 1. 1. 0. 0. 1. 1.
  1. 1. 0. 1. 1. 0.]
 [1. 0. 1. 1. 1. 1. 1. 1. 1. 1. 0. 1. 0. 1. 1. 1. 1. 1. 1. 1. 1. 1. 0. 0.
  1. 1. 1. 0. 1. 1.]
 [1. 1. 1. 0. 1. 1. 1. 1. 1. 1. 1. 1. 1. 0. 0. 1. 1. 1. 1. 1. 0. 0. 1. 1.
  1. 0. 0. 0. 1. 1.]
 [1. 1. 0. 1. 1. 1. 1. 1. 1. 1. 1. 1. 1. 0. 0. 0. 0. 1. 1. 1. 0. 1. 1. 0.
  1. 1. 1. 1. 1. 1.]
 [1. 0. 1. 1. 0. 0. 1. 0. 0. 1. 1. 1. 1. 1. 0. 0. 0. 1. 1. 1. 0. 0. 1. 1.
  0. 1. 1. 1. 1. 1.]
 [0. 1. 1. 1. 1. 1. 1. 0. 1. 1. 1. 1. 1. 1. 0. 0. 0. 1. 1. 1. 0. 1. 1. 1.
  1. 1. 1. 1. 1. 1.]
 [0. 1. 0. 1. 1. 1. 1. 1. 1. 1. 1. 1. 1. 1. 1. 1. 1. 0. 0. 1. 1. 0. 1. 1.
  0. 0. 1. 1. 1. 1.]
 [1. 1. 1. 1. 1. 1. 1. 1. 1. 1. 1. 1. 1. 1. 1. 1. 1. 0. 0. 1. 0. 1. 1. 1.
  0. 1. 1. 1. 0. 1.]
 [1. 1. 1. 1. 1. 1. 1. 0. 1. 1. 0. 1. 1. 1. 1. 1. 1. 1. 1. 0. 1. 1. 0. 0.
  1. 1. 0. 1. 1. 1.]
 [1. 1. 1. 1. 1. 0. 1. 1. 1. 1. 0. 0. 1. 0. 0. 0. 0. 1. 0. 1. 0. 0. 0. 0.
  0. 0. 0. 0. 0. 0.]
 [1. 1. 1. 0. 0. 1. 1. 1. 0. 1. 1. 0. 1. 0. 1. 0. 1. 0. 1. 1. 0. 0. 0. 0.
  0. 0. 0. 0. 0. 0.]
 [1. 1. 1. 1. 1. 1. 1. 1. 1. 0. 1. 1. 0. 1. 1. 1. 1. 1. 1. 0. 0. 0. 0. 0.
  0. 0. 0. 0. 0. 0.]
 [0. 1. 1. 1. 1. 0. 1. 1. 1. 0. 1. 1. 0. 1. 0. 1. 1. 1. 1. 0. 0. 0. 0. 0.
  0. 0. 0. 0. 0. 0.]
 [1. 1. 0. 1. 1. 1. 1. 0. 1. 1. 1. 1. 1. 1. 1. 0. 1. 0. 0. 1. 0. 0. 0. 0.
  0. 0. 0. 0. 0. 0.]
 [1. 1. 1. 1. 1. 1. 1. 1. 1. 0. 1. 1. 1. 0. 1. 1. 1. 0. 1. 1. 0. 0. 0. 0.
  0. 0. 0. 0. 0. 0.]
 [1. 1. 1. 0. 0. 1. 1. 0. 1. 1. 1. 0. 1. 0. 1. 1. 1. 1. 1. 0. 0. 0. 0. 0.
  0. 0. 0. 0. 0. 0.]
 [1. 1. 1. 1. 1. 1. 1. 1. 1. 1. 1. 1. 0. 0. 1. 1. 1. 1. 1. 1. 0. 0. 0. 0.
  0. 0. 0. 0. 0. 0.]
 [1. 1. 1. 0. 1. 1. 1. 1. 1. 0. 1. 1. 1. 1. 1. 1. 1. 1. 0. 1. 0. 0. 0. 0.
  0. 0. 0. 0. 0. 0.]
 [1. 0. 1. 0. 1. 0. 0. 1. 1. 1. 1. 0. 1. 1. 1. 1. 1. 1. 1. 1. 0. 0. 0. 0.
  0. 0. 0. 0. 0. 0.]]
start_times_array: [[19080.         19875.         20076.         20135.
  20142.         20235.         20318.         20410.
  20466.         20559.         20619.         20659.
  20733.         20792.         20864.         20885.
  20909.         20933.         20990.         21064.        ]
 [18723.         18811.         19024.         19066.
  19165.         19231.         19239.         19271.
  19348.         19359.         19389.         19437.
  19534.         19623.         19705.         19786.
  19913.         19989.         20091.         20292.        ]
 [17892.         18011.         18093.         18130.
  18215.         18246.         18327.         18351.
  18418.         18421.         18433.         18441.
  18513.         18600.         18669.         18688.
  18881.         18978.         19080.         19153.        ]
 [16733.         16832.         16979.         17053.
  17065.         17179.         17268.         17335.
  17387.         17408.         17419.         17450.
  17519.         17554.         17653.         17677.
  17770.         17857.         17872.         17945.        ]
 [16031.         16045.         16262.         16276.
  16344.         16350.         16429.         16443.
  16458.         16475.         16543.         16562.
  16608.         16680.         16713.         16764.
  16776.         16882.         17117.         17143.        ]
 [14874.         14989.         15084.         15086.
  15167.         15340.         15361.         15459.
  15523.         15553.         15593.         15660.
  15725.         15741.         15774.         15825.
  15874.         15942.         16135.         16227.        ]
 [13711.         13841.         13920.         14001.
  14191.         14202.         14263.         14299.
  14332.         14446.         14529.         14543.
  14640.         14676.         14737.         14809.
  14945.         14971.         14985.         15260.        ]
 [12914.         12984.         13127.         13162.
  13173.         13272.         13355.         13394.
  13437.         13524.         13543.         13557.
  13603.         13694.         13739.         13771.
  13803.         13874.         14095.         14424.        ]
 [11797.         11984.         12020.         12028.
  12049.         12051.         12083.         12158.
  12239.         12347.         12411.         12491.
  12566.         12615.         12656.         12738.
  12763.         12852.         12885.         13080.        ]
 [10728.         10975.         11042.         11070.
  11150.         11182.         11215.         11287.
  11314.         11359.         11378.         11427.
  11462.         11519.         11606.         11665.
  11714.         11866.         11918.         12286.        ]
 [ 9737.         10196.         10249.         10310.
  10341.         10355.         10374.         10400.
  10491.         10544.         10585.         10662.
  10737.         10818.         10850.         10879.
  10962.         11011.         11064.         11129.        ]
 [ 8531.          9277.          9366.          9395.
   9402.          9449.          9496.          9521.
   9566.          9626.          9654.          9761.
   9829.          9841.          9878.          9947.
   9993.         10040.         10131.         10151.        ]
 [ 8047.          8142.          8197.          8257.
   8309.          8326.          8401.          8455.
   8576.          8611.          8672.          8723.
   8807.          8845.          8939.          8969.
   8983.          9061.          9090.          9189.        ]
 [ 6755.          6769.          7042.          7234.
   7364.          7453.          7497.          7595.
   7651.          7673.          7706.          7747.
   7793.          7858.          7943.          7981.
   7984.          8003.          8042.          8070.        ]
 [ 5513.          5525.          5552.          5560.
   5573.          5715.          5750.          5912.
   6518.          6547.          6586.          6623.
   6624.          6698.          6720.          6758.
   6789.          6795.          6893.          7843.        ]
 [ 5513.          5607.          5969.          5975.
   6033.          6060.          6115.          6134.
   6417.          6425.          6547.          6596.
   6621.          6660.          6791.          6862.
   6943.          7031.          7141.          7293.        ]
 [ 4897.          5513.          5599.          5681.
   5761.          5835.          5895.          5938.
   6013.          6017.          6081.          6133.
   6206.          6283.          6363.          6452.
   6518.          6546.          6608.          6690.        ]
 [ 4334.55172414  4345.55172414  4570.          4582.
   4654.          4689.          4823.          4908.
   4949.          4972.          5035.          5051.
   5088.          5154.          5242.          5317.
   5368.          5391.          5431.          5435.        ]
 [ 4326.          4424.          4487.          4572.
   4580.          4647.          4682.          4740.
   4769.          4823.          4839.          4908.
   4981.          4996.          5078.          5169.
   5257.          5328.          5385.          5448.        ]
 [ 3271.          3324.          3341.          3377.
   3473.          3557.          3641.          3670.
   3726.          3809.          3893.          3945.
   3982.          4023.          4116.          4195.
   4288.          4325.          4379.          4454.        ]
 [   52.            71.           150.          1446.
   1489.          1553.          1555.          2610.
   2668.          2741.          2764.          2857.
   2876.          2944.          3021.          3053.
   3114.          3141.          3166.          3218.        ]
 [  732.          1488.          1631.          2110.
   2191.          2469.          2525.          2583.
   2597.          2723.          2802.          2818.
   2896.          2980.          3030.          3098.
   3114.          3161.          3200.          3305.        ]
 [  103.           277.          1997.          2281.
   2335.          2448.          2543.          2551.
   2564.          2587.          2627.          2642.
   2648.          2673.          2674.          2696.
   2726.          2736.          2743.          2862.        ]
 [  798.          1260.          1688.          1829.
   1902.          1960.          1987.          2009.
   2048.          2217.          2252.          2350.
   2423.          2458.          2531.          2603.
   2682.          2891.          2985.          3012.        ]
 [    0.           453.           704.          1042.
   1512.          1598.          1679.          1694.
   1786.          1859.          1935.          1988.
   2089.          2182.          2355.          2390.
   2403.          2488.          2636.          2675.        ]
 [  105.           472.          1197.          1290.
   1363.          1369.          1440.          1516.
   1602.          1699.          1715.          1769.
   1813.          1862.          1956.          2048.
   2103.          2134.          2511.          2546.        ]
 [   76.          1057.          1129.          1159.
   1334.          1417.          1514.          1602.
   1674.          1750.          1754.          1764.
   1853.          1928.          2003.          2083.
   2146.          2222.          2299.          2335.        ]
 [    0.           206.           274.           339.
    354.           390.           610.           854.
    861.           960.          1140.          1212.
   1224.          1257.          1363.          1387.
   1444.          1512.          1513.          1547.        ]
 [   49.           139.           142.           239.
    244.           316.           376.           408.
    499.           562.           666.           684.
    747.           801.           884.           976.
   1033.          1129.          1257.          1508.        ]
 [    0.            77.           110.           176.
    244.           343.           401.           453.
    541.           545.           616.           636.
    665.           778.           789.           805.
    862.           866.          1004.          1072.        ]]
