optimal_status: 0
solution: 44722.0
cpu_time: 3600.1447570323944
gap: 0.9683377308707124
upper_bound: 1416.0
lower_bound: 44722.0
cg_matrix: [[0. 1. 1. 1. 0. 0. 1. 1. 1. 1. 1. 0. 0. 1. 0. 1. 0. 1. 1. 1. 1. 1. 0. 0.
  1. 0. 1. 1. 1. 1. 0. 1. 1. 0. 1. 0. 1. 1. 1. 1. 0. 1. 1. 1. 1. 1. 1. 1.
  1. 1.]
 [1. 0. 1. 1. 1. 0. 1. 1. 0. 0. 1. 0. 1. 1. 0. 1. 0. 1. 1. 1. 1. 1. 1. 1.
  1. 1. 1. 1. 1. 1. 0. 1. 1. 1. 1. 1. 1. 0. 1. 1. 1. 0. 1. 1. 0. 0. 1. 1.
  0. 1.]
 [1. 1. 0. 1. 1. 1. 1. 1. 1. 0. 1. 1. 0. 0. 1. 1. 1. 0. 1. 1. 1. 1. 1. 1.
  1. 1. 1. 1. 1. 1. 1. 1. 1. 0. 1. 1. 1. 1. 1. 0. 0. 1. 1. 1. 1. 0. 1. 1.
  1. 1.]
 [1. 1. 1. 0. 1. 0. 1. 0. 1. 1. 1. 1. 1. 0. 1. 0. 1. 1. 0. 1. 0. 1. 0. 1.
  0. 1. 1. 1. 0. 0. 1. 0. 0. 1. 1. 1. 1. 1. 1. 1. 1. 1. 1. 1. 1. 1. 1. 0.
  1. 1.]
 [0. 1. 1. 1. 0. 1. 1. 0. 1. 1. 1. 1. 0. 0. 1. 1. 1. 1. 1. 1. 1. 1. 1. 1.
  1. 1. 1. 1. 1. 1. 1. 1. 0. 1. 1. 1. 0. 1. 1. 1. 1. 1. 1. 0. 1. 1. 1. 0.
  0. 1.]
 [0. 0. 1. 0. 1. 0. 0. 1. 1. 0. 1. 1. 1. 1. 1. 1. 1. 1. 1. 1. 1. 1. 0. 0.
  0. 0. 1. 1. 1. 1. 0. 1. 1. 1. 1. 0. 1. 1. 1. 1. 0. 1. 1. 1. 1. 1. 1. 1.
  1. 0.]
 [1. 1. 1. 1. 1. 0. 0. 1. 0. 1. 1. 1. 1. 0. 0. 0. 1. 1. 1. 1. 1. 1. 1. 1.
  1. 1. 0. 1. 1. 1. 1. 1. 1. 1. 0. 1. 1. 1. 1. 1. 0. 1. 1. 1. 1. 1. 1. 1.
  1. 1.]
 [1. 1. 1. 0. 0. 1. 1. 0. 1. 0. 1. 1. 0. 1. 0. 1. 1. 1. 0. 1. 1. 1. 1. 1.
  1. 1. 1. 0. 0. 0. 1. 1. 1. 1. 0. 1. 1. 1. 0. 0. 0. 1. 1. 1. 1. 1. 1. 0.
  1. 0.]
 [1. 0. 1. 1. 1. 1. 0. 1. 0. 1. 1. 0. 1. 1. 1. 1. 1. 1. 0. 1. 0. 0. 1. 1.
  1. 1. 1. 1. 1. 1. 0. 1. 1. 0. 1. 0. 0. 0. 1. 1. 0. 1. 1. 1. 1. 1. 0. 0.
  1. 1.]
 [1. 0. 0. 1. 1. 0. 1. 0. 1. 0. 0. 1. 1. 0. 1. 1. 1. 1. 1. 1. 1. 1. 0. 1.
  0. 0. 0. 1. 1. 1. 1. 1. 0. 1. 1. 0. 0. 1. 1. 1. 1. 1. 0. 1. 1. 0. 1. 0.
  1. 1.]
 [1. 1. 1. 1. 1. 1. 1. 1. 1. 0. 0. 1. 1. 1. 1. 0. 1. 1. 1. 1. 0. 1. 1. 1.
  1. 1. 1. 1. 1. 1. 0. 1. 1. 1. 1. 1. 0. 1. 1. 0. 1. 1. 1. 1. 1. 1. 0. 1.
  1. 1.]
 [0. 0. 1. 1. 1. 1. 1. 1. 0. 1. 1. 0. 1. 1. 0. 1. 0. 1. 1. 0. 1. 1. 1. 1.
  1. 1. 0. 1. 0. 0. 1. 1. 1. 0. 0. 1. 0. 1. 0. 1. 0. 1. 1. 1. 1. 1. 0. 1.
  1. 0.]
 [0. 1. 0. 1. 0. 1. 1. 0. 1. 1. 1. 1. 0. 0. 1. 1. 1. 1. 1. 0. 0. 1. 1. 1.
  1. 1. 1. 1. 0. 1. 1. 0. 0. 1. 1. 0. 1. 1. 1. 1. 1. 1. 0. 1. 1. 1. 1. 1.
  1. 1.]
 [1. 1. 0. 0. 0. 1. 0. 1. 1. 0. 1. 1. 0. 0. 0. 1. 1. 1. 0. 1. 1. 1. 1. 1.
  0. 1. 1. 1. 1. 1. 1. 1. 1. 1. 0. 1. 1. 1. 1. 0. 1. 0. 1. 1. 1. 1. 1. 0.
  1. 1.]
 [0. 0. 1. 1. 1. 1. 0. 0. 1. 1. 1. 0. 1. 0. 0. 1. 1. 1. 1. 1. 1. 0. 1. 0.
  1. 1. 1. 1. 0. 1. 1. 1. 1. 1. 1. 1. 1. 1. 0. 1. 1. 1. 1. 1. 1. 0. 0. 0.
  1. 1.]
 [1. 1. 1. 0. 1. 1. 0. 1. 1. 1. 0. 1. 1. 1. 1. 0. 1. 1. 1. 1. 0. 1. 1. 1.
  0. 1. 1. 0. 0. 0. 1. 1. 0. 1. 1. 1. 1. 1. 1. 0. 1. 1. 0. 0. 1. 0. 1. 1.
  1. 1.]
 [0. 0. 1. 1. 1. 1. 1. 1. 1. 1. 1. 0. 1. 1. 1. 1. 0. 1. 1. 0. 1. 1. 1. 1.
  1. 1. 1. 1. 1. 1. 0. 1. 0. 1. 1. 1. 0. 1. 1. 1. 1. 0. 0. 1. 1. 0. 0. 1.
  1. 1.]
 [1. 1. 0. 1. 1. 1. 1. 1. 1. 1. 1. 1. 1. 1. 1. 1. 1. 0. 0. 0. 1. 0. 1. 1.
  0. 1. 1. 1. 1. 1. 1. 1. 1. 1. 1. 1. 1. 1. 1. 0. 1. 1. 1. 1. 1. 1. 1. 1.
  1. 1.]
 [1. 1. 1. 0. 1. 1. 1. 0. 0. 1. 1. 1. 1. 0. 1. 1. 1. 0. 0. 0. 1. 1. 1. 1.
  0. 1. 1. 1. 1. 1. 1. 1. 1. 1. 1. 0. 1. 1. 1. 1. 1. 1. 1. 1. 1. 0. 1. 1.
  1. 1.]
 [1. 1. 1. 1. 1. 1. 1. 1. 1. 1. 1. 0. 0. 1. 1. 1. 0. 0. 0. 0. 1. 1. 0. 1.
  1. 1. 1. 1. 1. 1. 1. 0. 1. 1. 1. 1. 1. 1. 1. 1. 1. 0. 1. 1. 0. 1. 0. 1.
  1. 1.]
 [1. 1. 1. 0. 1. 1. 1. 1. 0. 1. 0. 1. 0. 1. 1. 0. 1. 1. 1. 1. 0. 0. 0. 0.
  0. 0. 0. 0. 0. 0. 0. 0. 0. 0. 0. 0. 0. 0. 0. 0. 0. 0. 0. 0. 0. 0. 0. 0.
  0. 0.]
 [1. 1. 1. 1. 1. 1. 1. 1. 0. 1. 1. 1. 1. 1. 0. 1. 1. 0. 1. 1. 0. 0. 0. 0.
  0. 0. 0. 0. 0. 0. 0. 0. 0. 0. 0. 0. 0. 0. 0. 0. 0. 0. 0. 0. 0. 0. 0. 0.
  0. 0.]
 [0. 1. 1. 0. 1. 0. 1. 1. 1. 0. 1. 1. 1. 1. 1. 1. 1. 1. 1. 0. 0. 0. 0. 0.
  0. 0. 0. 0. 0. 0. 0. 0. 0. 0. 0. 0. 0. 0. 0. 0. 0. 0. 0. 0. 0. 0. 0. 0.
  0. 0.]
 [0. 1. 1. 1. 1. 0. 1. 1. 1. 1. 1. 1. 1. 1. 0. 1. 1. 1. 1. 1. 0. 0. 0. 0.
  0. 0. 0. 0. 0. 0. 0. 0. 0. 0. 0. 0. 0. 0. 0. 0. 0. 0. 0. 0. 0. 0. 0. 0.
  0. 0.]
 [1. 1. 1. 0. 1. 0. 1. 1. 1. 0. 1. 1. 1. 0. 1. 0. 1. 0. 0. 1. 0. 0. 0. 0.
  0. 0. 0. 0. 0. 0. 0. 0. 0. 0. 0. 0. 0. 0. 0. 0. 0. 0. 0. 0. 0. 0. 0. 0.
  0. 0.]
 [0. 1. 1. 1. 1. 0. 1. 1. 1. 0. 1. 1. 1. 1. 1. 1. 1. 1. 1. 1. 0. 0. 0. 0.
  0. 0. 0. 0. 0. 0. 0. 0. 0. 0. 0. 0. 0. 0. 0. 0. 0. 0. 0. 0. 0. 0. 0. 0.
  0. 0.]
 [1. 1. 1. 1. 1. 1. 0. 1. 1. 0. 1. 0. 1. 1. 1. 1. 1. 1. 1. 1. 0. 0. 0. 0.
  0. 0. 0. 0. 0. 0. 0. 0. 0. 0. 0. 0. 0. 0. 0. 0. 0. 0. 0. 0. 0. 0. 0. 0.
  0. 0.]
 [1. 1. 1. 1. 1. 1. 1. 0. 1. 1. 1. 1. 1. 1. 1. 0. 1. 1. 1. 1. 0. 0. 0. 0.
  0. 0. 0. 0. 0. 0. 0. 0. 0. 0. 0. 0. 0. 0. 0. 0. 0. 0. 0. 0. 0. 0. 0. 0.
  0. 0.]
 [1. 1. 1. 0. 1. 1. 1. 0. 1. 1. 1. 0. 0. 1. 0. 0. 1. 1. 1. 1. 0. 0. 0. 0.
  0. 0. 0. 0. 0. 0. 0. 0. 0. 0. 0. 0. 0. 0. 0. 0. 0. 0. 0. 0. 0. 0. 0. 0.
  0. 0.]
 [1. 1. 1. 0. 1. 1. 1. 0. 1. 1. 1. 0. 1. 1. 1. 0. 1. 1. 1. 1. 0. 0. 0. 0.
  0. 0. 0. 0. 0. 0. 0. 0. 0. 0. 0. 0. 0. 0. 0. 0. 0. 0. 0. 0. 0. 0. 0. 0.
  0. 0.]
 [0. 0. 1. 1. 1. 0. 1. 1. 0. 1. 0. 1. 1. 1. 1. 1. 0. 1. 1. 1. 0. 0. 0. 0.
  0. 0. 0. 0. 0. 0. 0. 0. 0. 0. 0. 0. 0. 0. 0. 0. 0. 0. 0. 0. 0. 0. 0. 0.
  0. 0.]
 [1. 1. 1. 0. 1. 1. 1. 1. 1. 1. 1. 1. 0. 1. 1. 1. 1. 1. 1. 0. 0. 0. 0. 0.
  0. 0. 0. 0. 0. 0. 0. 0. 0. 0. 0. 0. 0. 0. 0. 0. 0. 0. 0. 0. 0. 0. 0. 0.
  0. 0.]
 [1. 1. 1. 0. 0. 1. 1. 1. 1. 0. 1. 1. 0. 1. 1. 0. 0. 1. 1. 1. 0. 0. 0. 0.
  0. 0. 0. 0. 0. 0. 0. 0. 0. 0. 0. 0. 0. 0. 0. 0. 0. 0. 0. 0. 0. 0. 0. 0.
  0. 0.]
 [0. 1. 0. 1. 1. 1. 1. 1. 0. 1. 1. 0. 1. 1. 1. 1. 1. 1. 1. 1. 0. 0. 0. 0.
  0. 0. 0. 0. 0. 0. 0. 0. 0. 0. 0. 0. 0. 0. 0. 0. 0. 0. 0. 0. 0. 0. 0. 0.
  0. 0.]
 [1. 1. 1. 1. 1. 1. 0. 0. 1. 1. 1. 0. 1. 0. 1. 1. 1. 1. 1. 1. 0. 0. 0. 0.
  0. 0. 0. 0. 0. 0. 0. 0. 0. 0. 0. 0. 0. 0. 0. 0. 0. 0. 0. 0. 0. 0. 0. 0.
  0. 0.]
 [0. 1. 1. 1. 1. 0. 1. 1. 0. 0. 1. 1. 0. 1. 1. 1. 1. 1. 0. 1. 0. 0. 0. 0.
  0. 0. 0. 0. 0. 0. 0. 0. 0. 0. 0. 0. 0. 0. 0. 0. 0. 0. 0. 0. 0. 0. 0. 0.
  0. 0.]
 [1. 1. 1. 1. 0. 1. 1. 1. 0. 0. 0. 0. 1. 1. 1. 1. 0. 1. 1. 1. 0. 0. 0. 0.
  0. 0. 0. 0. 0. 0. 0. 0. 0. 0. 0. 0. 0. 0. 0. 0. 0. 0. 0. 0. 0. 0. 0. 0.
  0. 0.]
 [1. 0. 1. 1. 1. 1. 1. 1. 0. 1. 1. 1. 1. 1. 1. 1. 1. 1. 1. 1. 0. 0. 0. 0.
  0. 0. 0. 0. 0. 0. 0. 0. 0. 0. 0. 0. 0. 0. 0. 0. 0. 0. 0. 0. 0. 0. 0. 0.
  0. 0.]
 [1. 1. 1. 1. 1. 1. 1. 0. 1. 1. 1. 0. 1. 1. 0. 1. 1. 1. 1. 1. 0. 0. 0. 0.
  0. 0. 0. 0. 0. 0. 0. 0. 0. 0. 0. 0. 0. 0. 0. 0. 0. 0. 0. 0. 0. 0. 0. 0.
  0. 0.]
 [1. 1. 0. 1. 1. 1. 1. 0. 1. 1. 0. 1. 1. 0. 1. 0. 1. 0. 1. 1. 0. 0. 0. 0.
  0. 0. 0. 0. 0. 0. 0. 0. 0. 0. 0. 0. 0. 0. 0. 0. 0. 0. 0. 0. 0. 0. 0. 0.
  0. 0.]
 [0. 1. 0. 1. 1. 0. 0. 0. 0. 1. 1. 0. 1. 1. 1. 1. 1. 1. 1. 1. 0. 0. 0. 0.
  0. 0. 0. 0. 0. 0. 0. 0. 0. 0. 0. 0. 0. 0. 0. 0. 0. 0. 0. 0. 0. 0. 0. 0.
  0. 0.]
 [1. 0. 1. 1. 1. 1. 1. 1. 1. 1. 1. 1. 1. 0. 1. 1. 0. 1. 1. 0. 0. 0. 0. 0.
  0. 0. 0. 0. 0. 0. 0. 0. 0. 0. 0. 0. 0. 0. 0. 0. 0. 0. 0. 0. 0. 0. 0. 0.
  0. 0.]
 [1. 1. 1. 1. 1. 1. 1. 1. 1. 0. 1. 1. 0. 1. 1. 0. 0. 1. 1. 1. 0. 0. 0. 0.
  0. 0. 0. 0. 0. 0. 0. 0. 0. 0. 0. 0. 0. 0. 0. 0. 0. 0. 0. 0. 0. 0. 0. 0.
  0. 0.]
 [1. 1. 1. 1. 0. 1. 1. 1. 1. 1. 1. 1. 1. 1. 1. 0. 1. 1. 1. 1. 0. 0. 0. 0.
  0. 0. 0. 0. 0. 0. 0. 0. 0. 0. 0. 0. 0. 0. 0. 0. 0. 0. 0. 0. 0. 0. 0. 0.
  0. 0.]
 [1. 0. 1. 1. 1. 1. 1. 1. 1. 1. 1. 1. 1. 1. 1. 1. 1. 1. 1. 0. 0. 0. 0. 0.
  0. 0. 0. 0. 0. 0. 0. 0. 0. 0. 0. 0. 0. 0. 0. 0. 0. 0. 0. 0. 0. 0. 0. 0.
  0. 0.]
 [1. 0. 0. 1. 1. 1. 1. 1. 1. 0. 1. 1. 1. 1. 0. 0. 0. 1. 0. 1. 0. 0. 0. 0.
  0. 0. 0. 0. 0. 0. 0. 0. 0. 0. 0. 0. 0. 0. 0. 0. 0. 0. 0. 0. 0. 0. 0. 0.
  0. 0.]
 [1. 1. 1. 1. 1. 1. 1. 1. 0. 1. 0. 0. 1. 1. 0. 1. 0. 1. 1. 0. 0. 0. 0. 0.
  0. 0. 0. 0. 0. 0. 0. 0. 0. 0. 0. 0. 0. 0. 0. 0. 0. 0. 0. 0. 0. 0. 0. 0.
  0. 0.]
 [1. 1. 1. 0. 0. 1. 1. 0. 0. 0. 1. 1. 1. 0. 0. 1. 1. 1. 1. 1. 0. 0. 0. 0.
  0. 0. 0. 0. 0. 0. 0. 0. 0. 0. 0. 0. 0. 0. 0. 0. 0. 0. 0. 0. 0. 0. 0. 0.
  0. 0.]
 [1. 0. 1. 1. 0. 1. 1. 1. 1. 1. 1. 1. 1. 1. 1. 1. 1. 1. 1. 1. 0. 0. 0. 0.
  0. 0. 0. 0. 0. 0. 0. 0. 0. 0. 0. 0. 0. 0. 0. 0. 0. 0. 0. 0. 0. 0. 0. 0.
  0. 0.]
 [1. 1. 1. 1. 1. 0. 1. 0. 1. 1. 1. 0. 1. 1. 1. 1. 1. 1. 1. 1. 0. 0. 0. 0.
  0. 0. 0. 0. 0. 0. 0. 0. 0. 0. 0. 0. 0. 0. 0. 0. 0. 0. 0. 0. 0. 0. 0. 0.
  0. 0.]]
start_times_array: [[43681. 43765. 43791. 43807. 43821. 43864. 43892. 43978. 44070. 44102.
  44175. 44236. 44249. 44297. 44367. 44435. 44491. 44575. 44598. 44692.]
 [42586. 42663. 42695. 42750. 42772. 42855. 42874. 42923. 43003. 43030.
  43099. 43145. 43231. 43282. 43283. 43371. 43448. 43546. 43594. 43618.]
 [41532. 41568. 41636. 41678. 41723. 41757. 41830. 41844. 41926. 41941.
  41976. 42068. 42078. 42121. 42139. 42212. 42281. 42336. 42399. 42488.]
 [40564. 40606. 40629. 40658. 40666. 40759. 40778. 40842. 40889. 40908.
  40912. 40996. 41068. 41070. 41159. 41236. 41248. 41340. 41407. 41445.]
 [39632. 39689. 39756. 39855. 39864. 39953. 40011. 40027. 40062. 40092.
  40150. 40178. 40248. 40330. 40360. 40444. 40449. 40462. 40465. 40556.]
 [38898. 38932. 38966. 38998. 39015. 39064. 39077. 39081. 39088. 39126.
  39188. 39234. 39263. 39350. 39373. 39417. 39510. 39525. 39534. 39590.]
 [38059. 38063. 38134. 38197. 38216. 38234. 38282. 38329. 38379. 38461.
  38555. 38577. 38584. 38653. 38721. 38755. 38830. 38843. 38898. 38909.]
 [36972. 37016. 37036. 37122. 37124. 37214. 37246. 37300. 37340. 37380.
  37383. 37403. 37471. 37555. 37595. 37686. 37739. 37816. 37899. 37996.]
 [36017. 36062. 36134. 36142. 36203. 36254. 36350. 36444. 36542. 36625.
  36673. 36679. 36701. 36751. 36775. 36811. 36832. 36849. 36897. 36951.]
 [34306. 35035. 35055. 35147. 35194. 35293. 35378. 35398. 35488. 35489.
  35509. 35545. 35603. 35605. 35691. 35733. 35771. 35840. 35919. 35962.]
 [34000. 34062. 34083. 34178. 34231. 34306. 34396. 34490. 34533. 34605.
  34643. 34703. 34733. 34739. 34814. 34845. 34932. 34995. 35019. 35035.]
 [32769. 32774. 32822. 32910. 32988. 33072. 33157. 33158. 33237. 33332.
  33374. 33395. 33464. 33553. 33621. 33677. 33707. 33803. 33901. 33976.]
 [31420. 31888. 31937. 31990. 32075. 32095. 32110. 32154. 32251. 32275.
  32287. 32385. 32438. 32505. 32515. 32606. 32653. 32731. 32736. 32764.]
 [31101. 31156. 31186. 31254. 31288. 31291. 31349. 31367. 31387. 31420.
  31482. 31552. 31639. 31694. 31785. 31787. 31820. 31842. 31862. 31888.]
 [29980. 30044. 30132. 30226. 30260. 30264. 30342. 30352. 30419. 30496.
  30549. 30616. 30707. 30731. 30761. 30837. 30907. 30963. 31052. 31101.]
 [29020. 29115. 29124. 29153. 29198. 29262. 29335. 29397. 29408. 29439.
  29516. 29577. 29597. 29651. 29688. 29705. 29736. 29768. 29866. 29886.]
 [27890. 27904. 27994. 28067. 28151. 28226. 28315. 28356. 28415. 28473.
  28517. 28538. 28599. 28690. 28715. 28763. 28775. 28812. 28892. 28969.]
 [26331. 26378. 26470. 26857. 26930. 26934. 26943. 27038. 27060. 27092.
  27181. 27245. 27264. 27333. 27416. 27507. 27541. 27621. 27715. 27808.]
 [25743. 25835. 25914. 25988. 25990. 26087. 26155. 26253. 26331. 26353.
  26394. 26452. 26551. 26603. 26670. 26718. 26751. 26799. 26857. 26938.]
 [24791. 24811. 24907. 24971. 25066. 25072. 25098. 25137. 25163. 25255.
  25267. 25332. 25346. 25417. 25448. 25545. 25569. 25654. 25743. 25754.]
 [23536. 23776. 23858. 23894. 23946. 24040. 24127. 24134. 24199. 24239.
  24300. 24379. 24381. 24388. 24459. 24508. 24526. 24587. 24656. 24706.]
 [22751. 22814. 22864. 22952. 23042. 23077. 23097. 23166. 23254. 23297.
  23391. 23442. 23536. 23548. 23638. 23674. 23677. 23776. 23813. 23821.]
 [21348. 21816. 21882. 21974. 22035. 22046. 22099. 22153. 22207. 22249.
  22336. 22422. 22456. 22463. 22523. 22575. 22671. 22696. 22751. 22800.]
 [20591. 20602. 20673. 20733. 20806. 20897. 20996. 21018. 21092. 21172.
  21251. 21348. 21441. 21526. 21598. 21694. 21746. 21816. 21827. 21922.]
 [19712. 19795. 19834. 19885. 19934. 19965. 19983. 20077. 20165. 20211.
  20309. 20375. 20382. 20402. 20455. 20464. 20471. 20485. 20570. 20602.]
 [18539. 18637. 18728. 18806. 18849. 18904. 18949. 19008. 19085. 19116.
  19207. 19267. 19328. 19390. 19449. 19538. 19563. 19581. 19610. 19659.]
 [17759. 17785. 17835. 17842. 17920. 17995. 17998. 18026. 18046. 18171.
  18266. 18304. 18362. 18432. 18507. 18513. 18539. 18565. 18619. 19073.]
 [16968. 17049. 17120. 17443. 17499. 17516. 17530. 17595. 17685. 17714.
  17761. 17769. 17808. 17817. 17875. 17970. 17995. 17996. 18061. 18105.]
 [16241. 16545. 16624. 16694. 16737. 16832. 16874. 16880. 16968. 16973.
  16985. 17039. 17057. 17140. 17167. 17205. 17254. 17348. 17443. 17521.]
 [16082. 16100. 16136. 16206. 16216. 16241. 16266. 16338. 16407. 16422.
  16439. 16470. 16530. 16599. 16638. 16692. 16748. 16833. 16880. 16920.]
 [14737. 15292. 15389. 15400. 15433. 15482. 15564. 15640. 15651. 15703.
  15723. 15758. 15831. 15912. 15954. 15958. 15985. 15999. 16072. 16082.]
 [14371. 14425. 14506. 14558. 14583. 14676. 14699. 14737. 14796. 14818.
  14863. 14929. 15023. 15080. 15162. 15213. 15267. 15292. 15389. 15444.]
 [13215. 13377. 13439. 13631. 13726. 13825. 13915. 13991. 14075. 14112.
  14150. 14180. 14202. 14230. 14320. 14326. 14417. 14490. 14583. 14638.]
 [12248. 12697. 13011. 13052. 13121. 13215. 13298. 13322. 13377. 13439.
  13466. 13490. 13560. 13610. 13631. 13682. 13701. 13721. 13780. 13825.]
 [12246. 12275. 12360. 12418. 12465. 12531. 12612. 12656. 12697. 12715.
  12800. 12856. 12858. 12939. 12940. 12976. 13027. 13052. 13063. 13084.]
 [11377. 11464. 11529. 11540. 11625. 11662. 11688. 11777. 11804. 11814.
  11827. 11889. 11919. 11943. 12022. 12120. 12181. 12246. 12275. 12302.]
 [10672. 10686. 10733. 10744. 10773. 10791. 11000. 11021. 11101. 11142.
  11204. 11276. 11325. 11377. 11460. 11496. 11527. 11578. 11635. 11668.]
 [ 9940.  9949. 10045. 10087. 10126. 10132. 10199. 10258. 10349. 10430.
  10520. 10527. 10576. 10672. 10723. 10761. 10817. 10864. 10959. 10982.]
 [ 8497.  8925.  9021.  9100.  9135.  9233.  9243.  9244.  9326.  9382.
   9413.  9501.  9553.  9649.  9724.  9778.  9790.  9853.  9897.  9940.]
 [ 6936.  8106.  8179.  8219.  8271.  8363.  8440.  8497.  8563.  8599.
   8606.  8612.  8681.  8765.  8819.  8872.  8969.  9007.  9100.  9128.]
 [ 6837.  7086.  7360.  7377.  7410.  7413.  7471.  7493.  7568.  7625.
   7630.  7652.  7663.  7739.  7832.  7843.  7906.  7995.  8091.  8106.]
 [ 6558.  6606.  6702.  6715.  6760.  6837.  6846.  6906.  6914.  7001.
   7030.  7086.  7125.  7207.  7241.  7261.  7319.  7507.  7555.  7611.]
 [ 5687.  5702.  5779.  6012.  6072.  6123.  6174.  6230.  6260.  6310.
   6349.  6374.  6464.  6478.  6545.  6558.  6600.  7205.  7241.  7248.]
 [ 4952.  4980.  5051.  5142.  5154.  5227.  5301.  5377.  5436.  5496.
   5516.  5599.  5687.  5712.  5789.  5854.  5898.  5928.  6012.  6040.]
 [ 4335.  4367.  4378.  4454.  4481.  4493.  4560.  4593.  4610.  4622.
   4680.  4736.  4767.  4863.  4952.  4980.  5013.  5088.  5187.  5938.]
 [ 3480.  3570.  3571.  3639.  3643.  3738.  3747.  3808.  3853.  3916.
   3951.  4032.  4109.  4118.  4171.  4215.  4274.  4370.  4446.  4540.]
 [ 2611.  2654.  2733.  2793.  2891.  2894.  2898.  2946.  3018.  3059.
   3149.  3243.  3254.  3284.  3294.  3335.  3414.  3480.  3491.  3578.]
 [ 1010.  1753.  1818.  1898.  1948.  2014.  2049.  2119.  2217.  2297.
   2344.  2353.  2360.  2427.  2449.  2544.  2555.  2611.  2636.  2700.]
 [  367.   872.   947.   959.  1010.  1055.  1078.  1130.  1207.  1283.
   1331.  1383.  1436.  1489.  1507.  1510.  1528.  1584.  1682.  1753.]
 [    0.    64.    84.   173.   200.   205.   252.   344.   367.   445.
    509.   586.   598.   647.   687.   690.   750.   804.   841.   856.]]
