optimal_status: 0
solution: 2873.99999971222
cpu_time: 3600.104173898697
gap: 0.5539318023213765
upper_bound: 1281.9999999999945
lower_bound: 2873.99999971222
cg_matrix: [[0. 0. 0. 0. 0. 0. 0. 0. 0. 0. 0. 0. 0. 0. 0.]
 [0. 0. 0. 1. 0. 0. 0. 0. 1. 0. 1. 0. 0. 0. 0.]
 [0. 0. 0. 0. 0. 0. 0. 0. 0. 0. 0. 0. 1. 0. 1.]
 [0. 1. 0. 0. 0. 0. 0. 0. 0. 0. 0. 0. 0. 0. 0.]
 [0. 0. 0. 0. 0. 1. 0. 0. 0. 0. 0. 0. 0. 0. 1.]
 [0. 0. 0. 0. 1. 0. 0. 0. 1. 0. 1. 0. 0. 0. 0.]
 [0. 0. 0. 0. 0. 0. 0. 0. 0. 0. 1. 1. 0. 0. 1.]
 [0. 0. 0. 0. 0. 0. 0. 0. 0. 0. 0. 0. 0. 0. 1.]
 [0. 1. 0. 0. 0. 1. 0. 0. 0. 1. 1. 0. 0. 1. 0.]
 [0. 0. 0. 0. 0. 0. 0. 0. 1. 0. 0. 0. 0. 0. 0.]
 [0. 1. 0. 0. 0. 1. 1. 0. 1. 0. 0. 1. 0. 1. 1.]
 [0. 0. 0. 0. 0. 0. 1. 0. 0. 0. 1. 0. 0. 0. 0.]
 [0. 0. 1. 0. 0. 0. 0. 0. 0. 0. 0. 0. 0. 1. 0.]
 [0. 0. 0. 0. 0. 0. 0. 0. 1. 0. 1. 0. 1. 0. 1.]
 [0. 0. 1. 0. 1. 0. 1. 1. 0. 0. 1. 0. 0. 1. 0.]]
start_times_array: [[   0.          173.          188.          358.99999971  384.99999971
   474.99999971  698.          705.          836.99999971  930.99999971
  1148.99999971 2115.99999971 2171.99999971 2411.99999971 2492.99999971]
 [ 108.          142.          143.          183.          481.99999971
   524.99999971  961.99999971 1236.99999971 1316.99999971 1922.99999971
  2000.99999971 2240.99999971 2533.99999971 2595.99999971 2680.99999971]
 [   5.          458.99999971  556.99999971  716.99999971  973.99999971
  1148.99999971 1217.99999971 1312.99999971 1435.99999971 1474.99999971
  1498.99999971 1672.99999971 1743.99999971 1845.99999971 2213.99999971]
 [ 257.          383.99999971  384.99999971  597.99999971 1057.99999971
  1216.99999971 1403.99999971 1465.99999971 1528.         1777.
  2119.99999971 2330.99999971 2353.99999971 2411.99999971 2817.99999971]
 [  54.           93.          327.          343.          473.99999971
   677.99999971  750.99999971 1006.99999971 1130.99999971 1435.99999971
  1515.99999971 1759.99999971 2243.99999971 2612.99999971 2855.99999971]
 [ 143.          481.99999971  556.99999971  911.99999971  920.99999971
  1236.99999971 1325.99999971 1337.99999971 1913.99999971 1968.99999971
  2038.99999971 2073.99999971 2240.99999971 2287.99999971 2533.99999971]
 [ 146.          550.99999971  589.99999971  631.99999971  640.99999971
   677.99999971  972.99999971 1236.99999971 1443.99999971 1459.99999971
  1497.99999971 1527.99999971 2037.99999971 2533.99999971 2625.99999971]
 [ 308.          404.          429.          478.          545.
   640.99999971  911.99999971  963.99999971 1130.99999971 1885.
  2141.99999971 2411.99999971 2429.99999971 2472.99999971 2590.99999971]
 [ 256.99999971  650.99999971  718.99999971  813.99999971 1057.99999971
  1125.99999971 1133.99999971 1403.99999971 1491.99999971 1563.99999971
  1583.99999971 2088.99999971 2343.99999971 2683.99999971 2746.99999971]
 [  69.           99.          733.99999971 1247.         1733.99999971
  1747.99999971 1753.99999971 1789.99999971 1897.99999971 2147.99999971
  2427.99999971 2501.99999971 2566.99999971 2582.99999971 2787.99999971]
 [   0.           18.          329.99999971  384.99999971  409.99999971
   721.99999971 1148.99999971 1672.99999971 1741.99999971 1830.99999971
  2147.99999971 2205.99999971 2411.99999971 2490.99999971 2787.99999971]
 [ 188.          263.          827.99999971  915.99999971 1050.99999971
  1075.99999971 1312.99999971 1330.99999971 1334.99999971 1403.99999971
  1607.99999971 1635.99999971 1913.99999971 1955.99999971 2240.99999971]
 [   0.          298.99999971  339.99999971  352.99999971  427.99999971
   650.99999971  762.99999971  845.99999971 1052.99999971 1770.99999971
  2055.99999971 2341.99999971 2683.99999971 2779.99999971 2829.99999971]
 [ 108.          524.99999971  614.99999971  911.99999971  961.99999971
  1037.99999971 1236.99999971 1275.99999971 1913.99999971 2000.99999971
  2240.99999971 2289.99999971 2533.99999971 2552.99999971 2590.99999971]
 [ 188.          263.          836.99999971 1058.99999971 1364.99999971
  1429.99999971 1608.99999971 1624.99999971 1648.99999971 2071.99999971
  2115.99999971 2119.99999971 2312.99999971 2692.99999971 2702.99999971]]
