optimal_status: 0
solution: 8365.0
cpu_time: 3600.2059891223907
gap: 0.8360478885581575
upper_bound: 1371.4594122110132
lower_bound: 8365.0
cg_matrix: [[0. 1. 0. 0. 0. 0. 1. 0. 1. 1. 0. 0. 0. 1. 0. 1. 0. 1. 0. 0.]
 [1. 0. 1. 0. 0. 1. 0. 1. 0. 1. 0. 1. 0. 0. 1. 1. 0. 1. 1. 1.]
 [0. 1. 0. 1. 1. 0. 1. 1. 1. 1. 1. 1. 1. 1. 0. 1. 0. 0. 0. 1.]
 [0. 0. 1. 0. 0. 0. 1. 0. 1. 1. 1. 0. 0. 0. 1. 1. 1. 1. 0. 0.]
 [0. 0. 1. 0. 0. 0. 1. 0. 0. 0. 0. 1. 1. 0. 1. 0. 0. 1. 0. 1.]
 [0. 1. 0. 0. 0. 0. 0. 0. 0. 1. 0. 1. 0. 1. 1. 1. 0. 1. 0. 1.]
 [1. 0. 1. 1. 1. 0. 0. 1. 0. 1. 1. 0. 0. 1. 0. 1. 1. 1. 0. 1.]
 [0. 1. 1. 0. 0. 0. 1. 0. 0. 1. 1. 1. 1. 0. 0. 0. 1. 1. 0. 0.]
 [1. 0. 1. 1. 0. 0. 0. 0. 0. 1. 0. 1. 0. 1. 0. 1. 0. 0. 0. 0.]
 [1. 1. 1. 1. 0. 1. 1. 1. 1. 0. 1. 0. 0. 0. 0. 0. 1. 1. 1. 0.]
 [0. 0. 1. 1. 0. 0. 1. 1. 0. 1. 0. 0. 1. 0. 1. 0. 1. 1. 1. 1.]
 [0. 1. 1. 0. 1. 1. 0. 1. 1. 0. 0. 0. 0. 0. 1. 1. 0. 0. 1. 0.]
 [0. 0. 1. 0. 1. 0. 0. 1. 0. 0. 1. 0. 0. 0. 1. 0. 0. 0. 1. 0.]
 [1. 0. 1. 0. 0. 1. 1. 0. 1. 0. 0. 0. 0. 0. 1. 0. 0. 0. 1. 1.]
 [0. 1. 0. 1. 1. 1. 0. 0. 0. 0. 1. 1. 1. 1. 0. 1. 0. 0. 0. 1.]
 [1. 1. 1. 1. 0. 1. 1. 0. 1. 0. 0. 1. 0. 0. 1. 0. 1. 0. 0. 1.]
 [0. 0. 0. 1. 0. 0. 1. 1. 0. 1. 1. 0. 0. 0. 0. 1. 0. 0. 0. 0.]
 [1. 1. 0. 1. 1. 1. 1. 1. 0. 1. 1. 0. 0. 0. 0. 0. 0. 0. 1. 1.]
 [0. 1. 0. 0. 0. 0. 0. 0. 0. 1. 1. 1. 1. 1. 0. 0. 0. 1. 0. 1.]
 [0. 1. 1. 0. 1. 1. 1. 0. 0. 0. 1. 0. 0. 1. 1. 1. 0. 1. 1. 0.]]
start_times_array: [[ 414.  438.  748. 1307. 2308. 2754. 3015. 3442. 4213. 4735. 4772. 5456.
  5476. 5754. 5919. 6467. 6988. 7396. 7564. 8004.]
 [ 446.  677.  976. 1137. 1764. 1998. 2913. 3095. 3259. 3366. 3628. 3816.
  3822. 3978. 4608. 5087. 5236. 5663. 6146. 6707.]
 [ 259.  748. 1063. 1417. 1808. 2391. 2420. 2735. 3108. 3701. 3783. 4080.
  4459. 4705. 5285. 5922. 6745. 7323. 7578. 7824.]
 [  53.  923. 1688. 2535. 2986. 3442. 3819. 4139. 4140. 4145. 4174. 4608.
  4619. 4686. 4933. 5263. 5444. 5888. 6146. 6474.]
 [ 677. 1295. 1729. 2077. 2468. 2902. 2986. 3895. 4141. 4866. 5072. 5122.
  5559. 6550. 6641. 6681. 7190. 7554. 8004. 8198.]
 [  72.  718. 1808. 1891. 1990. 2391. 2702. 3029. 3284. 4150. 4831. 5122.
  5436. 6220. 6745. 7024. 7190. 7575. 7902. 8211.]
 [  72.  326. 1126. 1559. 1989. 2785. 2971. 3098. 3255. 3978. 4633. 4831.
  4967. 5376. 6207. 6824. 6951. 7452. 7622. 7902.]
 [   0.  878. 1107. 1464. 1898. 2077. 2986. 3045. 3047. 3427. 4130. 5094.
  5444. 5888. 6662. 7007. 7202. 7695. 8015. 8178.]
 [   0.  212.  609. 1448. 1914. 2168. 2834. 2960. 3316. 3616. 4361. 5385.
  5590. 6053. 6646. 7211. 7637. 7934. 8196. 8316.]
 [ 165.  556.  573.  816. 1217. 1671. 1931. 2441. 3079. 3190. 3882. 4532.
  5178. 5828. 6002. 6548. 7083. 7525. 7732. 8103.]
 [ 404.  579.  677. 1339. 2329. 2679. 3090. 3585. 4233. 4282. 4883. 5516.
  5692. 6202. 6387. 6599. 7181. 7304. 7523. 7551.]
 [ 326. 1008. 1166. 1543. 1680. 2316. 2795. 3190. 3823. 4227. 4932. 5754.
  5810. 5831. 6001. 6474. 6827. 7033. 7281. 7415.]
 [ 165.  976. 1593. 2156. 2460. 2522. 3190. 3978. 4360. 4933. 5610. 6135.
  6474. 6824. 6873. 7479. 7774. 8103. 8298. 8361.]
 [  53.  165.  579.  816. 1217. 1247. 1580. 2077. 2606. 3190. 3585. 3852.
  4563. 5200. 5828. 6548. 7097. 7509. 7740. 8103.]
 [ 609.  908. 1107. 1417. 1943. 2308. 2419. 2819. 3462. 3677. 4064. 4453.
  5026. 5043. 5117. 5285. 6039. 6467. 6951. 7610.]
 [ 155.  240.  404.  816.  883. 1265. 1593. 2619. 2902. 3391. 3728. 4282.
  5212. 5283. 5502. 6387. 6897. 7132. 7509. 8103.]
 [ 588. 1063. 1417. 1444. 1531. 1533. 2155. 2305. 2909. 3323. 3526. 4361.
  4414. 4978. 6053. 6305. 6726. 6748. 6880. 7637.]
 [ 238. 1008. 1580. 2155. 2432. 2630. 3114. 3705. 4053. 4467. 5283. 5789.
  6053. 6880. 7310. 7323. 7843. 7887. 7985. 8270.]
 [  72.  748. 1096. 1417. 1703. 1862. 2404. 2573. 3284. 3729. 4130. 4408.
  4831. 5086. 5134. 5431. 5939. 6673. 7202. 8196.]
 [   0.   15.  496. 1307. 1405. 1500. 2227. 2494. 3495. 3665. 4215. 4244.
  4281. 4740. 5590. 5784. 6305. 7033. 7415. 7649.]]
