optimal_status: 0
solution: 70391.0
cpu_time: 3601.6247630119324
gap: 0.9555620405974237
upper_bound: 3128.0324003067526
lower_bound: 70391.0
cg_matrix: [[0. 0. 1. 0. 0. 0. 0. 0. 0. 0. 0. 0. 0. 0. 0. 1. 0. 1. 0. 0. 0. 0. 0. 0.
  0. 0. 0. 0. 0. 0. 0. 0. 0. 0. 0. 0. 0. 0. 0. 0. 0. 0. 1. 0. 0. 1. 0. 1.
  0. 0. 0. 0. 0. 0. 1. 0. 0. 0. 0. 0. 0. 0. 1. 0. 1. 0. 0. 1. 0. 0. 0. 0.
  0. 0. 0. 0. 0. 1. 0. 0. 0. 0. 0. 1. 1. 0. 0. 0. 1. 1. 0. 0. 1. 0. 0. 0.
  0. 0. 0. 1.]
 [0. 0. 0. 1. 1. 1. 0. 0. 1. 1. 1. 0. 0. 0. 0. 0. 0. 0. 0. 0. 1. 0. 0. 0.
  0. 0. 0. 0. 0. 0. 0. 0. 0. 1. 1. 0. 0. 0. 0. 0. 0. 0. 0. 1. 0. 0. 0. 0.
  0. 0. 0. 0. 0. 0. 0. 0. 0. 0. 0. 1. 0. 0. 1. 0. 0. 1. 0. 0. 0. 0. 0. 0.
  0. 0. 1. 0. 1. 0. 0. 0. 0. 0. 0. 0. 0. 0. 1. 0. 0. 0. 1. 1. 0. 0. 0. 0.
  0. 0. 0. 0.]
 [1. 0. 0. 1. 0. 0. 0. 1. 0. 0. 0. 0. 0. 1. 0. 0. 0. 1. 0. 0. 0. 0. 0. 0.
  0. 0. 0. 0. 0. 0. 0. 1. 0. 0. 0. 1. 0. 0. 1. 0. 0. 0. 0. 0. 1. 0. 1. 0.
  1. 1. 0. 0. 0. 0. 0. 0. 0. 0. 0. 1. 1. 0. 0. 0. 0. 0. 0. 0. 0. 0. 1. 1.
  0. 0. 0. 0. 1. 1. 0. 0. 0. 0. 1. 1. 0. 0. 0. 0. 0. 0. 0. 0. 0. 1. 0. 1.
  1. 0. 1. 0.]
 [0. 1. 1. 0. 0. 0. 0. 0. 0. 0. 0. 0. 0. 0. 0. 0. 1. 1. 1. 0. 0. 1. 1. 0.
  0. 0. 0. 1. 0. 0. 0. 0. 0. 0. 0. 0. 0. 0. 1. 0. 0. 0. 0. 0. 0. 0. 0. 0.
  0. 0. 0. 0. 1. 0. 0. 0. 0. 0. 0. 0. 0. 0. 0. 0. 0. 1. 1. 0. 0. 0. 0. 0.
  1. 0. 0. 0. 0. 0. 0. 0. 0. 0. 0. 0. 1. 1. 0. 0. 1. 0. 1. 0. 0. 1. 0. 0.
  0. 0. 0. 0.]
 [0. 1. 0. 0. 0. 1. 1. 0. 0. 0. 0. 0. 0. 1. 1. 1. 1. 0. 0. 0. 0. 0. 1. 0.
  0. 0. 0. 0. 1. 0. 0. 0. 0. 0. 1. 0. 0. 0. 1. 0. 0. 0. 0. 1. 1. 0. 0. 0.
  0. 0. 0. 1. 1. 1. 0. 0. 0. 0. 1. 0. 0. 1. 0. 0. 0. 0. 0. 1. 0. 1. 0. 0.
  0. 0. 0. 0. 0. 0. 1. 0. 0. 0. 1. 1. 1. 0. 0. 0. 0. 0. 0. 1. 1. 0. 1. 0.
  0. 0. 0. 0.]
 [0. 1. 0. 0. 1. 0. 0. 1. 1. 0. 0. 0. 0. 0. 1. 0. 0. 0. 0. 0. 0. 0. 1. 0.
  0. 0. 0. 0. 0. 0. 0. 0. 0. 0. 0. 1. 1. 0. 0. 1. 0. 0. 0. 1. 0. 0. 0. 0.
  0. 0. 0. 0. 0. 0. 0. 1. 0. 0. 0. 0. 0. 0. 0. 1. 0. 0. 0. 0. 0. 0. 1. 0.
  1. 0. 1. 0. 0. 1. 1. 0. 0. 0. 0. 0. 0. 0. 0. 0. 0. 0. 0. 0. 0. 0. 0. 1.
  0. 1. 0. 0.]
 [0. 0. 0. 0. 1. 0. 0. 0. 0. 0. 0. 0. 0. 1. 1. 1. 0. 0. 0. 0. 1. 0. 0. 1.
  0. 0. 0. 0. 1. 1. 1. 0. 0. 1. 0. 0. 0. 0. 0. 0. 0. 0. 0. 0. 0. 1. 0. 0.
  0. 1. 0. 0. 0. 0. 0. 1. 0. 0. 1. 0. 0. 0. 0. 1. 0. 0. 0. 0. 0. 0. 0. 0.
  1. 0. 0. 0. 0. 0. 0. 0. 0. 1. 0. 1. 0. 0. 0. 0. 0. 0. 0. 0. 0. 0. 0. 0.
  0. 1. 1. 0.]
 [0. 0. 1. 0. 0. 1. 0. 0. 1. 0. 0. 0. 1. 0. 0. 0. 0. 0. 0. 1. 0. 0. 0. 0.
  1. 0. 0. 0. 0. 0. 0. 0. 0. 0. 0. 0. 0. 0. 1. 1. 0. 0. 0. 0. 0. 0. 0. 0.
  0. 1. 0. 1. 0. 0. 0. 0. 0. 1. 0. 0. 0. 0. 0. 0. 0. 1. 0. 0. 0. 0. 0. 0.
  0. 1. 0. 0. 0. 0. 0. 0. 0. 0. 0. 0. 0. 0. 0. 1. 0. 0. 0. 0. 0. 0. 1. 0.
  0. 0. 1. 0.]
 [0. 1. 0. 0. 0. 1. 0. 1. 0. 0. 0. 0. 0. 0. 1. 0. 0. 0. 0. 0. 0. 1. 0. 1.
  0. 0. 0. 0. 0. 0. 0. 1. 0. 0. 0. 1. 1. 0. 0. 1. 0. 1. 1. 0. 0. 0. 0. 0.
  0. 0. 0. 0. 0. 1. 1. 0. 0. 0. 0. 1. 0. 0. 0. 0. 1. 0. 0. 0. 0. 0. 1. 0.
  0. 0. 0. 0. 1. 0. 0. 1. 1. 0. 0. 0. 1. 0. 0. 0. 0. 0. 0. 0. 1. 0. 0. 0.
  0. 0. 0. 0.]
 [0. 1. 0. 0. 0. 0. 0. 0. 0. 0. 0. 0. 0. 0. 0. 0. 1. 0. 1. 0. 0. 0. 0. 0.
  1. 0. 1. 0. 0. 1. 0. 0. 0. 1. 0. 0. 0. 0. 0. 1. 0. 0. 1. 1. 1. 0. 0. 1.
  0. 0. 0. 0. 0. 1. 0. 1. 0. 0. 0. 0. 0. 0. 0. 0. 1. 1. 0. 1. 0. 0. 0. 0.
  0. 0. 0. 1. 0. 0. 1. 0. 0. 0. 0. 0. 0. 0. 0. 0. 1. 1. 0. 0. 0. 0. 0. 0.
  0. 0. 1. 0.]
 [0. 1. 0. 0. 0. 0. 0. 0. 0. 0. 0. 1. 0. 0. 0. 1. 1. 0. 0. 0. 0. 0. 1. 0.
  0. 0. 0. 0. 0. 0. 0. 0. 0. 0. 0. 0. 0. 0. 1. 1. 0. 0. 1. 0. 1. 0. 0. 0.
  0. 0. 0. 1. 0. 0. 0. 0. 1. 0. 0. 0. 1. 1. 0. 1. 0. 0. 0. 0. 0. 0. 1. 1.
  1. 0. 0. 1. 0. 0. 0. 0. 0. 0. 0. 0. 0. 0. 0. 0. 1. 1. 1. 0. 0. 0. 0. 0.
  0. 0. 1. 0.]
 [0. 0. 0. 0. 0. 0. 0. 0. 0. 0. 1. 0. 0. 0. 0. 0. 0. 0. 0. 1. 0. 1. 0. 1.
  0. 0. 0. 0. 0. 0. 0. 0. 0. 0. 0. 0. 0. 0. 0. 0. 0. 0. 0. 0. 1. 0. 0. 0.
  0. 0. 0. 0. 0. 1. 0. 0. 0. 0. 1. 0. 1. 0. 1. 0. 0. 0. 0. 1. 0. 1. 1. 1.
  0. 0. 0. 0. 0. 1. 0. 0. 0. 0. 0. 0. 0. 0. 0. 0. 0. 0. 0. 0. 0. 0. 0. 1.
  0. 0. 0. 0.]
 [0. 0. 0. 0. 0. 0. 0. 1. 0. 0. 0. 0. 0. 0. 0. 0. 1. 0. 0. 0. 0. 0. 0. 0.
  0. 0. 0. 0. 1. 0. 1. 0. 0. 0. 0. 0. 0. 0. 0. 1. 0. 0. 0. 0. 0. 1. 0. 0.
  0. 0. 0. 1. 0. 1. 0. 0. 1. 0. 1. 0. 0. 1. 0. 0. 1. 0. 0. 1. 0. 1. 1. 1.
  0. 0. 1. 0. 1. 0. 0. 0. 1. 0. 0. 1. 0. 0. 0. 0. 1. 0. 0. 0. 1. 0. 1. 0.
  0. 0. 0. 1.]
 [0. 0. 1. 0. 1. 0. 1. 0. 0. 0. 0. 0. 0. 0. 0. 0. 0. 1. 1. 0. 1. 0. 0. 0.
  0. 0. 0. 0. 1. 0. 1. 0. 0. 1. 0. 0. 0. 0. 0. 1. 0. 0. 0. 0. 1. 0. 0. 0.
  1. 0. 0. 0. 0. 0. 0. 0. 0. 0. 0. 1. 0. 0. 0. 0. 0. 0. 0. 0. 0. 0. 0. 0.
  0. 0. 0. 0. 0. 0. 0. 0. 0. 0. 0. 0. 0. 0. 0. 0. 0. 0. 0. 0. 0. 0. 0. 1.
  0. 1. 0. 0.]
 [0. 0. 0. 0. 1. 1. 1. 0. 1. 0. 0. 0. 0. 0. 0. 0. 0. 1. 0. 1. 1. 0. 0. 0.
  0. 1. 0. 1. 0. 0. 0. 0. 0. 0. 0. 0. 0. 0. 0. 1. 0. 0. 0. 1. 0. 0. 0. 0.
  0. 1. 0. 0. 0. 0. 0. 0. 0. 0. 0. 0. 0. 0. 0. 1. 0. 0. 0. 0. 1. 0. 0. 0.
  0. 1. 0. 0. 0. 1. 0. 0. 0. 0. 0. 0. 0. 1. 0. 0. 0. 0. 0. 0. 0. 0. 0. 1.
  0. 1. 1. 0.]
 [1. 0. 0. 0. 1. 0. 1. 0. 0. 0. 1. 0. 0. 0. 0. 0. 0. 0. 0. 0. 0. 0. 0. 0.
  0. 1. 0. 1. 0. 0. 0. 0. 0. 0. 0. 1. 0. 0. 0. 0. 0. 0. 0. 1. 0. 1. 1. 0.
  0. 0. 1. 0. 0. 0. 0. 0. 0. 1. 0. 1. 0. 1. 0. 0. 0. 0. 1. 1. 1. 0. 0. 0.
  0. 0. 0. 0. 0. 0. 0. 0. 0. 0. 0. 0. 0. 0. 0. 1. 0. 0. 0. 0. 0. 0. 1. 0.
  1. 1. 0. 1.]
 [0. 0. 0. 1. 1. 0. 0. 0. 0. 1. 1. 0. 1. 0. 0. 0. 0. 0. 0. 0. 0. 0. 1. 0.
  0. 0. 0. 0. 0. 1. 1. 0. 0. 0. 0. 0. 0. 0. 0. 0. 0. 0. 0. 0. 0. 0. 0. 0.
  0. 0. 0. 0. 0. 0. 0. 0. 0. 0. 0. 0. 0. 0. 1. 0. 0. 0. 0. 0. 0. 0. 1. 0.
  0. 0. 1. 0. 0. 0. 0. 0. 0. 0. 0. 0. 1. 1. 0. 0. 1. 0. 0. 0. 0. 0. 0. 1.
  0. 0. 0. 0.]
 [1. 0. 1. 1. 0. 0. 0. 0. 0. 0. 0. 0. 0. 1. 1. 0. 0. 0. 0. 1. 0. 0. 0. 0.
  0. 0. 1. 0. 0. 0. 0. 0. 1. 0. 0. 1. 0. 1. 0. 0. 0. 0. 0. 1. 1. 0. 0. 0.
  0. 0. 0. 0. 0. 0. 0. 0. 0. 0. 1. 0. 0. 0. 0. 0. 1. 1. 0. 0. 0. 0. 0. 0.
  0. 1. 1. 1. 0. 1. 0. 0. 0. 0. 0. 0. 0. 1. 1. 0. 1. 0. 0. 0. 0. 0. 1. 0.
  0. 1. 0. 0.]
 [0. 0. 0. 1. 0. 0. 0. 0. 0. 1. 0. 0. 0. 1. 0. 0. 0. 0. 0. 0. 0. 0. 1. 0.
  1. 0. 0. 0. 0. 0. 0. 0. 0. 0. 1. 1. 0. 1. 0. 0. 0. 0. 0. 1. 0. 0. 1. 0.
  0. 0. 0. 0. 0. 0. 0. 0. 0. 0. 0. 0. 0. 0. 0. 0. 0. 0. 0. 0. 0. 0. 0. 1.
  1. 1. 0. 0. 0. 0. 1. 0. 0. 1. 0. 0. 0. 0. 0. 1. 0. 1. 0. 0. 0. 0. 0. 0.
  0. 0. 0. 0.]
 [0. 0. 0. 0. 0. 0. 0. 1. 0. 0. 0. 1. 0. 0. 1. 0. 0. 1. 0. 0. 0. 0. 0. 0.
  0. 0. 0. 1. 0. 1. 0. 0. 0. 0. 0. 1. 0. 1. 0. 0. 1. 0. 0. 0. 0. 0. 1. 0.
  1. 0. 0. 0. 0. 0. 0. 0. 0. 1. 0. 0. 0. 0. 1. 1. 0. 0. 0. 0. 0. 0. 0. 0.
  0. 1. 0. 0. 0. 0. 1. 0. 0. 0. 1. 0. 0. 0. 0. 0. 1. 0. 1. 0. 0. 0. 0. 0.
  0. 0. 1. 0.]
 [0. 1. 0. 0. 0. 0. 1. 0. 0. 0. 0. 0. 0. 1. 1. 0. 0. 0. 0. 0. 0. 0. 0. 0.
  0. 0. 0. 0. 0. 0. 0. 0. 0. 0. 0. 0. 0. 0. 0. 0. 0. 0. 0. 0. 0. 0. 0. 0.
  0. 0. 0. 0. 0. 0. 0. 0. 0. 0. 0. 0. 0. 0. 0. 0. 0. 0. 0. 0. 0. 0. 0. 0.
  0. 0. 0. 0. 0. 0. 0. 0. 0. 0. 0. 0. 0. 0. 0. 0. 0. 0. 0. 0. 0. 0. 0. 0.
  0. 0. 0. 0.]
 [0. 0. 0. 1. 0. 0. 0. 0. 1. 0. 0. 1. 0. 0. 0. 0. 0. 0. 0. 0. 0. 0. 0. 0.
  0. 0. 0. 0. 0. 0. 0. 0. 0. 0. 0. 0. 0. 0. 0. 0. 0. 0. 0. 0. 0. 0. 0. 0.
  0. 0. 0. 0. 0. 0. 0. 0. 0. 0. 0. 0. 0. 0. 0. 0. 0. 0. 0. 0. 0. 0. 0. 0.
  0. 0. 0. 0. 0. 0. 0. 0. 0. 0. 0. 0. 0. 0. 0. 0. 0. 0. 0. 0. 0. 0. 0. 0.
  0. 0. 0. 0.]
 [0. 0. 0. 1. 1. 1. 0. 0. 0. 0. 1. 0. 0. 0. 0. 0. 1. 0. 1. 0. 0. 0. 0. 0.
  0. 0. 0. 0. 0. 0. 0. 0. 0. 0. 0. 0. 0. 0. 0. 0. 0. 0. 0. 0. 0. 0. 0. 0.
  0. 0. 0. 0. 0. 0. 0. 0. 0. 0. 0. 0. 0. 0. 0. 0. 0. 0. 0. 0. 0. 0. 0. 0.
  0. 0. 0. 0. 0. 0. 0. 0. 0. 0. 0. 0. 0. 0. 0. 0. 0. 0. 0. 0. 0. 0. 0. 0.
  0. 0. 0. 0.]
 [0. 0. 0. 0. 0. 0. 1. 0. 1. 0. 0. 1. 0. 0. 0. 0. 0. 0. 0. 0. 0. 0. 0. 0.
  0. 0. 0. 0. 0. 0. 0. 0. 0. 0. 0. 0. 0. 0. 0. 0. 0. 0. 0. 0. 0. 0. 0. 0.
  0. 0. 0. 0. 0. 0. 0. 0. 0. 0. 0. 0. 0. 0. 0. 0. 0. 0. 0. 0. 0. 0. 0. 0.
  0. 0. 0. 0. 0. 0. 0. 0. 0. 0. 0. 0. 0. 0. 0. 0. 0. 0. 0. 0. 0. 0. 0. 0.
  0. 0. 0. 0.]
 [0. 0. 0. 0. 0. 0. 0. 1. 0. 1. 0. 0. 0. 0. 0. 0. 0. 0. 1. 0. 0. 0. 0. 0.
  0. 0. 0. 0. 0. 0. 0. 0. 0. 0. 0. 0. 0. 0. 0. 0. 0. 0. 0. 0. 0. 0. 0. 0.
  0. 0. 0. 0. 0. 0. 0. 0. 0. 0. 0. 0. 0. 0. 0. 0. 0. 0. 0. 0. 0. 0. 0. 0.
  0. 0. 0. 0. 0. 0. 0. 0. 0. 0. 0. 0. 0. 0. 0. 0. 0. 0. 0. 0. 0. 0. 0. 0.
  0. 0. 0. 0.]
 [0. 0. 0. 0. 0. 0. 0. 0. 0. 0. 0. 0. 0. 0. 1. 1. 0. 0. 0. 0. 0. 0. 0. 0.
  0. 0. 0. 0. 0. 0. 0. 0. 0. 0. 0. 0. 0. 0. 0. 0. 0. 0. 0. 0. 0. 0. 0. 0.
  0. 0. 0. 0. 0. 0. 0. 0. 0. 0. 0. 0. 0. 0. 0. 0. 0. 0. 0. 0. 0. 0. 0. 0.
  0. 0. 0. 0. 0. 0. 0. 0. 0. 0. 0. 0. 0. 0. 0. 0. 0. 0. 0. 0. 0. 0. 0. 0.
  0. 0. 0. 0.]
 [0. 0. 0. 0. 0. 0. 0. 0. 0. 1. 0. 0. 0. 0. 0. 0. 0. 1. 0. 0. 0. 0. 0. 0.
  0. 0. 0. 0. 0. 0. 0. 0. 0. 0. 0. 0. 0. 0. 0. 0. 0. 0. 0. 0. 0. 0. 0. 0.
  0. 0. 0. 0. 0. 0. 0. 0. 0. 0. 0. 0. 0. 0. 0. 0. 0. 0. 0. 0. 0. 0. 0. 0.
  0. 0. 0. 0. 0. 0. 0. 0. 0. 0. 0. 0. 0. 0. 0. 0. 0. 0. 0. 0. 0. 0. 0. 0.
  0. 0. 0. 0.]
 [0. 0. 0. 1. 0. 0. 0. 0. 0. 0. 0. 0. 0. 0. 1. 1. 0. 0. 0. 1. 0. 0. 0. 0.
  0. 0. 0. 0. 0. 0. 0. 0. 0. 0. 0. 0. 0. 0. 0. 0. 0. 0. 0. 0. 0. 0. 0. 0.
  0. 0. 0. 0. 0. 0. 0. 0. 0. 0. 0. 0. 0. 0. 0. 0. 0. 0. 0. 0. 0. 0. 0. 0.
  0. 0. 0. 0. 0. 0. 0. 0. 0. 0. 0. 0. 0. 0. 0. 0. 0. 0. 0. 0. 0. 0. 0. 0.
  0. 0. 0. 0.]
 [0. 0. 0. 0. 1. 0. 1. 0. 0. 0. 0. 0. 1. 1. 0. 0. 0. 0. 0. 0. 0. 0. 0. 0.
  0. 0. 0. 0. 0. 0. 0. 0. 0. 0. 0. 0. 0. 0. 0. 0. 0. 0. 0. 0. 0. 0. 0. 0.
  0. 0. 0. 0. 0. 0. 0. 0. 0. 0. 0. 0. 0. 0. 0. 0. 0. 0. 0. 0. 0. 0. 0. 0.
  0. 0. 0. 0. 0. 0. 0. 0. 0. 0. 0. 0. 0. 0. 0. 0. 0. 0. 0. 0. 0. 0. 0. 0.
  0. 0. 0. 0.]
 [0. 0. 0. 0. 0. 0. 1. 0. 0. 1. 0. 0. 0. 0. 0. 0. 1. 0. 0. 1. 0. 0. 0. 0.
  0. 0. 0. 0. 0. 0. 0. 0. 0. 0. 0. 0. 0. 0. 0. 0. 0. 0. 0. 0. 0. 0. 0. 0.
  0. 0. 0. 0. 0. 0. 0. 0. 0. 0. 0. 0. 0. 0. 0. 0. 0. 0. 0. 0. 0. 0. 0. 0.
  0. 0. 0. 0. 0. 0. 0. 0. 0. 0. 0. 0. 0. 0. 0. 0. 0. 0. 0. 0. 0. 0. 0. 0.
  0. 0. 0. 0.]
 [0. 0. 0. 0. 0. 0. 1. 0. 0. 0. 0. 0. 1. 1. 0. 0. 1. 0. 0. 0. 0. 0. 0. 0.
  0. 0. 0. 0. 0. 0. 0. 0. 0. 0. 0. 0. 0. 0. 0. 0. 0. 0. 0. 0. 0. 0. 0. 0.
  0. 0. 0. 0. 0. 0. 0. 0. 0. 0. 0. 0. 0. 0. 0. 0. 0. 0. 0. 0. 0. 0. 0. 0.
  0. 0. 0. 0. 0. 0. 0. 0. 0. 0. 0. 0. 0. 0. 0. 0. 0. 0. 0. 0. 0. 0. 0. 0.
  0. 0. 0. 0.]
 [0. 0. 1. 0. 0. 0. 0. 0. 1. 0. 0. 0. 0. 0. 0. 0. 0. 0. 0. 0. 0. 0. 0. 0.
  0. 0. 0. 0. 0. 0. 0. 0. 0. 0. 0. 0. 0. 0. 0. 0. 0. 0. 0. 0. 0. 0. 0. 0.
  0. 0. 0. 0. 0. 0. 0. 0. 0. 0. 0. 0. 0. 0. 0. 0. 0. 0. 0. 0. 0. 0. 0. 0.
  0. 0. 0. 0. 0. 0. 0. 0. 0. 0. 0. 0. 0. 0. 0. 0. 0. 0. 0. 0. 0. 0. 0. 0.
  0. 0. 0. 0.]
 [0. 0. 0. 0. 0. 0. 0. 0. 0. 0. 0. 0. 0. 0. 0. 0. 0. 1. 0. 0. 0. 0. 0. 0.
  0. 0. 0. 0. 0. 0. 0. 0. 0. 0. 0. 0. 0. 0. 0. 0. 0. 0. 0. 0. 0. 0. 0. 0.
  0. 0. 0. 0. 0. 0. 0. 0. 0. 0. 0. 0. 0. 0. 0. 0. 0. 0. 0. 0. 0. 0. 0. 0.
  0. 0. 0. 0. 0. 0. 0. 0. 0. 0. 0. 0. 0. 0. 0. 0. 0. 0. 0. 0. 0. 0. 0. 0.
  0. 0. 0. 0.]
 [0. 1. 0. 0. 0. 0. 1. 0. 0. 1. 0. 0. 0. 1. 0. 0. 0. 0. 0. 0. 0. 0. 0. 0.
  0. 0. 0. 0. 0. 0. 0. 0. 0. 0. 0. 0. 0. 0. 0. 0. 0. 0. 0. 0. 0. 0. 0. 0.
  0. 0. 0. 0. 0. 0. 0. 0. 0. 0. 0. 0. 0. 0. 0. 0. 0. 0. 0. 0. 0. 0. 0. 0.
  0. 0. 0. 0. 0. 0. 0. 0. 0. 0. 0. 0. 0. 0. 0. 0. 0. 0. 0. 0. 0. 0. 0. 0.
  0. 0. 0. 0.]
 [0. 1. 0. 0. 1. 0. 0. 0. 0. 0. 0. 0. 0. 0. 0. 0. 0. 0. 1. 0. 0. 0. 0. 0.
  0. 0. 0. 0. 0. 0. 0. 0. 0. 0. 0. 0. 0. 0. 0. 0. 0. 0. 0. 0. 0. 0. 0. 0.
  0. 0. 0. 0. 0. 0. 0. 0. 0. 0. 0. 0. 0. 0. 0. 0. 0. 0. 0. 0. 0. 0. 0. 0.
  0. 0. 0. 0. 0. 0. 0. 0. 0. 0. 0. 0. 0. 0. 0. 0. 0. 0. 0. 0. 0. 0. 0. 0.
  0. 0. 0. 0.]
 [0. 0. 1. 0. 0. 1. 0. 0. 1. 0. 0. 0. 0. 0. 0. 1. 0. 1. 1. 1. 0. 0. 0. 0.
  0. 0. 0. 0. 0. 0. 0. 0. 0. 0. 0. 0. 0. 0. 0. 0. 0. 0. 0. 0. 0. 0. 0. 0.
  0. 0. 0. 0. 0. 0. 0. 0. 0. 0. 0. 0. 0. 0. 0. 0. 0. 0. 0. 0. 0. 0. 0. 0.
  0. 0. 0. 0. 0. 0. 0. 0. 0. 0. 0. 0. 0. 0. 0. 0. 0. 0. 0. 0. 0. 0. 0. 0.
  0. 0. 0. 0.]
 [0. 0. 0. 0. 0. 1. 0. 0. 1. 0. 0. 0. 0. 0. 0. 0. 0. 0. 0. 0. 0. 0. 0. 0.
  0. 0. 0. 0. 0. 0. 0. 0. 0. 0. 0. 0. 0. 0. 0. 0. 0. 0. 0. 0. 0. 0. 0. 0.
  0. 0. 0. 0. 0. 0. 0. 0. 0. 0. 0. 0. 0. 0. 0. 0. 0. 0. 0. 0. 0. 0. 0. 0.
  0. 0. 0. 0. 0. 0. 0. 0. 0. 0. 0. 0. 0. 0. 0. 0. 0. 0. 0. 0. 0. 0. 0. 0.
  0. 0. 0. 0.]
 [0. 0. 0. 0. 0. 0. 0. 0. 0. 0. 0. 0. 0. 0. 0. 0. 0. 1. 1. 1. 0. 0. 0. 0.
  0. 0. 0. 0. 0. 0. 0. 0. 0. 0. 0. 0. 0. 0. 0. 0. 0. 0. 0. 0. 0. 0. 0. 0.
  0. 0. 0. 0. 0. 0. 0. 0. 0. 0. 0. 0. 0. 0. 0. 0. 0. 0. 0. 0. 0. 0. 0. 0.
  0. 0. 0. 0. 0. 0. 0. 0. 0. 0. 0. 0. 0. 0. 0. 0. 0. 0. 0. 0. 0. 0. 0. 0.
  0. 0. 0. 0.]
 [0. 0. 1. 1. 1. 0. 0. 1. 0. 0. 1. 0. 0. 0. 0. 0. 0. 0. 0. 0. 0. 0. 0. 0.
  0. 0. 0. 0. 0. 0. 0. 0. 0. 0. 0. 0. 0. 0. 0. 0. 0. 0. 0. 0. 0. 0. 0. 0.
  0. 0. 0. 0. 0. 0. 0. 0. 0. 0. 0. 0. 0. 0. 0. 0. 0. 0. 0. 0. 0. 0. 0. 0.
  0. 0. 0. 0. 0. 0. 0. 0. 0. 0. 0. 0. 0. 0. 0. 0. 0. 0. 0. 0. 0. 0. 0. 0.
  0. 0. 0. 0.]
 [0. 0. 0. 0. 0. 1. 0. 1. 1. 1. 1. 0. 1. 1. 1. 0. 0. 0. 0. 0. 0. 0. 0. 0.
  0. 0. 0. 0. 0. 0. 0. 0. 0. 0. 0. 0. 0. 0. 0. 0. 0. 0. 0. 0. 0. 0. 0. 0.
  0. 0. 0. 0. 0. 0. 0. 0. 0. 0. 0. 0. 0. 0. 0. 0. 0. 0. 0. 0. 0. 0. 0. 0.
  0. 0. 0. 0. 0. 0. 0. 0. 0. 0. 0. 0. 0. 0. 0. 0. 0. 0. 0. 0. 0. 0. 0. 0.
  0. 0. 0. 0.]
 [0. 0. 0. 0. 0. 0. 0. 0. 0. 0. 0. 0. 0. 0. 0. 0. 0. 0. 0. 1. 0. 0. 0. 0.
  0. 0. 0. 0. 0. 0. 0. 0. 0. 0. 0. 0. 0. 0. 0. 0. 0. 0. 0. 0. 0. 0. 0. 0.
  0. 0. 0. 0. 0. 0. 0. 0. 0. 0. 0. 0. 0. 0. 0. 0. 0. 0. 0. 0. 0. 0. 0. 0.
  0. 0. 0. 0. 0. 0. 0. 0. 0. 0. 0. 0. 0. 0. 0. 0. 0. 0. 0. 0. 0. 0. 0. 0.
  0. 0. 0. 0.]
 [0. 0. 0. 0. 0. 0. 0. 0. 1. 0. 0. 0. 0. 0. 0. 0. 0. 0. 0. 0. 0. 0. 0. 0.
  0. 0. 0. 0. 0. 0. 0. 0. 0. 0. 0. 0. 0. 0. 0. 0. 0. 0. 0. 0. 0. 0. 0. 0.
  0. 0. 0. 0. 0. 0. 0. 0. 0. 0. 0. 0. 0. 0. 0. 0. 0. 0. 0. 0. 0. 0. 0. 0.
  0. 0. 0. 0. 0. 0. 0. 0. 0. 0. 0. 0. 0. 0. 0. 0. 0. 0. 0. 0. 0. 0. 0. 0.
  0. 0. 0. 0.]
 [1. 0. 0. 0. 0. 0. 0. 0. 1. 1. 1. 0. 0. 0. 0. 0. 0. 0. 0. 0. 0. 0. 0. 0.
  0. 0. 0. 0. 0. 0. 0. 0. 0. 0. 0. 0. 0. 0. 0. 0. 0. 0. 0. 0. 0. 0. 0. 0.
  0. 0. 0. 0. 0. 0. 0. 0. 0. 0. 0. 0. 0. 0. 0. 0. 0. 0. 0. 0. 0. 0. 0. 0.
  0. 0. 0. 0. 0. 0. 0. 0. 0. 0. 0. 0. 0. 0. 0. 0. 0. 0. 0. 0. 0. 0. 0. 0.
  0. 0. 0. 0.]
 [0. 1. 0. 0. 1. 1. 0. 0. 0. 1. 0. 0. 0. 0. 1. 1. 0. 1. 1. 0. 0. 0. 0. 0.
  0. 0. 0. 0. 0. 0. 0. 0. 0. 0. 0. 0. 0. 0. 0. 0. 0. 0. 0. 0. 0. 0. 0. 0.
  0. 0. 0. 0. 0. 0. 0. 0. 0. 0. 0. 0. 0. 0. 0. 0. 0. 0. 0. 0. 0. 0. 0. 0.
  0. 0. 0. 0. 0. 0. 0. 0. 0. 0. 0. 0. 0. 0. 0. 0. 0. 0. 0. 0. 0. 0. 0. 0.
  0. 0. 0. 0.]
 [0. 0. 1. 0. 1. 0. 0. 0. 0. 1. 1. 1. 0. 1. 0. 0. 0. 1. 0. 0. 0. 0. 0. 0.
  0. 0. 0. 0. 0. 0. 0. 0. 0. 0. 0. 0. 0. 0. 0. 0. 0. 0. 0. 0. 0. 0. 0. 0.
  0. 0. 0. 0. 0. 0. 0. 0. 0. 0. 0. 0. 0. 0. 0. 0. 0. 0. 0. 0. 0. 0. 0. 0.
  0. 0. 0. 0. 0. 0. 0. 0. 0. 0. 0. 0. 0. 0. 0. 0. 0. 0. 0. 0. 0. 0. 0. 0.
  0. 0. 0. 0.]
 [1. 0. 0. 0. 0. 0. 1. 0. 0. 0. 0. 0. 1. 0. 0. 1. 0. 0. 0. 0. 0. 0. 0. 0.
  0. 0. 0. 0. 0. 0. 0. 0. 0. 0. 0. 0. 0. 0. 0. 0. 0. 0. 0. 0. 0. 0. 0. 0.
  0. 0. 0. 0. 0. 0. 0. 0. 0. 0. 0. 0. 0. 0. 0. 0. 0. 0. 0. 0. 0. 0. 0. 0.
  0. 0. 0. 0. 0. 0. 0. 0. 0. 0. 0. 0. 0. 0. 0. 0. 0. 0. 0. 0. 0. 0. 0. 0.
  0. 0. 0. 0.]
 [0. 0. 1. 0. 0. 0. 0. 0. 0. 0. 0. 0. 0. 0. 0. 1. 0. 0. 1. 1. 0. 0. 0. 0.
  0. 0. 0. 0. 0. 0. 0. 0. 0. 0. 0. 0. 0. 0. 0. 0. 0. 0. 0. 0. 0. 0. 0. 0.
  0. 0. 0. 0. 0. 0. 0. 0. 0. 0. 0. 0. 0. 0. 0. 0. 0. 0. 0. 0. 0. 0. 0. 0.
  0. 0. 0. 0. 0. 0. 0. 0. 0. 0. 0. 0. 0. 0. 0. 0. 0. 0. 0. 0. 0. 0. 0. 0.
  0. 0. 0. 0.]
 [1. 0. 0. 0. 0. 0. 0. 0. 0. 1. 0. 0. 0. 0. 0. 0. 0. 0. 0. 0. 0. 0. 0. 0.
  0. 0. 0. 0. 0. 0. 0. 0. 0. 0. 0. 0. 0. 0. 0. 0. 0. 0. 0. 0. 0. 0. 0. 0.
  0. 0. 0. 0. 0. 0. 0. 0. 0. 0. 0. 0. 0. 0. 0. 0. 0. 0. 0. 0. 0. 0. 0. 0.
  0. 0. 0. 0. 0. 0. 0. 0. 0. 0. 0. 0. 0. 0. 0. 0. 0. 0. 0. 0. 0. 0. 0. 0.
  0. 0. 0. 0.]
 [0. 0. 1. 0. 0. 0. 0. 0. 0. 0. 0. 0. 0. 1. 0. 0. 0. 0. 0. 1. 0. 0. 0. 0.
  0. 0. 0. 0. 0. 0. 0. 0. 0. 0. 0. 0. 0. 0. 0. 0. 0. 0. 0. 0. 0. 0. 0. 0.
  0. 0. 0. 0. 0. 0. 0. 0. 0. 0. 0. 0. 0. 0. 0. 0. 0. 0. 0. 0. 0. 0. 0. 0.
  0. 0. 0. 0. 0. 0. 0. 0. 0. 0. 0. 0. 0. 0. 0. 0. 0. 0. 0. 0. 0. 0. 0. 0.
  0. 0. 0. 0.]
 [0. 0. 1. 0. 0. 0. 1. 1. 0. 0. 0. 0. 0. 0. 1. 0. 0. 0. 0. 0. 0. 0. 0. 0.
  0. 0. 0. 0. 0. 0. 0. 0. 0. 0. 0. 0. 0. 0. 0. 0. 0. 0. 0. 0. 0. 0. 0. 0.
  0. 0. 0. 0. 0. 0. 0. 0. 0. 0. 0. 0. 0. 0. 0. 0. 0. 0. 0. 0. 0. 0. 0. 0.
  0. 0. 0. 0. 0. 0. 0. 0. 0. 0. 0. 0. 0. 0. 0. 0. 0. 0. 0. 0. 0. 0. 0. 0.
  0. 0. 0. 0.]
 [0. 0. 0. 0. 0. 0. 0. 0. 0. 0. 0. 0. 0. 0. 0. 1. 0. 0. 0. 0. 0. 0. 0. 0.
  0. 0. 0. 0. 0. 0. 0. 0. 0. 0. 0. 0. 0. 0. 0. 0. 0. 0. 0. 0. 0. 0. 0. 0.
  0. 0. 0. 0. 0. 0. 0. 0. 0. 0. 0. 0. 0. 0. 0. 0. 0. 0. 0. 0. 0. 0. 0. 0.
  0. 0. 0. 0. 0. 0. 0. 0. 0. 0. 0. 0. 0. 0. 0. 0. 0. 0. 0. 0. 0. 0. 0. 0.
  0. 0. 0. 0.]
 [0. 0. 0. 0. 1. 0. 0. 1. 0. 0. 1. 0. 1. 0. 0. 0. 0. 0. 0. 0. 0. 0. 0. 0.
  0. 0. 0. 0. 0. 0. 0. 0. 0. 0. 0. 0. 0. 0. 0. 0. 0. 0. 0. 0. 0. 0. 0. 0.
  0. 0. 0. 0. 0. 0. 0. 0. 0. 0. 0. 0. 0. 0. 0. 0. 0. 0. 0. 0. 0. 0. 0. 0.
  0. 0. 0. 0. 0. 0. 0. 0. 0. 0. 0. 0. 0. 0. 0. 0. 0. 0. 0. 0. 0. 0. 0. 0.
  0. 0. 0. 0.]
 [0. 0. 0. 1. 1. 0. 0. 0. 0. 0. 0. 0. 0. 0. 0. 0. 0. 0. 0. 0. 0. 0. 0. 0.
  0. 0. 0. 0. 0. 0. 0. 0. 0. 0. 0. 0. 0. 0. 0. 0. 0. 0. 0. 0. 0. 0. 0. 0.
  0. 0. 0. 0. 0. 0. 0. 0. 0. 0. 0. 0. 0. 0. 0. 0. 0. 0. 0. 0. 0. 0. 0. 0.
  0. 0. 0. 0. 0. 0. 0. 0. 0. 0. 0. 0. 0. 0. 0. 0. 0. 0. 0. 0. 0. 0. 0. 0.
  0. 0. 0. 0.]
 [0. 0. 0. 0. 1. 0. 0. 0. 1. 1. 0. 1. 1. 0. 0. 0. 0. 0. 0. 0. 0. 0. 0. 0.
  0. 0. 0. 0. 0. 0. 0. 0. 0. 0. 0. 0. 0. 0. 0. 0. 0. 0. 0. 0. 0. 0. 0. 0.
  0. 0. 0. 0. 0. 0. 0. 0. 0. 0. 0. 0. 0. 0. 0. 0. 0. 0. 0. 0. 0. 0. 0. 0.
  0. 0. 0. 0. 0. 0. 0. 0. 0. 0. 0. 0. 0. 0. 0. 0. 0. 0. 0. 0. 0. 0. 0. 0.
  0. 0. 0. 0.]
 [1. 0. 0. 0. 0. 0. 0. 0. 1. 0. 0. 0. 0. 0. 0. 0. 0. 0. 0. 0. 0. 0. 0. 0.
  0. 0. 0. 0. 0. 0. 0. 0. 0. 0. 0. 0. 0. 0. 0. 0. 0. 0. 0. 0. 0. 0. 0. 0.
  0. 0. 0. 0. 0. 0. 0. 0. 0. 0. 0. 0. 0. 0. 0. 0. 0. 0. 0. 0. 0. 0. 0. 0.
  0. 0. 0. 0. 0. 0. 0. 0. 0. 0. 0. 0. 0. 0. 0. 0. 0. 0. 0. 0. 0. 0. 0. 0.
  0. 0. 0. 0.]
 [0. 0. 0. 0. 0. 1. 1. 0. 0. 1. 0. 0. 0. 0. 0. 0. 0. 0. 0. 0. 0. 0. 0. 0.
  0. 0. 0. 0. 0. 0. 0. 0. 0. 0. 0. 0. 0. 0. 0. 0. 0. 0. 0. 0. 0. 0. 0. 0.
  0. 0. 0. 0. 0. 0. 0. 0. 0. 0. 0. 0. 0. 0. 0. 0. 0. 0. 0. 0. 0. 0. 0. 0.
  0. 0. 0. 0. 0. 0. 0. 0. 0. 0. 0. 0. 0. 0. 0. 0. 0. 0. 0. 0. 0. 0. 0. 0.
  0. 0. 0. 0.]
 [0. 0. 0. 0. 0. 0. 0. 0. 0. 0. 1. 0. 1. 0. 0. 0. 0. 0. 0. 0. 0. 0. 0. 0.
  0. 0. 0. 0. 0. 0. 0. 0. 0. 0. 0. 0. 0. 0. 0. 0. 0. 0. 0. 0. 0. 0. 0. 0.
  0. 0. 0. 0. 0. 0. 0. 0. 0. 0. 0. 0. 0. 0. 0. 0. 0. 0. 0. 0. 0. 0. 0. 0.
  0. 0. 0. 0. 0. 0. 0. 0. 0. 0. 0. 0. 0. 0. 0. 0. 0. 0. 0. 0. 0. 0. 0. 0.
  0. 0. 0. 0.]
 [0. 0. 0. 0. 0. 0. 0. 1. 0. 0. 0. 0. 0. 0. 0. 1. 0. 0. 0. 1. 0. 0. 0. 0.
  0. 0. 0. 0. 0. 0. 0. 0. 0. 0. 0. 0. 0. 0. 0. 0. 0. 0. 0. 0. 0. 0. 0. 0.
  0. 0. 0. 0. 0. 0. 0. 0. 0. 0. 0. 0. 0. 0. 0. 0. 0. 0. 0. 0. 0. 0. 0. 0.
  0. 0. 0. 0. 0. 0. 0. 0. 0. 0. 0. 0. 0. 0. 0. 0. 0. 0. 0. 0. 0. 0. 0. 0.
  0. 0. 0. 0.]
 [0. 0. 0. 0. 1. 0. 1. 0. 0. 0. 0. 1. 1. 0. 0. 0. 0. 1. 0. 0. 0. 0. 0. 0.
  0. 0. 0. 0. 0. 0. 0. 0. 0. 0. 0. 0. 0. 0. 0. 0. 0. 0. 0. 0. 0. 0. 0. 0.
  0. 0. 0. 0. 0. 0. 0. 0. 0. 0. 0. 0. 0. 0. 0. 0. 0. 0. 0. 0. 0. 0. 0. 0.
  0. 0. 0. 0. 0. 0. 0. 0. 0. 0. 0. 0. 0. 0. 0. 0. 0. 0. 0. 0. 0. 0. 0. 0.
  0. 0. 0. 0.]
 [0. 1. 1. 0. 0. 0. 0. 0. 1. 0. 0. 0. 0. 1. 0. 1. 0. 0. 0. 0. 0. 0. 0. 0.
  0. 0. 0. 0. 0. 0. 0. 0. 0. 0. 0. 0. 0. 0. 0. 0. 0. 0. 0. 0. 0. 0. 0. 0.
  0. 0. 0. 0. 0. 0. 0. 0. 0. 0. 0. 0. 0. 0. 0. 0. 0. 0. 0. 0. 0. 0. 0. 0.
  0. 0. 0. 0. 0. 0. 0. 0. 0. 0. 0. 0. 0. 0. 0. 0. 0. 0. 0. 0. 0. 0. 0. 0.
  0. 0. 0. 0.]
 [0. 0. 1. 0. 0. 0. 0. 0. 0. 0. 1. 1. 0. 0. 0. 0. 0. 0. 0. 0. 0. 0. 0. 0.
  0. 0. 0. 0. 0. 0. 0. 0. 0. 0. 0. 0. 0. 0. 0. 0. 0. 0. 0. 0. 0. 0. 0. 0.
  0. 0. 0. 0. 0. 0. 0. 0. 0. 0. 0. 0. 0. 0. 0. 0. 0. 0. 0. 0. 0. 0. 0. 0.
  0. 0. 0. 0. 0. 0. 0. 0. 0. 0. 0. 0. 0. 0. 0. 0. 0. 0. 0. 0. 0. 0. 0. 0.
  0. 0. 0. 0.]
 [0. 0. 0. 0. 1. 0. 0. 0. 0. 0. 1. 0. 1. 0. 0. 1. 0. 0. 0. 0. 0. 0. 0. 0.
  0. 0. 0. 0. 0. 0. 0. 0. 0. 0. 0. 0. 0. 0. 0. 0. 0. 0. 0. 0. 0. 0. 0. 0.
  0. 0. 0. 0. 0. 0. 0. 0. 0. 0. 0. 0. 0. 0. 0. 0. 0. 0. 0. 0. 0. 0. 0. 0.
  0. 0. 0. 0. 0. 0. 0. 0. 0. 0. 0. 0. 0. 0. 0. 0. 0. 0. 0. 0. 0. 0. 0. 0.
  0. 0. 0. 0.]
 [1. 1. 0. 0. 0. 0. 0. 0. 0. 0. 0. 1. 0. 0. 0. 0. 1. 0. 0. 1. 0. 0. 0. 0.
  0. 0. 0. 0. 0. 0. 0. 0. 0. 0. 0. 0. 0. 0. 0. 0. 0. 0. 0. 0. 0. 0. 0. 0.
  0. 0. 0. 0. 0. 0. 0. 0. 0. 0. 0. 0. 0. 0. 0. 0. 0. 0. 0. 0. 0. 0. 0. 0.
  0. 0. 0. 0. 0. 0. 0. 0. 0. 0. 0. 0. 0. 0. 0. 0. 0. 0. 0. 0. 0. 0. 0. 0.
  0. 0. 0. 0.]
 [0. 0. 0. 0. 0. 1. 1. 0. 0. 0. 1. 0. 0. 0. 1. 0. 0. 0. 0. 1. 0. 0. 0. 0.
  0. 0. 0. 0. 0. 0. 0. 0. 0. 0. 0. 0. 0. 0. 0. 0. 0. 0. 0. 0. 0. 0. 0. 0.
  0. 0. 0. 0. 0. 0. 0. 0. 0. 0. 0. 0. 0. 0. 0. 0. 0. 0. 0. 0. 0. 0. 0. 0.
  0. 0. 0. 0. 0. 0. 0. 0. 0. 0. 0. 0. 0. 0. 0. 0. 0. 0. 0. 0. 0. 0. 0. 0.
  0. 0. 0. 0.]
 [1. 0. 0. 0. 0. 0. 0. 0. 1. 1. 0. 0. 1. 0. 0. 0. 0. 1. 0. 0. 0. 0. 0. 0.
  0. 0. 0. 0. 0. 0. 0. 0. 0. 0. 0. 0. 0. 0. 0. 0. 0. 0. 0. 0. 0. 0. 0. 0.
  0. 0. 0. 0. 0. 0. 0. 0. 0. 0. 0. 0. 0. 0. 0. 0. 0. 0. 0. 0. 0. 0. 0. 0.
  0. 0. 0. 0. 0. 0. 0. 0. 0. 0. 0. 0. 0. 0. 0. 0. 0. 0. 0. 0. 0. 0. 0. 0.
  0. 0. 0. 0.]
 [0. 1. 0. 1. 0. 0. 0. 1. 0. 1. 0. 0. 0. 0. 0. 0. 0. 1. 0. 0. 0. 0. 0. 0.
  0. 0. 0. 0. 0. 0. 0. 0. 0. 0. 0. 0. 0. 0. 0. 0. 0. 0. 0. 0. 0. 0. 0. 0.
  0. 0. 0. 0. 0. 0. 0. 0. 0. 0. 0. 0. 0. 0. 0. 0. 0. 0. 0. 0. 0. 0. 0. 0.
  0. 0. 0. 0. 0. 0. 0. 0. 0. 0. 0. 0. 0. 0. 0. 0. 0. 0. 0. 0. 0. 0. 0. 0.
  0. 0. 0. 0.]
 [0. 0. 0. 1. 0. 0. 0. 0. 0. 0. 0. 0. 0. 0. 0. 1. 0. 0. 0. 0. 0. 0. 0. 0.
  0. 0. 0. 0. 0. 0. 0. 0. 0. 0. 0. 0. 0. 0. 0. 0. 0. 0. 0. 0. 0. 0. 0. 0.
  0. 0. 0. 0. 0. 0. 0. 0. 0. 0. 0. 0. 0. 0. 0. 0. 0. 0. 0. 0. 0. 0. 0. 0.
  0. 0. 0. 0. 0. 0. 0. 0. 0. 0. 0. 0. 0. 0. 0. 0. 0. 0. 0. 0. 0. 0. 0. 0.
  0. 0. 0. 0.]
 [1. 0. 0. 0. 1. 0. 0. 0. 0. 1. 0. 1. 1. 0. 0. 1. 0. 0. 0. 0. 0. 0. 0. 0.
  0. 0. 0. 0. 0. 0. 0. 0. 0. 0. 0. 0. 0. 0. 0. 0. 0. 0. 0. 0. 0. 0. 0. 0.
  0. 0. 0. 0. 0. 0. 0. 0. 0. 0. 0. 0. 0. 0. 0. 0. 0. 0. 0. 0. 0. 0. 0. 0.
  0. 0. 0. 0. 0. 0. 0. 0. 0. 0. 0. 0. 0. 0. 0. 0. 0. 0. 0. 0. 0. 0. 0. 0.
  0. 0. 0. 0.]
 [0. 0. 0. 0. 0. 0. 0. 0. 0. 0. 0. 0. 0. 0. 1. 1. 0. 0. 0. 0. 0. 0. 0. 0.
  0. 0. 0. 0. 0. 0. 0. 0. 0. 0. 0. 0. 0. 0. 0. 0. 0. 0. 0. 0. 0. 0. 0. 0.
  0. 0. 0. 0. 0. 0. 0. 0. 0. 0. 0. 0. 0. 0. 0. 0. 0. 0. 0. 0. 0. 0. 0. 0.
  0. 0. 0. 0. 0. 0. 0. 0. 0. 0. 0. 0. 0. 0. 0. 0. 0. 0. 0. 0. 0. 0. 0. 0.
  0. 0. 0. 0.]
 [0. 0. 0. 0. 1. 0. 0. 0. 0. 0. 0. 1. 1. 0. 0. 0. 0. 0. 0. 0. 0. 0. 0. 0.
  0. 0. 0. 0. 0. 0. 0. 0. 0. 0. 0. 0. 0. 0. 0. 0. 0. 0. 0. 0. 0. 0. 0. 0.
  0. 0. 0. 0. 0. 0. 0. 0. 0. 0. 0. 0. 0. 0. 0. 0. 0. 0. 0. 0. 0. 0. 0. 0.
  0. 0. 0. 0. 0. 0. 0. 0. 0. 0. 0. 0. 0. 0. 0. 0. 0. 0. 0. 0. 0. 0. 0. 0.
  0. 0. 0. 0.]
 [0. 0. 1. 0. 0. 1. 0. 0. 1. 0. 1. 1. 1. 0. 0. 0. 1. 0. 0. 0. 0. 0. 0. 0.
  0. 0. 0. 0. 0. 0. 0. 0. 0. 0. 0. 0. 0. 0. 0. 0. 0. 0. 0. 0. 0. 0. 0. 0.
  0. 0. 0. 0. 0. 0. 0. 0. 0. 0. 0. 0. 0. 0. 0. 0. 0. 0. 0. 0. 0. 0. 0. 0.
  0. 0. 0. 0. 0. 0. 0. 0. 0. 0. 0. 0. 0. 0. 0. 0. 0. 0. 0. 0. 0. 0. 0. 0.
  0. 0. 0. 0.]
 [0. 0. 1. 0. 0. 0. 0. 0. 0. 0. 1. 1. 1. 0. 0. 0. 0. 0. 1. 0. 0. 0. 0. 0.
  0. 0. 0. 0. 0. 0. 0. 0. 0. 0. 0. 0. 0. 0. 0. 0. 0. 0. 0. 0. 0. 0. 0. 0.
  0. 0. 0. 0. 0. 0. 0. 0. 0. 0. 0. 0. 0. 0. 0. 0. 0. 0. 0. 0. 0. 0. 0. 0.
  0. 0. 0. 0. 0. 0. 0. 0. 0. 0. 0. 0. 0. 0. 0. 0. 0. 0. 0. 0. 0. 0. 0. 0.
  0. 0. 0. 0.]
 [0. 0. 0. 1. 0. 1. 1. 0. 0. 0. 1. 0. 0. 0. 0. 0. 0. 0. 1. 0. 0. 0. 0. 0.
  0. 0. 0. 0. 0. 0. 0. 0. 0. 0. 0. 0. 0. 0. 0. 0. 0. 0. 0. 0. 0. 0. 0. 0.
  0. 0. 0. 0. 0. 0. 0. 0. 0. 0. 0. 0. 0. 0. 0. 0. 0. 0. 0. 0. 0. 0. 0. 0.
  0. 0. 0. 0. 0. 0. 0. 0. 0. 0. 0. 0. 0. 0. 0. 0. 0. 0. 0. 0. 0. 0. 0. 0.
  0. 0. 0. 0.]
 [0. 0. 0. 0. 0. 0. 0. 1. 0. 0. 0. 0. 0. 0. 1. 0. 0. 1. 1. 1. 0. 0. 0. 0.
  0. 0. 0. 0. 0. 0. 0. 0. 0. 0. 0. 0. 0. 0. 0. 0. 0. 0. 0. 0. 0. 0. 0. 0.
  0. 0. 0. 0. 0. 0. 0. 0. 0. 0. 0. 0. 0. 0. 0. 0. 0. 0. 0. 0. 0. 0. 0. 0.
  0. 0. 0. 0. 0. 0. 0. 0. 0. 0. 0. 0. 0. 0. 0. 0. 0. 0. 0. 0. 0. 0. 0. 0.
  0. 0. 0. 0.]
 [0. 1. 0. 0. 0. 1. 0. 0. 0. 0. 0. 0. 1. 0. 0. 0. 1. 1. 0. 0. 0. 0. 0. 0.
  0. 0. 0. 0. 0. 0. 0. 0. 0. 0. 0. 0. 0. 0. 0. 0. 0. 0. 0. 0. 0. 0. 0. 0.
  0. 0. 0. 0. 0. 0. 0. 0. 0. 0. 0. 0. 0. 0. 0. 0. 0. 0. 0. 0. 0. 0. 0. 0.
  0. 0. 0. 0. 0. 0. 0. 0. 0. 0. 0. 0. 0. 0. 0. 0. 0. 0. 0. 0. 0. 0. 0. 0.
  0. 0. 0. 0.]
 [0. 0. 0. 0. 0. 0. 0. 0. 0. 1. 1. 0. 0. 0. 0. 0. 0. 1. 0. 0. 0. 0. 0. 0.
  0. 0. 0. 0. 0. 0. 0. 0. 0. 0. 0. 0. 0. 0. 0. 0. 0. 0. 0. 0. 0. 0. 0. 0.
  0. 0. 0. 0. 0. 0. 0. 0. 0. 0. 0. 0. 0. 0. 0. 0. 0. 0. 0. 0. 0. 0. 0. 0.
  0. 0. 0. 0. 0. 0. 0. 0. 0. 0. 0. 0. 0. 0. 0. 0. 0. 0. 0. 0. 0. 0. 0. 0.
  0. 0. 0. 0.]
 [0. 1. 1. 0. 0. 0. 0. 0. 1. 0. 0. 0. 1. 0. 0. 0. 0. 0. 0. 0. 0. 0. 0. 0.
  0. 0. 0. 0. 0. 0. 0. 0. 0. 0. 0. 0. 0. 0. 0. 0. 0. 0. 0. 0. 0. 0. 0. 0.
  0. 0. 0. 0. 0. 0. 0. 0. 0. 0. 0. 0. 0. 0. 0. 0. 0. 0. 0. 0. 0. 0. 0. 0.
  0. 0. 0. 0. 0. 0. 0. 0. 0. 0. 0. 0. 0. 0. 0. 0. 0. 0. 0. 0. 0. 0. 0. 0.
  0. 0. 0. 0.]
 [1. 0. 1. 0. 0. 1. 0. 0. 0. 0. 0. 1. 0. 0. 1. 0. 0. 1. 0. 0. 0. 0. 0. 0.
  0. 0. 0. 0. 0. 0. 0. 0. 0. 0. 0. 0. 0. 0. 0. 0. 0. 0. 0. 0. 0. 0. 0. 0.
  0. 0. 0. 0. 0. 0. 0. 0. 0. 0. 0. 0. 0. 0. 0. 0. 0. 0. 0. 0. 0. 0. 0. 0.
  0. 0. 0. 0. 0. 0. 0. 0. 0. 0. 0. 0. 0. 0. 0. 0. 0. 0. 0. 0. 0. 0. 0. 0.
  0. 0. 0. 0.]
 [0. 0. 0. 0. 1. 1. 0. 0. 0. 1. 0. 0. 0. 0. 0. 0. 0. 0. 1. 1. 0. 0. 0. 0.
  0. 0. 0. 0. 0. 0. 0. 0. 0. 0. 0. 0. 0. 0. 0. 0. 0. 0. 0. 0. 0. 0. 0. 0.
  0. 0. 0. 0. 0. 0. 0. 0. 0. 0. 0. 0. 0. 0. 0. 0. 0. 0. 0. 0. 0. 0. 0. 0.
  0. 0. 0. 0. 0. 0. 0. 0. 0. 0. 0. 0. 0. 0. 0. 0. 0. 0. 0. 0. 0. 0. 0. 0.
  0. 0. 0. 0.]
 [0. 0. 0. 0. 0. 0. 0. 0. 1. 0. 0. 0. 0. 0. 0. 0. 0. 0. 0. 0. 0. 0. 0. 0.
  0. 0. 0. 0. 0. 0. 0. 0. 0. 0. 0. 0. 0. 0. 0. 0. 0. 0. 0. 0. 0. 0. 0. 0.
  0. 0. 0. 0. 0. 0. 0. 0. 0. 0. 0. 0. 0. 0. 0. 0. 0. 0. 0. 0. 0. 0. 0. 0.
  0. 0. 0. 0. 0. 0. 0. 0. 0. 0. 0. 0. 0. 0. 0. 0. 0. 0. 0. 0. 0. 0. 0. 0.
  0. 0. 0. 0.]
 [0. 0. 0. 0. 0. 0. 0. 0. 1. 0. 0. 0. 1. 0. 0. 0. 0. 0. 0. 0. 0. 0. 0. 0.
  0. 0. 0. 0. 0. 0. 0. 0. 0. 0. 0. 0. 0. 0. 0. 0. 0. 0. 0. 0. 0. 0. 0. 0.
  0. 0. 0. 0. 0. 0. 0. 0. 0. 0. 0. 0. 0. 0. 0. 0. 0. 0. 0. 0. 0. 0. 0. 0.
  0. 0. 0. 0. 0. 0. 0. 0. 0. 0. 0. 0. 0. 0. 0. 0. 0. 0. 0. 0. 0. 0. 0. 0.
  0. 0. 0. 0.]
 [0. 0. 0. 0. 0. 0. 1. 0. 0. 0. 0. 0. 0. 0. 0. 0. 0. 0. 1. 0. 0. 0. 0. 0.
  0. 0. 0. 0. 0. 0. 0. 0. 0. 0. 0. 0. 0. 0. 0. 0. 0. 0. 0. 0. 0. 0. 0. 0.
  0. 0. 0. 0. 0. 0. 0. 0. 0. 0. 0. 0. 0. 0. 0. 0. 0. 0. 0. 0. 0. 0. 0. 0.
  0. 0. 0. 0. 0. 0. 0. 0. 0. 0. 0. 0. 0. 0. 0. 0. 0. 0. 0. 0. 0. 0. 0. 0.
  0. 0. 0. 0.]
 [0. 0. 1. 0. 1. 0. 0. 0. 0. 0. 0. 0. 0. 0. 0. 0. 0. 0. 0. 1. 0. 0. 0. 0.
  0. 0. 0. 0. 0. 0. 0. 0. 0. 0. 0. 0. 0. 0. 0. 0. 0. 0. 0. 0. 0. 0. 0. 0.
  0. 0. 0. 0. 0. 0. 0. 0. 0. 0. 0. 0. 0. 0. 0. 0. 0. 0. 0. 0. 0. 0. 0. 0.
  0. 0. 0. 0. 0. 0. 0. 0. 0. 0. 0. 0. 0. 0. 0. 0. 0. 0. 0. 0. 0. 0. 0. 0.
  0. 0. 0. 0.]
 [1. 0. 1. 0. 1. 0. 1. 0. 0. 0. 0. 0. 1. 0. 0. 0. 0. 0. 0. 0. 0. 0. 0. 0.
  0. 0. 0. 0. 0. 0. 0. 0. 0. 0. 0. 0. 0. 0. 0. 0. 0. 0. 0. 0. 0. 0. 0. 0.
  0. 0. 0. 0. 0. 0. 0. 0. 0. 0. 0. 0. 0. 0. 0. 0. 0. 0. 0. 0. 0. 0. 0. 0.
  0. 0. 0. 0. 0. 0. 0. 0. 0. 0. 0. 0. 0. 0. 0. 0. 0. 0. 0. 0. 0. 0. 0. 0.
  0. 0. 0. 0.]
 [1. 0. 0. 1. 1. 0. 0. 0. 1. 0. 0. 0. 0. 0. 0. 0. 1. 0. 0. 0. 0. 0. 0. 0.
  0. 0. 0. 0. 0. 0. 0. 0. 0. 0. 0. 0. 0. 0. 0. 0. 0. 0. 0. 0. 0. 0. 0. 0.
  0. 0. 0. 0. 0. 0. 0. 0. 0. 0. 0. 0. 0. 0. 0. 0. 0. 0. 0. 0. 0. 0. 0. 0.
  0. 0. 0. 0. 0. 0. 0. 0. 0. 0. 0. 0. 0. 0. 0. 0. 0. 0. 0. 0. 0. 0. 0. 0.
  0. 0. 0. 0.]
 [0. 0. 0. 1. 0. 0. 0. 0. 0. 0. 0. 0. 0. 0. 1. 0. 1. 1. 0. 0. 0. 0. 0. 0.
  0. 0. 0. 0. 0. 0. 0. 0. 0. 0. 0. 0. 0. 0. 0. 0. 0. 0. 0. 0. 0. 0. 0. 0.
  0. 0. 0. 0. 0. 0. 0. 0. 0. 0. 0. 0. 0. 0. 0. 0. 0. 0. 0. 0. 0. 0. 0. 0.
  0. 0. 0. 0. 0. 0. 0. 0. 0. 0. 0. 0. 0. 0. 0. 0. 0. 0. 0. 0. 0. 0. 0. 0.
  0. 0. 0. 0.]
 [0. 1. 0. 0. 0. 0. 0. 0. 0. 0. 0. 0. 0. 0. 0. 0. 0. 1. 0. 0. 0. 0. 0. 0.
  0. 0. 0. 0. 0. 0. 0. 0. 0. 0. 0. 0. 0. 0. 0. 0. 0. 0. 0. 0. 0. 0. 0. 0.
  0. 0. 0. 0. 0. 0. 0. 0. 0. 0. 0. 0. 0. 0. 0. 0. 0. 0. 0. 0. 0. 0. 0. 0.
  0. 0. 0. 0. 0. 0. 0. 0. 0. 0. 0. 0. 0. 0. 0. 0. 0. 0. 0. 0. 0. 0. 0. 0.
  0. 0. 0. 0.]
 [0. 0. 0. 0. 0. 0. 0. 1. 0. 0. 0. 0. 0. 0. 0. 1. 0. 0. 1. 0. 0. 0. 0. 0.
  0. 0. 0. 0. 0. 0. 0. 0. 0. 0. 0. 0. 0. 0. 0. 0. 0. 0. 0. 0. 0. 0. 0. 0.
  0. 0. 0. 0. 0. 0. 0. 0. 0. 0. 0. 0. 0. 0. 0. 0. 0. 0. 0. 0. 0. 0. 0. 0.
  0. 0. 0. 0. 0. 0. 0. 0. 0. 0. 0. 0. 0. 0. 0. 0. 0. 0. 0. 0. 0. 0. 0. 0.
  0. 0. 0. 0.]
 [1. 0. 0. 1. 0. 0. 0. 0. 0. 1. 1. 0. 1. 0. 0. 0. 1. 1. 0. 1. 0. 0. 0. 0.
  0. 0. 0. 0. 0. 0. 0. 0. 0. 0. 0. 0. 0. 0. 0. 0. 0. 0. 0. 0. 0. 0. 0. 0.
  0. 0. 0. 0. 0. 0. 0. 0. 0. 0. 0. 0. 0. 0. 0. 0. 0. 0. 0. 0. 0. 0. 0. 0.
  0. 0. 0. 0. 0. 0. 0. 0. 0. 0. 0. 0. 0. 0. 0. 0. 0. 0. 0. 0. 0. 0. 0. 0.
  0. 0. 0. 0.]
 [1. 0. 0. 0. 0. 0. 0. 0. 0. 1. 1. 0. 0. 0. 0. 0. 0. 0. 1. 0. 0. 0. 0. 0.
  0. 0. 0. 0. 0. 0. 0. 0. 0. 0. 0. 0. 0. 0. 0. 0. 0. 0. 0. 0. 0. 0. 0. 0.
  0. 0. 0. 0. 0. 0. 0. 0. 0. 0. 0. 0. 0. 0. 0. 0. 0. 0. 0. 0. 0. 0. 0. 0.
  0. 0. 0. 0. 0. 0. 0. 0. 0. 0. 0. 0. 0. 0. 0. 0. 0. 0. 0. 0. 0. 0. 0. 0.
  0. 0. 0. 0.]
 [0. 1. 0. 1. 0. 0. 0. 0. 0. 0. 1. 0. 0. 0. 0. 0. 0. 0. 0. 1. 0. 0. 0. 0.
  0. 0. 0. 0. 0. 0. 0. 0. 0. 0. 0. 0. 0. 0. 0. 0. 0. 0. 0. 0. 0. 0. 0. 0.
  0. 0. 0. 0. 0. 0. 0. 0. 0. 0. 0. 0. 0. 0. 0. 0. 0. 0. 0. 0. 0. 0. 0. 0.
  0. 0. 0. 0. 0. 0. 0. 0. 0. 0. 0. 0. 0. 0. 0. 0. 0. 0. 0. 0. 0. 0. 0. 0.
  0. 0. 0. 0.]
 [0. 1. 0. 0. 1. 0. 0. 0. 0. 0. 0. 0. 0. 0. 0. 0. 0. 0. 0. 0. 0. 0. 0. 0.
  0. 0. 0. 0. 0. 0. 0. 0. 0. 0. 0. 0. 0. 0. 0. 0. 0. 0. 0. 0. 0. 0. 0. 0.
  0. 0. 0. 0. 0. 0. 0. 0. 0. 0. 0. 0. 0. 0. 0. 0. 0. 0. 0. 0. 0. 0. 0. 0.
  0. 0. 0. 0. 0. 0. 0. 0. 0. 0. 0. 0. 0. 0. 0. 0. 0. 0. 0. 0. 0. 0. 0. 0.
  0. 0. 0. 0.]
 [1. 0. 0. 0. 1. 0. 0. 0. 1. 0. 0. 0. 1. 0. 0. 0. 0. 0. 0. 0. 0. 0. 0. 0.
  0. 0. 0. 0. 0. 0. 0. 0. 0. 0. 0. 0. 0. 0. 0. 0. 0. 0. 0. 0. 0. 0. 0. 0.
  0. 0. 0. 0. 0. 0. 0. 0. 0. 0. 0. 0. 0. 0. 0. 0. 0. 0. 0. 0. 0. 0. 0. 0.
  0. 0. 0. 0. 0. 0. 0. 0. 0. 0. 0. 0. 0. 0. 0. 0. 0. 0. 0. 0. 0. 0. 0. 0.
  0. 0. 0. 0.]
 [0. 0. 1. 1. 0. 0. 0. 0. 0. 0. 0. 0. 0. 0. 0. 0. 0. 0. 0. 0. 0. 0. 0. 0.
  0. 0. 0. 0. 0. 0. 0. 0. 0. 0. 0. 0. 0. 0. 0. 0. 0. 0. 0. 0. 0. 0. 0. 0.
  0. 0. 0. 0. 0. 0. 0. 0. 0. 0. 0. 0. 0. 0. 0. 0. 0. 0. 0. 0. 0. 0. 0. 0.
  0. 0. 0. 0. 0. 0. 0. 0. 0. 0. 0. 0. 0. 0. 0. 0. 0. 0. 0. 0. 0. 0. 0. 0.
  0. 0. 0. 0.]
 [0. 0. 0. 0. 1. 0. 0. 1. 0. 0. 0. 0. 1. 0. 0. 1. 0. 1. 0. 0. 0. 0. 0. 0.
  0. 0. 0. 0. 0. 0. 0. 0. 0. 0. 0. 0. 0. 0. 0. 0. 0. 0. 0. 0. 0. 0. 0. 0.
  0. 0. 0. 0. 0. 0. 0. 0. 0. 0. 0. 0. 0. 0. 0. 0. 0. 0. 0. 0. 0. 0. 0. 0.
  0. 0. 0. 0. 0. 0. 0. 0. 0. 0. 0. 0. 0. 0. 0. 0. 0. 0. 0. 0. 0. 0. 0. 0.
  0. 0. 0. 0.]
 [0. 0. 1. 0. 0. 1. 0. 0. 0. 0. 0. 1. 0. 1. 1. 0. 1. 0. 0. 0. 0. 0. 0. 0.
  0. 0. 0. 0. 0. 0. 0. 0. 0. 0. 0. 0. 0. 0. 0. 0. 0. 0. 0. 0. 0. 0. 0. 0.
  0. 0. 0. 0. 0. 0. 0. 0. 0. 0. 0. 0. 0. 0. 0. 0. 0. 0. 0. 0. 0. 0. 0. 0.
  0. 0. 0. 0. 0. 0. 0. 0. 0. 0. 0. 0. 0. 0. 0. 0. 0. 0. 0. 0. 0. 0. 0. 0.
  0. 0. 0. 0.]
 [0. 0. 1. 0. 0. 0. 0. 0. 0. 0. 0. 0. 0. 0. 0. 1. 0. 0. 0. 0. 0. 0. 0. 0.
  0. 0. 0. 0. 0. 0. 0. 0. 0. 0. 0. 0. 0. 0. 0. 0. 0. 0. 0. 0. 0. 0. 0. 0.
  0. 0. 0. 0. 0. 0. 0. 0. 0. 0. 0. 0. 0. 0. 0. 0. 0. 0. 0. 0. 0. 0. 0. 0.
  0. 0. 0. 0. 0. 0. 0. 0. 0. 0. 0. 0. 0. 0. 0. 0. 0. 0. 0. 0. 0. 0. 0. 0.
  0. 0. 0. 0.]
 [0. 0. 0. 0. 0. 1. 1. 0. 0. 0. 0. 0. 0. 1. 1. 1. 0. 1. 0. 0. 0. 0. 0. 0.
  0. 0. 0. 0. 0. 0. 0. 0. 0. 0. 0. 0. 0. 0. 0. 0. 0. 0. 0. 0. 0. 0. 0. 0.
  0. 0. 0. 0. 0. 0. 0. 0. 0. 0. 0. 0. 0. 0. 0. 0. 0. 0. 0. 0. 0. 0. 0. 0.
  0. 0. 0. 0. 0. 0. 0. 0. 0. 0. 0. 0. 0. 0. 0. 0. 0. 0. 0. 0. 0. 0. 0. 0.
  0. 0. 0. 0.]
 [0. 0. 1. 0. 0. 0. 1. 1. 0. 1. 1. 0. 0. 0. 1. 0. 0. 0. 0. 1. 0. 0. 0. 0.
  0. 0. 0. 0. 0. 0. 0. 0. 0. 0. 0. 0. 0. 0. 0. 0. 0. 0. 0. 0. 0. 0. 0. 0.
  0. 0. 0. 0. 0. 0. 0. 0. 0. 0. 0. 0. 0. 0. 0. 0. 0. 0. 0. 0. 0. 0. 0. 0.
  0. 0. 0. 0. 0. 0. 0. 0. 0. 0. 0. 0. 0. 0. 0. 0. 0. 0. 0. 0. 0. 0. 0. 0.
  0. 0. 0. 0.]
 [1. 0. 0. 0. 0. 0. 0. 0. 0. 0. 0. 0. 1. 0. 0. 1. 0. 0. 0. 0. 0. 0. 0. 0.
  0. 0. 0. 0. 0. 0. 0. 0. 0. 0. 0. 0. 0. 0. 0. 0. 0. 0. 0. 0. 0. 0. 0. 0.
  0. 0. 0. 0. 0. 0. 0. 0. 0. 0. 0. 0. 0. 0. 0. 0. 0. 0. 0. 0. 0. 0. 0. 0.
  0. 0. 0. 0. 0. 0. 0. 0. 0. 0. 0. 0. 0. 0. 0. 0. 0. 0. 0. 0. 0. 0. 0. 0.
  0. 0. 0. 0.]]
start_times_array: [[6.91880000e+04 6.92710000e+04 6.93900000e+04 6.95150000e+04
  6.95990000e+04 6.96340000e+04 6.97020000e+04 6.97600000e+04
  6.98260000e+04 6.98700000e+04 6.98720000e+04 6.99350000e+04
  6.99600000e+04 7.00300000e+04 7.00310000e+04 7.01150000e+04
  7.01710000e+04 7.02060000e+04 7.02520000e+04 7.03330000e+04]
 [6.83980000e+04 6.85740000e+04 6.87720000e+04 6.88930000e+04
  6.89790000e+04 6.90700000e+04 6.91300000e+04 6.91910000e+04
  6.91970000e+04 6.92920000e+04 6.93100000e+04 6.93170000e+04
  6.93900000e+04 6.93930000e+04 6.94850000e+04 6.95150000e+04
  6.96080000e+04 6.96380000e+04 6.97490000e+04 6.99660000e+04]
 [6.82400000e+04 6.83980000e+04 6.84030000e+04 6.84050000e+04
  6.84770000e+04 6.85030000e+04 6.85580000e+04 6.85820000e+04
  6.86430000e+04 6.86710000e+04 6.87690000e+04 6.87720000e+04
  6.87730000e+04 6.88010000e+04 6.88930000e+04 6.89320000e+04
  6.89580000e+04 6.90490000e+04 6.90900000e+04 6.90960000e+04]
 [6.70390000e+04 6.71190000e+04 6.71960000e+04 6.73490000e+04
  6.73940000e+04 6.74760000e+04 6.74960000e+04 6.75820000e+04
  6.76700000e+04 6.76880000e+04 6.77710000e+04 6.77930000e+04
  6.78660000e+04 6.79580000e+04 6.80420000e+04 6.81100000e+04
  6.81650000e+04 6.82300000e+04 6.82740000e+04 6.83380000e+04]
 [6.61980000e+04 6.62600000e+04 6.63350000e+04 6.63640000e+04
  6.64450000e+04 6.65340000e+04 6.65680000e+04 6.66020000e+04
  6.66260000e+04 6.67240000e+04 6.68190000e+04 6.68790000e+04
  6.69020000e+04 6.69560000e+04 6.70280000e+04 6.70310000e+04
  6.71130000e+04 6.71540000e+04 6.72030000e+04 6.73000000e+04]
 [6.47290000e+04 6.49460000e+04 6.50410000e+04 6.50920000e+04
  6.51880000e+04 6.52120000e+04 6.52270000e+04 6.53170000e+04
  6.53900000e+04 6.54890000e+04 6.55570000e+04 6.56530000e+04
  6.57200000e+04 6.58160000e+04 6.58720000e+04 6.58950000e+04
  6.59330000e+04 6.60300000e+04 6.60740000e+04 6.61150000e+04]
 [6.42010000e+04 6.42290000e+04 6.43270000e+04 6.46480000e+04
  6.47070000e+04 6.47380000e+04 6.48010000e+04 6.48030000e+04
  6.48160000e+04 6.48480000e+04 6.48870000e+04 6.49400000e+04
  6.49640000e+04 6.50490000e+04 6.50740000e+04 6.51270000e+04
  6.52170000e+04 6.53410000e+04 6.54930000e+04 6.56070000e+04]
 [6.38740000e+04 6.38840000e+04 6.39520000e+04 6.40380000e+04
  6.40640000e+04 6.41280000e+04 6.41580000e+04 6.42360000e+04
  6.43070000e+04 6.44020000e+04 6.44190000e+04 6.45110000e+04
  6.45410000e+04 6.45820000e+04 6.46360000e+04 6.46480000e+04
  6.46520000e+04 6.46690000e+04 6.48090000e+04 6.48630000e+04]
 [6.25000000e+04 6.28970000e+04 6.29360000e+04 6.29820000e+04
  6.30210000e+04 6.30530000e+04 6.30930000e+04 6.31450000e+04
  6.31810000e+04 6.32640000e+04 6.32870000e+04 6.33050000e+04
  6.33970000e+04 6.34920000e+04 6.35590000e+04 6.35900000e+04
  6.36150000e+04 6.36840000e+04 6.37300000e+04 6.37810000e+04]
 [6.21460000e+04 6.22220000e+04 6.23030000e+04 6.23400000e+04
  6.23920000e+04 6.24580000e+04 6.24600000e+04 6.25560000e+04
  6.26510000e+04 6.26950000e+04 6.27860000e+04 6.28690000e+04
  6.29360000e+04 6.29580000e+04 6.30020000e+04 6.30030000e+04
  6.30240000e+04 6.30690000e+04 6.31060000e+04 6.31770000e+04]
 [6.16030000e+04 6.16550000e+04 6.16740000e+04 6.16820000e+04
  6.17670000e+04 6.18310000e+04 6.18630000e+04 6.18850000e+04
  6.19220000e+04 6.19760000e+04 6.20720000e+04 6.21640000e+04
  6.22220000e+04 6.22380000e+04 6.23240000e+04 6.23810000e+04
  6.23840000e+04 6.24520000e+04 6.25460000e+04 6.29120000e+04]
 [6.05270000e+04 6.05620000e+04 6.05860000e+04 6.06750000e+04
  6.07080000e+04 6.07220000e+04 6.08740000e+04 6.09580000e+04
  6.10360000e+04 6.10410000e+04 6.11170000e+04 6.11780000e+04
  6.12730000e+04 6.12940000e+04 6.13030000e+04 6.13980000e+04
  6.14540000e+04 6.14810000e+04 6.15560000e+04 6.15980000e+04]
 [6.04470000e+04 6.05040000e+04 6.05340000e+04 6.05860000e+04
  6.06760000e+04 6.07340000e+04 6.07440000e+04 6.07870000e+04
  6.07940000e+04 6.08740000e+04 6.08900000e+04 6.09000000e+04
  6.09920000e+04 6.10480000e+04 6.10690000e+04 6.11450000e+04
  6.11600000e+04 6.14020000e+04 6.21580000e+04 6.28440000e+04]
 [5.94100000e+04 5.94620000e+04 5.97960000e+04 5.98250000e+04
  5.99370000e+04 5.99470000e+04 6.00130000e+04 6.00340000e+04
  6.00860000e+04 6.00880000e+04 6.01500000e+04 6.01900000e+04
  6.02790000e+04 6.03250000e+04 6.03600000e+04 6.03700000e+04
  6.03940000e+04 6.04470000e+04 6.05450000e+04 6.05640000e+04]
 [5.90130000e+04 5.93920000e+04 5.94870000e+04 5.94880000e+04
  5.95780000e+04 5.96530000e+04 5.97120000e+04 5.97480000e+04
  5.98050000e+04 5.98780000e+04 5.99170000e+04 5.99990000e+04
  6.00060000e+04 6.00330000e+04 6.00340000e+04 6.00730000e+04
  6.00940000e+04 6.01640000e+04 6.01780000e+04 6.03620000e+04]
 [5.86070000e+04 5.86620000e+04 5.86750000e+04 5.87510000e+04
  5.87840000e+04 5.88490000e+04 5.88730000e+04 5.89230000e+04
  5.89620000e+04 5.90030000e+04 5.90730000e+04 5.91200000e+04
  5.92090000e+04 5.92410000e+04 5.92900000e+04 5.93610000e+04
  5.93920000e+04 5.94050000e+04 5.94730000e+04 5.95380000e+04]
 [5.65950000e+04 5.74600000e+04 5.77350000e+04 5.77930000e+04
  5.78210000e+04 5.79150000e+04 5.80000000e+04 5.80200000e+04
  5.81140000e+04 5.81910000e+04 5.82110000e+04 5.82850000e+04
  5.83170000e+04 5.83850000e+04 5.84090000e+04 5.84100000e+04
  5.84850000e+04 5.85010000e+04 5.85800000e+04 5.93040000e+04]
 [5.62320000e+04 5.63100000e+04 5.66840000e+04 5.68210000e+04
  5.69610000e+04 5.70840000e+04 5.71520000e+04 5.72390000e+04
  5.72450000e+04 5.72960000e+04 5.72970000e+04 5.73450000e+04
  5.74200000e+04 5.74250000e+04 5.74720000e+04 5.75640000e+04
  5.76090000e+04 5.76610000e+04 5.76820000e+04 5.77090000e+04]
 [5.59860000e+04 5.60760000e+04 5.60800000e+04 5.61500000e+04
  5.61860000e+04 5.62320000e+04 5.63100000e+04 5.63700000e+04
  5.64370000e+04 5.64760000e+04 5.65470000e+04 5.66080000e+04
  5.66830000e+04 5.66960000e+04 5.67650000e+04 5.68410000e+04
  5.68450000e+04 5.68990000e+04 5.69960000e+04 5.70250000e+04]
 [5.51870000e+04 5.52310000e+04 5.53200000e+04 5.53560000e+04
  5.53810000e+04 5.54130000e+04 5.54900000e+04 5.55620000e+04
  5.56010000e+04 5.56820000e+04 5.57400000e+04 5.57890000e+04
  5.58450000e+04 5.58670000e+04 5.59130000e+04 5.59280000e+04
  5.59860000e+04 5.60390000e+04 5.60660000e+04 5.61220000e+04]
 [5.34070000e+04 5.48190000e+04 5.48940000e+04 5.48980000e+04
  5.50640000e+04 5.51420000e+04 5.51710000e+04 5.51870000e+04
  5.52560000e+04 5.52820000e+04 5.53500000e+04 5.54450000e+04
  5.55010000e+04 5.55320000e+04 5.55420000e+04 5.56250000e+04
  5.56990000e+04 5.57020000e+04 5.60820000e+04 5.66750000e+04]
 [5.41720000e+04 5.41910000e+04 5.42200000e+04 5.43140000e+04
  5.43380000e+04 5.44240000e+04 5.44400000e+04 5.45040000e+04
  5.45430000e+04 5.46650000e+04 5.47380000e+04 5.47530000e+04
  5.47870000e+04 5.48550000e+04 5.49370000e+04 5.49940000e+04
  5.50070000e+04 5.50690000e+04 5.51610000e+04 5.52330000e+04]
 [5.39920000e+04 5.40380000e+04 5.41220000e+04 5.41380000e+04
  5.41500000e+04 5.41720000e+04 5.42450000e+04 5.42760000e+04
  5.43660000e+04 5.44230000e+04 5.45170000e+04 5.45400000e+04
  5.45910000e+04 5.46080000e+04 5.46810000e+04 5.47040000e+04
  5.47380000e+04 5.47860000e+04 5.48690000e+04 5.49010000e+04]
 [5.30240000e+04 5.30450000e+04 5.30770000e+04 5.30870000e+04
  5.31490000e+04 5.32230000e+04 5.33050000e+04 5.33560000e+04
  5.34070000e+04 5.34580000e+04 5.35290000e+04 5.35570000e+04
  5.35840000e+04 5.36710000e+04 5.36930000e+04 5.37260000e+04
  5.37710000e+04 5.38150000e+04 5.39110000e+04 5.42690000e+04]
 [5.15210000e+04 5.16130000e+04 5.25960000e+04 5.26620000e+04
  5.27440000e+04 5.28170000e+04 5.29000000e+04 5.29640000e+04
  5.29850000e+04 5.29910000e+04 5.30440000e+04 5.30450000e+04
  5.32510000e+04 5.33310000e+04 5.33560000e+04 5.33930000e+04
  5.34640000e+04 5.34810000e+04 5.35290000e+04 5.40100000e+04]
 [5.18290000e+04 5.19190000e+04 5.19860000e+04 5.20280000e+04
  5.20990000e+04 5.21120000e+04 5.22100000e+04 5.22340000e+04
  5.23110000e+04 5.23800000e+04 5.24700000e+04 5.25500000e+04
  5.26230000e+04 5.26770000e+04 5.26900000e+04 5.27190000e+04
  5.27440000e+04 5.28060000e+04 5.29670000e+04 5.30110000e+04]
 [4.99550000e+04 5.11180000e+04 5.11850000e+04 5.12370000e+04
  5.12430000e+04 5.12730000e+04 5.12980000e+04 5.13710000e+04
  5.14570000e+04 5.15100000e+04 5.15290000e+04 5.16130000e+04
  5.16650000e+04 5.17450000e+04 5.18080000e+04 5.18290000e+04
  5.18310000e+04 5.21900000e+04 5.23210000e+04 5.23650000e+04]
 [4.92220000e+04 4.93210000e+04 4.98130000e+04 4.98880000e+04
  5.01870000e+04 5.02560000e+04 5.03060000e+04 5.07600000e+04
  5.08280000e+04 5.08590000e+04 5.09200000e+04 5.10010000e+04
  5.10950000e+04 5.11180000e+04 5.12070000e+04 5.12280000e+04
  5.13030000e+04 5.14020000e+04 5.14530000e+04 5.16960000e+04]
 [4.97700000e+04 4.98180000e+04 4.98880000e+04 4.99500000e+04
  5.01130000e+04 5.01870000e+04 5.02850000e+04 5.03110000e+04
  5.04070000e+04 5.04170000e+04 5.04850000e+04 5.05210000e+04
  5.05270000e+04 5.05510000e+04 5.05550000e+04 5.05670000e+04
  5.05960000e+04 5.06420000e+04 5.07210000e+04 5.07490000e+04]
 [4.79720000e+04 4.80260000e+04 4.93960000e+04 4.94570000e+04
  4.95130000e+04 4.95700000e+04 4.96290000e+04 4.97240000e+04
  4.97700000e+04 4.98130000e+04 4.98140000e+04 4.98630000e+04
  4.99050000e+04 4.99070000e+04 4.99390000e+04 4.99940000e+04
  4.99960000e+04 5.00530000e+04 5.01130000e+04 5.01890000e+04]
 [4.85180000e+04 4.86920000e+04 4.87350000e+04 4.88140000e+04
  4.88640000e+04 4.89150000e+04 4.89380000e+04 4.89500000e+04
  4.89880000e+04 4.90680000e+04 4.91330000e+04 4.91750000e+04
  4.92660000e+04 4.93420000e+04 4.94160000e+04 4.94520000e+04
  4.94790000e+04 4.95260000e+04 4.98820000e+04 4.99690000e+04]
 [4.47200000e+04 4.76440000e+04 4.77130000e+04 4.78060000e+04
  4.78610000e+04 4.79450000e+04 4.80280000e+04 4.80820000e+04
  4.81730000e+04 4.82600000e+04 4.82970000e+04 4.83680000e+04
  4.83710000e+04 4.84040000e+04 4.84420000e+04 4.85220000e+04
  4.86130000e+04 4.86920000e+04 4.88640000e+04 4.94320000e+04]
 [4.73420000e+04 4.74180000e+04 4.74360000e+04 4.74550000e+04
  4.75120000e+04 4.75830000e+04 4.76690000e+04 4.77280000e+04
  4.77450000e+04 4.77660000e+04 4.78080000e+04 4.78100000e+04
  4.78610000e+04 4.79450000e+04 4.79670000e+04 4.79740000e+04
  4.79910000e+04 4.80430000e+04 4.81270000e+04 4.81430000e+04]
 [4.52730000e+04 4.62870000e+04 4.63350000e+04 4.64030000e+04
  4.64940000e+04 4.65700000e+04 4.66620000e+04 4.67010000e+04
  4.67130000e+04 4.67280000e+04 4.67700000e+04 4.67750000e+04
  4.67800000e+04 4.68650000e+04 4.69430000e+04 4.70180000e+04
  4.70990000e+04 4.71500000e+04 4.71850000e+04 4.72550000e+04]
 [4.52710000e+04 4.52730000e+04 4.53100000e+04 4.53680000e+04
  4.53820000e+04 4.54260000e+04 4.55870000e+04 4.57660000e+04
  4.57900000e+04 4.58030000e+04 4.58830000e+04 4.59330000e+04
  4.60220000e+04 4.60340000e+04 4.60790000e+04 4.61150000e+04
  4.61450000e+04 4.61730000e+04 4.62290000e+04 4.70240000e+04]
 [4.38300000e+04 4.39220000e+04 4.45860000e+04 4.45880000e+04
  4.46380000e+04 4.50200000e+04 4.50950000e+04 4.51710000e+04
  4.51740000e+04 4.52630000e+04 4.52710000e+04 4.53680000e+04
  4.53910000e+04 4.54170000e+04 4.54660000e+04 4.55320000e+04
  4.55690000e+04 4.56240000e+04 4.56960000e+04 4.60950000e+04]
 [4.32620000e+04 4.33340000e+04 4.44980000e+04 4.45510000e+04
  4.46340000e+04 4.46380000e+04 4.47060000e+04 4.47460000e+04
  4.48260000e+04 4.48430000e+04 4.49330000e+04 4.49900000e+04
  4.50710000e+04 4.50950000e+04 4.51210000e+04 4.51560000e+04
  4.51690000e+04 4.52240000e+04 4.52830000e+04 4.53290000e+04]
 [4.31380000e+04 4.34760000e+04 4.35560000e+04 4.36060000e+04
  4.36980000e+04 4.37860000e+04 4.37970000e+04 4.38800000e+04
  4.39670000e+04 4.40090000e+04 4.40660000e+04 4.41530000e+04
  4.42360000e+04 4.42790000e+04 4.43770000e+04 4.44240000e+04
  4.46470000e+04 4.47270000e+04 4.47300000e+04 4.50380000e+04]
 [4.27920000e+04 4.28050000e+04 4.29610000e+04 4.30450000e+04
  4.30640000e+04 4.31330000e+04 4.31560000e+04 4.31880000e+04
  4.32180000e+04 4.32440000e+04 4.33080000e+04 4.33630000e+04
  4.33900000e+04 4.34420000e+04 4.34590000e+04 4.35560000e+04
  4.35770000e+04 4.37850000e+04 4.39160000e+04 4.41720000e+04]
 [4.17210000e+04 4.19920000e+04 4.21220000e+04 4.21840000e+04
  4.22530000e+04 4.23070000e+04 4.23450000e+04 4.23840000e+04
  4.24330000e+04 4.24620000e+04 4.25600000e+04 4.26460000e+04
  4.26660000e+04 4.26890000e+04 4.27110000e+04 4.28110000e+04
  4.28490000e+04 4.29470000e+04 4.30430000e+04 4.31890000e+04]
 [4.08890000e+04 4.09590000e+04 4.10220000e+04 4.12100000e+04
  4.17000000e+04 4.17210000e+04 4.18180000e+04 4.18250000e+04
  4.18930000e+04 4.18980000e+04 4.19110000e+04 4.19370000e+04
  4.20160000e+04 4.21100000e+04 4.21350000e+04 4.21850000e+04
  4.22160000e+04 4.22530000e+04 4.23360000e+04 4.26890000e+04]
 [4.07610000e+04 4.08540000e+04 4.09290000e+04 4.09620000e+04
  4.10080000e+04 4.10220000e+04 4.10390000e+04 4.11090000e+04
  4.11720000e+04 4.12100000e+04 4.12730000e+04 4.13180000e+04
  4.14170000e+04 4.14580000e+04 4.14700000e+04 4.15340000e+04
  4.15680000e+04 4.15800000e+04 4.16340000e+04 4.18520000e+04]
 [3.94910000e+04 3.95510000e+04 3.96500000e+04 3.97450000e+04
  3.97860000e+04 3.98570000e+04 3.99450000e+04 4.00360000e+04
  4.01280000e+04 4.02270000e+04 4.02790000e+04 4.03480000e+04
  4.04270000e+04 4.04570000e+04 4.04600000e+04 4.05150000e+04
  4.05740000e+04 4.06620000e+04 4.06900000e+04 4.09510000e+04]
 [3.88570000e+04 3.89100000e+04 3.90220000e+04 3.90750000e+04
  3.91040000e+04 3.91680000e+04 3.91870000e+04 3.92020000e+04
  3.92810000e+04 3.93800000e+04 3.94190000e+04 3.94910000e+04
  3.95730000e+04 3.96500000e+04 3.96750000e+04 4.05890000e+04
  4.06810000e+04 4.07790000e+04 4.08580000e+04 4.08890000e+04]
 [3.78930000e+04 3.79490000e+04 3.79970000e+04 3.81500000e+04
  3.82000000e+04 3.83900000e+04 3.84850000e+04 3.86810000e+04
  3.87170000e+04 3.87270000e+04 3.87560000e+04 3.88000000e+04
  3.88810000e+04 3.89350000e+04 3.89550000e+04 3.90220000e+04
  3.90470000e+04 3.90960000e+04 3.91740000e+04 3.92490000e+04]
 [3.76820000e+04 3.77650000e+04 3.78380000e+04 3.78600000e+04
  3.78640000e+04 3.78940000e+04 3.79210000e+04 3.80830000e+04
  3.81520000e+04 3.82000000e+04 3.82820000e+04 3.83710000e+04
  3.83790000e+04 3.84590000e+04 3.84850000e+04 3.85830000e+04
  3.86800000e+04 3.86900000e+04 3.89560000e+04 3.91570000e+04]
 [3.65170000e+04 3.70270000e+04 3.74000000e+04 3.74700000e+04
  3.75450000e+04 3.75610000e+04 3.76300000e+04 3.76820000e+04
  3.77030000e+04 3.77260000e+04 3.77540000e+04 3.78100000e+04
  3.78150000e+04 3.78930000e+04 3.79650000e+04 3.80210000e+04
  3.80440000e+04 3.80740000e+04 3.81250000e+04 3.85300000e+04]
 [3.63960000e+04 3.64920000e+04 3.65170000e+04 3.65730000e+04
  3.66400000e+04 3.67170000e+04 3.67780000e+04 3.68330000e+04
  3.69200000e+04 3.69400000e+04 3.70000000e+04 3.70400000e+04
  3.70630000e+04 3.70800000e+04 3.71040000e+04 3.71410000e+04
  3.71930000e+04 3.72390000e+04 3.73350000e+04 3.73540000e+04]
 [3.61310000e+04 3.61800000e+04 3.61890000e+04 3.62020000e+04
  3.62760000e+04 3.62800000e+04 3.62850000e+04 3.63260000e+04
  3.63290000e+04 3.63900000e+04 3.64180000e+04 3.64660000e+04
  3.65290000e+04 3.65660000e+04 3.67880000e+04 3.67940000e+04
  3.68850000e+04 3.69410000e+04 3.70360000e+04 3.71340000e+04]
 [3.49030000e+04 3.49530000e+04 3.53860000e+04 3.53960000e+04
  3.54860000e+04 3.55790000e+04 3.55880000e+04 3.56800000e+04
  3.57350000e+04 3.57980000e+04 3.58490000e+04 3.58820000e+04
  3.59420000e+04 3.60330000e+04 3.60840000e+04 3.61800000e+04
  3.61980000e+04 3.62730000e+04 3.63460000e+04 3.64890000e+04]
 [3.46750000e+04 3.47030000e+04 3.47440000e+04 3.48360000e+04
  3.48930000e+04 3.49030000e+04 3.49080000e+04 3.49930000e+04
  3.50340000e+04 3.51320000e+04 3.51440000e+04 3.52060000e+04
  3.52450000e+04 3.52980000e+04 3.53490000e+04 3.54300000e+04
  3.54860000e+04 3.55250000e+04 3.56800000e+04 3.58620000e+04]
 [3.38780000e+04 3.39760000e+04 3.40330000e+04 3.40800000e+04
  3.41170000e+04 3.41270000e+04 3.41400000e+04 3.41410000e+04
  3.42390000e+04 3.42740000e+04 3.42910000e+04 3.43500000e+04
  3.44360000e+04 3.44520000e+04 3.45180000e+04 3.45190000e+04
  3.45380000e+04 3.45480000e+04 3.45490000e+04 3.46080000e+04]
 [3.26060000e+04 3.26450000e+04 3.28790000e+04 3.29660000e+04
  3.30530000e+04 3.34790000e+04 3.35230000e+04 3.35310000e+04
  3.35730000e+04 3.35940000e+04 3.36330000e+04 3.37080000e+04
  3.37870000e+04 3.38600000e+04 3.38810000e+04 3.38890000e+04
  3.40800000e+04 3.41460000e+04 3.42880000e+04 3.43460000e+04]
 [3.24760000e+04 3.25210000e+04 3.25500000e+04 3.26450000e+04
  3.27000000e+04 3.27620000e+04 3.28590000e+04 3.29360000e+04
  3.29380000e+04 3.29810000e+04 3.30490000e+04 3.31430000e+04
  3.31630000e+04 3.32240000e+04 3.33020000e+04 3.33670000e+04
  3.34370000e+04 3.37380000e+04 3.38070000e+04 3.39890000e+04]
 [3.14880000e+04 3.15670000e+04 3.16220000e+04 3.16870000e+04
  3.17480000e+04 3.18330000e+04 3.18690000e+04 3.19000000e+04
  3.19800000e+04 3.19810000e+04 3.20430000e+04 3.21160000e+04
  3.21470000e+04 3.22090000e+04 3.22220000e+04 3.22490000e+04
  3.22770000e+04 3.23290000e+04 3.24000000e+04 3.25330000e+04]
 [2.99550000e+04 3.05870000e+04 3.06620000e+04 3.08350000e+04
  3.09040000e+04 3.09430000e+04 3.09930000e+04 3.10230000e+04
  3.10690000e+04 3.10750000e+04 3.10910000e+04 3.11780000e+04
  3.12090000e+04 3.12870000e+04 3.13200000e+04 3.14010000e+04
  3.14020000e+04 3.15360000e+04 3.17440000e+04 3.19110000e+04]
 [2.95070000e+04 3.00550000e+04 3.01060000e+04 3.01720000e+04
  3.02000000e+04 3.02560000e+04 3.02980000e+04 3.03910000e+04
  3.03960000e+04 3.04950000e+04 3.05110000e+04 3.05870000e+04
  3.06190000e+04 3.06480000e+04 3.06810000e+04 3.07040000e+04
  3.07690000e+04 3.08210000e+04 3.09200000e+04 3.10110000e+04]
 [2.90440000e+04 2.91010000e+04 2.91920000e+04 2.92000000e+04
  2.92970000e+04 2.93580000e+04 2.94120000e+04 2.94590000e+04
  2.95520000e+04 2.98930000e+04 2.99550000e+04 2.99610000e+04
  3.00240000e+04 3.00520000e+04 3.00560000e+04 3.01400000e+04
  3.02130000e+04 3.02830000e+04 3.03050000e+04 3.05720000e+04]
 [2.81670000e+04 2.82640000e+04 2.89180000e+04 2.89580000e+04
  2.90540000e+04 2.91630000e+04 2.92080000e+04 2.92390000e+04
  2.92950000e+04 2.93900000e+04 2.94200000e+04 2.95070000e+04
  2.95300000e+04 2.96010000e+04 2.96620000e+04 2.97540000e+04
  2.97550000e+04 2.97600000e+04 2.98520000e+04 2.98780000e+04]
 [2.76480000e+04 2.76720000e+04 2.77590000e+04 2.78210000e+04
  2.83030000e+04 2.83140000e+04 2.84910000e+04 2.85360000e+04
  2.86090000e+04 2.86110000e+04 2.86680000e+04 2.87330000e+04
  2.87840000e+04 2.88590000e+04 2.89180000e+04 2.90150000e+04
  2.91030000e+04 2.91550000e+04 2.91680000e+04 3.05010000e+04]
 [2.70570000e+04 2.72560000e+04 2.74690000e+04 2.75910000e+04
  2.76880000e+04 2.76960000e+04 2.77920000e+04 2.78740000e+04
  2.79080000e+04 2.79840000e+04 2.80290000e+04 2.81280000e+04
  2.81670000e+04 2.81930000e+04 2.82690000e+04 2.83140000e+04
  2.83910000e+04 2.84880000e+04 2.87670000e+04 2.88930000e+04]
 [2.68530000e+04 2.68650000e+04 2.69250000e+04 2.69780000e+04
  2.70290000e+04 2.70460000e+04 2.70870000e+04 2.71120000e+04
  2.72020000e+04 2.72230000e+04 2.72880000e+04 2.73220000e+04
  2.73730000e+04 2.74330000e+04 2.74840000e+04 2.75510000e+04
  2.76480000e+04 2.77340000e+04 2.77580000e+04 2.87380000e+04]
 [2.44730000e+04 2.63360000e+04 2.63720000e+04 2.64630000e+04
  2.65310000e+04 2.65950000e+04 2.65970000e+04 2.66030000e+04
  2.66680000e+04 2.67120000e+04 2.67620000e+04 2.67830000e+04
  2.68470000e+04 2.68530000e+04 2.69520000e+04 2.69960000e+04
  2.70090000e+04 2.71840000e+04 2.71960000e+04 2.74300000e+04]
 [2.52480000e+04 2.55780000e+04 2.56370000e+04 2.57630000e+04
  2.58500000e+04 2.59040000e+04 2.59970000e+04 2.60380000e+04
  2.60480000e+04 2.61110000e+04 2.61810000e+04 2.62650000e+04
  2.62880000e+04 2.62970000e+04 2.63360000e+04 2.63450000e+04
  2.63770000e+04 2.64450000e+04 2.65100000e+04 2.65190000e+04]
 [2.39030000e+04 2.48490000e+04 2.52240000e+04 2.52390000e+04
  2.52760000e+04 2.53420000e+04 2.54050000e+04 2.54150000e+04
  2.54980000e+04 2.55780000e+04 2.56230000e+04 2.56390000e+04
  2.57210000e+04 2.57330000e+04 2.58180000e+04 2.58480000e+04
  2.58500000e+04 2.58570000e+04 2.58700000e+04 2.62300000e+04]
 [2.11080000e+04 2.46030000e+04 2.46320000e+04 2.46820000e+04
  2.46870000e+04 2.46930000e+04 2.46990000e+04 2.47870000e+04
  2.48370000e+04 2.48870000e+04 2.49520000e+04 2.50200000e+04
  2.50910000e+04 2.51360000e+04 2.51870000e+04 2.52390000e+04
  2.52920000e+04 2.53290000e+04 2.53300000e+04 2.53420000e+04]
 [2.35140000e+04 2.36140000e+04 2.36690000e+04 2.37340000e+04
  2.38310000e+04 2.39250000e+04 2.39980000e+04 2.40450000e+04
  2.40530000e+04 2.41270000e+04 2.41700000e+04 2.42680000e+04
  2.42810000e+04 2.42890000e+04 2.43210000e+04 2.43740000e+04
  2.44440000e+04 2.45140000e+04 2.45510000e+04 2.48280000e+04]
 [2.26550000e+04 2.26960000e+04 2.27270000e+04 2.27800000e+04
  2.28140000e+04 2.29020000e+04 2.29980000e+04 2.30670000e+04
  2.31590000e+04 2.31940000e+04 2.31970000e+04 2.32500000e+04
  2.33420000e+04 2.33960000e+04 2.34170000e+04 2.35070000e+04
  2.35750000e+04 2.35980000e+04 2.36580000e+04 2.36970000e+04]
 [2.18480000e+04 2.19980000e+04 2.20470000e+04 2.20610000e+04
  2.20950000e+04 2.21840000e+04 2.22200000e+04 2.23010000e+04
  2.23300000e+04 2.24290000e+04 2.25250000e+04 2.25300000e+04
  2.25580000e+04 2.26550000e+04 2.26660000e+04 2.27450000e+04
  2.29160000e+04 2.29810000e+04 2.34010000e+04 2.36030000e+04]
 [2.09690003e+04 2.13840000e+04 2.14180000e+04 2.14740000e+04
  2.15510000e+04 2.15820000e+04 2.16790000e+04 2.17590000e+04
  2.18470000e+04 2.18800000e+04 2.19530000e+04 2.20240000e+04
  2.20610000e+04 2.21390000e+04 2.22200000e+04 2.23050000e+04
  2.23550000e+04 2.24010000e+04 2.24910000e+04 2.29560000e+04]
 [2.03060000e+04 2.06820000e+04 2.07870000e+04 2.07980000e+04
  2.08510000e+04 2.09080000e+04 2.09110000e+04 2.09630000e+04
  2.09670000e+04 2.10660000e+04 2.10900000e+04 2.11000000e+04
  2.11410000e+04 2.11500000e+04 2.11770000e+04 2.11960000e+04
  2.12860000e+04 2.13410000e+04 2.16270000e+04 2.16580000e+04]
 [1.90800000e+04 1.92180000e+04 1.97120000e+04 1.97690000e+04
  1.98320000e+04 1.99140000e+04 1.99780000e+04 2.00330000e+04
  2.00630000e+04 2.00890000e+04 2.00950000e+04 2.01650000e+04
  2.02130000e+04 2.03040000e+04 2.04010000e+04 2.04780000e+04
  2.05720000e+04 2.06600000e+04 2.07350000e+04 2.10010000e+04]
 [1.89820000e+04 1.90921187e+04 1.91450000e+04 1.91930000e+04
  1.92900000e+04 1.93630000e+04 1.94360000e+04 1.95030000e+04
  1.95220000e+04 1.95940000e+04 1.96760000e+04 1.97550000e+04
  1.98000000e+04 1.98280000e+04 1.98920000e+04 1.99140000e+04
  1.99840000e+04 2.00630000e+04 2.04010000e+04 2.04300000e+04]
 [1.56441187e+04 1.75961187e+04 1.76501187e+04 1.84651187e+04
  1.84751187e+04 1.85481187e+04 1.85920000e+04 1.88000000e+04
  1.88500000e+04 1.88830000e+04 1.89640000e+04 1.90210000e+04
  1.91200000e+04 1.91320000e+04 1.91810000e+04 1.92180000e+04
  1.92900000e+04 1.93800000e+04 1.94400000e+04 1.97501187e+04]
 [1.80310000e+04 1.80660000e+04 1.81000000e+04 1.81970000e+04
  1.82200000e+04 1.82890000e+04 1.83450000e+04 1.83830000e+04
  1.83980000e+04 1.84650000e+04 1.85400000e+04 1.85920000e+04
  1.86830000e+04 1.87380000e+04 1.87940000e+04 1.88670000e+04
  1.89470000e+04 1.90350000e+04 1.90600000e+04 1.90800000e+04]
 [1.67011187e+04 1.70831187e+04 1.71710000e+04 1.73661187e+04
  1.74051187e+04 1.74961187e+04 1.75801187e+04 1.75941187e+04
  1.76190000e+04 1.76510000e+04 1.76800000e+04 1.77030000e+04
  1.77150000e+04 1.77480000e+04 1.78070000e+04 1.78470000e+04
  1.78680000e+04 1.78760000e+04 1.79580000e+04 1.88581187e+04]
 [1.67250000e+04 1.67780000e+04 1.67990000e+04 1.68040000e+04
  1.68450000e+04 1.69380000e+04 1.69660000e+04 1.70030000e+04
  1.70790000e+04 1.71220000e+04 1.71540000e+04 1.71710000e+04
  1.71820000e+04 1.72540000e+04 1.72860000e+04 1.73330000e+04
  1.74010000e+04 1.74910000e+04 1.75560000e+04 1.77751187e+04]
 [1.54090000e+04 1.60050000e+04 1.60860000e+04 1.61620000e+04
  1.62060000e+04 1.62360000e+04 1.63200000e+04 1.63740000e+04
  1.64000000e+04 1.64190000e+04 1.65120000e+04 1.65950000e+04
  1.66020000e+04 1.66460000e+04 1.66540000e+04 1.66590000e+04
  1.67250000e+04 1.67830000e+04 1.68810000e+04 1.69620000e+04]
 [1.50241187e+04 1.50690000e+04 1.51250000e+04 1.52100000e+04
  1.52250000e+04 1.52630000e+04 1.53270000e+04 1.53510000e+04
  1.54240000e+04 1.54430000e+04 1.57251187e+04 1.57841187e+04
  1.58080000e+04 1.58220000e+04 1.58440000e+04 1.58820000e+04
  1.59470000e+04 1.61740000e+04 1.62681187e+04 1.69031187e+04]
 [1.00021187e+04 1.43301187e+04 1.43421187e+04 1.48940000e+04
  1.49350000e+04 1.49860000e+04 1.50320000e+04 1.50390000e+04
  1.50690000e+04 1.50950000e+04 1.51840000e+04 1.52460000e+04
  1.53270000e+04 1.54090000e+04 1.54940000e+04 1.55640000e+04
  1.55980000e+04 1.56130000e+04 1.57110000e+04 1.59770000e+04]
 [1.39980000e+04 1.40090000e+04 1.40190000e+04 1.40920000e+04
  1.41420000e+04 1.41450000e+04 1.41610000e+04 1.41850000e+04
  1.42730000e+04 1.43670000e+04 1.43780000e+04 1.44360000e+04
  1.44400000e+04 1.45060000e+04 1.45640000e+04 1.46060000e+04
  1.46750000e+04 1.47730000e+04 1.48230000e+04 1.48480000e+04]
 [1.29090000e+04 1.29960000e+04 1.30930000e+04 1.31770000e+04
  1.32260000e+04 1.33080000e+04 1.33110000e+04 1.33870000e+04
  1.34640000e+04 1.34990000e+04 1.35400000e+04 1.35960000e+04
  1.36270000e+04 1.36770000e+04 1.37330000e+04 1.38080000e+04
  1.38500000e+04 1.38870000e+04 1.39810000e+04 1.39840000e+04]
 [1.21441187e+04 1.22440000e+04 1.23210000e+04 1.23850000e+04
  1.24270000e+04 1.24340000e+04 1.25180000e+04 1.25340000e+04
  1.25540000e+04 1.26100000e+04 1.26170000e+04 1.26640000e+04
  1.26660000e+04 1.27150000e+04 1.27680000e+04 1.28330000e+04
  1.29090000e+04 1.29910000e+04 1.30030000e+04 1.30440000e+04]
 [1.04201187e+04 1.12671187e+04 1.13661187e+04 1.14390000e+04
  1.14670000e+04 1.15260000e+04 1.15900000e+04 1.16410000e+04
  1.17180000e+04 1.17440000e+04 1.17870000e+04 1.18590000e+04
  1.19220000e+04 1.19900000e+04 1.19940000e+04 1.20800000e+04
  1.21670000e+04 1.22440000e+04 1.24591187e+04 1.26141187e+04]
 [9.89111866e+03 9.94800000e+03 1.05160000e+04 1.06120000e+04
  1.06190000e+04 1.07010000e+04 1.07620000e+04 1.08510000e+04
  1.09270000e+04 1.09620000e+04 1.10590000e+04 1.11540000e+04
  1.11590000e+04 1.11630000e+04 1.11740000e+04 1.12570000e+04
  1.13220000e+04 1.14080000e+04 1.14220000e+04 1.18131187e+04]
 [9.48900000e+03 9.54000000e+03 9.61200000e+03 9.68600000e+03
  9.72100000e+03 9.81300000e+03 9.86600000e+03 9.88500000e+03
  9.97500000e+03 1.00100000e+04 1.00570000e+04 1.01060000e+04
  1.01400000e+04 1.02080000e+04 1.02540000e+04 1.03340000e+04
  1.03640000e+04 1.04350000e+04 1.04660000e+04 1.05160000e+04]
 [7.86100000e+03 8.97500000e+03 9.04600000e+03 9.09100000e+03
  9.16600000e+03 9.26911866e+03 9.35611866e+03 9.41111866e+03
  9.44400000e+03 9.46200000e+03 9.48300000e+03 9.48400000e+03
  9.84411866e+03 9.86111866e+03 9.94411866e+03 1.00021187e+04
  1.00701187e+04 1.01361187e+04 1.02251187e+04 1.03871187e+04]
 [7.77600000e+03 8.73000000e+03 8.74300000e+03 8.78900000e+03
  8.88500000e+03 8.97500000e+03 9.00600000e+03 9.08100000e+03
  9.16900000e+03 9.18700000e+03 9.26700000e+03 9.31500000e+03
  9.38900000e+03 9.44400000e+03 9.51200000e+03 9.60000000e+03
  9.68500000e+03 9.74000000e+03 9.74600000e+03 9.86600000e+03]
 [7.69600000e+03 7.78500000e+03 7.93000000e+03 7.95900000e+03
  7.99700000e+03 8.09000000e+03 8.21700000e+03 8.22100000e+03
  8.30700000e+03 8.35500000e+03 8.41400000e+03 8.48900000e+03
  8.52700000e+03 8.56400000e+03 8.61000000e+03 8.65000000e+03
  8.67300000e+03 8.69200000e+03 8.69500000e+03 8.89211866e+03]
 [7.19400000e+03 7.25800000e+03 7.31800000e+03 7.40400000e+03
  7.41800000e+03 7.47900000e+03 7.56600000e+03 7.61300000e+03
  7.69600000e+03 7.76200000e+03 7.84000000e+03 7.93000000e+03
  8.01000000e+03 8.09000000e+03 8.14800000e+03 8.15600000e+03
  8.17000000e+03 8.21300000e+03 8.59711866e+03 8.68011866e+03]
 [6.63100000e+03 6.64800000e+03 6.70900000e+03 6.73200000e+03
  6.78900000e+03 6.85600000e+03 6.90500000e+03 6.99300000e+03
  7.01600000e+03 7.02800000e+03 7.03100000e+03 7.06000000e+03
  7.12900000e+03 7.18100000e+03 7.19400000e+03 7.21000000e+03
  7.40400000e+03 7.41700000e+03 8.04400000e+03 8.60711866e+03]
 [6.13900000e+03 6.22400000e+03 6.31000000e+03 6.35800000e+03
  6.42900000e+03 6.51200000e+03 6.52900000e+03 6.54600000e+03
  6.56400000e+03 6.59800000e+03 6.60500000e+03 6.60700000e+03
  6.64800000e+03 6.68200000e+03 6.71900000e+03 6.72600000e+03
  6.81400000e+03 6.87300000e+03 6.92900000e+03 7.01600000e+03]
 [5.30800000e+03 5.36700000e+03 5.41600000e+03 5.49700000e+03
  5.51000000e+03 5.53900000e+03 5.55800000e+03 5.56300000e+03
  5.64000000e+03 5.71100000e+03 5.72200000e+03 5.79000000e+03
  5.88000000e+03 5.94200000e+03 6.03800000e+03 6.10800000e+03
  6.13900000e+03 6.19400000e+03 6.27400000e+03 6.32900000e+03]
 [2.98600000e+03 4.37600000e+03 4.46400000e+03 4.56100000e+03
  4.61900000e+03 4.70200000e+03 4.74900000e+03 4.83300000e+03
  4.92800000e+03 4.99000000e+03 5.06200000e+03 5.13700000e+03
  5.17700000e+03 5.22900000e+03 5.30800000e+03 5.35600000e+03
  5.40900000e+03 5.41400000e+03 5.45200000e+03 5.49600000e+03]
 [3.80700000e+03 3.81100000e+03 3.82700000e+03 3.90900000e+03
  3.95400000e+03 4.01900000e+03 4.05400000e+03 4.12400000e+03
  4.15500000e+03 4.20000000e+03 4.21200000e+03 4.27000000e+03
  4.32100000e+03 4.36400000e+03 4.37600000e+03 4.42400000e+03
  4.56100000e+03 4.63300000e+03 4.72600000e+03 5.25000000e+03]
 [3.14500000e+03 3.18700000e+03 3.23600000e+03 3.32000000e+03
  3.41000000e+03 3.42600000e+03 3.50400000e+03 3.58700000e+03
  3.66900000e+03 3.67600000e+03 3.77500000e+03 3.79700000e+03
  3.81100000e+03 3.90900000e+03 3.99000000e+03 4.06800000e+03
  4.07500000e+03 4.10600000e+03 4.12000000e+03 4.17900000e+03]
 [1.44700000e+03 2.16200000e+03 2.22900000e+03 2.29500000e+03
  2.31900000e+03 2.39400000e+03 2.47900000e+03 2.54100000e+03
  2.60000000e+03 2.66500000e+03 2.73900000e+03 2.79700000e+03
  2.81500000e+03 2.90500000e+03 2.98600000e+03 3.03900000e+03
  3.06300000e+03 3.07100000e+03 3.08800000e+03 3.73500000e+03]
 [1.28100000e+03 1.34900000e+03 1.44200000e+03 1.46100000e+03
  1.51200000e+03 1.54800000e+03 1.63300000e+03 1.69900000e+03
  1.70600000e+03 1.75700000e+03 1.84600000e+03 1.85700000e+03
  1.92700000e+03 1.92900000e+03 1.94000000e+03 1.98900000e+03
  2.03000000e+03 2.09800000e+03 2.17800000e+03 2.79500000e+03]
 [6.74000000e+02 7.66000000e+02 7.82000000e+02 7.88000000e+02
  8.10000000e+02 9.03000000e+02 9.92000000e+02 1.02100000e+03
  1.05500000e+03 1.11700000e+03 1.13600000e+03 1.19700000e+03
  1.21500000e+03 1.30600000e+03 1.32200000e+03 1.34900000e+03
  1.35300000e+03 1.42200000e+03 1.42400000e+03 1.77400000e+03]
 [0.00000000e+00 1.60000000e+01 3.50000000e+01 6.70000000e+01
  1.06000000e+02 1.25000000e+02 1.76000000e+02 1.87000000e+02
  2.18000000e+02 2.41000000e+02 3.13000000e+02 3.62000000e+02
  4.33000000e+02 4.66000000e+02 5.39000000e+02 5.42000000e+02
  5.96000000e+02 6.33000000e+02 6.57000000e+02 1.36200000e+03]]
