optimal_status: 0
solution: 5873.0
cpu_time: 3600.212520837784
gap: 0.8069711736576711
upper_bound: 1133.6582971084972
lower_bound: 5873.0
cg_matrix: [[0. 1. 1. 1. 1. 0. 1. 1. 1. 1. 1. 1. 0. 1. 1.]
 [1. 0. 1. 0. 1. 0. 0. 1. 1. 1. 1. 0. 1. 1. 1.]
 [1. 1. 0. 1. 1. 1. 0. 0. 1. 0. 1. 1. 0. 1. 1.]
 [1. 0. 1. 0. 1. 0. 0. 1. 1. 1. 0. 1. 0. 0. 1.]
 [1. 1. 1. 1. 0. 1. 1. 0. 1. 1. 0. 0. 1. 1. 0.]
 [0. 0. 1. 0. 1. 0. 1. 1. 1. 1. 0. 0. 0. 1. 1.]
 [1. 0. 0. 0. 1. 1. 0. 0. 0. 0. 0. 1. 1. 1. 1.]
 [1. 1. 0. 1. 0. 1. 0. 0. 1. 1. 1. 1. 1. 0. 1.]
 [1. 1. 1. 1. 1. 1. 0. 1. 0. 0. 0. 1. 1. 0. 1.]
 [1. 1. 0. 1. 1. 1. 0. 1. 0. 0. 1. 1. 0. 1. 0.]
 [1. 1. 1. 0. 0. 0. 0. 1. 0. 1. 0. 1. 1. 0. 1.]
 [1. 0. 1. 1. 0. 0. 1. 1. 1. 1. 1. 0. 1. 1. 0.]
 [0. 1. 0. 0. 1. 0. 1. 1. 1. 0. 1. 1. 0. 1. 1.]
 [1. 1. 1. 0. 1. 1. 1. 0. 0. 1. 0. 1. 1. 0. 1.]
 [1. 1. 1. 1. 0. 1. 1. 1. 1. 0. 1. 0. 1. 1. 0.]]
start_times_array: [[ 204.  852. 1075. 1085. 2514. 2727. 3017. 3459. 3541. 4124. 4563. 5144.
  5236. 5389. 5590.]
 [ 626.  918. 1138. 1356. 1728. 2141. 2940. 2948. 3368. 3569. 3695. 3719.
  4358. 5673. 5772.]
 [ 200.  486.  775. 1468. 2369. 2803. 3233. 3713. 3798. 4290. 4396. 4945.
  4965. 5459. 5805.]
 [ 612.  685.  708.  738.  918. 2125. 2456. 3108. 3201. 3254. 3551. 3648.
  3719. 3852. 4367.]
 [ 312.  568.  591. 1226. 1286. 1407. 1633. 1948. 4037. 4214. 4660. 4903.
  5004. 5347. 5494.]
 [ 208.  237.  612. 1075. 1149. 1165. 1728. 2131. 3473. 3719. 3909. 4569.
  4827. 4889. 5144.]
 [ 158.  493. 1055. 1145. 1857. 2214. 2282. 2402. 2540. 2944. 3302. 4980.
  5107. 5720. 5807.]
 [ 172.  529.  581. 1564. 1667. 2421. 2540. 2955. 3102. 4396. 4903. 4910.
  4990. 4993. 5562.]
 [  57.  142.  390.  971. 1062. 1849. 2219. 2857. 3959. 4151. 4478. 4753.
  4761. 5056. 5332.]
 [ 147.  793. 1322. 1436. 1496. 1537. 1793. 1859. 2047. 2219. 2307. 2376.
  2796. 2878. 3089.]
 [  57.  590.  617.  618.  966. 1948. 3108. 3287. 3663. 3770. 3854. 3944.
  4522. 4528. 5071.]
 [ 300.  347. 1149. 1227. 1235. 1286. 1352. 1633. 2639. 2667. 3345. 3414.
  3581. 4066. 4666.]
 [ 852. 1075. 1457. 1613. 1785. 1816. 2369. 2456. 2727. 2777. 3017. 3197.
  3459. 5144. 5450.]
 [  57.   85.  390.  700.  949.  966. 1554. 2884. 3102. 3551. 3648. 3665.
  3782. 3959. 5056.]
 [   0.  298.  314.  356.  815. 1330. 2301. 2639. 2722. 3082. 3090. 4037.
  4207. 4376. 4656.]]
