optimal_status: 0
solution: 8223.0
cpu_time: 3600.2809488773346
gap: 0.8369208318132069
upper_bound: 1341.0
lower_bound: 8223.0
cg_matrix: [[0. 1. 1. 0. 1. 0. 0. 0. 1. 1. 1. 1. 1. 1. 0. 0. 0. 1. 1. 1.]
 [1. 0. 1. 0. 1. 0. 0. 1. 1. 0. 1. 0. 1. 0. 1. 0. 1. 0. 1. 0.]
 [1. 1. 0. 1. 1. 1. 0. 0. 0. 1. 0. 1. 0. 0. 1. 0. 1. 0. 0. 1.]
 [0. 0. 1. 0. 1. 1. 0. 1. 0. 1. 1. 1. 1. 1. 1. 1. 1. 0. 0. 1.]
 [1. 1. 1. 1. 0. 1. 1. 1. 0. 0. 0. 1. 0. 1. 1. 1. 1. 1. 0. 0.]
 [0. 0. 1. 1. 1. 0. 0. 0. 1. 0. 0. 1. 1. 0. 0. 0. 1. 0. 0. 1.]
 [0. 0. 0. 0. 1. 0. 0. 0. 0. 0. 1. 1. 1. 0. 0. 0. 1. 0. 0. 0.]
 [0. 1. 0. 1. 1. 0. 0. 0. 0. 1. 0. 1. 1. 0. 0. 0. 1. 0. 0. 1.]
 [1. 1. 0. 0. 0. 1. 0. 0. 0. 0. 1. 1. 0. 1. 0. 0. 0. 1. 1. 0.]
 [1. 0. 1. 1. 0. 0. 0. 1. 0. 0. 1. 1. 0. 0. 0. 0. 1. 0. 0. 1.]
 [1. 1. 0. 1. 0. 0. 1. 0. 1. 1. 0. 0. 0. 1. 0. 1. 0. 1. 0. 1.]
 [1. 0. 1. 1. 1. 1. 1. 1. 1. 1. 0. 0. 1. 1. 1. 1. 0. 1. 1. 1.]
 [1. 1. 0. 1. 0. 1. 1. 1. 0. 0. 0. 1. 0. 1. 0. 1. 0. 1. 1. 1.]
 [1. 0. 0. 1. 1. 0. 0. 0. 1. 0. 1. 1. 1. 0. 0. 0. 0. 1. 0. 1.]
 [0. 1. 1. 1. 1. 0. 0. 0. 0. 0. 0. 1. 0. 0. 0. 1. 1. 1. 1. 0.]
 [0. 0. 0. 1. 1. 0. 0. 0. 0. 0. 1. 1. 1. 0. 1. 0. 0. 1. 1. 1.]
 [0. 1. 1. 1. 1. 1. 1. 1. 0. 1. 0. 0. 0. 0. 1. 0. 0. 0. 0. 0.]
 [1. 0. 0. 0. 1. 0. 0. 0. 1. 0. 1. 1. 1. 1. 1. 1. 0. 0. 1. 0.]
 [1. 1. 0. 0. 0. 0. 0. 0. 1. 0. 0. 1. 1. 0. 1. 1. 0. 1. 0. 0.]
 [1. 0. 1. 1. 0. 1. 0. 1. 0. 1. 1. 1. 1. 1. 0. 1. 0. 0. 0. 0.]]
start_times_array: [[ 516.  540.  670. 1219. 2531. 2626. 2792. 2895. 3413. 3550. 3971. 4588.
  4622. 5439. 5863. 6667. 6934. 7588. 7859. 7923.]
 [ 232.  866. 1059. 1091. 1883. 2388. 2663. 2736. 3148. 3173. 3354. 3391.
  4134. 4786. 5204. 5369. 5474. 5521. 6338. 8172.]
 [ 548.  753. 1717. 2010. 2266. 3264. 3506. 3723. 4659. 4862. 4943. 5438.
  5706. 5779. 6548. 6855. 6982. 7639. 7731. 8094.]
 [ 352. 1040. 1456. 1556. 1640. 2447. 2531. 2816. 2817. 2918. 2923. 3140.
  3293. 3492. 3604. 3638. 3971. 4616. 5223. 5439.]
 [ 266.  337.  960. 1125. 2467. 2493. 2984. 4135. 4218. 4269. 4449. 4976.
  5122. 6131. 6497. 6692. 7215. 7306. 7330. 8022.]
 [ 670.  821. 1219. 1823. 1845. 1853. 2663. 2822. 3761. 4067. 4372. 4494.
  4550. 6631. 6697. 6934. 7098. 7180. 7556. 8172.]
 [ 349.  882. 1823. 1914. 2009. 2863. 3534. 3965. 4067. 4494. 4878. 5399.
  5434. 5445. 5793. 6075. 6897. 6934. 6991. 7070.]
 [ 349.  365.  516.  670. 2064. 2278. 2757. 2822. 2835. 3413. 3746. 4372.
  4544. 4897. 4931. 6471. 6855. 6982. 7504. 7923.]
 [ 442.  488.  960. 1481. 2249. 2984. 3482. 3658. 3684. 4648. 4848. 5734.
  5793. 5946. 6131. 6238. 6497. 7685. 7755. 8022.]
 [ 237.  264.  281.  287.  829.  960. 1885. 2663. 2824. 3658. 4030. 4126.
  4202. 4449. 4766. 5172. 6189. 6287. 6313. 6405.]
 [ 548.  640. 1306. 1943. 2192. 2467. 3244. 4261. 4341. 4953. 5122. 5990.
  6769. 7006. 7153. 7287. 7441. 7462. 7468. 7658.]
 [ 136.  615. 1206. 1761. 2097. 2120. 2356. 3071. 3341. 3875. 4278. 4741.
  4827. 5297. 5513. 5529. 5990. 6779. 6813. 7917.]
 [ 255.  960. 1935. 2195. 2380. 2467. 2984. 3660. 4030. 4648. 5122. 5946.
  6131. 6259. 6497. 6532. 7215. 7265. 7441. 7658.]
 [ 206.  365.  712.  770.  862. 1875. 2266. 2640. 2822. 3746. 4095. 4494.
  4766. 5354. 6308. 6399. 6697. 7098. 7504. 8094.]
 [ 480. 1416. 1853. 1927. 2195. 2241. 2822. 3181. 3690. 3928. 4059. 4889.
  4926. 4989. 5117. 5376. 5814. 5910. 5917. 6726.]
 [ 206.  442.  462.  799.  866. 1883. 2010. 2266. 2349. 2594. 2863. 3413.
  3506. 3658. 3787. 5734. 6222. 6354. 6672. 6961.]
 [   0.   89.  122.  149.  169.  171. 1328. 1532. 1761. 2097. 2604. 3301.
  3527. 3843. 4278. 4344. 4817. 4839. 4854. 5648.]
 [  48.  872. 1598. 2711. 2783. 3140. 3582. 3947. 4372. 5057. 5204. 5474.
  5641. 6060. 6654. 6861. 7166. 7426. 7639. 7764.]
 [ 349.  581.  763. 1306. 1388. 1429. 1576. 1689. 3264. 3746. 4140. 4219.
  4509. 4946. 5018. 6412. 6592. 6692. 7006. 7504.]
 [   0.   15.   53.  472.  504.  919. 1125. 1377. 3151. 3252. 3301. 3928.
  4260. 5031. 5546. 5619. 5624. 6060. 7061. 7350.]]
