optimal_status: 0
solution: 4719.999999527776
cpu_time: 3600.2510600090027
gap: 0.7712330417951522
upper_bound: 1079.7800426188526
lower_bound: 4719.999999527776
cg_matrix: [[0. 1. 0. 1. 0. 1. 0. 1. 1. 1. 1. 0. 1. 1. 0.]
 [1. 0. 1. 1. 0. 1. 0. 1. 0. 0. 0. 0. 1. 1. 1.]
 [0. 1. 0. 1. 1. 0. 0. 0. 0. 1. 1. 0. 1. 0. 0.]
 [1. 1. 1. 0. 0. 1. 0. 1. 0. 0. 1. 1. 1. 1. 0.]
 [0. 0. 1. 0. 0. 1. 1. 1. 1. 0. 1. 1. 1. 0. 1.]
 [1. 1. 0. 1. 1. 0. 1. 0. 1. 1. 0. 1. 0. 0. 0.]
 [0. 0. 0. 0. 1. 1. 0. 1. 0. 1. 1. 0. 1. 0. 1.]
 [1. 1. 0. 1. 1. 0. 1. 0. 0. 1. 0. 1. 1. 1. 0.]
 [1. 0. 0. 0. 1. 1. 0. 0. 0. 0. 1. 1. 1. 0. 0.]
 [1. 0. 1. 0. 0. 1. 1. 1. 0. 0. 0. 0. 0. 1. 0.]
 [1. 0. 1. 1. 1. 0. 1. 0. 1. 0. 0. 0. 1. 1. 1.]
 [0. 0. 0. 1. 1. 1. 0. 1. 1. 0. 0. 0. 0. 0. 0.]
 [1. 1. 1. 1. 1. 0. 1. 1. 1. 0. 1. 0. 0. 1. 0.]
 [1. 1. 0. 1. 0. 0. 0. 1. 0. 1. 1. 0. 1. 0. 1.]
 [0. 1. 0. 0. 1. 0. 1. 0. 0. 0. 1. 0. 0. 1. 0.]]
start_times_array: [[ 378.          543.         1396.         1619.         1856.
  1955.         2185.         2477.         2663.         2907.
  2997.         3222.         3366.         3402.         3693.99999953]
 [ 631.          928.         1969.         1991.         2020.
  2677.         2781.         2814.         3494.99999953 3548.99999953
  3845.99999953 3954.99999953 4239.99999953 4420.99999953 4465.99999953]
 [  50.          113.          427.          498.          544.
   594.         1484.         2190.         2934.         3035.
  3366.         3463.         3611.99999953 3709.99999953 4576.99999953]
 [ 217.          231.          806.          922.         1100.
  1334.         1395.         1575.         1684.         2072.
  3271.         3857.99999953 4301.99999953 4352.99999953 4404.99999953]
 [ 229.          505.          639.         1575.         2100.
  2276.         2477.         2902.         3238.         3495.
  3558.         3562.         3900.99999953 4260.99999953 4498.99999953]
 [  50.          413.          854.         1804.         2102.
  2547.         2748.         2797.         3092.         3611.99999953
  3784.99999953 3807.99999953 4039.99999953 4060.99999953 4167.99999953]
 [ 210.          333.         1265.         1673.         2185.
  2328.         2359.         3014.         3353.99999953 3436.99999953
  3694.99999953 3959.99999953 4023.99999953 4242.99999953 4355.99999953]
 [   0.           50.           80.          102.          969.
  1037.         1170.         1475.         1570.         1918.
  2102.         2411.         2586.         2609.         4193.99999953]
 [   6.          441.         1089.         1273.         1340.
  1718.         2362.         2371.         2637.         3333.
  3351.         3593.99999953 3712.99999953 3845.99999953 4585.99999953]
 [  23.          156.          213.          631.          751.
   902.         1337.         1595.         1775.         2034.
  3487.         3581.99999953 3846.99999953 3937.99999953 3948.99999953]
 [ 928.          995.         1207.         1257.         1969.
  2052.         2411.         2440.         2547.         2605.
  2677.         2715.         2814.         4193.99999953 4425.99999953]
 [ 156.          325.          332.          552.         1851.
  2188.         2346.         2370.         2673.         2781.
  2810.         2813.         2979.         2987.         2999.        ]
 [ 714.          841.         1391.         1778.         1909.
  2107.         3092.         3167.         3172.         3487.
  3801.99999953 3950.99999953 4039.99999953 4099.99999953 4645.99999953]
 [ 181.          290.          413.          444.          512.
   621.         1125.         1259.         2278.         2360.
  3611.99999953 3702.99999953 4495.99999953 4539.99999953 4623.99999953]
 [   0.           23.           58.          122.          139.
   575.          784.          854.         1446.         1542.
  1770.         1869.         3078.         3171.         3438.99999953]]
