optimal_status: 0
solution: 68400.0
cpu_time: 3607.0119409561157
gap: 0.9656222108362668
upper_bound: 2351.4407787993528
lower_bound: 68400.0
cg_matrix: [[0. 1. 0. 1. 1. 1. 1. 1. 1. 1. 1. 0. 1. 0. 1. 1. 1. 1. 1. 1. 1. 1. 1. 1.
  1. 1. 1. 0. 1. 1. 1. 1. 1. 1. 1. 0. 0. 0. 1. 1. 1. 1. 1. 1. 1. 1. 1. 0.
  0. 1. 0. 1. 1. 1. 1. 1. 1. 1. 1. 1. 1. 1. 1. 1. 1. 1. 1. 1. 1. 1. 1. 0.
  1. 0. 1. 0. 1. 1. 1. 1. 1. 1. 1. 1. 1. 0. 0. 1. 1. 1. 1. 1. 0. 1. 0. 1.
  1. 1. 1. 1.]
 [1. 0. 1. 1. 1. 1. 0. 1. 1. 1. 1. 1. 1. 1. 1. 1. 1. 0. 1. 1. 1. 1. 1. 1.
  1. 0. 0. 1. 1. 1. 0. 1. 1. 1. 1. 1. 1. 1. 1. 1. 1. 1. 1. 0. 1. 1. 1. 1.
  1. 1. 1. 0. 1. 1. 1. 0. 1. 1. 0. 1. 1. 1. 1. 1. 1. 1. 0. 1. 1. 0. 1. 1.
  1. 0. 0. 1. 1. 0. 0. 1. 1. 1. 1. 1. 1. 1. 1. 1. 1. 1. 0. 0. 1. 1. 0. 1.
  0. 1. 0. 0.]
 [0. 1. 0. 1. 1. 1. 0. 1. 1. 1. 1. 1. 0. 1. 0. 1. 1. 1. 1. 1. 1. 1. 1. 1.
  1. 1. 1. 1. 1. 1. 0. 1. 1. 0. 1. 0. 1. 1. 1. 1. 1. 1. 1. 0. 1. 1. 1. 1.
  1. 1. 1. 1. 1. 1. 1. 1. 1. 1. 1. 0. 1. 1. 1. 0. 1. 1. 1. 1. 1. 1. 1. 0.
  1. 1. 1. 1. 0. 0. 1. 1. 1. 1. 1. 1. 0. 0. 1. 1. 1. 1. 1. 0. 1. 1. 1. 1.
  1. 0. 1. 1.]
 [1. 1. 1. 0. 1. 0. 0. 1. 0. 1. 1. 1. 1. 1. 1. 1. 1. 1. 1. 1. 1. 0. 0. 1.
  0. 1. 1. 1. 1. 0. 0. 1. 1. 1. 1. 1. 0. 1. 1. 1. 1. 1. 1. 1. 1. 1. 1. 1.
  1. 1. 1. 1. 1. 1. 1. 0. 1. 1. 0. 1. 0. 1. 0. 1. 1. 0. 1. 0. 0. 1. 1. 1.
  1. 1. 1. 1. 0. 1. 1. 0. 1. 1. 1. 1. 1. 1. 1. 1. 0. 0. 0. 1. 1. 0. 0. 0.
  1. 0. 1. 0.]
 [1. 1. 1. 1. 0. 1. 0. 0. 0. 1. 1. 1. 1. 1. 0. 1. 1. 0. 1. 1. 1. 0. 1. 1.
  0. 1. 1. 1. 1. 1. 1. 1. 0. 0. 0. 1. 1. 1. 0. 0. 0. 1. 0. 1. 1. 0. 1. 1.
  1. 1. 1. 1. 0. 1. 1. 1. 1. 1. 1. 1. 0. 1. 1. 1. 1. 1. 1. 1. 0. 1. 1. 0.
  1. 1. 1. 1. 1. 1. 1. 1. 1. 1. 1. 1. 0. 1. 1. 1. 0. 1. 1. 1. 1. 1. 1. 1.
  1. 1. 1. 0.]
 [1. 1. 1. 0. 1. 0. 1. 1. 0. 1. 1. 0. 1. 1. 0. 1. 1. 0. 1. 1. 1. 1. 1. 0.
  1. 1. 0. 1. 0. 1. 0. 1. 1. 1. 1. 1. 0. 1. 0. 1. 1. 1. 1. 1. 1. 1. 1. 1.
  1. 1. 1. 0. 1. 1. 1. 1. 1. 0. 1. 1. 0. 1. 0. 1. 1. 1. 1. 0. 1. 1. 1. 1.
  0. 1. 1. 1. 1. 1. 1. 1. 1. 1. 1. 0. 1. 1. 1. 1. 1. 1. 1. 1. 1. 1. 1. 0.
  1. 0. 1. 1.]
 [1. 0. 0. 0. 0. 1. 0. 0. 1. 1. 1. 1. 1. 1. 1. 1. 0. 1. 1. 1. 1. 1. 1. 1.
  0. 1. 0. 1. 1. 1. 1. 0. 1. 1. 1. 0. 1. 1. 1. 1. 1. 1. 1. 1. 1. 1. 1. 1.
  1. 1. 1. 1. 1. 1. 1. 1. 1. 1. 0. 1. 0. 1. 1. 0. 1. 1. 1. 1. 1. 0. 1. 0.
  1. 1. 1. 1. 1. 1. 1. 0. 0. 0. 1. 1. 1. 1. 1. 1. 0. 1. 1. 0. 1. 0. 1. 1.
  1. 1. 0. 1.]
 [1. 1. 1. 1. 0. 1. 0. 0. 1. 1. 1. 1. 1. 0. 1. 1. 0. 1. 0. 0. 0. 1. 1. 1.
  1. 1. 1. 1. 1. 1. 1. 0. 1. 1. 1. 1. 1. 1. 1. 1. 1. 1. 1. 1. 1. 1. 1. 0.
  1. 1. 1. 1. 0. 1. 1. 1. 1. 1. 0. 0. 0. 1. 1. 1. 1. 1. 1. 1. 0. 1. 1. 1.
  0. 1. 1. 1. 1. 1. 1. 1. 1. 1. 1. 1. 0. 1. 1. 1. 1. 0. 1. 1. 1. 1. 1. 1.
  1. 1. 0. 1.]
 [1. 1. 1. 0. 0. 0. 1. 1. 0. 1. 1. 1. 1. 0. 1. 0. 1. 1. 1. 1. 1. 1. 1. 1.
  0. 1. 1. 1. 0. 0. 1. 1. 1. 1. 1. 1. 1. 1. 1. 1. 1. 1. 1. 1. 1. 1. 1. 1.
  0. 1. 1. 1. 1. 1. 1. 1. 1. 1. 1. 1. 1. 1. 1. 1. 1. 1. 1. 1. 1. 1. 0. 1.
  1. 1. 0. 0. 1. 1. 1. 1. 1. 1. 0. 1. 1. 1. 0. 1. 0. 0. 1. 0. 1. 1. 1. 1.
  0. 1. 1. 1.]
 [1. 1. 1. 1. 1. 1. 1. 1. 1. 0. 1. 1. 1. 1. 1. 1. 1. 1. 1. 0. 1. 1. 1. 1.
  1. 1. 1. 1. 1. 1. 1. 1. 1. 1. 1. 1. 1. 1. 1. 0. 0. 1. 1. 1. 1. 1. 1. 1.
  1. 1. 1. 1. 1. 0. 1. 1. 1. 1. 1. 1. 1. 1. 1. 1. 1. 1. 1. 1. 1. 1. 1. 1.
  1. 1. 1. 0. 1. 1. 0. 0. 0. 1. 1. 1. 0. 0. 1. 1. 1. 1. 1. 1. 1. 1. 1. 1.
  1. 1. 1. 0.]
 [1. 1. 1. 1. 1. 1. 1. 1. 1. 1. 0. 1. 1. 1. 1. 1. 0. 1. 1. 1. 1. 0. 1. 0.
  1. 1. 1. 1. 1. 1. 0. 1. 1. 1. 1. 1. 1. 1. 1. 1. 1. 1. 1. 1. 1. 1. 1. 0.
  1. 0. 1. 1. 0. 1. 1. 1. 1. 1. 1. 1. 1. 1. 1. 1. 1. 1. 0. 1. 1. 1. 1. 1.
  1. 0. 1. 1. 1. 1. 1. 1. 1. 1. 1. 1. 1. 1. 0. 0. 0. 1. 1. 1. 1. 1. 1. 0.
  1. 1. 1. 1.]
 [0. 1. 1. 1. 1. 0. 1. 1. 1. 1. 1. 0. 0. 1. 1. 1. 0. 1. 1. 1. 1. 1. 1. 1.
  1. 1. 1. 1. 1. 0. 0. 1. 0. 1. 0. 0. 1. 1. 1. 1. 0. 1. 1. 1. 0. 1. 1. 1.
  1. 1. 1. 1. 0. 1. 0. 1. 0. 1. 0. 1. 1. 1. 1. 1. 0. 1. 1. 1. 1. 1. 1. 0.
  0. 1. 1. 1. 1. 1. 1. 1. 1. 1. 1. 0. 1. 1. 0. 1. 1. 0. 1. 1. 0. 1. 1. 1.
  0. 1. 1. 0.]
 [1. 1. 0. 1. 1. 1. 1. 1. 1. 1. 1. 0. 0. 1. 1. 0. 1. 1. 1. 1. 1. 1. 1. 1.
  1. 1. 1. 1. 0. 1. 0. 1. 0. 1. 1. 0. 1. 1. 1. 1. 1. 1. 1. 1. 1. 1. 1. 1.
  0. 1. 1. 1. 1. 1. 1. 1. 0. 1. 1. 1. 1. 1. 1. 1. 1. 1. 1. 1. 1. 1. 1. 1.
  1. 1. 1. 1. 1. 1. 1. 0. 1. 1. 1. 0. 1. 0. 1. 1. 1. 0. 0. 1. 1. 1. 1. 1.
  1. 1. 1. 1.]
 [0. 1. 1. 1. 1. 1. 1. 0. 0. 1. 1. 1. 1. 0. 1. 1. 1. 0. 1. 1. 1. 1. 1. 1.
  1. 1. 1. 1. 1. 1. 1. 1. 1. 1. 1. 1. 1. 0. 1. 0. 1. 1. 1. 1. 1. 1. 1. 1.
  1. 1. 1. 1. 1. 1. 0. 0. 1. 0. 1. 1. 1. 1. 1. 1. 1. 1. 1. 1. 1. 1. 0. 1.
  0. 1. 1. 1. 1. 1. 1. 1. 1. 1. 1. 1. 1. 1. 1. 1. 1. 0. 1. 0. 1. 1. 0. 1.
  1. 1. 1. 1.]
 [1. 1. 0. 1. 0. 0. 1. 1. 1. 1. 1. 1. 1. 1. 0. 1. 1. 1. 1. 1. 1. 0. 1. 1.
  1. 1. 1. 1. 1. 1. 1. 1. 1. 1. 1. 1. 0. 1. 1. 0. 1. 1. 1. 1. 1. 1. 1. 1.
  1. 1. 1. 0. 1. 1. 1. 1. 1. 1. 1. 0. 1. 1. 1. 0. 1. 1. 1. 1. 0. 1. 1. 0.
  1. 1. 1. 1. 1. 1. 0. 1. 1. 1. 1. 1. 1. 1. 1. 1. 1. 1. 0. 0. 1. 1. 1. 0.
  1. 1. 1. 1.]
 [1. 1. 1. 1. 1. 1. 1. 1. 0. 1. 1. 1. 0. 1. 1. 0. 0. 1. 0. 1. 0. 1. 1. 1.
  0. 1. 1. 1. 1. 1. 0. 1. 1. 1. 1. 1. 1. 1. 1. 1. 1. 1. 1. 0. 1. 1. 0. 1.
  1. 1. 0. 1. 1. 1. 1. 1. 1. 1. 1. 1. 0. 1. 1. 1. 1. 0. 0. 1. 0. 0. 0. 1.
  1. 1. 1. 1. 1. 0. 1. 1. 1. 1. 1. 1. 1. 1. 1. 1. 1. 0. 0. 1. 1. 1. 1. 1.
  1. 1. 0. 1.]
 [1. 1. 1. 1. 1. 1. 0. 0. 1. 1. 0. 0. 1. 1. 1. 0. 0. 1. 1. 1. 1. 1. 1. 0.
  1. 1. 1. 1. 1. 1. 1. 1. 1. 1. 0. 1. 1. 1. 0. 1. 1. 0. 1. 1. 0. 1. 1. 1.
  1. 1. 0. 1. 1. 1. 1. 1. 1. 1. 1. 1. 1. 0. 1. 1. 1. 1. 1. 1. 1. 1. 0. 1.
  1. 1. 1. 1. 1. 1. 0. 1. 1. 0. 1. 1. 0. 0. 1. 1. 0. 1. 1. 1. 1. 1. 0. 1.
  0. 0. 1. 0.]
 [1. 0. 1. 1. 0. 0. 1. 1. 1. 1. 1. 1. 1. 0. 1. 1. 1. 0. 0. 1. 0. 0. 1. 0.
  1. 1. 1. 1. 1. 1. 0. 1. 1. 1. 0. 0. 1. 0. 1. 1. 1. 1. 1. 1. 1. 1. 1. 0.
  1. 1. 1. 1. 1. 1. 1. 1. 1. 1. 1. 1. 1. 1. 1. 1. 1. 1. 1. 0. 1. 1. 0. 1.
  1. 1. 1. 1. 1. 1. 1. 1. 0. 1. 1. 1. 1. 1. 1. 1. 1. 1. 1. 1. 1. 1. 1. 1.
  1. 1. 0. 1.]
 [1. 1. 1. 1. 1. 1. 1. 0. 1. 1. 1. 1. 1. 1. 1. 0. 1. 0. 0. 1. 0. 0. 0. 1.
  1. 0. 0. 1. 1. 1. 0. 1. 1. 1. 1. 1. 1. 1. 0. 1. 1. 1. 1. 1. 1. 1. 0. 0.
  1. 1. 1. 1. 0. 1. 1. 1. 1. 1. 1. 1. 1. 1. 0. 0. 1. 1. 1. 1. 1. 1. 1. 1.
  1. 1. 1. 1. 1. 1. 1. 1. 0. 0. 1. 1. 1. 1. 1. 1. 1. 1. 1. 1. 1. 0. 1. 1.
  1. 0. 1. 0.]
 [1. 1. 1. 1. 1. 1. 1. 0. 1. 0. 1. 1. 1. 1. 1. 1. 1. 1. 1. 0. 1. 1. 1. 1.
  1. 1. 0. 1. 1. 1. 1. 1. 1. 1. 0. 1. 1. 1. 1. 0. 0. 1. 1. 1. 1. 1. 1. 1.
  0. 1. 1. 0. 1. 1. 1. 1. 0. 0. 1. 0. 0. 1. 1. 1. 1. 1. 1. 1. 1. 1. 1. 0.
  1. 1. 1. 1. 1. 1. 1. 0. 1. 1. 1. 1. 1. 1. 1. 1. 0. 1. 1. 1. 0. 1. 1. 1.
  1. 1. 1. 0.]
 [1. 1. 1. 1. 1. 1. 1. 0. 1. 1. 1. 1. 1. 1. 1. 0. 1. 0. 0. 1. 0. 0. 0. 0.
  0. 0. 0. 0. 0. 0. 0. 0. 0. 0. 0. 0. 0. 0. 0. 0. 0. 0. 0. 0. 0. 0. 0. 0.
  0. 0. 0. 0. 0. 0. 0. 0. 0. 0. 0. 0. 0. 0. 0. 0. 0. 0. 0. 0. 0. 0. 0. 0.
  0. 0. 0. 0. 0. 0. 0. 0. 0. 0. 0. 0. 0. 0. 0. 0. 0. 0. 0. 0. 0. 0. 0. 0.
  0. 0. 0. 0.]
 [1. 1. 1. 0. 0. 1. 1. 1. 1. 1. 0. 1. 1. 1. 0. 1. 1. 0. 0. 1. 0. 0. 0. 0.
  0. 0. 0. 0. 0. 0. 0. 0. 0. 0. 0. 0. 0. 0. 0. 0. 0. 0. 0. 0. 0. 0. 0. 0.
  0. 0. 0. 0. 0. 0. 0. 0. 0. 0. 0. 0. 0. 0. 0. 0. 0. 0. 0. 0. 0. 0. 0. 0.
  0. 0. 0. 0. 0. 0. 0. 0. 0. 0. 0. 0. 0. 0. 0. 0. 0. 0. 0. 0. 0. 0. 0. 0.
  0. 0. 0. 0.]
 [1. 1. 1. 0. 1. 1. 1. 1. 1. 1. 1. 1. 1. 1. 1. 1. 1. 1. 0. 1. 0. 0. 0. 0.
  0. 0. 0. 0. 0. 0. 0. 0. 0. 0. 0. 0. 0. 0. 0. 0. 0. 0. 0. 0. 0. 0. 0. 0.
  0. 0. 0. 0. 0. 0. 0. 0. 0. 0. 0. 0. 0. 0. 0. 0. 0. 0. 0. 0. 0. 0. 0. 0.
  0. 0. 0. 0. 0. 0. 0. 0. 0. 0. 0. 0. 0. 0. 0. 0. 0. 0. 0. 0. 0. 0. 0. 0.
  0. 0. 0. 0.]
 [1. 1. 1. 1. 1. 0. 1. 1. 1. 1. 0. 1. 1. 1. 1. 1. 0. 0. 1. 1. 0. 0. 0. 0.
  0. 0. 0. 0. 0. 0. 0. 0. 0. 0. 0. 0. 0. 0. 0. 0. 0. 0. 0. 0. 0. 0. 0. 0.
  0. 0. 0. 0. 0. 0. 0. 0. 0. 0. 0. 0. 0. 0. 0. 0. 0. 0. 0. 0. 0. 0. 0. 0.
  0. 0. 0. 0. 0. 0. 0. 0. 0. 0. 0. 0. 0. 0. 0. 0. 0. 0. 0. 0. 0. 0. 0. 0.
  0. 0. 0. 0.]
 [1. 1. 1. 0. 0. 1. 0. 1. 0. 1. 1. 1. 1. 1. 1. 0. 1. 1. 1. 1. 0. 0. 0. 0.
  0. 0. 0. 0. 0. 0. 0. 0. 0. 0. 0. 0. 0. 0. 0. 0. 0. 0. 0. 0. 0. 0. 0. 0.
  0. 0. 0. 0. 0. 0. 0. 0. 0. 0. 0. 0. 0. 0. 0. 0. 0. 0. 0. 0. 0. 0. 0. 0.
  0. 0. 0. 0. 0. 0. 0. 0. 0. 0. 0. 0. 0. 0. 0. 0. 0. 0. 0. 0. 0. 0. 0. 0.
  0. 0. 0. 0.]
 [1. 0. 1. 1. 1. 1. 1. 1. 1. 1. 1. 1. 1. 1. 1. 1. 1. 1. 0. 1. 0. 0. 0. 0.
  0. 0. 0. 0. 0. 0. 0. 0. 0. 0. 0. 0. 0. 0. 0. 0. 0. 0. 0. 0. 0. 0. 0. 0.
  0. 0. 0. 0. 0. 0. 0. 0. 0. 0. 0. 0. 0. 0. 0. 0. 0. 0. 0. 0. 0. 0. 0. 0.
  0. 0. 0. 0. 0. 0. 0. 0. 0. 0. 0. 0. 0. 0. 0. 0. 0. 0. 0. 0. 0. 0. 0. 0.
  0. 0. 0. 0.]
 [1. 0. 1. 1. 1. 0. 0. 1. 1. 1. 1. 1. 1. 1. 1. 1. 1. 1. 0. 0. 0. 0. 0. 0.
  0. 0. 0. 0. 0. 0. 0. 0. 0. 0. 0. 0. 0. 0. 0. 0. 0. 0. 0. 0. 0. 0. 0. 0.
  0. 0. 0. 0. 0. 0. 0. 0. 0. 0. 0. 0. 0. 0. 0. 0. 0. 0. 0. 0. 0. 0. 0. 0.
  0. 0. 0. 0. 0. 0. 0. 0. 0. 0. 0. 0. 0. 0. 0. 0. 0. 0. 0. 0. 0. 0. 0. 0.
  0. 0. 0. 0.]
 [0. 1. 1. 1. 1. 1. 1. 1. 1. 1. 1. 1. 1. 1. 1. 1. 1. 1. 1. 1. 0. 0. 0. 0.
  0. 0. 0. 0. 0. 0. 0. 0. 0. 0. 0. 0. 0. 0. 0. 0. 0. 0. 0. 0. 0. 0. 0. 0.
  0. 0. 0. 0. 0. 0. 0. 0. 0. 0. 0. 0. 0. 0. 0. 0. 0. 0. 0. 0. 0. 0. 0. 0.
  0. 0. 0. 0. 0. 0. 0. 0. 0. 0. 0. 0. 0. 0. 0. 0. 0. 0. 0. 0. 0. 0. 0. 0.
  0. 0. 0. 0.]
 [1. 1. 1. 1. 1. 0. 1. 1. 0. 1. 1. 1. 0. 1. 1. 1. 1. 1. 1. 1. 0. 0. 0. 0.
  0. 0. 0. 0. 0. 0. 0. 0. 0. 0. 0. 0. 0. 0. 0. 0. 0. 0. 0. 0. 0. 0. 0. 0.
  0. 0. 0. 0. 0. 0. 0. 0. 0. 0. 0. 0. 0. 0. 0. 0. 0. 0. 0. 0. 0. 0. 0. 0.
  0. 0. 0. 0. 0. 0. 0. 0. 0. 0. 0. 0. 0. 0. 0. 0. 0. 0. 0. 0. 0. 0. 0. 0.
  0. 0. 0. 0.]
 [1. 1. 1. 0. 1. 1. 1. 1. 0. 1. 1. 0. 1. 1. 1. 1. 1. 1. 1. 1. 0. 0. 0. 0.
  0. 0. 0. 0. 0. 0. 0. 0. 0. 0. 0. 0. 0. 0. 0. 0. 0. 0. 0. 0. 0. 0. 0. 0.
  0. 0. 0. 0. 0. 0. 0. 0. 0. 0. 0. 0. 0. 0. 0. 0. 0. 0. 0. 0. 0. 0. 0. 0.
  0. 0. 0. 0. 0. 0. 0. 0. 0. 0. 0. 0. 0. 0. 0. 0. 0. 0. 0. 0. 0. 0. 0. 0.
  0. 0. 0. 0.]
 [1. 0. 0. 0. 1. 0. 1. 1. 1. 1. 0. 0. 0. 1. 1. 0. 1. 0. 0. 1. 0. 0. 0. 0.
  0. 0. 0. 0. 0. 0. 0. 0. 0. 0. 0. 0. 0. 0. 0. 0. 0. 0. 0. 0. 0. 0. 0. 0.
  0. 0. 0. 0. 0. 0. 0. 0. 0. 0. 0. 0. 0. 0. 0. 0. 0. 0. 0. 0. 0. 0. 0. 0.
  0. 0. 0. 0. 0. 0. 0. 0. 0. 0. 0. 0. 0. 0. 0. 0. 0. 0. 0. 0. 0. 0. 0. 0.
  0. 0. 0. 0.]
 [1. 1. 1. 1. 1. 1. 0. 0. 1. 1. 1. 1. 1. 1. 1. 1. 1. 1. 1. 1. 0. 0. 0. 0.
  0. 0. 0. 0. 0. 0. 0. 0. 0. 0. 0. 0. 0. 0. 0. 0. 0. 0. 0. 0. 0. 0. 0. 0.
  0. 0. 0. 0. 0. 0. 0. 0. 0. 0. 0. 0. 0. 0. 0. 0. 0. 0. 0. 0. 0. 0. 0. 0.
  0. 0. 0. 0. 0. 0. 0. 0. 0. 0. 0. 0. 0. 0. 0. 0. 0. 0. 0. 0. 0. 0. 0. 0.
  0. 0. 0. 0.]
 [1. 1. 1. 1. 0. 1. 1. 1. 1. 1. 1. 0. 0. 1. 1. 1. 1. 1. 1. 1. 0. 0. 0. 0.
  0. 0. 0. 0. 0. 0. 0. 0. 0. 0. 0. 0. 0. 0. 0. 0. 0. 0. 0. 0. 0. 0. 0. 0.
  0. 0. 0. 0. 0. 0. 0. 0. 0. 0. 0. 0. 0. 0. 0. 0. 0. 0. 0. 0. 0. 0. 0. 0.
  0. 0. 0. 0. 0. 0. 0. 0. 0. 0. 0. 0. 0. 0. 0. 0. 0. 0. 0. 0. 0. 0. 0. 0.
  0. 0. 0. 0.]
 [1. 1. 0. 1. 0. 1. 1. 1. 1. 1. 1. 1. 1. 1. 1. 1. 1. 1. 1. 1. 0. 0. 0. 0.
  0. 0. 0. 0. 0. 0. 0. 0. 0. 0. 0. 0. 0. 0. 0. 0. 0. 0. 0. 0. 0. 0. 0. 0.
  0. 0. 0. 0. 0. 0. 0. 0. 0. 0. 0. 0. 0. 0. 0. 0. 0. 0. 0. 0. 0. 0. 0. 0.
  0. 0. 0. 0. 0. 0. 0. 0. 0. 0. 0. 0. 0. 0. 0. 0. 0. 0. 0. 0. 0. 0. 0. 0.
  0. 0. 0. 0.]
 [1. 1. 1. 1. 0. 1. 1. 1. 1. 1. 1. 0. 1. 1. 1. 1. 0. 0. 1. 0. 0. 0. 0. 0.
  0. 0. 0. 0. 0. 0. 0. 0. 0. 0. 0. 0. 0. 0. 0. 0. 0. 0. 0. 0. 0. 0. 0. 0.
  0. 0. 0. 0. 0. 0. 0. 0. 0. 0. 0. 0. 0. 0. 0. 0. 0. 0. 0. 0. 0. 0. 0. 0.
  0. 0. 0. 0. 0. 0. 0. 0. 0. 0. 0. 0. 0. 0. 0. 0. 0. 0. 0. 0. 0. 0. 0. 0.
  0. 0. 0. 0.]
 [0. 1. 0. 1. 1. 1. 0. 1. 1. 1. 1. 0. 0. 1. 1. 1. 1. 0. 1. 1. 0. 0. 0. 0.
  0. 0. 0. 0. 0. 0. 0. 0. 0. 0. 0. 0. 0. 0. 0. 0. 0. 0. 0. 0. 0. 0. 0. 0.
  0. 0. 0. 0. 0. 0. 0. 0. 0. 0. 0. 0. 0. 0. 0. 0. 0. 0. 0. 0. 0. 0. 0. 0.
  0. 0. 0. 0. 0. 0. 0. 0. 0. 0. 0. 0. 0. 0. 0. 0. 0. 0. 0. 0. 0. 0. 0. 0.
  0. 0. 0. 0.]
 [0. 1. 1. 0. 1. 0. 1. 1. 1. 1. 1. 1. 1. 1. 0. 1. 1. 1. 1. 1. 0. 0. 0. 0.
  0. 0. 0. 0. 0. 0. 0. 0. 0. 0. 0. 0. 0. 0. 0. 0. 0. 0. 0. 0. 0. 0. 0. 0.
  0. 0. 0. 0. 0. 0. 0. 0. 0. 0. 0. 0. 0. 0. 0. 0. 0. 0. 0. 0. 0. 0. 0. 0.
  0. 0. 0. 0. 0. 0. 0. 0. 0. 0. 0. 0. 0. 0. 0. 0. 0. 0. 0. 0. 0. 0. 0. 0.
  0. 0. 0. 0.]
 [0. 1. 1. 1. 1. 1. 1. 1. 1. 1. 1. 1. 1. 0. 1. 1. 1. 0. 1. 1. 0. 0. 0. 0.
  0. 0. 0. 0. 0. 0. 0. 0. 0. 0. 0. 0. 0. 0. 0. 0. 0. 0. 0. 0. 0. 0. 0. 0.
  0. 0. 0. 0. 0. 0. 0. 0. 0. 0. 0. 0. 0. 0. 0. 0. 0. 0. 0. 0. 0. 0. 0. 0.
  0. 0. 0. 0. 0. 0. 0. 0. 0. 0. 0. 0. 0. 0. 0. 0. 0. 0. 0. 0. 0. 0. 0. 0.
  0. 0. 0. 0.]
 [1. 1. 1. 1. 0. 0. 1. 1. 1. 1. 1. 1. 1. 1. 1. 1. 0. 1. 0. 1. 0. 0. 0. 0.
  0. 0. 0. 0. 0. 0. 0. 0. 0. 0. 0. 0. 0. 0. 0. 0. 0. 0. 0. 0. 0. 0. 0. 0.
  0. 0. 0. 0. 0. 0. 0. 0. 0. 0. 0. 0. 0. 0. 0. 0. 0. 0. 0. 0. 0. 0. 0. 0.
  0. 0. 0. 0. 0. 0. 0. 0. 0. 0. 0. 0. 0. 0. 0. 0. 0. 0. 0. 0. 0. 0. 0. 0.
  0. 0. 0. 0.]
 [1. 1. 1. 1. 0. 1. 1. 1. 1. 0. 1. 1. 1. 0. 0. 1. 1. 1. 1. 0. 0. 0. 0. 0.
  0. 0. 0. 0. 0. 0. 0. 0. 0. 0. 0. 0. 0. 0. 0. 0. 0. 0. 0. 0. 0. 0. 0. 0.
  0. 0. 0. 0. 0. 0. 0. 0. 0. 0. 0. 0. 0. 0. 0. 0. 0. 0. 0. 0. 0. 0. 0. 0.
  0. 0. 0. 0. 0. 0. 0. 0. 0. 0. 0. 0. 0. 0. 0. 0. 0. 0. 0. 0. 0. 0. 0. 0.
  0. 0. 0. 0.]
 [1. 1. 1. 1. 0. 1. 1. 1. 1. 0. 1. 0. 1. 1. 1. 1. 1. 1. 1. 0. 0. 0. 0. 0.
  0. 0. 0. 0. 0. 0. 0. 0. 0. 0. 0. 0. 0. 0. 0. 0. 0. 0. 0. 0. 0. 0. 0. 0.
  0. 0. 0. 0. 0. 0. 0. 0. 0. 0. 0. 0. 0. 0. 0. 0. 0. 0. 0. 0. 0. 0. 0. 0.
  0. 0. 0. 0. 0. 0. 0. 0. 0. 0. 0. 0. 0. 0. 0. 0. 0. 0. 0. 0. 0. 0. 0. 0.
  0. 0. 0. 0.]
 [1. 1. 1. 1. 1. 1. 1. 1. 1. 1. 1. 1. 1. 1. 1. 1. 0. 1. 1. 1. 0. 0. 0. 0.
  0. 0. 0. 0. 0. 0. 0. 0. 0. 0. 0. 0. 0. 0. 0. 0. 0. 0. 0. 0. 0. 0. 0. 0.
  0. 0. 0. 0. 0. 0. 0. 0. 0. 0. 0. 0. 0. 0. 0. 0. 0. 0. 0. 0. 0. 0. 0. 0.
  0. 0. 0. 0. 0. 0. 0. 0. 0. 0. 0. 0. 0. 0. 0. 0. 0. 0. 0. 0. 0. 0. 0. 0.
  0. 0. 0. 0.]
 [1. 1. 1. 1. 0. 1. 1. 1. 1. 1. 1. 1. 1. 1. 1. 1. 1. 1. 1. 1. 0. 0. 0. 0.
  0. 0. 0. 0. 0. 0. 0. 0. 0. 0. 0. 0. 0. 0. 0. 0. 0. 0. 0. 0. 0. 0. 0. 0.
  0. 0. 0. 0. 0. 0. 0. 0. 0. 0. 0. 0. 0. 0. 0. 0. 0. 0. 0. 0. 0. 0. 0. 0.
  0. 0. 0. 0. 0. 0. 0. 0. 0. 0. 0. 0. 0. 0. 0. 0. 0. 0. 0. 0. 0. 0. 0. 0.
  0. 0. 0. 0.]
 [1. 0. 0. 1. 1. 1. 1. 1. 1. 1. 1. 1. 1. 1. 1. 0. 1. 1. 1. 1. 0. 0. 0. 0.
  0. 0. 0. 0. 0. 0. 0. 0. 0. 0. 0. 0. 0. 0. 0. 0. 0. 0. 0. 0. 0. 0. 0. 0.
  0. 0. 0. 0. 0. 0. 0. 0. 0. 0. 0. 0. 0. 0. 0. 0. 0. 0. 0. 0. 0. 0. 0. 0.
  0. 0. 0. 0. 0. 0. 0. 0. 0. 0. 0. 0. 0. 0. 0. 0. 0. 0. 0. 0. 0. 0. 0. 0.
  0. 0. 0. 0.]
 [1. 1. 1. 1. 1. 1. 1. 1. 1. 1. 1. 0. 1. 1. 1. 1. 0. 1. 1. 1. 0. 0. 0. 0.
  0. 0. 0. 0. 0. 0. 0. 0. 0. 0. 0. 0. 0. 0. 0. 0. 0. 0. 0. 0. 0. 0. 0. 0.
  0. 0. 0. 0. 0. 0. 0. 0. 0. 0. 0. 0. 0. 0. 0. 0. 0. 0. 0. 0. 0. 0. 0. 0.
  0. 0. 0. 0. 0. 0. 0. 0. 0. 0. 0. 0. 0. 0. 0. 0. 0. 0. 0. 0. 0. 0. 0. 0.
  0. 0. 0. 0.]
 [1. 1. 1. 1. 0. 1. 1. 1. 1. 1. 1. 1. 1. 1. 1. 1. 1. 1. 1. 1. 0. 0. 0. 0.
  0. 0. 0. 0. 0. 0. 0. 0. 0. 0. 0. 0. 0. 0. 0. 0. 0. 0. 0. 0. 0. 0. 0. 0.
  0. 0. 0. 0. 0. 0. 0. 0. 0. 0. 0. 0. 0. 0. 0. 0. 0. 0. 0. 0. 0. 0. 0. 0.
  0. 0. 0. 0. 0. 0. 0. 0. 0. 0. 0. 0. 0. 0. 0. 0. 0. 0. 0. 0. 0. 0. 0. 0.
  0. 0. 0. 0.]
 [1. 1. 1. 1. 1. 1. 1. 1. 1. 1. 1. 1. 1. 1. 1. 0. 1. 1. 0. 1. 0. 0. 0. 0.
  0. 0. 0. 0. 0. 0. 0. 0. 0. 0. 0. 0. 0. 0. 0. 0. 0. 0. 0. 0. 0. 0. 0. 0.
  0. 0. 0. 0. 0. 0. 0. 0. 0. 0. 0. 0. 0. 0. 0. 0. 0. 0. 0. 0. 0. 0. 0. 0.
  0. 0. 0. 0. 0. 0. 0. 0. 0. 0. 0. 0. 0. 0. 0. 0. 0. 0. 0. 0. 0. 0. 0. 0.
  0. 0. 0. 0.]
 [0. 1. 1. 1. 1. 1. 1. 0. 1. 1. 0. 1. 1. 1. 1. 1. 1. 0. 0. 1. 0. 0. 0. 0.
  0. 0. 0. 0. 0. 0. 0. 0. 0. 0. 0. 0. 0. 0. 0. 0. 0. 0. 0. 0. 0. 0. 0. 0.
  0. 0. 0. 0. 0. 0. 0. 0. 0. 0. 0. 0. 0. 0. 0. 0. 0. 0. 0. 0. 0. 0. 0. 0.
  0. 0. 0. 0. 0. 0. 0. 0. 0. 0. 0. 0. 0. 0. 0. 0. 0. 0. 0. 0. 0. 0. 0. 0.
  0. 0. 0. 0.]
 [0. 1. 1. 1. 1. 1. 1. 1. 0. 1. 1. 1. 0. 1. 1. 1. 1. 1. 1. 0. 0. 0. 0. 0.
  0. 0. 0. 0. 0. 0. 0. 0. 0. 0. 0. 0. 0. 0. 0. 0. 0. 0. 0. 0. 0. 0. 0. 0.
  0. 0. 0. 0. 0. 0. 0. 0. 0. 0. 0. 0. 0. 0. 0. 0. 0. 0. 0. 0. 0. 0. 0. 0.
  0. 0. 0. 0. 0. 0. 0. 0. 0. 0. 0. 0. 0. 0. 0. 0. 0. 0. 0. 0. 0. 0. 0. 0.
  0. 0. 0. 0.]
 [1. 1. 1. 1. 1. 1. 1. 1. 1. 1. 0. 1. 1. 1. 1. 1. 1. 1. 1. 1. 0. 0. 0. 0.
  0. 0. 0. 0. 0. 0. 0. 0. 0. 0. 0. 0. 0. 0. 0. 0. 0. 0. 0. 0. 0. 0. 0. 0.
  0. 0. 0. 0. 0. 0. 0. 0. 0. 0. 0. 0. 0. 0. 0. 0. 0. 0. 0. 0. 0. 0. 0. 0.
  0. 0. 0. 0. 0. 0. 0. 0. 0. 0. 0. 0. 0. 0. 0. 0. 0. 0. 0. 0. 0. 0. 0. 0.
  0. 0. 0. 0.]
 [0. 1. 1. 1. 1. 1. 1. 1. 1. 1. 1. 1. 1. 1. 1. 0. 0. 1. 1. 1. 0. 0. 0. 0.
  0. 0. 0. 0. 0. 0. 0. 0. 0. 0. 0. 0. 0. 0. 0. 0. 0. 0. 0. 0. 0. 0. 0. 0.
  0. 0. 0. 0. 0. 0. 0. 0. 0. 0. 0. 0. 0. 0. 0. 0. 0. 0. 0. 0. 0. 0. 0. 0.
  0. 0. 0. 0. 0. 0. 0. 0. 0. 0. 0. 0. 0. 0. 0. 0. 0. 0. 0. 0. 0. 0. 0. 0.
  0. 0. 0. 0.]
 [1. 0. 1. 1. 1. 0. 1. 1. 1. 1. 1. 1. 1. 1. 0. 1. 1. 1. 1. 0. 0. 0. 0. 0.
  0. 0. 0. 0. 0. 0. 0. 0. 0. 0. 0. 0. 0. 0. 0. 0. 0. 0. 0. 0. 0. 0. 0. 0.
  0. 0. 0. 0. 0. 0. 0. 0. 0. 0. 0. 0. 0. 0. 0. 0. 0. 0. 0. 0. 0. 0. 0. 0.
  0. 0. 0. 0. 0. 0. 0. 0. 0. 0. 0. 0. 0. 0. 0. 0. 0. 0. 0. 0. 0. 0. 0. 0.
  0. 0. 0. 0.]
 [1. 1. 1. 1. 0. 1. 1. 0. 1. 1. 0. 0. 1. 1. 1. 1. 1. 1. 0. 1. 0. 0. 0. 0.
  0. 0. 0. 0. 0. 0. 0. 0. 0. 0. 0. 0. 0. 0. 0. 0. 0. 0. 0. 0. 0. 0. 0. 0.
  0. 0. 0. 0. 0. 0. 0. 0. 0. 0. 0. 0. 0. 0. 0. 0. 0. 0. 0. 0. 0. 0. 0. 0.
  0. 0. 0. 0. 0. 0. 0. 0. 0. 0. 0. 0. 0. 0. 0. 0. 0. 0. 0. 0. 0. 0. 0. 0.
  0. 0. 0. 0.]
 [1. 1. 1. 1. 1. 1. 1. 1. 1. 0. 1. 1. 1. 1. 1. 1. 1. 1. 1. 1. 0. 0. 0. 0.
  0. 0. 0. 0. 0. 0. 0. 0. 0. 0. 0. 0. 0. 0. 0. 0. 0. 0. 0. 0. 0. 0. 0. 0.
  0. 0. 0. 0. 0. 0. 0. 0. 0. 0. 0. 0. 0. 0. 0. 0. 0. 0. 0. 0. 0. 0. 0. 0.
  0. 0. 0. 0. 0. 0. 0. 0. 0. 0. 0. 0. 0. 0. 0. 0. 0. 0. 0. 0. 0. 0. 0. 0.
  0. 0. 0. 0.]
 [1. 1. 1. 1. 1. 1. 1. 1. 1. 1. 1. 0. 1. 0. 1. 1. 1. 1. 1. 1. 0. 0. 0. 0.
  0. 0. 0. 0. 0. 0. 0. 0. 0. 0. 0. 0. 0. 0. 0. 0. 0. 0. 0. 0. 0. 0. 0. 0.
  0. 0. 0. 0. 0. 0. 0. 0. 0. 0. 0. 0. 0. 0. 0. 0. 0. 0. 0. 0. 0. 0. 0. 0.
  0. 0. 0. 0. 0. 0. 0. 0. 0. 0. 0. 0. 0. 0. 0. 0. 0. 0. 0. 0. 0. 0. 0. 0.
  0. 0. 0. 0.]
 [1. 0. 1. 0. 1. 1. 1. 1. 1. 1. 1. 1. 1. 0. 1. 1. 1. 1. 1. 1. 0. 0. 0. 0.
  0. 0. 0. 0. 0. 0. 0. 0. 0. 0. 0. 0. 0. 0. 0. 0. 0. 0. 0. 0. 0. 0. 0. 0.
  0. 0. 0. 0. 0. 0. 0. 0. 0. 0. 0. 0. 0. 0. 0. 0. 0. 0. 0. 0. 0. 0. 0. 0.
  0. 0. 0. 0. 0. 0. 0. 0. 0. 0. 0. 0. 0. 0. 0. 0. 0. 0. 0. 0. 0. 0. 0. 0.
  0. 0. 0. 0.]
 [1. 1. 1. 1. 1. 1. 1. 1. 1. 1. 1. 0. 0. 1. 1. 1. 1. 1. 1. 0. 0. 0. 0. 0.
  0. 0. 0. 0. 0. 0. 0. 0. 0. 0. 0. 0. 0. 0. 0. 0. 0. 0. 0. 0. 0. 0. 0. 0.
  0. 0. 0. 0. 0. 0. 0. 0. 0. 0. 0. 0. 0. 0. 0. 0. 0. 0. 0. 0. 0. 0. 0. 0.
  0. 0. 0. 0. 0. 0. 0. 0. 0. 0. 0. 0. 0. 0. 0. 0. 0. 0. 0. 0. 0. 0. 0. 0.
  0. 0. 0. 0.]
 [1. 1. 1. 1. 1. 0. 1. 1. 1. 1. 1. 1. 1. 0. 1. 1. 1. 1. 1. 0. 0. 0. 0. 0.
  0. 0. 0. 0. 0. 0. 0. 0. 0. 0. 0. 0. 0. 0. 0. 0. 0. 0. 0. 0. 0. 0. 0. 0.
  0. 0. 0. 0. 0. 0. 0. 0. 0. 0. 0. 0. 0. 0. 0. 0. 0. 0. 0. 0. 0. 0. 0. 0.
  0. 0. 0. 0. 0. 0. 0. 0. 0. 0. 0. 0. 0. 0. 0. 0. 0. 0. 0. 0. 0. 0. 0. 0.
  0. 0. 0. 0.]
 [1. 0. 1. 0. 1. 1. 0. 0. 1. 1. 1. 0. 1. 1. 1. 1. 1. 1. 1. 1. 0. 0. 0. 0.
  0. 0. 0. 0. 0. 0. 0. 0. 0. 0. 0. 0. 0. 0. 0. 0. 0. 0. 0. 0. 0. 0. 0. 0.
  0. 0. 0. 0. 0. 0. 0. 0. 0. 0. 0. 0. 0. 0. 0. 0. 0. 0. 0. 0. 0. 0. 0. 0.
  0. 0. 0. 0. 0. 0. 0. 0. 0. 0. 0. 0. 0. 0. 0. 0. 0. 0. 0. 0. 0. 0. 0. 0.
  0. 0. 0. 0.]
 [1. 1. 0. 1. 1. 1. 1. 0. 1. 1. 1. 1. 1. 1. 0. 1. 1. 1. 1. 0. 0. 0. 0. 0.
  0. 0. 0. 0. 0. 0. 0. 0. 0. 0. 0. 0. 0. 0. 0. 0. 0. 0. 0. 0. 0. 0. 0. 0.
  0. 0. 0. 0. 0. 0. 0. 0. 0. 0. 0. 0. 0. 0. 0. 0. 0. 0. 0. 0. 0. 0. 0. 0.
  0. 0. 0. 0. 0. 0. 0. 0. 0. 0. 0. 0. 0. 0. 0. 0. 0. 0. 0. 0. 0. 0. 0. 0.
  0. 0. 0. 0.]
 [1. 1. 1. 0. 0. 0. 0. 0. 1. 1. 1. 1. 1. 1. 1. 0. 1. 1. 1. 0. 0. 0. 0. 0.
  0. 0. 0. 0. 0. 0. 0. 0. 0. 0. 0. 0. 0. 0. 0. 0. 0. 0. 0. 0. 0. 0. 0. 0.
  0. 0. 0. 0. 0. 0. 0. 0. 0. 0. 0. 0. 0. 0. 0. 0. 0. 0. 0. 0. 0. 0. 0. 0.
  0. 0. 0. 0. 0. 0. 0. 0. 0. 0. 0. 0. 0. 0. 0. 0. 0. 0. 0. 0. 0. 0. 0. 0.
  0. 0. 0. 0.]
 [1. 1. 1. 1. 1. 1. 1. 1. 1. 1. 1. 1. 1. 1. 1. 1. 0. 1. 1. 1. 0. 0. 0. 0.
  0. 0. 0. 0. 0. 0. 0. 0. 0. 0. 0. 0. 0. 0. 0. 0. 0. 0. 0. 0. 0. 0. 0. 0.
  0. 0. 0. 0. 0. 0. 0. 0. 0. 0. 0. 0. 0. 0. 0. 0. 0. 0. 0. 0. 0. 0. 0. 0.
  0. 0. 0. 0. 0. 0. 0. 0. 0. 0. 0. 0. 0. 0. 0. 0. 0. 0. 0. 0. 0. 0. 0. 0.
  0. 0. 0. 0.]
 [1. 1. 1. 0. 1. 0. 1. 1. 1. 1. 1. 1. 1. 1. 1. 1. 1. 1. 0. 1. 0. 0. 0. 0.
  0. 0. 0. 0. 0. 0. 0. 0. 0. 0. 0. 0. 0. 0. 0. 0. 0. 0. 0. 0. 0. 0. 0. 0.
  0. 0. 0. 0. 0. 0. 0. 0. 0. 0. 0. 0. 0. 0. 0. 0. 0. 0. 0. 0. 0. 0. 0. 0.
  0. 0. 0. 0. 0. 0. 0. 0. 0. 0. 0. 0. 0. 0. 0. 0. 0. 0. 0. 0. 0. 0. 0. 0.
  0. 0. 0. 0.]
 [1. 1. 0. 1. 1. 1. 0. 1. 1. 1. 1. 1. 1. 1. 0. 1. 1. 1. 0. 1. 0. 0. 0. 0.
  0. 0. 0. 0. 0. 0. 0. 0. 0. 0. 0. 0. 0. 0. 0. 0. 0. 0. 0. 0. 0. 0. 0. 0.
  0. 0. 0. 0. 0. 0. 0. 0. 0. 0. 0. 0. 0. 0. 0. 0. 0. 0. 0. 0. 0. 0. 0. 0.
  0. 0. 0. 0. 0. 0. 0. 0. 0. 0. 0. 0. 0. 0. 0. 0. 0. 0. 0. 0. 0. 0. 0. 0.
  0. 0. 0. 0.]
 [1. 1. 1. 1. 1. 1. 1. 1. 1. 1. 1. 0. 1. 1. 1. 1. 1. 1. 1. 1. 0. 0. 0. 0.
  0. 0. 0. 0. 0. 0. 0. 0. 0. 0. 0. 0. 0. 0. 0. 0. 0. 0. 0. 0. 0. 0. 0. 0.
  0. 0. 0. 0. 0. 0. 0. 0. 0. 0. 0. 0. 0. 0. 0. 0. 0. 0. 0. 0. 0. 0. 0. 0.
  0. 0. 0. 0. 0. 0. 0. 0. 0. 0. 0. 0. 0. 0. 0. 0. 0. 0. 0. 0. 0. 0. 0. 0.
  0. 0. 0. 0.]
 [1. 1. 1. 0. 1. 1. 1. 1. 1. 1. 1. 1. 1. 1. 1. 0. 1. 1. 1. 1. 0. 0. 0. 0.
  0. 0. 0. 0. 0. 0. 0. 0. 0. 0. 0. 0. 0. 0. 0. 0. 0. 0. 0. 0. 0. 0. 0. 0.
  0. 0. 0. 0. 0. 0. 0. 0. 0. 0. 0. 0. 0. 0. 0. 0. 0. 0. 0. 0. 0. 0. 0. 0.
  0. 0. 0. 0. 0. 0. 0. 0. 0. 0. 0. 0. 0. 0. 0. 0. 0. 0. 0. 0. 0. 0. 0. 0.
  0. 0. 0. 0.]
 [1. 0. 1. 1. 1. 1. 1. 1. 1. 1. 0. 1. 1. 1. 1. 0. 1. 1. 1. 1. 0. 0. 0. 0.
  0. 0. 0. 0. 0. 0. 0. 0. 0. 0. 0. 0. 0. 0. 0. 0. 0. 0. 0. 0. 0. 0. 0. 0.
  0. 0. 0. 0. 0. 0. 0. 0. 0. 0. 0. 0. 0. 0. 0. 0. 0. 0. 0. 0. 0. 0. 0. 0.
  0. 0. 0. 0. 0. 0. 0. 0. 0. 0. 0. 0. 0. 0. 0. 0. 0. 0. 0. 0. 0. 0. 0. 0.
  0. 0. 0. 0.]
 [1. 1. 1. 0. 1. 0. 1. 1. 1. 1. 1. 1. 1. 1. 1. 1. 1. 0. 1. 1. 0. 0. 0. 0.
  0. 0. 0. 0. 0. 0. 0. 0. 0. 0. 0. 0. 0. 0. 0. 0. 0. 0. 0. 0. 0. 0. 0. 0.
  0. 0. 0. 0. 0. 0. 0. 0. 0. 0. 0. 0. 0. 0. 0. 0. 0. 0. 0. 0. 0. 0. 0. 0.
  0. 0. 0. 0. 0. 0. 0. 0. 0. 0. 0. 0. 0. 0. 0. 0. 0. 0. 0. 0. 0. 0. 0. 0.
  0. 0. 0. 0.]
 [1. 1. 1. 0. 0. 1. 1. 0. 1. 1. 1. 1. 1. 1. 0. 0. 1. 1. 1. 1. 0. 0. 0. 0.
  0. 0. 0. 0. 0. 0. 0. 0. 0. 0. 0. 0. 0. 0. 0. 0. 0. 0. 0. 0. 0. 0. 0. 0.
  0. 0. 0. 0. 0. 0. 0. 0. 0. 0. 0. 0. 0. 0. 0. 0. 0. 0. 0. 0. 0. 0. 0. 0.
  0. 0. 0. 0. 0. 0. 0. 0. 0. 0. 0. 0. 0. 0. 0. 0. 0. 0. 0. 0. 0. 0. 0. 0.
  0. 0. 0. 0.]
 [1. 0. 1. 1. 1. 1. 0. 1. 1. 1. 1. 1. 1. 1. 1. 0. 1. 1. 1. 1. 0. 0. 0. 0.
  0. 0. 0. 0. 0. 0. 0. 0. 0. 0. 0. 0. 0. 0. 0. 0. 0. 0. 0. 0. 0. 0. 0. 0.
  0. 0. 0. 0. 0. 0. 0. 0. 0. 0. 0. 0. 0. 0. 0. 0. 0. 0. 0. 0. 0. 0. 0. 0.
  0. 0. 0. 0. 0. 0. 0. 0. 0. 0. 0. 0. 0. 0. 0. 0. 0. 0. 0. 0. 0. 0. 0. 0.
  0. 0. 0. 0.]
 [1. 1. 1. 1. 1. 1. 1. 1. 0. 1. 1. 1. 1. 0. 1. 0. 0. 0. 1. 1. 0. 0. 0. 0.
  0. 0. 0. 0. 0. 0. 0. 0. 0. 0. 0. 0. 0. 0. 0. 0. 0. 0. 0. 0. 0. 0. 0. 0.
  0. 0. 0. 0. 0. 0. 0. 0. 0. 0. 0. 0. 0. 0. 0. 0. 0. 0. 0. 0. 0. 0. 0. 0.
  0. 0. 0. 0. 0. 0. 0. 0. 0. 0. 0. 0. 0. 0. 0. 0. 0. 0. 0. 0. 0. 0. 0. 0.
  0. 0. 0. 0.]
 [0. 1. 0. 1. 0. 1. 0. 1. 1. 1. 1. 0. 1. 1. 0. 1. 1. 1. 1. 0. 0. 0. 0. 0.
  0. 0. 0. 0. 0. 0. 0. 0. 0. 0. 0. 0. 0. 0. 0. 0. 0. 0. 0. 0. 0. 0. 0. 0.
  0. 0. 0. 0. 0. 0. 0. 0. 0. 0. 0. 0. 0. 0. 0. 0. 0. 0. 0. 0. 0. 0. 0. 0.
  0. 0. 0. 0. 0. 0. 0. 0. 0. 0. 0. 0. 0. 0. 0. 0. 0. 0. 0. 0. 0. 0. 0. 0.
  0. 0. 0. 0.]
 [1. 1. 1. 1. 1. 0. 1. 0. 1. 1. 1. 0. 1. 0. 1. 1. 1. 1. 1. 1. 0. 0. 0. 0.
  0. 0. 0. 0. 0. 0. 0. 0. 0. 0. 0. 0. 0. 0. 0. 0. 0. 0. 0. 0. 0. 0. 0. 0.
  0. 0. 0. 0. 0. 0. 0. 0. 0. 0. 0. 0. 0. 0. 0. 0. 0. 0. 0. 0. 0. 0. 0. 0.
  0. 0. 0. 0. 0. 0. 0. 0. 0. 0. 0. 0. 0. 0. 0. 0. 0. 0. 0. 0. 0. 0. 0. 0.
  0. 0. 0. 0.]
 [0. 0. 1. 1. 1. 1. 1. 1. 1. 1. 0. 1. 1. 1. 1. 1. 1. 1. 1. 1. 0. 0. 0. 0.
  0. 0. 0. 0. 0. 0. 0. 0. 0. 0. 0. 0. 0. 0. 0. 0. 0. 0. 0. 0. 0. 0. 0. 0.
  0. 0. 0. 0. 0. 0. 0. 0. 0. 0. 0. 0. 0. 0. 0. 0. 0. 0. 0. 0. 0. 0. 0. 0.
  0. 0. 0. 0. 0. 0. 0. 0. 0. 0. 0. 0. 0. 0. 0. 0. 0. 0. 0. 0. 0. 0. 0. 0.
  0. 0. 0. 0.]
 [1. 0. 1. 1. 1. 1. 1. 1. 0. 1. 1. 1. 1. 1. 1. 1. 1. 1. 1. 1. 0. 0. 0. 0.
  0. 0. 0. 0. 0. 0. 0. 0. 0. 0. 0. 0. 0. 0. 0. 0. 0. 0. 0. 0. 0. 0. 0. 0.
  0. 0. 0. 0. 0. 0. 0. 0. 0. 0. 0. 0. 0. 0. 0. 0. 0. 0. 0. 0. 0. 0. 0. 0.
  0. 0. 0. 0. 0. 0. 0. 0. 0. 0. 0. 0. 0. 0. 0. 0. 0. 0. 0. 0. 0. 0. 0. 0.
  0. 0. 0. 0.]
 [0. 1. 1. 1. 1. 1. 1. 1. 0. 0. 1. 1. 1. 1. 1. 1. 1. 1. 1. 1. 0. 0. 0. 0.
  0. 0. 0. 0. 0. 0. 0. 0. 0. 0. 0. 0. 0. 0. 0. 0. 0. 0. 0. 0. 0. 0. 0. 0.
  0. 0. 0. 0. 0. 0. 0. 0. 0. 0. 0. 0. 0. 0. 0. 0. 0. 0. 0. 0. 0. 0. 0. 0.
  0. 0. 0. 0. 0. 0. 0. 0. 0. 0. 0. 0. 0. 0. 0. 0. 0. 0. 0. 0. 0. 0. 0. 0.
  0. 0. 0. 0.]
 [1. 1. 0. 0. 1. 1. 1. 1. 1. 1. 1. 1. 1. 1. 1. 1. 1. 1. 1. 1. 0. 0. 0. 0.
  0. 0. 0. 0. 0. 0. 0. 0. 0. 0. 0. 0. 0. 0. 0. 0. 0. 0. 0. 0. 0. 0. 0. 0.
  0. 0. 0. 0. 0. 0. 0. 0. 0. 0. 0. 0. 0. 0. 0. 0. 0. 0. 0. 0. 0. 0. 0. 0.
  0. 0. 0. 0. 0. 0. 0. 0. 0. 0. 0. 0. 0. 0. 0. 0. 0. 0. 0. 0. 0. 0. 0. 0.
  0. 0. 0. 0.]
 [1. 0. 0. 1. 1. 1. 1. 1. 1. 1. 1. 1. 1. 1. 1. 0. 1. 1. 1. 1. 0. 0. 0. 0.
  0. 0. 0. 0. 0. 0. 0. 0. 0. 0. 0. 0. 0. 0. 0. 0. 0. 0. 0. 0. 0. 0. 0. 0.
  0. 0. 0. 0. 0. 0. 0. 0. 0. 0. 0. 0. 0. 0. 0. 0. 0. 0. 0. 0. 0. 0. 0. 0.
  0. 0. 0. 0. 0. 0. 0. 0. 0. 0. 0. 0. 0. 0. 0. 0. 0. 0. 0. 0. 0. 0. 0. 0.
  0. 0. 0. 0.]
 [1. 0. 1. 1. 1. 1. 1. 1. 1. 0. 1. 1. 1. 1. 0. 1. 0. 1. 1. 1. 0. 0. 0. 0.
  0. 0. 0. 0. 0. 0. 0. 0. 0. 0. 0. 0. 0. 0. 0. 0. 0. 0. 0. 0. 0. 0. 0. 0.
  0. 0. 0. 0. 0. 0. 0. 0. 0. 0. 0. 0. 0. 0. 0. 0. 0. 0. 0. 0. 0. 0. 0. 0.
  0. 0. 0. 0. 0. 0. 0. 0. 0. 0. 0. 0. 0. 0. 0. 0. 0. 0. 0. 0. 0. 0. 0. 0.
  0. 0. 0. 0.]
 [1. 1. 1. 0. 1. 1. 0. 1. 1. 0. 1. 1. 0. 1. 1. 1. 1. 1. 1. 0. 0. 0. 0. 0.
  0. 0. 0. 0. 0. 0. 0. 0. 0. 0. 0. 0. 0. 0. 0. 0. 0. 0. 0. 0. 0. 0. 0. 0.
  0. 0. 0. 0. 0. 0. 0. 0. 0. 0. 0. 0. 0. 0. 0. 0. 0. 0. 0. 0. 0. 0. 0. 0.
  0. 0. 0. 0. 0. 0. 0. 0. 0. 0. 0. 0. 0. 0. 0. 0. 0. 0. 0. 0. 0. 0. 0. 0.
  0. 0. 0. 0.]
 [1. 1. 1. 1. 1. 1. 0. 1. 1. 0. 1. 1. 1. 1. 1. 1. 1. 0. 0. 1. 0. 0. 0. 0.
  0. 0. 0. 0. 0. 0. 0. 0. 0. 0. 0. 0. 0. 0. 0. 0. 0. 0. 0. 0. 0. 0. 0. 0.
  0. 0. 0. 0. 0. 0. 0. 0. 0. 0. 0. 0. 0. 0. 0. 0. 0. 0. 0. 0. 0. 0. 0. 0.
  0. 0. 0. 0. 0. 0. 0. 0. 0. 0. 0. 0. 0. 0. 0. 0. 0. 0. 0. 0. 0. 0. 0. 0.
  0. 0. 0. 0.]
 [1. 1. 1. 1. 1. 1. 0. 1. 1. 1. 1. 1. 1. 1. 1. 1. 0. 1. 0. 1. 0. 0. 0. 0.
  0. 0. 0. 0. 0. 0. 0. 0. 0. 0. 0. 0. 0. 0. 0. 0. 0. 0. 0. 0. 0. 0. 0. 0.
  0. 0. 0. 0. 0. 0. 0. 0. 0. 0. 0. 0. 0. 0. 0. 0. 0. 0. 0. 0. 0. 0. 0. 0.
  0. 0. 0. 0. 0. 0. 0. 0. 0. 0. 0. 0. 0. 0. 0. 0. 0. 0. 0. 0. 0. 0. 0. 0.
  0. 0. 0. 0.]
 [1. 1. 1. 1. 1. 1. 1. 1. 0. 1. 1. 1. 1. 1. 1. 1. 1. 1. 1. 1. 0. 0. 0. 0.
  0. 0. 0. 0. 0. 0. 0. 0. 0. 0. 0. 0. 0. 0. 0. 0. 0. 0. 0. 0. 0. 0. 0. 0.
  0. 0. 0. 0. 0. 0. 0. 0. 0. 0. 0. 0. 0. 0. 0. 0. 0. 0. 0. 0. 0. 0. 0. 0.
  0. 0. 0. 0. 0. 0. 0. 0. 0. 0. 0. 0. 0. 0. 0. 0. 0. 0. 0. 0. 0. 0. 0. 0.
  0. 0. 0. 0.]
 [1. 1. 1. 1. 1. 0. 1. 1. 1. 1. 1. 0. 0. 1. 1. 1. 1. 1. 1. 1. 0. 0. 0. 0.
  0. 0. 0. 0. 0. 0. 0. 0. 0. 0. 0. 0. 0. 0. 0. 0. 0. 0. 0. 0. 0. 0. 0. 0.
  0. 0. 0. 0. 0. 0. 0. 0. 0. 0. 0. 0. 0. 0. 0. 0. 0. 0. 0. 0. 0. 0. 0. 0.
  0. 0. 0. 0. 0. 0. 0. 0. 0. 0. 0. 0. 0. 0. 0. 0. 0. 0. 0. 0. 0. 0. 0. 0.
  0. 0. 0. 0.]
 [1. 1. 0. 1. 0. 1. 1. 0. 1. 0. 1. 1. 1. 1. 1. 1. 0. 1. 1. 1. 0. 0. 0. 0.
  0. 0. 0. 0. 0. 0. 0. 0. 0. 0. 0. 0. 0. 0. 0. 0. 0. 0. 0. 0. 0. 0. 0. 0.
  0. 0. 0. 0. 0. 0. 0. 0. 0. 0. 0. 0. 0. 0. 0. 0. 0. 0. 0. 0. 0. 0. 0. 0.
  0. 0. 0. 0. 0. 0. 0. 0. 0. 0. 0. 0. 0. 0. 0. 0. 0. 0. 0. 0. 0. 0. 0. 0.
  0. 0. 0. 0.]
 [0. 1. 0. 1. 1. 1. 1. 1. 1. 0. 1. 1. 0. 1. 1. 1. 0. 1. 1. 1. 0. 0. 0. 0.
  0. 0. 0. 0. 0. 0. 0. 0. 0. 0. 0. 0. 0. 0. 0. 0. 0. 0. 0. 0. 0. 0. 0. 0.
  0. 0. 0. 0. 0. 0. 0. 0. 0. 0. 0. 0. 0. 0. 0. 0. 0. 0. 0. 0. 0. 0. 0. 0.
  0. 0. 0. 0. 0. 0. 0. 0. 0. 0. 0. 0. 0. 0. 0. 0. 0. 0. 0. 0. 0. 0. 0. 0.
  0. 0. 0. 0.]
 [0. 1. 1. 1. 1. 1. 1. 1. 0. 1. 0. 0. 1. 1. 1. 1. 1. 1. 1. 1. 0. 0. 0. 0.
  0. 0. 0. 0. 0. 0. 0. 0. 0. 0. 0. 0. 0. 0. 0. 0. 0. 0. 0. 0. 0. 0. 0. 0.
  0. 0. 0. 0. 0. 0. 0. 0. 0. 0. 0. 0. 0. 0. 0. 0. 0. 0. 0. 0. 0. 0. 0. 0.
  0. 0. 0. 0. 0. 0. 0. 0. 0. 0. 0. 0. 0. 0. 0. 0. 0. 0. 0. 0. 0. 0. 0. 0.
  0. 0. 0. 0.]
 [1. 1. 1. 1. 1. 1. 1. 1. 1. 1. 0. 1. 1. 1. 1. 1. 1. 1. 1. 1. 0. 0. 0. 0.
  0. 0. 0. 0. 0. 0. 0. 0. 0. 0. 0. 0. 0. 0. 0. 0. 0. 0. 0. 0. 0. 0. 0. 0.
  0. 0. 0. 0. 0. 0. 0. 0. 0. 0. 0. 0. 0. 0. 0. 0. 0. 0. 0. 0. 0. 0. 0. 0.
  0. 0. 0. 0. 0. 0. 0. 0. 0. 0. 0. 0. 0. 0. 0. 0. 0. 0. 0. 0. 0. 0. 0. 0.
  0. 0. 0. 0.]
 [1. 1. 1. 0. 0. 1. 0. 1. 0. 1. 0. 1. 1. 1. 1. 1. 0. 1. 1. 0. 0. 0. 0. 0.
  0. 0. 0. 0. 0. 0. 0. 0. 0. 0. 0. 0. 0. 0. 0. 0. 0. 0. 0. 0. 0. 0. 0. 0.
  0. 0. 0. 0. 0. 0. 0. 0. 0. 0. 0. 0. 0. 0. 0. 0. 0. 0. 0. 0. 0. 0. 0. 0.
  0. 0. 0. 0. 0. 0. 0. 0. 0. 0. 0. 0. 0. 0. 0. 0. 0. 0. 0. 0. 0. 0. 0. 0.
  0. 0. 0. 0.]
 [1. 1. 1. 0. 1. 1. 1. 0. 0. 1. 1. 0. 0. 0. 1. 0. 1. 1. 1. 1. 0. 0. 0. 0.
  0. 0. 0. 0. 0. 0. 0. 0. 0. 0. 0. 0. 0. 0. 0. 0. 0. 0. 0. 0. 0. 0. 0. 0.
  0. 0. 0. 0. 0. 0. 0. 0. 0. 0. 0. 0. 0. 0. 0. 0. 0. 0. 0. 0. 0. 0. 0. 0.
  0. 0. 0. 0. 0. 0. 0. 0. 0. 0. 0. 0. 0. 0. 0. 0. 0. 0. 0. 0. 0. 0. 0. 0.
  0. 0. 0. 0.]
 [1. 0. 1. 0. 1. 1. 1. 1. 1. 1. 1. 1. 0. 1. 0. 0. 1. 1. 1. 1. 0. 0. 0. 0.
  0. 0. 0. 0. 0. 0. 0. 0. 0. 0. 0. 0. 0. 0. 0. 0. 0. 0. 0. 0. 0. 0. 0. 0.
  0. 0. 0. 0. 0. 0. 0. 0. 0. 0. 0. 0. 0. 0. 0. 0. 0. 0. 0. 0. 0. 0. 0. 0.
  0. 0. 0. 0. 0. 0. 0. 0. 0. 0. 0. 0. 0. 0. 0. 0. 0. 0. 0. 0. 0. 0. 0. 0.
  0. 0. 0. 0.]
 [1. 0. 0. 1. 1. 1. 0. 1. 0. 1. 1. 1. 1. 0. 0. 1. 1. 1. 1. 1. 0. 0. 0. 0.
  0. 0. 0. 0. 0. 0. 0. 0. 0. 0. 0. 0. 0. 0. 0. 0. 0. 0. 0. 0. 0. 0. 0. 0.
  0. 0. 0. 0. 0. 0. 0. 0. 0. 0. 0. 0. 0. 0. 0. 0. 0. 0. 0. 0. 0. 0. 0. 0.
  0. 0. 0. 0. 0. 0. 0. 0. 0. 0. 0. 0. 0. 0. 0. 0. 0. 0. 0. 0. 0. 0. 0. 0.
  0. 0. 0. 0.]
 [0. 1. 1. 1. 1. 1. 1. 1. 1. 1. 1. 0. 1. 1. 1. 1. 1. 1. 1. 0. 0. 0. 0. 0.
  0. 0. 0. 0. 0. 0. 0. 0. 0. 0. 0. 0. 0. 0. 0. 0. 0. 0. 0. 0. 0. 0. 0. 0.
  0. 0. 0. 0. 0. 0. 0. 0. 0. 0. 0. 0. 0. 0. 0. 0. 0. 0. 0. 0. 0. 0. 0. 0.
  0. 0. 0. 0. 0. 0. 0. 0. 0. 0. 0. 0. 0. 0. 0. 0. 0. 0. 0. 0. 0. 0. 0. 0.
  0. 0. 0. 0.]
 [1. 1. 1. 0. 1. 1. 0. 1. 1. 1. 1. 1. 1. 1. 1. 1. 1. 1. 0. 1. 0. 0. 0. 0.
  0. 0. 0. 0. 0. 0. 0. 0. 0. 0. 0. 0. 0. 0. 0. 0. 0. 0. 0. 0. 0. 0. 0. 0.
  0. 0. 0. 0. 0. 0. 0. 0. 0. 0. 0. 0. 0. 0. 0. 0. 0. 0. 0. 0. 0. 0. 0. 0.
  0. 0. 0. 0. 0. 0. 0. 0. 0. 0. 0. 0. 0. 0. 0. 0. 0. 0. 0. 0. 0. 0. 0. 0.
  0. 0. 0. 0.]
 [0. 0. 1. 0. 1. 1. 1. 1. 1. 1. 1. 1. 1. 0. 1. 1. 0. 1. 1. 1. 0. 0. 0. 0.
  0. 0. 0. 0. 0. 0. 0. 0. 0. 0. 0. 0. 0. 0. 0. 0. 0. 0. 0. 0. 0. 0. 0. 0.
  0. 0. 0. 0. 0. 0. 0. 0. 0. 0. 0. 0. 0. 0. 0. 0. 0. 0. 0. 0. 0. 0. 0. 0.
  0. 0. 0. 0. 0. 0. 0. 0. 0. 0. 0. 0. 0. 0. 0. 0. 0. 0. 0. 0. 0. 0. 0. 0.
  0. 0. 0. 0.]
 [1. 1. 1. 0. 1. 0. 1. 1. 1. 1. 0. 1. 1. 1. 0. 1. 1. 1. 1. 1. 0. 0. 0. 0.
  0. 0. 0. 0. 0. 0. 0. 0. 0. 0. 0. 0. 0. 0. 0. 0. 0. 0. 0. 0. 0. 0. 0. 0.
  0. 0. 0. 0. 0. 0. 0. 0. 0. 0. 0. 0. 0. 0. 0. 0. 0. 0. 0. 0. 0. 0. 0. 0.
  0. 0. 0. 0. 0. 0. 0. 0. 0. 0. 0. 0. 0. 0. 0. 0. 0. 0. 0. 0. 0. 0. 0. 0.
  0. 0. 0. 0.]
 [1. 0. 1. 1. 1. 1. 1. 1. 0. 1. 1. 0. 1. 1. 1. 1. 0. 1. 1. 1. 0. 0. 0. 0.
  0. 0. 0. 0. 0. 0. 0. 0. 0. 0. 0. 0. 0. 0. 0. 0. 0. 0. 0. 0. 0. 0. 0. 0.
  0. 0. 0. 0. 0. 0. 0. 0. 0. 0. 0. 0. 0. 0. 0. 0. 0. 0. 0. 0. 0. 0. 0. 0.
  0. 0. 0. 0. 0. 0. 0. 0. 0. 0. 0. 0. 0. 0. 0. 0. 0. 0. 0. 0. 0. 0. 0. 0.
  0. 0. 0. 0.]
 [1. 1. 0. 0. 1. 0. 1. 1. 1. 1. 1. 1. 1. 1. 1. 1. 0. 1. 0. 1. 0. 0. 0. 0.
  0. 0. 0. 0. 0. 0. 0. 0. 0. 0. 0. 0. 0. 0. 0. 0. 0. 0. 0. 0. 0. 0. 0. 0.
  0. 0. 0. 0. 0. 0. 0. 0. 0. 0. 0. 0. 0. 0. 0. 0. 0. 0. 0. 0. 0. 0. 0. 0.
  0. 0. 0. 0. 0. 0. 0. 0. 0. 0. 0. 0. 0. 0. 0. 0. 0. 0. 0. 0. 0. 0. 0. 0.
  0. 0. 0. 0.]
 [1. 0. 1. 1. 1. 1. 0. 0. 1. 1. 1. 1. 1. 1. 1. 0. 1. 0. 1. 1. 0. 0. 0. 0.
  0. 0. 0. 0. 0. 0. 0. 0. 0. 0. 0. 0. 0. 0. 0. 0. 0. 0. 0. 0. 0. 0. 0. 0.
  0. 0. 0. 0. 0. 0. 0. 0. 0. 0. 0. 0. 0. 0. 0. 0. 0. 0. 0. 0. 0. 0. 0. 0.
  0. 0. 0. 0. 0. 0. 0. 0. 0. 0. 0. 0. 0. 0. 0. 0. 0. 0. 0. 0. 0. 0. 0. 0.
  0. 0. 0. 0.]
 [1. 0. 1. 0. 0. 1. 1. 1. 1. 0. 1. 0. 1. 1. 1. 1. 0. 1. 0. 0. 0. 0. 0. 0.
  0. 0. 0. 0. 0. 0. 0. 0. 0. 0. 0. 0. 0. 0. 0. 0. 0. 0. 0. 0. 0. 0. 0. 0.
  0. 0. 0. 0. 0. 0. 0. 0. 0. 0. 0. 0. 0. 0. 0. 0. 0. 0. 0. 0. 0. 0. 0. 0.
  0. 0. 0. 0. 0. 0. 0. 0. 0. 0. 0. 0. 0. 0. 0. 0. 0. 0. 0. 0. 0. 0. 0. 0.
  0. 0. 0. 0.]]
start_times_array: [[9.84000000e+02 6.60870000e+04 6.61270000e+04 6.62090000e+04
  6.62510000e+04 6.63900000e+04 6.65570000e+04 6.66070000e+04
  6.66640000e+04 6.66920000e+04 6.68090002e+04 6.68220002e+04
  6.68460002e+04 6.69070002e+04 6.69650000e+04 6.81740000e+04
  6.82660000e+04 6.83520000e+04 6.83570000e+04 6.83890000e+04]
 [6.71080000e+04 6.71520000e+04 6.72020000e+04 6.72410000e+04
  6.73220000e+04 6.73730000e+04 6.74650000e+04 6.75300000e+04
  6.75500000e+04 6.76250000e+04 6.76850000e+04 6.77800000e+04
  6.78080000e+04 6.78220000e+04 6.78500000e+04 6.79040000e+04
  6.79590000e+04 6.80500000e+04 6.80530000e+04 6.80810000e+04]
 [6.60870000e+04 6.61390000e+04 6.62060000e+04 6.62700000e+04
  6.63530000e+04 6.63900000e+04 6.64110000e+04 6.64210000e+04
  6.64830000e+04 6.65570000e+04 6.66430000e+04 6.67140000e+04
  6.67570000e+04 6.67810000e+04 6.67860000e+04 6.68640000e+04
  6.68740000e+04 6.69140000e+04 6.69650000e+04 6.70540000e+04]
 [6.52450000e+04 6.53760000e+04 6.54620000e+04 6.55330000e+04
  6.56130000e+04 6.56340000e+04 6.56480000e+04 6.56970000e+04
  6.57130000e+04 6.57390000e+04 6.57730000e+04 6.57750000e+04
  6.57920000e+04 6.58390000e+04 6.59070000e+04 6.59280000e+04
  6.59360000e+04 6.59440000e+04 6.59950000e+04 6.60160000e+04]
 [6.40770000e+04 6.41660000e+04 6.42160000e+04 6.42960000e+04
  6.43840000e+04 6.44000000e+04 6.44580000e+04 6.44780000e+04
  6.45100000e+04 6.45520000e+04 6.46410000e+04 6.47200000e+04
  6.48070000e+04 6.48800000e+04 6.49540000e+04 6.49710000e+04
  6.50240000e+04 6.51050000e+04 6.51900000e+04 6.53190000e+04]
 [6.32510000e+04 6.33240000e+04 6.33290000e+04 6.33550000e+04
  6.34120000e+04 6.34570000e+04 6.34970000e+04 6.35430000e+04
  6.35580000e+04 6.36370000e+04 6.36850000e+04 6.37050000e+04
  6.37740000e+04 6.37900000e+04 6.38190000e+04 6.38670000e+04
  6.39050000e+04 6.39110000e+04 6.39290000e+04 6.39910000e+04]
 [6.19760000e+04 6.20330000e+04 6.21220000e+04 6.22130000e+04
  6.23090000e+04 6.23750000e+04 6.24240000e+04 6.25120000e+04
  6.25740000e+04 6.26600000e+04 6.27400000e+04 6.27530000e+04
  6.28110000e+04 6.28920000e+04 6.29620000e+04 6.30100000e+04
  6.30710000e+04 6.30830000e+04 6.31520000e+04 6.32280000e+04]
 [6.12050000e+04 6.12350000e+04 6.13000000e+04 6.13260000e+04
  6.13860000e+04 6.14240000e+04 6.14900000e+04 6.15660000e+04
  6.16510000e+04 6.16900000e+04 6.17860000e+04 6.18050000e+04
  6.18800000e+04 6.18850000e+04 6.21280002e+04 6.21420002e+04
  6.21880002e+04 6.22150002e+04 6.22840002e+04 6.23790002e+04]
 [6.02690000e+04 6.02700000e+04 6.03690000e+04 6.04660000e+04
  6.04830000e+04 6.05340000e+04 6.05970000e+04 6.06790000e+04
  6.07580000e+04 6.08180000e+04 6.08790000e+04 6.09710000e+04
  6.10290000e+04 6.10420000e+04 6.10440000e+04 6.10470000e+04
  6.11210000e+04 6.11640000e+04 6.11980000e+04 6.12040000e+04]
 [5.92500000e+04 5.92680000e+04 5.93450000e+04 5.94070000e+04
  5.94430000e+04 5.95070000e+04 5.95420000e+04 5.96080000e+04
  5.96940000e+04 5.97920000e+04 5.98460000e+04 5.98570000e+04
  5.98980000e+04 5.99130000e+04 6.00000000e+04 6.00760000e+04
  6.01090000e+04 6.01940000e+04 6.02060000e+04 6.02070000e+04]
 [1.09410000e+04 5.83510000e+04 5.84200000e+04 5.84410000e+04
  5.85340000e+04 5.85730000e+04 5.86210000e+04 5.86670000e+04
  5.87270000e+04 5.87360000e+04 5.87970000e+04 5.88400000e+04
  5.88870000e+04 5.89340000e+04 5.90260000e+04 5.90280000e+04
  5.91050000e+04 5.91630000e+04 5.92340000e+04 5.93570000e+04]
 [5.70420000e+04 5.74800000e+04 5.75220000e+04 5.75540000e+04
  5.76880000e+04 5.77460000e+04 5.77700000e+04 5.78260000e+04
  5.78890000e+04 5.79630000e+04 5.79640000e+04 5.80060000e+04
  5.80900000e+04 5.81460000e+04 5.81900000e+04 5.82480000e+04
  5.82490000e+04 5.82540000e+04 5.83070000e+04 5.83680000e+04]
 [9.07100000e+03 5.70420000e+04 5.70580000e+04 5.70950000e+04
  5.71550000e+04 5.72090000e+04 5.72410000e+04 5.73100000e+04
  5.73350000e+04 5.73830000e+04 5.74550000e+04 5.75320000e+04
  5.75610000e+04 5.76250000e+04 5.76350000e+04 5.77220000e+04
  5.78120000e+04 5.78830000e+04 5.81360000e+04 5.82213666e+04]
 [5.59360000e+04 5.59860000e+04 5.60140000e+04 5.61130000e+04
  5.61620000e+04 5.62410000e+04 5.62480000e+04 5.62800000e+04
  5.63690000e+04 5.63810000e+04 5.64030000e+04 5.64570000e+04
  5.65450000e+04 5.66140000e+04 5.66790000e+04 5.67740000e+04
  5.68580000e+04 5.68900000e+04 5.69540000e+04 5.69870000e+04]
 [5.47200000e+04 5.48170000e+04 5.48660000e+04 5.48770000e+04
  5.49560000e+04 5.50420000e+04 5.51090000e+04 5.51600000e+04
  5.52400000e+04 5.52690000e+04 5.53440000e+04 5.54080000e+04
  5.54670000e+04 5.55590000e+04 5.56440000e+04 5.57360000e+04
  5.57390000e+04 5.58330000e+04 5.59020000e+04 5.59590000e+04]
 [5.38000000e+04 5.38750000e+04 5.38950000e+04 5.39820000e+04
  5.40490000e+04 5.41190000e+04 5.41420000e+04 5.42350000e+04
  5.42660000e+04 5.43380000e+04 5.43540000e+04 5.43900000e+04
  5.43950000e+04 5.44540000e+04 5.45290000e+04 5.46140000e+04
  5.46380000e+04 5.46670000e+04 5.46720000e+04 5.47190000e+04]
 [5.28640000e+04 5.28880000e+04 5.29010000e+04 5.29280000e+04
  5.29490000e+04 5.29780000e+04 5.29970000e+04 5.30880000e+04
  5.31250000e+04 5.32180000e+04 5.32940000e+04 5.33690000e+04
  5.33840000e+04 5.34540000e+04 5.35240000e+04 5.36150000e+04
  5.36720000e+04 5.36900000e+04 5.36980000e+04 5.37270000e+04]
 [5.18080000e+04 5.18240000e+04 5.18390000e+04 5.19150000e+04
  5.19160000e+04 5.20090000e+04 5.20960000e+04 5.21560000e+04
  5.22230000e+04 5.22500000e+04 5.23410000e+04 5.23860000e+04
  5.24140000e+04 5.24210000e+04 5.24890000e+04 5.25860000e+04
  5.25920000e+04 5.26420000e+04 5.27130000e+04 5.27650000e+04]
 [5.12650000e+04 5.14260000e+04 5.14790000e+04 5.14950000e+04
  5.15830000e+04 5.15990000e+04 5.16020000e+04 5.16510000e+04
  5.17130000e+04 5.17390000e+04 5.17650000e+04 5.19250000e+04
  5.19560000e+04 5.20310000e+04 5.20660000e+04 5.21380000e+04
  5.21750000e+04 5.22540000e+04 5.27250000e+04 5.28190000e+04]
 [5.02030000e+04 5.02960000e+04 5.03170000e+04 5.04090000e+04
  5.04690000e+04 5.05110000e+04 5.05200000e+04 5.06130000e+04
  5.06810000e+04 5.07090000e+04 5.07380000e+04 5.07830000e+04
  5.08770000e+04 5.09740000e+04 5.10520000e+04 5.10570000e+04
  5.11230000e+04 5.12080000e+04 5.12470000e+04 5.13460000e+04]
 [2.57000000e+02 3.00000000e+02 4.92890000e+04 4.93480000e+04
  4.94110000e+04 4.94670000e+04 4.95570000e+04 4.95690000e+04
  4.95810000e+04 4.96600000e+04 4.97110000e+04 4.98100000e+04
  4.99080000e+04 4.99760000e+04 4.99840000e+04 5.00450000e+04
  5.00860000e+04 5.01440000e+04 5.01520000e+04 5.01940000e+04]
 [4.84390000e+04 4.85050000e+04 4.85880000e+04 4.86260000e+04
  4.86660000e+04 4.87230000e+04 4.87850000e+04 4.88160000e+04
  4.88370000e+04 4.89250000e+04 4.89840000e+04 4.90660000e+04
  4.91620000e+04 4.92310000e+04 4.92420000e+04 4.92910000e+04
  4.92920000e+04 4.95570000e+04 4.97800002e+04 4.99200000e+04]
 [0.00000000e+00 9.29000000e+02 4.56460000e+04 4.77910000e+04
  4.78770000e+04 4.79430000e+04 4.80280000e+04 4.80300000e+04
  4.81080000e+04 4.81310000e+04 4.81590000e+04 4.81750000e+04
  4.82100000e+04 4.82650000e+04 4.83000000e+04 4.83510000e+04
  4.83540000e+04 4.83790000e+04 4.84330000e+04 4.92430000e+04]
 [1.09000000e+02 4.87000000e+02 5.50000000e+02 4.67760000e+04
  4.68810000e+04 4.69630000e+04 4.69750000e+04 4.70740000e+04
  4.71310000e+04 4.72010000e+04 4.72680000e+04 4.73500000e+04
  4.73870000e+04 4.74030000e+04 4.74500000e+04 4.75400000e+04
  4.76110000e+04 4.76850000e+04 4.77600000e+04 4.82470000e+04]
 [1.07000000e+02 3.67000000e+02 5.09000000e+02 6.01000000e+02
  6.40000000e+02 6.82000000e+02 4.61300000e+04 4.62150000e+04
  4.62500000e+04 4.63430000e+04 4.63910000e+04 4.64130000e+04
  4.64890000e+04 4.65140000e+04 4.65560000e+04 4.66210000e+04
  4.66240000e+04 4.67030000e+04 4.67980000e+04 4.68570000e+04]
 [4.50110000e+04 4.51260000e+04 4.52040000e+04 4.52540000e+04
  4.53470000e+04 4.53550000e+04 4.53620000e+04 4.54410000e+04
  4.54980000e+04 4.55930000e+04 4.56610000e+04 4.57280000e+04
  4.57430000e+04 4.58010000e+04 4.58030000e+04 4.58370000e+04
  4.59320000e+04 4.60040000e+04 4.61000000e+04 4.62180000e+04]
 [4.43600000e+04 4.43990000e+04 4.44210000e+04 4.45020000e+04
  4.45710000e+04 4.46660000e+04 4.46680000e+04 4.46900000e+04
  4.47710000e+04 4.47730000e+04 4.48640000e+04 4.48710000e+04
  4.49070000e+04 4.49340000e+04 4.50210000e+04 4.50750000e+04
  4.50990000e+04 4.51030000e+04 4.51970000e+04 4.53300000e+04]
 [3.40300000e+03 4.38910000e+04 4.39120000e+04 4.39580000e+04
  4.40490000e+04 4.40790000e+04 4.40990000e+04 4.41360000e+04
  4.41970000e+04 4.42010000e+04 4.42650000e+04 4.42800000e+04
  4.43370000e+04 4.43880000e+04 4.44290000e+04 4.45190000e+04
  4.45430000e+04 4.47640000e+04 4.49350000e+04 4.57330000e+04]
 [2.92000000e+02 2.24400000e+03 4.34280000e+04 4.35100000e+04
  4.35820000e+04 4.36230000e+04 4.36540000e+04 4.37400000e+04
  4.37470000e+04 4.38070000e+04 4.38480000e+04 4.38590000e+04
  4.38950000e+04 4.39150000e+04 4.39380000e+04 4.40190000e+04
  4.40460000e+04 4.40990000e+04 4.41070000e+04 4.42030000e+04]
 [4.22480000e+04 4.22870000e+04 4.23330000e+04 4.23700000e+04
  4.28650000e+04 4.28780000e+04 4.29270000e+04 4.29630000e+04
  4.30440000e+04 4.30990000e+04 4.31030000e+04 4.31630000e+04
  4.31830000e+04 4.32140000e+04 4.32800000e+04 4.32890000e+04
  4.33110000e+04 4.33170000e+04 4.34010000e+04 4.34950000e+04]
 [1.93000000e+02 3.98000000e+02 5.08000000e+02 5.18000000e+02
  4.22370000e+04 4.23270000e+04 4.23330000e+04 4.23420000e+04
  4.23480000e+04 4.23660000e+04 4.24630000e+04 4.25450000e+04
  4.25570000e+04 4.26190000e+04 4.26620000e+04 4.27500000e+04
  4.27540000e+04 4.27620000e+04 4.28510000e+04 4.29000000e+04]
 [9.80000000e+01 7.06000000e+02 9.41000000e+02 4.17350000e+04
  4.18350000e+04 4.19110000e+04 4.20120000e+04 4.20540000e+04
  4.21450000e+04 4.21710000e+04 4.22230000e+04 4.22680000e+04
  4.23260000e+04 4.23270000e+04 4.23460000e+04 4.25420000e+04
  4.26650000e+04 4.29140000e+04 4.30153666e+04 4.32110000e+04]
 [4.12210000e+04 4.12650000e+04 4.13430000e+04 4.13980000e+04
  4.14600000e+04 4.14610000e+04 4.14940000e+04 4.15200000e+04
  4.15400000e+04 4.15610000e+04 4.16600000e+04 4.16680000e+04
  4.17590000e+04 4.18350000e+04 4.18870000e+04 4.19200000e+04
  4.19350000e+04 4.20070000e+04 4.20410000e+04 4.20750000e+04]
 [4.63000000e+02 5.33000000e+02 5.53000000e+02 6.07000000e+02
  6.41000000e+02 6.84000000e+02 7.12000000e+02 7.71000000e+02
  8.34000000e+02 9.29000000e+02 9.61000000e+02 1.03700000e+03
  1.06500000e+03 1.76800000e+03 4.10570000e+04 4.10850000e+04
  4.11690000e+04 4.11940000e+04 4.12470000e+04 4.15690000e+04]
 [8.48100000e+03 4.02220000e+04 4.02493666e+04 4.03120000e+04
  4.03200000e+04 4.04180000e+04 4.04930000e+04 4.05640000e+04
  4.06240000e+04 4.06440000e+04 4.06590000e+04 4.06700000e+04
  4.07350000e+04 4.07910000e+04 4.08800000e+04 4.09280000e+04
  4.10110000e+04 4.10870000e+04 4.17010000e+04 4.18030000e+04]
 [3.66500000e+03 3.96880000e+04 3.97080000e+04 3.97710000e+04
  3.97810000e+04 3.98040000e+04 3.98830000e+04 3.99540000e+04
  3.99660000e+04 4.00090000e+04 4.00240000e+04 4.00860000e+04
  4.01050000e+04 4.01090000e+04 4.01550000e+04 4.02250000e+04
  4.04610000e+04 4.05340000e+04 4.05580000e+04 4.05880000e+04]
 [3.88960000e+04 3.89330000e+04 3.89910000e+04 3.93200000e+04
  3.93490000e+04 3.93690000e+04 3.93990000e+04 3.94390000e+04
  3.94730000e+04 3.95260000e+04 3.95980000e+04 3.96100000e+04
  3.96360000e+04 3.96480000e+04 3.96880000e+04 3.97810000e+04
  3.99170000e+04 4.00020000e+04 4.00440000e+04 4.00560000e+04]
 [3.87070000e+04 3.87690000e+04 3.88320000e+04 3.88940000e+04
  3.89140000e+04 3.89370000e+04 3.89810000e+04 3.90750000e+04
  3.90810000e+04 3.91640000e+04 3.92490000e+04 3.92630000e+04
  3.93340000e+04 3.93390000e+04 3.93460000e+04 3.97194103e+04
  3.97624103e+04 3.97644103e+04 3.97754103e+04 4.01420000e+04]
 [2.99000000e+02 4.53900000e+03 3.82420000e+04 3.83610000e+04
  3.83950000e+04 3.84420000e+04 3.85240000e+04 3.85530000e+04
  3.85940000e+04 3.86240000e+04 3.86820000e+04 3.87160000e+04
  3.87990000e+04 3.88140000e+04 3.88440000e+04 3.88720000e+04
  3.88960000e+04 3.89360000e+04 3.89970000e+04 3.91750000e+04]
 [2.45000000e+02 4.07000000e+02 5.81000000e+02 6.66000000e+02
  3.81284103e+04 3.81490000e+04 3.81863666e+04 3.81930000e+04
  3.82170000e+04 3.82290000e+04 3.82960000e+04 3.83260000e+04
  3.83600000e+04 3.83940000e+04 3.84110000e+04 3.84860000e+04
  3.85300000e+04 3.85790000e+04 3.86570000e+04 3.87730000e+04]
 [3.72140000e+04 3.73030000e+04 3.73430000e+04 3.73710000e+04
  3.74550000e+04 3.75330000e+04 3.76260000e+04 3.76650000e+04
  3.76790000e+04 3.77360000e+04 3.77880000e+04 3.78820000e+04
  3.78920000e+04 3.79270000e+04 3.80240000e+04 3.81170000e+04
  3.82040000e+04 3.82510000e+04 3.82780000e+04 3.87170000e+04]
 [1.85000000e+02 2.28000000e+02 2.37000000e+02 5.79000000e+02
  5.90000000e+02 1.79200000e+03 2.32400000e+03 3.66200000e+04
  3.67000000e+04 3.67080000e+04 3.67150000e+04 3.67920000e+04
  3.68890000e+04 3.69320000e+04 3.69840000e+04 3.70160000e+04
  3.70390000e+04 3.70710000e+04 3.71210000e+04 3.72200000e+04]
 [5.26000000e+02 2.21600000e+03 2.75400000e+03 3.60870000e+04
  3.61200000e+04 3.62100000e+04 3.62340000e+04 3.62550000e+04
  3.63500000e+04 3.63610000e+04 3.64170000e+04 3.64380000e+04
  3.64750000e+04 3.65470000e+04 3.65520000e+04 3.66460000e+04
  3.66740000e+04 3.67120000e+04 3.67790000e+04 3.68310000e+04]
 [3.51030000e+04 3.51850000e+04 3.52570000e+04 3.53190000e+04
  3.53800000e+04 3.54020000e+04 3.54200000e+04 3.54860000e+04
  3.55140000e+04 3.56020000e+04 3.56500000e+04 3.57370000e+04
  3.57780000e+04 3.58560000e+04 3.59260000e+04 3.59280000e+04
  3.59430000e+04 3.59560000e+04 3.59810000e+04 3.60250000e+04]
 [3.43720000e+04 3.44710000e+04 3.44950000e+04 3.45570000e+04
  3.46340000e+04 3.46550000e+04 3.47010000e+04 3.47310000e+04
  3.48200000e+04 3.48760000e+04 3.49470000e+04 3.49700000e+04
  3.50010000e+04 3.50270000e+04 3.52140000e+04 3.52840000e+04
  3.54050000e+04 3.54910000e+04 3.55650000e+04 3.77250000e+04]
 [4.47000000e+02 6.05000000e+02 7.92000000e+02 3.38280000e+04
  3.38800000e+04 3.41220000e+04 3.41390000e+04 3.41700000e+04
  3.42620000e+04 3.43290000e+04 3.44060000e+04 3.44680000e+04
  3.44790000e+04 3.44820000e+04 3.47330000e+04 3.47820000e+04
  3.48610000e+04 3.49510000e+04 3.51230000e+04 3.51630000e+04]
 [5.01000000e+03 3.36630000e+04 3.37060000e+04 3.37360000e+04
  3.37970000e+04 3.38310000e+04 3.38830000e+04 3.38900000e+04
  3.39120000e+04 3.39480000e+04 3.39840000e+04 3.39950000e+04
  3.40900000e+04 3.41010000e+04 3.41700000e+04 3.41780000e+04
  3.43710000e+04 3.44040000e+04 3.46183666e+04 3.54750000e+04]
 [3.22130000e+04 3.27870000e+04 3.27980000e+04 3.31660000e+04
  3.32160000e+04 3.32670000e+04 3.33430000e+04 3.33500000e+04
  3.34010000e+04 3.34310000e+04 3.34670000e+04 3.34840000e+04
  3.35360000e+04 3.35970000e+04 3.36060000e+04 3.36860000e+04
  3.36960000e+04 3.37710000e+04 3.38370000e+04 3.38690000e+04]
 [3.08000000e+02 4.16000000e+02 5.80000000e+02 1.84100000e+03
  3.19060000e+04 3.19150000e+04 3.19870000e+04 3.22080000e+04
  3.27330000e+04 3.28090000e+04 3.29430000e+04 3.30300000e+04
  3.31160000e+04 3.31660000e+04 3.32110000e+04 3.33060000e+04
  3.33180000e+04 3.35350000e+04 3.35870000e+04 3.36150000e+04]
 [5.00700000e+03 3.21870000e+04 3.22080000e+04 3.22680000e+04
  3.23200000e+04 3.23620000e+04 3.24090000e+04 3.24860000e+04
  3.25790000e+04 3.26060000e+04 3.26680000e+04 3.26920000e+04
  3.27290000e+04 3.27330000e+04 3.28080000e+04 3.28640000e+04
  3.28800000e+04 3.29560000e+04 3.30200000e+04 3.31050000e+04]
 [4.95000000e+02 8.41000000e+02 2.64100000e+03 3.16020000e+04
  3.16490000e+04 3.17170000e+04 3.17620000e+04 3.18100000e+04
  3.18430000e+04 3.19060000e+04 3.19350000e+04 3.19710000e+04
  3.19960000e+04 3.20700000e+04 3.20890000e+04 3.21090000e+04
  3.23700000e+04 3.24490000e+04 3.24810000e+04 3.25500000e+04]
 [3.08770000e+04 3.09480000e+04 3.09550000e+04 3.10250000e+04
  3.10780000e+04 3.11670000e+04 3.12060000e+04 3.12920000e+04
  3.12940000e+04 3.13860000e+04 3.13910000e+04 3.14430000e+04
  3.15060000e+04 3.15330000e+04 3.16080000e+04 3.16540000e+04
  3.16570000e+04 3.17550000e+04 3.18370000e+04 3.21920000e+04]
 [5.40000000e+01 1.48000000e+02 2.64000000e+02 3.00000000e+02
  1.87841034e+03 3.01620000e+04 3.02060000e+04 3.03090000e+04
  3.03840000e+04 3.04410000e+04 3.05200000e+04 3.06110000e+04
  3.06880000e+04 3.07050000e+04 3.07910000e+04 3.08490000e+04
  3.08920000e+04 3.09070000e+04 3.09970000e+04 3.13073666e+04]
 [2.93630000e+04 2.93720000e+04 2.94030000e+04 2.94740000e+04
  2.95250000e+04 2.95310000e+04 2.95680000e+04 2.95720000e+04
  2.96530000e+04 2.97510000e+04 2.98480000e+04 2.99060000e+04
  2.99250000e+04 3.00090000e+04 3.00120000e+04 3.01080000e+04
  3.01580000e+04 3.01790000e+04 3.02650000e+04 3.05554103e+04]
 [9.20000000e+01 2.38000000e+02 3.68000000e+02 2.81074103e+04
  2.86500000e+04 2.86700000e+04 2.87390000e+04 2.87890000e+04
  2.87900000e+04 2.88830000e+04 2.89640000e+04 2.89820000e+04
  2.90460000e+04 2.90860000e+04 2.91250000e+04 2.92110000e+04
  2.93030000e+04 2.97070002e+04 2.97760002e+04 2.99600000e+04]
 [2.76770000e+04 2.77810000e+04 2.78610000e+04 2.78690000e+04
  2.79670000e+04 2.80230000e+04 2.80700000e+04 2.80960000e+04
  2.81260000e+04 2.81750000e+04 2.82300000e+04 2.83050000e+04
  2.83710000e+04 2.84150000e+04 2.84270000e+04 2.84870000e+04
  2.85680000e+04 2.86500000e+04 2.86880000e+04 2.87170000e+04]
 [2.69693666e+04 2.70470000e+04 2.70650000e+04 2.70970000e+04
  2.71750000e+04 2.72700000e+04 2.73100000e+04 2.73890000e+04
  2.74240000e+04 2.74650000e+04 2.75050000e+04 2.75700000e+04
  2.76590000e+04 2.76750000e+04 2.76950000e+04 2.80780002e+04
  2.81750002e+04 2.82670000e+04 2.83530000e+04 2.84240000e+04]
 [1.00000000e+00 7.00000000e+00 5.80000000e+01 3.09000000e+02
  4.25000000e+02 8.64000000e+02 1.03700000e+03 1.08700000e+03
  1.18600000e+03 1.28200000e+03 2.61780000e+04 2.62250000e+04
  2.66140000e+04 2.66580000e+04 2.67260000e+04 2.67770000e+04
  2.68470000e+04 2.68760000e+04 2.69530000e+04 2.73040000e+04]
 [2.01800000e+03 2.57590000e+04 2.58320000e+04 2.58520000e+04
  2.58780000e+04 2.58890000e+04 2.59350000e+04 2.59700000e+04
  2.60570000e+04 2.61410000e+04 2.62360000e+04 2.63200000e+04
  2.64170000e+04 2.64670000e+04 2.64770000e+04 2.65760000e+04
  2.66730000e+04 2.67590000e+04 2.68420000e+04 2.68690000e+04]
 [2.47070000e+04 2.47710000e+04 2.47950000e+04 2.48940000e+04
  2.49740000e+04 2.50520000e+04 2.50620000e+04 2.51150000e+04
  2.51250000e+04 2.52240000e+04 2.53090000e+04 2.53890000e+04
  2.53960000e+04 2.54200000e+04 2.54860000e+04 2.55780000e+04
  2.56520000e+04 2.57500000e+04 2.57680000e+04 2.57980000e+04]
 [1.49000000e+02 2.38100000e+04 2.39520002e+04 2.40080002e+04
  2.41273666e+04 2.42280000e+04 2.42660000e+04 2.43540000e+04
  2.44180000e+04 2.44890000e+04 2.45480000e+04 2.45590000e+04
  2.45910000e+04 2.46620000e+04 2.47240000e+04 2.47510000e+04
  2.49570000e+04 2.50110000e+04 2.50540000e+04 2.56480000e+04]
 [2.26474103e+04 2.33040000e+04 2.33510000e+04 2.34110000e+04
  2.34940000e+04 2.35070000e+04 2.35490000e+04 2.35650000e+04
  2.36250000e+04 2.37180000e+04 2.37980000e+04 2.38310000e+04
  2.38450000e+04 2.39040000e+04 2.40030000e+04 2.41000000e+04
  2.41550000e+04 2.41580000e+04 2.41980000e+04 2.49860000e+04]
 [5.30000000e+01 5.31000000e+02 5.33000000e+02 5.64000000e+02
  7.49000000e+02 2.32360000e+04 2.33230000e+04 2.33720000e+04
  2.33970000e+04 2.34020000e+04 2.34440000e+04 2.35100000e+04
  2.35280000e+04 2.35290000e+04 2.35720000e+04 2.36040000e+04
  2.36500000e+04 2.36980000e+04 2.40530002e+04 2.40940000e+04]
 [4.10000000e+02 3.86500022e+03 2.23840000e+04 2.24010000e+04
  2.24200000e+04 2.24550000e+04 2.24830000e+04 2.25020000e+04
  2.25310000e+04 2.26110000e+04 2.26700000e+04 2.27560000e+04
  2.28510000e+04 2.28870000e+04 2.29660000e+04 2.30480000e+04
  2.31370000e+04 2.32090000e+04 2.33520000e+04 2.37560000e+04]
 [1.83400000e+03 2.11790000e+04 2.12480000e+04 2.14150000e+04
  2.14850000e+04 2.15720000e+04 2.16560000e+04 2.17180000e+04
  2.17590000e+04 2.17650000e+04 2.18010000e+04 2.18130000e+04
  2.18310000e+04 2.18990000e+04 2.19950000e+04 2.20850000e+04
  2.21190000e+04 2.21860000e+04 2.22470000e+04 2.23200000e+04]
 [1.73000000e+03 2.06630000e+04 2.07044103e+04 2.07434103e+04
  2.07774103e+04 2.08190000e+04 2.08380000e+04 2.09330000e+04
  2.09450000e+04 2.09550000e+04 2.09850000e+04 2.10190000e+04
  2.11110000e+04 2.11250000e+04 2.11400000e+04 2.11500000e+04
  2.12480000e+04 2.13230000e+04 2.13850000e+04 2.13970000e+04]
 [1.96574103e+04 1.99840000e+04 2.00670000e+04 2.01600000e+04
  2.02580000e+04 2.02910000e+04 2.03720000e+04 2.04120000e+04
  2.04300000e+04 2.05260000e+04 2.05780000e+04 2.06290000e+04
  2.07280000e+04 2.07620000e+04 2.08080000e+04 2.08380000e+04
  2.08930000e+04 2.09370000e+04 2.10340000e+04 2.18830000e+04]
 [4.27700000e+03 1.92500000e+04 1.93910000e+04 1.96570000e+04
  1.96790000e+04 1.97520000e+04 1.98280000e+04 1.98870000e+04
  1.99610000e+04 1.99840000e+04 2.00740000e+04 2.01270000e+04
  2.01380000e+04 2.01810000e+04 2.02690000e+04 2.03590000e+04
  2.04240000e+04 2.04680000e+04 2.08070000e+04 2.08770000e+04]
 [3.52000000e+02 5.10000000e+02 6.20000000e+02 6.61000000e+02
  7.68000000e+02 9.24000000e+02 1.46100000e+03 1.92330000e+04
  1.92550000e+04 1.92930000e+04 1.93150000e+04 1.93540000e+04
  1.93910000e+04 1.94670000e+04 1.94980000e+04 1.95220000e+04
  1.95680000e+04 1.95880000e+04 1.97120000e+04 1.97650000e+04]
 [1.58000000e+02 5.19000000e+02 1.84580000e+04 1.85420000e+04
  1.85470000e+04 1.85670000e+04 1.86090000e+04 1.86750000e+04
  1.87070000e+04 1.87500000e+04 1.88080000e+04 1.88710000e+04
  1.89600000e+04 1.90140000e+04 1.90930000e+04 1.91210000e+04
  1.91630000e+04 1.92530000e+04 1.92590000e+04 1.93250000e+04]
 [5.12000000e+02 7.12000000e+02 8.04000000e+02 2.48341034e+03
  4.32900000e+03 1.79160000e+04 1.79750000e+04 1.79770000e+04
  1.80010000e+04 1.80070000e+04 1.80680000e+04 1.80820000e+04
  1.81740000e+04 1.82010000e+04 1.82830000e+04 1.83460000e+04
  1.83480000e+04 1.83750000e+04 1.84000000e+04 1.84510000e+04]
 [1.72980000e+04 1.73210000e+04 1.73830000e+04 1.74270000e+04
  1.74590000e+04 1.75280000e+04 1.76140000e+04 1.76380000e+04
  1.76800000e+04 1.77110000e+04 1.77460000e+04 1.77700000e+04
  1.78040000e+04 1.78160000e+04 1.78510000e+04 1.79020000e+04
  1.82540000e+04 1.82590000e+04 1.82743666e+04 1.91120000e+04]
 [3.40300000e+03 1.61570002e+04 1.64310000e+04 1.65600000e+04
  1.66230000e+04 1.67200000e+04 1.68030000e+04 1.68540000e+04
  1.69090000e+04 1.69230000e+04 1.70010000e+04 1.70180000e+04
  1.70920000e+04 1.71010000e+04 1.71640000e+04 1.71860000e+04
  1.72570000e+04 1.73180000e+04 1.73990000e+04 1.78500000e+04]
 [2.06900000e+03 4.87700000e+03 1.57740000e+04 1.57860000e+04
  1.58220000e+04 1.59190000e+04 1.60050000e+04 1.60140000e+04
  1.60790000e+04 1.61300000e+04 1.61600000e+04 1.61750000e+04
  1.62160000e+04 1.63070000e+04 1.63530000e+04 1.63710000e+04
  1.63920000e+04 1.64810000e+04 1.64830000e+04 1.68250000e+04]
 [2.47000000e+02 1.49110000e+04 1.49764103e+04 1.52300000e+04
  1.53090000e+04 1.53130000e+04 1.53200000e+04 1.53690000e+04
  1.54140000e+04 1.54230000e+04 1.54920000e+04 1.55780000e+04
  1.56720000e+04 1.57620000e+04 1.57860000e+04 1.58070000e+04
  1.58750000e+04 1.60190000e+04 1.60470000e+04 1.70030000e+04]
 [4.03000000e+02 5.29000000e+02 6.75000000e+02 7.71000000e+02
  1.10300000e+03 1.36800000e+03 1.83400000e+03 2.85841034e+03
  2.94500000e+03 1.44060000e+04 1.48190000e+04 1.48810000e+04
  1.49720000e+04 1.49900000e+04 1.50280000e+04 1.50750000e+04
  1.51730000e+04 1.52240000e+04 1.52360000e+04 1.52620000e+04]
 [1.11200000e+03 1.22530000e+04 1.27230000e+04 1.40140000e+04
  1.40590000e+04 1.40920000e+04 1.41420000e+04 1.42110000e+04
  1.42250000e+04 1.43140000e+04 1.44000000e+04 1.44570000e+04
  1.44740000e+04 1.45540000e+04 1.45860000e+04 1.46580000e+04
  1.46910000e+04 1.47420000e+04 1.47730000e+04 1.48160000e+04]
 [4.01000000e+02 4.45000000e+02 4.49000000e+02 6.77000000e+02
  7.04000000e+02 9.72000000e+02 1.27890000e+04 1.28810000e+04
  1.35290000e+04 1.35530000e+04 1.35660000e+04 1.35740000e+04
  1.36290000e+04 1.36950000e+04 1.37760000e+04 1.37880000e+04
  1.38010000e+04 1.38580000e+04 1.39350000e+04 1.39600000e+04]
 [1.25740000e+04 1.26730000e+04 1.27570000e+04 1.28290000e+04
  1.29080000e+04 1.29800000e+04 1.30270000e+04 1.30740000e+04
  1.31660000e+04 1.32150000e+04 1.32640000e+04 1.33070000e+04
  1.33400000e+04 1.33700000e+04 1.33860000e+04 1.34210000e+04
  1.34230000e+04 1.34700000e+04 1.35290000e+04 1.35730000e+04]
 [1.18810000e+04 1.19140000e+04 1.19890000e+04 1.19910000e+04
  1.20170000e+04 1.20370000e+04 1.20910000e+04 1.21540000e+04
  1.21850000e+04 1.22290000e+04 1.23270000e+04 1.24000000e+04
  1.24410000e+04 1.24930000e+04 1.26930000e+04 1.28280000e+04
  1.28850000e+04 1.29100000e+04 1.30160000e+04 1.34900000e+04]
 [1.13930000e+04 1.14250000e+04 1.14400000e+04 1.15000000e+04
  1.17670000e+04 1.18170000e+04 1.18480000e+04 1.18650000e+04
  1.18990000e+04 1.19140000e+04 1.20120000e+04 1.20890000e+04
  1.21460000e+04 1.22040000e+04 1.24964103e+04 1.25174103e+04
  1.25424103e+04 1.25834103e+04 1.26614103e+04 1.27413666e+04]
 [3.38000000e+02 4.87000000e+02 1.08550000e+04 1.09700000e+04
  1.10380000e+04 1.11070000e+04 1.11780000e+04 1.12220000e+04
  1.12320000e+04 1.13080000e+04 1.13900000e+04 1.14440000e+04
  1.14840000e+04 1.15300000e+04 1.15770000e+04 1.16190000e+04
  1.17050000e+04 1.20090000e+04 1.20500000e+04 1.20770000e+04]
 [6.02000000e+02 1.05550000e+04 1.06010000e+04 1.06230000e+04
  1.06890000e+04 1.06940000e+04 1.07270000e+04 1.07540000e+04
  1.08470000e+04 1.08710000e+04 1.09310000e+04 1.09700000e+04
  1.10630000e+04 1.11170000e+04 1.11270000e+04 1.11870000e+04
  1.12010000e+04 1.12220000e+04 1.14770000e+04 1.14950000e+04]
 [1.01050000e+04 1.01890000e+04 1.02040000e+04 1.02630000e+04
  1.03080000e+04 1.03710000e+04 1.04420000e+04 1.05280000e+04
  1.05300000e+04 1.05720000e+04 1.06180000e+04 1.06570000e+04
  1.06660000e+04 1.06730000e+04 1.07050000e+04 1.07830000e+04
  1.07950000e+04 1.08730000e+04 1.09700000e+04 1.15514103e+04]
 [2.50000000e+01 9.11900000e+03 9.12100000e+03 9.31400000e+03
  9.46500000e+03 9.51400000e+03 9.53500000e+03 9.56400000e+03
  9.62400000e+03 9.71200000e+03 9.78300000e+03 9.87100000e+03
  9.87700000e+03 9.91700000e+03 9.97000000e+03 9.97200000e+03
  1.00600000e+04 1.00980000e+04 1.06300000e+04 1.11670000e+04]
 [3.68000000e+02 3.84000000e+02 5.77000000e+02 6.61000000e+02
  8.91300000e+03 8.95800000e+03 9.11900000e+03 9.19600000e+03
  9.21000000e+03 9.28100000e+03 9.35000000e+03 9.38300000e+03
  9.40500000e+03 9.45900000e+03 9.51500000e+03 9.54600000e+03
  9.56400000e+03 9.62700000e+03 9.70900000e+03 9.80700000e+03]
 [8.35800000e+03 8.37300000e+03 8.41500000e+03 8.45900000e+03
  8.53900000e+03 8.55400000e+03 8.57800000e+03 8.65400000e+03
  8.72500000e+03 8.76300000e+03 8.79000000e+03 8.83800000e+03
  8.87600000e+03 8.94900000e+03 8.99100000e+03 8.99900000e+03
  9.05100000e+03 9.11900000e+03 9.15900000e+03 9.25100000e+03]
 [5.75000000e+02 7.90100000e+03 7.90400000e+03 7.98600000e+03
  8.00600000e+03 8.00700000e+03 8.05200000e+03 8.13100000e+03
  8.20100000e+03 8.24700000e+03 8.29500000e+03 8.35800000e+03
  8.44500000e+03 8.49200000e+03 8.53500000e+03 8.53600000e+03
  8.58400000e+03 8.64900000e+03 9.00500000e+03 9.03000000e+03]
 [7.39300000e+03 7.40500000e+03 7.42200000e+03 7.47700000e+03
  7.55200000e+03 7.60800000e+03 7.69700000e+03 7.70300000e+03
  7.74900000e+03 7.77100000e+03 7.81500000e+03 7.81700000e+03
  7.83100000e+03 7.86700000e+03 7.96300000e+03 7.96900000e+03
  8.00600000e+03 8.12400000e+03 8.21800000e+03 8.34400000e+03]
 [2.82141034e+03 6.38300000e+03 6.41100000e+03 6.42700000e+03
  6.50700000e+03 6.51700000e+03 6.60700000e+03 6.68300000e+03
  6.70000000e+03 6.72800000e+03 6.76800000e+03 6.84400000e+03
  6.87400000e+03 6.92600000e+03 7.00300000e+03 7.01800000e+03
  7.06800000e+03 7.16700000e+03 7.26600000e+03 7.33000000e+03]
 [1.05000000e+02 1.93000000e+02 2.52000000e+02 2.78000000e+02
  2.87000000e+02 4.00000000e+02 4.47000000e+02 5.29000000e+02
  5.81000000e+02 5.99600000e+03 6.05900000e+03 6.09600000e+03
  6.15500000e+03 6.23300000e+03 6.28400000e+03 6.35900000e+03
  6.38300000e+03 6.46000000e+03 6.48800000e+03 6.58500000e+03]
 [4.97036660e+03 5.40700000e+03 5.49500000e+03 5.52500000e+03
  5.61700000e+03 5.62500000e+03 5.71500000e+03 5.79700000e+03
  5.80600000e+03 5.85900000e+03 5.95400000e+03 6.00500000e+03
  6.05900000e+03 6.08800000e+03 6.17400000e+03 6.18100000e+03
  6.23900000e+03 6.30500000e+03 6.38900000e+03 7.28800000e+03]
 [4.54200000e+03 4.54700000e+03 4.60800000e+03 4.94200000e+03
  5.00100000e+03 5.01100000e+03 5.09900000e+03 5.15500000e+03
  5.21000000e+03 5.28300000e+03 5.34800000e+03 5.41400000e+03
  5.43100000e+03 5.43600000e+03 5.45800000e+03 5.49800000e+03
  5.54000000e+03 5.54100000e+03 5.59200000e+03 5.68700000e+03]
 [3.88700022e+03 4.02900000e+03 4.29300000e+03 4.33900000e+03
  4.35300000e+03 4.41500000e+03 4.43100000e+03 4.45500000e+03
  4.47200000e+03 4.54200000e+03 4.60800000e+03 4.66500000e+03
  4.72000000e+03 4.79900000e+03 4.89800000e+03 4.92500000e+03
  4.94200000e+03 5.01700000e+03 5.02300000e+03 5.09900000e+03]
 [4.48000000e+02 2.43900000e+03 3.45600000e+03 3.52400000e+03
  3.59800000e+03 3.63700000e+03 3.70500000e+03 3.73300000e+03
  3.74000000e+03 3.80700000e+03 3.81400000e+03 3.90600000e+03
  3.95100000e+03 4.01800000e+03 4.05300000e+03 4.12300000e+03
  4.17500000e+03 4.24000000e+03 4.33900000e+03 4.36000000e+03]
 [2.00000000e+00 2.05000000e+02 5.16000000e+02 2.76000000e+03
  2.83500000e+03 2.85100000e+03 2.92100000e+03 2.96000000e+03
  3.02200000e+03 3.08700000e+03 3.18600000e+03 3.24300000e+03
  3.25000000e+03 3.30400000e+03 3.35600000e+03 3.40300000e+03
  3.44600000e+03 3.44700000e+03 3.51200000e+03 3.70400000e+03]
 [0.00000000e+00 7.62000000e+02 1.89800000e+03 1.98000000e+03
  2.03400000e+03 2.12800000e+03 2.15600000e+03 2.23100000e+03
  2.23200000e+03 2.31600000e+03 2.37700000e+03 2.39400000e+03
  2.43900000e+03 2.51100000e+03 2.56900000e+03 2.64700000e+03
  2.71000000e+03 2.76000000e+03 2.83700000e+03 2.89600000e+03]
 [9.67000000e+02 1.25900000e+03 1.33700000e+03 1.35700000e+03
  1.44900000e+03 1.50600000e+03 1.60100000e+03 1.62600000e+03
  1.67000000e+03 1.67800000e+03 1.77100000e+03 1.79200000e+03
  1.81300000e+03 1.86000000e+03 1.89800000e+03 1.93100000e+03
  1.97900000e+03 2.44741034e+03 2.51641034e+03 2.56736660e+03]
 [2.40000000e+01 2.60000000e+01 3.00000000e+01 7.40000000e+01
  1.12000000e+02 2.05000000e+02 2.99000000e+02 3.92000000e+02
  4.10000000e+02 1.03700000e+03 1.10300000e+03 1.14100000e+03
  1.20100000e+03 1.28800000e+03 1.33700000e+03 1.38900000e+03
  1.46100000e+03 1.48000000e+03 1.48500000e+03 1.67200000e+03]
 [0.00000000e+00 6.30000000e+01 8.40000000e+01 1.05000000e+02
  1.58000000e+02 2.37000000e+02 2.47000000e+02 2.60000000e+02
  3.05000000e+02 3.68000000e+02 4.07000000e+02 4.45000000e+02
  4.95000000e+02 5.75000000e+02 6.20000000e+02 7.04000000e+02
  7.15000000e+02 7.44000000e+02 8.34000000e+02 8.88000000e+02]]
