optimal_status: 0
solution: 15102.0
cpu_time: 3600.424315929413
gap: 0.915309230565488
upper_bound: 1279.0
lower_bound: 15102.0
cg_matrix: [[0. 1. 0. 1. 1. 1. 1. 1. 0. 1. 1. 0. 1. 1. 1. 0. 1. 1. 0. 1.]
 [1. 0. 1. 1. 1. 1. 1. 1. 1. 1. 1. 0. 1. 1. 1. 1. 0. 0. 1. 1.]
 [0. 1. 0. 1. 1. 1. 0. 1. 1. 1. 1. 1. 1. 1. 1. 1. 1. 1. 1. 1.]
 [1. 1. 1. 0. 1. 1. 1. 1. 1. 1. 1. 0. 0. 0. 1. 0. 0. 1. 1. 0.]
 [1. 1. 1. 1. 0. 1. 1. 0. 0. 0. 0. 1. 1. 1. 1. 1. 1. 1. 1. 0.]
 [1. 1. 1. 1. 1. 0. 1. 0. 1. 1. 0. 1. 1. 1. 1. 0. 1. 0. 0. 1.]
 [1. 1. 0. 1. 1. 1. 0. 1. 0. 1. 0. 1. 1. 0. 1. 0. 1. 1. 1. 1.]
 [1. 1. 1. 1. 0. 0. 1. 0. 1. 0. 0. 0. 1. 1. 1. 1. 1. 1. 0. 0.]
 [0. 1. 1. 1. 0. 1. 0. 1. 0. 1. 1. 1. 1. 1. 1. 1. 1. 1. 1. 1.]
 [1. 1. 1. 1. 0. 1. 1. 0. 1. 0. 1. 1. 0. 1. 0. 1. 1. 1. 1. 0.]
 [1. 1. 1. 1. 0. 0. 0. 0. 1. 1. 0. 0. 1. 1. 1. 1. 0. 1. 1. 1.]
 [0. 0. 1. 0. 1. 1. 1. 0. 1. 1. 0. 0. 1. 1. 0. 1. 1. 1. 0. 1.]
 [1. 1. 1. 0. 1. 1. 1. 1. 1. 0. 1. 1. 0. 1. 1. 1. 1. 1. 1. 0.]
 [1. 1. 1. 0. 1. 1. 0. 1. 1. 1. 1. 1. 1. 0. 1. 1. 1. 1. 1. 1.]
 [1. 1. 1. 1. 1. 1. 1. 1. 1. 0. 1. 0. 1. 1. 0. 1. 1. 1. 1. 1.]
 [0. 1. 1. 0. 1. 0. 0. 1. 1. 1. 1. 1. 1. 1. 1. 0. 0. 0. 1. 1.]
 [1. 0. 1. 0. 1. 1. 1. 1. 1. 1. 0. 1. 1. 1. 1. 0. 0. 0. 1. 0.]
 [1. 0. 1. 1. 1. 0. 1. 1. 1. 1. 1. 1. 1. 1. 1. 0. 0. 0. 1. 1.]
 [0. 1. 1. 1. 1. 0. 1. 0. 1. 1. 1. 0. 1. 1. 1. 1. 1. 1. 0. 1.]
 [1. 1. 1. 0. 0. 1. 1. 0. 1. 0. 1. 1. 0. 1. 1. 1. 0. 1. 1. 0.]]
start_times_array: [[  543.           587.           750.          1050.
   1164.          1638.          1691.          1722.
   2982.          3036.         14611.         14675.
  14799.         14829.         14919.         14980.
  15020.         15027.         15042.         15092.        ]
 [  557.         13867.         13909.         13978.
  13990.         14074.         14098.         14185.
  14254.         14299.         14336.         14374.
  14446.         14500.         14566.         14671.
  14718.         14779.         14853.         14902.        ]
 [ 2923.          4070.          7017.         10229.
  13032.         13097.         13172.         13264.
  13333.         13373.         13399.         13468.
  13498.         13516.         13604.         13653.
  13721.         13746.         13747.         13842.        ]
 [  268.           357.           418.         11348.
  11860.         11959.         12040.         12199.
  12299.         12390.         12411.         12437.
  12495.         12586.         12593.         12688.
  12779.         12923.         12937.         12983.        ]
 [  116.           178.           266.           345.
    460.         11203.         11302.         11413.
  11448.         11535.         11588.         11648.
  11702.         11801.         12155.         12165.
  12232.         12307.         12338.         12870.        ]
 [  649.           958.          1131.          1229.
   1237.          1246.          1343.          1387.
   1388.          1457.         10702.         10758.
  10844.         10895.         10990.         11030.
  11062.         11146.         11200.         12124.        ]
 [  670.          2895.          8490.         10145.
  10207.         10217.         10236.         10239.
  10308.         10359.         10415.         10435.
  10486.         10527.         10539.         10545.
  10590.         10607.         10609.         10719.        ]
 [ 1040.          1408.          7263.          8704.
   8935.          9097.          9463.          9547.
   9550.          9553.          9630.          9735.
   9778.          9787.          9871.          9872.
   9883.          9942.         10039.         10062.        ]
 [ 2105.          6864.          7093.          8490.
   8494.          8588.          8598.          8688.
   8785.          8803.          8866.          9183.
   9222.          9321.          9398.          9492.
   9708.         10145.         10359.         10453.        ]
 [  178.           860.          7742.          7748.
   7822.          7846.          7900.          7985.
   7992.          8052.          8101.          8193.
   8252.          8278.          8375.          8462.
   8704.          9051.          9097.          9101.        ]
 [ 4489.          6352.          6559.          6651.
   6706.          6744.          6767.          7051.
   7127.          7221.          7316.          7409.
   7440.          7531.          7534.          7564.
   7592.          7648.          7669.          7720.        ]
 [  528.           584.           789.          1050.
   1173.          1708.          1753.          1794.
   6559.          6611.          6699.          6796.
   7051.          7260.          7276.          7436.99999847
   8858.          8935.          8985.          9550.        ]
 [  357.          5172.          5256.          5423.
   5448.          5618.          5730.          5813.
   5880.          5939.          6029.          6120.
   6170.          6192.          6201.          6213.
   6241.          6269.          6309.          6530.        ]
 [ 1903.          3075.          3512.          3587.
   3793.          4115.          4420.          4439.
   4625.          4711.          4794.          4807.
   4856.          4886.          5001.          5047.
   5250.          5346.          5531.          6953.        ]
 [  782.          3196.          3292.          3368.
   3410.          3449.          3466.          3526.
   3620.          3637.          3666.          3735.
   3843.          3912.          4010.          4206.
   4303.          4379.          4538.          4593.        ]
 [ 1297.          1865.          2028.          2135.
   2139.          2211.          2242.          2274.
   2392.          2492.          2557.          2579.
   2663.          2755.          2843.          2863.
   2983.          3105.          4929.          5114.        ]
 [  101.          1297.          1992.          2043.
   2052.          2108.          2122.          2195.
   2288.          2367.          2430.          2451.
   2519.          2528.          2603.          2628.
   2723.          2764.          2815.          3016.        ]
 [ 1490.          2036.          2086.          2108.
   2189.          2190.          2196.          2211.
   2241.          2260.          2296.          2360.
   2492.          2532.          2564.          2641.
   2703.          2764.          2771.          3118.        ]
 [  528.           569.           604.           611.
    716.           717.           958.          1069.
   1108.          1175.          1268.          1334.
   1388.          1429.          1483.          1623.
   1708.          1782.          5658.          6451.        ]
 [    0.            31.            40.           116.
    170.           227.           267.           315.
    332.           336.           349.           436.
    460.           874.          1540.          1622.
   1861.          1968.          2436.          5172.        ]]
