optimal_status: 0
solution: 6851.0
cpu_time: 3600.371360063553
gap: 0.706654073442551
upper_bound: 2009.7129428450826
lower_bound: 6851.0
cg_matrix: [[0. 0. 1. 0. 0. 0. 0. 0. 0. 0. 0. 0. 0. 0. 0. 0. 0. 0. 0. 1. 0. 1. 1. 0.
  0. 0. 0. 0. 0. 0. 0. 0. 0. 0. 1. 0. 1. 0. 0. 0. 0. 0. 1. 0. 0. 0. 0. 0.
  0. 1.]
 [0. 0. 0. 0. 0. 1. 0. 0. 0. 0. 0. 0. 0. 1. 0. 0. 1. 1. 1. 0. 1. 0. 0. 0.
  0. 1. 0. 0. 0. 1. 0. 0. 1. 0. 1. 1. 0. 0. 0. 0. 0. 0. 1. 0. 1. 0. 1. 0.
  0. 0.]
 [1. 0. 0. 0. 0. 0. 0. 0. 1. 0. 0. 0. 0. 0. 0. 0. 0. 1. 0. 1. 0. 0. 0. 0.
  0. 0. 1. 0. 0. 0. 0. 0. 0. 0. 0. 0. 1. 0. 0. 1. 1. 0. 0. 0. 0. 0. 0. 1.
  0. 0.]
 [0. 0. 0. 0. 0. 0. 0. 0. 0. 0. 0. 0. 0. 0. 0. 0. 1. 0. 0. 0. 0. 0. 0. 0.
  0. 0. 0. 1. 0. 0. 1. 1. 0. 0. 1. 0. 1. 0. 0. 0. 0. 0. 0. 0. 0. 0. 0. 0.
  0. 1.]
 [0. 0. 0. 0. 0. 0. 0. 0. 0. 0. 0. 0. 0. 1. 0. 0. 1. 0. 0. 0. 0. 0. 0. 0.
  0. 1. 1. 0. 1. 0. 0. 0. 1. 0. 0. 0. 0. 0. 0. 0. 0. 0. 1. 1. 0. 0. 0. 0.
  0. 0.]
 [0. 1. 0. 0. 0. 0. 0. 0. 0. 1. 0. 0. 0. 0. 0. 0. 0. 0. 1. 1. 0. 0. 0. 0.
  1. 1. 0. 0. 1. 0. 0. 0. 0. 0. 0. 0. 0. 0. 1. 1. 0. 0. 0. 0. 0. 0. 0. 0.
  0. 0.]
 [0. 0. 0. 0. 0. 0. 0. 0. 0. 0. 0. 0. 0. 0. 0. 0. 1. 0. 0. 0. 0. 1. 0. 0.
  0. 0. 0. 1. 0. 1. 0. 0. 0. 0. 1. 0. 1. 0. 0. 0. 0. 0. 0. 0. 0. 0. 1. 0.
  1. 0.]
 [0. 0. 0. 0. 0. 0. 0. 0. 1. 0. 0. 0. 0. 1. 0. 0. 0. 0. 0. 0. 0. 0. 0. 0.
  0. 1. 0. 0. 0. 0. 0. 0. 0. 0. 1. 0. 1. 0. 0. 0. 0. 1. 0. 0. 0. 0. 0. 0.
  0. 0.]
 [0. 0. 1. 0. 0. 0. 0. 1. 0. 0. 0. 0. 0. 0. 1. 0. 0. 0. 0. 0. 0. 0. 0. 0.
  0. 1. 1. 0. 0. 0. 0. 1. 0. 0. 0. 0. 0. 0. 0. 0. 0. 0. 1. 1. 0. 0. 0. 0.
  0. 0.]
 [0. 0. 0. 0. 0. 1. 0. 0. 0. 0. 0. 0. 1. 0. 0. 0. 0. 0. 1. 0. 0. 1. 0. 0.
  0. 1. 0. 0. 1. 0. 0. 0. 1. 0. 0. 0. 0. 0. 0. 1. 0. 0. 0. 1. 0. 0. 0. 1.
  0. 0.]
 [0. 0. 0. 0. 0. 0. 0. 0. 0. 0. 0. 0. 0. 0. 0. 0. 0. 0. 1. 1. 0. 0. 0. 1.
  0. 0. 0. 0. 0. 1. 0. 0. 0. 0. 0. 0. 1. 0. 0. 0. 0. 0. 0. 0. 0. 1. 1. 0.
  0. 0.]
 [0. 0. 0. 0. 0. 0. 0. 0. 0. 0. 0. 0. 0. 0. 0. 0. 1. 1. 0. 0. 0. 0. 0. 0.
  0. 0. 1. 0. 0. 0. 0. 0. 0. 0. 0. 0. 0. 0. 1. 0. 1. 0. 0. 0. 0. 0. 0. 0.
  0. 0.]
 [0. 0. 0. 0. 0. 0. 0. 0. 0. 1. 0. 0. 0. 0. 0. 0. 0. 0. 0. 0. 1. 1. 0. 0.
  1. 1. 0. 0. 0. 0. 0. 0. 0. 1. 1. 0. 1. 0. 1. 0. 0. 0. 0. 0. 0. 1. 0. 0.
  0. 0.]
 [0. 1. 0. 0. 1. 0. 0. 1. 0. 0. 0. 0. 0. 0. 0. 1. 0. 0. 0. 0. 1. 0. 0. 0.
  0. 0. 1. 0. 1. 0. 0. 1. 0. 0. 0. 1. 0. 0. 0. 1. 0. 1. 1. 0. 0. 0. 0. 0.
  0. 0.]
 [0. 0. 0. 0. 0. 0. 0. 0. 1. 0. 0. 0. 0. 0. 0. 0. 0. 0. 0. 0. 1. 0. 0. 1.
  1. 0. 0. 0. 0. 0. 0. 1. 0. 0. 0. 0. 0. 0. 0. 0. 0. 0. 1. 1. 1. 0. 0. 0.
  0. 0.]
 [0. 0. 0. 0. 0. 0. 0. 0. 0. 0. 0. 0. 0. 1. 0. 0. 0. 0. 0. 0. 0. 0. 0. 0.
  0. 0. 0. 0. 0. 0. 0. 0. 0. 0. 0. 0. 0. 0. 0. 0. 0. 0. 0. 0. 0. 0. 0. 0.
  0. 0.]
 [0. 1. 0. 1. 1. 0. 1. 0. 0. 0. 0. 1. 0. 0. 0. 0. 0. 0. 0. 0. 0. 0. 0. 0.
  0. 0. 0. 0. 0. 0. 0. 0. 0. 0. 0. 0. 0. 0. 0. 0. 0. 0. 0. 0. 0. 0. 0. 0.
  0. 0.]
 [0. 1. 1. 0. 0. 0. 0. 0. 0. 0. 0. 1. 0. 0. 0. 0. 0. 0. 0. 0. 0. 0. 0. 0.
  0. 0. 0. 0. 0. 0. 0. 0. 0. 0. 0. 0. 0. 0. 0. 0. 0. 0. 0. 0. 0. 0. 0. 0.
  0. 0.]
 [0. 1. 0. 0. 0. 1. 0. 0. 0. 1. 1. 0. 0. 0. 0. 0. 0. 0. 0. 0. 0. 0. 0. 0.
  0. 0. 0. 0. 0. 0. 0. 0. 0. 0. 0. 0. 0. 0. 0. 0. 0. 0. 0. 0. 0. 0. 0. 0.
  0. 0.]
 [1. 0. 1. 0. 0. 1. 0. 0. 0. 0. 1. 0. 0. 0. 0. 0. 0. 0. 0. 0. 0. 0. 0. 0.
  0. 0. 0. 0. 0. 0. 0. 0. 0. 0. 0. 0. 0. 0. 0. 0. 0. 0. 0. 0. 0. 0. 0. 0.
  0. 0.]
 [0. 1. 0. 0. 0. 0. 0. 0. 0. 0. 0. 0. 1. 1. 1. 0. 0. 0. 0. 0. 0. 0. 0. 0.
  0. 0. 0. 0. 0. 0. 0. 0. 0. 0. 0. 0. 0. 0. 0. 0. 0. 0. 0. 0. 0. 0. 0. 0.
  0. 0.]
 [1. 0. 0. 0. 0. 0. 1. 0. 0. 1. 0. 0. 1. 0. 0. 0. 0. 0. 0. 0. 0. 0. 0. 0.
  0. 0. 0. 0. 0. 0. 0. 0. 0. 0. 0. 0. 0. 0. 0. 0. 0. 0. 0. 0. 0. 0. 0. 0.
  0. 0.]
 [1. 0. 0. 0. 0. 0. 0. 0. 0. 0. 0. 0. 0. 0. 0. 0. 0. 0. 0. 0. 0. 0. 0. 0.
  0. 0. 0. 0. 0. 0. 0. 0. 0. 0. 0. 0. 0. 0. 0. 0. 0. 0. 0. 0. 0. 0. 0. 0.
  0. 0.]
 [0. 0. 0. 0. 0. 0. 0. 0. 0. 0. 1. 0. 0. 0. 1. 0. 0. 0. 0. 0. 0. 0. 0. 0.
  0. 0. 0. 0. 0. 0. 0. 0. 0. 0. 0. 0. 0. 0. 0. 0. 0. 0. 0. 0. 0. 0. 0. 0.
  0. 0.]
 [0. 0. 0. 0. 0. 1. 0. 0. 0. 0. 0. 0. 1. 0. 1. 0. 0. 0. 0. 0. 0. 0. 0. 0.
  0. 0. 0. 0. 0. 0. 0. 0. 0. 0. 0. 0. 0. 0. 0. 0. 0. 0. 0. 0. 0. 0. 0. 0.
  0. 0.]
 [0. 1. 0. 0. 1. 1. 0. 1. 1. 1. 0. 0. 1. 0. 0. 0. 0. 0. 0. 0. 0. 0. 0. 0.
  0. 0. 0. 0. 0. 0. 0. 0. 0. 0. 0. 0. 0. 0. 0. 0. 0. 0. 0. 0. 0. 0. 0. 0.
  0. 0.]
 [0. 0. 1. 0. 1. 0. 0. 0. 1. 0. 0. 1. 0. 1. 0. 0. 0. 0. 0. 0. 0. 0. 0. 0.
  0. 0. 0. 0. 0. 0. 0. 0. 0. 0. 0. 0. 0. 0. 0. 0. 0. 0. 0. 0. 0. 0. 0. 0.
  0. 0.]
 [0. 0. 0. 1. 0. 0. 1. 0. 0. 0. 0. 0. 0. 0. 0. 0. 0. 0. 0. 0. 0. 0. 0. 0.
  0. 0. 0. 0. 0. 0. 0. 0. 0. 0. 0. 0. 0. 0. 0. 0. 0. 0. 0. 0. 0. 0. 0. 0.
  0. 0.]
 [0. 0. 0. 0. 1. 1. 0. 0. 0. 1. 0. 0. 0. 1. 0. 0. 0. 0. 0. 0. 0. 0. 0. 0.
  0. 0. 0. 0. 0. 0. 0. 0. 0. 0. 0. 0. 0. 0. 0. 0. 0. 0. 0. 0. 0. 0. 0. 0.
  0. 0.]
 [0. 1. 0. 0. 0. 0. 1. 0. 0. 0. 1. 0. 0. 0. 0. 0. 0. 0. 0. 0. 0. 0. 0. 0.
  0. 0. 0. 0. 0. 0. 0. 0. 0. 0. 0. 0. 0. 0. 0. 0. 0. 0. 0. 0. 0. 0. 0. 0.
  0. 0.]
 [0. 0. 0. 1. 0. 0. 0. 0. 0. 0. 0. 0. 0. 0. 0. 0. 0. 0. 0. 0. 0. 0. 0. 0.
  0. 0. 0. 0. 0. 0. 0. 0. 0. 0. 0. 0. 0. 0. 0. 0. 0. 0. 0. 0. 0. 0. 0. 0.
  0. 0.]
 [0. 0. 0. 1. 0. 0. 0. 0. 1. 0. 0. 0. 0. 1. 1. 0. 0. 0. 0. 0. 0. 0. 0. 0.
  0. 0. 0. 0. 0. 0. 0. 0. 0. 0. 0. 0. 0. 0. 0. 0. 0. 0. 0. 0. 0. 0. 0. 0.
  0. 0.]
 [0. 1. 0. 0. 1. 0. 0. 0. 0. 1. 0. 0. 0. 0. 0. 0. 0. 0. 0. 0. 0. 0. 0. 0.
  0. 0. 0. 0. 0. 0. 0. 0. 0. 0. 0. 0. 0. 0. 0. 0. 0. 0. 0. 0. 0. 0. 0. 0.
  0. 0.]
 [0. 0. 0. 0. 0. 0. 0. 0. 0. 0. 0. 0. 1. 0. 0. 0. 0. 0. 0. 0. 0. 0. 0. 0.
  0. 0. 0. 0. 0. 0. 0. 0. 0. 0. 0. 0. 0. 0. 0. 0. 0. 0. 0. 0. 0. 0. 0. 0.
  0. 0.]
 [1. 1. 0. 1. 0. 0. 1. 1. 0. 0. 0. 0. 1. 0. 0. 0. 0. 0. 0. 0. 0. 0. 0. 0.
  0. 0. 0. 0. 0. 0. 0. 0. 0. 0. 0. 0. 0. 0. 0. 0. 0. 0. 0. 0. 0. 0. 0. 0.
  0. 0.]
 [0. 1. 0. 0. 0. 0. 0. 0. 0. 0. 0. 0. 0. 1. 0. 0. 0. 0. 0. 0. 0. 0. 0. 0.
  0. 0. 0. 0. 0. 0. 0. 0. 0. 0. 0. 0. 0. 0. 0. 0. 0. 0. 0. 0. 0. 0. 0. 0.
  0. 0.]
 [1. 0. 1. 1. 0. 0. 1. 1. 0. 0. 1. 0. 1. 0. 0. 0. 0. 0. 0. 0. 0. 0. 0. 0.
  0. 0. 0. 0. 0. 0. 0. 0. 0. 0. 0. 0. 0. 0. 0. 0. 0. 0. 0. 0. 0. 0. 0. 0.
  0. 0.]
 [0. 0. 0. 0. 0. 0. 0. 0. 0. 0. 0. 0. 0. 0. 0. 0. 0. 0. 0. 0. 0. 0. 0. 0.
  0. 0. 0. 0. 0. 0. 0. 0. 0. 0. 0. 0. 0. 0. 0. 0. 0. 0. 0. 0. 0. 0. 0. 0.
  0. 0.]
 [0. 0. 0. 0. 0. 1. 0. 0. 0. 0. 0. 1. 1. 0. 0. 0. 0. 0. 0. 0. 0. 0. 0. 0.
  0. 0. 0. 0. 0. 0. 0. 0. 0. 0. 0. 0. 0. 0. 0. 0. 0. 0. 0. 0. 0. 0. 0. 0.
  0. 0.]
 [0. 0. 1. 0. 0. 1. 0. 0. 0. 1. 0. 0. 0. 1. 0. 0. 0. 0. 0. 0. 0. 0. 0. 0.
  0. 0. 0. 0. 0. 0. 0. 0. 0. 0. 0. 0. 0. 0. 0. 0. 0. 0. 0. 0. 0. 0. 0. 0.
  0. 0.]
 [0. 0. 1. 0. 0. 0. 0. 0. 0. 0. 0. 1. 0. 0. 0. 0. 0. 0. 0. 0. 0. 0. 0. 0.
  0. 0. 0. 0. 0. 0. 0. 0. 0. 0. 0. 0. 0. 0. 0. 0. 0. 0. 0. 0. 0. 0. 0. 0.
  0. 0.]
 [0. 0. 0. 0. 0. 0. 0. 1. 0. 0. 0. 0. 0. 1. 0. 0. 0. 0. 0. 0. 0. 0. 0. 0.
  0. 0. 0. 0. 0. 0. 0. 0. 0. 0. 0. 0. 0. 0. 0. 0. 0. 0. 0. 0. 0. 0. 0. 0.
  0. 0.]
 [1. 1. 0. 0. 1. 0. 0. 0. 1. 0. 0. 0. 0. 1. 1. 0. 0. 0. 0. 0. 0. 0. 0. 0.
  0. 0. 0. 0. 0. 0. 0. 0. 0. 0. 0. 0. 0. 0. 0. 0. 0. 0. 0. 0. 0. 0. 0. 0.
  0. 0.]
 [0. 0. 0. 0. 1. 0. 0. 0. 1. 1. 0. 0. 0. 0. 1. 0. 0. 0. 0. 0. 0. 0. 0. 0.
  0. 0. 0. 0. 0. 0. 0. 0. 0. 0. 0. 0. 0. 0. 0. 0. 0. 0. 0. 0. 0. 0. 0. 0.
  0. 0.]
 [0. 1. 0. 0. 0. 0. 0. 0. 0. 0. 0. 0. 0. 0. 1. 0. 0. 0. 0. 0. 0. 0. 0. 0.
  0. 0. 0. 0. 0. 0. 0. 0. 0. 0. 0. 0. 0. 0. 0. 0. 0. 0. 0. 0. 0. 0. 0. 0.
  0. 0.]
 [0. 0. 0. 0. 0. 0. 0. 0. 0. 0. 1. 0. 1. 0. 0. 0. 0. 0. 0. 0. 0. 0. 0. 0.
  0. 0. 0. 0. 0. 0. 0. 0. 0. 0. 0. 0. 0. 0. 0. 0. 0. 0. 0. 0. 0. 0. 0. 0.
  0. 0.]
 [0. 1. 0. 0. 0. 0. 1. 0. 0. 0. 1. 0. 0. 0. 0. 0. 0. 0. 0. 0. 0. 0. 0. 0.
  0. 0. 0. 0. 0. 0. 0. 0. 0. 0. 0. 0. 0. 0. 0. 0. 0. 0. 0. 0. 0. 0. 0. 0.
  0. 0.]
 [0. 0. 1. 0. 0. 0. 0. 0. 0. 1. 0. 0. 0. 0. 0. 0. 0. 0. 0. 0. 0. 0. 0. 0.
  0. 0. 0. 0. 0. 0. 0. 0. 0. 0. 0. 0. 0. 0. 0. 0. 0. 0. 0. 0. 0. 0. 0. 0.
  0. 0.]
 [0. 0. 0. 0. 0. 0. 1. 0. 0. 0. 0. 0. 0. 0. 0. 0. 0. 0. 0. 0. 0. 0. 0. 0.
  0. 0. 0. 0. 0. 0. 0. 0. 0. 0. 0. 0. 0. 0. 0. 0. 0. 0. 0. 0. 0. 0. 0. 0.
  0. 0.]
 [1. 0. 0. 1. 0. 0. 0. 0. 0. 0. 0. 0. 0. 0. 0. 0. 0. 0. 0. 0. 0. 0. 0. 0.
  0. 0. 0. 0. 0. 0. 0. 0. 0. 0. 0. 0. 0. 0. 0. 0. 0. 0. 0. 0. 0. 0. 0. 0.
  0. 0.]]
start_times_array: [[7.40000000e+02 7.70000000e+02 2.57100000e+03 2.69600000e+03
  5.99500000e+03 6.09800000e+03 6.27400000e+03 6.29200000e+03
  6.36400000e+03 6.39800000e+03 6.48600000e+03 6.58000000e+03
  6.66500000e+03 6.74800000e+03 6.77800000e+03]
 [3.36900000e+03 3.52900000e+03 3.61500000e+03 3.77300000e+03
  3.80600000e+03 4.29400000e+03 5.96100000e+03 6.02400000e+03
  6.13400000e+03 6.20300000e+03 6.29000000e+03 6.40000000e+03
  6.43700000e+03 6.49300000e+03 6.56600000e+03]
 [8.14000000e+02 3.71600000e+03 3.74200000e+03 5.07100000e+03
  5.22400000e+03 5.60200000e+03 5.72200000e+03 5.86900000e+03
  5.90600000e+03 6.09400000e+03 6.09500000e+03 6.14400000e+03
  6.18800000e+03 6.19700000e+03 6.32400000e+03]
 [6.35000000e+02 7.14000000e+02 8.75000000e+02 2.26500000e+03
  3.71600000e+03 5.19100000e+03 6.10900000e+03 6.20700000e+03
  6.27400000e+03 6.36200000e+03 6.39100000e+03 6.48300000e+03
  6.61000000e+03 6.64900000e+03 6.77800000e+03]
 [9.70000000e+01 2.49000000e+02 4.87700000e+03 5.10500000e+03
  5.19500000e+03 5.25900000e+03 5.31000000e+03 5.40300000e+03
  5.66100003e+03 5.75200003e+03 5.85500000e+03 5.92400000e+03
  6.25000000e+03 6.52200000e+03 6.81200000e+03]
 [4.28000000e+02 3.46800000e+03 3.82300000e+03 4.86900000e+03
  4.89100000e+03 5.32900000e+03 5.45800000e+03 5.55400000e+03
  5.60200000e+03 5.70800000e+03 5.78100000e+03 5.86900000e+03
  5.88500000e+03 6.14800000e+03 6.81300000e+03]
 [1.75000000e+02 1.10200000e+03 5.13600000e+03 5.31700000e+03
  5.40600000e+03 5.49100000e+03 5.54000000e+03 5.65000000e+03
  5.68800000e+03 5.71600000e+03 5.76200000e+03 5.85600000e+03
  6.11400000e+03 6.31400000e+03 6.46200000e+03]
 [7.39000000e+02 3.52400000e+03 4.04400000e+03 5.60200000e+03
  5.89100000e+03 5.98900000e+03 6.05500000e+03 6.07900000e+03
  6.17700000e+03 6.20100000e+03 6.24200000e+03 6.29100000e+03
  6.37900000e+03 6.59900000e+03 6.82100000e+03]
 [1.44000000e+03 2.19200000e+03 3.39500000e+03 4.97900000e+03
  5.11600000e+03 5.20900000e+03 5.28700000e+03 5.31000000e+03
  5.38100000e+03 5.40700000e+03 5.50200000e+03 5.51600000e+03
  5.68100000e+03 5.81900000e+03 5.82200000e+03]
 [2.16000000e+02 3.20900000e+03 3.22500000e+03 3.54300000e+03
  4.10700000e+03 4.53400000e+03 4.63200000e+03 4.90900000e+03
  4.97700000e+03 5.08100000e+03 5.11900000e+03 5.22900000e+03
  5.38100000e+03 5.38900000e+03 5.63400000e+03]
 [1.13100000e+03 4.13000000e+03 4.53400000e+03 4.61800000e+03
  4.69600000e+03 4.84600000e+03 4.89100000e+03 4.93500000e+03
  4.98800000e+03 5.07100000e+03 5.09900000e+03 5.10200000e+03
  5.15600000e+03 5.22400000e+03 5.27600000e+03]
 [3.42000000e+02 4.25000000e+02 8.87000000e+02 3.35200000e+03
  3.52600000e+03 3.58400000e+03 3.71600000e+03 3.94200000e+03
  4.09300000e+03 4.28100000e+03 4.44000000e+03 4.45700000e+03
  4.68500000e+03 5.15000000e+03 5.52200000e+03]
 [1.59500000e+03 1.73800000e+03 3.36300000e+03 3.77000000e+03
  3.90700000e+03 4.29400000e+03 4.30500000e+03 4.30700000e+03
  4.44900000e+03 4.56700000e+03 4.72800000e+03 4.81700000e+03
  5.06800000e+03 5.18300000e+03 5.58300000e+03]
 [2.20100000e+03 3.07400000e+03 3.32800000e+03 3.36300000e+03
  3.63000000e+03 3.72000000e+03 3.84000000e+03 3.87600000e+03
  4.06200000e+03 4.13800000e+03 4.78300000e+03 4.83500000e+03
  4.98800000e+03 5.28900000e+03 6.71300000e+03]
 [2.82000000e+02 4.96000000e+02 1.11700000e+03 3.75700000e+03
  3.90500000e+03 3.95000000e+03 4.03500000e+03 4.08100000e+03
  4.21700000e+03 4.24000000e+03 4.50400000e+03 4.76600000e+03
  4.89700000e+03 4.94800000e+03 5.27600000e+03]
 [2.16000000e+02 3.27000000e+02 5.74000000e+02 7.34000000e+02
  8.45000000e+02 1.07200000e+03 2.79700000e+03 4.11900000e+03
  4.34200000e+03 4.37400000e+03 4.46900000e+03 4.74600000e+03
  5.43199997e+03 5.52499997e+03 5.63200000e+03]
 [1.02000000e+02 5.57000000e+02 1.00900000e+03 1.68800000e+03
  3.62100000e+03 3.84200000e+03 4.14100000e+03 4.19900000e+03
  4.34500000e+03 4.42000000e+03 4.52000000e+03 4.56900000e+03
  4.60700000e+03 4.74900000e+03 4.99500000e+03]
 [0.00000000e+00 8.30000000e+01 7.14000000e+02 2.49900000e+03
  3.82300000e+03 3.85500000e+03 3.90300000e+03 4.14700000e+03
  4.22800000e+03 4.35100000e+03 4.57200000e+03 4.74900000e+03
  4.88700000e+03 4.93500000e+03 5.08100000e+03]
 [2.86100000e+03 3.09600000e+03 3.15900000e+03 3.17700000e+03
  3.62100000e+03 3.69100000e+03 3.91500000e+03 3.99600000e+03
  4.03500000e+03 4.20400000e+03 4.31600000e+03 4.32000000e+03
  4.37400000e+03 4.45300000e+03 4.74500000e+03]
 [2.20000000e+01 2.66000000e+02 4.34000000e+02 4.71000000e+02
  5.91000000e+02 6.84000000e+02 1.30000000e+03 1.96100000e+03
  2.48500000e+03 2.89200000e+03 2.97000000e+03 3.07600000e+03
  3.28700000e+03 3.34200000e+03 3.38300000e+03]
 [8.50000000e+01 2.41000000e+03 2.54900000e+03 2.57700000e+03
  2.66500000e+03 2.86300000e+03 2.97600000e+03 2.98200000e+03
  3.10300000e+03 3.12800000e+03 3.14600000e+03 3.23900000e+03
  3.45800000e+03 3.58000000e+03 3.62100000e+03]
 [4.08000000e+02 2.09900000e+03 2.26500000e+03 2.36200000e+03
  2.48100000e+03 2.72600000e+03 2.76500000e+03 3.30300000e+03
  3.33100000e+03 3.45800000e+03 3.52200000e+03 3.81200000e+03
  3.94200000e+03 4.26500000e+03 4.35900000e+03]
 [0.00000000e+00 1.21800000e+03 1.97200000e+03 2.10300000e+03
  2.14700000e+03 2.64200000e+03 2.72600000e+03 2.79400000e+03
  2.88800000e+03 2.98500000e+03 3.04100000e+03 3.34400000e+03
  3.68600000e+03 3.89800000e+03 3.99200000e+03]
 [1.32000000e+02 1.44600000e+03 1.59200000e+03 2.48100000e+03
  2.76500000e+03 2.85400000e+03 2.89400000e+03 2.96400000e+03
  3.13400000e+03 3.21900000e+03 3.25900000e+03 3.43400000e+03
  3.69700000e+03 5.18300000e+03 5.33000000e+03]
 [9.60000000e+01 1.05000000e+02 1.98800000e+03 2.05500000e+03
  2.21600000e+03 2.43500000e+03 2.69200000e+03 2.73000000e+03
  2.97000000e+03 3.09600000e+03 3.14500000e+03 3.20900000e+03
  3.33100000e+03 3.45800000e+03 3.46700000e+03]
 [3.14000000e+02 1.31800000e+03 2.44000000e+03 2.53400000e+03
  2.54900000e+03 2.62200000e+03 2.69900000e+03 2.78000000e+03
  2.80600000e+03 2.89700000e+03 2.92800000e+03 2.98600000e+03
  3.06900000e+03 3.14700000e+03 3.14900000e+03]
 [5.86000000e+02 1.62000000e+03 1.74100000e+03 2.35700000e+03
  2.49900000e+03 2.61300000e+03 2.70500000e+03 2.72300000e+03
  2.79300000e+03 2.95700000e+03 2.97200000e+03 3.10300000e+03
  3.15000000e+03 3.20900000e+03 3.47400000e+03]
 [0.00000000e+00 7.50000000e+01 1.91000000e+02 2.36000000e+02
  9.71000000e+02 9.87000000e+02 1.39900000e+03 2.18000000e+03
  2.54900000e+03 2.64200000e+03 2.70200000e+03 2.73100000e+03
  2.75800000e+03 3.00700000e+03 3.11900000e+03]
 [3.81000000e+02 7.08000000e+02 2.14600000e+03 2.34800000e+03
  2.44200000e+03 2.57400000e+03 2.64400000e+03 2.77700000e+03
  2.79400000e+03 2.87300000e+03 2.91700000e+03 3.00600000e+03
  3.00700000e+03 3.18700000e+03 3.28300000e+03]
 [2.62000000e+02 4.68000000e+02 5.06000000e+02 6.29000000e+02
  8.32000000e+02 1.37700000e+03 1.65100000e+03 1.86300000e+03
  2.23200000e+03 2.47400000e+03 2.62200000e+03 2.63600000e+03
  2.65700000e+03 2.98000000e+03 3.04500000e+03]
 [6.00000000e+01 1.91000000e+02 3.19000000e+02 3.67000000e+02
  7.80000000e+02 1.03300000e+03 1.27600000e+03 2.04900000e+03
  2.38500000e+03 2.42700000e+03 2.63700000e+03 2.70400000e+03
  2.76000000e+03 2.83400000e+03 2.85100000e+03]
 [1.35000000e+02 6.17000000e+02 2.32600000e+03 2.34300000e+03
  2.43600000e+03 2.44400000e+03 2.50100000e+03 2.56800000e+03
  2.64400000e+03 2.67200000e+03 2.69300000e+03 2.69500000e+03
  2.80500000e+03 2.91600000e+03 3.11500000e+03]
 [0.00000000e+00 8.01000000e+02 1.73700000e+03 1.78500000e+03
  1.81600000e+03 1.87600000e+03 1.89200000e+03 2.19000000e+03
  2.22900000e+03 2.26400000e+03 2.33900000e+03 2.49200000e+03
  2.58700000e+03 2.65300000e+03 2.70800000e+03]
 [0.00000000e+00 1.74000000e+02 1.46700000e+03 1.83200000e+03
  2.04600000e+03 2.08000000e+03 2.09100000e+03 2.18600000e+03
  2.22400000e+03 2.22800000e+03 2.23800000e+03 2.43400000e+03
  2.52200000e+03 2.86700000e+03 3.04600000e+03]
 [1.91000000e+02 5.33000000e+02 7.89000000e+02 9.62000000e+02
  1.48400000e+03 1.87400000e+03 1.92700000e+03 2.01300000e+03
  2.05600000e+03 2.12800000e+03 2.17600000e+03 2.37400000e+03
  2.45600000e+03 2.50500000e+03 2.76500000e+03]
 [1.46800000e+03 1.58700000e+03 1.65300000e+03 1.69800000e+03
  1.70400000e+03 1.78500000e+03 1.81100000e+03 1.96000000e+03
  2.00100000e+03 2.00300000e+03 2.09000000e+03 2.30300000e+03
  2.37400000e+03 2.40600000e+03 2.55300000e+03]
 [0.00000000e+00 1.57900000e+03 1.65300000e+03 1.81500000e+03
  1.87100000e+03 1.91200000e+03 1.97400000e+03 1.99400000e+03
  2.07800000e+03 2.18500000e+03 2.35700000e+03 2.44400000e+03
  2.52500000e+03 2.56800000e+03 2.65300000e+03]
 [6.07000000e+02 6.85000000e+02 9.05000000e+02 1.24200000e+03
  1.26900000e+03 1.31800000e+03 1.46600000e+03 1.57400000e+03
  1.65800000e+03 1.81600000e+03 2.08500000e+03 2.33700000e+03
  2.37500000e+03 2.74800000e+03 2.94000000e+03]
 [7.10000000e+01 4.34000000e+02 1.15100000e+03 1.29300000e+03
  1.52400000e+03 1.53800000e+03 1.65300000e+03 1.65800000e+03
  1.82800000e+03 1.93100000e+03 2.02400000e+03 2.09100000e+03
  2.14900000e+03 2.18800000e+03 2.24800000e+03]
 [0.00000000e+00 9.80000000e+01 3.14000000e+02 8.95000000e+02
  9.95000000e+02 1.08200000e+03 1.48000000e+03 1.61300003e+03
  1.71800000e+03 1.79300000e+03 1.87900000e+03 1.95600000e+03
  2.11000000e+03 2.40800000e+03 2.70800000e+03]
 [1.05000000e+02 5.36000000e+02 7.11000000e+02 1.05000000e+03
  1.24200000e+03 1.30800000e+03 1.34800000e+03 1.42200000e+03
  1.44900000e+03 1.64700000e+03 1.72300000e+03 2.02900000e+03
  2.10700000e+03 2.18600000e+03 2.45300000e+03]
 [9.80000000e+01 1.62000000e+02 2.54000000e+02 4.13000000e+02
  4.61000000e+02 8.02000000e+02 9.81000000e+02 1.24300000e+03
  1.30900000e+03 1.40900000e+03 1.42800000e+03 1.54600000e+03
  1.62000000e+03 2.03700000e+03 2.04000000e+03]
 [0.00000000e+00 7.86000000e+02 8.73000000e+02 9.61000000e+02
  1.03300000e+03 1.16100000e+03 1.18700000e+03 1.19800000e+03
  1.31200000e+03 1.48400000e+03 1.64300000e+03 1.86100000e+03
  1.87800000e+03 1.93100000e+03 2.02300000e+03]
 [0.00000000e+00 1.20000000e+02 3.99000000e+02 4.28000000e+02
  5.94000000e+02 8.31000000e+02 9.00000000e+02 9.95000000e+02
  1.25800000e+03 1.34600000e+03 1.66000000e+03 1.70400000e+03
  1.76200000e+03 2.12500000e+03 2.17400000e+03]
 [1.30000000e+01 9.10000000e+01 6.90000000e+02 7.59000000e+02
  7.84000000e+02 1.00800000e+03 1.24100000e+03 1.24200000e+03
  1.31200000e+03 1.33300000e+03 1.37200000e+03 1.66300000e+03
  1.73800000e+03 1.81200000e+03 1.92100000e+03]
 [1.83000000e+02 1.86000000e+02 4.45000000e+02 5.15000000e+02
  5.74000000e+02 6.84000000e+02 8.14000000e+02 8.68000000e+02
  9.52000000e+02 1.33300000e+03 1.39500000e+03 1.48400000e+03
  1.48700000e+03 1.65300000e+03 1.79500000e+03]
 [5.00000000e+00 3.63000000e+02 3.78000000e+02 4.56000000e+02
  5.32000000e+02 7.19000000e+02 8.16000000e+02 9.15000000e+02
  9.90000000e+02 1.00800000e+03 1.23200000e+03 1.40600000e+03
  1.46700000e+03 1.47800000e+03 1.53600000e+03]
 [5.10000000e+01 9.00000000e+01 2.30000000e+02 6.25000000e+02
  6.64000000e+02 8.54000000e+02 8.95000000e+02 9.36000000e+02
  1.07800000e+03 1.13200000e+03 1.21900000e+03 1.32600000e+03
  1.37600000e+03 1.44600000e+03 1.52200000e+03]
 [0.00000000e+00 2.40000000e+01 1.53000000e+02 2.31000000e+02
  6.37000000e+02 8.53000000e+02 9.52000000e+02 9.93000000e+02
  1.02000000e+03 1.16100000e+03 1.24100000e+03 1.27100000e+03
  1.30800000e+03 1.36800000e+03 1.58000000e+03]
 [0.00000000e+00 6.50000000e+01 2.30000000e+02 3.52000000e+02
  4.37000000e+02 4.45000000e+02 4.60000000e+02 5.50000000e+02
  6.22000000e+02 1.03300000e+03 1.07700000e+03 1.09300000e+03
  1.45400000e+03 1.51500000e+03 1.58400000e+03]]
