optimal_status: 0
solution: 5492.0
cpu_time: 3600.146674156189
gap: 0.7998132166222591
upper_bound: 1099.4258143105521
lower_bound: 5492.0
cg_matrix: [[0. 0. 1. 1. 1. 0. 1. 1. 0. 1. 0. 1. 0. 0. 0. 0. 1. 1. 0. 1.]
 [0. 0. 0. 0. 0. 0. 1. 1. 0. 0. 0. 0. 0. 0. 0. 0. 1. 1. 1. 0.]
 [1. 0. 0. 0. 1. 0. 0. 1. 0. 1. 0. 1. 1. 1. 1. 0. 0. 1. 1. 0.]
 [1. 0. 0. 0. 0. 0. 0. 1. 0. 0. 1. 0. 0. 0. 0. 0. 1. 1. 0. 0.]
 [1. 0. 1. 0. 0. 0. 1. 1. 0. 1. 1. 0. 1. 1. 1. 0. 1. 1. 1. 0.]
 [0. 0. 0. 0. 0. 0. 1. 1. 1. 0. 0. 1. 0. 0. 0. 0. 1. 1. 0. 1.]
 [1. 1. 0. 0. 1. 1. 0. 1. 1. 1. 0. 0. 1. 0. 1. 0. 1. 0. 0. 0.]
 [1. 1. 1. 1. 1. 1. 1. 0. 1. 1. 0. 0. 1. 0. 1. 1. 0. 1. 0. 1.]
 [0. 0. 0. 0. 0. 1. 1. 1. 0. 0. 1. 1. 0. 0. 1. 0. 1. 0. 1. 1.]
 [1. 0. 1. 0. 1. 0. 1. 1. 0. 0. 0. 0. 0. 1. 1. 0. 0. 1. 1. 0.]
 [0. 0. 0. 1. 1. 0. 0. 0. 1. 0. 0. 0. 1. 0. 0. 0. 0. 1. 0. 1.]
 [1. 0. 1. 0. 0. 1. 0. 0. 1. 0. 0. 0. 0. 0. 1. 0. 1. 0. 1. 1.]
 [0. 0. 1. 0. 1. 0. 1. 1. 0. 0. 1. 0. 0. 0. 1. 1. 1. 0. 1. 0.]
 [0. 0. 1. 0. 1. 0. 0. 0. 0. 1. 0. 0. 0. 0. 0. 1. 0. 0. 0. 0.]
 [0. 0. 1. 0. 1. 0. 1. 1. 1. 1. 0. 1. 1. 0. 0. 1. 1. 1. 1. 0.]
 [0. 0. 0. 0. 0. 0. 0. 1. 0. 0. 0. 0. 1. 1. 1. 0. 0. 0. 0. 0.]
 [1. 1. 0. 1. 1. 1. 1. 0. 1. 0. 0. 1. 1. 0. 1. 0. 0. 0. 0. 0.]
 [1. 1. 1. 1. 1. 1. 0. 1. 0. 1. 1. 0. 0. 0. 1. 0. 0. 0. 0. 0.]
 [0. 1. 1. 0. 1. 0. 0. 0. 1. 1. 0. 1. 1. 0. 1. 0. 0. 0. 0. 0.]
 [1. 0. 0. 0. 0. 1. 0. 1. 1. 0. 1. 1. 0. 0. 0. 0. 0. 0. 0. 0.]]
start_times_array: [[5.48000000e+02 7.30000000e+02 1.22300000e+03 1.32200000e+03
  2.03700000e+03 2.43100000e+03 2.99200000e+03 3.00400000e+03
  3.19200000e+03 4.17600000e+03 4.62000000e+03 4.76100000e+03
  5.16900000e+03 5.27200000e+03 5.34500000e+03]
 [0.00000000e+00 2.90000000e+01 1.06300000e+03 1.50600000e+03
  1.69800000e+03 1.79200000e+03 1.80700000e+03 2.57400000e+03
  3.03400000e+03 3.28300000e+03 3.88400000e+03 4.18400000e+03
  4.37600000e+03 4.72100000e+03 5.10986957e+03]
 [2.76000000e+02 3.49000000e+02 6.82000000e+02 8.45000000e+02
  1.37400000e+03 1.75100000e+03 2.22500000e+03 2.24000000e+03
  2.65600000e+03 3.29500000e+03 3.48700000e+03 3.97000000e+03
  4.52300000e+03 4.91900000e+03 5.40100000e+03]
 [0.00000000e+00 1.88000000e+02 3.38000000e+02 4.14000000e+02
  1.34800000e+03 1.51300000e+03 1.65100000e+03 1.69100000e+03
  1.98900000e+03 2.03000000e+03 2.13500000e+03 3.80800000e+03
  4.71100000e+03 5.09400000e+03 5.26500000e+03]
 [4.18000000e+02 4.31000000e+02 8.14000000e+02 8.31000000e+02
  1.08000000e+03 1.94300000e+03 2.41300000e+03 2.60400000e+03
  2.81100000e+03 3.27900000e+03 3.59200000e+03 3.75000000e+03
  3.91600000e+03 4.27100000e+03 4.78900000e+03]
 [5.00000000e+00 1.43000000e+02 7.18000000e+02 1.32200000e+03
  1.67000000e+03 2.01300000e+03 2.51000000e+03 2.69500000e+03
  3.19500000e+03 3.79600000e+03 3.88400000e+03 4.19000000e+03
  4.43500000e+03 5.09400000e+03 5.17600000e+03]
 [7.40000000e+01 2.99000000e+02 4.46000000e+02 1.14700000e+03
  1.85700000e+03 2.22500000e+03 2.65600000e+03 3.12200000e+03
  3.31800000e+03 3.36000000e+03 3.97000000e+03 4.68200000e+03
  4.94400000e+03 5.39400000e+03 5.46100000e+03]
 [1.14000000e+02 3.85000000e+02 9.94000000e+02 1.29600000e+03
  1.59600000e+03 1.81100000e+03 2.36000000e+03 2.74600000e+03
  3.49500000e+03 3.68400000e+03 4.10700000e+03 4.33600000e+03
  4.66500000e+03 5.01300000e+03 5.05200000e+03]
 [6.20000000e+01 5.62000000e+02 6.82000000e+02 1.94300000e+03
  2.41900000e+03 2.52700000e+03 2.95300000e+03 3.05200000e+03
  3.63300000e+03 4.17600000e+03 4.78900000e+03 4.91600000e+03
  5.26600000e+03 5.30100000e+03 5.35900000e+03]
 [1.66000000e+02 2.27000000e+02 1.50700000e+03 2.13500000e+03
  2.92400000e+03 3.03400000e+03 3.18900000e+03 3.42700000e+03
  3.62500000e+03 4.35800000e+03 4.82800000e+03 5.06500000e+03
  5.09900000e+03 5.24200000e+03 5.24600000e+03]
 [9.44000000e+02 1.24100000e+03 2.03700000e+03 2.36000000e+03
  2.92400000e+03 3.12200000e+03 3.19500000e+03 3.47600000e+03
  3.49500000e+03 4.39400000e+03 4.52300000e+03 4.55900000e+03
  4.66500000e+03 4.94400000e+03 5.07100000e+03]
 [4.18000000e+02 6.35000000e+02 1.05800000e+03 1.15300000e+03
  1.16000000e+03 1.50800000e+03 1.55700000e+03 1.85700000e+03
  2.13500000e+03 3.56000000e+03 3.68900000e+03 4.66500000e+03
  4.86000000e+03 4.90100000e+03 5.01300000e+03]
 [2.90000000e+01 2.03000000e+02 5.85000000e+02 2.16300000e+03
  2.52700000e+03 2.94200000e+03 3.02000000e+03 3.09000000e+03
  4.17600000e+03 4.45200000e+03 4.72100000e+03 4.82800000e+03
  4.87400000e+03 5.06500000e+03 5.21600000e+03]
 [0.00000000e+00 1.13000000e+02 5.30000000e+02 6.28000000e+02
  6.29000000e+02 7.30000000e+02 9.94000000e+02 1.14700000e+03
  1.43100000e+03 2.32800000e+03 3.82500000e+03 4.07800000e+03
  4.58600000e+03 4.68400000e+03 4.69500000e+03]
 [4.89000000e+02 7.30000000e+02 8.00000000e+02 1.24600000e+03
  1.67500000e+03 1.69400000e+03 2.03700000e+03 2.43100000e+03
  3.19200000e+03 3.81100000e+03 3.88400000e+03 3.96300000e+03
  4.58600000e+03 4.77900000e+03 5.12500000e+03]
 [7.40000000e+01 2.12000000e+02 3.50000000e+02 9.13000000e+02
  1.34100000e+03 1.34800000e+03 1.65100000e+03 1.75100000e+03
  1.93400000e+03 2.60400000e+03 2.67900000e+03 3.10900000e+03
  3.17200000e+03 4.46700000e+03 4.48600000e+03]
 [2.23000000e+02 8.68000000e+02 9.80000000e+02 1.04400000e+03
  1.64000000e+03 1.84300000e+03 2.25500000e+03 3.39100000e+03
  3.47600000e+03 3.55700000e+03 4.08300000e+03 4.12900000e+03
  4.33600000e+03 4.46700000e+03 4.54800000e+03]
 [5.90000000e+01 1.14700000e+03 1.21800000e+03 1.42300000e+03
  1.85700000e+03 2.30600000e+03 2.31000000e+03 2.52700000e+03
  2.86400000e+03 2.98400000e+03 3.33400000e+03 3.71700000e+03
  4.04400000e+03 4.45200000e+03 4.68200000e+03]
 [7.40000000e+01 3.85000000e+02 4.10000000e+02 8.71000000e+02
  9.57000000e+02 9.79000000e+02 1.22300000e+03 1.27800000e+03
  1.48200000e+03 1.58100000e+03 2.30600000e+03 3.33400000e+03
  3.51200000e+03 4.04400000e+03 4.46700000e+03]
 [0.00000000e+00 2.23000000e+02 3.00000000e+02 4.89000000e+02
  8.05000000e+02 1.35800000e+03 2.20700000e+03 2.26900000e+03
  2.30600000e+03 2.81100000e+03 3.27900000e+03 3.42700000e+03
  3.70800000e+03 3.96100000e+03 4.00900000e+03]]
