optimal_status: 0
solution: 6657.999999333576
cpu_time: 3600.179696083069
gap: 0.831717625734394
upper_bound: 1120.4240477482574
lower_bound: 6657.999999333576
cg_matrix: [[0. 1. 1. 1. 1. 1. 1. 1. 1. 1. 1. 1. 0. 1. 1.]
 [1. 0. 1. 1. 0. 0. 1. 1. 1. 0. 1. 1. 1. 1. 1.]
 [1. 1. 0. 1. 1. 1. 1. 1. 0. 0. 1. 1. 1. 1. 0.]
 [1. 1. 1. 0. 1. 0. 1. 1. 0. 1. 1. 1. 1. 0. 0.]
 [1. 0. 1. 1. 0. 1. 1. 1. 0. 1. 0. 0. 1. 1. 1.]
 [1. 0. 1. 0. 1. 0. 1. 0. 0. 1. 1. 0. 1. 1. 1.]
 [1. 1. 1. 1. 1. 1. 0. 1. 1. 1. 0. 0. 0. 1. 1.]
 [1. 1. 1. 1. 1. 0. 1. 0. 1. 1. 1. 1. 1. 1. 1.]
 [1. 1. 0. 0. 0. 0. 1. 1. 0. 1. 1. 1. 1. 1. 1.]
 [1. 0. 0. 1. 1. 1. 1. 1. 1. 0. 0. 1. 1. 1. 1.]
 [1. 1. 1. 1. 0. 1. 0. 1. 1. 0. 0. 1. 1. 1. 0.]
 [1. 1. 1. 1. 0. 0. 0. 1. 1. 1. 1. 0. 1. 1. 1.]
 [0. 1. 1. 1. 1. 1. 0. 1. 1. 1. 1. 1. 0. 0. 1.]
 [1. 1. 1. 0. 1. 1. 1. 1. 1. 1. 1. 1. 0. 0. 1.]
 [1. 1. 0. 0. 1. 1. 1. 1. 1. 1. 0. 1. 1. 1. 0.]]
start_times_array: [[ 707.          759.          778.         1008.         1028.
  2495.         2877.         3254.         3298.         3603.
  3823.         5410.         5812.         5830.99999933 6461.99999933]
 [ 523.          830.         1253.         1255.         2027.
  2628.         3384.         3621.         3641.         5156.
  5231.         5303.         6149.99999933 6265.99999933 6299.99999933]
 [   0.          263.         1054.         1738.         2716.
  3347.         3565.         3711.         3874.         4580.
  4857.         4947.         5058.         5572.         6513.99999933]
 [ 134.          582.          915.         2122.         2284.
  3504.         4156.         4157.         4205.         4227.
  4663.         4684.         5637.         5892.         6502.99999933]
 [ 144.          597.          845.         1318.         1400.
  2362.         2531.         2967.         3019.         3630.
  4797.         5156.         5492.         5996.99999933 6169.99999933]
 [ 141.          335.          402.          500.         1801.
  2212.         2408.         2521.         3495.         4008.
  4471.         4478.         4543.         5652.         6050.99999933]
 [ 235.         1128.         1396.         1408.         1488.
  1625.         1630.         3048.         3445.         3745.
  3766.         4402.         4701.         4973.         6561.99999933]
 [ 416.          441.          649.         1555.         1838.
  2201.         2811.         4008.         4100.         4481.
  5337.         5394.         5682.         6050.99999933 6204.99999933]
 [ 567.         1221.         1333.         1355.         1751.
  2521.         2569.         2748.         2967.         3504.
  3697.         4580.         5553.         5984.         6502.99999933]
 [   0.           37.          266.         1253.         1648.
  2047.         2628.         3100.         3131.         3146.
  3171.         3347.         5247.         6266.         6332.        ]
 [ 144.          164.         1041.         1371.         1488.
  1570.         1648.         3089.         3184.         4367.
  4563.         4803.         5168.         5716.         5717.        ]
 [ 335.          394.          784.         1029.         1252.
  1534.         1645.         2362.         2996.         3445.
  3745.         4408.         4727.         5511.         6561.99999933]
 [  62.         1128.         1208.         1905.         1961.
  2449.         3254.         4254.         4281.         4329.
  4701.         4973.         5410.         5812.         6383.99999933]
 [  62.          930.         1459.         1905.         2155.
  2449.         3965.         4202.         4277.         4663.
  5644.         5892.         6383.99999933 6399.99999933 6651.99999933]
 [1039.         1570.         1710.         1995.         2251.
  2261.         2346.         2725.         3874.         4156.
  4367.         4563.         4857.         5111.         5719.        ]]
