optimal_status: 0
solution: 5886.0
cpu_time: 3600.1486501693726
gap: 0.7981419682068063
upper_bound: 1188.1363751347376
lower_bound: 5886.0
cg_matrix: [[0. 0. 0. 0. 1. 1. 1. 1. 1. 1. 1. 0. 0. 0. 0. 0. 0. 0. 0. 1.]
 [0. 0. 0. 0. 1. 1. 0. 1. 0. 0. 1. 1. 1. 0. 1. 1. 0. 0. 0. 1.]
 [0. 0. 0. 1. 1. 0. 0. 1. 0. 1. 1. 0. 0. 1. 1. 0. 1. 1. 1. 0.]
 [0. 0. 1. 0. 1. 0. 1. 0. 0. 1. 0. 1. 1. 1. 0. 0. 0. 1. 1. 1.]
 [1. 1. 1. 1. 0. 1. 0. 0. 0. 0. 1. 1. 1. 1. 1. 0. 1. 0. 1. 1.]
 [1. 1. 0. 0. 1. 0. 0. 1. 0. 0. 1. 0. 0. 0. 0. 1. 1. 1. 0. 1.]
 [1. 0. 0. 1. 0. 0. 0. 0. 1. 0. 1. 0. 1. 0. 0. 0. 0. 1. 1. 0.]
 [1. 1. 1. 0. 0. 1. 0. 0. 1. 1. 0. 0. 1. 0. 0. 0. 0. 0. 1. 0.]
 [1. 0. 0. 0. 0. 0. 1. 1. 0. 1. 0. 0. 1. 0. 1. 1. 1. 1. 1. 0.]
 [1. 0. 1. 1. 0. 0. 0. 1. 1. 0. 1. 0. 1. 1. 1. 1. 1. 0. 1. 1.]
 [1. 1. 1. 0. 1. 1. 1. 0. 0. 1. 0. 0. 0. 1. 1. 0. 1. 1. 0. 1.]
 [0. 1. 0. 1. 1. 0. 0. 0. 0. 0. 0. 0. 0. 1. 0. 1. 1. 1. 1. 0.]
 [0. 1. 0. 1. 1. 0. 1. 1. 1. 1. 0. 0. 0. 1. 1. 0. 0. 0. 1. 0.]
 [0. 0. 1. 1. 1. 0. 0. 0. 0. 1. 1. 1. 1. 0. 0. 0. 1. 1. 1. 1.]
 [0. 1. 1. 0. 1. 0. 0. 0. 1. 1. 1. 0. 1. 0. 0. 1. 1. 0. 0. 0.]
 [0. 1. 0. 0. 0. 1. 0. 0. 1. 1. 0. 1. 0. 0. 1. 0. 0. 0. 0. 0.]
 [0. 0. 1. 0. 1. 1. 0. 0. 1. 1. 1. 1. 0. 1. 1. 0. 0. 0. 0. 0.]
 [0. 0. 1. 1. 0. 1. 1. 0. 1. 0. 1. 1. 0. 1. 0. 0. 0. 0. 0. 0.]
 [0. 0. 1. 1. 1. 0. 1. 1. 1. 1. 0. 1. 1. 1. 0. 0. 0. 0. 0. 0.]
 [1. 1. 0. 1. 1. 1. 0. 0. 0. 1. 1. 0. 0. 1. 0. 0. 0. 0. 0. 0.]]
start_times_array: [[4.377e+03 4.417e+03 4.671e+03 4.766e+03 4.799e+03 4.871e+03 5.246e+03
  5.301e+03 5.343e+03 5.435e+03 5.521e+03 5.676e+03 5.732e+03 5.762e+03
  5.857e+03]
 [3.335e+03 4.366e+03 4.422e+03 4.670e+03 4.719e+03 4.754e+03 4.812e+03
  5.095e+03 5.246e+03 5.412e+03 5.507e+03 5.601e+03 5.676e+03 5.732e+03
  5.803e+03]
 [3.313e+03 3.411e+03 3.943e+03 4.326e+03 4.799e+03 4.862e+03 4.867e+03
  4.883e+03 5.257e+03 5.332e+03 5.385e+03 5.408e+03 5.544e+03 5.783e+03
  5.848e+03]
 [2.726e+03 2.974e+03 3.047e+03 3.416e+03 3.849e+03 4.411e+03 4.482e+03
  4.596e+03 4.685e+03 4.745e+03 5.109e+03 5.382e+03 5.471e+03 5.647e+03
  5.726e+03]
 [2.084e+03 2.649e+03 2.948e+03 3.094e+03 3.211e+03 3.450e+03 3.663e+03
  3.749e+03 4.040e+03 4.118e+03 4.125e+03 4.490e+03 4.902e+03 5.001e+03
  5.147e+03]
 [2.414e+03 2.496e+03 2.596e+03 2.788e+03 2.862e+03 3.265e+03 3.355e+03
  3.536e+03 3.573e+03 4.087e+03 4.109e+03 4.180e+03 4.336e+03 4.576e+03
  5.633e+03]
 [2.432e+03 2.503e+03 3.088e+03 3.255e+03 3.270e+03 3.617e+03 3.710e+03
  4.118e+03 4.185e+03 4.190e+03 4.251e+03 4.526e+03 4.594e+03 4.985e+03
  5.078e+03]
 [5.220e+02 2.157e+03 3.084e+03 3.149e+03 3.416e+03 3.663e+03 3.753e+03
  3.838e+03 4.055e+03 4.118e+03 4.278e+03 4.283e+03 4.304e+03 4.527e+03
  5.059e+03]
 [1.222e+03 2.053e+03 2.729e+03 2.944e+03 2.993e+03 3.017e+03 3.309e+03
  3.375e+03 3.508e+03 3.919e+03 3.988e+03 4.051e+03 4.315e+03 4.474e+03
  4.605e+03]
 [1.981e+03 2.084e+03 2.395e+03 2.482e+03 2.510e+03 2.553e+03 2.635e+03
  2.653e+03 2.806e+03 2.875e+03 3.212e+03 3.590e+03 4.180e+03 4.244e+03
  4.252e+03]
 [1.699e+03 1.784e+03 1.814e+03 1.894e+03 1.958e+03 2.157e+03 2.229e+03
  2.295e+03 2.367e+03 2.566e+03 2.579e+03 2.974e+03 3.029e+03 3.046e+03
  3.153e+03]
 [1.691e+03 1.778e+03 1.889e+03 1.998e+03 2.025e+03 2.167e+03 2.286e+03
  2.335e+03 2.520e+03 2.561e+03 2.578e+03 2.806e+03 2.862e+03 2.944e+03
  3.524e+03]
 [5.290e+02 1.679e+03 1.741e+03 1.819e+03 1.897e+03 1.959e+03 2.167e+03
  2.210e+03 2.228e+03 2.293e+03 2.309e+03 2.375e+03 2.566e+03 2.895e+03
  3.412e+03]
 [4.950e+02 7.980e+02 8.870e+02 1.030e+03 1.099e+03 1.210e+03 1.269e+03
  1.319e+03 1.376e+03 1.461e+03 1.477e+03 1.532e+03 1.614e+03 1.976e+03
  2.048e+03]
 [5.690e+02 6.720e+02 7.940e+02 8.900e+02 8.990e+02 1.231e+03 1.351e+03
  1.354e+03 1.425e+03 1.504e+03 1.533e+03 1.562e+03 1.595e+03 1.605e+03
  1.614e+03]
 [0.000e+00 2.300e+01 5.700e+01 1.360e+02 3.010e+02 3.920e+02 4.320e+02
  6.910e+02 7.320e+02 1.005e+03 1.096e+03 1.097e+03 1.140e+03 1.147e+03
  1.210e+03]
 [0.000e+00 1.800e+01 8.000e+01 1.770e+02 2.260e+02 2.300e+02 3.240e+02
  3.920e+02 4.430e+02 5.290e+02 6.400e+02 6.910e+02 7.830e+02 9.840e+02
  1.111e+03]
 [0.000e+00 1.000e+00 1.770e+02 2.350e+02 2.470e+02 2.580e+02 3.890e+02
  4.450e+02 5.290e+02 6.130e+02 6.560e+02 7.330e+02 1.007e+03 1.120e+03
  1.167e+03]
 [0.000e+00 9.800e+01 1.360e+02 2.280e+02 3.000e+02 3.780e+02 4.480e+02
  5.350e+02 5.670e+02 6.510e+02 7.350e+02 9.100e+02 1.111e+03 1.170e+03
  1.196e+03]
 [0.000e+00 9.800e+01 1.510e+02 2.260e+02 2.350e+02 3.240e+02 3.540e+02
  3.890e+02 4.430e+02 5.690e+02 6.580e+02 7.550e+02 9.340e+02 1.111e+03
  1.179e+03]]
