optimal_status: 0
solution: 16089.0
cpu_time: 3601.7026538848877
gap: 0.916340356765492
upper_bound: 1346.0
lower_bound: 16089.0
cg_matrix: [[0. 0. 0. 1. 1. 1. 0. 1. 1. 0. 0. 1. 0. 1. 1. 1. 1. 1. 0. 1. 0. 0. 1. 1.
  1. 0. 1. 1. 1. 1.]
 [0. 0. 0. 1. 1. 0. 0. 0. 0. 1. 0. 1. 1. 1. 0. 0. 0. 0. 1. 0. 0. 0. 0. 1.
  1. 1. 1. 1. 1. 0.]
 [0. 0. 0. 1. 1. 0. 0. 0. 0. 1. 1. 1. 0. 0. 1. 1. 1. 1. 0. 0. 0. 1. 0. 0.
  1. 1. 1. 1. 1. 0.]
 [1. 1. 1. 0. 1. 0. 0. 0. 0. 1. 0. 0. 0. 1. 1. 0. 1. 1. 1. 1. 0. 1. 0. 1.
  0. 1. 1. 0. 0. 0.]
 [1. 1. 1. 1. 0. 1. 0. 0. 0. 0. 1. 1. 0. 0. 1. 1. 0. 0. 0. 1. 0. 1. 0. 1.
  1. 1. 0. 0. 0. 0.]
 [1. 0. 0. 0. 1. 0. 1. 0. 0. 0. 0. 0. 0. 1. 1. 0. 1. 0. 0. 0. 0. 1. 0. 0.
  0. 0. 0. 0. 1. 1.]
 [0. 0. 0. 0. 0. 1. 0. 0. 1. 1. 0. 1. 1. 1. 0. 1. 1. 1. 0. 1. 0. 0. 0. 1.
  0. 1. 0. 1. 1. 1.]
 [1. 0. 0. 0. 0. 0. 0. 0. 1. 1. 0. 1. 1. 0. 1. 0. 0. 0. 0. 1. 1. 0. 1. 0.
  1. 0. 0. 0. 1. 1.]
 [1. 0. 0. 0. 0. 0. 1. 1. 0. 0. 0. 1. 0. 1. 0. 1. 0. 0. 0. 0. 1. 0. 1. 1.
  1. 0. 0. 0. 1. 1.]
 [0. 1. 1. 1. 0. 0. 1. 1. 0. 0. 1. 0. 0. 1. 1. 0. 0. 1. 1. 1. 1. 1. 1. 1.
  0. 0. 0. 1. 1. 1.]
 [0. 0. 1. 0. 1. 0. 0. 0. 0. 1. 0. 1. 1. 0. 1. 1. 0. 1. 0. 1. 0. 1. 1. 0.
  0. 0. 0. 0. 1. 1.]
 [1. 1. 1. 0. 1. 0. 1. 1. 1. 0. 1. 0. 1. 0. 0. 1. 1. 1. 0. 1. 1. 0. 0. 1.
  0. 0. 1. 1. 0. 1.]
 [0. 1. 0. 0. 0. 0. 1. 1. 0. 0. 1. 1. 0. 1. 0. 1. 0. 0. 0. 1. 1. 1. 0. 1.
  0. 0. 1. 1. 0. 0.]
 [1. 1. 0. 1. 0. 1. 1. 0. 1. 1. 0. 0. 1. 0. 0. 1. 1. 1. 1. 1. 0. 1. 0. 1.
  1. 0. 0. 1. 1. 0.]
 [1. 0. 1. 1. 1. 1. 0. 1. 0. 1. 1. 0. 0. 0. 0. 1. 1. 1. 1. 1. 1. 1. 1. 1.
  0. 0. 0. 0. 0. 0.]
 [1. 0. 1. 0. 1. 0. 1. 0. 1. 0. 1. 1. 1. 1. 1. 0. 1. 1. 0. 1. 0. 1. 1. 0.
  1. 0. 0. 0. 0. 0.]
 [1. 0. 1. 1. 0. 1. 1. 0. 0. 0. 0. 1. 0. 1. 1. 1. 0. 1. 1. 0. 0. 0. 0. 1.
  0. 1. 0. 1. 1. 1.]
 [1. 0. 1. 1. 0. 0. 1. 0. 0. 1. 1. 1. 0. 1. 1. 1. 1. 0. 0. 1. 0. 1. 0. 1.
  0. 1. 1. 1. 1. 0.]
 [0. 1. 0. 1. 0. 0. 0. 0. 0. 1. 0. 0. 0. 1. 1. 0. 1. 0. 0. 1. 1. 0. 0. 0.
  0. 1. 0. 0. 0. 1.]
 [1. 0. 0. 1. 1. 0. 1. 1. 0. 1. 1. 1. 1. 1. 1. 1. 0. 1. 1. 0. 1. 1. 0. 1.
  1. 1. 1. 1. 0. 0.]
 [0. 0. 0. 0. 0. 0. 0. 1. 1. 1. 0. 1. 1. 0. 1. 0. 0. 0. 1. 1. 0. 0. 0. 0.
  0. 0. 0. 0. 0. 0.]
 [0. 0. 1. 1. 1. 1. 0. 0. 0. 1. 1. 0. 1. 1. 1. 1. 0. 1. 0. 1. 0. 0. 0. 0.
  0. 0. 0. 0. 0. 0.]
 [1. 0. 0. 0. 0. 0. 0. 1. 1. 1. 1. 0. 0. 0. 1. 1. 0. 0. 0. 0. 0. 0. 0. 0.
  0. 0. 0. 0. 0. 0.]
 [1. 1. 0. 1. 1. 0. 1. 0. 1. 1. 0. 1. 1. 1. 1. 0. 1. 1. 0. 1. 0. 0. 0. 0.
  0. 0. 0. 0. 0. 0.]
 [1. 1. 1. 0. 1. 0. 0. 1. 1. 0. 0. 0. 0. 1. 0. 1. 0. 0. 0. 1. 0. 0. 0. 0.
  0. 0. 0. 0. 0. 0.]
 [0. 1. 1. 1. 1. 0. 1. 0. 0. 0. 0. 0. 0. 0. 0. 0. 1. 1. 1. 1. 0. 0. 0. 0.
  0. 0. 0. 0. 0. 0.]
 [1. 1. 1. 1. 0. 0. 0. 0. 0. 0. 0. 1. 1. 0. 0. 0. 0. 1. 0. 1. 0. 0. 0. 0.
  0. 0. 0. 0. 0. 0.]
 [1. 1. 1. 0. 0. 0. 1. 0. 0. 1. 0. 1. 1. 1. 0. 0. 1. 1. 0. 1. 0. 0. 0. 0.
  0. 0. 0. 0. 0. 0.]
 [1. 1. 1. 0. 0. 1. 1. 1. 1. 1. 1. 0. 0. 1. 0. 0. 1. 1. 0. 0. 0. 0. 0. 0.
  0. 0. 0. 0. 0. 0.]
 [1. 0. 0. 0. 0. 1. 1. 1. 1. 1. 1. 1. 0. 0. 0. 0. 1. 0. 1. 0. 0. 0. 0. 0.
  0. 0. 0. 0. 0. 0.]]
start_times_array: [[1.30400000e+03 1.51500000e+03 6.77900000e+03 1.09600000e+04
  1.15960000e+04 1.25510000e+04 1.47740000e+04 1.48000000e+04
  1.48660000e+04 1.49500000e+04 1.50060000e+04 1.51940000e+04
  1.53570000e+04 1.54481654e+04 1.56540000e+04 1.57390000e+04
  1.57860000e+04 1.58740000e+04 1.59710000e+04 1.60120000e+04]
 [3.41000000e+02 1.30400000e+03 1.39500000e+03 1.48940000e+04
  1.49550000e+04 1.49790000e+04 1.51291654e+04 1.52241654e+04
  1.52581654e+04 1.54870000e+04 1.55370000e+04 1.55990000e+04
  1.56090000e+04 1.56750000e+04 1.57270000e+04 1.57760000e+04
  1.57800000e+04 1.58740000e+04 1.59120000e+04 1.60050000e+04]
 [1.07000000e+02 1.34000000e+03 3.04500000e+03 3.15600000e+03
  1.47740000e+04 1.47950000e+04 1.48940000e+04 1.49500000e+04
  1.49820000e+04 1.50130000e+04 1.50490000e+04 1.51230000e+04
  1.51950000e+04 1.52860000e+04 1.53150000e+04 1.53490000e+04
  1.53990000e+04 1.54200000e+04 1.54560000e+04 1.54570000e+04]
 [8.75000000e+02 1.14800000e+03 1.37200000e+04 1.37940000e+04
  1.38290000e+04 1.39150000e+04 1.39570000e+04 1.39880000e+04
  1.40500000e+04 1.41320000e+04 1.41980000e+04 1.42370000e+04
  1.42850000e+04 1.43830000e+04 1.44820000e+04 1.45300000e+04
  1.46070000e+04 1.46380000e+04 1.46890000e+04 1.47330000e+04]
 [1.70000000e+01 4.30000000e+02 7.83000000e+02 4.14400000e+03
  1.19840000e+04 1.29740000e+04 1.30680000e+04 1.31340000e+04
  1.31820000e+04 1.32310000e+04 1.32470000e+04 1.33370000e+04
  1.33600000e+04 1.33650000e+04 1.33680000e+04 1.33780000e+04
  1.34150000e+04 1.34950000e+04 1.36090000e+04 1.36340000e+04]
 [9.25000000e+02 9.57000000e+02 1.07900000e+03 1.54700000e+03
  1.62300000e+03 1.83000000e+03 2.73000000e+03 4.07800000e+03
  4.27200000e+03 4.79652758e+03 5.32400000e+03 5.70852758e+03
  5.76952758e+03 5.98000000e+03 6.06400000e+03 6.27100000e+03
  6.29600000e+03 6.55300000e+03 6.63300000e+03 7.75300000e+03]
 [3.27800000e+03 3.36800000e+03 3.46200000e+03 3.52000000e+03
  3.56400000e+03 3.60000000e+03 1.27410000e+04 1.27450000e+04
  1.27910000e+04 1.28750000e+04 1.29840000e+04 1.30440000e+04
  1.31340000e+04 1.31970000e+04 1.32740000e+04 1.33460000e+04
  1.33480000e+04 1.34110000e+04 1.34350000e+04 1.35100000e+04]
 [1.02900000e+03 2.98200000e+03 3.29800000e+03 1.27410000e+04
  1.28310000e+04 1.28940000e+04 1.29740000e+04 1.29840000e+04
  1.29860000e+04 1.30530000e+04 1.31490000e+04 1.32180000e+04
  1.32310000e+04 1.32730000e+04 1.33270000e+04 1.34030000e+04
  1.34350000e+04 1.35100000e+04 1.35620000e+04 1.37040000e+04]
 [1.40400000e+03 1.43500000e+03 1.60600000e+03 1.76900000e+03
  1.82500000e+03 1.96700000e+03 2.15900000e+03 3.10900000e+03
  3.15500000e+03 3.37700000e+03 3.61900000e+03 1.23150000e+04
  1.23290000e+04 1.23330000e+04 1.23730000e+04 1.24130000e+04
  1.24610000e+04 1.25680000e+04 1.26500000e+04 1.26540000e+04]
 [1.14020000e+04 1.15390000e+04 1.15920000e+04 1.16250000e+04
  1.19220000e+04 1.19840000e+04 1.20010000e+04 1.20660000e+04
  1.20890000e+04 1.20990000e+04 1.21430000e+04 1.21920000e+04
  1.21940000e+04 1.22480000e+04 1.22730000e+04 1.23150000e+04
  1.23720000e+04 1.23950000e+04 1.24190000e+04 1.24950000e+04]
 [1.07100000e+04 1.07780000e+04 1.08800000e+04 1.09550000e+04
  1.09840000e+04 1.10130000e+04 1.11110000e+04 1.11280000e+04
  1.11320000e+04 1.11420000e+04 1.12130000e+04 1.12390000e+04
  1.12420000e+04 1.12930000e+04 1.13720000e+04 1.14050000e+04
  1.14630000e+04 1.17180000e+04 1.17990000e+04 1.18620000e+04]
 [9.25000000e+02 1.02300000e+03 1.12500000e+03 1.19100000e+03
  1.24400000e+03 9.87500000e+03 9.96800000e+03 1.00200000e+04
  1.00880000e+04 1.02470000e+04 1.02980000e+04 1.03830000e+04
  1.04570000e+04 1.04690000e+04 1.04920000e+04 1.05350000e+04
  1.06330000e+04 1.06590000e+04 1.08320000e+04 1.08540000e+04]
 [4.30000000e+02 9.00200000e+03 9.03700000e+03 9.11300000e+03
  9.12000000e+03 9.18700000e+03 9.19700000e+03 9.23800000e+03
  9.34400000e+03 9.36200000e+03 9.40300000e+03 9.43800000e+03
  9.45100000e+03 9.48100000e+03 9.50900000e+03 9.54100000e+03
  9.63600000e+03 9.72800000e+03 9.79900000e+03 1.01690000e+04]
 [7.98600000e+03 8.01700000e+03 8.10400000e+03 8.12500000e+03
  8.25300000e+03 8.33100000e+03 8.41900000e+03 8.42300000e+03
  8.49700000e+03 8.52300000e+03 8.53400000e+03 8.57500000e+03
  8.66800000e+03 8.70000000e+03 8.77400000e+03 8.79200000e+03
  8.82900000e+03 8.85700000e+03 8.90400000e+03 9.27900000e+03]
 [1.72000000e+02 2.15900000e+03 7.98600000e+03 8.08500000e+03
  8.11300000e+03 8.25300000e+03 8.34500000e+03 8.35700000e+03
  8.42900000e+03 8.51300000e+03 8.60300000e+03 8.63800000e+03
  8.67800000e+03 8.74100000e+03 8.77000000e+03 8.85900000e+03
  8.89073410e+03 8.96400000e+03 9.20200000e+03 9.30300000e+03]
 [5.20000000e+02 5.90000000e+02 6.83000000e+02 1.54100000e+03
  1.68300000e+03 2.35000000e+03 2.56300000e+03 2.94000000e+03
  7.38400000e+03 7.49800000e+03 7.50800000e+03 7.58600000e+03
  7.66000000e+03 7.67600000e+03 7.70100000e+03 7.70700000e+03
  7.78200000e+03 7.85000000e+03 7.91700000e+03 8.19700000e+03]
 [1.03300000e+03 1.40000000e+03 1.47900000e+03 3.37700000e+03
  3.68200000e+03 6.40600000e+03 6.70000000e+03 6.81200000e+03
  6.86500000e+03 6.87600000e+03 6.92100000e+03 6.96000000e+03
  7.04700000e+03 7.07200000e+03 7.13400000e+03 7.16600000e+03
  7.17900000e+03 7.20100000e+03 7.29400000e+03 7.40800000e+03]
 [2.66100000e+03 5.47500000e+03 5.63600000e+03 5.73900000e+03
  5.83100000e+03 5.84600000e+03 5.87800000e+03 5.88400000e+03
  5.98000000e+03 6.03100000e+03 6.12000000e+03 6.16900000e+03
  6.24400000e+03 6.32800000e+03 6.32900000e+03 6.33900000e+03
  6.37800000e+03 6.46300000e+03 6.55300000e+03 6.56600000e+03]
 [9.25000000e+02 9.70000000e+02 1.01000000e+03 1.07900000e+03
  1.35000000e+03 1.51500000e+03 1.61300000e+03 2.19600000e+03
  5.47500000e+03 5.74500000e+03 5.74700000e+03 5.83100000e+03
  5.90100000e+03 5.94700000e+03 6.01700000e+03 6.12000000e+03
  6.27100000e+03 6.36400000e+03 6.39700000e+03 6.55300000e+03]
 [5.77000000e+02 1.40000000e+03 4.43600000e+03 4.46800000e+03
  4.49800000e+03 4.66000000e+03 4.72100000e+03 4.85300000e+03
  4.89400000e+03 4.98600000e+03 5.07300000e+03 5.10900000e+03
  5.16700000e+03 5.23300000e+03 5.30300000e+03 5.32400000e+03
  5.34600000e+03 5.38700000e+03 5.54500000e+03 5.64500000e+03]
 [0.00000000e+00 1.90000000e+01 7.00000000e+01 7.80000000e+01
  3.39000000e+02 8.26000000e+02 3.95000000e+03 3.96800000e+03
  4.00700000e+03 4.03700000e+03 4.09800000e+03 4.11700000e+03
  4.19100000e+03 4.19300000e+03 4.27000000e+03 4.33600000e+03
  4.36400000e+03 4.42200000e+03 4.56800000e+03 4.76300000e+03]
 [3.06000000e+03 3.18100000e+03 3.27300000e+03 3.30700000e+03
  3.31700000e+03 3.38500000e+03 3.48900000e+03 3.55100000e+03
  3.63400000e+03 3.66000000e+03 3.74700000e+03 3.77600000e+03
  3.87100000e+03 3.90100000e+03 3.95000000e+03 3.99300000e+03
  4.14300000e+03 4.21200000e+03 4.29400000e+03 4.37400000e+03]
 [1.40000000e+01 9.50000000e+01 1.91200000e+03 2.06200000e+03
  2.21800000e+03 2.28700000e+03 2.39900000e+03 2.66900000e+03
  2.73200000e+03 2.82900000e+03 2.87700000e+03 3.18500000e+03
  3.27000000e+03 3.66100000e+03 3.66800000e+03 3.69000000e+03
  3.73300000e+03 3.78600000e+03 3.80800000e+03 3.91800000e+03]
 [1.58000000e+02 2.37300000e+03 2.37500000e+03 2.38300000e+03
  2.40500000e+03 2.49800000e+03 2.56300000e+03 2.65200000e+03
  2.73700000e+03 2.74700000e+03 2.82800000e+03 2.91300000e+03
  2.97500000e+03 3.04500000e+03 3.15900000e+03 3.25200000e+03
  3.49000000e+03 3.55800000e+03 3.68500000e+03 3.77100000e+03]
 [1.91800000e+03 1.92800000e+03 2.22700000e+03 2.28300000e+03
  2.30600000e+03 2.38000000e+03 2.47300000e+03 2.62000000e+03
  2.71900000e+03 2.79900000e+03 2.84600000e+03 2.88400000e+03
  2.89900000e+03 3.06000000e+03 3.19800000e+03 3.24600000e+03
  3.99100000e+03 6.09600000e+03 6.16100000e+03 6.16500000e+03]
 [1.55000000e+02 2.01000000e+02 2.79000000e+02 2.89000000e+02
  3.09000000e+02 5.14000000e+02 5.93000000e+02 6.64000000e+02
  7.30000000e+02 7.70000000e+02 8.25000000e+02 1.74900000e+03
  2.41000000e+03 2.45100000e+03 2.54600000e+03 2.60400000e+03
  2.94000000e+03 3.00300000e+03 3.06900000e+03 3.12500000e+03]
 [1.90000000e+01 1.55000000e+02 2.28000000e+02 4.11000000e+02
  1.54100000e+03 1.62700000e+03 1.82600000e+03 1.92500000e+03
  1.96500000e+03 2.01700000e+03 2.08300000e+03 2.21700000e+03
  2.27900000e+03 2.30600000e+03 2.39400000e+03 2.58900000e+03
  2.82800000e+03 3.18100000e+03 3.29800000e+03 3.35500000e+03]
 [1.99000000e+02 2.97000000e+02 5.20000000e+02 5.57000000e+02
  5.90000000e+02 8.91000000e+02 9.21000000e+02 1.62700000e+03
  1.73000000e+03 1.85100000e+03 1.93600000e+03 2.03300000e+03
  2.06200000e+03 2.15900000e+03 2.24300000e+03 2.29700000e+03
  2.33400000e+03 2.42900000e+03 2.44000000e+03 6.11800000e+03]
 [0.00000000e+00 4.80000000e+01 8.20000000e+01 2.62000000e+02
  2.88000000e+02 4.11000000e+02 5.08000000e+02 5.34000000e+02
  5.57000000e+02 7.28000000e+02 7.45000000e+02 8.10000000e+02
  9.07000000e+02 9.12000000e+02 1.12500000e+03 1.19600000e+03
  1.27800000e+03 1.54100000e+03 1.68300000e+03 1.91000000e+03]
 [0.00000000e+00 2.20000000e+01 1.09000000e+02 1.98000000e+02
  2.39000000e+02 3.09000000e+02 3.44000000e+02 4.39000000e+02
  5.01000000e+02 5.58000000e+02 6.10000000e+02 6.28000000e+02
  7.22000000e+02 7.82000000e+02 8.16000000e+02 9.03000000e+02
  2.21800000e+03 2.31400000e+03 6.19000000e+03 6.46300000e+03]]
