optimal_status: 0
solution: 9041.0
cpu_time: 3600.068248987198
gap: 0.8410569769195361
upper_bound: 1437.0038716704744
lower_bound: 9041.0
cg_matrix: [[0. 1. 1. 1. 1. 0. 1. 0. 0. 0. 1. 0. 1. 0. 1. 1. 0. 1. 1. 1.]
 [1. 0. 0. 0. 1. 1. 1. 0. 0. 0. 0. 0. 0. 1. 1. 0. 1. 0. 0. 0.]
 [1. 0. 0. 1. 1. 1. 1. 0. 1. 1. 1. 1. 0. 1. 1. 1. 1. 0. 0. 0.]
 [1. 0. 1. 0. 1. 1. 0. 0. 0. 0. 0. 0. 0. 1. 1. 0. 0. 0. 1. 0.]
 [1. 1. 1. 1. 0. 0. 1. 1. 1. 1. 1. 0. 1. 1. 0. 0. 1. 0. 0. 1.]
 [0. 1. 1. 1. 0. 0. 1. 0. 1. 1. 1. 1. 1. 0. 0. 0. 1. 0. 1. 0.]
 [1. 1. 1. 0. 1. 1. 0. 1. 0. 0. 1. 1. 0. 0. 1. 1. 1. 0. 1. 1.]
 [0. 0. 0. 0. 1. 0. 1. 0. 1. 1. 0. 0. 1. 1. 0. 0. 1. 0. 0. 1.]
 [0. 0. 1. 0. 1. 1. 0. 1. 0. 0. 0. 0. 0. 0. 0. 0. 0. 1. 1. 0.]
 [0. 0. 1. 0. 1. 1. 0. 1. 0. 0. 1. 0. 1. 0. 1. 0. 1. 1. 1. 1.]
 [1. 0. 1. 0. 1. 1. 1. 0. 0. 1. 0. 0. 1. 0. 0. 1. 0. 0. 1. 0.]
 [0. 0. 1. 0. 0. 1. 1. 0. 0. 0. 0. 0. 1. 0. 1. 1. 0. 1. 0. 1.]
 [1. 0. 0. 0. 1. 1. 0. 1. 0. 1. 1. 1. 0. 0. 1. 0. 0. 0. 1. 1.]
 [0. 1. 1. 1. 1. 0. 0. 1. 0. 0. 0. 0. 0. 0. 0. 0. 1. 1. 1. 1.]
 [1. 1. 1. 1. 0. 0. 1. 0. 0. 1. 0. 1. 1. 0. 0. 1. 0. 1. 0. 1.]
 [1. 0. 1. 0. 0. 0. 1. 0. 0. 0. 1. 1. 0. 0. 1. 0. 0. 1. 0. 0.]
 [0. 1. 1. 0. 1. 1. 1. 1. 0. 1. 0. 0. 0. 1. 0. 0. 0. 1. 1. 0.]
 [1. 0. 0. 0. 0. 0. 0. 0. 1. 1. 0. 1. 0. 1. 1. 1. 1. 0. 1. 1.]
 [1. 0. 0. 1. 0. 1. 1. 0. 1. 1. 1. 0. 1. 1. 0. 0. 1. 1. 0. 0.]
 [1. 0. 0. 0. 1. 0. 1. 1. 0. 1. 0. 1. 1. 1. 1. 0. 0. 1. 0. 0.]]
start_times_array: [[ 392.          937.         1088.         1925.         2117.
  2423.         2604.         2711.         2713.         2878.
  3119.         3781.         4326.         4646.         4841.
  4922.         4959.         7720.         8177.         8726.        ]
 [ 208.          288.         1295.         2253.         4417.
  4506.         4513.         4568.         4728.         4741.
  5123.         5264.         5410.         5536.         5601.
  6141.         7940.         8010.         8541.         8874.        ]
 [ 260.          894.         1277.         1314.         1816.
  2283.         3623.         4173.         4206.         4420.
  4557.         5293.         5536.         5677.         6151.
  6791.         7110.         7228.         7687.         8982.        ]
 [ 226.          842.         1005.         1010.         2193.
  2509.         2563.         2916.         3199.         3322.
  3708.         3862.         3953.         4013.         4017.
  4203.         4519.         5214.         5388.         5845.        ]
 [  72.          478.          646.         2580.         3017.
  3422.         3572.         4585.         5031.         5454.
  5942.         6417.         6732.         6957.         7016.
  7330.         8611.         8689.         8691.         8825.        ]
 [  59.          161.          488.          498.          947.
  1088.         2099.         2463.         2608.         2752.
  3019.         3254.         3359.         3390.         4257.
  4326.         5454.         8177.         8617.         8726.        ]
 [ 138.          354.         1005.         1735.         1785.
  2493.         3264.         3650.         3877.         4021.
  4240.         4697.         5151.         5771.         6337.
  6889.         7154.         7521.         7814.         8081.        ]
 [   0.           25.          340.          462.          563.
   934.          996.         1527.         1861.         2317.
  4806.         4941.         4943.         5001.         6539.
  6791.         7607.         8177.         8694.         8785.        ]
 [ 124.          763.62745098  861.62745098  999.         1385.
  3160.         3188.         3385.         3834.         3942.
  3979.         4072.         4656.         5848.         6319.
  6659.         8057.         8256.         8363.         8913.        ]
 [ 208.          397.          529.          765.          769.
  1005.         1417.         1713.62745098 1948.         6080.
  6319.         7235.         7373.         7520.         7720.
  7778.         8057.         8295.         8542.         8929.        ]
 [ 573.         1630.62745098 2187.         2251.         2625.
  3184.         3218.         3331.         5337.         5400.
  6539.         6562.         7020.         7351.         7356.
  7607.         7844.         7898.         8254.         8363.        ]
 [ 392.          662.         1385.         1640.         3479.
  3564.         3783.         4098.         6716.         7237.
  7345.         7354.         7360.         7403.         7433.
  7883.         8449.         8541.         8822.         8880.        ]
 [ 138.         1298.         1735.         1785.         2045.
  2071.         2509.         2545.         3731.         3910.
  3984.         4024.         4697.         5821.         5834.
  6151.         6612.         7148.         7532.         7902.        ]
 [ 124.          354.          789.         1014.         1674.62745098
  1742.62745098 4357.         4904.         5154.         5337.
  5776.         6080.         6319.         6578.         6637.
  7055.         7520.         7720.         8268.         8573.        ]
 [  81.          566.          754.          980.         1149.
  1218.         1880.         2124.         2625.         3238.
  3331.         3422.         3502.         3532.         4585.
  8137.         8221.         8232.         8374.         8459.        ]
 [   0.         2024.         2801.         2916.         2961.
  3024.         3749.         3946.         3994.         4364.
  4738.         5031.         5113.         5437.         5635.
  5676.         7235.         7284.         8617.         8640.        ]
 [ 718.          885.         1180.         1385.         1583.62745098
  1651.62745098 2187.         2706.         3124.         3476.
  3749.         3817.         6493.         6756.         7020.
  7431.         7844.         8135.         8254.         8363.        ]
 [1295.         1475.         2107.         2493.         2518.
  3623.         3678.         3877.         3910.         4173.
  4253.         4697.         5145.         5214.         5697.
  5817.         5942.         6021.         6151.         6165.        ]
 [   0.          293.          600.          667.         1527.
  1890.         2277.         2349.         2808.         4431.
  4554.         4606.         4749.         5536.         6238.
  6417.         7966.         8449.         8690.         8825.        ]
 [ 312.          842.          931.         1565.         2214.
  2336.         2801.         2916.         2983.         3184.
  3749.         5553.         5644.         5848.         5929.
  6065.         6247.         6561.         7972.         8363.        ]]
