optimal_status: 0
solution: 2755.9999997241653
cpu_time: 3600.5223939418793
gap: 0.5943724011122924
upper_bound: 1117.909662422636
lower_bound: 2755.9999997241653
cg_matrix: [[0. 0. 1. 0. 0. 0. 0. 0. 0. 0. 0. 0. 0. 0. 1. 0. 0. 0. 0. 0.]
 [0. 0. 0. 0. 0. 0. 0. 1. 0. 0. 0. 0. 0. 0. 1. 0. 0. 1. 0. 0.]
 [1. 0. 0. 0. 0. 0. 0. 1. 1. 0. 0. 0. 0. 0. 0. 0. 0. 0. 0. 0.]
 [0. 0. 0. 0. 0. 1. 0. 0. 0. 0. 0. 0. 1. 0. 0. 0. 0. 0. 1. 0.]
 [0. 0. 0. 0. 0. 1. 0. 0. 0. 0. 0. 0. 0. 0. 1. 0. 0. 0. 0. 1.]
 [0. 0. 0. 1. 1. 0. 0. 0. 0. 0. 0. 0. 0. 0. 0. 0. 0. 0. 0. 0.]
 [0. 0. 0. 0. 0. 0. 0. 0. 0. 0. 0. 0. 0. 0. 0. 1. 1. 0. 1. 0.]
 [0. 1. 1. 0. 0. 0. 0. 0. 0. 0. 1. 0. 0. 1. 0. 0. 0. 0. 0. 0.]
 [0. 0. 1. 0. 0. 0. 0. 0. 0. 0. 0. 0. 0. 0. 0. 0. 0. 0. 1. 0.]
 [0. 0. 0. 0. 0. 0. 0. 0. 0. 0. 1. 0. 0. 0. 1. 0. 1. 0. 0. 0.]
 [0. 0. 0. 0. 0. 0. 0. 1. 0. 1. 0. 0. 0. 1. 0. 1. 1. 0. 0. 0.]
 [0. 0. 0. 0. 0. 0. 0. 0. 0. 0. 0. 0. 1. 1. 0. 0. 0. 1. 0. 1.]
 [0. 0. 0. 1. 0. 0. 0. 0. 0. 0. 0. 1. 0. 1. 0. 0. 0. 0. 0. 0.]
 [0. 0. 0. 0. 0. 0. 0. 1. 0. 0. 1. 1. 1. 0. 0. 0. 0. 1. 0. 0.]
 [1. 1. 0. 0. 1. 0. 0. 0. 0. 1. 0. 0. 0. 0. 0. 0. 0. 0. 1. 0.]
 [0. 0. 0. 0. 0. 0. 1. 0. 0. 0. 1. 0. 0. 0. 0. 0. 0. 0. 0. 0.]
 [0. 0. 0. 0. 0. 0. 1. 0. 0. 1. 1. 0. 0. 0. 0. 0. 0. 0. 0. 0.]
 [0. 1. 0. 0. 0. 0. 0. 0. 0. 0. 0. 1. 0. 1. 0. 0. 0. 0. 0. 0.]
 [0. 0. 0. 1. 0. 0. 1. 0. 1. 0. 0. 0. 0. 0. 1. 0. 0. 0. 0. 0.]
 [0. 0. 0. 0. 1. 0. 0. 0. 0. 0. 0. 1. 0. 0. 0. 0. 0. 0. 0. 0.]]
start_times_array: [[  18.          246.          530.         1183.         1364.
  1713.         1927.         2078.         2238.         2252.
  2265.         2458.         2489.         2546.         2701.99999972]
 [ 526.          642.          841.          852.          863.
   936.         1139.         1389.         1451.         1783.
  1935.         2170.         2419.         2440.         2469.        ]
 [ 126.          321.          522.          989.         1024.
  1083.         1259.         1272.         1402.         1543.
  1565.         1583.         2174.         2345.         2374.        ]
 [ 139.          514.          556.          558.          616.
   627.          821.         1783.         1880.         2053.
  2191.         2209.         2478.         2564.         2598.99999972]
 [   0.          410.          558.          810.          881.
   928.          967.         1583.         1627.         1639.
  1665.         1704.         1746.         1927.         2137.        ]
 [ 419.          719.          803.          808.         1056.
  1139.         1203.         1297.         1300.         1351.
  1377.         1431.         1470.         1515.         1992.        ]
 [  71.          128.          488.          538.          609.
   666.          847.         1211.         1281.         1500.
  1774.         1873.         2191.         2220.         2602.99999972]
 [  24.          117.          204.          310.          465.
   593.          719.          759.         1222.         1318.
  1656.         1704.         2043.         2105.         2591.        ]
 [   0.           71.          148.          231.          289.
   470.          668.         1114.         1318.         1454.
  1771.         1840.         2025.         2047.         2281.        ]
 [ 246.          412.          564.          616.          710.
   847.         1032.         1169.         1222.         1310.
  1770.         2161.         2252.         2490.         2567.        ]
 [   0.           18.          316.          511.          724.
  1070.         1183.         1281.         1486.         1500.
  1590.         1873.         1954.         2374.         2667.        ]
 [   0.          202.          277.          477.          490.
   593.          747.         1070.         1271.         1301.
  1589.         1615.         1873.         2058.         2642.99999972]
 [  44.           83.          303.          329.          399.
  1145.         1214.         1240.         1486.         1541.
  1645.         1667.         1733.         1957.         2149.        ]
 [ 145.          289.          564.          572.          841.
   936.          992.         1247.         1394.         1783.
  2170.         2238.         2325.         2422.         2497.        ]
 [  61.          154.          321.          339.          367.
   486.          747.         1056.         1259.         1349.
  1486.         1879.         2025.         2311.         2662.99999972]
 [  24.          246.          412.          454.          655.
   765.          776.          817.          831.         1046.
  1050.         1682.         2043.         2252.         2422.        ]
 [ 177.          765.          928.          992.         1254.
  1349.         1431.         1654.         1697.         1753.
  1841.         2043.         2063.         2270.         2422.        ]
 [  44.          303.          329.          416.          652.
   818.         1486.         1645.         1734.         1957.
  2046.         2368.         2595.99999972 2598.99999972 2735.99999972]
 [ 246.          416.          803.          914.          986.
  1183.         1595.         1615.         1676.         1735.
  1927.         2012.         2118.         2252.         2505.        ]
 [  50.           57.          154.          180.          289.
   365.          415.          652.         1145.         1651.
  1798.         1838.         2275.         2354.         2550.        ]]
