optimal_status: 0
solution: 3343.0
cpu_time: 3600.170180082321
gap: 0.6359667695825991
upper_bound: 1216.9630892853709
lower_bound: 3343.0
cg_matrix: [[0. 0. 0. 1. 0. 1. 0. 0. 0. 0. 0. 0. 0. 0. 0. 0. 1. 0. 0. 0. 0. 0. 0. 0.
  0. 0. 0. 1. 0. 0.]
 [0. 0. 0. 0. 1. 1. 1. 0. 1. 0. 0. 0. 0. 0. 0. 0. 0. 0. 0. 1. 1. 0. 0. 1.
  0. 0. 0. 0. 0. 0.]
 [0. 0. 0. 0. 0. 1. 0. 1. 0. 0. 0. 1. 0. 0. 0. 0. 0. 0. 0. 0. 0. 0. 0. 1.
  0. 1. 0. 0. 0. 0.]
 [1. 0. 0. 0. 1. 0. 0. 0. 0. 0. 0. 0. 1. 0. 0. 0. 0. 0. 0. 0. 1. 0. 0. 0.
  0. 1. 0. 0. 0. 0.]
 [0. 1. 0. 1. 0. 1. 0. 0. 0. 1. 0. 0. 0. 1. 1. 1. 0. 0. 0. 0. 0. 0. 0. 0.
  1. 1. 0. 0. 1. 0.]
 [1. 1. 1. 0. 1. 0. 0. 0. 0. 0. 0. 0. 0. 0. 0. 0. 0. 0. 0. 1. 0. 0. 0. 0.
  0. 0. 1. 0. 0. 0.]
 [0. 1. 0. 0. 0. 0. 0. 0. 1. 0. 0. 0. 0. 1. 0. 0. 0. 0. 0. 0. 0. 0. 0. 0.
  0. 1. 0. 1. 0. 0.]
 [0. 0. 1. 0. 0. 0. 0. 0. 0. 0. 0. 0. 0. 0. 0. 1. 0. 0. 0. 0. 0. 0. 1. 0.
  0. 0. 0. 0. 1. 0.]
 [0. 1. 0. 0. 0. 0. 1. 0. 0. 0. 0. 0. 0. 0. 1. 0. 0. 1. 0. 1. 0. 0. 0. 1.
  0. 0. 0. 0. 0. 1.]
 [0. 0. 0. 0. 1. 0. 0. 0. 0. 0. 0. 0. 0. 0. 0. 0. 0. 1. 0. 1. 0. 0. 0. 0.
  0. 0. 0. 0. 1. 0.]
 [0. 0. 0. 0. 0. 0. 0. 0. 0. 0. 0. 0. 0. 0. 0. 0. 0. 1. 1. 0. 0. 0. 0. 0.
  0. 0. 0. 1. 0. 0.]
 [0. 0. 1. 0. 0. 0. 0. 0. 0. 0. 0. 0. 0. 0. 0. 0. 0. 0. 0. 0. 0. 0. 0. 1.
  0. 0. 0. 0. 0. 0.]
 [0. 0. 0. 1. 0. 0. 0. 0. 0. 0. 0. 0. 0. 0. 0. 1. 0. 0. 0. 0. 0. 0. 0. 0.
  0. 0. 1. 1. 0. 0.]
 [0. 0. 0. 0. 1. 0. 1. 0. 0. 0. 0. 0. 0. 0. 0. 0. 0. 0. 0. 1. 1. 0. 0. 0.
  0. 0. 0. 0. 1. 1.]
 [0. 0. 0. 0. 1. 0. 0. 0. 1. 0. 0. 0. 0. 0. 0. 0. 1. 1. 0. 0. 0. 1. 0. 0.
  0. 0. 0. 0. 0. 0.]
 [0. 0. 0. 0. 1. 0. 0. 1. 0. 0. 0. 0. 1. 0. 0. 0. 0. 0. 0. 0. 0. 0. 0. 0.
  0. 0. 0. 0. 0. 0.]
 [1. 0. 0. 0. 0. 0. 0. 0. 0. 0. 0. 0. 0. 0. 1. 0. 0. 0. 0. 0. 0. 0. 0. 0.
  0. 0. 0. 0. 0. 0.]
 [0. 0. 0. 0. 0. 0. 0. 0. 1. 1. 1. 0. 0. 0. 1. 0. 0. 0. 0. 0. 0. 0. 0. 0.
  0. 0. 0. 0. 0. 0.]
 [0. 0. 0. 0. 0. 0. 0. 0. 0. 0. 1. 0. 0. 0. 0. 0. 0. 0. 0. 0. 0. 0. 0. 0.
  0. 0. 0. 0. 0. 0.]
 [0. 1. 0. 0. 0. 1. 0. 0. 1. 1. 0. 0. 0. 1. 0. 0. 0. 0. 0. 0. 0. 0. 0. 0.
  0. 0. 0. 0. 0. 0.]
 [0. 1. 0. 1. 0. 0. 0. 0. 0. 0. 0. 0. 0. 1. 0. 0. 0. 0. 0. 0. 0. 0. 0. 0.
  0. 0. 0. 0. 0. 0.]
 [0. 0. 0. 0. 0. 0. 0. 0. 0. 0. 0. 0. 0. 0. 1. 0. 0. 0. 0. 0. 0. 0. 0. 0.
  0. 0. 0. 0. 0. 0.]
 [0. 0. 0. 0. 0. 0. 0. 1. 0. 0. 0. 0. 0. 0. 0. 0. 0. 0. 0. 0. 0. 0. 0. 0.
  0. 0. 0. 0. 0. 0.]
 [0. 1. 1. 0. 0. 0. 0. 0. 1. 0. 0. 1. 0. 0. 0. 0. 0. 0. 0. 0. 0. 0. 0. 0.
  0. 0. 0. 0. 0. 0.]
 [0. 0. 0. 0. 1. 0. 0. 0. 0. 0. 0. 0. 0. 0. 0. 0. 0. 0. 0. 0. 0. 0. 0. 0.
  0. 0. 0. 0. 0. 0.]
 [0. 0. 1. 1. 1. 0. 1. 0. 0. 0. 0. 0. 0. 0. 0. 0. 0. 0. 0. 0. 0. 0. 0. 0.
  0. 0. 0. 0. 0. 0.]
 [0. 0. 0. 0. 0. 1. 0. 0. 0. 0. 0. 0. 1. 0. 0. 0. 0. 0. 0. 0. 0. 0. 0. 0.
  0. 0. 0. 0. 0. 0.]
 [1. 0. 0. 0. 0. 0. 1. 0. 0. 0. 1. 0. 1. 0. 0. 0. 0. 0. 0. 0. 0. 0. 0. 0.
  0. 0. 0. 0. 0. 0.]
 [0. 0. 0. 0. 1. 0. 0. 1. 0. 1. 0. 0. 0. 1. 0. 0. 0. 0. 0. 0. 0. 0. 0. 0.
  0. 0. 0. 0. 0. 0.]
 [0. 0. 0. 0. 0. 0. 0. 0. 1. 0. 0. 0. 0. 1. 0. 0. 0. 0. 0. 0. 0. 0. 0. 0.
  0. 0. 0. 0. 0. 0.]]
start_times_array: [[  89.  168.  363.  510.  964. 1060. 1180. 1808. 1863. 1898. 2084. 2093.
  2220. 2655. 3245.]
 [   0.  230.  510.  725.  967. 1021. 1287. 1427. 1664. 1893. 2216. 2385.
  2641. 2807. 3031.]
 [ 151.  369.  421.  663.  752.  757. 1231. 1286. 1559. 2086. 2201. 2449.
  2723. 3223. 3329.]
 [ 200.  269.  606.  619.  885.  947. 1301. 1437. 1603. 1763. 1947. 2119.
  2159. 2490. 2918.]
 [  98.  137.  322.  356.  558.  761. 1062. 1188. 1559. 1770. 2027. 2275.
  2683. 3081. 3135.]
 [ 200.  447.  606.  837.  891. 1342. 1490. 1708. 1717. 2129. 2316. 2528.
  2561. 2622. 2906.]
 [ 363.  762.  930. 1189. 1504. 1585. 2084. 2098. 2277. 2458. 2523. 2525.
  2935. 3165. 3240.]
 [  76.  271.  536.  607.  761. 1063. 1330. 1465. 1742. 2048. 2140. 2269.
  2533. 3083. 3148.]
 [ 319.  590.  623.  832. 1063. 1340. 1718. 1984. 2071. 2176. 2318. 2592.
  2768. 3072. 3266.]
 [   0.  664. 1114. 1293. 1434. 1693. 1907. 2140. 2220. 2428. 2458. 2542.
  2583. 2934. 3008.]
 [   0.  253.  336.  468.  620.  673.  706. 1356. 1440. 1654. 2087. 2514.
  2788. 2918. 3018.]
 [   0.   46.  236.  448.  612.  934. 1063. 1178. 1424. 1660. 2379. 2578.
  2639. 2796. 2867.]
 [ 106.  413.  957. 1179. 1499. 1647. 1890. 2105. 2250. 2270. 2570. 2576.
  2677. 3013. 3165.]
 [  66.  231.  544.  606.  678. 1108. 1286. 1434. 1664. 1879. 2176. 2592.
  2773. 2899. 2995.]
 [ 455.  664.  991. 1149. 1452. 1653. 2117. 2229. 2436. 2507. 2655. 2937.
  2955. 3015. 3025.]
 [ 160.  207.  257.  695.  859. 1356. 1585. 2369. 2500. 2800. 2936. 3229.
  3284. 3333. 3338.]
 [   0.  230.  603.  761.  828.  850. 1340. 1592. 1718. 2176. 2312. 2379.
  2576. 2730. 2804.]
 [  88.  162.  405.  547.  898. 1177. 1208. 1545. 1802. 1860. 1914. 2386.
  2706. 2807. 3137.]
 [  61.  109.  523. 1690. 1732. 1784. 1824. 1947. 2395. 2460. 2466. 2683.
  2703. 2796. 3273.]
 [  88.  155.  363.  740. 1185. 1396. 1559. 1592. 1778. 1818. 2085. 2276.
  2683. 3140. 3219.]
 [  76.  755. 1058. 1185. 1355. 1398. 1996. 2057. 2684. 2704. 2749. 2756.
  3081. 3145. 3218.]
 [ 106.  290.  365.  421.  761.  850. 1262. 1346. 1579. 1902. 1985. 2310.
  2830. 2996. 3148.]
 [  98.  105.  192.  268.  699. 1818. 1919. 2020. 2021. 2157. 2178. 2353.
  2646. 2808. 2851.]
 [  76.  820.  884. 1185. 1351. 1505. 1654. 1778. 1810. 1860. 2148. 2284.
  2915. 3137. 3255.]
 [ 149.  265.  474.  618. 1440. 1637. 1695. 1918. 1966. 2166. 2386. 2420.
  2642. 2858. 2943.]
 [   0.   29.  448.  466.  832. 1107. 1716. 1861. 1994. 2323. 2353. 2610.
  2822. 2849. 3014.]
 [   0.   89.  182.  318.  678.  760.  832. 1250. 1572. 1799. 1921. 2010.
  2045. 2460. 3223.]
 [   7.  199.  802.  898. 1159. 1262. 1452. 1731. 2025. 2369. 2606. 2646.
  2728. 2790. 3081.]
 [ 162.  458.  510.  852.  917. 1007. 1355. 1582. 1633. 1934. 2117. 2369.
  2800. 3222. 3273.]
 [   0.  134.  708.  884.  889.  944. 1024. 1189. 1270. 1779. 1934. 2085.
  2168. 2419. 2741.]]
