optimal_status: 0
solution: 2936.0
cpu_time: 3600.107358932495
gap: 0.6195768120468577
upper_bound: 1116.922479830426
lower_bound: 2936.0
cg_matrix: [[0. 0. 0. 0. 1. 1. 0. 0. 0. 0. 0. 1. 0. 0. 0. 0. 0. 0. 0. 0.]
 [0. 0. 0. 1. 0. 0. 0. 0. 0. 0. 1. 0. 0. 0. 0. 0. 0. 0. 0. 0.]
 [0. 0. 0. 0. 0. 1. 0. 1. 0. 0. 1. 0. 0. 0. 0. 0. 0. 0. 1. 0.]
 [0. 1. 0. 0. 0. 0. 0. 0. 1. 0. 0. 0. 0. 1. 1. 1. 0. 0. 0. 1.]
 [1. 0. 0. 0. 0. 0. 0. 0. 0. 0. 0. 0. 0. 0. 0. 0. 0. 0. 1. 0.]
 [1. 0. 1. 0. 0. 0. 1. 1. 0. 1. 0. 0. 0. 0. 1. 0. 0. 0. 1. 0.]
 [0. 0. 0. 0. 0. 1. 0. 1. 1. 0. 0. 1. 0. 0. 1. 0. 0. 0. 0. 0.]
 [0. 0. 1. 0. 0. 1. 1. 0. 0. 0. 0. 1. 0. 0. 0. 0. 1. 1. 0. 0.]
 [0. 0. 0. 1. 0. 0. 1. 0. 0. 0. 0. 0. 0. 0. 0. 0. 0. 1. 1. 0.]
 [0. 0. 0. 0. 0. 1. 0. 0. 0. 0. 1. 0. 0. 1. 0. 0. 1. 1. 1. 0.]
 [0. 1. 1. 0. 0. 0. 0. 0. 0. 1. 0. 0. 0. 0. 0. 0. 0. 1. 0. 0.]
 [1. 0. 0. 0. 0. 0. 1. 1. 0. 0. 0. 0. 1. 0. 0. 1. 0. 1. 1. 0.]
 [0. 0. 0. 0. 0. 0. 0. 0. 0. 0. 0. 1. 0. 0. 0. 0. 0. 0. 0. 1.]
 [0. 0. 0. 1. 0. 0. 0. 0. 0. 1. 0. 0. 0. 0. 0. 0. 0. 0. 0. 1.]
 [0. 0. 0. 1. 0. 1. 1. 0. 0. 0. 0. 0. 0. 0. 0. 0. 0. 0. 0. 0.]
 [0. 0. 0. 1. 0. 0. 0. 0. 0. 0. 0. 1. 0. 0. 0. 0. 0. 0. 0. 0.]
 [0. 0. 0. 0. 0. 0. 0. 1. 0. 1. 0. 0. 0. 0. 0. 0. 0. 0. 0. 0.]
 [0. 0. 0. 0. 0. 0. 0. 1. 1. 1. 1. 1. 0. 0. 0. 0. 0. 0. 0. 0.]
 [0. 0. 1. 0. 1. 1. 0. 0. 1. 1. 0. 1. 0. 0. 0. 0. 0. 0. 0. 0.]
 [0. 0. 0. 1. 0. 0. 0. 0. 0. 0. 0. 0. 1. 1. 0. 0. 0. 0. 0. 0.]]
start_times_array: [[ 311.  336.  458.  623.  824. 1123. 1512. 1774. 1833. 1927. 1940. 2128.
  2601. 2731. 2933.]
 [ 121.  199.  300.  485.  496.  874. 1048. 1825. 1894. 2125. 2242. 2503.
  2558. 2622. 2878.]
 [  25.  765.  939. 1038. 1173. 1471. 1519. 1551. 1597. 1774. 1803. 2053.
  2075. 2559. 2809.]
 [ 329.  536.  825.  912. 1000. 1644. 1736. 1982. 2221. 2264. 2320. 2579.
  2845. 2894. 2913.]
 [   0.   50.  101.  160.  411.  579.  708. 1185. 1220. 1351. 1685. 1732.
  2067. 2241. 2487.]
 [ 252.  708.  863.  931. 1259. 1319. 1685. 1771. 1989. 2280. 2360. 2394.
  2433. 2495. 2879.]
 [ 120.  331.  483.  791.  933. 1160. 1465. 1645. 1679. 1774. 2072. 2306.
  2571. 2621. 2818.]
 [ 413.  546.  623.  979.  985. 1106. 1155. 1383. 1533. 1869. 1940. 2139.
  2218. 2651. 2733.]
 [   0.   65.  204.  285.  429.  578. 1017. 1261. 1330. 1555. 1913. 2365.
  2452. 2500. 2755.]
 [  24.  544.  868. 1017. 1111. 1471. 1552. 1576. 1590. 2040. 2154. 2221.
  2561. 2742. 2822.]
 [   0.   18.  204.  419.  618.  666.  960.  999. 1159. 1262. 1407. 1693.
  2366. 2455. 2651.]
 [  47.  208.  283.  533.  549.  708.  862. 1031. 1331. 1552. 1700. 1726.
  1988. 2364. 2478.]
 [   4.  148.  412.  455.  653.  933. 1002. 1106. 1390. 1504. 1756. 1778.
  1938. 2823. 2919.]
 [ 147.  204.  318.  483.  699.  947. 1208. 1355. 1379. 1824. 1914. 2356.
  2443. 2486. 2622.]
 [  18.  160.  300.  428.  456.  872. 1018. 1077. 1414. 1532. 1547. 1870.
  1929. 2143. 2716.]
 [   0.  295.  428.  470.  498.  522.  654.  684.  698.  947. 1011. 1361.
  2080. 2120. 2193.]
 [ 111.  331.  472.  708.  753.  786.  920. 1211. 1260. 1316. 1365. 1781.
  2280. 2378. 2580.]
 [ 120.  300.  326.  472.  767.  934. 1173. 1780. 2079. 2280. 2588. 2600.
  2819. 2872. 2916.]
 [ 367.  461.  515.  630.  947. 1125. 1153. 1232. 1412. 1649. 1828. 2307.
  2588. 2661. 2696.]
 [  43.   50.  257.  261.  579.  827. 1029. 1113. 1286. 1552. 2079. 2119.
  2142. 2716. 2815.]]
