optimal_status: 0
solution: 4102.0
cpu_time: 3600.153878927231
gap: 0.639076487842118
upper_bound: 1480.508246871632
lower_bound: 4102.0
cg_matrix: [[0. 0. 0. 1. 0. 0. 0. 0. 1. 1. 0. 1. 1. 0. 0. 0. 0. 0. 0. 1.]
 [0. 0. 0. 0. 1. 0. 0. 0. 0. 0. 0. 1. 0. 1. 0. 0. 1. 0. 0. 0.]
 [0. 0. 0. 0. 0. 0. 1. 0. 0. 1. 0. 0. 0. 0. 0. 1. 0. 0. 0. 0.]
 [1. 0. 0. 0. 0. 1. 0. 0. 1. 1. 0. 0. 1. 1. 0. 0. 0. 0. 0. 0.]
 [0. 1. 0. 0. 0. 0. 0. 0. 0. 0. 1. 0. 0. 0. 0. 0. 0. 0. 0. 0.]
 [0. 0. 0. 1. 0. 0. 1. 0. 1. 0. 0. 0. 0. 0. 0. 0. 0. 0. 0. 0.]
 [0. 0. 1. 0. 0. 1. 0. 0. 0. 1. 1. 0. 1. 0. 0. 0. 0. 0. 0. 0.]
 [0. 0. 0. 0. 0. 0. 0. 0. 0. 1. 0. 0. 0. 1. 0. 0. 0. 0. 0. 0.]
 [1. 0. 0. 1. 0. 1. 0. 0. 0. 0. 0. 0. 0. 0. 0. 0. 0. 1. 1. 0.]
 [1. 0. 1. 1. 0. 0. 1. 1. 0. 0. 0. 1. 0. 0. 0. 1. 0. 0. 0. 0.]
 [0. 0. 0. 0. 1. 0. 1. 0. 0. 0. 0. 0. 0. 0. 0. 0. 0. 0. 0. 1.]
 [1. 1. 0. 0. 0. 0. 0. 0. 0. 1. 0. 0. 0. 1. 0. 1. 0. 1. 0. 0.]
 [1. 0. 0. 1. 0. 0. 1. 0. 0. 0. 0. 0. 0. 1. 1. 0. 0. 0. 0. 1.]
 [0. 1. 0. 1. 0. 0. 0. 1. 0. 0. 0. 1. 1. 0. 1. 0. 0. 0. 0. 0.]
 [0. 0. 0. 0. 0. 0. 0. 0. 0. 0. 0. 0. 1. 1. 0. 0. 0. 0. 0. 0.]
 [0. 0. 1. 0. 0. 0. 0. 0. 0. 1. 0. 1. 0. 0. 0. 0. 0. 1. 0. 0.]
 [0. 1. 0. 0. 0. 0. 0. 0. 0. 0. 0. 0. 0. 0. 0. 0. 0. 0. 0. 0.]
 [0. 0. 0. 0. 0. 0. 0. 0. 1. 0. 0. 1. 0. 0. 0. 1. 0. 0. 1. 0.]
 [0. 0. 0. 0. 0. 0. 0. 0. 1. 0. 0. 0. 0. 0. 0. 0. 0. 1. 0. 0.]
 [1. 0. 0. 0. 0. 0. 0. 0. 0. 0. 1. 0. 1. 0. 0. 0. 0. 0. 0. 0.]]
start_times_array: [[1.410e+02 2.050e+02 3.520e+02 7.280e+02 8.260e+02 1.387e+03 1.502e+03
  1.801e+03 2.142e+03 2.252e+03 2.266e+03 2.513e+03 2.717e+03 2.764e+03
  3.104e+03 3.198e+03 3.207e+03 3.222e+03 3.623e+03 3.707e+03]
 [4.000e+00 2.050e+02 3.010e+02 4.250e+02 5.080e+02 8.050e+02 1.290e+03
  1.373e+03 1.376e+03 1.454e+03 1.629e+03 2.127e+03 2.351e+03 2.876e+03
  2.901e+03 3.062e+03 3.443e+03 3.581e+03 3.641e+03 3.911e+03]
 [2.670e+02 3.630e+02 7.040e+02 8.950e+02 9.550e+02 1.079e+03 1.245e+03
  1.410e+03 1.424e+03 2.038e+03 2.252e+03 2.513e+03 2.582e+03 2.670e+03
  3.032e+03 3.265e+03 3.378e+03 3.718e+03 4.016e+03 4.056e+03]
 [0.000e+00 4.330e+02 6.240e+02 1.004e+03 1.074e+03 1.313e+03 1.863e+03
  2.054e+03 2.351e+03 2.558e+03 2.615e+03 2.693e+03 3.006e+03 3.013e+03
  3.288e+03 3.367e+03 3.385e+03 3.605e+03 3.935e+03 4.034e+03]
 [0.000e+00 4.300e+01 1.250e+02 6.340e+02 7.200e+02 1.025e+03 1.160e+03
  1.181e+03 1.187e+03 1.561e+03 1.693e+03 1.884e+03 2.384e+03 2.515e+03
  2.550e+03 2.618e+03 2.716e+03 3.280e+03 3.337e+03 3.683e+03]
 [2.380e+02 3.320e+02 7.200e+02 8.130e+02 8.450e+02 1.157e+03 1.187e+03
  1.397e+03 1.424e+03 1.604e+03 1.762e+03 1.840e+03 2.009e+03 2.156e+03
  2.216e+03 2.262e+03 2.701e+03 2.894e+03 3.104e+03 3.707e+03]
 [1.410e+02 4.290e+02 6.100e+02 6.620e+02 9.830e+02 1.307e+03 1.336e+03
  1.516e+03 1.692e+03 1.878e+03 1.894e+03 2.077e+03 2.346e+03 2.592e+03
  3.006e+03 3.183e+03 3.280e+03 3.551e+03 4.002e+03 4.026e+03]
 [0.000e+00 1.800e+01 9.500e+01 1.980e+02 2.020e+02 3.020e+02 3.700e+02
  4.710e+02 8.850e+02 9.700e+02 1.043e+03 1.086e+03 1.252e+03 1.289e+03
  2.558e+03 3.006e+03 3.196e+03 3.248e+03 3.257e+03 3.321e+03]
 [1.060e+02 5.250e+02 9.360e+02 9.980e+02 1.244e+03 1.306e+03 1.613e+03
  1.693e+03 1.696e+03 1.753e+03 1.894e+03 1.979e+03 2.402e+03 2.803e+03
  2.993e+03 3.436e+03 3.523e+03 3.624e+03 3.801e+03 3.879e+03]
 [5.250e+02 1.171e+03 1.179e+03 1.604e+03 1.762e+03 1.777e+03 1.979e+03
  2.162e+03 2.192e+03 2.455e+03 2.496e+03 2.773e+03 2.839e+03 2.928e+03
  3.443e+03 3.638e+03 3.801e+03 3.846e+03 3.928e+03 4.083e+03]
 [2.340e+02 3.540e+02 3.810e+02 3.820e+02 5.100e+02 7.700e+02 8.500e+02
  1.241e+03 1.454e+03 1.795e+03 2.163e+03 2.253e+03 2.429e+03 2.480e+03
  3.038e+03 3.233e+03 3.367e+03 3.410e+03 3.613e+03 3.621e+03]
 [0.000e+00 6.100e+02 6.940e+02 8.950e+02 9.230e+02 1.077e+03 1.245e+03
  1.693e+03 1.921e+03 2.040e+03 2.390e+03 2.558e+03 2.620e+03 3.006e+03
  3.031e+03 3.288e+03 3.321e+03 3.366e+03 3.531e+03 4.002e+03]
 [9.300e+01 2.620e+02 5.350e+02 8.870e+02 1.220e+03 1.474e+03 1.604e+03
  1.625e+03 2.162e+03 2.429e+03 2.884e+03 3.436e+03 3.495e+03 3.624e+03
  3.687e+03 3.811e+03 3.828e+03 3.858e+03 3.874e+03 4.067e+03]
 [1.410e+02 4.090e+02 7.280e+02 7.710e+02 1.157e+03 1.194e+03 1.522e+03
  1.760e+03 1.979e+03 1.984e+03 2.252e+03 2.264e+03 2.475e+03 2.717e+03
  2.779e+03 2.973e+03 3.111e+03 3.705e+03 3.766e+03 3.775e+03]
 [0.000e+00 6.300e+01 1.980e+02 2.520e+02 3.520e+02 3.850e+02 4.370e+02
  4.780e+02 6.100e+02 8.130e+02 9.830e+02 1.341e+03 1.376e+03 1.838e+03
  1.992e+03 2.014e+03 2.876e+03 2.993e+03 3.196e+03 3.881e+03]
 [8.600e+01 1.190e+02 1.870e+02 4.290e+02 7.920e+02 8.610e+02 9.830e+02
  1.332e+03 1.387e+03 1.513e+03 1.784e+03 1.800e+03 2.723e+03 3.026e+03
  3.062e+03 3.121e+03 3.354e+03 3.581e+03 3.707e+03 3.951e+03]
 [4.300e+01 1.150e+02 1.610e+02 5.850e+02 6.470e+02 7.010e+02 7.550e+02
  7.710e+02 8.630e+02 8.830e+02 9.890e+02 1.074e+03 1.131e+03 1.230e+03
  1.265e+03 2.087e+03 2.224e+03 2.305e+03 2.624e+03 3.705e+03]
 [3.000e+00 2.080e+02 3.000e+02 3.250e+02 3.650e+02 3.860e+02 7.280e+02
  1.146e+03 1.184e+03 1.760e+03 2.009e+03 2.012e+03 2.137e+03 2.223e+03
  2.498e+03 2.902e+03 3.156e+03 3.253e+03 3.728e+03 4.082e+03]
 [1.740e+02 4.290e+02 6.240e+02 7.890e+02 8.870e+02 1.021e+03 1.050e+03
  1.331e+03 1.347e+03 1.516e+03 1.548e+03 1.784e+03 1.823e+03 2.040e+03
  2.291e+03 2.679e+03 2.728e+03 3.006e+03 3.032e+03 3.272e+03]
 [0.000e+00 6.150e+02 6.240e+02 6.350e+02 6.620e+02 6.810e+02 1.077e+03
  1.290e+03 1.372e+03 1.676e+03 1.725e+03 1.760e+03 1.863e+03 1.955e+03
  1.976e+03 2.062e+03 2.446e+03 2.558e+03 2.841e+03 2.973e+03]]
