optimal_status: 0
solution: 6589.999999339449
cpu_time: 3600.495500087738
gap: 0.841163077566032
upper_bound: 1046.7353187349288
lower_bound: 6589.999999339449
cg_matrix: [[0. 0. 1. 1. 1. 1. 1. 1. 1. 1. 1. 1. 1. 0. 1.]
 [0. 0. 1. 0. 1. 1. 1. 1. 1. 1. 0. 1. 1. 1. 1.]
 [1. 1. 0. 1. 1. 1. 0. 1. 1. 1. 1. 1. 1. 1. 0.]
 [1. 0. 1. 0. 0. 0. 1. 0. 0. 1. 1. 0. 1. 1. 1.]
 [1. 1. 1. 0. 0. 1. 1. 1. 1. 0. 1. 1. 1. 1. 0.]
 [1. 1. 1. 0. 1. 0. 1. 1. 1. 1. 1. 1. 0. 1. 1.]
 [1. 1. 0. 1. 1. 1. 0. 1. 1. 0. 0. 1. 1. 1. 1.]
 [1. 1. 1. 0. 1. 1. 1. 0. 1. 1. 1. 1. 1. 0. 0.]
 [1. 1. 1. 0. 1. 1. 1. 1. 0. 0. 1. 0. 1. 0. 1.]
 [1. 1. 1. 1. 0. 1. 0. 1. 0. 0. 1. 0. 0. 1. 0.]
 [1. 0. 1. 1. 1. 1. 0. 1. 1. 1. 0. 1. 1. 1. 1.]
 [1. 1. 1. 0. 1. 1. 1. 1. 0. 0. 1. 0. 1. 1. 1.]
 [1. 1. 1. 1. 1. 0. 1. 1. 1. 0. 1. 1. 0. 1. 1.]
 [0. 1. 1. 1. 1. 1. 1. 0. 0. 1. 1. 1. 1. 0. 1.]
 [1. 1. 0. 1. 0. 1. 1. 0. 1. 0. 1. 1. 1. 1. 0.]]
start_times_array: [[6.100e+01 1.530e+02 1.169e+03 1.400e+03 2.460e+03 2.513e+03 2.527e+03
  3.421e+03 3.491e+03 3.595e+03 4.186e+03 5.781e+03 6.070e+03 6.155e+03
  6.240e+03]
 [4.700e+01 1.680e+02 2.090e+02 4.100e+02 1.140e+03 1.400e+03 1.471e+03
  2.460e+03 2.553e+03 3.640e+03 4.027e+03 5.365e+03 6.131e+03 6.193e+03
  6.448e+03]
 [3.070e+02 3.670e+02 9.300e+02 1.311e+03 1.313e+03 1.363e+03 2.221e+03
  3.039e+03 3.272e+03 3.332e+03 3.505e+03 3.571e+03 3.752e+03 4.873e+03
  6.301e+03]
 [4.700e+01 4.170e+02 7.440e+02 1.163e+03 1.465e+03 1.635e+03 1.721e+03
  1.906e+03 2.092e+03 2.388e+03 4.582e+03 5.209e+03 5.615e+03 6.522e+03
  6.574e+03]
 [4.390e+02 2.182e+03 2.662e+03 2.737e+03 2.835e+03 2.837e+03 3.120e+03
  3.389e+03 4.575e+03 4.671e+03 4.858e+03 4.862e+03 4.972e+03 5.522e+03
  6.370e+03]
 [1.843e+03 2.332e+03 2.875e+03 3.852e+03 3.899e+03 5.022e+03 5.212e+03
  5.245e+03 5.342e+03 5.450e+03 5.499e+03 5.660e+03 5.698e+03 5.830e+03
  6.518e+03]
 [4.400e+01 3.300e+02 9.120e+02 9.790e+02 3.298e+03 3.512e+03 3.800e+03
  3.956e+03 4.039e+03 4.122e+03 4.362e+03 4.901e+03 5.349e+03 5.763e+03
  6.106e+03]
 [1.300e+02 2.310e+02 2.610e+02 7.120e+02 1.072e+03 1.248e+03 1.916e+03
  2.005e+03 2.307e+03 2.360e+03 2.455e+03 2.620e+03 3.735e+03 4.132e+03
  4.513e+03]
 [0.000e+00 7.660e+02 1.568e+03 1.655e+03 1.717e+03 5.110e+03 5.617e+03
  5.620e+03 5.719e+03 5.745e+03 5.929e+03 5.944e+03 5.963e+03 6.035e+03
  6.241e+03]
 [6.000e+00 3.300e+01 6.310e+02 7.790e+02 8.530e+02 1.490e+03 1.557e+03
  1.616e+03 1.692e+03 1.722e+03 1.755e+03 3.120e+03 5.929e+03 6.260e+03
  6.370e+03]
 [1.001e+03 2.935e+03 3.685e+03 3.850e+03 3.956e+03 4.039e+03 4.058e+03
  4.087e+03 4.281e+03 4.339e+03 4.371e+03 4.409e+03 5.349e+03 6.106e+03
  6.448e+03]
 [1.568e+03 1.655e+03 1.662e+03 2.100e+03 2.397e+03 3.189e+03 4.559e+03
  4.670e+03 4.789e+03 4.965e+03 5.209e+03 5.258e+03 5.640e+03 5.648e+03
  5.929e+03]
 [5.350e+02 6.270e+02 7.080e+02 8.250e+02 9.030e+02 1.490e+03 1.768e+03
  1.843e+03 1.848e+03 1.898e+03 2.312e+03 2.356e+03 2.875e+03 3.862e+03
  5.022e+03]
 [7.120e+02 1.192e+03 1.280e+03 2.024e+03 2.607e+03 3.029e+03 3.595e+03
  4.124e+03 4.199e+03 4.508e+03 4.734e+03 5.110e+03 5.781e+03 6.022e+03
  6.238e+03]
 [1.410e+02 2.310e+02 2.660e+02 4.760e+02 4.930e+02 1.072e+03 1.311e+03
  1.950e+03 2.186e+03 2.360e+03 2.697e+03 3.039e+03 5.522e+03 6.301e+03
  6.368e+03]]
