optimal_status: 0
solution: 84750.0
cpu_time: 3600.2661719322205
gap: 0.9737097268286378
upper_bound: 2228.1006512729464
lower_bound: 84750.0
cg_matrix: [[0. 1. 1. 1. 1. 1. 1. 1. 1. 1. 1. 0. 1. 1. 0. 1. 1. 1. 1. 1. 0. 1. 1. 0.
  1. 1. 1. 1. 0. 1. 1. 1. 1. 0. 1. 1. 1. 1. 1. 1. 0. 1. 0. 1. 0. 0. 1. 1.
  0. 1. 1. 1. 0. 1. 1. 1. 1. 1. 1. 1. 0. 0. 1. 1. 1. 1. 1. 1. 1. 1. 1. 1.
  1. 1. 1. 0. 1. 1. 1. 1. 1. 1. 1. 1. 1. 1. 1. 1. 1. 0. 0. 1. 1. 1. 1. 1.
  1. 1. 0. 1.]
 [1. 0. 1. 1. 1. 1. 1. 1. 1. 1. 1. 1. 1. 1. 1. 1. 1. 1. 1. 1. 1. 1. 1. 1.
  1. 0. 1. 1. 1. 1. 1. 1. 1. 1. 1. 1. 0. 0. 1. 1. 1. 1. 1. 1. 1. 1. 1. 0.
  1. 1. 1. 1. 1. 1. 1. 0. 1. 0. 1. 1. 1. 1. 0. 0. 1. 1. 1. 1. 1. 1. 1. 0.
  1. 1. 1. 1. 1. 1. 1. 0. 1. 1. 1. 1. 1. 1. 1. 1. 1. 0. 1. 0. 1. 0. 1. 1.
  1. 0. 0. 1.]
 [1. 1. 0. 1. 1. 1. 0. 1. 1. 1. 1. 1. 1. 1. 0. 1. 1. 1. 0. 1. 0. 1. 1. 1.
  0. 1. 1. 1. 1. 0. 0. 1. 1. 0. 1. 1. 1. 1. 1. 1. 0. 1. 1. 1. 0. 1. 1. 1.
  1. 1. 1. 1. 1. 1. 1. 1. 1. 0. 0. 0. 1. 1. 1. 1. 1. 0. 1. 1. 1. 0. 1. 1.
  0. 1. 1. 1. 0. 1. 0. 1. 1. 1. 1. 1. 1. 1. 0. 1. 1. 1. 1. 1. 1. 0. 0. 1.
  1. 0. 0. 1.]
 [1. 1. 1. 0. 1. 1. 1. 1. 1. 1. 1. 1. 1. 0. 1. 0. 0. 1. 1. 0. 1. 0. 0. 1.
  1. 0. 0. 0. 1. 1. 1. 1. 0. 0. 0. 1. 1. 1. 0. 0. 1. 1. 1. 1. 1. 1. 1. 1.
  0. 1. 1. 1. 1. 1. 0. 1. 0. 1. 1. 1. 1. 1. 1. 0. 0. 1. 0. 1. 1. 0. 1. 1.
  1. 1. 1. 0. 1. 1. 0. 1. 1. 1. 1. 1. 1. 1. 1. 1. 1. 1. 1. 1. 0. 1. 1. 1.
  1. 1. 1. 1.]
 [1. 1. 1. 1. 0. 1. 0. 0. 1. 1. 1. 1. 1. 0. 1. 0. 0. 0. 1. 1. 0. 1. 0. 1.
  1. 1. 1. 1. 1. 1. 1. 1. 0. 1. 0. 1. 1. 0. 0. 0. 1. 1. 1. 1. 1. 1. 1. 0.
  1. 1. 1. 1. 1. 1. 0. 1. 1. 1. 0. 0. 1. 1. 1. 1. 1. 1. 1. 0. 1. 1. 1. 1.
  1. 1. 1. 1. 1. 1. 0. 0. 1. 1. 1. 1. 1. 1. 1. 0. 1. 1. 1. 1. 1. 1. 1. 1.
  0. 1. 0. 1.]
 [1. 1. 1. 1. 1. 0. 1. 1. 1. 0. 1. 1. 0. 1. 0. 1. 0. 0. 1. 1. 1. 1. 1. 0.
  0. 1. 1. 1. 0. 1. 1. 1. 0. 1. 1. 1. 1. 1. 1. 1. 1. 1. 1. 1. 1. 1. 1. 1.
  1. 1. 1. 0. 0. 1. 1. 1. 1. 1. 0. 0. 1. 1. 0. 0. 1. 1. 1. 1. 1. 0. 1. 1.
  1. 1. 0. 1. 1. 1. 0. 1. 1. 1. 1. 1. 1. 1. 1. 1. 1. 0. 0. 1. 1. 1. 1. 1.
  1. 1. 0. 1.]
 [1. 1. 0. 1. 0. 1. 0. 1. 1. 1. 1. 1. 1. 1. 1. 1. 1. 0. 1. 1. 1. 1. 1. 0.
  1. 1. 1. 1. 1. 1. 0. 1. 0. 1. 1. 0. 1. 0. 0. 1. 1. 0. 1. 0. 1. 1. 1. 1.
  1. 0. 1. 0. 0. 0. 1. 0. 0. 1. 1. 1. 1. 1. 1. 0. 0. 1. 1. 1. 1. 1. 1. 1.
  1. 0. 1. 1. 0. 1. 1. 1. 1. 0. 1. 0. 0. 1. 1. 1. 1. 1. 1. 1. 1. 1. 1. 1.
  1. 1. 1. 1.]
 [1. 1. 1. 1. 0. 1. 1. 0. 1. 0. 1. 0. 1. 1. 1. 1. 1. 0. 1. 1. 0. 0. 1. 1.
  1. 1. 1. 1. 1. 1. 1. 1. 1. 0. 1. 1. 1. 1. 1. 0. 1. 1. 1. 1. 1. 1. 1. 0.
  1. 1. 1. 1. 1. 1. 1. 1. 1. 1. 1. 1. 1. 1. 1. 1. 1. 1. 0. 1. 1. 1. 1. 0.
  1. 1. 1. 1. 1. 1. 1. 1. 1. 1. 1. 1. 1. 1. 1. 1. 0. 1. 1. 1. 1. 1. 1. 1.
  1. 1. 0. 1.]
 [1. 1. 1. 1. 1. 1. 1. 1. 0. 1. 1. 1. 1. 1. 1. 1. 1. 1. 0. 1. 1. 1. 0. 1.
  1. 1. 1. 1. 0. 1. 1. 0. 1. 1. 1. 1. 1. 1. 1. 1. 1. 1. 1. 1. 1. 1. 1. 1.
  1. 1. 1. 0. 1. 1. 1. 1. 1. 1. 1. 1. 1. 1. 1. 1. 1. 1. 1. 1. 0. 0. 1. 1.
  1. 0. 0. 1. 1. 1. 1. 1. 1. 1. 1. 1. 0. 1. 0. 1. 1. 1. 1. 1. 1. 0. 1. 1.
  1. 1. 1. 1.]
 [1. 1. 1. 1. 1. 0. 1. 0. 1. 0. 1. 1. 1. 1. 0. 1. 1. 1. 0. 0. 1. 0. 0. 1.
  1. 1. 1. 1. 1. 1. 1. 1. 1. 0. 1. 0. 1. 1. 0. 1. 1. 1. 1. 1. 1. 1. 1. 1.
  0. 1. 1. 1. 1. 0. 1. 1. 1. 1. 1. 1. 1. 1. 1. 1. 1. 1. 1. 1. 1. 1. 1. 1.
  1. 1. 1. 1. 1. 1. 1. 0. 0. 0. 1. 1. 1. 1. 0. 0. 1. 1. 1. 1. 1. 0. 1. 1.
  1. 1. 1. 0.]
 [1. 1. 1. 1. 1. 1. 1. 1. 1. 1. 0. 0. 1. 1. 1. 1. 1. 0. 1. 1. 1. 1. 1. 1.
  1. 1. 0. 1. 1. 1. 1. 0. 1. 1. 1. 1. 1. 1. 0. 1. 1. 0. 1. 1. 1. 1. 1. 0.
  1. 1. 1. 1. 1. 0. 0. 1. 0. 1. 1. 1. 0. 1. 1. 0. 1. 1. 1. 1. 1. 1. 1. 1.
  1. 1. 1. 1. 1. 0. 1. 1. 1. 1. 1. 1. 1. 1. 0. 1. 1. 1. 1. 1. 1. 1. 1. 1.
  1. 1. 1. 1.]
 [0. 1. 1. 1. 1. 1. 1. 0. 1. 1. 0. 0. 0. 1. 1. 1. 1. 1. 1. 1. 1. 1. 1. 0.
  1. 1. 1. 0. 1. 1. 1. 1. 1. 0. 1. 1. 1. 1. 0. 1. 1. 1. 1. 1. 1. 1. 1. 1.
  1. 0. 1. 0. 1. 1. 1. 1. 1. 0. 1. 0. 1. 1. 1. 1. 1. 1. 1. 0. 1. 0. 1. 1.
  1. 0. 1. 1. 1. 1. 0. 1. 0. 1. 0. 1. 0. 1. 1. 1. 1. 1. 1. 1. 0. 0. 0. 1.
  1. 1. 1. 1.]
 [1. 1. 1. 1. 1. 0. 1. 1. 1. 1. 1. 0. 0. 1. 0. 1. 0. 1. 1. 1. 1. 0. 1. 1.
  1. 1. 1. 1. 1. 1. 1. 1. 0. 0. 1. 1. 1. 1. 0. 1. 1. 1. 1. 1. 0. 1. 0. 1.
  1. 1. 1. 1. 1. 1. 0. 1. 1. 1. 1. 0. 1. 1. 0. 1. 1. 1. 1. 1. 1. 1. 1. 1.
  1. 1. 0. 1. 0. 1. 1. 0. 1. 1. 1. 0. 0. 1. 1. 1. 1. 1. 1. 1. 0. 1. 1. 0.
  1. 1. 1. 1.]
 [1. 1. 1. 0. 0. 1. 1. 1. 1. 1. 1. 1. 1. 0. 1. 1. 0. 1. 1. 1. 1. 1. 1. 1.
  1. 1. 0. 1. 1. 0. 1. 1. 0. 1. 1. 1. 1. 1. 1. 0. 1. 1. 1. 0. 1. 0. 1. 0.
  1. 1. 1. 0. 1. 0. 1. 1. 1. 1. 1. 1. 1. 1. 0. 1. 0. 0. 1. 1. 1. 0. 1. 1.
  1. 1. 0. 1. 1. 1. 1. 1. 1. 1. 1. 1. 0. 1. 1. 0. 1. 0. 1. 0. 1. 0. 0. 1.
  1. 1. 1. 1.]
 [0. 1. 0. 1. 1. 0. 1. 1. 1. 0. 1. 1. 0. 1. 0. 1. 1. 1. 0. 1. 1. 1. 1. 1.
  1. 1. 0. 1. 1. 1. 0. 1. 1. 1. 0. 1. 1. 1. 1. 1. 1. 0. 0. 1. 0. 0. 1. 0.
  0. 1. 1. 1. 1. 1. 1. 0. 1. 1. 1. 1. 1. 1. 1. 1. 1. 1. 1. 0. 1. 1. 1. 1.
  0. 1. 1. 1. 1. 1. 1. 1. 1. 1. 1. 1. 1. 1. 1. 0. 1. 1. 1. 1. 1. 0. 1. 0.
  0. 1. 1. 1.]
 [1. 1. 1. 0. 0. 1. 1. 1. 1. 1. 1. 1. 1. 1. 1. 0. 1. 1. 1. 0. 1. 1. 1. 1.
  1. 1. 1. 1. 1. 1. 1. 1. 1. 1. 1. 1. 1. 1. 1. 1. 1. 1. 1. 1. 0. 1. 1. 1.
  1. 1. 1. 0. 1. 1. 1. 0. 1. 1. 0. 1. 1. 1. 1. 1. 1. 0. 1. 1. 1. 1. 0. 1.
  1. 1. 1. 1. 1. 0. 1. 1. 1. 1. 1. 1. 0. 1. 1. 1. 0. 1. 1. 1. 1. 1. 1. 1.
  1. 1. 1. 1.]
 [1. 1. 1. 0. 0. 0. 1. 1. 1. 1. 1. 1. 0. 0. 1. 1. 0. 0. 1. 1. 1. 1. 1. 1.
  1. 1. 1. 1. 1. 1. 1. 1. 1. 1. 1. 1. 0. 1. 1. 1. 0. 1. 1. 1. 0. 1. 1. 1.
  1. 1. 1. 1. 1. 1. 1. 0. 1. 1. 0. 1. 1. 0. 1. 1. 0. 1. 1. 1. 0. 1. 1. 1.
  1. 1. 1. 0. 0. 1. 0. 1. 1. 0. 1. 1. 0. 1. 1. 1. 1. 1. 1. 1. 1. 1. 0. 1.
  1. 1. 1. 1.]
 [1. 1. 1. 1. 0. 0. 0. 0. 1. 1. 0. 1. 1. 1. 1. 1. 0. 0. 1. 1. 1. 1. 1. 1.
  1. 1. 1. 1. 0. 1. 1. 1. 0. 0. 1. 0. 1. 1. 1. 0. 1. 1. 1. 1. 1. 1. 0. 1.
  0. 1. 1. 1. 1. 0. 1. 0. 1. 1. 0. 1. 0. 1. 0. 1. 1. 1. 1. 0. 0. 0. 1. 0.
  1. 1. 1. 1. 1. 1. 1. 0. 1. 1. 1. 0. 0. 1. 1. 1. 0. 0. 1. 1. 1. 1. 0. 1.
  0. 1. 1. 1.]
 [1. 1. 0. 1. 1. 1. 1. 1. 0. 0. 1. 1. 1. 1. 0. 1. 1. 1. 0. 1. 1. 1. 1. 1.
  1. 1. 1. 1. 1. 1. 1. 1. 1. 1. 1. 1. 1. 1. 1. 1. 1. 1. 1. 1. 0. 0. 1. 0.
  1. 1. 1. 1. 1. 0. 1. 1. 0. 1. 0. 1. 0. 1. 1. 1. 1. 1. 1. 1. 0. 1. 0. 1.
  0. 1. 1. 0. 1. 1. 0. 1. 1. 1. 1. 0. 1. 1. 1. 1. 1. 1. 1. 1. 1. 1. 1. 1.
  1. 0. 1. 0.]
 [1. 1. 1. 0. 1. 1. 1. 1. 1. 0. 1. 1. 1. 1. 1. 0. 1. 1. 1. 0. 1. 1. 1. 0.
  0. 1. 1. 1. 1. 0. 1. 1. 0. 1. 1. 1. 1. 0. 1. 1. 1. 1. 1. 0. 1. 1. 1. 1.
  1. 1. 1. 1. 1. 1. 0. 1. 1. 0. 1. 1. 1. 1. 1. 1. 1. 1. 0. 1. 1. 0. 0. 1.
  1. 1. 1. 0. 1. 1. 0. 1. 1. 0. 0. 1. 1. 1. 1. 1. 1. 1. 1. 1. 1. 0. 1. 1.
  1. 1. 1. 0.]
 [0. 1. 0. 1. 0. 1. 1. 0. 1. 1. 1. 1. 1. 1. 1. 1. 1. 1. 1. 1. 0. 0. 0. 0.
  0. 0. 0. 0. 0. 0. 0. 0. 0. 0. 0. 0. 0. 0. 0. 0. 0. 0. 0. 0. 0. 0. 0. 0.
  0. 0. 0. 0. 0. 0. 0. 0. 0. 0. 0. 0. 0. 0. 0. 0. 0. 0. 0. 0. 0. 0. 0. 0.
  0. 0. 0. 0. 0. 0. 0. 0. 0. 0. 0. 0. 0. 0. 0. 0. 0. 0. 0. 0. 0. 0. 0. 0.
  0. 0. 0. 0.]
 [1. 1. 1. 0. 1. 1. 1. 0. 1. 0. 1. 1. 0. 1. 1. 1. 1. 1. 1. 1. 0. 0. 0. 0.
  0. 0. 0. 0. 0. 0. 0. 0. 0. 0. 0. 0. 0. 0. 0. 0. 0. 0. 0. 0. 0. 0. 0. 0.
  0. 0. 0. 0. 0. 0. 0. 0. 0. 0. 0. 0. 0. 0. 0. 0. 0. 0. 0. 0. 0. 0. 0. 0.
  0. 0. 0. 0. 0. 0. 0. 0. 0. 0. 0. 0. 0. 0. 0. 0. 0. 0. 0. 0. 0. 0. 0. 0.
  0. 0. 0. 0.]
 [1. 1. 1. 0. 0. 1. 1. 1. 0. 0. 1. 1. 1. 1. 1. 1. 1. 1. 1. 1. 0. 0. 0. 0.
  0. 0. 0. 0. 0. 0. 0. 0. 0. 0. 0. 0. 0. 0. 0. 0. 0. 0. 0. 0. 0. 0. 0. 0.
  0. 0. 0. 0. 0. 0. 0. 0. 0. 0. 0. 0. 0. 0. 0. 0. 0. 0. 0. 0. 0. 0. 0. 0.
  0. 0. 0. 0. 0. 0. 0. 0. 0. 0. 0. 0. 0. 0. 0. 0. 0. 0. 0. 0. 0. 0. 0. 0.
  0. 0. 0. 0.]
 [0. 1. 1. 1. 1. 0. 0. 1. 1. 1. 1. 0. 1. 1. 1. 1. 1. 1. 1. 0. 0. 0. 0. 0.
  0. 0. 0. 0. 0. 0. 0. 0. 0. 0. 0. 0. 0. 0. 0. 0. 0. 0. 0. 0. 0. 0. 0. 0.
  0. 0. 0. 0. 0. 0. 0. 0. 0. 0. 0. 0. 0. 0. 0. 0. 0. 0. 0. 0. 0. 0. 0. 0.
  0. 0. 0. 0. 0. 0. 0. 0. 0. 0. 0. 0. 0. 0. 0. 0. 0. 0. 0. 0. 0. 0. 0. 0.
  0. 0. 0. 0.]
 [1. 1. 0. 1. 1. 0. 1. 1. 1. 1. 1. 1. 1. 1. 1. 1. 1. 1. 1. 0. 0. 0. 0. 0.
  0. 0. 0. 0. 0. 0. 0. 0. 0. 0. 0. 0. 0. 0. 0. 0. 0. 0. 0. 0. 0. 0. 0. 0.
  0. 0. 0. 0. 0. 0. 0. 0. 0. 0. 0. 0. 0. 0. 0. 0. 0. 0. 0. 0. 0. 0. 0. 0.
  0. 0. 0. 0. 0. 0. 0. 0. 0. 0. 0. 0. 0. 0. 0. 0. 0. 0. 0. 0. 0. 0. 0. 0.
  0. 0. 0. 0.]
 [1. 0. 1. 0. 1. 1. 1. 1. 1. 1. 1. 1. 1. 1. 1. 1. 1. 1. 1. 1. 0. 0. 0. 0.
  0. 0. 0. 0. 0. 0. 0. 0. 0. 0. 0. 0. 0. 0. 0. 0. 0. 0. 0. 0. 0. 0. 0. 0.
  0. 0. 0. 0. 0. 0. 0. 0. 0. 0. 0. 0. 0. 0. 0. 0. 0. 0. 0. 0. 0. 0. 0. 0.
  0. 0. 0. 0. 0. 0. 0. 0. 0. 0. 0. 0. 0. 0. 0. 0. 0. 0. 0. 0. 0. 0. 0. 0.
  0. 0. 0. 0.]
 [1. 1. 1. 0. 1. 1. 1. 1. 1. 1. 0. 1. 1. 0. 0. 1. 1. 1. 1. 1. 0. 0. 0. 0.
  0. 0. 0. 0. 0. 0. 0. 0. 0. 0. 0. 0. 0. 0. 0. 0. 0. 0. 0. 0. 0. 0. 0. 0.
  0. 0. 0. 0. 0. 0. 0. 0. 0. 0. 0. 0. 0. 0. 0. 0. 0. 0. 0. 0. 0. 0. 0. 0.
  0. 0. 0. 0. 0. 0. 0. 0. 0. 0. 0. 0. 0. 0. 0. 0. 0. 0. 0. 0. 0. 0. 0. 0.
  0. 0. 0. 0.]
 [1. 1. 1. 0. 1. 1. 1. 1. 1. 1. 1. 0. 1. 1. 1. 1. 1. 1. 1. 1. 0. 0. 0. 0.
  0. 0. 0. 0. 0. 0. 0. 0. 0. 0. 0. 0. 0. 0. 0. 0. 0. 0. 0. 0. 0. 0. 0. 0.
  0. 0. 0. 0. 0. 0. 0. 0. 0. 0. 0. 0. 0. 0. 0. 0. 0. 0. 0. 0. 0. 0. 0. 0.
  0. 0. 0. 0. 0. 0. 0. 0. 0. 0. 0. 0. 0. 0. 0. 0. 0. 0. 0. 0. 0. 0. 0. 0.
  0. 0. 0. 0.]
 [0. 1. 1. 1. 1. 0. 1. 1. 0. 1. 1. 1. 1. 1. 1. 1. 1. 0. 1. 1. 0. 0. 0. 0.
  0. 0. 0. 0. 0. 0. 0. 0. 0. 0. 0. 0. 0. 0. 0. 0. 0. 0. 0. 0. 0. 0. 0. 0.
  0. 0. 0. 0. 0. 0. 0. 0. 0. 0. 0. 0. 0. 0. 0. 0. 0. 0. 0. 0. 0. 0. 0. 0.
  0. 0. 0. 0. 0. 0. 0. 0. 0. 0. 0. 0. 0. 0. 0. 0. 0. 0. 0. 0. 0. 0. 0. 0.
  0. 0. 0. 0.]
 [1. 1. 0. 1. 1. 1. 1. 1. 1. 1. 1. 1. 1. 0. 1. 1. 1. 1. 1. 0. 0. 0. 0. 0.
  0. 0. 0. 0. 0. 0. 0. 0. 0. 0. 0. 0. 0. 0. 0. 0. 0. 0. 0. 0. 0. 0. 0. 0.
  0. 0. 0. 0. 0. 0. 0. 0. 0. 0. 0. 0. 0. 0. 0. 0. 0. 0. 0. 0. 0. 0. 0. 0.
  0. 0. 0. 0. 0. 0. 0. 0. 0. 0. 0. 0. 0. 0. 0. 0. 0. 0. 0. 0. 0. 0. 0. 0.
  0. 0. 0. 0.]
 [1. 1. 0. 1. 1. 1. 0. 1. 1. 1. 1. 1. 1. 1. 0. 1. 1. 1. 1. 1. 0. 0. 0. 0.
  0. 0. 0. 0. 0. 0. 0. 0. 0. 0. 0. 0. 0. 0. 0. 0. 0. 0. 0. 0. 0. 0. 0. 0.
  0. 0. 0. 0. 0. 0. 0. 0. 0. 0. 0. 0. 0. 0. 0. 0. 0. 0. 0. 0. 0. 0. 0. 0.
  0. 0. 0. 0. 0. 0. 0. 0. 0. 0. 0. 0. 0. 0. 0. 0. 0. 0. 0. 0. 0. 0. 0. 0.
  0. 0. 0. 0.]
 [1. 1. 1. 1. 1. 1. 1. 1. 0. 1. 0. 1. 1. 1. 1. 1. 1. 1. 1. 1. 0. 0. 0. 0.
  0. 0. 0. 0. 0. 0. 0. 0. 0. 0. 0. 0. 0. 0. 0. 0. 0. 0. 0. 0. 0. 0. 0. 0.
  0. 0. 0. 0. 0. 0. 0. 0. 0. 0. 0. 0. 0. 0. 0. 0. 0. 0. 0. 0. 0. 0. 0. 0.
  0. 0. 0. 0. 0. 0. 0. 0. 0. 0. 0. 0. 0. 0. 0. 0. 0. 0. 0. 0. 0. 0. 0. 0.
  0. 0. 0. 0.]
 [1. 1. 1. 0. 0. 0. 0. 1. 1. 1. 1. 1. 0. 0. 1. 1. 1. 0. 1. 0. 0. 0. 0. 0.
  0. 0. 0. 0. 0. 0. 0. 0. 0. 0. 0. 0. 0. 0. 0. 0. 0. 0. 0. 0. 0. 0. 0. 0.
  0. 0. 0. 0. 0. 0. 0. 0. 0. 0. 0. 0. 0. 0. 0. 0. 0. 0. 0. 0. 0. 0. 0. 0.
  0. 0. 0. 0. 0. 0. 0. 0. 0. 0. 0. 0. 0. 0. 0. 0. 0. 0. 0. 0. 0. 0. 0. 0.
  0. 0. 0. 0.]
 [0. 1. 0. 0. 1. 1. 1. 0. 1. 0. 1. 0. 0. 1. 1. 1. 1. 0. 1. 1. 0. 0. 0. 0.
  0. 0. 0. 0. 0. 0. 0. 0. 0. 0. 0. 0. 0. 0. 0. 0. 0. 0. 0. 0. 0. 0. 0. 0.
  0. 0. 0. 0. 0. 0. 0. 0. 0. 0. 0. 0. 0. 0. 0. 0. 0. 0. 0. 0. 0. 0. 0. 0.
  0. 0. 0. 0. 0. 0. 0. 0. 0. 0. 0. 0. 0. 0. 0. 0. 0. 0. 0. 0. 0. 0. 0. 0.
  0. 0. 0. 0.]
 [1. 1. 1. 0. 0. 1. 1. 1. 1. 1. 1. 1. 1. 1. 0. 1. 1. 1. 1. 1. 0. 0. 0. 0.
  0. 0. 0. 0. 0. 0. 0. 0. 0. 0. 0. 0. 0. 0. 0. 0. 0. 0. 0. 0. 0. 0. 0. 0.
  0. 0. 0. 0. 0. 0. 0. 0. 0. 0. 0. 0. 0. 0. 0. 0. 0. 0. 0. 0. 0. 0. 0. 0.
  0. 0. 0. 0. 0. 0. 0. 0. 0. 0. 0. 0. 0. 0. 0. 0. 0. 0. 0. 0. 0. 0. 0. 0.
  0. 0. 0. 0.]
 [1. 1. 1. 1. 1. 1. 0. 1. 1. 0. 1. 1. 1. 1. 1. 1. 1. 0. 1. 1. 0. 0. 0. 0.
  0. 0. 0. 0. 0. 0. 0. 0. 0. 0. 0. 0. 0. 0. 0. 0. 0. 0. 0. 0. 0. 0. 0. 0.
  0. 0. 0. 0. 0. 0. 0. 0. 0. 0. 0. 0. 0. 0. 0. 0. 0. 0. 0. 0. 0. 0. 0. 0.
  0. 0. 0. 0. 0. 0. 0. 0. 0. 0. 0. 0. 0. 0. 0. 0. 0. 0. 0. 0. 0. 0. 0. 0.
  0. 0. 0. 0.]
 [1. 0. 1. 1. 1. 1. 1. 1. 1. 1. 1. 1. 1. 1. 1. 1. 0. 1. 1. 1. 0. 0. 0. 0.
  0. 0. 0. 0. 0. 0. 0. 0. 0. 0. 0. 0. 0. 0. 0. 0. 0. 0. 0. 0. 0. 0. 0. 0.
  0. 0. 0. 0. 0. 0. 0. 0. 0. 0. 0. 0. 0. 0. 0. 0. 0. 0. 0. 0. 0. 0. 0. 0.
  0. 0. 0. 0. 0. 0. 0. 0. 0. 0. 0. 0. 0. 0. 0. 0. 0. 0. 0. 0. 0. 0. 0. 0.
  0. 0. 0. 0.]
 [1. 0. 1. 1. 0. 1. 0. 1. 1. 1. 1. 1. 1. 1. 1. 1. 1. 1. 1. 0. 0. 0. 0. 0.
  0. 0. 0. 0. 0. 0. 0. 0. 0. 0. 0. 0. 0. 0. 0. 0. 0. 0. 0. 0. 0. 0. 0. 0.
  0. 0. 0. 0. 0. 0. 0. 0. 0. 0. 0. 0. 0. 0. 0. 0. 0. 0. 0. 0. 0. 0. 0. 0.
  0. 0. 0. 0. 0. 0. 0. 0. 0. 0. 0. 0. 0. 0. 0. 0. 0. 0. 0. 0. 0. 0. 0. 0.
  0. 0. 0. 0.]
 [1. 1. 1. 0. 0. 1. 0. 1. 1. 0. 0. 0. 0. 1. 1. 1. 1. 1. 1. 1. 0. 0. 0. 0.
  0. 0. 0. 0. 0. 0. 0. 0. 0. 0. 0. 0. 0. 0. 0. 0. 0. 0. 0. 0. 0. 0. 0. 0.
  0. 0. 0. 0. 0. 0. 0. 0. 0. 0. 0. 0. 0. 0. 0. 0. 0. 0. 0. 0. 0. 0. 0. 0.
  0. 0. 0. 0. 0. 0. 0. 0. 0. 0. 0. 0. 0. 0. 0. 0. 0. 0. 0. 0. 0. 0. 0. 0.
  0. 0. 0. 0.]
 [1. 1. 1. 0. 0. 1. 1. 0. 1. 1. 1. 1. 1. 0. 1. 1. 1. 0. 1. 1. 0. 0. 0. 0.
  0. 0. 0. 0. 0. 0. 0. 0. 0. 0. 0. 0. 0. 0. 0. 0. 0. 0. 0. 0. 0. 0. 0. 0.
  0. 0. 0. 0. 0. 0. 0. 0. 0. 0. 0. 0. 0. 0. 0. 0. 0. 0. 0. 0. 0. 0. 0. 0.
  0. 0. 0. 0. 0. 0. 0. 0. 0. 0. 0. 0. 0. 0. 0. 0. 0. 0. 0. 0. 0. 0. 0. 0.
  0. 0. 0. 0.]
 [0. 1. 0. 1. 1. 1. 1. 1. 1. 1. 1. 1. 1. 1. 1. 1. 0. 1. 1. 1. 0. 0. 0. 0.
  0. 0. 0. 0. 0. 0. 0. 0. 0. 0. 0. 0. 0. 0. 0. 0. 0. 0. 0. 0. 0. 0. 0. 0.
  0. 0. 0. 0. 0. 0. 0. 0. 0. 0. 0. 0. 0. 0. 0. 0. 0. 0. 0. 0. 0. 0. 0. 0.
  0. 0. 0. 0. 0. 0. 0. 0. 0. 0. 0. 0. 0. 0. 0. 0. 0. 0. 0. 0. 0. 0. 0. 0.
  0. 0. 0. 0.]
 [1. 1. 1. 1. 1. 1. 0. 1. 1. 1. 0. 1. 1. 1. 0. 1. 1. 1. 1. 1. 0. 0. 0. 0.
  0. 0. 0. 0. 0. 0. 0. 0. 0. 0. 0. 0. 0. 0. 0. 0. 0. 0. 0. 0. 0. 0. 0. 0.
  0. 0. 0. 0. 0. 0. 0. 0. 0. 0. 0. 0. 0. 0. 0. 0. 0. 0. 0. 0. 0. 0. 0. 0.
  0. 0. 0. 0. 0. 0. 0. 0. 0. 0. 0. 0. 0. 0. 0. 0. 0. 0. 0. 0. 0. 0. 0. 0.
  0. 0. 0. 0.]
 [0. 1. 1. 1. 1. 1. 1. 1. 1. 1. 1. 1. 1. 1. 0. 1. 1. 1. 1. 1. 0. 0. 0. 0.
  0. 0. 0. 0. 0. 0. 0. 0. 0. 0. 0. 0. 0. 0. 0. 0. 0. 0. 0. 0. 0. 0. 0. 0.
  0. 0. 0. 0. 0. 0. 0. 0. 0. 0. 0. 0. 0. 0. 0. 0. 0. 0. 0. 0. 0. 0. 0. 0.
  0. 0. 0. 0. 0. 0. 0. 0. 0. 0. 0. 0. 0. 0. 0. 0. 0. 0. 0. 0. 0. 0. 0. 0.
  0. 0. 0. 0.]
 [1. 1. 1. 1. 1. 1. 0. 1. 1. 1. 1. 1. 1. 0. 1. 1. 1. 1. 1. 0. 0. 0. 0. 0.
  0. 0. 0. 0. 0. 0. 0. 0. 0. 0. 0. 0. 0. 0. 0. 0. 0. 0. 0. 0. 0. 0. 0. 0.
  0. 0. 0. 0. 0. 0. 0. 0. 0. 0. 0. 0. 0. 0. 0. 0. 0. 0. 0. 0. 0. 0. 0. 0.
  0. 0. 0. 0. 0. 0. 0. 0. 0. 0. 0. 0. 0. 0. 0. 0. 0. 0. 0. 0. 0. 0. 0. 0.
  0. 0. 0. 0.]
 [0. 1. 0. 1. 1. 1. 1. 1. 1. 1. 1. 1. 0. 1. 0. 0. 0. 1. 0. 1. 0. 0. 0. 0.
  0. 0. 0. 0. 0. 0. 0. 0. 0. 0. 0. 0. 0. 0. 0. 0. 0. 0. 0. 0. 0. 0. 0. 0.
  0. 0. 0. 0. 0. 0. 0. 0. 0. 0. 0. 0. 0. 0. 0. 0. 0. 0. 0. 0. 0. 0. 0. 0.
  0. 0. 0. 0. 0. 0. 0. 0. 0. 0. 0. 0. 0. 0. 0. 0. 0. 0. 0. 0. 0. 0. 0. 0.
  0. 0. 0. 0.]
 [0. 1. 1. 1. 1. 1. 1. 1. 1. 1. 1. 1. 1. 0. 0. 1. 1. 1. 0. 1. 0. 0. 0. 0.
  0. 0. 0. 0. 0. 0. 0. 0. 0. 0. 0. 0. 0. 0. 0. 0. 0. 0. 0. 0. 0. 0. 0. 0.
  0. 0. 0. 0. 0. 0. 0. 0. 0. 0. 0. 0. 0. 0. 0. 0. 0. 0. 0. 0. 0. 0. 0. 0.
  0. 0. 0. 0. 0. 0. 0. 0. 0. 0. 0. 0. 0. 0. 0. 0. 0. 0. 0. 0. 0. 0. 0. 0.
  0. 0. 0. 0.]
 [1. 1. 1. 1. 1. 1. 1. 1. 1. 1. 1. 1. 0. 1. 1. 1. 1. 0. 1. 1. 0. 0. 0. 0.
  0. 0. 0. 0. 0. 0. 0. 0. 0. 0. 0. 0. 0. 0. 0. 0. 0. 0. 0. 0. 0. 0. 0. 0.
  0. 0. 0. 0. 0. 0. 0. 0. 0. 0. 0. 0. 0. 0. 0. 0. 0. 0. 0. 0. 0. 0. 0. 0.
  0. 0. 0. 0. 0. 0. 0. 0. 0. 0. 0. 0. 0. 0. 0. 0. 0. 0. 0. 0. 0. 0. 0. 0.
  0. 0. 0. 0.]
 [1. 0. 1. 1. 0. 1. 1. 0. 1. 1. 0. 1. 1. 0. 0. 1. 1. 1. 0. 1. 0. 0. 0. 0.
  0. 0. 0. 0. 0. 0. 0. 0. 0. 0. 0. 0. 0. 0. 0. 0. 0. 0. 0. 0. 0. 0. 0. 0.
  0. 0. 0. 0. 0. 0. 0. 0. 0. 0. 0. 0. 0. 0. 0. 0. 0. 0. 0. 0. 0. 0. 0. 0.
  0. 0. 0. 0. 0. 0. 0. 0. 0. 0. 0. 0. 0. 0. 0. 0. 0. 0. 0. 0. 0. 0. 0. 0.
  0. 0. 0. 0.]
 [0. 1. 1. 0. 1. 1. 1. 1. 1. 0. 1. 1. 1. 1. 0. 1. 1. 0. 1. 1. 0. 0. 0. 0.
  0. 0. 0. 0. 0. 0. 0. 0. 0. 0. 0. 0. 0. 0. 0. 0. 0. 0. 0. 0. 0. 0. 0. 0.
  0. 0. 0. 0. 0. 0. 0. 0. 0. 0. 0. 0. 0. 0. 0. 0. 0. 0. 0. 0. 0. 0. 0. 0.
  0. 0. 0. 0. 0. 0. 0. 0. 0. 0. 0. 0. 0. 0. 0. 0. 0. 0. 0. 0. 0. 0. 0. 0.
  0. 0. 0. 0.]
 [1. 1. 1. 1. 1. 1. 0. 1. 1. 1. 1. 0. 1. 1. 1. 1. 1. 1. 1. 1. 0. 0. 0. 0.
  0. 0. 0. 0. 0. 0. 0. 0. 0. 0. 0. 0. 0. 0. 0. 0. 0. 0. 0. 0. 0. 0. 0. 0.
  0. 0. 0. 0. 0. 0. 0. 0. 0. 0. 0. 0. 0. 0. 0. 0. 0. 0. 0. 0. 0. 0. 0. 0.
  0. 0. 0. 0. 0. 0. 0. 0. 0. 0. 0. 0. 0. 0. 0. 0. 0. 0. 0. 0. 0. 0. 0. 0.
  0. 0. 0. 0.]
 [1. 1. 1. 1. 1. 1. 1. 1. 1. 1. 1. 1. 1. 1. 1. 1. 1. 1. 1. 1. 0. 0. 0. 0.
  0. 0. 0. 0. 0. 0. 0. 0. 0. 0. 0. 0. 0. 0. 0. 0. 0. 0. 0. 0. 0. 0. 0. 0.
  0. 0. 0. 0. 0. 0. 0. 0. 0. 0. 0. 0. 0. 0. 0. 0. 0. 0. 0. 0. 0. 0. 0. 0.
  0. 0. 0. 0. 0. 0. 0. 0. 0. 0. 0. 0. 0. 0. 0. 0. 0. 0. 0. 0. 0. 0. 0. 0.
  0. 0. 0. 0.]
 [1. 1. 1. 1. 1. 0. 0. 1. 0. 1. 1. 0. 1. 0. 1. 0. 1. 1. 1. 1. 0. 0. 0. 0.
  0. 0. 0. 0. 0. 0. 0. 0. 0. 0. 0. 0. 0. 0. 0. 0. 0. 0. 0. 0. 0. 0. 0. 0.
  0. 0. 0. 0. 0. 0. 0. 0. 0. 0. 0. 0. 0. 0. 0. 0. 0. 0. 0. 0. 0. 0. 0. 0.
  0. 0. 0. 0. 0. 0. 0. 0. 0. 0. 0. 0. 0. 0. 0. 0. 0. 0. 0. 0. 0. 0. 0. 0.
  0. 0. 0. 0.]
 [0. 1. 1. 1. 1. 0. 0. 1. 1. 1. 1. 1. 1. 1. 1. 1. 1. 1. 1. 1. 0. 0. 0. 0.
  0. 0. 0. 0. 0. 0. 0. 0. 0. 0. 0. 0. 0. 0. 0. 0. 0. 0. 0. 0. 0. 0. 0. 0.
  0. 0. 0. 0. 0. 0. 0. 0. 0. 0. 0. 0. 0. 0. 0. 0. 0. 0. 0. 0. 0. 0. 0. 0.
  0. 0. 0. 0. 0. 0. 0. 0. 0. 0. 0. 0. 0. 0. 0. 0. 0. 0. 0. 0. 0. 0. 0. 0.
  0. 0. 0. 0.]
 [1. 1. 1. 1. 1. 1. 0. 1. 1. 0. 0. 1. 1. 0. 1. 1. 1. 0. 0. 1. 0. 0. 0. 0.
  0. 0. 0. 0. 0. 0. 0. 0. 0. 0. 0. 0. 0. 0. 0. 0. 0. 0. 0. 0. 0. 0. 0. 0.
  0. 0. 0. 0. 0. 0. 0. 0. 0. 0. 0. 0. 0. 0. 0. 0. 0. 0. 0. 0. 0. 0. 0. 0.
  0. 0. 0. 0. 0. 0. 0. 0. 0. 0. 0. 0. 0. 0. 0. 0. 0. 0. 0. 0. 0. 0. 0. 0.
  0. 0. 0. 0.]
 [1. 1. 1. 0. 0. 1. 1. 1. 1. 1. 0. 1. 0. 1. 1. 1. 1. 1. 1. 0. 0. 0. 0. 0.
  0. 0. 0. 0. 0. 0. 0. 0. 0. 0. 0. 0. 0. 0. 0. 0. 0. 0. 0. 0. 0. 0. 0. 0.
  0. 0. 0. 0. 0. 0. 0. 0. 0. 0. 0. 0. 0. 0. 0. 0. 0. 0. 0. 0. 0. 0. 0. 0.
  0. 0. 0. 0. 0. 0. 0. 0. 0. 0. 0. 0. 0. 0. 0. 0. 0. 0. 0. 0. 0. 0. 0. 0.
  0. 0. 0. 0.]
 [1. 0. 1. 1. 1. 1. 0. 1. 1. 1. 1. 1. 1. 1. 0. 0. 0. 0. 1. 1. 0. 0. 0. 0.
  0. 0. 0. 0. 0. 0. 0. 0. 0. 0. 0. 0. 0. 0. 0. 0. 0. 0. 0. 0. 0. 0. 0. 0.
  0. 0. 0. 0. 0. 0. 0. 0. 0. 0. 0. 0. 0. 0. 0. 0. 0. 0. 0. 0. 0. 0. 0. 0.
  0. 0. 0. 0. 0. 0. 0. 0. 0. 0. 0. 0. 0. 0. 0. 0. 0. 0. 0. 0. 0. 0. 0. 0.
  0. 0. 0. 0.]
 [1. 1. 1. 0. 1. 1. 0. 1. 1. 1. 0. 1. 1. 1. 1. 1. 1. 1. 0. 1. 0. 0. 0. 0.
  0. 0. 0. 0. 0. 0. 0. 0. 0. 0. 0. 0. 0. 0. 0. 0. 0. 0. 0. 0. 0. 0. 0. 0.
  0. 0. 0. 0. 0. 0. 0. 0. 0. 0. 0. 0. 0. 0. 0. 0. 0. 0. 0. 0. 0. 0. 0. 0.
  0. 0. 0. 0. 0. 0. 0. 0. 0. 0. 0. 0. 0. 0. 0. 0. 0. 0. 0. 0. 0. 0. 0. 0.
  0. 0. 0. 0.]
 [1. 0. 0. 1. 1. 1. 1. 1. 1. 1. 1. 0. 1. 1. 1. 1. 1. 1. 1. 0. 0. 0. 0. 0.
  0. 0. 0. 0. 0. 0. 0. 0. 0. 0. 0. 0. 0. 0. 0. 0. 0. 0. 0. 0. 0. 0. 0. 0.
  0. 0. 0. 0. 0. 0. 0. 0. 0. 0. 0. 0. 0. 0. 0. 0. 0. 0. 0. 0. 0. 0. 0. 0.
  0. 0. 0. 0. 0. 0. 0. 0. 0. 0. 0. 0. 0. 0. 0. 0. 0. 0. 0. 0. 0. 0. 0. 0.
  0. 0. 0. 0.]
 [1. 1. 0. 1. 0. 0. 1. 1. 1. 1. 1. 1. 1. 1. 1. 0. 0. 0. 0. 1. 0. 0. 0. 0.
  0. 0. 0. 0. 0. 0. 0. 0. 0. 0. 0. 0. 0. 0. 0. 0. 0. 0. 0. 0. 0. 0. 0. 0.
  0. 0. 0. 0. 0. 0. 0. 0. 0. 0. 0. 0. 0. 0. 0. 0. 0. 0. 0. 0. 0. 0. 0. 0.
  0. 0. 0. 0. 0. 0. 0. 0. 0. 0. 0. 0. 0. 0. 0. 0. 0. 0. 0. 0. 0. 0. 0. 0.
  0. 0. 0. 0.]
 [1. 1. 0. 1. 0. 0. 1. 1. 1. 1. 1. 0. 0. 1. 1. 1. 1. 1. 1. 1. 0. 0. 0. 0.
  0. 0. 0. 0. 0. 0. 0. 0. 0. 0. 0. 0. 0. 0. 0. 0. 0. 0. 0. 0. 0. 0. 0. 0.
  0. 0. 0. 0. 0. 0. 0. 0. 0. 0. 0. 0. 0. 0. 0. 0. 0. 0. 0. 0. 0. 0. 0. 0.
  0. 0. 0. 0. 0. 0. 0. 0. 0. 0. 0. 0. 0. 0. 0. 0. 0. 0. 0. 0. 0. 0. 0. 0.
  0. 0. 0. 0.]
 [0. 1. 1. 1. 1. 1. 1. 1. 1. 1. 0. 1. 1. 1. 1. 1. 1. 0. 0. 1. 0. 0. 0. 0.
  0. 0. 0. 0. 0. 0. 0. 0. 0. 0. 0. 0. 0. 0. 0. 0. 0. 0. 0. 0. 0. 0. 0. 0.
  0. 0. 0. 0. 0. 0. 0. 0. 0. 0. 0. 0. 0. 0. 0. 0. 0. 0. 0. 0. 0. 0. 0. 0.
  0. 0. 0. 0. 0. 0. 0. 0. 0. 0. 0. 0. 0. 0. 0. 0. 0. 0. 0. 0. 0. 0. 0. 0.
  0. 0. 0. 0.]
 [0. 1. 1. 1. 1. 1. 1. 1. 1. 1. 1. 1. 1. 1. 1. 1. 0. 1. 1. 1. 0. 0. 0. 0.
  0. 0. 0. 0. 0. 0. 0. 0. 0. 0. 0. 0. 0. 0. 0. 0. 0. 0. 0. 0. 0. 0. 0. 0.
  0. 0. 0. 0. 0. 0. 0. 0. 0. 0. 0. 0. 0. 0. 0. 0. 0. 0. 0. 0. 0. 0. 0. 0.
  0. 0. 0. 0. 0. 0. 0. 0. 0. 0. 0. 0. 0. 0. 0. 0. 0. 0. 0. 0. 0. 0. 0. 0.
  0. 0. 0. 0.]
 [1. 0. 1. 1. 1. 0. 1. 1. 1. 1. 1. 1. 0. 0. 1. 1. 1. 0. 1. 1. 0. 0. 0. 0.
  0. 0. 0. 0. 0. 0. 0. 0. 0. 0. 0. 0. 0. 0. 0. 0. 0. 0. 0. 0. 0. 0. 0. 0.
  0. 0. 0. 0. 0. 0. 0. 0. 0. 0. 0. 0. 0. 0. 0. 0. 0. 0. 0. 0. 0. 0. 0. 0.
  0. 0. 0. 0. 0. 0. 0. 0. 0. 0. 0. 0. 0. 0. 0. 0. 0. 0. 0. 0. 0. 0. 0. 0.
  0. 0. 0. 0.]
 [1. 0. 1. 0. 1. 0. 0. 1. 1. 1. 0. 1. 1. 1. 1. 1. 1. 1. 1. 1. 0. 0. 0. 0.
  0. 0. 0. 0. 0. 0. 0. 0. 0. 0. 0. 0. 0. 0. 0. 0. 0. 0. 0. 0. 0. 0. 0. 0.
  0. 0. 0. 0. 0. 0. 0. 0. 0. 0. 0. 0. 0. 0. 0. 0. 0. 0. 0. 0. 0. 0. 0. 0.
  0. 0. 0. 0. 0. 0. 0. 0. 0. 0. 0. 0. 0. 0. 0. 0. 0. 0. 0. 0. 0. 0. 0. 0.
  0. 0. 0. 0.]
 [1. 1. 1. 0. 1. 1. 0. 1. 1. 1. 1. 1. 1. 0. 1. 1. 0. 1. 1. 1. 0. 0. 0. 0.
  0. 0. 0. 0. 0. 0. 0. 0. 0. 0. 0. 0. 0. 0. 0. 0. 0. 0. 0. 0. 0. 0. 0. 0.
  0. 0. 0. 0. 0. 0. 0. 0. 0. 0. 0. 0. 0. 0. 0. 0. 0. 0. 0. 0. 0. 0. 0. 0.
  0. 0. 0. 0. 0. 0. 0. 0. 0. 0. 0. 0. 0. 0. 0. 0. 0. 0. 0. 0. 0. 0. 0. 0.
  0. 0. 0. 0.]
 [1. 1. 0. 1. 1. 1. 1. 1. 1. 1. 1. 1. 1. 0. 1. 0. 1. 1. 1. 1. 0. 0. 0. 0.
  0. 0. 0. 0. 0. 0. 0. 0. 0. 0. 0. 0. 0. 0. 0. 0. 0. 0. 0. 0. 0. 0. 0. 0.
  0. 0. 0. 0. 0. 0. 0. 0. 0. 0. 0. 0. 0. 0. 0. 0. 0. 0. 0. 0. 0. 0. 0. 0.
  0. 0. 0. 0. 0. 0. 0. 0. 0. 0. 0. 0. 0. 0. 0. 0. 0. 0. 0. 0. 0. 0. 0. 0.
  0. 0. 0. 0.]
 [1. 1. 1. 0. 1. 1. 1. 0. 1. 1. 1. 1. 1. 1. 1. 1. 1. 1. 1. 0. 0. 0. 0. 0.
  0. 0. 0. 0. 0. 0. 0. 0. 0. 0. 0. 0. 0. 0. 0. 0. 0. 0. 0. 0. 0. 0. 0. 0.
  0. 0. 0. 0. 0. 0. 0. 0. 0. 0. 0. 0. 0. 0. 0. 0. 0. 0. 0. 0. 0. 0. 0. 0.
  0. 0. 0. 0. 0. 0. 0. 0. 0. 0. 0. 0. 0. 0. 0. 0. 0. 0. 0. 0. 0. 0. 0. 0.
  0. 0. 0. 0.]
 [1. 1. 1. 1. 0. 1. 1. 1. 1. 1. 1. 0. 1. 1. 0. 1. 1. 0. 1. 1. 0. 0. 0. 0.
  0. 0. 0. 0. 0. 0. 0. 0. 0. 0. 0. 0. 0. 0. 0. 0. 0. 0. 0. 0. 0. 0. 0. 0.
  0. 0. 0. 0. 0. 0. 0. 0. 0. 0. 0. 0. 0. 0. 0. 0. 0. 0. 0. 0. 0. 0. 0. 0.
  0. 0. 0. 0. 0. 0. 0. 0. 0. 0. 0. 0. 0. 0. 0. 0. 0. 0. 0. 0. 0. 0. 0. 0.
  0. 0. 0. 0.]
 [1. 1. 1. 1. 1. 1. 1. 1. 0. 1. 1. 1. 1. 1. 1. 1. 0. 0. 0. 1. 0. 0. 0. 0.
  0. 0. 0. 0. 0. 0. 0. 0. 0. 0. 0. 0. 0. 0. 0. 0. 0. 0. 0. 0. 0. 0. 0. 0.
  0. 0. 0. 0. 0. 0. 0. 0. 0. 0. 0. 0. 0. 0. 0. 0. 0. 0. 0. 0. 0. 0. 0. 0.
  0. 0. 0. 0. 0. 0. 0. 0. 0. 0. 0. 0. 0. 0. 0. 0. 0. 0. 0. 0. 0. 0. 0. 0.
  0. 0. 0. 0.]
 [1. 1. 0. 0. 1. 0. 1. 1. 0. 1. 1. 0. 1. 0. 1. 1. 1. 0. 1. 0. 0. 0. 0. 0.
  0. 0. 0. 0. 0. 0. 0. 0. 0. 0. 0. 0. 0. 0. 0. 0. 0. 0. 0. 0. 0. 0. 0. 0.
  0. 0. 0. 0. 0. 0. 0. 0. 0. 0. 0. 0. 0. 0. 0. 0. 0. 0. 0. 0. 0. 0. 0. 0.
  0. 0. 0. 0. 0. 0. 0. 0. 0. 0. 0. 0. 0. 0. 0. 0. 0. 0. 0. 0. 0. 0. 0. 0.
  0. 0. 0. 0.]
 [1. 1. 1. 1. 1. 1. 1. 1. 1. 1. 1. 1. 1. 1. 1. 0. 1. 1. 0. 0. 0. 0. 0. 0.
  0. 0. 0. 0. 0. 0. 0. 0. 0. 0. 0. 0. 0. 0. 0. 0. 0. 0. 0. 0. 0. 0. 0. 0.
  0. 0. 0. 0. 0. 0. 0. 0. 0. 0. 0. 0. 0. 0. 0. 0. 0. 0. 0. 0. 0. 0. 0. 0.
  0. 0. 0. 0. 0. 0. 0. 0. 0. 0. 0. 0. 0. 0. 0. 0. 0. 0. 0. 0. 0. 0. 0. 0.
  0. 0. 0. 0.]
 [1. 0. 1. 1. 1. 1. 1. 0. 1. 1. 1. 1. 1. 1. 1. 1. 1. 0. 1. 1. 0. 0. 0. 0.
  0. 0. 0. 0. 0. 0. 0. 0. 0. 0. 0. 0. 0. 0. 0. 0. 0. 0. 0. 0. 0. 0. 0. 0.
  0. 0. 0. 0. 0. 0. 0. 0. 0. 0. 0. 0. 0. 0. 0. 0. 0. 0. 0. 0. 0. 0. 0. 0.
  0. 0. 0. 0. 0. 0. 0. 0. 0. 0. 0. 0. 0. 0. 0. 0. 0. 0. 0. 0. 0. 0. 0. 0.
  0. 0. 0. 0.]
 [1. 1. 0. 1. 1. 1. 1. 1. 1. 1. 1. 1. 1. 1. 0. 1. 1. 1. 0. 1. 0. 0. 0. 0.
  0. 0. 0. 0. 0. 0. 0. 0. 0. 0. 0. 0. 0. 0. 0. 0. 0. 0. 0. 0. 0. 0. 0. 0.
  0. 0. 0. 0. 0. 0. 0. 0. 0. 0. 0. 0. 0. 0. 0. 0. 0. 0. 0. 0. 0. 0. 0. 0.
  0. 0. 0. 0. 0. 0. 0. 0. 0. 0. 0. 0. 0. 0. 0. 0. 0. 0. 0. 0. 0. 0. 0. 0.
  0. 0. 0. 0.]
 [1. 1. 1. 1. 1. 1. 0. 1. 0. 1. 1. 0. 1. 1. 1. 1. 1. 1. 1. 1. 0. 0. 0. 0.
  0. 0. 0. 0. 0. 0. 0. 0. 0. 0. 0. 0. 0. 0. 0. 0. 0. 0. 0. 0. 0. 0. 0. 0.
  0. 0. 0. 0. 0. 0. 0. 0. 0. 0. 0. 0. 0. 0. 0. 0. 0. 0. 0. 0. 0. 0. 0. 0.
  0. 0. 0. 0. 0. 0. 0. 0. 0. 0. 0. 0. 0. 0. 0. 0. 0. 0. 0. 0. 0. 0. 0. 0.
  0. 0. 0. 0.]
 [1. 1. 1. 1. 1. 0. 1. 1. 0. 1. 1. 1. 0. 0. 1. 1. 1. 1. 1. 1. 0. 0. 0. 0.
  0. 0. 0. 0. 0. 0. 0. 0. 0. 0. 0. 0. 0. 0. 0. 0. 0. 0. 0. 0. 0. 0. 0. 0.
  0. 0. 0. 0. 0. 0. 0. 0. 0. 0. 0. 0. 0. 0. 0. 0. 0. 0. 0. 0. 0. 0. 0. 0.
  0. 0. 0. 0. 0. 0. 0. 0. 0. 0. 0. 0. 0. 0. 0. 0. 0. 0. 0. 0. 0. 0. 0. 0.
  0. 0. 0. 0.]
 [0. 1. 1. 0. 1. 1. 1. 1. 1. 1. 1. 1. 1. 1. 1. 1. 0. 1. 0. 0. 0. 0. 0. 0.
  0. 0. 0. 0. 0. 0. 0. 0. 0. 0. 0. 0. 0. 0. 0. 0. 0. 0. 0. 0. 0. 0. 0. 0.
  0. 0. 0. 0. 0. 0. 0. 0. 0. 0. 0. 0. 0. 0. 0. 0. 0. 0. 0. 0. 0. 0. 0. 0.
  0. 0. 0. 0. 0. 0. 0. 0. 0. 0. 0. 0. 0. 0. 0. 0. 0. 0. 0. 0. 0. 0. 0. 0.
  0. 0. 0. 0.]
 [1. 1. 0. 1. 1. 1. 0. 1. 1. 1. 1. 1. 0. 1. 1. 1. 0. 1. 1. 1. 0. 0. 0. 0.
  0. 0. 0. 0. 0. 0. 0. 0. 0. 0. 0. 0. 0. 0. 0. 0. 0. 0. 0. 0. 0. 0. 0. 0.
  0. 0. 0. 0. 0. 0. 0. 0. 0. 0. 0. 0. 0. 0. 0. 0. 0. 0. 0. 0. 0. 0. 0. 0.
  0. 0. 0. 0. 0. 0. 0. 0. 0. 0. 0. 0. 0. 0. 0. 0. 0. 0. 0. 0. 0. 0. 0. 0.
  0. 0. 0. 0.]
 [1. 1. 1. 1. 1. 1. 1. 1. 1. 1. 0. 1. 1. 1. 1. 0. 1. 1. 1. 1. 0. 0. 0. 0.
  0. 0. 0. 0. 0. 0. 0. 0. 0. 0. 0. 0. 0. 0. 0. 0. 0. 0. 0. 0. 0. 0. 0. 0.
  0. 0. 0. 0. 0. 0. 0. 0. 0. 0. 0. 0. 0. 0. 0. 0. 0. 0. 0. 0. 0. 0. 0. 0.
  0. 0. 0. 0. 0. 0. 0. 0. 0. 0. 0. 0. 0. 0. 0. 0. 0. 0. 0. 0. 0. 0. 0. 0.
  0. 0. 0. 0.]
 [1. 1. 0. 0. 0. 0. 1. 1. 1. 1. 1. 0. 1. 1. 1. 1. 0. 1. 0. 0. 0. 0. 0. 0.
  0. 0. 0. 0. 0. 0. 0. 0. 0. 0. 0. 0. 0. 0. 0. 0. 0. 0. 0. 0. 0. 0. 0. 0.
  0. 0. 0. 0. 0. 0. 0. 0. 0. 0. 0. 0. 0. 0. 0. 0. 0. 0. 0. 0. 0. 0. 0. 0.
  0. 0. 0. 0. 0. 0. 0. 0. 0. 0. 0. 0. 0. 0. 0. 0. 0. 0. 0. 0. 0. 0. 0. 0.
  0. 0. 0. 0.]
 [1. 0. 1. 1. 0. 1. 1. 1. 1. 0. 1. 1. 0. 1. 1. 1. 1. 0. 1. 1. 0. 0. 0. 0.
  0. 0. 0. 0. 0. 0. 0. 0. 0. 0. 0. 0. 0. 0. 0. 0. 0. 0. 0. 0. 0. 0. 0. 0.
  0. 0. 0. 0. 0. 0. 0. 0. 0. 0. 0. 0. 0. 0. 0. 0. 0. 0. 0. 0. 0. 0. 0. 0.
  0. 0. 0. 0. 0. 0. 0. 0. 0. 0. 0. 0. 0. 0. 0. 0. 0. 0. 0. 0. 0. 0. 0. 0.
  0. 0. 0. 0.]
 [1. 1. 1. 1. 1. 1. 1. 1. 1. 0. 1. 0. 1. 1. 1. 1. 1. 1. 1. 1. 0. 0. 0. 0.
  0. 0. 0. 0. 0. 0. 0. 0. 0. 0. 0. 0. 0. 0. 0. 0. 0. 0. 0. 0. 0. 0. 0. 0.
  0. 0. 0. 0. 0. 0. 0. 0. 0. 0. 0. 0. 0. 0. 0. 0. 0. 0. 0. 0. 0. 0. 0. 0.
  0. 0. 0. 0. 0. 0. 0. 0. 0. 0. 0. 0. 0. 0. 0. 0. 0. 0. 0. 0. 0. 0. 0. 0.
  0. 0. 0. 0.]
 [1. 1. 1. 1. 1. 1. 0. 1. 1. 0. 1. 1. 1. 1. 1. 1. 0. 1. 1. 0. 0. 0. 0. 0.
  0. 0. 0. 0. 0. 0. 0. 0. 0. 0. 0. 0. 0. 0. 0. 0. 0. 0. 0. 0. 0. 0. 0. 0.
  0. 0. 0. 0. 0. 0. 0. 0. 0. 0. 0. 0. 0. 0. 0. 0. 0. 0. 0. 0. 0. 0. 0. 0.
  0. 0. 0. 0. 0. 0. 0. 0. 0. 0. 0. 0. 0. 0. 0. 0. 0. 0. 0. 0. 0. 0. 0. 0.
  0. 0. 0. 0.]
 [1. 1. 1. 1. 1. 1. 1. 1. 1. 1. 1. 0. 1. 1. 1. 1. 1. 1. 1. 0. 0. 0. 0. 0.
  0. 0. 0. 0. 0. 0. 0. 0. 0. 0. 0. 0. 0. 0. 0. 0. 0. 0. 0. 0. 0. 0. 0. 0.
  0. 0. 0. 0. 0. 0. 0. 0. 0. 0. 0. 0. 0. 0. 0. 0. 0. 0. 0. 0. 0. 0. 0. 0.
  0. 0. 0. 0. 0. 0. 0. 0. 0. 0. 0. 0. 0. 0. 0. 0. 0. 0. 0. 0. 0. 0. 0. 0.
  0. 0. 0. 0.]
 [1. 1. 1. 1. 1. 1. 0. 1. 1. 1. 1. 1. 0. 1. 1. 1. 1. 0. 0. 1. 0. 0. 0. 0.
  0. 0. 0. 0. 0. 0. 0. 0. 0. 0. 0. 0. 0. 0. 0. 0. 0. 0. 0. 0. 0. 0. 0. 0.
  0. 0. 0. 0. 0. 0. 0. 0. 0. 0. 0. 0. 0. 0. 0. 0. 0. 0. 0. 0. 0. 0. 0. 0.
  0. 0. 0. 0. 0. 0. 0. 0. 0. 0. 0. 0. 0. 0. 0. 0. 0. 0. 0. 0. 0. 0. 0. 0.
  0. 0. 0. 0.]
 [1. 1. 1. 1. 1. 1. 0. 1. 0. 1. 1. 0. 0. 0. 1. 0. 0. 0. 1. 1. 0. 0. 0. 0.
  0. 0. 0. 0. 0. 0. 0. 0. 0. 0. 0. 0. 0. 0. 0. 0. 0. 0. 0. 0. 0. 0. 0. 0.
  0. 0. 0. 0. 0. 0. 0. 0. 0. 0. 0. 0. 0. 0. 0. 0. 0. 0. 0. 0. 0. 0. 0. 0.
  0. 0. 0. 0. 0. 0. 0. 0. 0. 0. 0. 0. 0. 0. 0. 0. 0. 0. 0. 0. 0. 0. 0. 0.
  0. 0. 0. 0.]
 [1. 1. 1. 1. 1. 1. 1. 1. 1. 1. 1. 1. 1. 1. 1. 1. 1. 1. 1. 1. 0. 0. 0. 0.
  0. 0. 0. 0. 0. 0. 0. 0. 0. 0. 0. 0. 0. 0. 0. 0. 0. 0. 0. 0. 0. 0. 0. 0.
  0. 0. 0. 0. 0. 0. 0. 0. 0. 0. 0. 0. 0. 0. 0. 0. 0. 0. 0. 0. 0. 0. 0. 0.
  0. 0. 0. 0. 0. 0. 0. 0. 0. 0. 0. 0. 0. 0. 0. 0. 0. 0. 0. 0. 0. 0. 0. 0.
  0. 0. 0. 0.]
 [1. 1. 0. 1. 1. 1. 1. 1. 0. 0. 0. 1. 1. 1. 1. 1. 1. 1. 1. 1. 0. 0. 0. 0.
  0. 0. 0. 0. 0. 0. 0. 0. 0. 0. 0. 0. 0. 0. 0. 0. 0. 0. 0. 0. 0. 0. 0. 0.
  0. 0. 0. 0. 0. 0. 0. 0. 0. 0. 0. 0. 0. 0. 0. 0. 0. 0. 0. 0. 0. 0. 0. 0.
  0. 0. 0. 0. 0. 0. 0. 0. 0. 0. 0. 0. 0. 0. 0. 0. 0. 0. 0. 0. 0. 0. 0. 0.
  0. 0. 0. 0.]
 [1. 1. 1. 1. 0. 1. 1. 1. 1. 0. 1. 1. 1. 0. 0. 1. 1. 1. 1. 1. 0. 0. 0. 0.
  0. 0. 0. 0. 0. 0. 0. 0. 0. 0. 0. 0. 0. 0. 0. 0. 0. 0. 0. 0. 0. 0. 0. 0.
  0. 0. 0. 0. 0. 0. 0. 0. 0. 0. 0. 0. 0. 0. 0. 0. 0. 0. 0. 0. 0. 0. 0. 0.
  0. 0. 0. 0. 0. 0. 0. 0. 0. 0. 0. 0. 0. 0. 0. 0. 0. 0. 0. 0. 0. 0. 0. 0.
  0. 0. 0. 0.]
 [1. 1. 1. 1. 1. 1. 1. 0. 1. 1. 1. 1. 1. 1. 1. 0. 1. 0. 1. 1. 0. 0. 0. 0.
  0. 0. 0. 0. 0. 0. 0. 0. 0. 0. 0. 0. 0. 0. 0. 0. 0. 0. 0. 0. 0. 0. 0. 0.
  0. 0. 0. 0. 0. 0. 0. 0. 0. 0. 0. 0. 0. 0. 0. 0. 0. 0. 0. 0. 0. 0. 0. 0.
  0. 0. 0. 0. 0. 0. 0. 0. 0. 0. 0. 0. 0. 0. 0. 0. 0. 0. 0. 0. 0. 0. 0. 0.
  0. 0. 0. 0.]
 [0. 0. 1. 1. 1. 0. 1. 1. 1. 1. 1. 1. 1. 0. 1. 1. 1. 0. 1. 1. 0. 0. 0. 0.
  0. 0. 0. 0. 0. 0. 0. 0. 0. 0. 0. 0. 0. 0. 0. 0. 0. 0. 0. 0. 0. 0. 0. 0.
  0. 0. 0. 0. 0. 0. 0. 0. 0. 0. 0. 0. 0. 0. 0. 0. 0. 0. 0. 0. 0. 0. 0. 0.
  0. 0. 0. 0. 0. 0. 0. 0. 0. 0. 0. 0. 0. 0. 0. 0. 0. 0. 0. 0. 0. 0. 0. 0.
  0. 0. 0. 0.]
 [0. 1. 1. 1. 1. 0. 1. 1. 1. 1. 1. 1. 1. 1. 1. 1. 1. 1. 1. 1. 0. 0. 0. 0.
  0. 0. 0. 0. 0. 0. 0. 0. 0. 0. 0. 0. 0. 0. 0. 0. 0. 0. 0. 0. 0. 0. 0. 0.
  0. 0. 0. 0. 0. 0. 0. 0. 0. 0. 0. 0. 0. 0. 0. 0. 0. 0. 0. 0. 0. 0. 0. 0.
  0. 0. 0. 0. 0. 0. 0. 0. 0. 0. 0. 0. 0. 0. 0. 0. 0. 0. 0. 0. 0. 0. 0. 0.
  0. 0. 0. 0.]
 [1. 0. 1. 1. 1. 1. 1. 1. 1. 1. 1. 1. 1. 0. 1. 1. 1. 1. 1. 1. 0. 0. 0. 0.
  0. 0. 0. 0. 0. 0. 0. 0. 0. 0. 0. 0. 0. 0. 0. 0. 0. 0. 0. 0. 0. 0. 0. 0.
  0. 0. 0. 0. 0. 0. 0. 0. 0. 0. 0. 0. 0. 0. 0. 0. 0. 0. 0. 0. 0. 0. 0. 0.
  0. 0. 0. 0. 0. 0. 0. 0. 0. 0. 0. 0. 0. 0. 0. 0. 0. 0. 0. 0. 0. 0. 0. 0.
  0. 0. 0. 0.]
 [1. 1. 1. 0. 1. 1. 1. 1. 1. 1. 1. 0. 0. 1. 1. 1. 1. 1. 1. 1. 0. 0. 0. 0.
  0. 0. 0. 0. 0. 0. 0. 0. 0. 0. 0. 0. 0. 0. 0. 0. 0. 0. 0. 0. 0. 0. 0. 0.
  0. 0. 0. 0. 0. 0. 0. 0. 0. 0. 0. 0. 0. 0. 0. 0. 0. 0. 0. 0. 0. 0. 0. 0.
  0. 0. 0. 0. 0. 0. 0. 0. 0. 0. 0. 0. 0. 0. 0. 0. 0. 0. 0. 0. 0. 0. 0. 0.
  0. 0. 0. 0.]
 [1. 0. 0. 1. 1. 1. 1. 1. 0. 0. 1. 0. 1. 0. 0. 1. 1. 1. 1. 0. 0. 0. 0. 0.
  0. 0. 0. 0. 0. 0. 0. 0. 0. 0. 0. 0. 0. 0. 0. 0. 0. 0. 0. 0. 0. 0. 0. 0.
  0. 0. 0. 0. 0. 0. 0. 0. 0. 0. 0. 0. 0. 0. 0. 0. 0. 0. 0. 0. 0. 0. 0. 0.
  0. 0. 0. 0. 0. 0. 0. 0. 0. 0. 0. 0. 0. 0. 0. 0. 0. 0. 0. 0. 0. 0. 0. 0.
  0. 0. 0. 0.]
 [1. 1. 0. 1. 1. 1. 1. 1. 1. 1. 1. 0. 1. 0. 1. 1. 0. 0. 1. 1. 0. 0. 0. 0.
  0. 0. 0. 0. 0. 0. 0. 0. 0. 0. 0. 0. 0. 0. 0. 0. 0. 0. 0. 0. 0. 0. 0. 0.
  0. 0. 0. 0. 0. 0. 0. 0. 0. 0. 0. 0. 0. 0. 0. 0. 0. 0. 0. 0. 0. 0. 0. 0.
  0. 0. 0. 0. 0. 0. 0. 0. 0. 0. 0. 0. 0. 0. 0. 0. 0. 0. 0. 0. 0. 0. 0. 0.
  0. 0. 0. 0.]
 [1. 1. 1. 1. 1. 1. 1. 1. 1. 1. 1. 1. 0. 1. 0. 1. 1. 1. 1. 1. 0. 0. 0. 0.
  0. 0. 0. 0. 0. 0. 0. 0. 0. 0. 0. 0. 0. 0. 0. 0. 0. 0. 0. 0. 0. 0. 0. 0.
  0. 0. 0. 0. 0. 0. 0. 0. 0. 0. 0. 0. 0. 0. 0. 0. 0. 0. 0. 0. 0. 0. 0. 0.
  0. 0. 0. 0. 0. 0. 0. 0. 0. 0. 0. 0. 0. 0. 0. 0. 0. 0. 0. 0. 0. 0. 0. 0.
  0. 0. 0. 0.]
 [1. 1. 1. 1. 0. 1. 1. 1. 1. 1. 1. 1. 1. 1. 0. 1. 1. 0. 1. 1. 0. 0. 0. 0.
  0. 0. 0. 0. 0. 0. 0. 0. 0. 0. 0. 0. 0. 0. 0. 0. 0. 0. 0. 0. 0. 0. 0. 0.
  0. 0. 0. 0. 0. 0. 0. 0. 0. 0. 0. 0. 0. 0. 0. 0. 0. 0. 0. 0. 0. 0. 0. 0.
  0. 0. 0. 0. 0. 0. 0. 0. 0. 0. 0. 0. 0. 0. 0. 0. 0. 0. 0. 0. 0. 0. 0. 0.
  0. 0. 0. 0.]
 [1. 0. 0. 1. 1. 1. 1. 1. 1. 1. 1. 1. 1. 1. 1. 1. 1. 1. 0. 1. 0. 0. 0. 0.
  0. 0. 0. 0. 0. 0. 0. 0. 0. 0. 0. 0. 0. 0. 0. 0. 0. 0. 0. 0. 0. 0. 0. 0.
  0. 0. 0. 0. 0. 0. 0. 0. 0. 0. 0. 0. 0. 0. 0. 0. 0. 0. 0. 0. 0. 0. 0. 0.
  0. 0. 0. 0. 0. 0. 0. 0. 0. 0. 0. 0. 0. 0. 0. 0. 0. 0. 0. 0. 0. 0. 0. 0.
  0. 0. 0. 0.]
 [0. 0. 0. 1. 0. 0. 1. 0. 1. 1. 1. 1. 1. 1. 1. 1. 1. 1. 1. 1. 0. 0. 0. 0.
  0. 0. 0. 0. 0. 0. 0. 0. 0. 0. 0. 0. 0. 0. 0. 0. 0. 0. 0. 0. 0. 0. 0. 0.
  0. 0. 0. 0. 0. 0. 0. 0. 0. 0. 0. 0. 0. 0. 0. 0. 0. 0. 0. 0. 0. 0. 0. 0.
  0. 0. 0. 0. 0. 0. 0. 0. 0. 0. 0. 0. 0. 0. 0. 0. 0. 0. 0. 0. 0. 0. 0. 0.
  0. 0. 0. 0.]
 [1. 1. 1. 1. 1. 1. 1. 1. 1. 0. 1. 1. 1. 1. 1. 1. 1. 1. 0. 0. 0. 0. 0. 0.
  0. 0. 0. 0. 0. 0. 0. 0. 0. 0. 0. 0. 0. 0. 0. 0. 0. 0. 0. 0. 0. 0. 0. 0.
  0. 0. 0. 0. 0. 0. 0. 0. 0. 0. 0. 0. 0. 0. 0. 0. 0. 0. 0. 0. 0. 0. 0. 0.
  0. 0. 0. 0. 0. 0. 0. 0. 0. 0. 0. 0. 0. 0. 0. 0. 0. 0. 0. 0. 0. 0. 0. 0.
  0. 0. 0. 0.]]
start_times_array: [[8.3628e+04 8.3681e+04 8.3729e+04 8.3746e+04 8.3788e+04 8.3858e+04
  8.3957e+04 8.3980e+04 8.4059e+04 8.4101e+04 8.4189e+04 8.4212e+04
  8.4289e+04 8.4348e+04 8.4393e+04 8.4477e+04 8.4535e+04 8.4582e+04
  8.4673e+04 8.4702e+04]
 [8.2576e+04 8.2628e+04 8.2702e+04 8.2737e+04 8.2740e+04 8.2785e+04
  8.2821e+04 8.2913e+04 8.2933e+04 8.2991e+04 8.3005e+04 8.3010e+04
  8.3103e+04 8.3149e+04 8.3185e+04 8.3279e+04 8.3355e+04 8.3418e+04
  8.3513e+04 8.3579e+04]
 [8.1587e+04 8.1629e+04 8.1691e+04 8.1774e+04 8.1833e+04 8.1893e+04
  8.1901e+04 8.1916e+04 8.1926e+04 8.1927e+04 8.2005e+04 8.2032e+04
  8.2130e+04 8.2165e+04 8.2187e+04 8.2267e+04 8.2344e+04 8.2430e+04
  8.2493e+04 8.2537e+04]
 [8.0625e+04 8.0635e+04 8.0641e+04 8.0703e+04 8.0770e+04 8.0836e+04
  8.0874e+04 8.0894e+04 8.0970e+04 8.1064e+04 8.1131e+04 8.1165e+04
  8.1224e+04 8.1251e+04 8.1312e+04 8.1322e+04 8.1389e+04 8.1410e+04
  8.1500e+04 8.1573e+04]
 [7.9752e+04 7.9769e+04 7.9806e+04 7.9827e+04 7.9918e+04 7.9925e+04
  7.9969e+04 7.9991e+04 8.0041e+04 8.0072e+04 8.0154e+04 8.0207e+04
  8.0228e+04 8.0317e+04 8.0352e+04 8.0400e+04 8.0416e+04 8.0486e+04
  8.0579e+04 8.0620e+04]
 [7.8561e+04 7.8624e+04 7.8692e+04 7.8737e+04 7.8778e+04 7.8856e+04
  7.8930e+04 7.9027e+04 7.9041e+04 7.9089e+04 7.9143e+04 7.9234e+04
  7.9326e+04 7.9417e+04 7.9481e+04 7.9542e+04 7.9548e+04 7.9554e+04
  7.9614e+04 7.9679e+04]
 [7.7468e+04 7.7559e+04 7.7617e+04 7.7692e+04 7.7703e+04 7.7710e+04
  7.7796e+04 7.7866e+04 7.7892e+04 7.7945e+04 7.7950e+04 7.8031e+04
  7.8097e+04 7.8154e+04 7.8231e+04 7.8320e+04 7.8369e+04 7.8372e+04
  7.8431e+04 7.8524e+04]
 [7.6380e+04 7.6413e+04 7.6510e+04 7.6591e+04 7.6626e+04 7.6709e+04
  7.6737e+04 7.6784e+04 7.6818e+04 7.6841e+04 7.6937e+04 7.6968e+04
  7.7062e+04 7.7125e+04 7.7146e+04 7.7147e+04 7.7203e+04 7.7239e+04
  7.7289e+04 7.7380e+04]
 [7.5331e+04 7.5368e+04 7.5438e+04 7.5476e+04 7.5560e+04 7.5585e+04
  7.5617e+04 7.5689e+04 7.5726e+04 7.5749e+04 7.5763e+04 7.5807e+04
  7.5810e+04 7.5835e+04 7.5926e+04 7.6023e+04 7.6111e+04 7.6175e+04
  7.6256e+04 7.6321e+04]
 [7.4577e+04 7.4617e+04 7.4640e+04 7.4692e+04 7.4731e+04 7.4795e+04
  7.4804e+04 7.4869e+04 7.4891e+04 7.4962e+04 7.5013e+04 7.5020e+04
  7.5027e+04 7.5034e+04 7.5068e+04 7.5127e+04 7.5129e+04 7.5174e+04
  7.5215e+04 7.5311e+04]
 [7.3642e+04 7.3690e+04 7.3753e+04 7.3800e+04 7.3812e+04 7.3868e+04
  7.3954e+04 7.4040e+04 7.4041e+04 7.4061e+04 7.4141e+04 7.4223e+04
  7.4227e+04 7.4235e+04 7.4290e+04 7.4375e+04 7.4450e+04 7.4472e+04
  7.4483e+04 7.4529e+04]
 [7.2665e+04 7.2741e+04 7.2967e+04 7.2986e+04 7.2993e+04 7.3037e+04
  7.3127e+04 7.3150e+04 7.3162e+04 7.3219e+04 7.3318e+04 7.3393e+04
  7.3415e+04 7.3474e+04 7.3570e+04 7.3575e+04 7.3642e+04 7.3736e+04
  7.3800e+04 7.3888e+04]
 [7.2066e+04 7.2153e+04 7.2175e+04 7.2189e+04 7.2208e+04 7.2306e+04
  7.2374e+04 7.2421e+04 7.2518e+04 7.2528e+04 7.2599e+04 7.2665e+04
  7.2707e+04 7.2728e+04 7.2777e+04 7.2864e+04 7.2913e+04 7.2967e+04
  7.3041e+04 7.3133e+04]
 [7.1112e+04 7.1134e+04 7.1198e+04 7.1219e+04 7.1263e+04 7.1297e+04
  7.1340e+04 7.1354e+04 7.1427e+04 7.1465e+04 7.1523e+04 7.1575e+04
  7.1601e+04 7.1607e+04 7.1663e+04 7.1761e+04 7.1763e+04 7.1861e+04
  7.1910e+04 7.2001e+04]
 [7.0114e+04 7.0172e+04 7.0228e+04 7.0301e+04 7.0323e+04 7.0388e+04
  7.0482e+04 7.0580e+04 7.0593e+04 7.0618e+04 7.0684e+04 7.0719e+04
  7.0769e+04 7.0777e+04 7.0824e+04 7.0857e+04 7.0881e+04 7.0934e+04
  7.0973e+04 7.1016e+04]
 [6.8849e+04 6.8948e+04 6.9020e+04 6.9060e+04 6.9148e+04 6.9187e+04
  6.9213e+04 6.9270e+04 6.9351e+04 6.9414e+04 6.9485e+04 6.9578e+04
  6.9637e+04 6.9649e+04 6.9720e+04 6.9807e+04 6.9859e+04 6.9926e+04
  6.9953e+04 7.0023e+04]
 [6.7369e+04 6.7879e+04 6.7966e+04 6.8038e+04 6.8082e+04 6.8102e+04
  6.8179e+04 6.8227e+04 6.8261e+04 6.8323e+04 6.8387e+04 6.8413e+04
  6.8481e+04 6.8573e+04 6.8591e+04 6.8642e+04 6.8685e+04 6.8700e+04
  6.8770e+04 6.8793e+04]
 [6.7126e+04 6.7132e+04 6.7171e+04 6.7236e+04 6.7283e+04 6.7352e+04
  6.7369e+04 6.7404e+04 6.7498e+04 6.7550e+04 6.7608e+04 6.7671e+04
  6.7734e+04 6.7823e+04 6.7879e+04 6.7909e+04 6.7933e+04 6.7970e+04
  6.7973e+04 6.8034e+04]
 [6.6262e+04 6.6342e+04 6.6392e+04 6.6427e+04 6.6470e+04 6.6566e+04
  6.6569e+04 6.6650e+04 6.6660e+04 6.6674e+04 6.6706e+04 6.6760e+04
  6.6781e+04 6.6838e+04 6.6916e+04 6.6972e+04 6.6980e+04 6.7040e+04
  6.7077e+04 6.7124e+04]
 [6.5269e+04 6.5362e+04 6.5408e+04 6.5455e+04 6.5468e+04 6.5555e+04
  6.5615e+04 6.5698e+04 6.5767e+04 6.5799e+04 6.5811e+04 6.5813e+04
  6.5902e+04 6.5905e+04 6.5917e+04 6.5931e+04 6.6030e+04 6.6099e+04
  6.6111e+04 6.6190e+04]
 [6.3871e+04 6.3970e+04 6.4078e+04 6.4325e+04 6.4341e+04 6.4390e+04
  6.4476e+04 6.4516e+04 6.4556e+04 6.4597e+04 6.4633e+04 6.4726e+04
  6.4760e+04 6.4848e+04 6.4938e+04 6.5037e+04 6.5074e+04 6.5128e+04
  6.5210e+04 6.5214e+04]
 [6.3151e+04 6.3185e+04 6.3211e+04 6.3503e+04 6.3551e+04 6.3592e+04
  6.3594e+04 6.3645e+04 6.3662e+04 6.3694e+04 6.3771e+04 6.3869e+04
  6.3871e+04 6.3953e+04 6.4045e+04 6.4078e+04 6.4131e+04 6.4184e+04
  6.4212e+04 6.4239e+04]
 [6.2730e+04 6.2816e+04 6.2875e+04 6.2915e+04 6.2957e+04 6.3003e+04
  6.3081e+04 6.3095e+04 6.3102e+04 6.3151e+04 6.3157e+04 6.3185e+04
  6.3197e+04 6.3270e+04 6.3305e+04 6.3369e+04 6.3426e+04 6.3503e+04
  6.3567e+04 6.3630e+04]
 [6.1687e+04 6.1704e+04 6.1763e+04 6.1823e+04 6.1860e+04 6.1955e+04
  6.2033e+04 6.2094e+04 6.2139e+04 6.2190e+04 6.2257e+04 6.2291e+04
  6.2336e+04 6.2383e+04 6.2469e+04 6.2543e+04 6.2548e+04 6.2615e+04
  6.2694e+04 6.2721e+04]
 [6.0938e+04 6.1008e+04 6.1031e+04 6.1060e+04 6.1138e+04 6.1192e+04
  6.1195e+04 6.1222e+04 6.1304e+04 6.1334e+04 6.1424e+04 6.1451e+04
  6.1546e+04 6.1554e+04 6.1563e+04 6.1621e+04 6.1662e+04 6.1687e+04
  6.1774e+04 6.1809e+04]
 [5.9851e+04 6.0176e+04 6.0238e+04 6.0318e+04 6.0520e+04 6.0545e+04
  6.0588e+04 6.0667e+04 6.0719e+04 6.0731e+04 6.0737e+04 6.0804e+04
  6.0850e+04 6.0887e+04 6.0901e+04 6.0938e+04 6.0940e+04 6.1022e+04
  6.1034e+04 6.1072e+04]
 [5.9557e+04 5.9641e+04 5.9728e+04 5.9768e+04 5.9780e+04 5.9789e+04
  5.9851e+04 5.9878e+04 5.9946e+04 5.9970e+04 6.0049e+04 6.0101e+04
  6.0119e+04 6.0176e+04 6.0269e+04 6.0330e+04 6.0345e+04 6.0406e+04
  6.0427e+04 6.0520e+04]
 [5.8962e+04 5.9016e+04 5.9105e+04 5.9135e+04 5.9139e+04 5.9176e+04
  5.9248e+04 5.9249e+04 5.9259e+04 5.9324e+04 5.9405e+04 5.9427e+04
  5.9444e+04 5.9516e+04 5.9557e+04 5.9608e+04 5.9747e+04 5.9768e+04
  5.9807e+04 5.9808e+04]
 [5.8269e+04 5.8448e+04 5.8530e+04 5.8541e+04 5.8626e+04 5.8634e+04
  5.8687e+04 5.8776e+04 5.8805e+04 5.8865e+04 5.8887e+04 5.8933e+04
  5.8962e+04 5.8984e+04 5.9076e+04 5.9111e+04 5.9117e+04 5.9139e+04
  5.9328e+04 5.9397e+04]
 [5.6956e+04 5.7469e+04 5.7504e+04 5.7588e+04 5.7656e+04 5.7741e+04
  5.7744e+04 5.7755e+04 5.7768e+04 5.7834e+04 5.7908e+04 5.7938e+04
  5.7992e+04 5.8004e+04 5.8098e+04 5.8183e+04 5.8269e+04 5.8343e+04
  5.8360e+04 5.8620e+04]
 [5.5942e+04 5.6023e+04 5.6106e+04 5.6424e+04 5.6757e+04 5.6809e+04
  5.6868e+04 5.6956e+04 5.7055e+04 5.7118e+04 5.7153e+04 5.7201e+04
  5.7227e+04 5.7271e+04 5.7309e+04 5.7341e+04 5.7345e+04 5.7425e+04
  5.7469e+04 5.7555e+04]
 [5.5461e+04 5.5496e+04 5.5879e+04 5.5942e+04 5.5967e+04 5.5974e+04
  5.5996e+04 5.6068e+04 5.6106e+04 5.6169e+04 5.6249e+04 5.6314e+04
  5.6398e+04 5.6406e+04 5.6424e+04 5.6503e+04 5.6545e+04 5.6639e+04
  5.6728e+04 5.6757e+04]
 [5.4912e+04 5.5010e+04 5.5086e+04 5.5173e+04 5.5242e+04 5.5307e+04
  5.5371e+04 5.5429e+04 5.5436e+04 5.5454e+04 5.5461e+04 5.5470e+04
  5.5506e+04 5.5554e+04 5.5602e+04 5.5685e+04 5.5728e+04 5.5763e+04
  5.5847e+04 5.6022e+04]
 [5.3644e+04 5.4014e+04 5.4221e+04 5.4313e+04 5.4482e+04 5.4552e+04
  5.4636e+04 5.4639e+04 5.4695e+04 5.4726e+04 5.4736e+04 5.4771e+04
  5.4818e+04 5.4912e+04 5.5081e+04 5.5126e+04 5.5173e+04 5.5177e+04
  5.5178e+04 5.5213e+04]
 [5.3024e+04 5.3576e+04 5.3598e+04 5.3644e+04 5.3735e+04 5.3813e+04
  5.3861e+04 5.3893e+04 5.3986e+04 5.4014e+04 5.4105e+04 5.4121e+04
  5.4173e+04 5.4221e+04 5.4264e+04 5.4275e+04 5.4343e+04 5.4387e+04
  5.4438e+04 5.4449e+04]
 [5.2653e+04 5.2679e+04 5.2744e+04 5.2874e+04 5.2882e+04 5.2926e+04
  5.3024e+04 5.3074e+04 5.3110e+04 5.3115e+04 5.3183e+04 5.3189e+04
  5.3238e+04 5.3284e+04 5.3339e+04 5.3340e+04 5.3434e+04 5.3447e+04
  5.3486e+04 5.3576e+04]
 [5.1898e+04 5.1961e+04 5.2018e+04 5.2042e+04 5.2083e+04 5.2180e+04
  5.2251e+04 5.2343e+04 5.2434e+04 5.2456e+04 5.2553e+04 5.2602e+04
  5.2642e+04 5.2679e+04 5.2715e+04 5.2738e+04 5.2821e+04 5.2874e+04
  5.2945e+04 5.3208e+04]
 [5.0794e+04 5.1197e+04 5.1257e+04 5.1422e+04 5.1447e+04 5.1530e+04
  5.1551e+04 5.1561e+04 5.1639e+04 5.1714e+04 5.1723e+04 5.1793e+04
  5.1829e+04 5.1870e+04 5.1878e+04 5.1879e+04 5.1898e+04 5.1899e+04
  5.1905e+04 5.1972e+04]
 [5.0034e+04 5.0554e+04 5.0583e+04 5.0688e+04 5.0704e+04 5.0785e+04
  5.0794e+04 5.0888e+04 5.0970e+04 5.1041e+04 5.1046e+04 5.1049e+04
  5.1087e+04 5.1112e+04 5.1197e+04 5.1242e+04 5.1304e+04 5.1334e+04
  5.1392e+04 5.1402e+04]
 [4.9462e+04 4.9640e+04 5.0004e+04 5.0034e+04 5.0057e+04 5.0148e+04
  5.0180e+04 5.0241e+04 5.0283e+04 5.0294e+04 5.0350e+04 5.0383e+04
  5.0413e+04 5.0440e+04 5.0459e+04 5.0473e+04 5.0554e+04 5.0575e+04
  5.0631e+04 5.0688e+04]
 [4.8604e+04 4.8870e+04 4.9222e+04 4.9259e+04 4.9321e+04 4.9400e+04
  4.9462e+04 4.9533e+04 4.9551e+04 4.9633e+04 4.9640e+04 4.9682e+04
  4.9779e+04 4.9789e+04 4.9795e+04 4.9820e+04 4.9890e+04 4.9917e+04
  5.0004e+04 5.0073e+04]
 [4.8282e+04 4.8296e+04 4.8329e+04 4.8365e+04 4.8417e+04 4.8505e+04
  4.8572e+04 4.8574e+04 4.8604e+04 4.8687e+04 4.8773e+04 4.8870e+04
  4.8903e+04 4.8926e+04 4.8931e+04 4.8973e+04 4.9050e+04 4.9097e+04
  4.9155e+04 4.9178e+04]
 [4.7395e+04 4.7479e+04 4.7552e+04 4.7643e+04 4.7721e+04 4.7775e+04
  4.7776e+04 4.7806e+04 4.7815e+04 4.7852e+04 4.7855e+04 4.7926e+04
  4.7952e+04 4.8050e+04 4.8120e+04 4.8155e+04 4.8210e+04 4.8282e+04
  4.8329e+04 4.8364e+04]
 [4.6469e+04 4.6505e+04 4.6519e+04 4.6615e+04 4.6676e+04 4.6679e+04
  4.6709e+04 4.6807e+04 4.6882e+04 4.6923e+04 4.7002e+04 4.7098e+04
  4.7171e+04 4.7225e+04 4.7297e+04 4.7326e+04 4.7332e+04 4.7363e+04
  4.7395e+04 4.7429e+04]
 [4.5383e+04 4.5476e+04 4.5520e+04 4.5616e+04 4.5778e+04 4.5872e+04
  4.5908e+04 4.5937e+04 4.5975e+04 4.6038e+04 4.6052e+04 4.6059e+04
  4.6066e+04 4.6122e+04 4.6176e+04 4.6183e+04 4.6266e+04 4.6299e+04
  4.6359e+04 4.6447e+04]
 [4.4658e+04 4.4722e+04 4.5003e+04 4.5016e+04 4.5020e+04 4.5094e+04
  4.5117e+04 4.5201e+04 4.5263e+04 4.5271e+04 4.5313e+04 4.5409e+04
  4.5435e+04 4.5476e+04 4.5478e+04 4.5506e+04 4.5520e+04 4.5619e+04
  4.5633e+04 4.5698e+04]
 [4.4104e+04 4.4114e+04 4.4213e+04 4.4233e+04 4.4313e+04 4.4373e+04
  4.4375e+04 4.4473e+04 4.4570e+04 4.4571e+04 4.4572e+04 4.4631e+04
  4.4632e+04 4.4658e+04 4.4757e+04 4.4846e+04 4.4884e+04 4.4899e+04
  4.4946e+04 4.5421e+04]
 [4.2580e+04 4.2972e+04 4.3022e+04 4.3141e+04 4.3270e+04 4.3358e+04
  4.3425e+04 4.3503e+04 4.3585e+04 4.3603e+04 4.3689e+04 4.3716e+04
  4.3750e+04 4.3776e+04 4.3806e+04 4.3823e+04 4.3825e+04 4.3912e+04
  4.3997e+04 4.4037e+04]
 [4.1991e+04 4.2061e+04 4.2159e+04 4.2463e+04 4.2492e+04 4.2580e+04
  4.2611e+04 4.2618e+04 4.2710e+04 4.2713e+04 4.2793e+04 4.2811e+04
  4.2850e+04 4.2907e+04 4.2963e+04 4.2971e+04 4.2972e+04 4.3051e+04
  4.3141e+04 4.3215e+04]
 [4.1608e+04 4.1633e+04 4.1662e+04 4.1713e+04 4.1807e+04 4.1898e+04
  4.1991e+04 4.2035e+04 4.2051e+04 4.2074e+04 4.2081e+04 4.2138e+04
  4.2194e+04 4.2266e+04 4.2307e+04 4.2375e+04 4.2400e+04 4.2463e+04
  4.2506e+04 4.2593e+04]
 [4.0782e+04 4.0817e+04 4.0829e+04 4.0918e+04 4.0959e+04 4.1029e+04
  4.1047e+04 4.1117e+04 4.1186e+04 4.1191e+04 4.1250e+04 4.1280e+04
  4.1314e+04 4.1337e+04 4.1379e+04 4.1424e+04 4.1516e+04 4.1608e+04
  4.1668e+04 4.1766e+04]
 [3.9951e+04 4.0012e+04 4.0016e+04 4.0080e+04 4.0130e+04 4.0180e+04
  4.0219e+04 4.0260e+04 4.0275e+04 4.0297e+04 4.0352e+04 4.0389e+04
  4.0396e+04 4.0484e+04 4.0542e+04 4.0632e+04 4.0696e+04 4.0703e+04
  4.0726e+04 4.0745e+04]
 [3.9282e+04 3.9308e+04 3.9365e+04 3.9366e+04 3.9446e+04 3.9467e+04
  3.9502e+04 3.9534e+04 3.9632e+04 3.9710e+04 3.9760e+04 3.9839e+04
  3.9892e+04 3.9932e+04 3.9951e+04 3.9976e+04 4.0060e+04 4.0151e+04
  4.0202e+04 4.0297e+04]
 [3.8312e+04 3.8385e+04 3.8477e+04 3.8502e+04 3.8543e+04 3.8601e+04
  3.8637e+04 3.8687e+04 3.8777e+04 3.8875e+04 3.8914e+04 3.9008e+04
  3.9072e+04 3.9087e+04 3.9116e+04 3.9143e+04 3.9232e+04 3.9282e+04
  3.9308e+04 3.9435e+04]
 [3.7239e+04 3.7321e+04 3.7358e+04 3.7457e+04 3.7491e+04 3.7585e+04
  3.7631e+04 3.7705e+04 3.7750e+04 3.7828e+04 3.7869e+04 3.7927e+04
  3.7970e+04 3.8041e+04 3.8100e+04 3.8125e+04 3.8180e+04 3.8264e+04
  3.8312e+04 3.8396e+04]
 [3.6531e+04 3.6542e+04 3.6595e+04 3.6634e+04 3.6715e+04 3.6781e+04
  3.6880e+04 3.6953e+04 3.7029e+04 3.7036e+04 3.7127e+04 3.7160e+04
  3.7207e+04 3.7221e+04 3.7272e+04 3.7297e+04 3.7301e+04 3.7316e+04
  3.7342e+04 3.7421e+04]
 [3.5123e+04 3.5361e+04 3.5720e+04 3.5729e+04 3.5785e+04 3.5835e+04
  3.5878e+04 3.5933e+04 3.5965e+04 3.6056e+04 3.6131e+04 3.6214e+04
  3.6231e+04 3.6286e+04 3.6329e+04 3.6409e+04 3.6471e+04 3.6861e+04
  3.6864e+04 3.6920e+04]
 [3.4306e+04 3.4403e+04 3.4885e+04 3.4917e+04 3.4978e+04 3.5063e+04
  3.5123e+04 3.5142e+04 3.5155e+04 3.5209e+04 3.5271e+04 3.5318e+04
  3.5329e+04 3.5361e+04 3.5410e+04 3.5475e+04 3.5544e+04 3.5611e+04
  3.5707e+04 3.5714e+04]
 [3.3954e+04 3.3961e+04 3.4015e+04 3.4034e+04 3.4048e+04 3.4116e+04
  3.4190e+04 3.4191e+04 3.4253e+04 3.4306e+04 3.4357e+04 3.4392e+04
  3.4415e+04 3.4503e+04 3.4571e+04 3.4624e+04 3.4663e+04 3.4728e+04
  3.4792e+04 3.4885e+04]
 [3.2551e+04 3.2560e+04 3.3062e+04 3.3068e+04 3.3141e+04 3.3214e+04
  3.3285e+04 3.3292e+04 3.3349e+04 3.3444e+04 3.3537e+04 3.3593e+04
  3.3660e+04 3.3683e+04 3.3713e+04 3.3811e+04 3.3848e+04 3.3882e+04
  3.3909e+04 3.3954e+04]
 [3.1925e+04 3.1957e+04 3.2238e+04 3.2285e+04 3.2301e+04 3.2351e+04
  3.2447e+04 3.2478e+04 3.2488e+04 3.2551e+04 3.2561e+04 3.2635e+04
  3.2723e+04 3.2755e+04 3.2805e+04 3.2898e+04 3.2939e+04 3.2994e+04
  3.2999e+04 3.3728e+04]
 [3.0571e+04 3.1283e+04 3.1291e+04 3.1382e+04 3.1436e+04 3.1495e+04
  3.1546e+04 3.1604e+04 3.1659e+04 3.1722e+04 3.1725e+04 3.1789e+04
  3.1827e+04 3.1848e+04 3.1856e+04 3.1925e+04 3.2018e+04 3.2113e+04
  3.2174e+04 3.2211e+04]
 [3.0485e+04 3.0571e+04 3.0617e+04 3.0688e+04 3.0782e+04 3.0866e+04
  3.0938e+04 3.0989e+04 3.1064e+04 3.1110e+04 3.1127e+04 3.1162e+04
  3.1184e+04 3.1227e+04 3.1437e+04 3.1441e+04 3.1473e+04 3.1785e+04
  3.1899e+04 3.2051e+04]
 [2.8894e+04 2.9527e+04 2.9582e+04 2.9774e+04 2.9812e+04 2.9847e+04
  2.9853e+04 2.9914e+04 3.0007e+04 3.0025e+04 3.0087e+04 3.0129e+04
  3.0152e+04 3.0161e+04 3.0232e+04 3.0311e+04 3.0395e+04 3.0485e+04
  3.0552e+04 3.0644e+04]
 [2.8816e+04 2.8894e+04 2.8916e+04 2.9170e+04 2.9382e+04 2.9474e+04
  2.9482e+04 2.9527e+04 2.9565e+04 2.9585e+04 2.9623e+04 2.9696e+04
  2.9749e+04 2.9793e+04 2.9812e+04 2.9887e+04 2.9928e+04 2.9999e+04
  3.0005e+04 3.0478e+04]
 [2.8102e+04 2.8340e+04 2.8381e+04 2.8401e+04 2.8473e+04 2.8533e+04
  2.8592e+04 2.8632e+04 2.8704e+04 2.8735e+04 2.8761e+04 2.8816e+04
  2.8819e+04 2.8880e+04 2.8937e+04 2.8995e+04 2.9082e+04 2.9170e+04
  2.9210e+04 2.9304e+04]
 [2.7364e+04 2.7512e+04 2.7702e+04 2.7768e+04 2.7814e+04 2.7836e+04
  2.7902e+04 2.7915e+04 2.7922e+04 2.7952e+04 2.8016e+04 2.8071e+04
  2.8102e+04 2.8198e+04 2.8280e+04 2.8340e+04 2.8354e+04 2.8417e+04
  2.8803e+04 2.8874e+04]
 [2.6650e+04 2.6679e+04 2.6689e+04 2.6767e+04 2.6813e+04 2.6907e+04
  2.7004e+04 2.7089e+04 2.7175e+04 2.7238e+04 2.7288e+04 2.7337e+04
  2.7364e+04 2.7427e+04 2.7508e+04 2.7512e+04 2.7592e+04 2.7601e+04
  2.7696e+04 2.7839e+04]
 [2.5711e+04 2.5774e+04 2.5802e+04 2.5839e+04 2.5901e+04 2.5957e+04
  2.6030e+04 2.6084e+04 2.6154e+04 2.6207e+04 2.6214e+04 2.6249e+04
  2.6313e+04 2.6335e+04 2.6433e+04 2.6474e+04 2.6480e+04 2.6568e+04
  2.6588e+04 2.6593e+04]
 [2.4695e+04 2.4779e+04 2.4863e+04 2.4884e+04 2.4919e+04 2.4973e+04
  2.5071e+04 2.5166e+04 2.5220e+04 2.5283e+04 2.5342e+04 2.5416e+04
  2.5506e+04 2.5574e+04 2.5672e+04 2.5711e+04 2.5794e+04 2.5799e+04
  2.5818e+04 2.5892e+04]
 [2.2972e+04 2.3670e+04 2.3711e+04 2.3742e+04 2.3752e+04 2.3851e+04
  2.3945e+04 2.3954e+04 2.4023e+04 2.4078e+04 2.4170e+04 2.4187e+04
  2.4276e+04 2.4349e+04 2.4359e+04 2.4457e+04 2.4495e+04 2.4508e+04
  2.4560e+04 2.4608e+04]
 [2.1987e+04 2.2847e+04 2.2887e+04 2.2905e+04 2.2946e+04 2.2972e+04
  2.3037e+04 2.3044e+04 2.3100e+04 2.3132e+04 2.3169e+04 2.3201e+04
  2.3249e+04 2.3326e+04 2.3352e+04 2.3443e+04 2.3448e+04 2.3481e+04
  2.3555e+04 2.3645e+04]
 [2.1931e+04 2.1932e+04 2.1987e+04 2.2067e+04 2.2094e+04 2.2152e+04
  2.2244e+04 2.2262e+04 2.2353e+04 2.2376e+04 2.2472e+04 2.2558e+04
  2.2598e+04 2.2615e+04 2.2654e+04 2.2703e+04 2.2734e+04 2.2794e+04
  2.2847e+04 2.2921e+04]
 [1.9988e+04 2.1098e+04 2.1117e+04 2.1206e+04 2.1296e+04 2.1323e+04
  2.1407e+04 2.1480e+04 2.1510e+04 2.1561e+04 2.1594e+04 2.1678e+04
  2.1699e+04 2.1737e+04 2.1766e+04 2.1800e+04 2.1812e+04 2.1869e+04
  2.1915e+04 2.1924e+04]
 [1.9884e+04 1.9949e+04 1.9988e+04 2.0003e+04 2.0318e+04 2.0552e+04
  2.0558e+04 2.0657e+04 2.0740e+04 2.0805e+04 2.0889e+04 2.0974e+04
  2.1064e+04 2.1087e+04 2.1132e+04 2.1206e+04 2.1294e+04 2.1320e+04
  2.1617e+04 2.1738e+04]
 [1.8650e+04 1.9598e+04 1.9658e+04 1.9706e+04 1.9740e+04 1.9758e+04
  1.9772e+04 1.9843e+04 1.9884e+04 1.9960e+04 2.0017e+04 2.0089e+04
  2.0112e+04 2.0193e+04 2.0243e+04 2.0303e+04 2.0318e+04 2.0351e+04
  2.0405e+04 2.0472e+04]
 [1.8450e+04 1.8475e+04 1.8494e+04 1.8582e+04 1.8650e+04 1.8690e+04
  1.8906e+04 1.8972e+04 1.9001e+04 1.9088e+04 1.9145e+04 1.9222e+04
  1.9245e+04 1.9336e+04 1.9370e+04 1.9466e+04 1.9488e+04 1.9572e+04
  1.9598e+04 1.9664e+04]
 [1.7501e+04 1.8074e+04 1.8097e+04 1.8131e+04 1.8162e+04 1.8238e+04
  1.8281e+04 1.8332e+04 1.8367e+04 1.8409e+04 1.8465e+04 1.8494e+04
  1.8573e+04 1.8595e+04 1.8661e+04 1.8729e+04 1.8761e+04 1.8782e+04
  1.8864e+04 1.8906e+04]
 [1.6745e+04 1.7110e+04 1.7262e+04 1.7310e+04 1.7323e+04 1.7416e+04
  1.7484e+04 1.7501e+04 1.7552e+04 1.7601e+04 1.7677e+04 1.7717e+04
  1.7805e+04 1.7890e+04 1.7933e+04 1.7989e+04 1.8020e+04 1.8097e+04
  1.8185e+04 1.8238e+04]
 [1.6539e+04 1.6556e+04 1.6709e+04 1.6745e+04 1.6746e+04 1.6800e+04
  1.6820e+04 1.6915e+04 1.6935e+04 1.6992e+04 1.7034e+04 1.7037e+04
  1.7092e+04 1.7110e+04 1.7149e+04 1.7234e+04 1.7262e+04 1.7283e+04
  1.7332e+04 1.7339e+04]
 [1.5699e+04 1.5788e+04 1.5885e+04 1.5951e+04 1.5968e+04 1.5970e+04
  1.6002e+04 1.6096e+04 1.6167e+04 1.6254e+04 1.6299e+04 1.6344e+04
  1.6365e+04 1.6456e+04 1.6486e+04 1.6519e+04 1.6539e+04 1.6636e+04
  1.6670e+04 1.6685e+04]
 [1.3674e+04 1.4910e+04 1.4999e+04 1.5077e+04 1.5098e+04 1.5156e+04
  1.5234e+04 1.5259e+04 1.5310e+04 1.5317e+04 1.5318e+04 1.5379e+04
  1.5471e+04 1.5484e+04 1.5557e+04 1.5592e+04 1.5638e+04 1.5699e+04
  1.5897e+04 1.5965e+04]
 [1.3597e+04 1.4107e+04 1.4186e+04 1.4247e+04 1.4299e+04 1.4373e+04
  1.4404e+04 1.4475e+04 1.4573e+04 1.4577e+04 1.4639e+04 1.4683e+04
  1.4721e+04 1.4746e+04 1.4775e+04 1.4815e+04 1.4845e+04 1.4910e+04
  1.5260e+04 1.5317e+04]
 [1.3143e+04 1.3193e+04 1.3288e+04 1.3321e+04 1.3355e+04 1.3404e+04
  1.3429e+04 1.3451e+04 1.3538e+04 1.3584e+04 1.3597e+04 1.3693e+04
  1.3791e+04 1.3834e+04 1.3914e+04 1.3984e+04 1.3991e+04 1.4088e+04
  1.4107e+04 1.4798e+04]
 [1.1997e+04 1.2080e+04 1.2173e+04 1.2263e+04 1.2359e+04 1.2434e+04
  1.2475e+04 1.2543e+04 1.2586e+04 1.2663e+04 1.2695e+04 1.2770e+04
  1.2771e+04 1.2799e+04 1.2810e+04 1.2900e+04 1.2905e+04 1.2909e+04
  1.2972e+04 1.3051e+04]
 [1.0893e+04 1.0954e+04 1.1019e+04 1.1067e+04 1.1069e+04 1.1167e+04
  1.1268e+04 1.1272e+04 1.1322e+04 1.1388e+04 1.1485e+04 1.1511e+04
  1.1596e+04 1.1667e+04 1.1719e+04 1.1751e+04 1.1849e+04 1.1909e+04
  1.1997e+04 1.2857e+04]
 [1.0308e+04 1.0405e+04 1.0447e+04 1.0524e+04 1.0528e+04 1.0608e+04
  1.0703e+04 1.0733e+04 1.0783e+04 1.0815e+04 1.0859e+04 1.0952e+04
  1.0954e+04 1.0959e+04 1.1027e+04 1.1105e+04 1.1126e+04 1.1196e+04
  1.1214e+04 1.1263e+04]
 [9.7040e+03 9.7900e+03 9.8080e+03 9.8790e+03 9.8980e+03 9.9640e+03
  1.0036e+04 1.0048e+04 1.0112e+04 1.0190e+04 1.0227e+04 1.0296e+04
  1.0309e+04 1.0387e+04 1.0447e+04 1.0518e+04 1.0581e+04 1.0658e+04
  1.0699e+04 1.0783e+04]
 [8.9440e+03 8.9610e+03 9.0410e+03 9.1370e+03 9.1810e+03 9.1830e+03
  9.2750e+03 9.3070e+03 9.3640e+03 9.4380e+03 9.4700e+03 9.5180e+03
  9.5790e+03 9.6260e+03 9.7040e+03 9.7850e+03 9.8710e+03 9.9000e+03
  9.9640e+03 1.0012e+04]
 [7.9220e+03 7.9300e+03 8.0090e+03 8.0800e+03 8.1670e+03 8.1680e+03
  8.2290e+03 8.3110e+03 8.3180e+03 8.3710e+03 8.4410e+03 8.4950e+03
  8.5570e+03 8.6320e+03 8.6450e+03 8.6980e+03 8.7510e+03 8.8290e+03
  8.9260e+03 9.3250e+03]
 [6.9930e+03 7.0630e+03 7.1180e+03 7.2100e+03 7.2690e+03 7.3310e+03
  7.3470e+03 7.3510e+03 7.3800e+03 7.3980e+03 7.4180e+03 7.4740e+03
  7.5560e+03 7.5890e+03 7.6660e+03 7.7300e+03 7.7550e+03 7.8300e+03
  7.8760e+03 8.6960e+03]
 [6.3300e+03 6.4010e+03 6.4700e+03 6.4790e+03 6.5710e+03 6.6400e+03
  6.7310e+03 6.7940e+03 6.7970e+03 6.8930e+03 6.9020e+03 6.9500e+03
  6.9790e+03 6.9930e+03 7.0080e+03 7.0190e+03 7.0210e+03 7.0640e+03
  7.1160e+03 7.1700e+03]
 [5.3270e+03 5.3990e+03 5.4640e+03 5.4820e+03 5.7060e+03 5.7610e+03
  5.8060e+03 5.8400e+03 5.9070e+03 5.9660e+03 5.9710e+03 6.0090e+03
  6.1080e+03 6.1990e+03 6.2140e+03 6.2560e+03 6.3300e+03 6.3540e+03
  6.3770e+03 6.3870e+03]
 [4.6960e+03 4.6990e+03 4.7160e+03 4.7940e+03 4.8660e+03 4.9570e+03
  5.0490e+03 5.0840e+03 5.1460e+03 5.2320e+03 5.2370e+03 5.2920e+03
  5.3690e+03 5.4640e+03 5.5130e+03 5.5190e+03 5.5770e+03 5.5930e+03
  5.6710e+03 5.7330e+03]
 [3.9600e+03 3.9980e+03 4.0490e+03 4.0770e+03 4.1530e+03 4.1910e+03
  4.2870e+03 4.3780e+03 4.4100e+03 4.5000e+03 4.5730e+03 4.6290e+03
  4.6960e+03 4.7000e+03 4.7550e+03 4.8320e+03 4.8520e+03 4.8950e+03
  4.9570e+03 5.4150e+03]
 [2.9410e+03 2.9780e+03 3.0490e+03 3.1290e+03 3.1620e+03 3.2570e+03
  3.2980e+03 3.3130e+03 3.3800e+03 3.3900e+03 3.4840e+03 3.5470e+03
  3.6440e+03 3.7000e+03 3.7420e+03 3.7770e+03 3.8400e+03 3.8560e+03
  3.9480e+03 3.9610e+03]
 [1.9040e+03 2.1660e+03 2.2070e+03 2.2890e+03 2.3360e+03 2.3850e+03
  2.4370e+03 2.5010e+03 2.5260e+03 2.5380e+03 2.5940e+03 2.6410e+03
  2.6830e+03 2.7600e+03 2.8490e+03 2.9410e+03 2.9820e+03 3.0660e+03
  3.0890e+03 3.2070e+03]
 [1.3470e+03 1.4460e+03 1.4980e+03 1.5280e+03 1.5550e+03 1.6410e+03
  1.6700e+03 1.7500e+03 1.8280e+03 1.9040e+03 1.9170e+03 1.9290e+03
  1.9520e+03 2.0180e+03 2.0480e+03 2.1140e+03 2.3380e+03 2.4050e+03
  2.4470e+03 2.7650e+03]
 [5.1200e+02 6.0600e+02 7.3300e+02 8.6500e+02 8.9400e+02 9.8100e+02
  9.9900e+02 1.0810e+03 1.1560e+03 1.1880e+03 1.2330e+03 1.2520e+03
  1.2750e+03 1.3440e+03 1.3450e+03 1.4370e+03 1.4460e+03 1.9730e+03
  2.0100e+03 2.3270e+03]
 [0.0000e+00 7.9000e+01 1.1800e+02 1.6400e+02 2.5900e+02 2.6300e+02
  3.1800e+02 3.9800e+02 4.7700e+02 5.1200e+02 5.2300e+02 5.2700e+02
  5.5100e+02 6.1400e+02 6.2800e+02 6.6200e+02 6.7600e+02 7.3300e+02
  7.9100e+02 8.0500e+02]]
