optimal_status: 0
solution: 30169.99999698259
cpu_time: 3603.770828962326
gap: 0.9423389935804534
upper_bound: 1739.6325635037344
lower_bound: 30169.99999698259
cg_matrix: [[0. 0. 0. 0. 0. 1. 1. 0. 1. 0. 0. 1. 1. 1. 0. 1. 1. 0. 0. 0. 0. 0. 0. 0.
  0. 1. 1. 0. 1. 1. 1. 0. 1. 1. 0. 0. 0. 0. 1. 0. 0. 0. 0. 1. 0. 0. 0. 1.
  0. 1.]
 [0. 0. 0. 1. 0. 0. 0. 1. 1. 1. 0. 1. 1. 0. 1. 0. 1. 1. 0. 1. 0. 1. 1. 1.
  0. 0. 1. 0. 0. 1. 0. 0. 0. 1. 0. 1. 1. 0. 0. 0. 0. 1. 1. 0. 1. 1. 1. 1.
  1. 0.]
 [0. 0. 0. 0. 1. 0. 0. 1. 0. 0. 1. 0. 0. 1. 1. 1. 0. 0. 1. 0. 1. 0. 0. 1.
  0. 1. 1. 0. 1. 0. 0. 1. 0. 1. 1. 0. 1. 0. 1. 1. 0. 0. 1. 0. 1. 0. 0. 0.
  0. 1.]
 [0. 1. 0. 0. 0. 1. 1. 0. 1. 0. 0. 0. 0. 1. 0. 1. 1. 1. 1. 1. 1. 0. 1. 0.
  0. 1. 1. 0. 0. 0. 0. 0. 1. 0. 1. 0. 0. 1. 1. 1. 0. 0. 0. 1. 0. 0. 0. 1.
  0. 1.]
 [0. 0. 1. 0. 0. 1. 0. 0. 0. 0. 0. 1. 1. 1. 0. 0. 1. 1. 1. 1. 1. 0. 0. 1.
  1. 0. 1. 0. 1. 1. 0. 0. 0. 1. 0. 0. 1. 1. 0. 1. 1. 1. 0. 1. 1. 1. 1. 1.
  1. 0.]
 [1. 0. 0. 1. 1. 0. 1. 1. 0. 1. 1. 1. 0. 1. 0. 0. 1. 1. 1. 0. 0. 0. 0. 1.
  1. 1. 0. 0. 1. 1. 0. 1. 0. 1. 1. 1. 0. 1. 1. 1. 1. 1. 1. 0. 0. 0. 1. 0.
  1. 0.]
 [1. 0. 0. 1. 0. 1. 0. 0. 1. 1. 1. 1. 0. 0. 1. 0. 1. 1. 1. 1. 1. 0. 1. 0.
  1. 1. 0. 0. 0. 1. 1. 1. 1. 1. 0. 0. 0. 0. 1. 1. 0. 1. 1. 1. 0. 0. 1. 0.
  0. 0.]
 [0. 1. 1. 0. 0. 1. 0. 0. 1. 1. 1. 1. 1. 1. 1. 0. 0. 1. 1. 1. 1. 1. 0. 0.
  1. 1. 1. 0. 1. 1. 0. 0. 0. 1. 0. 0. 1. 1. 0. 0. 1. 1. 0. 0. 1. 0. 1. 1.
  0. 0.]
 [1. 1. 0. 1. 0. 0. 1. 1. 0. 1. 1. 1. 1. 0. 1. 0. 0. 1. 0. 0. 1. 1. 1. 1.
  0. 0. 1. 0. 1. 0. 0. 0. 1. 0. 0. 0. 1. 1. 0. 1. 1. 1. 0. 1. 0. 1. 0. 0.
  1. 1.]
 [0. 1. 0. 0. 0. 1. 1. 1. 1. 0. 0. 0. 0. 1. 0. 0. 0. 0. 1. 0. 0. 0. 1. 1.
  0. 1. 0. 0. 0. 1. 1. 1. 0. 1. 1. 1. 1. 1. 0. 1. 0. 1. 1. 0. 1. 1. 1. 0.
  1. 1.]
 [0. 0. 1. 0. 0. 1. 1. 1. 1. 0. 0. 0. 1. 0. 0. 0. 0. 0. 1. 1. 0. 0. 1. 0.
  1. 1. 0. 1. 1. 1. 1. 1. 0. 1. 0. 1. 1. 1. 1. 1. 1. 0. 0. 0. 0. 1. 1. 1.
  0. 1.]
 [1. 1. 0. 0. 1. 1. 1. 1. 1. 0. 0. 0. 0. 0. 1. 0. 1. 1. 1. 0. 0. 0. 0. 1.
  0. 1. 0. 1. 0. 1. 1. 0. 0. 0. 0. 1. 1. 1. 0. 0. 0. 1. 0. 1. 0. 1. 0. 0.
  0. 1.]
 [1. 1. 0. 0. 1. 0. 0. 1. 1. 0. 1. 0. 0. 1. 0. 0. 0. 1. 0. 0. 1. 1. 0. 1.
  1. 1. 1. 0. 1. 1. 0. 1. 1. 0. 0. 1. 0. 1. 0. 0. 0. 1. 1. 1. 0. 0. 0. 1.
  0. 1.]
 [1. 0. 1. 1. 1. 1. 0. 1. 0. 1. 0. 0. 1. 0. 0. 1. 0. 1. 0. 1. 1. 0. 1. 0.
  0. 0. 0. 1. 0. 0. 1. 0. 0. 0. 1. 0. 1. 0. 0. 1. 1. 0. 0. 0. 0. 0. 0. 0.
  1. 0.]
 [0. 1. 1. 0. 0. 0. 1. 1. 1. 0. 0. 1. 0. 0. 0. 1. 0. 1. 1. 0. 0. 1. 1. 0.
  1. 1. 1. 0. 1. 1. 1. 1. 1. 0. 0. 1. 1. 0. 1. 1. 1. 1. 0. 1. 0. 0. 0. 0.
  1. 0.]
 [1. 0. 1. 1. 0. 0. 0. 0. 0. 0. 0. 0. 0. 1. 1. 0. 1. 1. 1. 1. 0. 1. 1. 0.
  0. 0. 1. 0. 1. 0. 0. 0. 0. 0. 0. 1. 1. 0. 1. 0. 1. 1. 1. 1. 0. 0. 1. 1.
  0. 1.]
 [1. 1. 0. 1. 1. 1. 1. 0. 0. 0. 0. 1. 0. 0. 0. 1. 0. 0. 1. 1. 1. 0. 1. 0.
  1. 1. 1. 1. 0. 1. 0. 0. 0. 0. 0. 1. 1. 1. 1. 0. 1. 0. 0. 0. 1. 0. 1. 0.
  1. 1.]
 [0. 1. 0. 1. 1. 1. 1. 1. 1. 0. 0. 1. 1. 1. 1. 1. 0. 0. 0. 0. 1. 0. 0. 1.
  1. 0. 1. 1. 0. 1. 1. 1. 1. 1. 1. 0. 0. 0. 1. 0. 1. 1. 0. 1. 0. 1. 1. 0.
  0. 0.]
 [0. 0. 1. 1. 1. 1. 1. 1. 0. 1. 1. 1. 0. 0. 1. 1. 1. 0. 0. 1. 0. 0. 0. 0.
  0. 1. 0. 1. 1. 1. 1. 0. 0. 1. 1. 0. 1. 1. 0. 1. 1. 0. 0. 0. 1. 1. 1. 1.
  1. 0.]
 [0. 1. 0. 1. 1. 0. 1. 1. 0. 0. 1. 0. 0. 1. 0. 1. 1. 0. 1. 0. 1. 1. 1. 0.
  0. 1. 1. 1. 1. 0. 0. 1. 0. 0. 1. 1. 1. 1. 1. 0. 1. 1. 1. 0. 1. 0. 1. 0.
  0. 0.]
 [0. 0. 1. 1. 1. 0. 1. 1. 1. 0. 0. 0. 1. 1. 0. 0. 1. 1. 0. 1. 0. 0. 0. 0.
  0. 0. 0. 0. 0. 0. 0. 0. 0. 0. 0. 0. 0. 0. 0. 0. 0. 0. 0. 0. 0. 0. 0. 0.
  0. 0.]
 [0. 1. 0. 0. 0. 0. 0. 1. 1. 0. 0. 0. 1. 0. 1. 1. 0. 0. 0. 1. 0. 0. 0. 0.
  0. 0. 0. 0. 0. 0. 0. 0. 0. 0. 0. 0. 0. 0. 0. 0. 0. 0. 0. 0. 0. 0. 0. 0.
  0. 0.]
 [0. 1. 0. 1. 0. 0. 1. 0. 1. 1. 1. 0. 0. 1. 1. 1. 1. 0. 0. 1. 0. 0. 0. 0.
  0. 0. 0. 0. 0. 0. 0. 0. 0. 0. 0. 0. 0. 0. 0. 0. 0. 0. 0. 0. 0. 0. 0. 0.
  0. 0.]
 [0. 1. 1. 0. 1. 1. 0. 0. 1. 1. 0. 1. 1. 0. 0. 0. 0. 1. 0. 0. 0. 0. 0. 0.
  0. 0. 0. 0. 0. 0. 0. 0. 0. 0. 0. 0. 0. 0. 0. 0. 0. 0. 0. 0. 0. 0. 0. 0.
  0. 0.]
 [0. 0. 0. 0. 1. 1. 1. 1. 0. 0. 1. 0. 1. 0. 1. 0. 1. 1. 0. 0. 0. 0. 0. 0.
  0. 0. 0. 0. 0. 0. 0. 0. 0. 0. 0. 0. 0. 0. 0. 0. 0. 0. 0. 0. 0. 0. 0. 0.
  0. 0.]
 [1. 0. 1. 1. 0. 1. 1. 1. 0. 1. 1. 1. 1. 0. 1. 0. 1. 0. 1. 1. 0. 0. 0. 0.
  0. 0. 0. 0. 0. 0. 0. 0. 0. 0. 0. 0. 0. 0. 0. 0. 0. 0. 0. 0. 0. 0. 0. 0.
  0. 0.]
 [1. 1. 1. 1. 1. 0. 0. 1. 1. 0. 0. 0. 1. 0. 1. 1. 1. 1. 0. 1. 0. 0. 0. 0.
  0. 0. 0. 0. 0. 0. 0. 0. 0. 0. 0. 0. 0. 0. 0. 0. 0. 0. 0. 0. 0. 0. 0. 0.
  0. 0.]
 [0. 0. 0. 0. 0. 0. 0. 0. 0. 0. 1. 1. 0. 1. 0. 0. 1. 1. 1. 1. 0. 0. 0. 0.
  0. 0. 0. 0. 0. 0. 0. 0. 0. 0. 0. 0. 0. 0. 0. 0. 0. 0. 0. 0. 0. 0. 0. 0.
  0. 0.]
 [1. 0. 1. 0. 1. 1. 0. 1. 1. 0. 1. 0. 1. 0. 1. 1. 0. 0. 1. 1. 0. 0. 0. 0.
  0. 0. 0. 0. 0. 0. 0. 0. 0. 0. 0. 0. 0. 0. 0. 0. 0. 0. 0. 0. 0. 0. 0. 0.
  0. 0.]
 [1. 1. 0. 0. 1. 1. 1. 1. 0. 1. 1. 1. 1. 0. 1. 0. 1. 1. 1. 0. 0. 0. 0. 0.
  0. 0. 0. 0. 0. 0. 0. 0. 0. 0. 0. 0. 0. 0. 0. 0. 0. 0. 0. 0. 0. 0. 0. 0.
  0. 0.]
 [1. 0. 0. 0. 0. 0. 1. 0. 0. 1. 1. 1. 0. 1. 1. 0. 0. 1. 1. 0. 0. 0. 0. 0.
  0. 0. 0. 0. 0. 0. 0. 0. 0. 0. 0. 0. 0. 0. 0. 0. 0. 0. 0. 0. 0. 0. 0. 0.
  0. 0.]
 [0. 0. 1. 0. 0. 1. 1. 0. 0. 1. 1. 0. 1. 0. 1. 0. 0. 1. 0. 1. 0. 0. 0. 0.
  0. 0. 0. 0. 0. 0. 0. 0. 0. 0. 0. 0. 0. 0. 0. 0. 0. 0. 0. 0. 0. 0. 0. 0.
  0. 0.]
 [1. 0. 0. 1. 0. 0. 1. 0. 1. 0. 0. 0. 1. 0. 1. 0. 0. 1. 0. 0. 0. 0. 0. 0.
  0. 0. 0. 0. 0. 0. 0. 0. 0. 0. 0. 0. 0. 0. 0. 0. 0. 0. 0. 0. 0. 0. 0. 0.
  0. 0.]
 [1. 1. 1. 0. 1. 1. 1. 1. 0. 1. 1. 0. 0. 0. 0. 0. 0. 1. 1. 0. 0. 0. 0. 0.
  0. 0. 0. 0. 0. 0. 0. 0. 0. 0. 0. 0. 0. 0. 0. 0. 0. 0. 0. 0. 0. 0. 0. 0.
  0. 0.]
 [0. 0. 1. 1. 0. 1. 0. 0. 0. 1. 0. 0. 0. 1. 0. 0. 0. 1. 1. 1. 0. 0. 0. 0.
  0. 0. 0. 0. 0. 0. 0. 0. 0. 0. 0. 0. 0. 0. 0. 0. 0. 0. 0. 0. 0. 0. 0. 0.
  0. 0.]
 [0. 1. 0. 0. 0. 1. 0. 0. 0. 1. 1. 1. 1. 0. 1. 1. 1. 0. 0. 1. 0. 0. 0. 0.
  0. 0. 0. 0. 0. 0. 0. 0. 0. 0. 0. 0. 0. 0. 0. 0. 0. 0. 0. 0. 0. 0. 0. 0.
  0. 0.]
 [0. 1. 1. 0. 1. 0. 0. 1. 1. 1. 1. 1. 0. 1. 1. 1. 1. 0. 1. 1. 0. 0. 0. 0.
  0. 0. 0. 0. 0. 0. 0. 0. 0. 0. 0. 0. 0. 0. 0. 0. 0. 0. 0. 0. 0. 0. 0. 0.
  0. 0.]
 [0. 0. 0. 1. 1. 1. 0. 1. 1. 1. 1. 1. 1. 0. 0. 0. 1. 0. 1. 1. 0. 0. 0. 0.
  0. 0. 0. 0. 0. 0. 0. 0. 0. 0. 0. 0. 0. 0. 0. 0. 0. 0. 0. 0. 0. 0. 0. 0.
  0. 0.]
 [1. 0. 1. 1. 0. 1. 1. 0. 0. 0. 1. 0. 0. 0. 1. 1. 1. 1. 0. 1. 0. 0. 0. 0.
  0. 0. 0. 0. 0. 0. 0. 0. 0. 0. 0. 0. 0. 0. 0. 0. 0. 0. 0. 0. 0. 0. 0. 0.
  0. 0.]
 [0. 0. 1. 1. 1. 1. 1. 0. 1. 1. 1. 0. 0. 1. 1. 0. 0. 0. 1. 0. 0. 0. 0. 0.
  0. 0. 0. 0. 0. 0. 0. 0. 0. 0. 0. 0. 0. 0. 0. 0. 0. 0. 0. 0. 0. 0. 0. 0.
  0. 0.]
 [0. 0. 0. 0. 1. 1. 0. 1. 1. 0. 1. 0. 0. 1. 1. 1. 1. 1. 1. 1. 0. 0. 0. 0.
  0. 0. 0. 0. 0. 0. 0. 0. 0. 0. 0. 0. 0. 0. 0. 0. 0. 0. 0. 0. 0. 0. 0. 0.
  0. 0.]
 [0. 1. 0. 0. 1. 1. 1. 1. 1. 1. 0. 1. 1. 0. 1. 1. 0. 1. 0. 1. 0. 0. 0. 0.
  0. 0. 0. 0. 0. 0. 0. 0. 0. 0. 0. 0. 0. 0. 0. 0. 0. 0. 0. 0. 0. 0. 0. 0.
  0. 0.]
 [0. 1. 1. 0. 0. 1. 1. 0. 0. 1. 0. 0. 1. 0. 0. 1. 0. 0. 0. 1. 0. 0. 0. 0.
  0. 0. 0. 0. 0. 0. 0. 0. 0. 0. 0. 0. 0. 0. 0. 0. 0. 0. 0. 0. 0. 0. 0. 0.
  0. 0.]
 [1. 0. 0. 1. 1. 0. 1. 0. 1. 0. 0. 1. 1. 0. 1. 1. 0. 1. 0. 0. 0. 0. 0. 0.
  0. 0. 0. 0. 0. 0. 0. 0. 0. 0. 0. 0. 0. 0. 0. 0. 0. 0. 0. 0. 0. 0. 0. 0.
  0. 0.]
 [0. 1. 1. 0. 1. 0. 0. 1. 0. 1. 0. 0. 0. 0. 0. 0. 1. 0. 1. 1. 0. 0. 0. 0.
  0. 0. 0. 0. 0. 0. 0. 0. 0. 0. 0. 0. 0. 0. 0. 0. 0. 0. 0. 0. 0. 0. 0. 0.
  0. 0.]
 [0. 1. 0. 0. 1. 0. 0. 0. 1. 1. 1. 1. 0. 0. 0. 0. 0. 1. 1. 0. 0. 0. 0. 0.
  0. 0. 0. 0. 0. 0. 0. 0. 0. 0. 0. 0. 0. 0. 0. 0. 0. 0. 0. 0. 0. 0. 0. 0.
  0. 0.]
 [0. 1. 0. 0. 1. 1. 1. 1. 0. 1. 1. 0. 0. 0. 0. 1. 1. 1. 1. 1. 0. 0. 0. 0.
  0. 0. 0. 0. 0. 0. 0. 0. 0. 0. 0. 0. 0. 0. 0. 0. 0. 0. 0. 0. 0. 0. 0. 0.
  0. 0.]
 [1. 1. 0. 1. 1. 0. 0. 1. 0. 0. 1. 0. 1. 0. 0. 1. 0. 0. 1. 0. 0. 0. 0. 0.
  0. 0. 0. 0. 0. 0. 0. 0. 0. 0. 0. 0. 0. 0. 0. 0. 0. 0. 0. 0. 0. 0. 0. 0.
  0. 0.]
 [0. 1. 0. 0. 1. 1. 0. 0. 1. 1. 0. 0. 0. 1. 1. 0. 1. 0. 1. 0. 0. 0. 0. 0.
  0. 0. 0. 0. 0. 0. 0. 0. 0. 0. 0. 0. 0. 0. 0. 0. 0. 0. 0. 0. 0. 0. 0. 0.
  0. 0.]
 [1. 0. 1. 1. 0. 0. 0. 0. 1. 1. 1. 1. 1. 0. 0. 1. 1. 0. 0. 0. 0. 0. 0. 0.
  0. 0. 0. 0. 0. 0. 0. 0. 0. 0. 0. 0. 0. 0. 0. 0. 0. 0. 0. 0. 0. 0. 0. 0.
  0. 0.]]
start_times_array: [[2.8009e+04 2.8057e+04 2.9025e+04 2.9079e+04 2.9150e+04 2.9315e+04
  2.9385e+04 2.9426e+04 2.9502e+04 2.9554e+04 2.9578e+04 2.9583e+04
  2.9626e+04 2.9694e+04 2.9704e+04 2.9753e+04 2.9762e+04 3.0030e+04
  3.0060e+04 3.0153e+04]
 [4.7100e+02 2.9230e+04 2.9248e+04 2.9302e+04 2.9344e+04 2.9429e+04
  2.9500e+04 2.9568e+04 2.9650e+04 2.9704e+04 2.9753e+04 2.9774e+04
  2.9775e+04 2.9833e+04 2.9834e+04 2.9903e+04 2.9961e+04 3.0001e+04
  3.0075e+04 3.0141e+04]
 [1.9910e+03 2.8712e+04 2.8746e+04 2.8823e+04 2.8865e+04 2.8960e+04
  2.8962e+04 2.9033e+04 2.9106e+04 2.9125e+04 2.9150e+04 2.9195e+04
  2.9301e+04 2.9320e+04 2.9360e+04 2.9402e+04 2.9419e+04 2.9500e+04
  2.9597e+04 2.9667e+04]
 [2.4710e+03 2.8336e+04 2.8377e+04 2.8495e+04 2.8592e+04 2.8618e+04
  2.8622e+04 2.8647e+04 2.8659e+04 2.8679e+04 2.8755e+04 2.8761e+04
  2.8840e+04 2.8901e+04 2.8962e+04 2.8963e+04 2.8990e+04 2.9034e+04
  2.9109e+04 2.9110e+04]
 [2.7725e+04 2.7747e+04 2.7846e+04 2.7853e+04 2.7860e+04 2.7932e+04
  2.7956e+04 2.7975e+04 2.8056e+04 2.8079e+04 2.8151e+04 2.8201e+04
  2.8296e+04 2.8327e+04 2.8394e+04 2.8461e+04 2.8483e+04 2.8495e+04
  2.8523e+04 2.8591e+04]
 [2.6568e+04 2.6754e+04 2.6805e+04 2.6849e+04 2.6887e+04 2.6951e+04
  2.6962e+04 2.7024e+04 2.7044e+04 2.7098e+04 2.7113e+04 2.7196e+04
  2.7275e+04 2.7330e+04 2.7378e+04 2.7416e+04 2.7453e+04 2.7495e+04
  2.7576e+04 2.7665e+04]
 [2.7330e+03 2.5760e+04 2.5803e+04 2.5860e+04 2.5987e+04 2.6076e+04
  2.6087e+04 2.6128e+04 2.6191e+04 2.6262e+04 2.6264e+04 2.6281e+04
  2.6377e+04 2.6397e+04 2.6453e+04 2.6499e+04 2.6535e+04 2.6620e+04
  2.6676e+04 2.6689e+04]
 [2.2900e+02 2.5627e+04 2.5638e+04 2.5701e+04 2.5760e+04 2.5829e+04
  2.5868e+04 2.5912e+04 2.5973e+04 2.6040e+04 2.6112e+04 2.6186e+04
  2.6245e+04 2.6261e+04 2.6287e+04 2.6377e+04 2.6443e+04 2.6499e+04
  2.6620e+04 2.6715e+04]
 [1.5650e+03 2.4490e+04 2.4492e+04 2.4651e+04 2.4741e+04 2.4786e+04
  2.4874e+04 2.4964e+04 2.5058e+04 2.5092e+04 2.5093e+04 2.5174e+04
  2.5238e+04 2.5308e+04 2.5363e+04 2.5370e+04 2.5403e+04 2.5469e+04
  2.5504e+04 2.5566e+04]
 [3.3560e+03 1.4904e+04 2.3566e+04 2.3627e+04 2.3645e+04 2.3722e+04
  2.3742e+04 2.3784e+04 2.3843e+04 2.3922e+04 2.3934e+04 2.3990e+04
  2.4004e+04 2.4025e+04 2.4068e+04 2.4157e+04 2.4188e+04 2.4259e+04
  2.4351e+04 2.4398e+04]
 [2.3235e+04 2.3296e+04 2.3380e+04 2.3383e+04 2.3456e+04 2.3491e+04
  2.3527e+04 2.3606e+04 2.3694e+04 2.3748e+04 2.3844e+04 2.3866e+04
  2.3936e+04 2.3946e+04 2.3950e+04 2.4026e+04 2.4066e+04 2.4151e+04
  2.4235e+04 2.4328e+04]
 [1.8140e+03 2.2247e+04 2.2371e+04 2.2445e+04 2.2542e+04 2.2733e+04
  2.2766e+04 2.2862e+04 2.2867e+04 2.2961e+04 2.2992e+04 2.2993e+04
  2.3091e+04 2.3130e+04 2.3195e+04 2.3267e+04 2.3287e+04 2.3343e+04
  2.3406e+04 2.3439e+04]
 [2.2141e+04 2.2182e+04 2.2247e+04 2.2281e+04 2.2352e+04 2.2371e+04
  2.2420e+04 2.2507e+04 2.2568e+04 2.2647e+04 2.2708e+04 2.2737e+04
  2.2759e+04 2.2833e+04 2.2901e+04 2.2961e+04 2.2984e+04 2.3066e+04
  2.3099e+04 2.3193e+04]
 [1.2830e+03 2.0862e+04 2.0902e+04 2.0977e+04 2.1153e+04 2.1159e+04
  2.1252e+04 2.1335e+04 2.1430e+04 2.1474e+04 2.1565e+04 2.1644e+04
  2.1683e+04 2.1751e+04 2.1830e+04 2.1831e+04 2.1851e+04 2.1947e+04
  2.2009e+04 2.2071e+04]
 [3.0200e+02 3.5000e+02 1.2830e+03 2.0628e+04 2.0635e+04 2.0719e+04
  2.0779e+04 2.0840e+04 2.0913e+04 2.0977e+04 2.1050e+04 2.1126e+04
  2.1201e+04 2.1204e+04 2.1252e+04 2.1326e+04 2.1516e+04 2.1555e+04
  2.1644e+04 2.2015e+04]
 [1.9389e+04 1.9479e+04 1.9562e+04 1.9592e+04 1.9595e+04 1.9626e+04
  1.9719e+04 1.9805e+04 1.9854e+04 1.9888e+04 1.9979e+04 2.0035e+04
  2.0115e+04 2.0148e+04 2.0225e+04 2.0260e+04 2.0323e+04 2.0395e+04
  2.0441e+04 2.0463e+04]
 [1.7969e+04 1.7990e+04 1.8036e+04 1.8178e+04 1.8232e+04 1.8254e+04
  1.8486e+04 1.8506e+04 1.8631e+04 1.8708e+04 1.8805e+04 1.8833e+04
  1.8887e+04 1.8968e+04 1.9063e+04 1.9144e+04 1.9216e+04 1.9296e+04
  1.9371e+04 1.9398e+04]
 [1.5845e+04 1.7898e+04 1.7928e+04 1.7966e+04 1.8036e+04 1.8058e+04
  1.8073e+04 1.8139e+04 1.8165e+04 1.8220e+04 1.8254e+04 1.8267e+04
  1.8332e+04 1.8419e+04 1.8457e+04 1.8542e+04 1.8706e+04 1.8824e+04
  1.8846e+04 1.9278e+04]
 [4.9290e+03 1.6830e+04 1.6925e+04 1.6943e+04 1.7037e+04 1.7110e+04
  1.7161e+04 1.7196e+04 1.7253e+04 1.7291e+04 1.7356e+04 1.7425e+04
  1.7485e+04 1.7575e+04 1.7643e+04 1.7675e+04 1.7715e+04 1.7726e+04
  1.7801e+04 1.7898e+04]
 [1.5845e+04 1.5913e+04 1.5950e+04 1.5989e+04 1.6002e+04 1.6078e+04
  1.6155e+04 1.6161e+04 1.6167e+04 1.6220e+04 1.6261e+04 1.6333e+04
  1.6404e+04 1.6450e+04 1.6474e+04 1.6520e+04 1.6570e+04 1.6582e+04
  1.6684e+04 1.6776e+04]
 [1.4296e+04 1.4389e+04 1.4484e+04 1.4492e+04 1.4519e+04 1.4572e+04
  1.4647e+04 1.4650e+04 1.4692e+04 1.4697e+04 1.4721e+04 1.4794e+04
  1.5413e+04 1.5470e+04 1.5490e+04 1.5589e+04 1.5628e+04 1.5702e+04
  1.5777e+04 1.5821e+04]
 [1.3890e+04 1.4095e+04 1.4309e+04 1.4375e+04 1.4471e+04 1.4482e+04
  1.4967e+04 1.4987e+04 1.4992e+04 1.5064e+04 1.5102e+04 1.5181e+04
  1.5191e+04 1.5218e+04 1.5245e+04 1.5335e+04 1.5343e+04 1.5426e+04
  1.5715e+04 1.5776e+04]
 [1.2906e+04 1.3022e+04 1.3078e+04 1.3132e+04 1.3182e+04 1.3290e+04
  1.3340e+04 1.3355e+04 1.3391e+04 1.3411e+04 1.4622e+04 1.4673e+04
  1.4757e+04 1.4797e+04 1.4856e+04 1.4925e+04 1.4952e+04 1.5017e+04
  1.5061e+04 1.5101e+04]
 [1.5200e+02 2.1500e+02 2.9000e+02 3.3300e+02 3.5700e+02 3.6700e+02
  5.5700e+02 8.8200e+02 1.4031e+04 1.4038e+04 1.4109e+04 1.4186e+04
  1.4256e+04 1.4266e+04 1.4290e+04 1.4368e+04 1.4484e+04 1.4540e+04
  1.4582e+04 1.4647e+04]
 [1.9200e+02 5.2200e+02 7.2900e+02 1.3287e+04 1.3299e+04 1.3391e+04
  1.3477e+04 1.3540e+04 1.3628e+04 1.3656e+04 1.3713e+04 1.3771e+04
  1.3794e+04 1.3798e+04 1.3893e+04 1.3973e+04 1.3985e+04 1.4067e+04
  1.4120e+04 1.4256e+04]
 [1.7100e+02 4.6900e+02 5.2800e+02 1.2181e+04 1.2906e+04 1.2974e+04
  1.3024e+04 1.3062e+04 1.3159e+04 1.3231e+04 1.3325e+04 1.3384e+04
  1.3426e+04 1.3431e+04 1.3450e+04 1.3477e+04 1.3531e+04 1.3600e+04
  1.3602e+04 1.3658e+04]
 [1.6000e+02 1.6400e+02 1.8500e+02 6.5900e+02 1.2030e+03 1.2204e+04
  1.2299e+04 1.2566e+04 1.2625e+04 1.2718e+04 1.2723e+04 1.2784e+04
  1.2788e+04 1.2853e+04 1.3140e+04 1.3233e+04 1.3309e+04 1.3529e+04
  1.3628e+04 1.3658e+04]
 [5.2000e+01 4.4700e+02 5.2200e+02 6.0300e+02 6.4300e+02 7.0400e+02
  1.2172e+04 1.2250e+04 1.2274e+04 1.2293e+04 1.2470e+04 1.2566e+04
  1.2589e+04 1.2679e+04 1.2773e+04 1.2853e+04 1.2950e+04 1.2974e+04
  1.3018e+04 1.3072e+04]
 [1.0287e+04 1.0292e+04 1.0560e+04 1.0620e+04 1.1914e+04 1.1978e+04
  1.2014e+04 1.2092e+04 1.2124e+04 1.2128e+04 1.2146e+04 1.2172e+04
  1.2259e+04 1.2333e+04 1.2359e+04 1.2449e+04 1.2494e+04 1.2529e+04
  1.2583e+04 1.2610e+04]
 [1.3600e+02 5.5600e+02 6.9300e+02 8.8130e+03 8.8270e+03 1.0726e+04
  1.0812e+04 1.0853e+04 1.1780e+04 1.1830e+04 1.1904e+04 1.1925e+04
  1.1931e+04 1.1998e+04 1.2085e+04 1.2131e+04 1.2215e+04 1.2226e+04
  1.2315e+04 1.2404e+04]
 [0.0000e+00 5.0000e+01 2.1900e+02 2.9700e+02 1.1076e+04 1.1136e+04
  1.1165e+04 1.1182e+04 1.1211e+04 1.1309e+04 1.1370e+04 1.1457e+04
  1.1515e+04 1.1521e+04 1.1581e+04 1.1665e+04 1.1757e+04 1.1780e+04
  1.1805e+04 1.1828e+04]
 [0.0000e+00 7.5000e+01 1.6800e+02 4.3900e+02 4.8700e+02 9.9770e+03
  1.0029e+04 1.0127e+04 1.0135e+04 1.0190e+04 1.0287e+04 1.0342e+04
  1.0410e+04 1.0469e+04 1.0559e+04 1.0609e+04 1.0707e+04 1.0764e+04
  1.0807e+04 1.0879e+04]
 [6.1280e+03 6.5850e+03 7.3400e+03 8.1420e+03 8.3680e+03 8.5920e+03
  8.6220e+03 8.7010e+03 8.7730e+03 8.8500e+03 8.8970e+03 8.9520e+03
  9.0150e+03 9.0730e+03 9.1620e+03 9.2330e+03 9.3270e+03 9.4220e+03
  9.4350e+03 9.5320e+03]
 [6.8980e+03 6.9230e+03 7.2730e+03 7.3440e+03 7.4120e+03 7.4200e+03
  7.4920e+03 7.5490e+03 7.5880e+03 7.6710e+03 7.6880e+03 9.0420e+03
  9.0730e+03 9.1540e+03 9.1600e+03 9.2570e+03 9.3550e+03 9.4370e+03
  9.5320e+03 9.5840e+03]
 [9.3000e+01 1.3500e+02 2.1200e+02 2.8300e+02 4.6300e+02 5.4300e+02
  5.7400e+02 6.9400e+02 7.8400e+02 8.1270e+03 8.1420e+03 8.2180e+03
  8.2760e+03 8.3680e+03 8.4020e+03 8.4680e+03 8.4760e+03 8.5410e+03
  8.7760e+03 8.8600e+03]
 [7.4300e+02 9.4100e+02 6.9970e+03 7.0660e+03 7.1470e+03 7.2420e+03
  7.2580e+03 7.3030e+03 7.3550e+03 7.4030e+03 7.4380e+03 7.5100e+03
  7.5900e+03 7.6710e+03 7.6750e+03 7.6780e+03 7.6820e+03 7.7780e+03
  7.8310e+03 7.8450e+03]
 [5.0090e+03 5.0150e+03 5.0210e+03 5.0330e+03 5.1190e+03 5.1450e+03
  5.1970e+03 5.2670e+03 5.3600e+03 6.7360e+03 6.7670e+03 6.8560e+03
  6.9550e+03 7.0540e+03 7.1250e+03 7.1990e+03 7.2060e+03 7.3510e+03
  7.4370e+03 7.6370e+03]
 [6.4200e+02 5.3120e+03 5.3660e+03 5.4640e+03 5.8620e+03 6.0410e+03
  6.0900e+03 6.1350e+03 6.1930e+03 6.2370e+03 6.3020e+03 6.3740e+03
  6.6070e+03 6.6600e+03 6.7080e+03 6.7980e+03 6.8960e+03 6.9560e+03
  7.0270e+03 7.0540e+03]
 [9.1800e+02 4.9100e+03 4.9260e+03 4.9820e+03 5.0090e+03 5.2400e+03
  5.2970e+03 5.5610e+03 5.6480e+03 5.6920e+03 5.7390e+03 5.7680e+03
  5.8500e+03 5.9300e+03 5.9730e+03 6.0480e+03 6.0580e+03 6.1280e+03
  6.1660e+03 6.1940e+03]
 [1.8200e+02 2.1100e+02 5.5700e+02 6.4200e+02 6.9300e+02 5.0150e+03
  5.0490e+03 5.1220e+03 5.1340e+03 5.1480e+03 5.1990e+03 5.2000e+03
  5.2380e+03 5.3120e+03 5.4040e+03 5.4640e+03 5.5070e+03 5.5430e+03
  5.5660e+03 5.6480e+03]
 [4.9600e+02 4.2380e+03 4.3350e+03 4.3390e+03 4.4240e+03 4.4450e+03
  4.5000e+03 4.5340e+03 4.5960e+03 4.8410e+03 4.8520e+03 4.8860e+03
  4.9260e+03 5.0750e+03 5.1180e+03 5.1560e+03 5.2920e+03 5.3370e+03
  5.6450e+03 5.6480e+03]
 [6.2000e+01 1.1700e+02 1.2300e+02 1.6800e+02 5.5600e+02 4.2640e+03
  4.2930e+03 4.3900e+03 4.4810e+03 4.4940e+03 4.5020e+03 4.5520e+03
  4.5980e+03 4.6700e+03 4.7560e+03 4.7630e+03 4.8000e+03 4.8280e+03
  4.8410e+03 4.8680e+03]
 [4.2300e+02 4.6100e+02 3.5010e+03 3.5940e+03 3.6000e+03 3.6720e+03
  3.7100e+03 3.7830e+03 3.8710e+03 3.9150e+03 3.9810e+03 4.0600e+03
  4.1070e+03 4.1680e+03 4.1740e+03 4.2380e+03 4.2560e+03 4.2580e+03
  4.3810e+03 4.4720e+03]
 [0.0000e+00 2.1000e+01 2.4200e+03 2.5610e+03 2.6820e+03 2.8150e+03
  2.8570e+03 2.9090e+03 2.9460e+03 3.2090e+03 3.2270e+03 3.4310e+03
  3.5940e+03 3.6630e+03 3.6660e+03 3.6720e+03 3.6920e+03 3.7830e+03
  3.9150e+03 3.9720e+03]
 [4.0100e+02 4.1700e+02 2.5860e+03 2.6390e+03 2.6960e+03 2.7420e+03
  2.8260e+03 2.8270e+03 2.9030e+03 2.9290e+03 2.9360e+03 3.0050e+03
  3.0930e+03 3.1220e+03 3.1950e+03 3.2270e+03 3.2780e+03 3.2820e+03
  3.4910e+03 3.5660e+03]
 [1.5700e+02 1.9960e+03 2.0720e+03 2.1620e+03 2.1870e+03 2.2840e+03
  2.3520e+03 2.3660e+03 2.4200e+03 2.4490e+03 2.4630e+03 2.4710e+03
  2.4720e+03 2.5320e+03 2.5450e+03 2.5610e+03 2.6020e+03 2.6830e+03
  2.7180e+03 2.7360e+03]
 [4.6000e+01 1.0200e+02 1.0900e+02 1.4000e+02 1.2830e+03 1.3680e+03
  1.4030e+03 1.4850e+03 1.5480e+03 1.6320e+03 1.6860e+03 1.7380e+03
  1.8150e+03 1.8970e+03 1.9910e+03 2.0720e+03 2.1020e+03 2.1260e+03
  2.1820e+03 2.2050e+03]
 [0.0000e+00 3.3000e+01 8.3000e+01 1.4200e+02 2.7400e+02 3.4000e+02
  3.9100e+02 8.5200e+02 9.3600e+02 9.8300e+02 1.5870e+03 1.6140e+03
  1.6320e+03 1.6660e+03 1.7130e+03 1.7170e+03 1.7580e+03 1.8140e+03
  1.8560e+03 2.0060e+03]
 [0.0000e+00 3.1000e+01 1.1400e+02 1.2300e+02 1.5700e+02 2.1900e+02
  5.5700e+02 6.1800e+02 6.5900e+02 7.1700e+02 8.1300e+02 9.0000e+02
  9.1800e+02 9.7400e+02 9.7600e+02 1.0710e+03 1.0920e+03 1.1430e+03
  1.1560e+03 1.1870e+03]
 [0.0000e+00 6.2000e+01 1.5700e+02 1.6500e+02 1.6800e+02 1.9500e+02
  2.1400e+02 2.5000e+02 3.4700e+02 4.3400e+02 4.9600e+02 5.8200e+02
  6.0300e+02 6.4000e+02 6.5100e+02 6.6200e+02 7.2900e+02 1.3860e+03
  1.4200e+03 1.4680e+03]]
