optimal_status: 0
solution: 11217.0
cpu_time: 3601.932750940323
gap: 0.9074376681554018
upper_bound: 1038.2716763008573
lower_bound: 11217.0
cg_matrix: [[0. 1. 1. 1. 1. 1. 1. 1. 1. 1. 0. 1. 0. 1. 0. 1. 1. 1. 1. 1. 1. 1. 1. 1.
  1. 1. 1. 1. 1. 1.]
 [1. 0. 1. 0. 0. 0. 1. 1. 1. 1. 1. 0. 1. 0. 1. 1. 1. 1. 1. 1. 1. 1. 1. 0.
  1. 1. 1. 1. 1. 1.]
 [1. 1. 0. 1. 0. 1. 1. 1. 1. 1. 1. 1. 1. 1. 1. 1. 0. 1. 1. 1. 0. 1. 1. 1.
  0. 1. 1. 1. 1. 1.]
 [1. 0. 1. 0. 0. 1. 0. 1. 1. 1. 0. 1. 1. 1. 1. 1. 1. 1. 0. 1. 1. 1. 1. 1.
  0. 1. 1. 0. 1. 1.]
 [1. 0. 0. 0. 0. 1. 0. 1. 1. 0. 1. 1. 0. 1. 0. 1. 1. 1. 1. 0. 1. 0. 1. 1.
  1. 1. 1. 0. 1. 1.]
 [1. 0. 1. 1. 1. 0. 1. 1. 1. 1. 1. 1. 1. 1. 1. 0. 1. 1. 1. 1. 0. 0. 0. 1.
  1. 1. 0. 1. 0. 1.]
 [1. 1. 1. 0. 0. 1. 0. 1. 1. 1. 1. 1. 0. 0. 1. 1. 1. 0. 1. 1. 1. 1. 1. 1.
  1. 1. 1. 1. 1. 0.]
 [1. 1. 1. 1. 1. 1. 1. 0. 1. 1. 1. 1. 1. 1. 0. 1. 1. 1. 1. 1. 0. 1. 0. 1.
  1. 1. 1. 1. 1. 1.]
 [1. 1. 1. 1. 1. 1. 1. 1. 0. 0. 1. 1. 1. 1. 1. 1. 1. 1. 1. 0. 1. 1. 1. 1.
  1. 1. 1. 1. 1. 1.]
 [1. 1. 1. 1. 0. 1. 1. 1. 0. 0. 1. 1. 0. 1. 1. 1. 1. 0. 1. 1. 1. 1. 1. 1.
  1. 1. 1. 1. 1. 1.]
 [0. 1. 1. 0. 1. 1. 1. 1. 1. 1. 0. 1. 1. 1. 1. 1. 1. 0. 1. 1. 1. 1. 0. 1.
  1. 1. 0. 1. 1. 1.]
 [1. 0. 1. 1. 1. 1. 1. 1. 1. 1. 1. 0. 1. 1. 1. 1. 1. 1. 1. 0. 1. 1. 1. 1.
  0. 1. 1. 1. 1. 1.]
 [0. 1. 1. 1. 0. 1. 0. 1. 1. 0. 1. 1. 0. 0. 1. 0. 0. 1. 1. 1. 1. 1. 0. 0.
  1. 1. 1. 1. 1. 1.]
 [1. 0. 1. 1. 1. 1. 0. 1. 1. 1. 1. 1. 0. 0. 1. 1. 1. 0. 0. 1. 0. 1. 1. 1.
  1. 0. 1. 1. 1. 1.]
 [0. 1. 1. 1. 0. 1. 1. 0. 1. 1. 1. 1. 1. 1. 0. 0. 0. 1. 1. 1. 1. 1. 1. 1.
  1. 1. 1. 1. 1. 1.]
 [1. 1. 1. 1. 1. 0. 1. 1. 1. 1. 1. 1. 0. 1. 0. 0. 0. 0. 0. 0. 0. 0. 0. 0.
  0. 0. 0. 0. 0. 0.]
 [1. 1. 0. 1. 1. 1. 1. 1. 1. 1. 1. 1. 0. 1. 0. 0. 0. 0. 0. 0. 0. 0. 0. 0.
  0. 0. 0. 0. 0. 0.]
 [1. 1. 1. 1. 1. 1. 0. 1. 1. 0. 0. 1. 1. 0. 1. 0. 0. 0. 0. 0. 0. 0. 0. 0.
  0. 0. 0. 0. 0. 0.]
 [1. 1. 1. 0. 1. 1. 1. 1. 1. 1. 1. 1. 1. 0. 1. 0. 0. 0. 0. 0. 0. 0. 0. 0.
  0. 0. 0. 0. 0. 0.]
 [1. 1. 1. 1. 0. 1. 1. 1. 0. 1. 1. 0. 1. 1. 1. 0. 0. 0. 0. 0. 0. 0. 0. 0.
  0. 0. 0. 0. 0. 0.]
 [1. 1. 0. 1. 1. 0. 1. 0. 1. 1. 1. 1. 1. 0. 1. 0. 0. 0. 0. 0. 0. 0. 0. 0.
  0. 0. 0. 0. 0. 0.]
 [1. 1. 1. 1. 0. 0. 1. 1. 1. 1. 1. 1. 1. 1. 1. 0. 0. 0. 0. 0. 0. 0. 0. 0.
  0. 0. 0. 0. 0. 0.]
 [1. 1. 1. 1. 1. 0. 1. 0. 1. 1. 0. 1. 0. 1. 1. 0. 0. 0. 0. 0. 0. 0. 0. 0.
  0. 0. 0. 0. 0. 0.]
 [1. 0. 1. 1. 1. 1. 1. 1. 1. 1. 1. 1. 0. 1. 1. 0. 0. 0. 0. 0. 0. 0. 0. 0.
  0. 0. 0. 0. 0. 0.]
 [1. 1. 0. 0. 1. 1. 1. 1. 1. 1. 1. 0. 1. 1. 1. 0. 0. 0. 0. 0. 0. 0. 0. 0.
  0. 0. 0. 0. 0. 0.]
 [1. 1. 1. 1. 1. 1. 1. 1. 1. 1. 1. 1. 1. 0. 1. 0. 0. 0. 0. 0. 0. 0. 0. 0.
  0. 0. 0. 0. 0. 0.]
 [1. 1. 1. 1. 1. 0. 1. 1. 1. 1. 0. 1. 1. 1. 1. 0. 0. 0. 0. 0. 0. 0. 0. 0.
  0. 0. 0. 0. 0. 0.]
 [1. 1. 1. 0. 0. 1. 1. 1. 1. 1. 1. 1. 1. 1. 1. 0. 0. 0. 0. 0. 0. 0. 0. 0.
  0. 0. 0. 0. 0. 0.]
 [1. 1. 1. 1. 1. 0. 1. 1. 1. 1. 1. 1. 1. 1. 1. 0. 0. 0. 0. 0. 0. 0. 0. 0.
  0. 0. 0. 0. 0. 0.]
 [1. 1. 1. 1. 1. 1. 0. 1. 1. 1. 1. 1. 1. 1. 1. 0. 0. 0. 0. 0. 0. 0. 0. 0.
  0. 0. 0. 0. 0. 0.]]
start_times_array: [[ 2224. 10038. 10204. 10332. 10420. 10436. 10535. 10659. 10712. 10741.
  10790. 10898. 10954. 11046. 11119.]
 [  961.  1380.  1964.  3374.  4039.  8220.  8257.  8310. 10069. 10113.
  10246. 10259. 10617. 10799. 10913.]
 [  885.  9201.  9253.  9278.  9367.  9593.  9595.  9635.  9679.  9773.
   9780.  9848.  9921.  9994. 10024.]
 [  541.  7901.  8547.  8628.  8821.  8972.  8982.  9011.  9073.  9107.
   9114.  9161.  9370.  9427.  9507.]
 [  895.  1379.  1584.  2390.  2672.  3303.  8821.  8972.  9070.  9093.
   9184.  9278.  9427.  9517.  9675.]
 [ 1618.  7477.  7968.  8025.  8218.  8290.  8344.  8413.  8422.  8475.
   8560.  8715.  8748.  8809.  8883.]
 [ 2012.  2077.  2303.  6221.  7211.  7540.  7602.  7616.  7759.  7760.
   7825.  7901.  8061.  8117.  8192.]
 [  519.  3063.  6763.  6830.  6886.  6927.  7016.  7041.  7135.  7275.
   7312.  7320.  7404.  7694.  7827.]
 [ 1088.  1132.  3236.  5812.  5986.  6138.  6149.  6258.  6345.  6358.
   6398.  6460.  6507.  6621.  6686.]
 [ 5805.  5945.  5976.  6039.  6088.  6138.  6215.  6321.  6401.  6421.
   6451.  6462.  6503.  6616.  6690.]
 [ 2296.  4918.  5189.  5258.  5311.  5363.  5396.  5415.  5499.  5511.
   5547.  5632.  5706.  5708.  5893.]
 [ 2634.  4197.  4205.  4279.  4440.  4491.  4555.  4610.  4617.  4698.
   4780.  4987.  5020.  5104.  5141.]
 [ 1165.  3436.  3533.  3612.  3683.  3753.  3878.  3906.  3920.  3940.
   4155.  4167.  4389.  4850.  5945.]
 [ 1206.  1987.  3436.  3455.  3527.  3557.  3634.  3703.  3759.  3837.
   3892.  4043.  4134.  4161.  4354.]
 [ 2204.  2667.  2764.  2835.  2848.  2941.  3006.  3050.  3096.  3167.
   3277.  3315.  3333.  3364.  3389.]
 [   29.   213.   218.   240.   287.   368.   612.  2482.  2667.  2720.
   2778.  2855.  2910.  2997.  3450.]
 [   77.   123.   411.  1688.  1755.  1757.  1766.  1860.  1898.  2117.
   2142.  2516.  2910.  2989.  3161.]
 [   69.   220.   351.   569.   749.  1469.  1499.  1699.  1774.  1832.
   2320.  2481.  4093.  5189.  5864.]
 [   22.    27.   589.   652.   694.  1219.  1469.  1505.  1692.  1766.
   1772.  1786.  2488.  3837.  6546.]
 [   15.    70.   219.   273.   421.   655.  1037.  1219.  1291.  1469.
   1530.  1711.  2117.  2337.  2574.]
 [  106.   197.   291.   401.   498.   854.  1239.  1283.  1345.  1469.
   1506.  1553.  1624.  1698.  3837.]
 [  350.   444.   569.   625.  1219.  1308.  1469.  1553.  1624.  1698.
   1781.  1787.  1877.  2117.  2136.]
 [   68.    75.   104.   136.   139.   201.   310.   402.   569.   596.
    617.   683.   866.   939.  1469.]
 [   76.   452.   718.   764.  1009.  1165.  1200.  1216.  1248.  1298.
   1331.  1345.  1391.  1774.  2481.]
 [   97.   184.   240.   359.   605.   685.   743.   818.  1228.  1674.
   1766.  2188.  2349.  2481.  2552.]
 [    0.   154.   255.   279.   334.   391.   472.   569.   655.   688.
    722.   797.   934.  1037.  1648.]
 [   29.    89.   106.   124.   185.   287.   359.   364.   569.   652.
    796.  1857.  2337.  2481.  2549.]
 [    0.    82.   136.   232.   254.   274.   341.   368.   541.   600.
    687.   800.   807.   853.  1781.]
 [    0.    69.   121.   186.   251.   340.   440.   569.   625.   652.
    743.   766.  1469.  1648.  1788.]
 [    0.    62.   119.   149.   154.   184.   197.   236.   267.   283.
    412.   569.   683.   687.  1219.]]
