optimal_status: 0
solution: 8155.0
cpu_time: 3600.6426990032196
gap: 0.8520775739412606
upper_bound: 1206.3073845090196
lower_bound: 8155.0
cg_matrix: [[0. 0. 0. 1. 1. 0. 1. 1. 1. 1. 1. 0. 1. 1. 1. 0. 1. 1. 1. 1. 0. 1. 0. 0.
  1. 0. 1. 1. 1. 0.]
 [0. 0. 0. 1. 1. 1. 0. 1. 1. 0. 0. 0. 1. 0. 1. 0. 1. 0. 0. 1. 0. 1. 0. 1.
  1. 0. 1. 1. 1. 0.]
 [0. 0. 0. 1. 0. 0. 1. 0. 0. 1. 1. 1. 1. 1. 0. 0. 1. 1. 1. 0. 1. 1. 0. 0.
  0. 0. 1. 0. 0. 0.]
 [1. 1. 1. 0. 1. 1. 1. 1. 1. 1. 0. 1. 0. 1. 0. 1. 0. 0. 1. 0. 1. 1. 1. 0.
  0. 1. 1. 0. 0. 1.]
 [1. 1. 0. 1. 0. 0. 0. 1. 0. 1. 0. 1. 1. 0. 1. 1. 0. 0. 0. 0. 0. 1. 0. 0.
  0. 0. 1. 0. 1. 0.]
 [0. 1. 0. 1. 0. 0. 0. 1. 1. 1. 0. 0. 0. 1. 1. 1. 0. 1. 1. 1. 1. 1. 1. 1.
  1. 1. 0. 0. 0. 0.]
 [1. 0. 1. 1. 0. 0. 0. 0. 1. 1. 1. 0. 0. 1. 0. 1. 0. 0. 1. 1. 1. 1. 0. 0.
  1. 1. 0. 1. 0. 0.]
 [1. 1. 0. 1. 1. 1. 0. 0. 0. 1. 0. 1. 1. 1. 0. 1. 0. 0. 1. 1. 1. 1. 0. 0.
  0. 0. 1. 0. 1. 0.]
 [1. 1. 0. 1. 0. 1. 1. 0. 0. 0. 0. 0. 0. 0. 1. 0. 1. 1. 1. 1. 0. 1. 0. 1.
  1. 0. 1. 1. 1. 0.]
 [1. 0. 1. 1. 1. 1. 1. 1. 0. 0. 0. 1. 1. 0. 1. 1. 0. 1. 1. 0. 0. 0. 1. 0.
  0. 1. 1. 1. 1. 1.]
 [1. 0. 1. 0. 0. 0. 1. 0. 0. 0. 0. 0. 1. 0. 1. 0. 0. 1. 0. 0. 0. 0. 1. 0.
  1. 0. 1. 0. 0. 1.]
 [0. 0. 1. 1. 1. 0. 0. 1. 0. 1. 0. 0. 0. 1. 0. 1. 0. 0. 0. 0. 1. 0. 1. 0.
  1. 0. 0. 1. 0. 1.]
 [1. 1. 1. 0. 1. 0. 0. 1. 0. 1. 1. 0. 0. 1. 1. 1. 0. 0. 1. 0. 0. 1. 1. 0.
  1. 0. 0. 0. 1. 0.]
 [1. 0. 1. 1. 0. 1. 1. 1. 0. 0. 0. 1. 1. 0. 1. 1. 1. 1. 0. 0. 1. 0. 1. 0.
  0. 1. 1. 0. 1. 0.]
 [1. 1. 0. 0. 1. 1. 0. 0. 1. 1. 1. 0. 1. 1. 0. 0. 1. 1. 1. 1. 1. 0. 1. 1.
  1. 1. 1. 1. 0. 1.]
 [0. 0. 0. 1. 1. 1. 1. 1. 0. 1. 0. 1. 1. 1. 0. 0. 0. 0. 0. 0. 0. 0. 0. 0.
  0. 0. 0. 0. 0. 0.]
 [1. 1. 1. 0. 0. 0. 0. 0. 1. 0. 0. 0. 0. 1. 1. 0. 0. 0. 0. 0. 0. 0. 0. 0.
  0. 0. 0. 0. 0. 0.]
 [1. 0. 1. 0. 0. 1. 0. 0. 1. 1. 1. 0. 0. 1. 1. 0. 0. 0. 0. 0. 0. 0. 0. 0.
  0. 0. 0. 0. 0. 0.]
 [1. 0. 1. 1. 0. 1. 1. 1. 1. 1. 0. 0. 1. 0. 1. 0. 0. 0. 0. 0. 0. 0. 0. 0.
  0. 0. 0. 0. 0. 0.]
 [1. 1. 0. 0. 0. 1. 1. 1. 1. 0. 0. 0. 0. 0. 1. 0. 0. 0. 0. 0. 0. 0. 0. 0.
  0. 0. 0. 0. 0. 0.]
 [0. 0. 1. 1. 0. 1. 1. 1. 0. 0. 0. 1. 0. 1. 1. 0. 0. 0. 0. 0. 0. 0. 0. 0.
  0. 0. 0. 0. 0. 0.]
 [1. 1. 1. 1. 1. 1. 1. 1. 1. 0. 0. 0. 1. 0. 0. 0. 0. 0. 0. 0. 0. 0. 0. 0.
  0. 0. 0. 0. 0. 0.]
 [0. 0. 0. 1. 0. 1. 0. 0. 0. 1. 1. 1. 1. 1. 1. 0. 0. 0. 0. 0. 0. 0. 0. 0.
  0. 0. 0. 0. 0. 0.]
 [0. 1. 0. 0. 0. 1. 0. 0. 1. 0. 0. 0. 0. 0. 1. 0. 0. 0. 0. 0. 0. 0. 0. 0.
  0. 0. 0. 0. 0. 0.]
 [1. 1. 0. 0. 0. 1. 1. 0. 1. 0. 1. 1. 1. 0. 1. 0. 0. 0. 0. 0. 0. 0. 0. 0.
  0. 0. 0. 0. 0. 0.]
 [0. 0. 0. 1. 0. 1. 1. 0. 0. 1. 0. 0. 0. 1. 1. 0. 0. 0. 0. 0. 0. 0. 0. 0.
  0. 0. 0. 0. 0. 0.]
 [1. 1. 1. 1. 1. 0. 0. 1. 1. 1. 1. 0. 0. 1. 1. 0. 0. 0. 0. 0. 0. 0. 0. 0.
  0. 0. 0. 0. 0. 0.]
 [1. 1. 0. 0. 0. 0. 1. 0. 1. 1. 0. 1. 0. 0. 1. 0. 0. 0. 0. 0. 0. 0. 0. 0.
  0. 0. 0. 0. 0. 0.]
 [1. 1. 0. 0. 1. 0. 0. 1. 1. 1. 0. 0. 1. 1. 0. 0. 0. 0. 0. 0. 0. 0. 0. 0.
  0. 0. 0. 0. 0. 0.]
 [0. 0. 0. 1. 0. 0. 0. 0. 0. 1. 1. 1. 0. 0. 1. 0. 0. 0. 0. 0. 0. 0. 0. 0.
  0. 0. 0. 0. 0. 0.]]
start_times_array: [[6090. 6460. 6789. 7274. 7415. 7502. 7557. 7634. 7661. 7750. 7822. 7915.
  7930. 8028. 8123.]
 [6090. 6787. 7416. 7500. 7576. 7620. 7686. 7733. 7805. 7829. 7915. 7920.
  7955. 8027. 8082.]
 [7255. 7314. 7415. 7508. 7565. 7663. 7734. 7805. 7903. 7906. 7975. 8073.
  8117. 8124. 8152.]
 [5938. 5954. 6192. 6492. 6829. 6926. 7019. 7038. 7047. 7117. 7136. 7228.
  7334. 7410. 7411.]
 [5229. 5699. 5752. 5859. 5922. 5957. 6126. 6153. 6289. 6368. 6519. 6542.
  6686. 6735. 7255.]
 [3892. 5229. 5699. 5767. 5850. 5913. 6097. 6125. 6326. 6388. 6441. 6519.
  6675. 6772. 7255.]
 [3945. 4353. 4418. 4774. 5233. 5300. 5458. 5752. 5778. 5849. 5957. 6130.
  6289. 6584. 6665.]
 [3645. 4416. 4523. 4788. 4915. 5317. 5335. 5406. 5480. 5523. 5617. 5788.
  5822. 5992. 6602.]
 [2025. 2835. 3680. 3792. 3855. 4057. 4127. 4455. 4521. 4535. 4597. 5317.
  5368. 5528. 5530.]
 [2682. 3792. 3886. 4186. 4444. 4611. 4682. 4717. 4846. 5002. 5077. 5161.
  5208. 5340. 5551.]
 [1963. 2745. 3358. 3634. 3708. 3792. 3855. 4173. 4535. 4622. 4662. 4754.
  4769. 4915. 4991.]
 [1640. 1753. 3395. 3494. 3564. 3591. 3680. 3905. 3967. 3974. 3979. 3991.
  4081. 4252. 4335.]
 [2446. 2981. 3060. 3395. 3461. 3547. 3705. 3727. 3945. 4029. 4127. 4252.
  4310. 4384. 4395.]
 [ 977. 1591. 2015. 2148. 2297. 2302. 2334. 2614. 2745. 2752. 2832. 3108.
  3171. 3193. 3311.]
 [1640. 1733. 1751. 1794. 1898. 2108. 2193. 2278. 2353. 2536. 2710. 2928.
  3125. 3238. 3776.]
 [   0.   77.  205. 1112. 1146. 1278. 1358. 1449. 1489. 1528. 1711. 1812.
  1886. 2161. 2248.]
 [ 655.  875. 1083. 1146. 1223. 1296. 1297. 1355. 1382. 1510. 1776. 1863.
  1963. 2159. 2441.]
 [ 334.  411.  459.  666.  774.  785.  804.  884. 1075. 1117. 1263. 1284.
  1321. 1483. 1549.]
 [   0.  398.  411.  633.  954. 1026. 1046. 1117. 1196. 1235. 1296. 1369.
  1462. 1496. 1558.]
 [   0.   68.   83.  432.  517.  743.  897.  946. 1016. 1145. 1210. 1282.
  1358. 1429. 1510.]
 [   0.   95.  351.  507.  543.  796.  865.  875.  926. 1033. 1146. 1165.
  1263. 1297. 1376.]
 [  87.  257.  301.  390.  828.  880.  960.  986. 1030. 1112. 1162. 1215.
  1445. 1537. 2126.]
 [ 245.  322.  362.  394.  458.  495.  516.  527.  581.  706.  795. 1033.
  1065. 1215. 1313.]
 [ 121.  189.  245.  295.  606.  661.  785.  831.  839.  907. 1065. 1151.
  1243. 1293. 1429.]
 [   0.   53.   54.  146.  211.  403.  563.  655.  703.  791.  937. 1016.
  1042. 1198. 1381.]
 [  40.   54.  121.  205.  261.  395.  477.  501.  552.  574.  627.  742.
   831.  869.  910.]
 [   0.   95.  142.  205.  372.  398.  415.  419.  517.  595.  640.  667.
   743.  869. 1033.]
 [   0.    9.   33.   55.   95.  142.  215.  362.  552.  655.  739.  742.
   839. 1151. 1386.]
 [   0.   54.  147.  219.  301.  319.  419.  501.  581.  681.  706.  735.
   792. 1313. 1354.]
 [   0.   16.   95.  189.  287.  295.  315.  330.  394.  517.  800.  891.
   977. 1060. 1162.]]
