optimal_status: 0
solution: 6578.0
cpu_time: 3600.145825147629
gap: 0.8287201826404238
upper_bound: 1126.6786385912917
lower_bound: 6578.0
cg_matrix: [[0. 0. 1. 1. 1. 1. 1. 1. 1. 1. 1. 1. 1. 1. 0.]
 [0. 0. 1. 1. 0. 1. 1. 0. 0. 1. 1. 1. 1. 1. 1.]
 [1. 1. 0. 1. 1. 0. 1. 0. 1. 1. 1. 1. 0. 1. 1.]
 [1. 1. 1. 0. 1. 1. 0. 1. 1. 0. 1. 1. 0. 1. 1.]
 [1. 0. 1. 1. 0. 1. 1. 1. 1. 0. 1. 1. 1. 1. 1.]
 [1. 1. 0. 1. 1. 0. 1. 0. 1. 1. 0. 1. 1. 1. 1.]
 [1. 1. 1. 0. 1. 1. 0. 1. 0. 1. 1. 1. 1. 1. 1.]
 [1. 0. 0. 1. 1. 0. 1. 0. 1. 0. 1. 1. 1. 1. 1.]
 [1. 0. 1. 1. 1. 1. 0. 1. 0. 1. 0. 0. 0. 1. 1.]
 [1. 1. 1. 0. 0. 1. 1. 0. 1. 0. 1. 1. 0. 1. 1.]
 [1. 1. 1. 1. 1. 0. 1. 1. 0. 1. 0. 1. 0. 0. 1.]
 [1. 1. 1. 1. 1. 1. 1. 1. 0. 1. 1. 0. 1. 1. 0.]
 [1. 1. 0. 0. 1. 1. 1. 1. 0. 0. 0. 1. 0. 0. 1.]
 [1. 1. 1. 1. 1. 1. 1. 1. 1. 1. 0. 1. 0. 0. 1.]
 [0. 1. 1. 1. 1. 1. 1. 1. 1. 1. 1. 0. 1. 1. 0.]]
start_times_array: [[1.850e+02 7.860e+02 9.920e+02 1.002e+03 1.377e+03 1.800e+03 2.960e+03
  3.948e+03 4.030e+03 4.247e+03 4.274e+03 4.442e+03 4.713e+03 6.074e+03
  6.144e+03]
 [8.230e+02 9.920e+02 2.596e+03 2.972e+03 3.904e+03 4.442e+03 4.540e+03
  4.713e+03 4.720e+03 4.934e+03 5.013e+03 5.132e+03 5.183e+03 6.022e+03
  6.450e+03]
 [3.300e+02 4.310e+02 7.460e+02 2.746e+03 2.892e+03 3.042e+03 3.096e+03
  3.283e+03 4.811e+03 5.064e+03 5.267e+03 5.349e+03 5.620e+03 5.987e+03
  6.372e+03]
 [3.500e+02 6.670e+02 1.115e+03 1.403e+03 2.002e+03 3.128e+03 3.367e+03
  3.425e+03 4.109e+03 5.369e+03 5.659e+03 5.730e+03 5.786e+03 5.886e+03
  5.978e+03]
 [5.130e+02 8.520e+02 8.750e+02 1.055e+03 1.583e+03 2.533e+03 2.651e+03
  3.849e+03 4.631e+03 4.945e+03 5.132e+03 5.225e+03 6.022e+03 6.440e+03
  6.482e+03]
 [4.230e+02 4.520e+02 6.980e+02 2.746e+03 2.816e+03 3.042e+03 3.551e+03
  4.548e+03 4.811e+03 5.031e+03 5.064e+03 5.267e+03 5.583e+03 5.645e+03
  5.697e+03]
 [6.720e+02 8.970e+02 9.720e+02 1.115e+03 2.002e+03 2.177e+03 2.245e+03
  2.264e+03 3.289e+03 3.374e+03 3.447e+03 3.490e+03 3.514e+03 3.616e+03
  3.703e+03]
 [4.810e+02 7.250e+02 7.770e+02 1.236e+03 1.522e+03 1.868e+03 1.903e+03
  2.318e+03 2.562e+03 4.540e+03 4.602e+03 4.809e+03 5.021e+03 5.064e+03
  5.267e+03]
 [5.200e+01 6.370e+02 8.960e+02 1.145e+03 1.619e+03 1.632e+03 2.236e+03
  2.568e+03 3.289e+03 4.889e+03 5.463e+03 5.689e+03 5.813e+03 6.227e+03
  6.315e+03]
 [1.370e+02 3.340e+02 3.930e+02 5.310e+02 1.074e+03 1.268e+03 1.553e+03
  1.913e+03 3.117e+03 3.195e+03 3.829e+03 4.109e+03 4.631e+03 6.483e+03
  6.489e+03]
 [0.000e+00 2.790e+02 6.660e+02 7.170e+02 1.145e+03 1.285e+03 1.673e+03
  3.551e+03 3.769e+03 3.801e+03 4.154e+03 5.527e+03 5.689e+03 5.695e+03
  5.813e+03]
 [9.000e+01 1.420e+02 5.910e+02 6.900e+02 1.619e+03 1.670e+03 2.093e+03
  2.380e+03 2.568e+03 2.832e+03 4.040e+03 4.889e+03 5.460e+03 6.227e+03
  6.285e+03]
 [0.000e+00 3.610e+02 1.119e+03 1.216e+03 1.301e+03 1.332e+03 1.403e+03
  1.673e+03 1.750e+03 3.769e+03 4.109e+03 4.157e+03 4.367e+03 5.354e+03
  5.527e+03]
 [3.000e+00 3.100e+01 2.790e+02 1.285e+03 1.360e+03 1.433e+03 1.719e+03
  2.414e+03 2.470e+03 2.942e+03 3.025e+03 4.156e+03 4.367e+03 5.057e+03
  5.548e+03]
 [1.420e+02 1.990e+02 2.370e+02 6.030e+02 7.860e+02 1.377e+03 1.800e+03
  2.093e+03 2.166e+03 2.854e+03 2.960e+03 3.961e+03 4.247e+03 4.520e+03
  6.121e+03]]
