optimal_status: 0
solution: 31462.0
cpu_time: 3604.308849096298
gap: 0.9434984250523812
upper_bound: 1777.6525510019824
lower_bound: 31462.0
cg_matrix: [[0. 0. 0. 0. 0. 0. 1. 1. 1. 0. 1. 0. 0. 1. 0. 1. 1. 1. 0. 1. 0. 1. 1. 0.
  1. 0. 0. 1. 1. 1. 1. 1. 1. 1. 0. 1. 0. 1. 1. 1. 0. 1. 1. 0. 1. 1. 1. 1.
  1. 1.]
 [0. 0. 0. 0. 1. 0. 1. 1. 1. 0. 0. 1. 0. 1. 0. 0. 0. 0. 1. 1. 1. 1. 0. 0.
  1. 1. 0. 1. 1. 1. 1. 1. 1. 0. 1. 1. 1. 1. 0. 0. 0. 0. 0. 0. 1. 0. 1. 1.
  0. 1.]
 [0. 0. 0. 0. 0. 1. 1. 0. 0. 1. 1. 1. 1. 0. 0. 0. 1. 1. 1. 0. 0. 1. 0. 0.
  1. 1. 0. 1. 1. 0. 1. 1. 1. 1. 0. 1. 0. 1. 1. 0. 1. 0. 1. 1. 1. 0. 1. 1.
  1. 1.]
 [0. 0. 0. 0. 0. 0. 1. 0. 1. 1. 1. 0. 0. 0. 0. 1. 0. 1. 0. 0. 0. 0. 0. 1.
  0. 0. 0. 0. 1. 1. 0. 0. 0. 0. 1. 0. 1. 0. 1. 1. 1. 1. 1. 0. 0. 1. 0. 0.
  1. 1.]
 [0. 1. 0. 0. 0. 0. 0. 0. 1. 1. 0. 1. 0. 0. 1. 0. 1. 1. 0. 0. 0. 1. 1. 1.
  0. 1. 1. 1. 1. 1. 0. 0. 1. 1. 1. 1. 1. 0. 1. 0. 1. 1. 1. 1. 1. 1. 0. 1.
  1. 1.]
 [0. 0. 1. 0. 0. 0. 0. 0. 0. 0. 1. 0. 0. 1. 1. 1. 1. 1. 0. 1. 1. 1. 0. 1.
  0. 0. 0. 1. 0. 1. 0. 0. 0. 0. 0. 1. 1. 0. 1. 1. 1. 0. 1. 1. 0. 1. 0. 0.
  0. 1.]
 [1. 1. 1. 1. 0. 0. 0. 1. 0. 1. 1. 0. 1. 0. 1. 0. 0. 0. 0. 0. 0. 0. 0. 1.
  0. 0. 1. 0. 0. 1. 0. 1. 0. 0. 1. 0. 1. 0. 1. 1. 1. 0. 1. 1. 0. 1. 1. 0.
  1. 0.]
 [1. 1. 0. 0. 0. 0. 1. 0. 0. 0. 1. 1. 0. 0. 1. 1. 0. 1. 1. 1. 1. 0. 1. 1.
  1. 0. 0. 0. 0. 1. 0. 1. 1. 1. 0. 1. 1. 1. 0. 1. 0. 0. 0. 1. 1. 1. 1. 0.
  1. 0.]
 [1. 1. 0. 1. 1. 0. 0. 0. 0. 1. 0. 1. 0. 0. 0. 0. 1. 1. 1. 1. 0. 1. 0. 1.
  0. 0. 1. 1. 0. 1. 0. 1. 0. 1. 1. 1. 1. 0. 0. 1. 1. 1. 1. 0. 0. 0. 0. 0.
  1. 1.]
 [0. 0. 1. 1. 1. 0. 1. 0. 1. 0. 0. 1. 0. 0. 1. 0. 0. 1. 0. 0. 0. 0. 1. 0.
  1. 1. 0. 0. 0. 1. 1. 0. 0. 0. 0. 0. 1. 0. 1. 0. 1. 1. 1. 1. 1. 1. 0. 0.
  1. 1.]
 [1. 0. 1. 1. 0. 1. 1. 1. 0. 0. 0. 0. 1. 1. 1. 0. 0. 0. 0. 1. 0. 1. 1. 1.
  1. 1. 0. 0. 0. 0. 1. 0. 1. 1. 1. 0. 1. 0. 1. 1. 1. 0. 0. 0. 1. 0. 1. 1.
  1. 1.]
 [0. 1. 1. 0. 1. 0. 0. 1. 1. 1. 0. 0. 1. 0. 1. 0. 0. 1. 0. 1. 0. 0. 0. 1.
  0. 1. 0. 0. 1. 1. 0. 0. 0. 0. 1. 0. 0. 0. 1. 0. 1. 1. 1. 1. 1. 1. 0. 0.
  0. 1.]
 [0. 0. 1. 0. 0. 0. 1. 0. 0. 0. 1. 1. 0. 0. 0. 1. 0. 0. 1. 0. 0. 1. 0. 1.
  1. 1. 0. 1. 0. 1. 1. 0. 0. 1. 1. 0. 0. 0. 1. 0. 0. 1. 0. 1. 1. 1. 1. 0.
  0. 0.]
 [1. 1. 0. 0. 0. 1. 0. 0. 0. 0. 1. 0. 0. 0. 0. 0. 0. 0. 0. 1. 1. 0. 0. 0.
  1. 0. 0. 0. 0. 0. 0. 0. 0. 0. 1. 1. 1. 1. 0. 1. 0. 0. 1. 0. 0. 1. 0. 1.
  0. 1.]
 [0. 0. 0. 0. 1. 1. 1. 1. 0. 1. 1. 1. 0. 0. 0. 1. 1. 1. 0. 1. 0. 0. 1. 1.
  0. 0. 1. 1. 0. 0. 1. 0. 1. 0. 0. 0. 0. 0. 0. 0. 1. 0. 0. 0. 1. 1. 0. 1.
  1. 1.]
 [1. 0. 0. 1. 0. 1. 0. 1. 0. 0. 0. 0. 1. 0. 1. 0. 0. 0. 1. 0. 1. 0. 0. 0.
  1. 0. 0. 0. 1. 0. 0. 1. 1. 0. 1. 0. 1. 1. 1. 1. 1. 0. 1. 1. 1. 1. 0. 0.
  0. 0.]
 [1. 0. 1. 0. 1. 1. 0. 0. 1. 0. 0. 0. 0. 0. 1. 0. 0. 1. 0. 0. 0. 1. 0. 1.
  0. 1. 1. 0. 0. 1. 0. 0. 0. 1. 0. 0. 0. 1. 0. 0. 1. 1. 1. 1. 1. 1. 1. 0.
  0. 1.]
 [1. 0. 1. 1. 1. 1. 0. 1. 1. 1. 0. 1. 0. 0. 1. 0. 1. 0. 1. 1. 0. 1. 1. 1.
  0. 0. 0. 0. 1. 0. 0. 0. 0. 0. 1. 1. 1. 0. 0. 0. 0. 1. 0. 0. 0. 0. 1. 0.
  0. 1.]
 [0. 1. 1. 0. 0. 0. 0. 1. 1. 0. 0. 0. 1. 0. 0. 1. 0. 1. 0. 0. 1. 1. 1. 1.
  1. 0. 1. 0. 1. 1. 1. 1. 1. 0. 0. 0. 0. 0. 0. 1. 0. 0. 1. 1. 1. 1. 1. 0.
  1. 1.]
 [1. 1. 0. 0. 0. 1. 0. 1. 1. 0. 1. 1. 0. 1. 1. 0. 0. 1. 0. 0. 1. 1. 1. 0.
  1. 0. 0. 1. 1. 0. 1. 0. 0. 0. 1. 1. 0. 0. 1. 1. 0. 1. 1. 0. 1. 0. 1. 1.
  1. 1.]
 [0. 1. 0. 0. 0. 1. 0. 1. 0. 0. 0. 0. 0. 1. 0. 1. 0. 0. 1. 1. 0. 0. 0. 0.
  0. 0. 0. 0. 0. 0. 0. 0. 0. 0. 0. 0. 0. 0. 0. 0. 0. 0. 0. 0. 0. 0. 0. 0.
  0. 0.]
 [1. 1. 1. 0. 1. 1. 0. 0. 1. 0. 1. 0. 1. 0. 0. 0. 1. 1. 1. 1. 0. 0. 0. 0.
  0. 0. 0. 0. 0. 0. 0. 0. 0. 0. 0. 0. 0. 0. 0. 0. 0. 0. 0. 0. 0. 0. 0. 0.
  0. 0.]
 [1. 0. 0. 0. 1. 0. 0. 1. 0. 1. 1. 0. 0. 0. 1. 0. 0. 1. 1. 1. 0. 0. 0. 0.
  0. 0. 0. 0. 0. 0. 0. 0. 0. 0. 0. 0. 0. 0. 0. 0. 0. 0. 0. 0. 0. 0. 0. 0.
  0. 0.]
 [0. 0. 0. 1. 1. 1. 1. 1. 1. 0. 1. 1. 1. 0. 1. 0. 1. 1. 1. 0. 0. 0. 0. 0.
  0. 0. 0. 0. 0. 0. 0. 0. 0. 0. 0. 0. 0. 0. 0. 0. 0. 0. 0. 0. 0. 0. 0. 0.
  0. 0.]
 [1. 1. 1. 0. 0. 0. 0. 1. 0. 1. 1. 0. 1. 1. 0. 1. 0. 0. 1. 1. 0. 0. 0. 0.
  0. 0. 0. 0. 0. 0. 0. 0. 0. 0. 0. 0. 0. 0. 0. 0. 0. 0. 0. 0. 0. 0. 0. 0.
  0. 0.]
 [0. 1. 1. 0. 1. 0. 0. 0. 0. 1. 1. 1. 1. 0. 0. 0. 1. 0. 0. 0. 0. 0. 0. 0.
  0. 0. 0. 0. 0. 0. 0. 0. 0. 0. 0. 0. 0. 0. 0. 0. 0. 0. 0. 0. 0. 0. 0. 0.
  0. 0.]
 [0. 0. 0. 0. 1. 0. 1. 0. 1. 0. 0. 0. 0. 0. 1. 0. 1. 0. 1. 0. 0. 0. 0. 0.
  0. 0. 0. 0. 0. 0. 0. 0. 0. 0. 0. 0. 0. 0. 0. 0. 0. 0. 0. 0. 0. 0. 0. 0.
  0. 0.]
 [1. 1. 1. 0. 1. 1. 0. 0. 1. 0. 0. 0. 1. 0. 1. 0. 0. 0. 0. 1. 0. 0. 0. 0.
  0. 0. 0. 0. 0. 0. 0. 0. 0. 0. 0. 0. 0. 0. 0. 0. 0. 0. 0. 0. 0. 0. 0. 0.
  0. 0.]
 [1. 1. 1. 1. 1. 0. 0. 0. 0. 0. 0. 1. 0. 0. 0. 1. 0. 1. 1. 1. 0. 0. 0. 0.
  0. 0. 0. 0. 0. 0. 0. 0. 0. 0. 0. 0. 0. 0. 0. 0. 0. 0. 0. 0. 0. 0. 0. 0.
  0. 0.]
 [1. 1. 0. 1. 1. 1. 1. 1. 1. 1. 0. 1. 1. 0. 0. 0. 1. 0. 1. 0. 0. 0. 0. 0.
  0. 0. 0. 0. 0. 0. 0. 0. 0. 0. 0. 0. 0. 0. 0. 0. 0. 0. 0. 0. 0. 0. 0. 0.
  0. 0.]
 [1. 1. 1. 0. 0. 0. 0. 0. 0. 1. 1. 0. 1. 0. 1. 0. 0. 0. 1. 1. 0. 0. 0. 0.
  0. 0. 0. 0. 0. 0. 0. 0. 0. 0. 0. 0. 0. 0. 0. 0. 0. 0. 0. 0. 0. 0. 0. 0.
  0. 0.]
 [1. 1. 1. 0. 0. 0. 1. 1. 1. 0. 0. 0. 0. 0. 0. 1. 0. 0. 1. 0. 0. 0. 0. 0.
  0. 0. 0. 0. 0. 0. 0. 0. 0. 0. 0. 0. 0. 0. 0. 0. 0. 0. 0. 0. 0. 0. 0. 0.
  0. 0.]
 [1. 1. 1. 0. 1. 0. 0. 1. 0. 0. 1. 0. 0. 0. 1. 1. 0. 0. 1. 0. 0. 0. 0. 0.
  0. 0. 0. 0. 0. 0. 0. 0. 0. 0. 0. 0. 0. 0. 0. 0. 0. 0. 0. 0. 0. 0. 0. 0.
  0. 0.]
 [1. 0. 1. 0. 1. 0. 0. 1. 1. 0. 1. 0. 1. 0. 0. 0. 1. 0. 0. 0. 0. 0. 0. 0.
  0. 0. 0. 0. 0. 0. 0. 0. 0. 0. 0. 0. 0. 0. 0. 0. 0. 0. 0. 0. 0. 0. 0. 0.
  0. 0.]
 [0. 1. 0. 1. 1. 0. 1. 0. 1. 0. 1. 1. 1. 1. 0. 1. 0. 1. 0. 1. 0. 0. 0. 0.
  0. 0. 0. 0. 0. 0. 0. 0. 0. 0. 0. 0. 0. 0. 0. 0. 0. 0. 0. 0. 0. 0. 0. 0.
  0. 0.]
 [1. 1. 1. 0. 1. 1. 0. 1. 1. 0. 0. 0. 0. 1. 0. 0. 0. 1. 0. 1. 0. 0. 0. 0.
  0. 0. 0. 0. 0. 0. 0. 0. 0. 0. 0. 0. 0. 0. 0. 0. 0. 0. 0. 0. 0. 0. 0. 0.
  0. 0.]
 [0. 1. 0. 1. 1. 1. 1. 1. 1. 1. 1. 0. 0. 1. 0. 1. 0. 1. 0. 0. 0. 0. 0. 0.
  0. 0. 0. 0. 0. 0. 0. 0. 0. 0. 0. 0. 0. 0. 0. 0. 0. 0. 0. 0. 0. 0. 0. 0.
  0. 0.]
 [1. 1. 1. 0. 0. 0. 0. 1. 0. 0. 0. 0. 0. 1. 0. 1. 1. 0. 0. 0. 0. 0. 0. 0.
  0. 0. 0. 0. 0. 0. 0. 0. 0. 0. 0. 0. 0. 0. 0. 0. 0. 0. 0. 0. 0. 0. 0. 0.
  0. 0.]
 [1. 0. 1. 1. 1. 1. 1. 0. 0. 1. 1. 1. 1. 0. 0. 1. 0. 0. 0. 1. 0. 0. 0. 0.
  0. 0. 0. 0. 0. 0. 0. 0. 0. 0. 0. 0. 0. 0. 0. 0. 0. 0. 0. 0. 0. 0. 0. 0.
  0. 0.]
 [1. 0. 0. 1. 0. 1. 1. 1. 1. 0. 1. 0. 0. 1. 0. 1. 0. 0. 1. 1. 0. 0. 0. 0.
  0. 0. 0. 0. 0. 0. 0. 0. 0. 0. 0. 0. 0. 0. 0. 0. 0. 0. 0. 0. 0. 0. 0. 0.
  0. 0.]
 [0. 0. 1. 1. 1. 1. 1. 0. 1. 1. 1. 1. 0. 0. 1. 1. 1. 0. 0. 0. 0. 0. 0. 0.
  0. 0. 0. 0. 0. 0. 0. 0. 0. 0. 0. 0. 0. 0. 0. 0. 0. 0. 0. 0. 0. 0. 0. 0.
  0. 0.]
 [1. 0. 0. 1. 1. 0. 0. 0. 1. 1. 0. 1. 1. 0. 0. 0. 1. 1. 0. 1. 0. 0. 0. 0.
  0. 0. 0. 0. 0. 0. 0. 0. 0. 0. 0. 0. 0. 0. 0. 0. 0. 0. 0. 0. 0. 0. 0. 0.
  0. 0.]
 [1. 0. 1. 1. 1. 1. 1. 0. 1. 1. 0. 1. 0. 1. 0. 1. 1. 0. 1. 1. 0. 0. 0. 0.
  0. 0. 0. 0. 0. 0. 0. 0. 0. 0. 0. 0. 0. 0. 0. 0. 0. 0. 0. 0. 0. 0. 0. 0.
  0. 0.]
 [0. 0. 1. 0. 1. 1. 1. 1. 0. 1. 0. 1. 1. 0. 0. 1. 1. 0. 1. 0. 0. 0. 0. 0.
  0. 0. 0. 0. 0. 0. 0. 0. 0. 0. 0. 0. 0. 0. 0. 0. 0. 0. 0. 0. 0. 0. 0. 0.
  0. 0.]
 [1. 1. 1. 0. 1. 0. 0. 1. 0. 1. 1. 1. 1. 0. 1. 1. 1. 0. 1. 1. 0. 0. 0. 0.
  0. 0. 0. 0. 0. 0. 0. 0. 0. 0. 0. 0. 0. 0. 0. 0. 0. 0. 0. 0. 0. 0. 0. 0.
  0. 0.]
 [1. 0. 0. 1. 1. 1. 1. 1. 0. 1. 0. 1. 1. 1. 1. 1. 1. 0. 1. 0. 0. 0. 0. 0.
  0. 0. 0. 0. 0. 0. 0. 0. 0. 0. 0. 0. 0. 0. 0. 0. 0. 0. 0. 0. 0. 0. 0. 0.
  0. 0.]
 [1. 1. 1. 0. 0. 0. 1. 1. 0. 0. 1. 0. 1. 0. 0. 0. 1. 1. 1. 1. 0. 0. 0. 0.
  0. 0. 0. 0. 0. 0. 0. 0. 0. 0. 0. 0. 0. 0. 0. 0. 0. 0. 0. 0. 0. 0. 0. 0.
  0. 0.]
 [1. 1. 1. 0. 1. 0. 0. 0. 0. 0. 1. 0. 0. 1. 1. 0. 0. 0. 0. 1. 0. 0. 0. 0.
  0. 0. 0. 0. 0. 0. 0. 0. 0. 0. 0. 0. 0. 0. 0. 0. 0. 0. 0. 0. 0. 0. 0. 0.
  0. 0.]
 [1. 0. 1. 1. 1. 0. 1. 1. 1. 1. 1. 0. 0. 0. 1. 0. 0. 0. 1. 1. 0. 0. 0. 0.
  0. 0. 0. 0. 0. 0. 0. 0. 0. 0. 0. 0. 0. 0. 0. 0. 0. 0. 0. 0. 0. 0. 0. 0.
  0. 0.]
 [1. 1. 1. 1. 1. 1. 0. 0. 1. 1. 1. 1. 0. 1. 1. 0. 1. 1. 1. 1. 0. 0. 0. 0.
  0. 0. 0. 0. 0. 0. 0. 0. 0. 0. 0. 0. 0. 0. 0. 0. 0. 0. 0. 0. 0. 0. 0. 0.
  0. 0.]]
start_times_array: [[28364.         29175.         30191.         30754.
  30788.         30824.         30893.         30945.
  30989.         31031.         31043.         31093.
  31105.         31176.         31265.         31296.
  31310.         31323.         31376.         31419.        ]
 [29133.         29160.         29182.         29647.
  29731.         29739.         29801.         29892.
  30048.         30142.         30240.         30318.
  30408.         30409.         30433.         30529.
  30590.         30680.         30747.         30763.        ]
 [29023.         29216.         29300.         29395.
  29427.         29435.         29478.         29515.
  29540.         29550.         29635.         29713.
  29789.         29883.         29943.         29980.
  30048.         30059.         30125.         30669.        ]
 [28792.         28857.         29112.         29178.
  29182.         29216.         29271.         29306.
  29338.         29427.         29479.         29489.
  29547.         29556.         29629.         29647.
  29699.         29756.         29815.         29842.        ]
 [26532.         27123.         27419.         27789.
  27810.         27884.         28006.         28096.
  28144.         28717.         28780.         28792.
  28884.         28962.         28971.         29001.
  29023.         29042.         29112.         29116.        ]
 [27812.         27865.         27916.         27951.
  27962.         28017.         28035.         28124.
  28215.         28231.         28313.         28397.
  28401.         28403.         28498.         28515.
  28607.         28688.         28710.         28717.        ]
 [27031.         27283.         27351.         27362.
  27409.         27413.         27488.         27529.
  27580.         27582.         27655.         27707.
  27745.         27789.         27812.         27916.
  28006.         28124.         28205.         28280.        ]
 [24962.         24993.         25013.         26185.
  26239.         26249.         26345.         26351.
  26472.         26545.         26620.         26715.
  26796.         26827.         26908.         26998.
  27123.         27187.         27330.         27361.        ]
 [25549.         25616.         25677.         25695.
  25776.         25853.         25888.         25900.
  25928.         26010.         26020.         26091.
  26185.         26249.         26303.         26328.
  26365.         26399.         26401.         26472.        ]
 [24532.         24616.         24694.         24727.
  24781.         24801.         24876.         24964.
  24999.         25069.         25104.         25157.
  25193.         25275.         25301.         25325.
  25353.         25363.         25461.         25547.        ]
 [23589.         23619.         23764.         23860.
  24246.         24249.         24330.         24334.
  24387.         24399.         24435.         24496.
  24574.         24599.         24674.         24718.
  24730.         24811.         24834.         24875.        ]
 [23383.         23481.         23589.         23674.
  23764.         23838.         23932.         23956.
  23974.         23982.         24072.         24127.
  24194.         24246.         24249.         24277.
  24306.         24379.         24475.         24561.        ]
 [21907.         21925.         21997.         22422.
  22480.         22485.         22566.         22659.
  22754.         22790.         22841.         22894.
  22955.         23027.         23090.         23126.
  23174.         23270.         23362.         23528.        ]
 [19828.         19883.         20032.         20796.
  20820.         21851.         21922.         21934.
  22025.         22093.         22148.         22276.
  22352.         22441.         22455.         22547.
  22611.         22677.         22740.5        22803.        ]
 [21437.         21622.         21640.         21696.
  21765.         21851.         21874.         21907.
  21993.         22045.         22116.         22213.
  22222.         22238.         22276.         22345.
  22379.         22422.         22627.         23082.        ]
 [19639.         19698.         19748.         19964.
  19985.         20032.         20084.         20162.
  20375.         20461.         20489.         20570.
  20575.         20657.         20693.         20700.
  20768.         20796.         20893.         21529.        ]
 [20623.         20749.         20769.         20801.
  20891.         20950.         21003.         21095.
  21096.         21104.         21114.         21124.
  21149.         21157.         21210.         21235.
  21314.         21399.         21427.         21529.        ]
 [19711.         19828.         19879.         19958.
  19964.         19992.         20032.         20051.
  20111.         20125.         20137.         20168.
  20193.         20208.         20292.         20375.
  20460.         20547.         20581.         20657.        ]
 [18532.         18585.         18613.         18625.
  18664.         18669.         18697.         18748.
  19055.         19091.         19136.         19148.
  19227.         19288.         19299.         19398.
  19437.         19490.         19558.         19591.        ]
 [18469.         18532.         18613.         18697.
  18709.         18745.         18841.         18908.
  18954.         19044.         19122.         19144.
  19227.         19312.         19409.         19459.
  19537.         19628.         19748.         19797.        ]
 [15947.         15957.         17775.         17804.
  17805.         17893.         17900.         17911.
  17952.         18003.         18043.         18133.
  18153.         18195.         18235.         18260.
  18291.         18299.         18385.         18507.        ]
 [16583.         16595.         16665.         16758.
  16835.         16853.         16866.         16936.
  16971.         17068.         17118.         17150.
  17238.         17336.         17373.         17455.
  17508.         17529.         17622.         17682.        ]
 [15550.         15830.         15915.         15936.
  15961.         16033.         16071.         16114.
  16182.         16220.         16238.         16273.
  16322.         16421.         16469.         16556.
  16567.         16583.         16679.         16715.        ]
 [11770.         12505.         15286.         15383.
  15455.         15487.         15564.         15599.
  15661.         15676.         15748.         15796.
  15830.         15881.         15905.         15976.
  15994.         15999.         16036.         16092.        ]
 [13909.         14007.         14102.         14659.
  14736.         14919.         14959.         15002.
  15066.         15157.         15158.         15206.
  15339.         15354.         15375.         15402.
  15418.         15478.         15523.         15588.        ]
 [10254.         11142.         14183.         14262.
  14349.         14376.         14503.         14523.
  14569.         14660.         14669.         14693.
  14791.         14819.         14821.         14897.
  14919.         15066.         15386.         16055.        ]
 [11329.         13553.         13798.         13860.
  13909.         14007.         14068.         14127.
  14165.         14178.         14183.         14258.
  14332.         14397.         14463.         14523.
  14537.         14616.         14693.         14770.        ]
 [11231.         11254.         11299.         12566.
  12963.         13000.         13034.         13063.
  13075.         13164.         13233.         13307.
  13359.         13457.         13474.         13560.
  13636.         13732.         13921.         14065.        ]
 [12154.         12228.         12327.         12336.
  12345.         12419.         12502.         12505.
  12601.         12645.         12668.         12671.
  12689.         12692.         12737.         12775.
  12799.         12890.         12926.         12948.        ]
 [ 8279.          9687.          9710.         11288.
  11427.         11480.         11557.         11628.
  11693.         11770.         11818.         11861.
  11906.         11989.         11996.         12089.
  12332.         12415.         12423.         12428.        ]
 [ 9449.         10092.         10107.         10532.
  10622.         10684.         10699.         10712.
  10715.         10764.         10854.         10909.
  10974.         11059.         11146.         11170.
  11231.         11281.         11329.         11406.        ]
 [ 9522.          9564.          9655.          9725.
   9733.          9778.          9802.          9865.
   9951.          9967.         10035.         10092.
  10110.         10170.         10251.         10254.
  10271.         10339.         10436.         10478.        ]
 [ 8127.          8712.          8807.          8832.
   8893.          8902.          8932.          9016.
   9100.          9188.          9271.          9343.
   9429.          9449.          9836.          9875.
   9946.          9998.         10199.         10438.        ]
 [ 6926.          7341.          8058.          8145.
   8189.          8216.          8260.          8469.
   8520.          8603.          8605.          8626.
   8639.          8689.          8706.          8801.
   8884.          8917.          8946.          9038.        ]
 [ 7169.          7191.          7264.          8054.
   8058.          8080.          8179.          8278.
   8343.          8397.          8469.          8528.
   8626.          8670.          8689.          8884.
   8979.          9066.          9361.          9598.        ]
 [ 6939.          6995.          7074.          7222.
   7461.          7499.          7535.          7572.
   7593.          7655.          7703.          7781.
   7799.          7869.          7947.          7948.
   7969.          8054.          8093.          8127.        ]
 [ 6564.          6620.          6680.          6770.
   6850.          6918.          6978.          7019.
   7101.          7118.          7207.          7266.
   7337.          7386.          7461.          7511.
   7533.          7716.          8056.          8779.        ]
 [ 6221.          6293.          6365.          6376.
   6391.          6463.          6528.          6620.
   6697.          6765.          6782.          6841.
   6858.          6926.          6995.          7066.
   7126.          7165.          7207.          7285.        ]
 [ 5206.          5218.          5245.          5261.
   5694.          5706.          5780.          5852.
   5900.          5935.          5988.          5997.
   6077.          6145.          6376.          6438.
   6461.          6475.          6701.          7062.        ]
 [ 5110.          5218.          5271.          5347.
   5444.          5515.          5596.          5624.
   5694.          5761.          5787.          5884.
   5895.          5972.          6028.          6090.
   6131.          6181.          6221.          6256.        ]
 [ 3010.          4015.          4018.          4391.
   4401.          4494.          4496.          4559.
   4673.          4692.          4743.          4953.
   4981.          5036.          5116.          5175.
   5249.          5300.          5374.          5394.        ]
 [ 3959.          3991.          4068.          4117.
   4193.          4199.          4422.          4479.
   4490.          4559.          4594.          4653.
   4673.          4695.          4708.          4743.
   4842.          4937.          5036.          5110.        ]
 [ 3355.          3979.          4017.          4097.
   4122.          4195.          4251.          4338.
   4354.          4356.          4436.          4479.
   4529.          4597.          4609.          4628.
   4726.          4743.          4795.          4826.        ]
 [ 3077.          3286.          3355.          3412.
   3510.          3804.          3830.          3860.
   3880.          3954.          4001.          4122.
   4200.          4297.          4391.          4529.
   4603.          4645.          4647.          4730.        ]
 [  808.          1498.          3123.          3219.
   3258.          3259.          3357.          3400.
   3457.          3486.          3562.          3598.
   3656.          3749.          3766.          3804.
   3885.          3959.          3979.          4018.        ]
 [ 2105.          2185.          2279.          2443.
   2692.          2746.          2776.          2862.
   2942.          2948.          3020.          3085.
   3130.          3219.          3290.          3296.
   3324.          3400.          3429.          3458.        ]
 [ 2055.          2056.          2130.          2138.
   2234.          2254.          2261.          2287.
   2312.          2330.          2414.          2443.
   2535.          2553.          2591.          2684.
   2744.          2953.          3138.          3303.        ]
 [ 1462.          1498.          1539.          1611.
   1642.          1670.          1722.          1736.
   1795.          1892.          1963.          2055.
   2105.          2109.          2205.          2254.
   2353.          2354.          2424.          2897.99999671]
 [  256.           728.           938.          1022.
   1079.          1138.          1232.          1263.
   1361.          1398.          1462.          1531.
   1587.          1658.          1681.          1711.
   1808.          1894.          2169.          2212.        ]
 [    0.            33.           114.           172.
    253.           255.           280.           297.
    298.           370.           403.           421.
    443.           487.           515.           584.
    676.           766.           809.           862.        ]]
