optimal_status: 0
solution: 12945.999998705034
cpu_time: 3600.275738954544
gap: 0.9181986713961123
upper_bound: 1059.0
lower_bound: 12945.999998705034
cg_matrix: [[0. 1. 1. 0. 1. 1. 1. 1. 1. 1. 0. 0. 1. 1. 1. 1. 1. 1. 0. 1. 0. 0. 1. 1.
  1. 1. 1. 1. 1. 0.]
 [1. 0. 1. 0. 1. 1. 1. 1. 1. 1. 1. 1. 1. 1. 1. 1. 1. 1. 1. 1. 0. 1. 1. 1.
  1. 0. 1. 1. 1. 1.]
 [1. 1. 0. 0. 0. 1. 0. 1. 1. 1. 1. 1. 0. 1. 1. 0. 1. 1. 1. 1. 1. 1. 1. 0.
  1. 1. 0. 1. 1. 1.]
 [0. 0. 0. 0. 1. 1. 1. 1. 1. 1. 1. 1. 1. 1. 0. 1. 0. 1. 1. 1. 1. 1. 1. 1.
  0. 1. 1. 1. 1. 1.]
 [1. 1. 0. 1. 0. 1. 1. 1. 0. 1. 1. 1. 1. 1. 0. 1. 1. 0. 1. 1. 0. 1. 1. 1.
  1. 1. 1. 0. 1. 1.]
 [1. 1. 1. 1. 1. 0. 1. 1. 1. 1. 1. 1. 1. 1. 1. 0. 1. 1. 1. 1. 1. 1. 1. 1.
  1. 1. 1. 1. 1. 0.]
 [1. 1. 0. 1. 1. 1. 0. 1. 1. 1. 1. 1. 1. 1. 1. 0. 1. 0. 1. 1. 1. 1. 1. 1.
  1. 1. 1. 1. 1. 1.]
 [1. 1. 1. 1. 1. 1. 1. 0. 1. 1. 1. 1. 1. 1. 1. 0. 1. 1. 1. 1. 1. 1. 1. 1.
  1. 1. 1. 1. 1. 1.]
 [1. 1. 1. 1. 0. 1. 1. 1. 0. 0. 1. 1. 1. 1. 0. 0. 1. 0. 0. 1. 1. 1. 1. 0.
  1. 0. 1. 1. 1. 1.]
 [1. 1. 1. 1. 1. 1. 1. 1. 0. 0. 1. 1. 0. 1. 1. 1. 1. 1. 0. 0. 1. 0. 1. 1.
  1. 1. 0. 1. 1. 0.]
 [0. 1. 1. 1. 1. 1. 1. 1. 1. 1. 0. 1. 1. 0. 1. 0. 1. 1. 1. 1. 0. 1. 1. 1.
  1. 1. 1. 1. 1. 0.]
 [0. 1. 1. 1. 1. 1. 1. 1. 1. 1. 1. 0. 0. 1. 1. 1. 1. 1. 0. 1. 1. 1. 1. 1.
  1. 1. 1. 0. 1. 1.]
 [1. 1. 0. 1. 1. 1. 1. 1. 1. 0. 1. 0. 0. 0. 0. 1. 1. 1. 1. 1. 1. 1. 1. 1.
  1. 0. 1. 1. 1. 1.]
 [1. 1. 1. 1. 1. 1. 1. 1. 1. 1. 0. 1. 0. 0. 0. 1. 1. 1. 0. 1. 1. 0. 1. 1.
  1. 1. 1. 1. 1. 1.]
 [1. 1. 1. 0. 0. 1. 1. 1. 0. 1. 1. 1. 0. 0. 0. 1. 1. 1. 1. 1. 1. 1. 0. 1.
  1. 0. 1. 1. 1. 1.]
 [1. 1. 0. 1. 1. 0. 0. 0. 0. 1. 0. 1. 1. 1. 1. 0. 0. 0. 0. 0. 0. 0. 0. 0.
  0. 0. 0. 0. 0. 0.]
 [1. 1. 1. 0. 1. 1. 1. 1. 1. 1. 1. 1. 1. 1. 1. 0. 0. 0. 0. 0. 0. 0. 0. 0.
  0. 0. 0. 0. 0. 0.]
 [1. 1. 1. 1. 0. 1. 0. 1. 0. 1. 1. 1. 1. 1. 1. 0. 0. 0. 0. 0. 0. 0. 0. 0.
  0. 0. 0. 0. 0. 0.]
 [0. 1. 1. 1. 1. 1. 1. 1. 0. 0. 1. 0. 1. 0. 1. 0. 0. 0. 0. 0. 0. 0. 0. 0.
  0. 0. 0. 0. 0. 0.]
 [1. 1. 1. 1. 1. 1. 1. 1. 1. 0. 1. 1. 1. 1. 1. 0. 0. 0. 0. 0. 0. 0. 0. 0.
  0. 0. 0. 0. 0. 0.]
 [0. 0. 1. 1. 0. 1. 1. 1. 1. 1. 0. 1. 1. 1. 1. 0. 0. 0. 0. 0. 0. 0. 0. 0.
  0. 0. 0. 0. 0. 0.]
 [0. 1. 1. 1. 1. 1. 1. 1. 1. 0. 1. 1. 1. 0. 1. 0. 0. 0. 0. 0. 0. 0. 0. 0.
  0. 0. 0. 0. 0. 0.]
 [1. 1. 1. 1. 1. 1. 1. 1. 1. 1. 1. 1. 1. 1. 0. 0. 0. 0. 0. 0. 0. 0. 0. 0.
  0. 0. 0. 0. 0. 0.]
 [1. 1. 0. 1. 1. 1. 1. 1. 0. 1. 1. 1. 1. 1. 1. 0. 0. 0. 0. 0. 0. 0. 0. 0.
  0. 0. 0. 0. 0. 0.]
 [1. 1. 1. 0. 1. 1. 1. 1. 1. 1. 1. 1. 1. 1. 1. 0. 0. 0. 0. 0. 0. 0. 0. 0.
  0. 0. 0. 0. 0. 0.]
 [1. 0. 1. 1. 1. 1. 1. 1. 0. 1. 1. 1. 0. 1. 0. 0. 0. 0. 0. 0. 0. 0. 0. 0.
  0. 0. 0. 0. 0. 0.]
 [1. 1. 0. 1. 1. 1. 1. 1. 1. 0. 1. 1. 1. 1. 1. 0. 0. 0. 0. 0. 0. 0. 0. 0.
  0. 0. 0. 0. 0. 0.]
 [1. 1. 1. 1. 0. 1. 1. 1. 1. 1. 1. 0. 1. 1. 1. 0. 0. 0. 0. 0. 0. 0. 0. 0.
  0. 0. 0. 0. 0. 0.]
 [1. 1. 1. 1. 1. 1. 1. 1. 1. 1. 1. 1. 1. 1. 1. 0. 0. 0. 0. 0. 0. 0. 0. 0.
  0. 0. 0. 0. 0. 0.]
 [0. 1. 1. 1. 1. 0. 1. 1. 1. 0. 0. 1. 1. 1. 1. 0. 0. 0. 0. 0. 0. 0. 0. 0.
  0. 0. 0. 0. 0. 0.]]
start_times_array: [[11957.         12033.         12037.         12135.
  12246.99999871 12362.99999871 12454.99999871 12529.99999871
  12576.99999871 12611.99999871 12681.99999871 12702.99999871
  12722.9999987  12801.99999871 12882.99999871]
 [ 1997.          2339.          2424.          3556.
  11537.         11550.         11607.         11633.
  11696.         11734.         11825.         11898.
  12135.99999871 12209.99999871 12297.99999871]
 [ 2712.          9612.          9922.          9957.
  10544.         10593.         10663.         10961.
  10966.         11007.         11009.         11104.
  11132.         11169.         11247.        ]
 [ 2310.         10482.         10555.         10578.
  10655.         10702.         10726.         10755.
  10843.         10912.         10961.         10989.
  11055.         11059.         11141.        ]
 [  995.          3023.          9606.          9677.
   9758.          9794.          9890.          9985.
  10030.         10040.         10095.         10182.
  10247.         10301.         10327.        ]
 [ 8503.          8749.          8786.          8791.
   8869.          8932.          9028.          9053.
   9139.          9224.          9280.          9305.
   9335.          9433.          9511.        ]
 [ 2682.          3049.          3379.          8081.
   8168.          8220.          8279.          8301.
   8343.          8389.          8449.          8543.
   8630.          8652.          8785.        ]
 [ 7183.          7234.          7309.          7311.
   7397.          7416.          7504.          7524.
   7612.          7636.          7678.          7768.
   7788.          7817.          7837.        ]
 [ 5888.          6284.          6380.          6485.
   6579.          6657.          6720.          6764.
   6772.          6840.          6917.          6969.
   7043.          7086.          7096.        ]
 [  614.          2107.          2185.          3064.
   6111.          6193.          6284.          6372.
   6448.          6485.          6528.          6580.
   6651.          6696.          6795.        ]
 [ 1413.          2468.          5298.          5455.
   5540.          5551.          5567.          5591.
   5601.          5611.          5623.          5733.
   5774.          5812.          5956.        ]
 [ 1818.          4506.          4604.          4672.
   4686.          4743.          4745.          4797.
   4833.          4891.          4945.          5044.
   5156.          5208.          5397.        ]
 [ 1281.          3947.          3953.          4018.
   4091.          4144.          4210.          4225.
   4308.          4388.          4461.          4547.
   4604.          4627.          4715.        ]
 [ 3740.          3829.          3942.          3996.
   4091.          4119.          4188.          4192.
   4199.          4239.          4321.          4429.
   4451.          4466.          4468.        ]
 [ 1275.          1653.          2310.          3293.
   3601.          3683.          3740.          3767.
   3829.          3886.          3942.          4018.
   4060.          4119.          4139.        ]
 [  122.           233.           257.           519.
   2771.          2849.          3091.          3129.
   3172.          3187.          3239.          3362.
   3468.          3532.          3913.        ]
 [   27.          2496.          2521.          2591.
   2597.          2600.          2609.          2772.
   2797.          2855.          2910.          3001.
   3097.          3255.          3908.        ]
 [ 1341.          1590.          1610.          1631.
   1796.          1880.          2602.          2700.
   2776.          2806.          2904.          2932.
   2940.          3013.          3109.        ]
 [  363.          1382.          1642.          2202.
   2476.          2567.          2605.          2772.
   2891.          2943.          3064.          3067.
   3200.          3487.          3541.        ]
 [   79.           235.          1554.          1769.
   2068.          2134.          2149.          2158.
   2225.          2427.          2483.          2496.
   2544.          2551.          2617.        ]
 [ 1008.          1460.          1911.          1944.
   1972.          1995.          2026.          2042.
   2057.          2483.          2604.          2611.
   2855.          2947.          3512.        ]
 [  239.           312.           348.           493.
   1719.          2498.          2797.          2890.
   3064.          3145.          3362.          3468.
   3496.          5660.          5899.        ]
 [    0.           121.99999999  1460.          1482.
   1521.          1548.          1586.          1600.
   1655.          1719.          2995.          3172.
   3269.          3287.          3485.        ]
 [  768.           770.           773.           921.
   1023.          1092.          1150.          1334.
   1477.          1561.          1702.          2772.
   2813.          2850.          3908.        ]
 [   33.           145.           168.           216.
    285.           504.           513.           947.
    991.          1023.          1049.          1142.
   1196.          2521.          3512.        ]
 [  531.           836.           922.           928.
   1023.          1062.          1134.          1135.
   1143.          1160.          1220.          1261.
   2661.          2772.          3091.        ]
 [   18.           157.           436.           514.
    611.           663.           721.           770.
    853.           864.           913.           937.
   1023.          1134.          1168.        ]
 [    0.            80.           162.           237.
    331.           398.           413.           436.
    689.           693.           744.           767.
    807.          1062.          1168.        ]
 [    0.            14.            47.            63.
     77.           101.           102.           141.
    237.           312.           348.           440.
    514.           535.           720.        ]
 [    0.            33.           177.99999999   285.
    334.           392.           424.           519.
    583.           594.           607.           650.
    748.           780.           836.        ]]
