optimal_status: 0
solution: 4721.999999527679
cpu_time: 3600.129266023636
gap: 0.7601140671740811
upper_bound: 1132.7413746906861
lower_bound: 4721.999999527679
cg_matrix: [[0. 1. 1. 0. 0. 0. 0. 0. 0. 1. 1. 1. 1. 0. 1.]
 [1. 0. 0. 0. 1. 0. 0. 0. 1. 1. 0. 0. 1. 0. 1.]
 [1. 0. 0. 1. 1. 1. 1. 0. 1. 1. 1. 1. 1. 1. 0.]
 [0. 0. 1. 0. 1. 0. 0. 1. 0. 1. 1. 1. 1. 0. 0.]
 [0. 1. 1. 1. 0. 0. 1. 0. 1. 1. 1. 1. 0. 0. 0.]
 [0. 0. 1. 0. 0. 0. 0. 1. 0. 0. 1. 1. 0. 0. 1.]
 [0. 0. 1. 0. 1. 0. 0. 1. 1. 0. 1. 1. 0. 1. 0.]
 [0. 0. 0. 1. 0. 1. 1. 0. 0. 1. 0. 0. 0. 1. 1.]
 [0. 1. 1. 0. 1. 0. 1. 0. 0. 1. 0. 1. 0. 1. 0.]
 [1. 1. 1. 1. 1. 0. 0. 1. 1. 0. 0. 1. 1. 0. 0.]
 [1. 0. 1. 1. 1. 1. 1. 0. 0. 0. 0. 1. 0. 0. 0.]
 [1. 0. 1. 1. 1. 1. 1. 0. 1. 1. 1. 0. 1. 1. 1.]
 [1. 1. 1. 1. 0. 0. 0. 0. 0. 1. 0. 1. 0. 0. 0.]
 [0. 0. 1. 0. 0. 0. 1. 1. 1. 0. 0. 1. 0. 0. 0.]
 [1. 1. 0. 0. 0. 1. 0. 1. 0. 0. 0. 1. 0. 0. 0.]]
start_times_array: [[ 388.          471.          781.         1121.         1175.
  2047.         2408.         2489.         2787.         2864.
  2896.         3304.         3673.         3870.         4112.        ]
 [  24.          131.          199.          278.          671.
  1379.         1972.         2168.         2704.         3010.
  3106.         3544.         3828.         3995.         4618.        ]
 [   0.          242.          472.          925.         1461.
  1825.         2172.         2498.         2707.         3097.
  3244.         3754.         3965.         3989.         4594.        ]
 [ 208.          389.          808.         1281.         1379.
  1972.         2053.         2134.         2228.         2704.
  2766.         2919.         3673.         4114.         4352.        ]
 [ 304.         1089.         1169.         1629.         2342.
  2458.         2642.         2826.         2829.         3304.
  3703.         3712.         3870.         4306.         4694.99999953]
 [  94.          122.          404.          470.          640.
   781.         1000.         1061.         1145.         1233.
  1289.         1629.         1975.         2047.         2149.        ]
 [ 216.          237.          758.          853.         1000.
  1022.         1224.         1976.         2096.         2661.
  3268.         3609.         4091.         4225.         4269.        ]
 [ 133.          242.          675.          872.          959.
  1387.         1886.         2315.         2492.         2836.
  3304.         3498.         3870.         3972.         4653.99999953]
 [ 395.          609.         1301.         1549.         1704.
  2061.         2243.         2492.         2787.         2919.
  2946.         3403.         3698.         4333.         4694.        ]
 [  46.          538.         1022.         1205.         1735.
  2574.         2656.         2690.         3186.         3268.
  3582.         3866.         4094.         4211.         4423.        ]
 [  46.           86.          171.          299.          538.
   539.          607.         1549.         1735.         2267.
  2574.         3179.         3443.         3582.         4211.        ]
 [ 133.          675.          877.         1387.         1710.
  1725.         1883.         2533.         3000.         3485.
  3850.         4044.         4190.         4499.         4674.        ]
 [ 299.          618.          660.          758.         1077.
  1549.         1682.         2267.         2306.         2394.
  2836.         3238.         3396.         3420.         3424.        ]
 [ 119.          322.          391.          538.          596.
   603.          670.         1038.         1086.         1735.
  1823.         1975.         2092.         2410.         3313.        ]
 [   0.           28.          383.          491.          511.
   590.          758.         1218.         1482.         1496.
  1735.         2219.         2593.         4222.         4496.        ]]
