optimal_status: 0
solution: 16692.0
cpu_time: 3601.0353009700775
gap: 0.9255577475574539
upper_bound: 1242.5900777709799
lower_bound: 16692.0
cg_matrix: [[0. 1. 1. 0. 1. 1. 0. 1. 1. 1. 1. 0. 1. 0. 1. 0. 1. 1. 0. 1. 1. 0. 1. 1.
  0. 1. 1. 1. 0. 1. 1. 1. 1. 1. 1. 1. 0. 1. 1. 1. 1. 1. 1. 1. 1. 1. 0. 0.
  0. 1.]
 [1. 0. 0. 1. 1. 1. 1. 0. 0. 1. 1. 1. 1. 0. 1. 1. 0. 1. 0. 1. 1. 1. 0. 1.
  1. 1. 1. 1. 1. 1. 1. 1. 1. 0. 1. 0. 1. 0. 0. 1. 1. 0. 1. 1. 1. 0. 1. 0.
  1. 1.]
 [1. 0. 0. 1. 1. 1. 1. 1. 1. 1. 0. 1. 1. 1. 1. 0. 1. 1. 1. 1. 0. 1. 0. 1.
  1. 0. 0. 1. 1. 1. 0. 1. 1. 1. 1. 0. 1. 1. 1. 1. 0. 1. 1. 1. 0. 1. 1. 0.
  1. 1.]
 [0. 1. 1. 0. 1. 1. 1. 1. 1. 1. 1. 0. 1. 1. 1. 1. 1. 1. 1. 0. 1. 1. 1. 0.
  1. 1. 1. 0. 1. 1. 0. 1. 1. 0. 1. 1. 0. 1. 0. 1. 1. 1. 1. 0. 0. 1. 1. 0.
  1. 1.]
 [1. 1. 1. 1. 0. 0. 0. 1. 1. 1. 1. 0. 0. 0. 1. 1. 1. 1. 1. 1. 1. 1. 1. 1.
  0. 0. 1. 1. 1. 1. 1. 1. 1. 1. 1. 1. 0. 1. 0. 1. 1. 0. 1. 1. 1. 1. 0. 1.
  0. 1.]
 [1. 1. 1. 1. 0. 0. 1. 1. 1. 1. 1. 1. 0. 1. 1. 1. 1. 1. 1. 1. 1. 1. 1. 1.
  1. 1. 0. 1. 1. 1. 1. 1. 1. 1. 1. 1. 1. 1. 1. 1. 0. 1. 0. 1. 1. 1. 1. 1.
  0. 1.]
 [0. 1. 1. 1. 0. 1. 0. 1. 0. 0. 0. 1. 1. 1. 0. 0. 1. 1. 1. 0. 0. 1. 1. 1.
  1. 1. 1. 1. 1. 1. 0. 1. 0. 1. 0. 1. 1. 0. 0. 1. 1. 1. 1. 1. 1. 1. 1. 1.
  0. 1.]
 [1. 0. 1. 1. 1. 1. 1. 0. 1. 1. 1. 1. 0. 1. 1. 1. 1. 1. 1. 1. 1. 1. 1. 1.
  0. 1. 1. 0. 1. 1. 1. 1. 1. 1. 1. 1. 1. 0. 1. 1. 0. 0. 1. 1. 1. 1. 1. 0.
  1. 1.]
 [1. 0. 1. 1. 1. 1. 0. 1. 0. 1. 0. 1. 1. 1. 1. 1. 1. 1. 1. 1. 1. 1. 0. 1.
  0. 1. 1. 1. 0. 1. 1. 1. 1. 1. 1. 1. 1. 1. 0. 1. 1. 1. 1. 0. 1. 1. 1. 1.
  1. 1.]
 [1. 1. 1. 1. 1. 1. 0. 1. 1. 0. 1. 0. 0. 1. 1. 0. 1. 0. 0. 1. 1. 1. 1. 1.
  1. 1. 1. 1. 0. 1. 0. 1. 1. 1. 1. 0. 1. 1. 1. 0. 1. 1. 1. 1. 1. 1. 1. 1.
  1. 0.]
 [1. 1. 0. 1. 1. 1. 0. 1. 0. 1. 0. 0. 1. 1. 1. 1. 1. 0. 1. 1. 1. 1. 0. 1.
  1. 1. 0. 1. 1. 1. 0. 1. 1. 1. 1. 1. 1. 1. 1. 1. 1. 0. 0. 1. 1. 0. 0. 1.
  1. 1.]
 [0. 1. 1. 0. 0. 1. 1. 1. 1. 0. 0. 0. 0. 1. 0. 1. 0. 1. 1. 1. 1. 1. 1. 1.
  1. 1. 1. 1. 1. 1. 1. 1. 1. 1. 1. 0. 1. 1. 1. 1. 1. 0. 1. 1. 1. 1. 1. 1.
  0. 1.]
 [1. 1. 1. 1. 0. 0. 1. 0. 1. 0. 1. 0. 0. 1. 1. 0. 1. 1. 1. 0. 1. 0. 1. 1.
  1. 0. 1. 0. 0. 0. 1. 1. 1. 1. 1. 1. 1. 1. 0. 1. 1. 1. 0. 0. 1. 1. 1. 1.
  0. 1.]
 [0. 0. 1. 1. 0. 1. 1. 1. 1. 1. 1. 1. 1. 0. 0. 1. 0. 0. 0. 1. 0. 1. 0. 0.
  1. 1. 1. 1. 1. 1. 0. 1. 1. 1. 0. 1. 1. 1. 1. 1. 1. 1. 1. 1. 1. 1. 1. 1.
  1. 1.]
 [1. 1. 1. 1. 1. 1. 0. 1. 1. 1. 1. 0. 1. 0. 0. 1. 0. 0. 0. 0. 1. 0. 1. 1.
  1. 1. 1. 1. 1. 1. 0. 1. 1. 1. 1. 1. 1. 1. 1. 0. 1. 1. 1. 0. 1. 0. 0. 1.
  1. 1.]
 [0. 1. 0. 1. 1. 1. 0. 1. 1. 0. 1. 1. 0. 1. 1. 0. 0. 0. 0. 0. 0. 0. 0. 0.
  0. 0. 0. 0. 0. 0. 0. 0. 0. 0. 0. 0. 0. 0. 0. 0. 0. 0. 0. 0. 0. 0. 0. 0.
  0. 0.]
 [1. 0. 1. 1. 1. 1. 1. 1. 1. 1. 1. 0. 1. 0. 0. 0. 0. 0. 0. 0. 0. 0. 0. 0.
  0. 0. 0. 0. 0. 0. 0. 0. 0. 0. 0. 0. 0. 0. 0. 0. 0. 0. 0. 0. 0. 0. 0. 0.
  0. 0.]
 [1. 1. 1. 1. 1. 1. 1. 1. 1. 0. 0. 1. 1. 0. 0. 0. 0. 0. 0. 0. 0. 0. 0. 0.
  0. 0. 0. 0. 0. 0. 0. 0. 0. 0. 0. 0. 0. 0. 0. 0. 0. 0. 0. 0. 0. 0. 0. 0.
  0. 0.]
 [0. 0. 1. 1. 1. 1. 1. 1. 1. 0. 1. 1. 1. 0. 0. 0. 0. 0. 0. 0. 0. 0. 0. 0.
  0. 0. 0. 0. 0. 0. 0. 0. 0. 0. 0. 0. 0. 0. 0. 0. 0. 0. 0. 0. 0. 0. 0. 0.
  0. 0.]
 [1. 1. 1. 0. 1. 1. 0. 1. 1. 1. 1. 1. 0. 1. 0. 0. 0. 0. 0. 0. 0. 0. 0. 0.
  0. 0. 0. 0. 0. 0. 0. 0. 0. 0. 0. 0. 0. 0. 0. 0. 0. 0. 0. 0. 0. 0. 0. 0.
  0. 0.]
 [1. 1. 0. 1. 1. 1. 0. 1. 1. 1. 1. 1. 1. 0. 1. 0. 0. 0. 0. 0. 0. 0. 0. 0.
  0. 0. 0. 0. 0. 0. 0. 0. 0. 0. 0. 0. 0. 0. 0. 0. 0. 0. 0. 0. 0. 0. 0. 0.
  0. 0.]
 [0. 1. 1. 1. 1. 1. 1. 1. 1. 1. 1. 1. 0. 1. 0. 0. 0. 0. 0. 0. 0. 0. 0. 0.
  0. 0. 0. 0. 0. 0. 0. 0. 0. 0. 0. 0. 0. 0. 0. 0. 0. 0. 0. 0. 0. 0. 0. 0.
  0. 0.]
 [1. 0. 0. 1. 1. 1. 1. 1. 0. 1. 0. 1. 1. 0. 1. 0. 0. 0. 0. 0. 0. 0. 0. 0.
  0. 0. 0. 0. 0. 0. 0. 0. 0. 0. 0. 0. 0. 0. 0. 0. 0. 0. 0. 0. 0. 0. 0. 0.
  0. 0.]
 [1. 1. 1. 0. 1. 1. 1. 1. 1. 1. 1. 1. 1. 0. 1. 0. 0. 0. 0. 0. 0. 0. 0. 0.
  0. 0. 0. 0. 0. 0. 0. 0. 0. 0. 0. 0. 0. 0. 0. 0. 0. 0. 0. 0. 0. 0. 0. 0.
  0. 0.]
 [0. 1. 1. 1. 0. 1. 1. 0. 0. 1. 1. 1. 1. 1. 1. 0. 0. 0. 0. 0. 0. 0. 0. 0.
  0. 0. 0. 0. 0. 0. 0. 0. 0. 0. 0. 0. 0. 0. 0. 0. 0. 0. 0. 0. 0. 0. 0. 0.
  0. 0.]
 [1. 1. 0. 1. 0. 1. 1. 1. 1. 1. 1. 1. 0. 1. 1. 0. 0. 0. 0. 0. 0. 0. 0. 0.
  0. 0. 0. 0. 0. 0. 0. 0. 0. 0. 0. 0. 0. 0. 0. 0. 0. 0. 0. 0. 0. 0. 0. 0.
  0. 0.]
 [1. 1. 0. 1. 1. 0. 1. 1. 1. 1. 0. 1. 1. 1. 1. 0. 0. 0. 0. 0. 0. 0. 0. 0.
  0. 0. 0. 0. 0. 0. 0. 0. 0. 0. 0. 0. 0. 0. 0. 0. 0. 0. 0. 0. 0. 0. 0. 0.
  0. 0.]
 [1. 1. 1. 0. 1. 1. 1. 0. 1. 1. 1. 1. 0. 1. 1. 0. 0. 0. 0. 0. 0. 0. 0. 0.
  0. 0. 0. 0. 0. 0. 0. 0. 0. 0. 0. 0. 0. 0. 0. 0. 0. 0. 0. 0. 0. 0. 0. 0.
  0. 0.]
 [0. 1. 1. 1. 1. 1. 1. 1. 0. 0. 1. 1. 0. 1. 1. 0. 0. 0. 0. 0. 0. 0. 0. 0.
  0. 0. 0. 0. 0. 0. 0. 0. 0. 0. 0. 0. 0. 0. 0. 0. 0. 0. 0. 0. 0. 0. 0. 0.
  0. 0.]
 [1. 1. 1. 1. 1. 1. 1. 1. 1. 1. 1. 1. 0. 1. 1. 0. 0. 0. 0. 0. 0. 0. 0. 0.
  0. 0. 0. 0. 0. 0. 0. 0. 0. 0. 0. 0. 0. 0. 0. 0. 0. 0. 0. 0. 0. 0. 0. 0.
  0. 0.]
 [1. 1. 0. 0. 1. 1. 0. 1. 1. 0. 0. 1. 1. 0. 0. 0. 0. 0. 0. 0. 0. 0. 0. 0.
  0. 0. 0. 0. 0. 0. 0. 0. 0. 0. 0. 0. 0. 0. 0. 0. 0. 0. 0. 0. 0. 0. 0. 0.
  0. 0.]
 [1. 1. 1. 1. 1. 1. 1. 1. 1. 1. 1. 1. 1. 1. 1. 0. 0. 0. 0. 0. 0. 0. 0. 0.
  0. 0. 0. 0. 0. 0. 0. 0. 0. 0. 0. 0. 0. 0. 0. 0. 0. 0. 0. 0. 0. 0. 0. 0.
  0. 0.]
 [1. 1. 1. 1. 1. 1. 0. 1. 1. 1. 1. 1. 1. 1. 1. 0. 0. 0. 0. 0. 0. 0. 0. 0.
  0. 0. 0. 0. 0. 0. 0. 0. 0. 0. 0. 0. 0. 0. 0. 0. 0. 0. 0. 0. 0. 0. 0. 0.
  0. 0.]
 [1. 0. 1. 0. 1. 1. 1. 1. 1. 1. 1. 1. 1. 1. 1. 0. 0. 0. 0. 0. 0. 0. 0. 0.
  0. 0. 0. 0. 0. 0. 0. 0. 0. 0. 0. 0. 0. 0. 0. 0. 0. 0. 0. 0. 0. 0. 0. 0.
  0. 0.]
 [1. 1. 1. 1. 1. 1. 0. 1. 1. 1. 1. 1. 1. 0. 1. 0. 0. 0. 0. 0. 0. 0. 0. 0.
  0. 0. 0. 0. 0. 0. 0. 0. 0. 0. 0. 0. 0. 0. 0. 0. 0. 0. 0. 0. 0. 0. 0. 0.
  0. 0.]
 [1. 0. 0. 1. 1. 1. 1. 1. 1. 0. 1. 0. 1. 1. 1. 0. 0. 0. 0. 0. 0. 0. 0. 0.
  0. 0. 0. 0. 0. 0. 0. 0. 0. 0. 0. 0. 0. 0. 0. 0. 0. 0. 0. 0. 0. 0. 0. 0.
  0. 0.]
 [0. 1. 1. 0. 0. 1. 1. 1. 1. 1. 1. 1. 1. 1. 1. 0. 0. 0. 0. 0. 0. 0. 0. 0.
  0. 0. 0. 0. 0. 0. 0. 0. 0. 0. 0. 0. 0. 0. 0. 0. 0. 0. 0. 0. 0. 0. 0. 0.
  0. 0.]
 [1. 0. 1. 1. 1. 1. 0. 0. 1. 1. 1. 1. 1. 1. 1. 0. 0. 0. 0. 0. 0. 0. 0. 0.
  0. 0. 0. 0. 0. 0. 0. 0. 0. 0. 0. 0. 0. 0. 0. 0. 0. 0. 0. 0. 0. 0. 0. 0.
  0. 0.]
 [1. 0. 1. 0. 0. 1. 0. 1. 0. 1. 1. 1. 0. 1. 1. 0. 0. 0. 0. 0. 0. 0. 0. 0.
  0. 0. 0. 0. 0. 0. 0. 0. 0. 0. 0. 0. 0. 0. 0. 0. 0. 0. 0. 0. 0. 0. 0. 0.
  0. 0.]
 [1. 1. 1. 1. 1. 1. 1. 1. 1. 0. 1. 1. 1. 1. 0. 0. 0. 0. 0. 0. 0. 0. 0. 0.
  0. 0. 0. 0. 0. 0. 0. 0. 0. 0. 0. 0. 0. 0. 0. 0. 0. 0. 0. 0. 0. 0. 0. 0.
  0. 0.]
 [1. 1. 0. 1. 1. 0. 1. 0. 1. 1. 1. 1. 1. 1. 1. 0. 0. 0. 0. 0. 0. 0. 0. 0.
  0. 0. 0. 0. 0. 0. 0. 0. 0. 0. 0. 0. 0. 0. 0. 0. 0. 0. 0. 0. 0. 0. 0. 0.
  0. 0.]
 [1. 0. 1. 1. 0. 1. 1. 0. 1. 1. 0. 0. 1. 1. 1. 0. 0. 0. 0. 0. 0. 0. 0. 0.
  0. 0. 0. 0. 0. 0. 0. 0. 0. 0. 0. 0. 0. 0. 0. 0. 0. 0. 0. 0. 0. 0. 0. 0.
  0. 0.]
 [1. 1. 1. 1. 1. 0. 1. 1. 1. 1. 0. 1. 0. 1. 1. 0. 0. 0. 0. 0. 0. 0. 0. 0.
  0. 0. 0. 0. 0. 0. 0. 0. 0. 0. 0. 0. 0. 0. 0. 0. 0. 0. 0. 0. 0. 0. 0. 0.
  0. 0.]
 [1. 1. 1. 0. 1. 1. 1. 1. 0. 1. 1. 1. 0. 1. 0. 0. 0. 0. 0. 0. 0. 0. 0. 0.
  0. 0. 0. 0. 0. 0. 0. 0. 0. 0. 0. 0. 0. 0. 0. 0. 0. 0. 0. 0. 0. 0. 0. 0.
  0. 0.]
 [1. 1. 0. 0. 1. 1. 1. 1. 1. 1. 1. 1. 1. 1. 1. 0. 0. 0. 0. 0. 0. 0. 0. 0.
  0. 0. 0. 0. 0. 0. 0. 0. 0. 0. 0. 0. 0. 0. 0. 0. 0. 0. 0. 0. 0. 0. 0. 0.
  0. 0.]
 [1. 0. 1. 1. 1. 1. 1. 1. 1. 1. 0. 1. 1. 1. 0. 0. 0. 0. 0. 0. 0. 0. 0. 0.
  0. 0. 0. 0. 0. 0. 0. 0. 0. 0. 0. 0. 0. 0. 0. 0. 0. 0. 0. 0. 0. 0. 0. 0.
  0. 0.]
 [0. 1. 1. 1. 0. 1. 1. 1. 1. 1. 0. 1. 1. 1. 0. 0. 0. 0. 0. 0. 0. 0. 0. 0.
  0. 0. 0. 0. 0. 0. 0. 0. 0. 0. 0. 0. 0. 0. 0. 0. 0. 0. 0. 0. 0. 0. 0. 0.
  0. 0.]
 [0. 0. 0. 0. 1. 1. 1. 0. 1. 1. 1. 1. 1. 1. 1. 0. 0. 0. 0. 0. 0. 0. 0. 0.
  0. 0. 0. 0. 0. 0. 0. 0. 0. 0. 0. 0. 0. 0. 0. 0. 0. 0. 0. 0. 0. 0. 0. 0.
  0. 0.]
 [0. 1. 1. 1. 0. 0. 0. 1. 1. 1. 1. 0. 0. 1. 1. 0. 0. 0. 0. 0. 0. 0. 0. 0.
  0. 0. 0. 0. 0. 0. 0. 0. 0. 0. 0. 0. 0. 0. 0. 0. 0. 0. 0. 0. 0. 0. 0. 0.
  0. 0.]
 [1. 1. 1. 1. 1. 1. 1. 1. 1. 0. 1. 1. 1. 1. 1. 0. 0. 0. 0. 0. 0. 0. 0. 0.
  0. 0. 0. 0. 0. 0. 0. 0. 0. 0. 0. 0. 0. 0. 0. 0. 0. 0. 0. 0. 0. 0. 0. 0.
  0. 0.]]
start_times_array: [[5.95000000e+03 6.10200000e+03 1.60960000e+04 1.61610000e+04
  1.62250000e+04 1.63010000e+04 1.63830000e+04 1.64250000e+04
  1.64350000e+04 1.64850000e+04 1.65140000e+04 1.65440000e+04
  1.65970000e+04 1.66490000e+04 1.66680000e+04]
 [6.00000000e+02 1.12400000e+03 1.50040000e+04 1.50810000e+04
  1.54570000e+04 1.55330000e+04 1.56200000e+04 1.56810000e+04
  1.57320000e+04 1.57930000e+04 1.58920000e+04 1.59300000e+04
  1.60280000e+04 1.60620000e+04 1.61810000e+04]
 [6.00000000e+02 1.48000000e+03 1.50040000e+04 1.50670000e+04
  1.50820000e+04 1.51570000e+04 1.51840000e+04 1.52820000e+04
  1.53200000e+04 1.53770000e+04 1.54570000e+04 1.55130000e+04
  1.55670000e+04 1.56220000e+04 1.56570000e+04]
 [1.40060000e+04 1.40780000e+04 1.42480000e+04 1.43150000e+04
  1.43730000e+04 1.43870000e+04 1.44460000e+04 1.44520000e+04
  1.45220000e+04 1.46100000e+04 1.46760000e+04 1.47410000e+04
  1.48370000e+04 1.49320000e+04 1.49880000e+04]
 [1.21070000e+04 1.22320000e+04 1.23220000e+04 1.23250000e+04
  1.24010000e+04 1.27730000e+04 1.28511218e+04 1.35950000e+04
  1.36070000e+04 1.36620000e+04 1.37540000e+04 1.37960000e+04
  1.38640000e+04 1.39310000e+04 1.41510000e+04]
 [8.14000000e+02 1.28650000e+04 1.29040000e+04 1.29840000e+04
  1.30000000e+04 1.30760000e+04 1.31210000e+04 1.32180000e+04
  1.32880000e+04 1.33420000e+04 1.33800000e+04 1.34560000e+04
  1.35400000e+04 1.35950000e+04 1.37540000e+04]
 [1.20470000e+04 1.22320000e+04 1.22850000e+04 1.23220000e+04
  1.24060000e+04 1.24390000e+04 1.25080000e+04 1.25600000e+04
  1.25710000e+04 1.25730000e+04 1.25800000e+04 1.26590000e+04
  1.26950000e+04 1.27730000e+04 1.28850000e+04]
 [1.10760000e+04 1.11990000e+04 1.14930000e+04 1.15550000e+04
  1.15800000e+04 1.16180000e+04 1.16840000e+04 1.17520000e+04
  1.17580000e+04 1.18180000e+04 1.19110000e+04 1.19580000e+04
  1.20210000e+04 1.21280000e+04 1.21860000e+04]
 [1.06580000e+04 1.06770000e+04 1.06810000e+04 1.07470000e+04
  1.07980000e+04 1.08590000e+04 1.08750000e+04 1.09470000e+04
  1.09910000e+04 1.11040000e+04 1.12770000e+04 1.13140000e+04
  1.13350000e+04 1.14290000e+04 1.15720000e+04]
 [5.55000000e+02 2.38400000e+03 9.96000000e+03 1.00120000e+04
  1.00620000e+04 1.01390000e+04 1.01770000e+04 1.02370000e+04
  1.02390000e+04 1.02890000e+04 1.03540000e+04 1.04250000e+04
  1.04920000e+04 1.05870000e+04 1.09670000e+04]
 [1.38200000e+03 9.09300000e+03 9.09900000e+03 9.14100000e+03
  9.21500000e+03 9.34900000e+03 9.38700000e+03 9.44200000e+03
  9.52600000e+03 9.62200000e+03 9.70800000e+03 9.75500000e+03
  9.79300000e+03 9.79700000e+03 9.86900000e+03]
 [8.49100000e+03 8.69646962e+03 8.74546962e+03 8.96700000e+03
  9.02400000e+03 9.04000000e+03 9.04700000e+03 9.06000000e+03
  9.07800000e+03 9.17400000e+03 9.41846962e+03 9.47146962e+03
  9.54146962e+03 9.70000000e+03 9.77400000e+03]
 [8.15600000e+03 8.22700000e+03 8.33500000e+03 8.46600000e+03
  8.49300000e+03 8.57200000e+03 8.64700000e+03 8.71800000e+03
  8.80600000e+03 8.82000000e+03 8.85600000e+03 8.94400000e+03
  8.96700000e+03 9.01900000e+03 9.27100000e+03]
 [6.51500000e+03 7.31600000e+03 7.38500000e+03 7.42800000e+03
  7.44800000e+03 7.48500000e+03 7.69500000e+03 7.77772743e+03
  7.81172743e+03 7.86572743e+03 8.03700000e+03 8.05000000e+03
  8.07800000e+03 8.29300000e+03 8.38000000e+03]
 [1.41400000e+03 7.18300000e+03 7.31600000e+03 7.35300000e+03
  7.42800000e+03 7.48400000e+03 7.56100000e+03 7.58200000e+03
  7.59000000e+03 7.64200000e+03 7.69500000e+03 7.70700000e+03
  7.78800000e+03 7.86000000e+03 7.93900000e+03]
 [6.56100000e+03 6.65000000e+03 6.66000000e+03 6.75800000e+03
  6.77300000e+03 6.82800000e+03 6.87600000e+03 6.96700000e+03
  7.00000000e+03 7.02800000e+03 7.07000000e+03 7.08300000e+03
  7.16800000e+03 7.27100000e+03 7.29200000e+03]
 [6.11500000e+03 6.15900000e+03 6.26000000e+03 6.33900000e+03
  6.73500000e+03 6.78300000e+03 6.86100000e+03 6.92800000e+03
  7.00000000e+03 7.08700000e+03 7.15100000e+03 7.17200000e+03
  7.23000000e+03 7.72572743e+03 7.90699420e+03]
 [0.00000000e+00 3.20000000e+01 2.86000000e+02 3.78000000e+02
  4.79000000e+02 8.44000000e+02 1.01400000e+03 1.04700000e+03
  1.35600000e+03 1.39800000e+03 6.43800000e+03 6.50900000e+03
  6.57900000e+03 6.65700000e+03 6.67200000e+03]
 [2.50000000e+01 5.33372045e+03 6.09700000e+03 6.17600000e+03
  6.23500000e+03 6.31200000e+03 6.41100000e+03 6.43800000e+03
  6.48100000e+03 6.54200000e+03 6.55300000e+03 6.57300000e+03
  6.63900000e+03 6.87400000e+03 7.02100000e+03]
 [6.00000000e+01 1.66000000e+02 2.83000000e+02 4.71000000e+02
  8.44000000e+02 9.55000000e+02 9.85000000e+02 1.10100000e+03
  1.28500000e+03 1.56000000e+03 6.20700000e+03 6.27500000e+03
  6.28100000e+03 6.35200000e+03 6.48400000e+03]
 [1.35000000e+02 3.79000000e+02 5.07000000e+02 5.80400000e+03
  5.88900000e+03 6.11500000e+03 6.17200000e+03 6.26200000e+03
  6.34500000e+03 6.35300000e+03 6.45200000e+03 6.48100000e+03
  6.48900000e+03 6.52900000e+03 6.59300000e+03]
 [0.00000000e+00 1.05000000e+02 1.94000000e+02 1.95000000e+02
  3.39000000e+02 4.16000000e+02 4.97000000e+02 6.29000000e+02
  7.73000000e+02 8.66000000e+02 9.76000000e+02 1.03700000e+03
  1.06100000e+03 1.09300000e+03 1.33400000e+03]
 [5.20300000e+03 5.24500000e+03 5.28400000e+03 5.55800000e+03
  5.59900000e+03 5.63900000e+03 5.68400000e+03 5.69800000e+03
  5.72500000e+03 5.73300000e+03 5.76200000e+03 6.11500000e+03
  6.20700000e+03 6.35500000e+03 6.48900000e+03]
 [5.29200000e+03 5.30600000e+03 5.43300000e+03 5.44300000e+03
  5.44900000e+03 5.47600000e+03 5.53300000e+03 5.58700000e+03
  5.64900000e+03 5.70600000e+03 5.80400000e+03 5.83600000e+03
  5.86800000e+03 5.88900000e+03 6.03600000e+03]
 [3.00000000e+00 9.00000000e+00 3.20000000e+01 6.50000000e+01
  1.53000000e+02 5.20000000e+02 4.78500000e+03 4.86400000e+03
  4.92700000e+03 4.97800000e+03 5.18600000e+03 5.25200000e+03
  5.31100000e+03 5.94600000e+03 6.07700000e+03]
 [6.50000000e+01 1.01000000e+02 4.53600000e+03 4.60600000e+03
  4.68700000e+03 4.80200000e+03 4.87500000e+03 4.97100000e+03
  5.07400000e+03 5.13000000e+03 5.15700000e+03 5.20600000e+03
  5.52900000e+03 5.55600000e+03 5.59500000e+03]
 [0.00000000e+00 1.22000000e+02 4.09000000e+02 1.34500000e+03
  2.65200000e+03 4.61100000e+03 4.64300000e+03 5.01700000e+03
  5.04700000e+03 5.09600000e+03 5.17000000e+03 5.24900000e+03
  5.29900000e+03 5.36800000e+03 5.50700000e+03]
 [3.74000000e+02 3.63600000e+03 3.97400000e+03 4.34600000e+03
  4.35700000e+03 4.39800000e+03 4.52100000e+03 4.79500000e+03
  5.17500000e+03 5.17800000e+03 5.23200000e+03 5.33000000e+03
  5.41200000e+03 5.54600000e+03 5.63000000e+03]
 [9.00000000e+00 9.90000000e+01 2.00000000e+02 4.56300000e+03
  4.65400000e+03 4.74700000e+03 4.78500000e+03 4.87500000e+03
  4.89600000e+03 4.93800000e+03 4.97800000e+03 4.99300000e+03
  5.01700000e+03 5.11400000e+03 5.14800000e+03]
 [4.15800000e+03 4.23200000e+03 4.35400000e+03 4.45200000e+03
  4.45900000e+03 4.53000000e+03 4.53600000e+03 4.56800000e+03
  4.58300000e+03 4.67000000e+03 4.67600000e+03 4.78000000e+03
  4.85300000e+03 4.97500000e+03 5.04200000e+03]
 [3.74574468e+03 3.86500000e+03 3.95200000e+03 3.97900000e+03
  4.05500000e+03 4.21500000e+03 4.25000000e+03 4.25400000e+03
  4.31100000e+03 4.35400000e+03 4.45200000e+03 4.51400000e+03
  4.56300000e+03 4.61200000e+03 4.80100000e+03]
 [4.70000000e+01 3.25000000e+02 4.11000000e+02 7.70000000e+02
  1.01700000e+03 1.73500000e+03 3.53800000e+03 3.98700000e+03
  4.46500000e+03 4.60700000e+03 4.61400000e+03 4.71100000e+03
  4.78000000e+03 4.87700000e+03 5.07500000e+03]
 [1.45000000e+02 1.65500000e+03 2.86500000e+03 3.14100000e+03
  4.01100000e+03 4.08200000e+03 4.10700000e+03 4.12000000e+03
  4.12700000e+03 4.23700000e+03 4.26300000e+03 4.37800000e+03
  4.45100000e+03 4.52400000e+03 4.80700000e+03]
 [2.20000000e+01 1.03000000e+02 3.05000000e+02 3.14000000e+02
  3.74000000e+02 4.08000000e+02 4.95000000e+02 3.54400000e+03
  3.59400000e+03 3.68000000e+03 3.73000000e+03 3.88700000e+03
  3.90600000e+03 3.92000000e+03 4.21000000e+03]
 [4.40000000e+01 3.45200000e+03 3.53800000e+03 3.59400000e+03
  3.72000000e+03 3.76900000e+03 3.78500000e+03 3.83100000e+03
  3.92400000e+03 4.01100000e+03 4.05000000e+03 4.07200000e+03
  4.07300000e+03 4.14400000e+03 4.14800000e+03]
 [2.75000000e+02 3.25000000e+02 4.22000000e+02 6.58000000e+02
  8.44000000e+02 3.32300000e+03 3.45100000e+03 3.47900000e+03
  3.50600000e+03 3.52700000e+03 3.58200000e+03 3.66200000e+03
  3.67200000e+03 3.76100000e+03 3.84800000e+03]
 [2.20000000e+03 2.49100000e+03 2.57100000e+03 2.63000000e+03
  2.78800000e+03 3.05300000e+03 3.06500000e+03 3.11000000e+03
  3.16800000e+03 3.19200000e+03 3.27800000e+03 3.32300000e+03
  3.41200000e+03 3.42900000e+03 3.51300000e+03]
 [0.00000000e+00 2.20000000e+01 4.80000000e+01 2.94800000e+03
  2.96600000e+03 3.01200000e+03 3.10000000e+03 3.11000000e+03
  3.20000000e+03 3.28000000e+03 3.33300000e+03 3.41200000e+03
  3.51000000e+03 3.53800000e+03 3.58900000e+03]
 [8.80000000e+01 1.81000000e+02 2.56800000e+03 2.80700000e+03
  2.88000000e+03 2.94100000e+03 2.94800000e+03 3.03600000e+03
  3.05300000e+03 3.13400000e+03 3.20300000e+03 3.27900000e+03
  3.29100000e+03 3.36200000e+03 3.42300000e+03]
 [2.79000000e+02 3.00000000e+02 2.22500000e+03 2.31400000e+03
  2.35200000e+03 2.57800000e+03 2.70400000e+03 2.74600000e+03
  2.77200000e+03 2.86100000e+03 2.94100000e+03 2.95100000e+03
  3.10000000e+03 3.14900000e+03 3.19400000e+03]
 [2.08800000e+03 2.17800000e+03 2.18000000e+03 2.31900000e+03
  2.33600000e+03 2.46800000e+03 2.51400000e+03 2.52000000e+03
  2.56300000e+03 2.57900000e+03 2.63000000e+03 2.70400000e+03
  2.78700000e+03 2.88700000e+03 2.95100000e+03]
 [0.00000000e+00 4.70000000e+01 2.43000000e+02 2.75000000e+02
  3.20000000e+02 4.01000000e+02 4.98000000e+02 5.40000000e+02
  7.35000000e+02 9.59000000e+02 1.16800000e+03 1.22300000e+03
  1.32100000e+03 2.71400000e+03 2.82200000e+03]
 [0.00000000e+00 1.58000000e+02 1.73400000e+03 1.78700000e+03
  1.86500000e+03 1.93600000e+03 2.00100000e+03 2.08800000e+03
  2.10400000e+03 2.13900000e+03 2.14800000e+03 2.18100000e+03
  2.23700000e+03 2.31600000e+03 2.46800000e+03]
 [2.34000000e+02 1.56700000e+03 1.59800000e+03 1.61200000e+03
  1.65500000e+03 1.67600000e+03 1.73400000e+03 1.81600000e+03
  1.90100000e+03 1.98900000e+03 2.06500000e+03 2.10400000e+03
  2.17400000e+03 2.23700000e+03 2.80800000e+03]
 [7.70000000e+01 1.48000000e+02 2.47000000e+02 3.25000000e+02
  4.08000000e+02 4.96000000e+02 5.05000000e+02 6.19000000e+02
  7.38000000e+02 1.20000000e+03 1.28500000e+03 1.84100000e+03
  1.90000000e+03 1.96900000e+03 2.06900000e+03]
 [0.00000000e+00 3.00000000e+00 6.00000000e+01 1.48000000e+02
  2.77000000e+02 2.83000000e+02 3.14000000e+02 3.93000000e+02
  6.32000000e+02 7.27000000e+02 9.71000000e+02 1.03700000e+03
  1.07200000e+03 1.29900000e+03 1.31600000e+03]
 [7.46000000e+02 1.01400000e+03 1.21200000e+03 1.29600000e+03
  1.36000000e+03 1.41300000e+03 1.56000000e+03 1.60400000e+03
  1.60500000e+03 1.66800000e+03 1.69500000e+03 1.70500000e+03
  1.72600000e+03 1.77600000e+03 1.78900000e+03]
 [1.00000000e+00 1.17000000e+02 1.94000000e+02 2.34000000e+02
  3.81000000e+02 4.63000000e+02 7.53000000e+02 9.32000000e+02
  1.00400000e+03 1.06000000e+03 1.22700000e+03 1.27500000e+03
  1.36600000e+03 1.36900000e+03 2.21100000e+03]
 [0.00000000e+00 3.30000000e+02 6.29000000e+02 7.22000000e+02
  7.53000000e+02 7.67000000e+02 8.25000000e+02 8.56000000e+02
  9.18000000e+02 9.59000000e+02 1.01400000e+03 1.05800000e+03
  1.07100000e+03 1.20000000e+03 1.23300000e+03]
 [0.00000000e+00 8.00000000e+00 1.03000000e+02 1.47000000e+02
  1.85000000e+02 1.91000000e+02 3.22000000e+02 4.09000000e+02
  4.56000000e+02 4.98000000e+02 6.29000000e+02 7.22000000e+02
  9.33000000e+02 9.71000000e+02 1.06900000e+03]]
