optimal_status: 0
solution: 10051.0
cpu_time: 3600.638204097748
gap: 0.8485983922560585
upper_bound: 1521.7375594343553
lower_bound: 10051.0
cg_matrix: [[0. 1. 0. 1. 0. 1. 0. 0. 0. 1. 1. 1. 1. 1. 0. 0. 0. 0. 0. 1. 1. 1. 0. 1.
  1. 0. 1. 1. 0. 0. 1. 0. 1. 0. 1. 0. 0. 0. 1. 1. 0. 0. 0. 1. 1. 1. 1. 0.
  1. 0.]
 [1. 0. 0. 0. 1. 1. 0. 0. 1. 1. 0. 0. 0. 1. 1. 1. 1. 1. 1. 0. 0. 0. 1. 0.
  0. 1. 1. 1. 0. 1. 0. 1. 0. 0. 0. 1. 1. 0. 1. 1. 0. 0. 0. 1. 1. 1. 0. 1.
  0. 1.]
 [0. 0. 0. 0. 1. 0. 1. 1. 0. 1. 0. 1. 0. 1. 0. 0. 0. 1. 0. 1. 1. 1. 1. 0.
  0. 0. 1. 1. 1. 1. 1. 1. 0. 0. 1. 1. 0. 0. 0. 1. 0. 0. 0. 1. 1. 1. 0. 1.
  0. 1.]
 [1. 0. 0. 0. 1. 1. 0. 1. 0. 0. 0. 1. 1. 1. 0. 1. 1. 0. 1. 0. 1. 0. 1. 0.
  1. 0. 1. 1. 1. 0. 1. 1. 0. 1. 1. 1. 0. 1. 1. 0. 1. 0. 0. 0. 1. 1. 1. 1.
  0. 1.]
 [0. 1. 1. 1. 0. 1. 0. 1. 0. 0. 1. 0. 1. 0. 0. 1. 1. 0. 1. 1. 0. 0. 1. 0.
  0. 0. 1. 0. 0. 1. 0. 1. 0. 1. 1. 0. 1. 1. 1. 0. 0. 1. 0. 1. 1. 1. 0. 0.
  0. 1.]
 [1. 1. 0. 1. 1. 0. 0. 0. 0. 1. 0. 1. 1. 1. 0. 0. 0. 0. 1. 0. 1. 1. 1. 1.
  0. 1. 1. 1. 0. 0. 0. 1. 0. 0. 0. 0. 0. 0. 1. 1. 0. 0. 1. 1. 0. 0. 1. 0.
  1. 1.]
 [0. 0. 1. 0. 0. 0. 0. 1. 0. 0. 0. 1. 1. 1. 1. 1. 0. 0. 1. 0. 0. 0. 1. 1.
  1. 0. 0. 0. 1. 0. 0. 0. 1. 1. 1. 0. 1. 0. 0. 0. 1. 0. 1. 0. 1. 0. 0. 0.
  0. 0.]
 [0. 0. 1. 1. 1. 0. 1. 0. 0. 0. 0. 0. 0. 1. 0. 0. 1. 0. 0. 1. 1. 0. 0. 1.
  1. 0. 0. 0. 0. 1. 1. 1. 1. 1. 0. 0. 0. 0. 1. 1. 0. 1. 0. 0. 1. 1. 0. 1.
  1. 0.]
 [0. 1. 0. 0. 0. 0. 0. 0. 0. 1. 0. 1. 1. 0. 0. 0. 1. 0. 1. 0. 1. 1. 0. 1.
  0. 0. 1. 1. 1. 0. 0. 0. 0. 0. 0. 0. 0. 1. 0. 0. 1. 1. 1. 1. 1. 1. 0. 0.
  1. 0.]
 [1. 1. 1. 0. 0. 1. 0. 0. 1. 0. 1. 1. 0. 0. 1. 0. 1. 0. 1. 0. 0. 0. 1. 1.
  0. 0. 0. 0. 1. 0. 0. 1. 0. 1. 1. 1. 1. 1. 1. 0. 1. 0. 1. 1. 0. 1. 1. 0.
  0. 0.]
 [1. 0. 0. 0. 1. 0. 0. 0. 0. 1. 0. 1. 0. 0. 1. 1. 1. 0. 1. 0. 0. 0. 0. 1.
  1. 1. 0. 1. 1. 0. 0. 1. 0. 1. 1. 1. 1. 0. 1. 1. 1. 0. 1. 0. 0. 1. 1. 1.
  0. 0.]
 [1. 0. 1. 1. 0. 1. 1. 0. 1. 1. 1. 0. 0. 1. 0. 1. 1. 0. 1. 0. 0. 0. 0. 1.
  0. 1. 1. 1. 0. 0. 0. 1. 1. 1. 0. 0. 1. 1. 1. 0. 0. 0. 0. 0. 0. 0. 1. 0.
  1. 1.]
 [1. 0. 0. 1. 1. 1. 1. 0. 1. 0. 0. 0. 0. 0. 0. 0. 1. 0. 0. 0. 0. 1. 1. 1.
  1. 1. 1. 1. 0. 0. 1. 1. 1. 0. 1. 0. 1. 0. 1. 1. 0. 1. 1. 0. 1. 1. 1. 1.
  0. 1.]
 [1. 1. 1. 1. 0. 1. 1. 1. 0. 0. 0. 1. 0. 0. 0. 0. 1. 0. 0. 0. 1. 1. 1. 0.
  0. 0. 0. 1. 0. 0. 1. 0. 0. 1. 0. 0. 0. 1. 0. 1. 1. 0. 1. 1. 0. 1. 0. 0.
  1. 1.]
 [0. 1. 0. 0. 0. 0. 1. 0. 0. 1. 1. 0. 0. 0. 0. 0. 0. 1. 1. 1. 0. 1. 0. 0.
  0. 1. 1. 0. 1. 1. 1. 1. 0. 1. 1. 1. 1. 1. 1. 1. 1. 1. 0. 0. 0. 0. 0. 0.
  0. 0.]
 [0. 1. 0. 1. 1. 0. 1. 0. 0. 0. 1. 1. 0. 0. 0. 0. 0. 0. 0. 0. 0. 0. 0. 0.
  0. 0. 0. 0. 0. 0. 0. 0. 0. 0. 0. 0. 0. 0. 0. 0. 0. 0. 0. 0. 0. 0. 0. 0.
  0. 0.]
 [0. 1. 0. 1. 1. 0. 0. 1. 1. 1. 1. 1. 1. 1. 0. 0. 0. 0. 0. 0. 0. 0. 0. 0.
  0. 0. 0. 0. 0. 0. 0. 0. 0. 0. 0. 0. 0. 0. 0. 0. 0. 0. 0. 0. 0. 0. 0. 0.
  0. 0.]
 [0. 1. 1. 0. 0. 0. 0. 0. 0. 0. 0. 0. 0. 0. 1. 0. 0. 0. 0. 0. 0. 0. 0. 0.
  0. 0. 0. 0. 0. 0. 0. 0. 0. 0. 0. 0. 0. 0. 0. 0. 0. 0. 0. 0. 0. 0. 0. 0.
  0. 0.]
 [0. 1. 0. 1. 1. 1. 1. 0. 1. 1. 1. 1. 0. 0. 1. 0. 0. 0. 0. 0. 0. 0. 0. 0.
  0. 0. 0. 0. 0. 0. 0. 0. 0. 0. 0. 0. 0. 0. 0. 0. 0. 0. 0. 0. 0. 0. 0. 0.
  0. 0.]
 [1. 0. 1. 0. 1. 0. 0. 1. 0. 0. 0. 0. 0. 0. 1. 0. 0. 0. 0. 0. 0. 0. 0. 0.
  0. 0. 0. 0. 0. 0. 0. 0. 0. 0. 0. 0. 0. 0. 0. 0. 0. 0. 0. 0. 0. 0. 0. 0.
  0. 0.]
 [1. 0. 1. 1. 0. 1. 0. 1. 1. 0. 0. 0. 0. 1. 0. 0. 0. 0. 0. 0. 0. 0. 0. 0.
  0. 0. 0. 0. 0. 0. 0. 0. 0. 0. 0. 0. 0. 0. 0. 0. 0. 0. 0. 0. 0. 0. 0. 0.
  0. 0.]
 [1. 0. 1. 0. 0. 1. 0. 0. 1. 0. 0. 0. 1. 1. 1. 0. 0. 0. 0. 0. 0. 0. 0. 0.
  0. 0. 0. 0. 0. 0. 0. 0. 0. 0. 0. 0. 0. 0. 0. 0. 0. 0. 0. 0. 0. 0. 0. 0.
  0. 0.]
 [0. 1. 1. 1. 1. 1. 1. 0. 0. 1. 0. 0. 1. 1. 0. 0. 0. 0. 0. 0. 0. 0. 0. 0.
  0. 0. 0. 0. 0. 0. 0. 0. 0. 0. 0. 0. 0. 0. 0. 0. 0. 0. 0. 0. 0. 0. 0. 0.
  0. 0.]
 [1. 0. 0. 0. 0. 1. 1. 1. 1. 1. 1. 1. 1. 0. 0. 0. 0. 0. 0. 0. 0. 0. 0. 0.
  0. 0. 0. 0. 0. 0. 0. 0. 0. 0. 0. 0. 0. 0. 0. 0. 0. 0. 0. 0. 0. 0. 0. 0.
  0. 0.]
 [1. 0. 0. 1. 0. 0. 1. 1. 0. 0. 1. 0. 1. 0. 0. 0. 0. 0. 0. 0. 0. 0. 0. 0.
  0. 0. 0. 0. 0. 0. 0. 0. 0. 0. 0. 0. 0. 0. 0. 0. 0. 0. 0. 0. 0. 0. 0. 0.
  0. 0.]
 [0. 1. 0. 0. 0. 1. 0. 0. 0. 0. 1. 1. 1. 0. 1. 0. 0. 0. 0. 0. 0. 0. 0. 0.
  0. 0. 0. 0. 0. 0. 0. 0. 0. 0. 0. 0. 0. 0. 0. 0. 0. 0. 0. 0. 0. 0. 0. 0.
  0. 0.]
 [1. 1. 1. 1. 1. 1. 0. 0. 1. 0. 0. 1. 1. 0. 1. 0. 0. 0. 0. 0. 0. 0. 0. 0.
  0. 0. 0. 0. 0. 0. 0. 0. 0. 0. 0. 0. 0. 0. 0. 0. 0. 0. 0. 0. 0. 0. 0. 0.
  0. 0.]
 [1. 1. 1. 1. 0. 1. 0. 0. 1. 0. 1. 1. 1. 1. 0. 0. 0. 0. 0. 0. 0. 0. 0. 0.
  0. 0. 0. 0. 0. 0. 0. 0. 0. 0. 0. 0. 0. 0. 0. 0. 0. 0. 0. 0. 0. 0. 0. 0.
  0. 0.]
 [0. 0. 1. 1. 0. 0. 1. 0. 1. 1. 1. 0. 0. 0. 1. 0. 0. 0. 0. 0. 0. 0. 0. 0.
  0. 0. 0. 0. 0. 0. 0. 0. 0. 0. 0. 0. 0. 0. 0. 0. 0. 0. 0. 0. 0. 0. 0. 0.
  0. 0.]
 [0. 1. 1. 0. 1. 0. 0. 1. 0. 0. 0. 0. 0. 0. 1. 0. 0. 0. 0. 0. 0. 0. 0. 0.
  0. 0. 0. 0. 0. 0. 0. 0. 0. 0. 0. 0. 0. 0. 0. 0. 0. 0. 0. 0. 0. 0. 0. 0.
  0. 0.]
 [1. 0. 1. 1. 0. 0. 0. 1. 0. 0. 0. 0. 1. 1. 1. 0. 0. 0. 0. 0. 0. 0. 0. 0.
  0. 0. 0. 0. 0. 0. 0. 0. 0. 0. 0. 0. 0. 0. 0. 0. 0. 0. 0. 0. 0. 0. 0. 0.
  0. 0.]
 [0. 1. 1. 1. 1. 1. 0. 1. 0. 1. 1. 1. 1. 0. 1. 0. 0. 0. 0. 0. 0. 0. 0. 0.
  0. 0. 0. 0. 0. 0. 0. 0. 0. 0. 0. 0. 0. 0. 0. 0. 0. 0. 0. 0. 0. 0. 0. 0.
  0. 0.]
 [1. 0. 0. 0. 0. 0. 1. 1. 0. 0. 0. 1. 1. 0. 0. 0. 0. 0. 0. 0. 0. 0. 0. 0.
  0. 0. 0. 0. 0. 0. 0. 0. 0. 0. 0. 0. 0. 0. 0. 0. 0. 0. 0. 0. 0. 0. 0. 0.
  0. 0.]
 [0. 0. 0. 1. 1. 0. 1. 1. 0. 1. 1. 1. 0. 1. 1. 0. 0. 0. 0. 0. 0. 0. 0. 0.
  0. 0. 0. 0. 0. 0. 0. 0. 0. 0. 0. 0. 0. 0. 0. 0. 0. 0. 0. 0. 0. 0. 0. 0.
  0. 0.]
 [1. 0. 1. 1. 1. 0. 1. 0. 0. 1. 1. 0. 1. 0. 1. 0. 0. 0. 0. 0. 0. 0. 0. 0.
  0. 0. 0. 0. 0. 0. 0. 0. 0. 0. 0. 0. 0. 0. 0. 0. 0. 0. 0. 0. 0. 0. 0. 0.
  0. 0.]
 [0. 1. 1. 1. 0. 0. 0. 0. 0. 1. 1. 0. 0. 0. 1. 0. 0. 0. 0. 0. 0. 0. 0. 0.
  0. 0. 0. 0. 0. 0. 0. 0. 0. 0. 0. 0. 0. 0. 0. 0. 0. 0. 0. 0. 0. 0. 0. 0.
  0. 0.]
 [0. 1. 0. 0. 1. 0. 1. 0. 0. 1. 1. 1. 1. 0. 1. 0. 0. 0. 0. 0. 0. 0. 0. 0.
  0. 0. 0. 0. 0. 0. 0. 0. 0. 0. 0. 0. 0. 0. 0. 0. 0. 0. 0. 0. 0. 0. 0. 0.
  0. 0.]
 [0. 0. 0. 1. 1. 0. 0. 0. 1. 1. 0. 1. 0. 1. 1. 0. 0. 0. 0. 0. 0. 0. 0. 0.
  0. 0. 0. 0. 0. 0. 0. 0. 0. 0. 0. 0. 0. 0. 0. 0. 0. 0. 0. 0. 0. 0. 0. 0.
  0. 0.]
 [1. 1. 0. 1. 1. 1. 0. 1. 0. 1. 1. 1. 1. 0. 1. 0. 0. 0. 0. 0. 0. 0. 0. 0.
  0. 0. 0. 0. 0. 0. 0. 0. 0. 0. 0. 0. 0. 0. 0. 0. 0. 0. 0. 0. 0. 0. 0. 0.
  0. 0.]
 [1. 1. 1. 0. 0. 1. 0. 1. 0. 0. 1. 0. 1. 1. 1. 0. 0. 0. 0. 0. 0. 0. 0. 0.
  0. 0. 0. 0. 0. 0. 0. 0. 0. 0. 0. 0. 0. 0. 0. 0. 0. 0. 0. 0. 0. 0. 0. 0.
  0. 0.]
 [0. 0. 0. 1. 0. 0. 1. 0. 1. 1. 1. 0. 0. 1. 1. 0. 0. 0. 0. 0. 0. 0. 0. 0.
  0. 0. 0. 0. 0. 0. 0. 0. 0. 0. 0. 0. 0. 0. 0. 0. 0. 0. 0. 0. 0. 0. 0. 0.
  0. 0.]
 [0. 0. 0. 0. 1. 0. 0. 1. 1. 0. 0. 0. 1. 0. 1. 0. 0. 0. 0. 0. 0. 0. 0. 0.
  0. 0. 0. 0. 0. 0. 0. 0. 0. 0. 0. 0. 0. 0. 0. 0. 0. 0. 0. 0. 0. 0. 0. 0.
  0. 0.]
 [0. 0. 0. 0. 0. 1. 1. 0. 1. 1. 1. 0. 1. 1. 0. 0. 0. 0. 0. 0. 0. 0. 0. 0.
  0. 0. 0. 0. 0. 0. 0. 0. 0. 0. 0. 0. 0. 0. 0. 0. 0. 0. 0. 0. 0. 0. 0. 0.
  0. 0.]
 [1. 1. 1. 0. 1. 1. 0. 0. 1. 1. 0. 0. 0. 1. 0. 0. 0. 0. 0. 0. 0. 0. 0. 0.
  0. 0. 0. 0. 0. 0. 0. 0. 0. 0. 0. 0. 0. 0. 0. 0. 0. 0. 0. 0. 0. 0. 0. 0.
  0. 0.]
 [1. 1. 1. 1. 1. 0. 1. 1. 1. 0. 0. 0. 1. 0. 0. 0. 0. 0. 0. 0. 0. 0. 0. 0.
  0. 0. 0. 0. 0. 0. 0. 0. 0. 0. 0. 0. 0. 0. 0. 0. 0. 0. 0. 0. 0. 0. 0. 0.
  0. 0.]
 [1. 1. 1. 1. 1. 0. 0. 1. 1. 1. 1. 0. 1. 1. 0. 0. 0. 0. 0. 0. 0. 0. 0. 0.
  0. 0. 0. 0. 0. 0. 0. 0. 0. 0. 0. 0. 0. 0. 0. 0. 0. 0. 0. 0. 0. 0. 0. 0.
  0. 0.]
 [1. 0. 0. 1. 0. 1. 0. 0. 0. 1. 1. 1. 1. 0. 0. 0. 0. 0. 0. 0. 0. 0. 0. 0.
  0. 0. 0. 0. 0. 0. 0. 0. 0. 0. 0. 0. 0. 0. 0. 0. 0. 0. 0. 0. 0. 0. 0. 0.
  0. 0.]
 [0. 1. 1. 1. 0. 0. 0. 1. 0. 0. 1. 0. 1. 0. 0. 0. 0. 0. 0. 0. 0. 0. 0. 0.
  0. 0. 0. 0. 0. 0. 0. 0. 0. 0. 0. 0. 0. 0. 0. 0. 0. 0. 0. 0. 0. 0. 0. 0.
  0. 0.]
 [1. 0. 0. 0. 0. 1. 0. 1. 1. 0. 0. 1. 0. 1. 0. 0. 0. 0. 0. 0. 0. 0. 0. 0.
  0. 0. 0. 0. 0. 0. 0. 0. 0. 0. 0. 0. 0. 0. 0. 0. 0. 0. 0. 0. 0. 0. 0. 0.
  0. 0.]
 [0. 1. 1. 1. 1. 1. 0. 0. 0. 0. 0. 1. 1. 1. 0. 0. 0. 0. 0. 0. 0. 0. 0. 0.
  0. 0. 0. 0. 0. 0. 0. 0. 0. 0. 0. 0. 0. 0. 0. 0. 0. 0. 0. 0. 0. 0. 0. 0.
  0. 0.]]
start_times_array: [[1.7570e+03 9.4250e+03 9.4680e+03 9.4930e+03 9.5920e+03 9.6820e+03
  9.7030e+03 9.7300e+03 9.7470e+03 9.7630e+03 9.8510e+03 9.9150e+03
  9.9240e+03 9.9740e+03 1.0029e+04]
 [6.5400e+02 8.7080e+03 8.7470e+03 8.8050e+03 8.8210e+03 8.9190e+03
  8.9770e+03 9.0580e+03 9.1090e+03 9.1190e+03 9.1500e+03 9.1990e+03
  9.2640e+03 9.3120e+03 9.3740e+03]
 [8.7320e+03 9.0130e+03 9.1120e+03 9.2080e+03 9.2590e+03 9.2750e+03
  9.3120e+03 9.3840e+03 9.4350e+03 9.4680e+03 9.5590e+03 9.5770e+03
  9.6610e+03 9.7480e+03 9.7790e+03]
 [7.7800e+02 8.7080e+03 8.8020e+03 8.8930e+03 8.8950e+03 8.9450e+03
  9.0340e+03 9.1120e+03 9.1170e+03 9.1470e+03 9.1570e+03 9.1990e+03
  9.2750e+03 9.3250e+03 9.3700e+03]
 [1.0760e+03 6.6630e+03 6.7160e+03 7.5540e+03 7.5680e+03 7.7540e+03
  7.7620e+03 7.8200e+03 7.9320e+03 7.9910e+03 8.0060e+03 8.3400e+03
  8.5450e+03 8.5990e+03 8.6560e+03]
 [7.3080e+03 7.3390e+03 7.3410e+03 7.3970e+03 7.4610e+03 7.6580e+03
  7.8140e+03 7.8960e+03 8.0450e+03 8.0740e+03 8.1310e+03 8.2170e+03
  8.2860e+03 8.3800e+03 8.4560e+03]
 [1.8000e+02 2.1900e+02 2.7500e+02 7.9060e+03 7.9800e+03 8.1510e+03
  8.2170e+03 8.3170e+03 8.3800e+03 8.4260e+03 8.5140e+03 8.5990e+03
  8.9190e+03 8.9910e+03 9.0590e+03]
 [9.9300e+02 5.7260e+03 6.1170e+03 6.2030e+03 6.2920e+03 6.3850e+03
  6.4480e+03 6.4820e+03 6.5790e+03 6.8500e+03 6.9110e+03 7.0580e+03
  7.1060e+03 8.0700e+03 8.4530e+03]
 [8.4000e+01 7.3080e+03 7.3190e+03 7.3370e+03 7.3910e+03 7.4870e+03
  7.5540e+03 7.6270e+03 7.6880e+03 7.7030e+03 7.7700e+03 7.8040e+03
  7.8410e+03 7.9990e+03 8.1630e+03]
 [6.2970e+03 6.3760e+03 6.3990e+03 6.4500e+03 6.5970e+03 6.6060e+03
  6.6600e+03 6.7450e+03 6.8330e+03 6.9160e+03 6.9710e+03 7.0580e+03
  7.1510e+03 7.2310e+03 7.3030e+03]
 [5.2910e+03 5.3450e+03 5.5620e+03 5.6160e+03 5.6770e+03 5.7260e+03
  5.7940e+03 5.9450e+03 5.9540e+03 5.9770e+03 6.1170e+03 6.2050e+03
  6.2870e+03 6.5100e+03 7.3370e+03]
 [1.4510e+03 3.2920e+03 3.4560e+03 4.6760e+03 4.7350e+03 4.7950e+03
  4.8930e+03 4.9340e+03 5.0210e+03 5.0480e+03 5.0790e+03 5.1580e+03
  5.2270e+03 5.3990e+03 5.4850e+03]
 [2.3050e+03 3.9370e+03 5.6750e+03 6.1500e+03 6.2190e+03 6.3120e+03
  6.3210e+03 6.4080e+03 6.4450e+03 6.4940e+03 6.6120e+03 6.8600e+03
  6.8870e+03 6.9280e+03 6.9770e+03]
 [3.9320e+03 3.9680e+03 3.9910e+03 4.0270e+03 4.0740e+03 4.1300e+03
  4.1980e+03 4.2790e+03 4.3280e+03 4.3730e+03 4.4400e+03 4.5290e+03
  4.5890e+03 4.5900e+03 4.6480e+03]
 [9.1500e+02 9.5800e+02 1.0340e+03 1.5230e+03 4.1570e+03 4.2070e+03
  4.2100e+03 4.2360e+03 4.2770e+03 4.3430e+03 4.3950e+03 4.4200e+03
  4.4530e+03 4.7710e+03 4.8100e+03]
 [5.3000e+01 1.5000e+02 2.2600e+02 3.2100e+02 3.8200e+02 4.7300e+02
  5.0700e+02 1.0100e+03 3.2410e+03 3.3850e+03 3.5070e+03 3.5810e+03
  4.5890e+03 5.6750e+03 6.7730e+03]
 [0.0000e+00 5.3000e+01 3.2100e+02 3.5500e+02 5.6100e+02 6.9300e+02
  1.3140e+03 1.3230e+03 2.0270e+03 3.6930e+03 3.7580e+03 3.7900e+03
  4.0680e+03 5.8500e+03 6.0350e+03]
 [3.0700e+02 3.8000e+02 5.5000e+02 1.1730e+03 3.4000e+03 3.6040e+03
  3.7550e+03 3.7580e+03 3.8650e+03 3.9220e+03 3.9980e+03 4.0360e+03
  4.0640e+03 4.1420e+03 4.4030e+03]
 [2.3500e+02 3.5800e+02 5.6100e+02 3.4850e+03 3.4960e+03 3.5540e+03
  3.6540e+03 3.6920e+03 3.7110e+03 3.7360e+03 3.7910e+03 3.8300e+03
  3.9220e+03 3.9800e+03 4.5760e+03]
 [5.5000e+01 8.9000e+01 1.0700e+02 3.2700e+02 3.7800e+02 6.3700e+02
  1.6910e+03 1.8880e+03 3.3150e+03 3.5520e+03 3.6970e+03 3.9320e+03
  3.9910e+03 3.9980e+03 4.0860e+03]
 [2.9000e+01 3.8300e+02 6.0000e+02 6.2700e+02 3.1100e+03 3.1330e+03
  3.2130e+03 3.2480e+03 3.4480e+03 3.4700e+03 3.5640e+03 3.7730e+03
  3.8090e+03 3.8520e+03 4.7350e+03]
 [3.7300e+02 1.8940e+03 2.2120e+03 2.6370e+03 2.8740e+03 2.8830e+03
  3.0100e+03 3.2930e+03 3.3470e+03 3.4110e+03 3.4560e+03 3.5620e+03
  3.5980e+03 3.6350e+03 3.6890e+03]
 [1.6960e+03 3.1170e+03 3.1370e+03 3.1850e+03 3.2760e+03 3.3210e+03
  3.3880e+03 3.3940e+03 3.4630e+03 3.5450e+03 3.6210e+03 3.6260e+03
  3.7080e+03 3.7900e+03 3.8600e+03]
 [2.1000e+01 6.2400e+02 9.6200e+02 2.8720e+03 2.8850e+03 2.9650e+03
  3.0090e+03 3.1040e+03 3.2020e+03 3.2480e+03 3.4850e+03 3.5700e+03
  3.6280e+03 3.6900e+03 4.1420e+03]
 [1.9890e+03 2.0490e+03 2.1780e+03 2.4690e+03 2.5040e+03 2.5960e+03
  2.6710e+03 2.7650e+03 3.0340e+03 3.1380e+03 3.1860e+03 3.2220e+03
  3.4080e+03 3.4360e+03 3.4730e+03]
 [0.0000e+00 6.2000e+01 1.3800e+02 2.6110e+03 2.8160e+03 2.8240e+03
  2.8420e+03 2.8630e+03 2.8910e+03 2.9630e+03 3.0280e+03 3.1100e+03
  3.1260e+03 3.1660e+03 3.7320e+03]
 [2.4900e+02 2.6100e+02 4.3900e+02 5.4100e+02 2.3760e+03 2.5330e+03
  2.5630e+03 2.6440e+03 2.6530e+03 2.7040e+03 3.1040e+03 3.1640e+03
  3.3760e+03 3.5140e+03 3.5950e+03]
 [7.1700e+02 1.2280e+03 2.2720e+03 2.4750e+03 2.5360e+03 2.7110e+03
  2.7160e+03 2.7170e+03 2.7360e+03 2.8160e+03 2.8560e+03 2.9870e+03
  3.0350e+03 3.0420e+03 3.6290e+03]
 [2.1600e+03 2.3080e+03 2.3840e+03 2.4790e+03 2.5420e+03 2.6570e+03
  2.7170e+03 2.8030e+03 2.8700e+03 2.8960e+03 2.9210e+03 3.0060e+03
  3.0180e+03 3.1210e+03 3.2730e+03]
 [0.0000e+00 5.7000e+01 4.1200e+02 5.3900e+02 1.7020e+03 2.3050e+03
  2.3080e+03 2.5090e+03 2.6280e+03 2.6520e+03 2.7440e+03 2.7950e+03
  3.0480e+03 3.0860e+03 3.1050e+03]
 [4.5000e+01 7.2400e+02 2.0110e+03 2.0840e+03 2.1170e+03 2.1400e+03
  2.2340e+03 2.3760e+03 2.4690e+03 2.5630e+03 2.6110e+03 2.6550e+03
  2.7360e+03 2.7370e+03 3.0190e+03]
 [3.1000e+01 3.1800e+02 4.1300e+02 4.4100e+02 4.4900e+02 5.9100e+02
  8.0000e+02 1.6460e+03 1.8040e+03 2.1690e+03 2.2180e+03 2.5960e+03
  2.6950e+03 2.8630e+03 3.4850e+03]
 [0.0000e+00 2.0000e+00 2.2000e+01 7.1000e+01 1.0300e+02 5.3000e+02
  5.4700e+02 6.1800e+02 6.9700e+02 7.2200e+02 8.3500e+02 8.8100e+02
  9.0100e+02 1.2120e+03 1.5980e+03]
 [3.3500e+02 1.9120e+03 2.0620e+03 2.1430e+03 2.1720e+03 2.2130e+03
  2.3190e+03 2.3840e+03 2.4520e+03 2.5310e+03 2.6280e+03 2.6630e+03
  2.7240e+03 2.7870e+03 2.8120e+03]
 [1.0000e+00 1.1590e+03 1.1930e+03 1.2730e+03 1.3860e+03 1.4600e+03
  1.4680e+03 1.5820e+03 1.6820e+03 1.8030e+03 2.6330e+03 2.7780e+03
  2.8420e+03 3.3180e+03 3.9980e+03]
 [4.2000e+01 1.5200e+02 1.7300e+02 2.4600e+02 2.6600e+02 2.7200e+02
  2.9500e+02 3.8300e+02 4.5500e+02 5.0900e+02 5.4200e+02 6.8300e+02
  6.9700e+02 8.3100e+02 1.1090e+03]
 [5.0000e+01 4.0800e+02 1.6650e+03 1.7610e+03 1.7990e+03 1.8470e+03
  1.8800e+03 1.9290e+03 1.9380e+03 2.0930e+03 2.1190e+03 2.2180e+03
  2.2360e+03 2.2770e+03 2.6210e+03]
 [1.1600e+02 2.1400e+02 2.6400e+02 2.9800e+02 3.4700e+02 4.3100e+02
  1.1490e+03 1.2040e+03 1.2900e+03 1.3580e+03 1.6610e+03 1.7330e+03
  1.8970e+03 1.9290e+03 2.0770e+03]
 [8.0900e+02 1.2630e+03 1.5820e+03 1.5880e+03 1.6870e+03 1.7040e+03
  1.7330e+03 1.8030e+03 1.8870e+03 1.9400e+03 1.9570e+03 2.0070e+03
  2.0600e+03 2.0840e+03 2.1510e+03]
 [7.6800e+02 1.0840e+03 1.1610e+03 1.2740e+03 1.3570e+03 1.4060e+03
  1.4880e+03 1.5820e+03 1.6400e+03 1.7260e+03 1.8030e+03 2.0410e+03
  2.0790e+03 2.1090e+03 2.1620e+03]
 [5.8300e+02 1.1500e+03 1.1670e+03 1.2500e+03 1.3230e+03 1.3840e+03
  1.4230e+03 1.6160e+03 1.6870e+03 1.7030e+03 2.0740e+03 2.1630e+03
  2.1930e+03 2.2390e+03 2.2650e+03]
 [1.1800e+02 4.9200e+02 5.0800e+02 6.9000e+02 1.1630e+03 1.3560e+03
  1.3860e+03 1.6140e+03 1.7570e+03 1.8410e+03 1.8890e+03 2.0100e+03
  2.1360e+03 2.1970e+03 2.2790e+03]
 [0.0000e+00 4.3400e+02 4.9600e+02 6.7500e+02 6.7800e+02 7.9700e+02
  1.1890e+03 1.2110e+03 1.2820e+03 1.3090e+03 1.3960e+03 1.4610e+03
  1.4730e+03 1.5230e+03 1.5460e+03]
 [3.0700e+02 3.8800e+02 4.2700e+02 4.8800e+02 5.2200e+02 5.8200e+02
  6.6300e+02 8.1200e+02 1.0810e+03 1.1990e+03 1.2350e+03 1.3830e+03
  1.3870e+03 1.3900e+03 1.8070e+03]
 [0.0000e+00 3.3900e+02 1.2330e+03 1.3070e+03 1.4650e+03 1.5510e+03
  1.5830e+03 1.5850e+03 1.6070e+03 1.6820e+03 1.8100e+03 1.8260e+03
  1.8760e+03 1.9400e+03 2.0100e+03]
 [2.0000e+00 1.3400e+02 1.9200e+02 4.2900e+02 4.3100e+02 4.5900e+02
  6.7100e+02 8.4600e+02 9.3500e+02 9.6600e+02 1.1420e+03 1.1890e+03
  1.3010e+03 1.3870e+03 1.7190e+03]
 [1.1000e+01 5.7000e+01 2.7800e+02 7.8100e+02 8.6800e+02 9.0200e+02
  9.3500e+02 9.7200e+02 1.0500e+03 1.1340e+03 1.2510e+03 1.2970e+03
  1.5230e+03 2.7610e+03 3.9280e+03]
 [6.8000e+01 1.6300e+02 2.4700e+02 2.6200e+02 3.4200e+02 4.2700e+02
  4.9200e+02 5.2100e+02 6.0400e+02 6.8500e+02 8.4500e+02 8.6800e+02
  9.6600e+02 9.6800e+02 1.0760e+03]
 [0.0000e+00 4.8000e+01 1.3600e+02 2.0600e+02 2.2500e+02 2.3800e+02
  2.9500e+02 3.8900e+02 3.9100e+02 4.4600e+02 6.4000e+02 7.1700e+02
  8.0900e+02 8.4800e+02 8.8700e+02]
 [0.0000e+00 2.9000e+01 8.9000e+01 1.1600e+02 2.2800e+02 4.8000e+02
  5.5200e+02 6.3200e+02 6.6300e+02 7.4800e+02 7.7300e+02 8.0300e+02
  9.9700e+02 1.1570e+03 1.8270e+03]]
