optimal_status: 0
solution: 5424.0
cpu_time: 3600.172173023224
gap: 0.7150328877978519
upper_bound: 1545.6616165844512
lower_bound: 5424.0
cg_matrix: [[0. 0. 1. 0. 0. 0. 0. 0. 0. 0. 0. 0. 1. 0. 0. 0. 0. 0. 0. 1. 0. 0. 0. 1.
  0. 1. 1. 0. 1. 0.]
 [0. 0. 0. 0. 0. 0. 0. 1. 0. 1. 0. 1. 0. 0. 0. 0. 0. 0. 0. 0. 0. 0. 0. 0.
  0. 0. 0. 0. 0. 1.]
 [1. 0. 0. 0. 0. 0. 0. 0. 0. 0. 0. 0. 0. 0. 0. 0. 0. 0. 0. 1. 1. 0. 0. 1.
  0. 0. 1. 0. 1. 0.]
 [0. 0. 0. 0. 0. 0. 0. 0. 0. 0. 0. 0. 0. 0. 1. 0. 0. 0. 0. 0. 1. 1. 0. 1.
  0. 0. 0. 0. 0. 0.]
 [0. 0. 0. 0. 0. 1. 0. 1. 0. 0. 0. 1. 0. 0. 0. 1. 0. 0. 0. 0. 0. 0. 0. 0.
  0. 0. 1. 1. 0. 0.]
 [0. 0. 0. 0. 1. 0. 1. 0. 0. 0. 0. 0. 0. 0. 0. 0. 0. 0. 0. 0. 0. 0. 1. 1.
  0. 0. 1. 0. 0. 0.]
 [0. 0. 0. 0. 0. 1. 0. 0. 0. 0. 0. 0. 1. 0. 0. 0. 0. 0. 0. 0. 0. 0. 0. 0.
  0. 0. 0. 0. 0. 1.]
 [0. 1. 0. 0. 1. 0. 0. 0. 1. 1. 0. 0. 0. 0. 0. 0. 1. 0. 0. 0. 0. 0. 0. 0.
  0. 0. 0. 0. 0. 0.]
 [0. 0. 0. 0. 0. 0. 0. 1. 0. 0. 1. 0. 0. 0. 0. 0. 0. 1. 0. 1. 1. 0. 0. 0.
  0. 0. 0. 0. 0. 0.]
 [0. 1. 0. 0. 0. 0. 0. 1. 0. 0. 0. 0. 0. 0. 1. 1. 0. 0. 0. 1. 1. 0. 0. 0.
  0. 0. 0. 0. 0. 0.]
 [0. 0. 0. 0. 0. 0. 0. 0. 1. 0. 0. 1. 0. 0. 0. 0. 1. 0. 0. 0. 0. 0. 0. 0.
  0. 0. 0. 0. 0. 0.]
 [0. 1. 0. 0. 1. 0. 0. 0. 0. 0. 1. 0. 0. 1. 0. 1. 0. 0. 0. 0. 0. 0. 0. 1.
  0. 1. 1. 0. 0. 0.]
 [1. 0. 0. 0. 0. 0. 1. 0. 0. 0. 0. 0. 0. 0. 0. 0. 0. 0. 0. 1. 0. 0. 0. 0.
  0. 0. 0. 0. 0. 0.]
 [0. 0. 0. 0. 0. 0. 0. 0. 0. 0. 0. 1. 0. 0. 0. 0. 1. 0. 0. 0. 0. 0. 0. 0.
  0. 1. 0. 0. 0. 0.]
 [0. 0. 0. 1. 0. 0. 0. 0. 0. 1. 0. 0. 0. 0. 0. 0. 0. 0. 0. 1. 0. 0. 0. 0.
  0. 0. 1. 0. 0. 0.]
 [0. 0. 0. 0. 1. 0. 0. 0. 0. 1. 0. 1. 0. 0. 0. 0. 0. 1. 0. 0. 0. 0. 0. 0.
  0. 0. 0. 0. 0. 0.]
 [0. 0. 0. 0. 0. 0. 0. 1. 0. 0. 1. 0. 0. 1. 0. 0. 0. 1. 0. 0. 0. 0. 0. 0.
  0. 1. 0. 0. 0. 0.]
 [0. 0. 0. 0. 0. 0. 0. 0. 1. 0. 0. 0. 0. 0. 0. 1. 1. 0. 0. 0. 0. 0. 0. 0.
  0. 0. 1. 0. 1. 0.]
 [0. 0. 0. 0. 0. 0. 0. 0. 0. 0. 0. 0. 0. 0. 0. 0. 0. 0. 0. 0. 0. 0. 0. 0.
  0. 0. 1. 1. 1. 0.]
 [1. 0. 1. 0. 0. 0. 0. 0. 1. 1. 0. 0. 1. 0. 1. 0. 0. 0. 0. 0. 0. 0. 0. 0.
  0. 0. 0. 0. 0. 0.]
 [0. 0. 1. 1. 0. 0. 0. 0. 1. 1. 0. 0. 0. 0. 0. 0. 0. 0. 0. 0. 0. 0. 0. 0.
  0. 0. 0. 0. 0. 0.]
 [0. 0. 0. 1. 0. 0. 0. 0. 0. 0. 0. 0. 0. 0. 0. 0. 0. 0. 0. 0. 0. 0. 0. 0.
  0. 0. 0. 0. 0. 0.]
 [0. 0. 0. 0. 0. 1. 0. 0. 0. 0. 0. 0. 0. 0. 0. 0. 0. 0. 0. 0. 0. 0. 0. 0.
  0. 0. 0. 0. 0. 0.]
 [1. 0. 1. 1. 0. 1. 0. 0. 0. 0. 0. 1. 0. 0. 0. 0. 0. 0. 0. 0. 0. 0. 0. 0.
  0. 0. 0. 0. 0. 0.]
 [0. 0. 0. 0. 0. 0. 0. 0. 0. 0. 0. 0. 0. 0. 0. 0. 0. 0. 0. 0. 0. 0. 0. 0.
  0. 0. 0. 0. 0. 0.]
 [1. 0. 0. 0. 0. 0. 0. 0. 0. 0. 0. 1. 0. 1. 0. 0. 1. 0. 0. 0. 0. 0. 0. 0.
  0. 0. 0. 0. 0. 0.]
 [1. 0. 1. 0. 1. 1. 0. 0. 0. 0. 0. 1. 0. 0. 1. 0. 0. 1. 1. 0. 0. 0. 0. 0.
  0. 0. 0. 0. 0. 0.]
 [0. 0. 0. 0. 1. 0. 0. 0. 0. 0. 0. 0. 0. 0. 0. 0. 0. 0. 1. 0. 0. 0. 0. 0.
  0. 0. 0. 0. 0. 0.]
 [1. 0. 1. 0. 0. 0. 0. 0. 0. 0. 0. 0. 0. 0. 0. 0. 0. 1. 1. 0. 0. 0. 0. 0.
  0. 0. 0. 0. 0. 0.]
 [0. 1. 0. 0. 0. 0. 1. 0. 0. 0. 0. 0. 0. 0. 0. 0. 0. 0. 0. 0. 0. 0. 0. 0.
  0. 0. 0. 0. 0. 0.]]
start_times_array: [[1.849e+03 2.150e+03 2.520e+03 2.730e+03 2.772e+03 2.789e+03 2.869e+03
  2.926e+03 3.076e+03 3.213e+03 3.264e+03 3.451e+03 4.176e+03 4.266e+03
  4.305e+03 4.476e+03 4.797e+03 4.879e+03 5.017e+03 5.358e+03]
 [2.110e+02 4.680e+02 7.390e+02 7.910e+02 3.054e+03 3.271e+03 3.445e+03
  3.481e+03 3.509e+03 3.665e+03 3.696e+03 3.792e+03 3.911e+03 4.052e+03
  4.330e+03 4.502e+03 4.753e+03 4.833e+03 5.122e+03 5.200e+03]
 [3.270e+02 5.790e+02 5.910e+02 6.250e+02 8.210e+02 8.800e+02 1.131e+03
  1.177e+03 1.303e+03 1.654e+03 1.908e+03 2.030e+03 2.635e+03 3.366e+03
  3.698e+03 3.738e+03 3.773e+03 4.384e+03 4.592e+03 4.964e+03]
 [4.070e+02 1.884e+03 1.979e+03 2.590e+03 2.651e+03 3.037e+03 3.242e+03
  3.481e+03 3.626e+03 3.702e+03 3.752e+03 3.770e+03 4.033e+03 4.290e+03
  4.352e+03 4.593e+03 4.971e+03 5.276e+03 5.348e+03 5.383e+03]
 [7.300e+02 8.910e+02 1.051e+03 1.692e+03 2.006e+03 2.146e+03 2.381e+03
  2.623e+03 2.671e+03 2.859e+03 3.048e+03 3.413e+03 3.699e+03 3.820e+03
  3.892e+03 4.039e+03 4.255e+03 4.821e+03 5.078e+03 5.220e+03]
 [5.000e+00 1.400e+01 3.080e+02 5.150e+02 1.242e+03 2.730e+03 2.827e+03
  2.839e+03 3.207e+03 3.337e+03 3.387e+03 3.496e+03 3.548e+03 4.414e+03
  4.510e+03 4.737e+03 4.851e+03 4.906e+03 4.958e+03 5.142e+03]
 [1.080e+02 5.360e+02 6.120e+02 1.416e+03 1.461e+03 1.523e+03 2.222e+03
  2.470e+03 2.859e+03 2.996e+03 3.055e+03 3.087e+03 3.244e+03 3.778e+03
  3.859e+03 3.937e+03 4.321e+03 4.560e+03 4.858e+03 5.107e+03]
 [6.300e+01 4.090e+02 5.420e+02 1.374e+03 1.490e+03 1.974e+03 3.137e+03
  3.527e+03 3.551e+03 3.581e+03 3.982e+03 4.147e+03 4.442e+03 4.486e+03
  4.519e+03 4.672e+03 4.872e+03 4.995e+03 5.282e+03 5.353e+03]
 [5.000e+00 5.790e+02 6.520e+02 1.301e+03 1.640e+03 1.693e+03 2.021e+03
  2.074e+03 2.457e+03 3.033e+03 3.235e+03 3.376e+03 3.452e+03 3.863e+03
  4.049e+03 4.231e+03 4.362e+03 4.380e+03 4.590e+03 5.185e+03]
 [1.380e+02 1.318e+03 2.198e+03 2.367e+03 3.366e+03 3.513e+03 3.710e+03
  3.815e+03 4.031e+03 4.035e+03 4.232e+03 4.278e+03 4.281e+03 4.288e+03
  4.562e+03 4.586e+03 4.766e+03 4.916e+03 5.079e+03 5.251e+03]
 [1.790e+02 2.510e+02 4.470e+02 7.390e+02 8.840e+02 9.570e+02 1.370e+03
  1.405e+03 1.509e+03 2.029e+03 2.107e+03 2.256e+03 2.321e+03 2.408e+03
  2.619e+03 2.725e+03 2.850e+03 2.951e+03 2.959e+03 3.336e+03]
 [0.000e+00 3.080e+02 3.940e+02 5.730e+02 5.760e+02 8.260e+02 1.144e+03
  1.242e+03 1.249e+03 1.310e+03 1.524e+03 1.570e+03 1.849e+03 1.945e+03
  2.216e+03 2.513e+03 2.562e+03 2.757e+03 2.931e+03 4.955e+03]
 [3.000e+01 6.500e+01 1.380e+02 6.540e+02 8.840e+02 1.084e+03 1.301e+03
  1.908e+03 1.978e+03 3.519e+03 3.652e+03 3.744e+03 3.943e+03 3.982e+03
  4.012e+03 4.077e+03 4.088e+03 4.685e+03 4.717e+03 4.870e+03]
 [2.110e+02 9.250e+02 2.144e+03 2.304e+03 2.709e+03 2.859e+03 3.293e+03
  3.451e+03 3.662e+03 3.859e+03 4.073e+03 4.213e+03 4.281e+03 4.288e+03
  4.437e+03 4.474e+03 4.630e+03 4.864e+03 4.954e+03 5.146e+03]
 [6.400e+01 1.930e+02 5.600e+02 6.210e+02 8.130e+02 8.590e+02 8.710e+02
  9.090e+02 1.084e+03 1.134e+03 1.570e+03 1.654e+03 2.023e+03 2.743e+03
  2.832e+03 2.903e+03 3.061e+03 3.919e+03 4.435e+03 5.122e+03]
 [3.100e+01 9.700e+01 1.820e+02 6.460e+02 7.570e+02 9.010e+02 9.640e+02
  9.660e+02 1.484e+03 3.527e+03 3.626e+03 3.944e+03 4.112e+03 4.138e+03
  4.399e+03 4.464e+03 4.833e+03 5.135e+03 5.180e+03 5.335e+03]
 [0.000e+00 1.070e+02 3.270e+02 4.070e+02 6.440e+02 8.330e+02 8.440e+02
  8.690e+02 9.610e+02 1.085e+03 1.225e+03 1.278e+03 1.479e+03 1.577e+03
  1.662e+03 1.725e+03 1.822e+03 1.860e+03 1.873e+03 1.915e+03]
 [2.010e+02 4.380e+02 4.840e+02 6.150e+02 1.158e+03 1.248e+03 2.730e+03
  2.833e+03 2.859e+03 3.381e+03 3.556e+03 3.565e+03 3.708e+03 3.731e+03
  3.817e+03 4.594e+03 4.971e+03 4.990e+03 5.044e+03 5.250e+03]
 [3.300e+01 3.760e+02 1.134e+03 1.294e+03 3.048e+03 3.076e+03 3.189e+03
  3.792e+03 4.003e+03 4.102e+03 4.305e+03 4.337e+03 4.431e+03 4.592e+03
  4.605e+03 4.797e+03 4.860e+03 4.964e+03 5.044e+03 5.243e+03]
 [8.200e+01 1.810e+02 2.530e+02 4.200e+02 4.620e+02 7.380e+02 9.680e+02
  9.860e+02 1.209e+03 1.229e+03 1.462e+03 1.496e+03 1.630e+03 1.751e+03
  2.243e+03 2.255e+03 2.424e+03 3.144e+03 3.273e+03 3.571e+03]
 [1.650e+02 2.380e+02 4.620e+02 4.870e+02 9.860e+02 1.404e+03 1.495e+03
  1.638e+03 2.119e+03 2.243e+03 2.922e+03 2.925e+03 3.126e+03 3.217e+03
  4.476e+03 4.690e+03 4.762e+03 4.840e+03 5.046e+03 5.122e+03]
 [3.300e+01 9.400e+01 1.180e+02 1.420e+02 1.640e+02 9.120e+02 1.238e+03
  1.349e+03 1.432e+03 1.524e+03 1.627e+03 2.015e+03 2.146e+03 2.428e+03
  2.527e+03 3.800e+03 3.825e+03 3.886e+03 4.451e+03 4.773e+03]
 [0.000e+00 3.000e+01 8.200e+01 1.740e+02 2.620e+02 3.830e+02 4.830e+02
  5.730e+02 9.040e+02 9.130e+02 1.007e+03 1.076e+03 1.291e+03 1.408e+03
  1.422e+03 1.590e+03 1.640e+03 1.860e+03 1.994e+03 2.519e+03]
 [3.100e+01 9.400e+01 1.130e+02 1.810e+02 6.570e+02 9.750e+02 1.051e+03
  1.385e+03 1.500e+03 2.057e+03 2.119e+03 2.284e+03 2.378e+03 2.381e+03
  2.386e+03 2.470e+03 3.838e+03 3.950e+03 4.690e+03 5.185e+03]
 [0.000e+00 8.500e+01 2.010e+02 2.690e+02 3.260e+02 3.890e+02 4.470e+02
  9.090e+02 1.093e+03 1.152e+03 1.237e+03 1.662e+03 1.763e+03 1.811e+03
  2.513e+03 2.850e+03 2.962e+03 2.966e+03 3.451e+03 3.488e+03]
 [6.300e+01 1.790e+02 2.700e+02 4.400e+02 5.330e+02 7.540e+02 2.015e+03
  2.619e+03 2.962e+03 3.369e+03 3.526e+03 3.982e+03 4.391e+03 4.523e+03
  4.549e+03 4.623e+03 4.660e+03 4.709e+03 5.086e+03 5.323e+03]
 [9.700e+01 6.570e+02 1.225e+03 1.238e+03 1.385e+03 1.462e+03 1.467e+03
  1.751e+03 2.086e+03 2.256e+03 2.355e+03 2.367e+03 2.402e+03 2.427e+03
  2.717e+03 2.955e+03 3.148e+03 3.279e+03 3.280e+03 3.607e+03]
 [0.000e+00 1.070e+02 1.930e+02 3.450e+02 5.330e+02 6.810e+02 7.570e+02
  9.450e+02 1.232e+03 1.496e+03 1.563e+03 1.647e+03 1.758e+03 1.944e+03
  3.220e+03 3.523e+03 3.610e+03 4.179e+03 4.495e+03 4.702e+03]
 [7.470e+02 9.750e+02 1.237e+03 1.385e+03 1.481e+03 1.520e+03 1.551e+03
  1.605e+03 1.744e+03 3.624e+03 3.919e+03 3.940e+03 3.959e+03 4.516e+03
  4.690e+03 4.754e+03 4.870e+03 4.934e+03 5.119e+03 5.341e+03]
 [0.000e+00 3.100e+01 2.530e+02 3.450e+02 3.720e+02 6.570e+02 8.590e+02
  9.770e+02 1.529e+03 1.577e+03 1.668e+03 1.849e+03 1.888e+03 1.986e+03
  2.117e+03 2.191e+03 2.305e+03 2.547e+03 2.582e+03 2.880e+03]]
