optimal_status: 0
solution: 37598.0
cpu_time: 3601.122754096985
gap: 0.9625955281309252
upper_bound: 1406.333333333475
lower_bound: 37598.0
cg_matrix: [[0. 1. 1. 1. 1. 1. 1. 0. 1. 1. 0. 0. 1. 1. 0. 1. 1. 1. 1. 1. 1. 0. 1. 1.
  0. 1. 1. 1. 1. 1. 1. 1. 1. 1. 1. 1. 0. 1. 1. 1. 1. 1. 1. 1. 1. 0. 1. 1.
  1. 1.]
 [1. 0. 1. 1. 1. 1. 1. 1. 1. 1. 1. 1. 1. 1. 1. 1. 1. 0. 1. 0. 1. 1. 1. 0.
  1. 1. 0. 0. 1. 1. 1. 1. 0. 1. 1. 1. 1. 1. 1. 1. 0. 1. 1. 1. 1. 1. 1. 1.
  0. 1.]
 [1. 1. 0. 0. 1. 1. 0. 1. 0. 1. 1. 1. 1. 0. 0. 1. 0. 1. 1. 1. 1. 1. 0. 1.
  1. 1. 1. 1. 1. 1. 0. 1. 1. 1. 1. 1. 1. 1. 1. 1. 1. 1. 1. 1. 1. 1. 1. 1.
  1. 1.]
 [1. 1. 0. 0. 1. 1. 1. 1. 0. 1. 1. 1. 1. 1. 1. 1. 1. 1. 1. 1. 0. 1. 1. 1.
  1. 0. 0. 1. 0. 1. 1. 1. 1. 1. 1. 0. 1. 1. 1. 0. 1. 1. 1. 1. 1. 1. 0. 1.
  1. 0.]
 [1. 1. 1. 1. 0. 1. 1. 1. 0. 1. 1. 1. 1. 1. 1. 1. 1. 1. 1. 1. 0. 1. 0. 1.
  1. 0. 1. 1. 1. 1. 1. 1. 1. 1. 1. 1. 0. 1. 1. 0. 0. 1. 1. 1. 0. 1. 1. 1.
  1. 0.]
 [1. 1. 1. 1. 1. 0. 1. 1. 1. 1. 1. 1. 1. 1. 1. 0. 1. 1. 0. 1. 1. 1. 1. 1.
  1. 1. 1. 1. 1. 1. 1. 1. 0. 1. 1. 1. 1. 1. 1. 1. 1. 1. 1. 1. 1. 1. 0. 0.
  1. 1.]
 [1. 1. 0. 1. 1. 1. 0. 1. 0. 1. 1. 0. 1. 1. 1. 1. 1. 1. 1. 1. 1. 1. 1. 0.
  1. 1. 1. 1. 1. 1. 1. 1. 1. 1. 0. 1. 0. 1. 0. 1. 1. 1. 1. 1. 1. 1. 0. 1.
  1. 0.]
 [0. 1. 1. 1. 1. 1. 1. 0. 1. 1. 1. 1. 1. 1. 1. 1. 1. 1. 0. 1. 1. 0. 1. 1.
  1. 1. 1. 1. 1. 0. 1. 0. 0. 0. 1. 1. 1. 1. 1. 1. 1. 0. 1. 1. 0. 1. 1. 0.
  1. 1.]
 [1. 1. 0. 0. 0. 1. 0. 1. 0. 1. 1. 0. 1. 1. 1. 1. 1. 1. 1. 1. 1. 1. 1. 1.
  1. 1. 1. 1. 1. 1. 1. 1. 1. 1. 1. 1. 1. 1. 1. 1. 1. 0. 1. 1. 0. 0. 1. 1.
  1. 1.]
 [1. 1. 1. 1. 1. 1. 1. 1. 1. 0. 1. 1. 1. 1. 1. 1. 0. 1. 1. 0. 1. 1. 0. 1.
  1. 1. 1. 1. 1. 0. 1. 1. 1. 1. 1. 1. 0. 0. 1. 0. 1. 1. 1. 0. 1. 0. 1. 1.
  1. 0.]
 [0. 1. 1. 1. 1. 1. 1. 1. 1. 1. 0. 1. 1. 0. 0. 0. 1. 1. 1. 1. 1. 1. 1. 1.
  1. 1. 1. 0. 1. 1. 1. 0. 1. 1. 1. 1. 1. 0. 1. 1. 1. 1. 1. 1. 1. 1. 1. 0.
  1. 1.]
 [0. 1. 1. 1. 1. 1. 0. 1. 0. 1. 1. 0. 1. 1. 1. 0. 1. 1. 1. 1. 0. 1. 1. 1.
  1. 0. 1. 0. 0. 1. 1. 0. 1. 1. 1. 1. 1. 1. 0. 0. 0. 1. 1. 1. 1. 1. 1. 1.
  1. 1.]
 [1. 1. 1. 1. 1. 1. 1. 1. 1. 1. 1. 1. 0. 1. 1. 1. 0. 1. 1. 0. 1. 1. 0. 0.
  0. 0. 1. 1. 1. 1. 1. 1. 1. 0. 1. 1. 1. 1. 1. 1. 1. 1. 1. 1. 1. 1. 1. 1.
  1. 1.]
 [1. 1. 0. 1. 1. 1. 1. 1. 1. 1. 0. 1. 1. 0. 0. 1. 0. 1. 1. 1. 0. 1. 1. 0.
  1. 1. 1. 1. 1. 1. 1. 1. 1. 1. 1. 1. 1. 1. 1. 1. 1. 1. 0. 1. 1. 1. 1. 1.
  1. 1.]
 [0. 1. 0. 1. 1. 1. 1. 1. 1. 1. 0. 1. 1. 0. 0. 1. 1. 1. 1. 1. 1. 1. 0. 0.
  1. 1. 1. 1. 0. 1. 1. 0. 1. 1. 1. 1. 0. 1. 1. 1. 1. 1. 1. 1. 1. 1. 1. 0.
  1. 1.]
 [1. 1. 1. 1. 1. 0. 1. 1. 1. 1. 0. 0. 1. 1. 1. 0. 1. 0. 0. 0. 1. 1. 1. 0.
  1. 1. 1. 1. 1. 1. 1. 1. 0. 1. 1. 1. 1. 0. 0. 1. 1. 0. 1. 1. 0. 1. 1. 1.
  1. 1.]
 [1. 1. 0. 1. 1. 1. 1. 1. 1. 0. 1. 1. 0. 0. 1. 1. 0. 1. 1. 1. 0. 1. 1. 1.
  1. 1. 1. 0. 1. 1. 0. 1. 1. 1. 1. 1. 1. 1. 1. 1. 1. 1. 1. 1. 1. 1. 0. 1.
  1. 1.]
 [1. 0. 1. 1. 1. 1. 1. 1. 1. 1. 1. 1. 1. 1. 1. 0. 1. 0. 1. 1. 1. 1. 1. 1.
  1. 1. 1. 1. 1. 1. 1. 1. 1. 0. 0. 0. 1. 1. 0. 0. 0. 0. 0. 1. 1. 1. 1. 0.
  1. 1.]
 [1. 1. 1. 1. 1. 0. 1. 0. 1. 1. 1. 1. 1. 1. 1. 0. 1. 1. 0. 1. 1. 1. 0. 1.
  0. 1. 1. 1. 0. 1. 1. 0. 1. 1. 1. 1. 1. 0. 1. 1. 1. 1. 1. 1. 1. 1. 1. 1.
  1. 1.]
 [1. 0. 1. 1. 1. 1. 1. 1. 1. 0. 1. 1. 0. 1. 1. 0. 1. 1. 1. 0. 1. 1. 1. 1.
  1. 0. 0. 0. 0. 1. 0. 0. 1. 1. 1. 1. 1. 1. 0. 0. 1. 1. 0. 1. 0. 1. 1. 1.
  1. 1.]
 [1. 1. 1. 0. 0. 1. 1. 1. 1. 1. 1. 0. 1. 0. 1. 1. 0. 1. 1. 1. 0. 0. 0. 0.
  0. 0. 0. 0. 0. 0. 0. 0. 0. 0. 0. 0. 0. 0. 0. 0. 0. 0. 0. 0. 0. 0. 0. 0.
  0. 0.]
 [0. 1. 1. 1. 1. 1. 1. 0. 1. 1. 1. 1. 1. 1. 1. 1. 1. 1. 1. 1. 0. 0. 0. 0.
  0. 0. 0. 0. 0. 0. 0. 0. 0. 0. 0. 0. 0. 0. 0. 0. 0. 0. 0. 0. 0. 0. 0. 0.
  0. 0.]
 [1. 1. 0. 1. 0. 1. 1. 1. 1. 0. 1. 1. 0. 1. 0. 1. 1. 1. 0. 1. 0. 0. 0. 0.
  0. 0. 0. 0. 0. 0. 0. 0. 0. 0. 0. 0. 0. 0. 0. 0. 0. 0. 0. 0. 0. 0. 0. 0.
  0. 0.]
 [1. 0. 1. 1. 1. 1. 0. 1. 1. 1. 1. 1. 0. 0. 0. 0. 1. 1. 1. 1. 0. 0. 0. 0.
  0. 0. 0. 0. 0. 0. 0. 0. 0. 0. 0. 0. 0. 0. 0. 0. 0. 0. 0. 0. 0. 0. 0. 0.
  0. 0.]
 [0. 1. 1. 1. 1. 1. 1. 1. 1. 1. 1. 1. 0. 1. 1. 1. 1. 1. 0. 1. 0. 0. 0. 0.
  0. 0. 0. 0. 0. 0. 0. 0. 0. 0. 0. 0. 0. 0. 0. 0. 0. 0. 0. 0. 0. 0. 0. 0.
  0. 0.]
 [1. 1. 1. 0. 0. 1. 1. 1. 1. 1. 1. 0. 0. 1. 1. 1. 1. 1. 1. 0. 0. 0. 0. 0.
  0. 0. 0. 0. 0. 0. 0. 0. 0. 0. 0. 0. 0. 0. 0. 0. 0. 0. 0. 0. 0. 0. 0. 0.
  0. 0.]
 [1. 0. 1. 0. 1. 1. 1. 1. 1. 1. 1. 1. 1. 1. 1. 1. 1. 1. 1. 0. 0. 0. 0. 0.
  0. 0. 0. 0. 0. 0. 0. 0. 0. 0. 0. 0. 0. 0. 0. 0. 0. 0. 0. 0. 0. 0. 0. 0.
  0. 0.]
 [1. 0. 1. 1. 1. 1. 1. 1. 1. 1. 0. 0. 1. 1. 1. 1. 0. 1. 1. 0. 0. 0. 0. 0.
  0. 0. 0. 0. 0. 0. 0. 0. 0. 0. 0. 0. 0. 0. 0. 0. 0. 0. 0. 0. 0. 0. 0. 0.
  0. 0.]
 [1. 1. 1. 0. 1. 1. 1. 1. 1. 1. 1. 0. 1. 1. 0. 1. 1. 1. 0. 0. 0. 0. 0. 0.
  0. 0. 0. 0. 0. 0. 0. 0. 0. 0. 0. 0. 0. 0. 0. 0. 0. 0. 0. 0. 0. 0. 0. 0.
  0. 0.]
 [1. 1. 1. 1. 1. 1. 1. 0. 1. 0. 1. 1. 1. 1. 1. 1. 1. 1. 1. 1. 0. 0. 0. 0.
  0. 0. 0. 0. 0. 0. 0. 0. 0. 0. 0. 0. 0. 0. 0. 0. 0. 0. 0. 0. 0. 0. 0. 0.
  0. 0.]
 [1. 1. 0. 1. 1. 1. 1. 1. 1. 1. 1. 1. 1. 1. 1. 1. 0. 1. 1. 0. 0. 0. 0. 0.
  0. 0. 0. 0. 0. 0. 0. 0. 0. 0. 0. 0. 0. 0. 0. 0. 0. 0. 0. 0. 0. 0. 0. 0.
  0. 0.]
 [1. 1. 1. 1. 1. 1. 1. 0. 1. 1. 0. 0. 1. 1. 0. 1. 1. 1. 0. 0. 0. 0. 0. 0.
  0. 0. 0. 0. 0. 0. 0. 0. 0. 0. 0. 0. 0. 0. 0. 0. 0. 0. 0. 0. 0. 0. 0. 0.
  0. 0.]
 [1. 0. 1. 1. 1. 0. 1. 0. 1. 1. 1. 1. 1. 1. 1. 0. 1. 1. 1. 1. 0. 0. 0. 0.
  0. 0. 0. 0. 0. 0. 0. 0. 0. 0. 0. 0. 0. 0. 0. 0. 0. 0. 0. 0. 0. 0. 0. 0.
  0. 0.]
 [1. 1. 1. 1. 1. 1. 1. 0. 1. 1. 1. 1. 0. 1. 1. 1. 1. 0. 1. 1. 0. 0. 0. 0.
  0. 0. 0. 0. 0. 0. 0. 0. 0. 0. 0. 0. 0. 0. 0. 0. 0. 0. 0. 0. 0. 0. 0. 0.
  0. 0.]
 [1. 1. 1. 1. 1. 1. 0. 1. 1. 1. 1. 1. 1. 1. 1. 1. 1. 0. 1. 1. 0. 0. 0. 0.
  0. 0. 0. 0. 0. 0. 0. 0. 0. 0. 0. 0. 0. 0. 0. 0. 0. 0. 0. 0. 0. 0. 0. 0.
  0. 0.]
 [1. 1. 1. 0. 1. 1. 1. 1. 1. 1. 1. 1. 1. 1. 1. 1. 1. 0. 1. 1. 0. 0. 0. 0.
  0. 0. 0. 0. 0. 0. 0. 0. 0. 0. 0. 0. 0. 0. 0. 0. 0. 0. 0. 0. 0. 0. 0. 0.
  0. 0.]
 [0. 1. 1. 1. 0. 1. 0. 1. 1. 0. 1. 1. 1. 1. 0. 1. 1. 1. 1. 1. 0. 0. 0. 0.
  0. 0. 0. 0. 0. 0. 0. 0. 0. 0. 0. 0. 0. 0. 0. 0. 0. 0. 0. 0. 0. 0. 0. 0.
  0. 0.]
 [1. 1. 1. 1. 1. 1. 1. 1. 1. 0. 0. 1. 1. 1. 1. 0. 1. 1. 0. 1. 0. 0. 0. 0.
  0. 0. 0. 0. 0. 0. 0. 0. 0. 0. 0. 0. 0. 0. 0. 0. 0. 0. 0. 0. 0. 0. 0. 0.
  0. 0.]
 [1. 1. 1. 1. 1. 1. 0. 1. 1. 1. 1. 0. 1. 1. 1. 0. 1. 0. 1. 0. 0. 0. 0. 0.
  0. 0. 0. 0. 0. 0. 0. 0. 0. 0. 0. 0. 0. 0. 0. 0. 0. 0. 0. 0. 0. 0. 0. 0.
  0. 0.]
 [1. 1. 1. 0. 0. 1. 1. 1. 1. 0. 1. 0. 1. 1. 1. 1. 1. 0. 1. 0. 0. 0. 0. 0.
  0. 0. 0. 0. 0. 0. 0. 0. 0. 0. 0. 0. 0. 0. 0. 0. 0. 0. 0. 0. 0. 0. 0. 0.
  0. 0.]
 [1. 0. 1. 1. 0. 1. 1. 1. 1. 1. 1. 0. 1. 1. 1. 1. 1. 0. 1. 1. 0. 0. 0. 0.
  0. 0. 0. 0. 0. 0. 0. 0. 0. 0. 0. 0. 0. 0. 0. 0. 0. 0. 0. 0. 0. 0. 0. 0.
  0. 0.]
 [1. 1. 1. 1. 1. 1. 1. 0. 0. 1. 1. 1. 1. 1. 1. 0. 1. 0. 1. 1. 0. 0. 0. 0.
  0. 0. 0. 0. 0. 0. 0. 0. 0. 0. 0. 0. 0. 0. 0. 0. 0. 0. 0. 0. 0. 0. 0. 0.
  0. 0.]
 [1. 1. 1. 1. 1. 1. 1. 1. 1. 1. 1. 1. 1. 0. 1. 1. 1. 0. 1. 0. 0. 0. 0. 0.
  0. 0. 0. 0. 0. 0. 0. 0. 0. 0. 0. 0. 0. 0. 0. 0. 0. 0. 0. 0. 0. 0. 0. 0.
  0. 0.]
 [1. 1. 1. 1. 1. 1. 1. 1. 1. 0. 1. 1. 1. 1. 1. 1. 1. 1. 1. 1. 0. 0. 0. 0.
  0. 0. 0. 0. 0. 0. 0. 0. 0. 0. 0. 0. 0. 0. 0. 0. 0. 0. 0. 0. 0. 0. 0. 0.
  0. 0.]
 [1. 1. 1. 1. 0. 1. 1. 0. 0. 1. 1. 1. 1. 1. 1. 0. 1. 1. 1. 0. 0. 0. 0. 0.
  0. 0. 0. 0. 0. 0. 0. 0. 0. 0. 0. 0. 0. 0. 0. 0. 0. 0. 0. 0. 0. 0. 0. 0.
  0. 0.]
 [0. 1. 1. 1. 1. 1. 1. 1. 0. 0. 1. 1. 1. 1. 1. 1. 1. 1. 1. 1. 0. 0. 0. 0.
  0. 0. 0. 0. 0. 0. 0. 0. 0. 0. 0. 0. 0. 0. 0. 0. 0. 0. 0. 0. 0. 0. 0. 0.
  0. 0.]
 [1. 1. 1. 0. 1. 0. 0. 1. 1. 1. 1. 1. 1. 1. 1. 1. 0. 1. 1. 1. 0. 0. 0. 0.
  0. 0. 0. 0. 0. 0. 0. 0. 0. 0. 0. 0. 0. 0. 0. 0. 0. 0. 0. 0. 0. 0. 0. 0.
  0. 0.]
 [1. 1. 1. 1. 1. 0. 1. 0. 1. 1. 0. 1. 1. 1. 0. 1. 1. 0. 1. 1. 0. 0. 0. 0.
  0. 0. 0. 0. 0. 0. 0. 0. 0. 0. 0. 0. 0. 0. 0. 0. 0. 0. 0. 0. 0. 0. 0. 0.
  0. 0.]
 [1. 0. 1. 1. 1. 1. 1. 1. 1. 1. 1. 1. 1. 1. 1. 1. 1. 1. 1. 1. 0. 0. 0. 0.
  0. 0. 0. 0. 0. 0. 0. 0. 0. 0. 0. 0. 0. 0. 0. 0. 0. 0. 0. 0. 0. 0. 0. 0.
  0. 0.]
 [1. 1. 1. 0. 0. 1. 0. 1. 1. 0. 1. 1. 1. 1. 1. 1. 1. 1. 1. 1. 0. 0. 0. 0.
  0. 0. 0. 0. 0. 0. 0. 0. 0. 0. 0. 0. 0. 0. 0. 0. 0. 0. 0. 0. 0. 0. 0. 0.
  0. 0.]]
start_times_array: [[3.6250e+04 3.6338e+04 3.6434e+04 3.6530e+04 3.6592e+04 3.6663e+04
  3.6705e+04 3.6767e+04 3.6860e+04 3.6958e+04 3.6968e+04 3.7022e+04
  3.7035e+04 3.7072e+04 3.7133e+04 3.7225e+04 3.7315e+04 3.7374e+04
  3.7438e+04 3.7534e+04]
 [3.5248e+04 3.5332e+04 3.5425e+04 3.5447e+04 3.5454e+04 3.5537e+04
  3.5593e+04 3.5687e+04 3.5739e+04 3.5745e+04 3.5830e+04 3.5868e+04
  3.5950e+04 3.5953e+04 3.6047e+04 3.6079e+04 3.6096e+04 3.6162e+04
  3.6241e+04 3.6304e+04]
 [3.3801e+04 3.4164e+04 3.4233e+04 3.4238e+04 3.4329e+04 3.4382e+04
  3.4394e+04 3.4411e+04 3.4630e+04 3.4658e+04 3.4715e+04 3.4724e+04
  3.4802e+04 3.4821e+04 3.4883e+04 3.4933e+04 3.5018e+04 3.5021e+04
  3.5078e+04 3.5173e+04]
 [3.3666e+04 3.3765e+04 3.3781e+04 3.3865e+04 3.3916e+04 3.4000e+04
  3.4018e+04 3.4039e+04 3.4093e+04 3.4101e+04 3.4139e+04 3.4219e+04
  3.4223e+04 3.4304e+04 3.4330e+04 3.4378e+04 3.4429e+04 3.4522e+04
  3.4598e+04 3.4666e+04]
 [3.2656e+04 3.2665e+04 3.2670e+04 3.2672e+04 3.2743e+04 3.2803e+04
  3.2901e+04 3.2904e+04 3.2930e+04 3.2990e+04 3.3047e+04 3.3102e+04
  3.3149e+04 3.3194e+04 3.3241e+04 3.3320e+04 3.3378e+04 3.3477e+04
  3.3567e+04 3.3588e+04]
 [3.1492e+04 3.1582e+04 3.1674e+04 3.1770e+04 3.1814e+04 3.1902e+04
  3.1981e+04 3.2059e+04 3.2062e+04 3.2079e+04 3.2090e+04 3.2124e+04
  3.2139e+04 3.2185e+04 3.2232e+04 3.2322e+04 3.2380e+04 3.2475e+04
  3.2508e+04 3.2565e+04]
 [3.0426e+04 3.0570e+04 3.0669e+04 3.0686e+04 3.0750e+04 3.0833e+04
  3.0895e+04 3.0941e+04 3.0962e+04 3.1060e+04 3.1110e+04 3.1166e+04
  3.1223e+04 3.1227e+04 3.1293e+04 3.1348e+04 3.1351e+04 3.1365e+04
  3.1375e+04 3.1399e+04]
 [2.9455e+04 2.9549e+04 2.9567e+04 2.9637e+04 2.9729e+04 2.9763e+04
  2.9792e+04 2.9857e+04 2.9876e+04 2.9961e+04 3.0016e+04 3.0060e+04
  3.0147e+04 3.0206e+04 3.0240e+04 3.0326e+04 3.0398e+04 3.0451e+04
  3.0513e+04 3.0535e+04]
 [2.8234e+04 2.8322e+04 2.8332e+04 2.8372e+04 2.8468e+04 2.8514e+04
  2.8562e+04 2.8636e+04 2.8718e+04 2.8809e+04 2.8854e+04 2.8939e+04
  2.8992e+04 2.9068e+04 2.9101e+04 2.9168e+04 2.9231e+04 2.9275e+04
  2.9357e+04 2.9408e+04]
 [2.7445e+04 2.7490e+04 2.7506e+04 2.7569e+04 2.7585e+04 2.7671e+04
  2.7745e+04 2.7803e+04 2.7842e+04 2.7892e+04 2.7920e+04 2.7970e+04
  2.8038e+04 2.8077e+04 2.8083e+04 2.8118e+04 2.8124e+04 2.8137e+04
  2.8163e+04 2.8178e+04]
 [2.6262e+04 2.6312e+04 2.6395e+04 2.6448e+04 2.6508e+04 2.6575e+04
  2.6653e+04 2.6672e+04 2.6723e+04 2.6737e+04 2.6785e+04 2.6842e+04
  2.6894e+04 2.6986e+04 2.7035e+04 2.7109e+04 2.7191e+04 2.7223e+04
  2.7286e+04 2.7377e+04]
 [2.5092e+04 2.5262e+04 2.5339e+04 2.5436e+04 2.5534e+04 2.5554e+04
  2.5610e+04 2.5676e+04 2.5733e+04 2.5787e+04 2.5845e+04 2.5865e+04
  2.5895e+04 2.5972e+04 2.6040e+04 2.6103e+04 2.6109e+04 2.6172e+04
  2.6239e+04 2.6286e+04]
 [2.4381e+04 2.4461e+04 2.4542e+04 2.4575e+04 2.4610e+04 2.4695e+04
  2.4724e+04 2.4734e+04 2.4786e+04 2.4797e+04 2.4818e+04 2.4819e+04
  2.4915e+04 2.4960e+04 2.4991e+04 2.5034e+04 2.5045e+04 2.5099e+04
  2.5140e+04 2.5209e+04]
 [2.3331e+04 2.3334e+04 2.3411e+04 2.3455e+04 2.3540e+04 2.3574e+04
  2.3600e+04 2.3675e+04 2.3767e+04 2.3850e+04 2.3858e+04 2.3937e+04
  2.4006e+04 2.4064e+04 2.4131e+04 2.4132e+04 2.4211e+04 2.4275e+04
  2.4324e+04 2.4457e+04]
 [2.3331e+04 2.3361e+04 2.3380e+04 2.3411e+04 2.3478e+04 2.3480e+04
  2.3497e+04 2.3579e+04 2.3593e+04 2.3688e+04 2.3783e+04 2.3808e+04
  2.3875e+04 2.3950e+04 2.3991e+04 2.4083e+04 2.4086e+04 2.4092e+04
  2.4204e+04 2.4238e+04]
 [2.2389e+04 2.2627e+04 2.2689e+04 2.2738e+04 2.2747e+04 2.2792e+04
  2.2833e+04 2.2856e+04 2.2899e+04 2.2934e+04 2.2976e+04 2.3064e+04
  2.3083e+04 2.3086e+04 2.3094e+04 2.3190e+04 2.3217e+04 2.3247e+04
  2.3284e+04 2.3303e+04]
 [2.1636e+04 2.1655e+04 2.1719e+04 2.1794e+04 2.1814e+04 2.1913e+04
  2.1998e+04 2.2054e+04 2.2152e+04 2.2187e+04 2.2257e+04 2.2301e+04
  2.2317e+04 2.2342e+04 2.2348e+04 2.2358e+04 2.2381e+04 2.2405e+04
  2.2503e+04 2.2528e+04]
 [2.0864e+04 2.0916e+04 2.0940e+04 2.0983e+04 2.0988e+04 2.1019e+04
  2.1073e+04 2.1074e+04 2.1121e+04 2.1188e+04 2.1250e+04 2.1274e+04
  2.1310e+04 2.1404e+04 2.1420e+04 2.1428e+04 2.1484e+04 2.1500e+04
  2.1518e+04 2.1567e+04]
 [1.9633e+04 1.9769e+04 1.9858e+04 1.9929e+04 2.0016e+04 2.0094e+04
  2.0179e+04 2.0197e+04 2.0216e+04 2.0236e+04 2.0332e+04 2.0382e+04
  2.0448e+04 2.0501e+04 2.0571e+04 2.0619e+04 2.0639e+04 2.0680e+04
  2.0773e+04 2.0865e+04]
 [1.8749e+04 1.8880e+04 1.8909e+04 1.8934e+04 1.9002e+04 1.9020e+04
  1.9067e+04 1.9149e+04 1.9184e+04 1.9212e+04 1.9221e+04 1.9266e+04
  1.9326e+04 1.9390e+04 1.9422e+04 1.9438e+04 1.9464e+04 1.9511e+04
  1.9544e+04 1.9730e+04]
 [1.5571e+04 1.7654e+04 1.7926e+04 1.7951e+04 1.7998e+04 1.8002e+04
  1.8016e+04 1.8057e+04 1.8065e+04 1.8156e+04 1.8226e+04 1.8253e+04
  1.8343e+04 1.8416e+04 1.8475e+04 1.8496e+04 1.8563e+04 1.8640e+04
  1.8695e+04 1.8839e+04]
 [1.6799e+04 1.7169e+04 1.7233e+04 1.7288e+04 1.7369e+04 1.7375e+04
  1.7448e+04 1.7465e+04 1.7509e+04 1.7536e+04 1.7593e+04 1.7608e+04
  1.7641e+04 1.7657e+04 1.7695e+04 1.7696e+04 1.7794e+04 1.7805e+04
  1.7861e+04 1.8296e+04]
 [1.6518e+04 1.6766e+04 1.6822e+04 1.6829e+04 1.7019e+04 1.7078e+04
  1.7143e+04 1.7144e+04 1.7209e+04 1.7217e+04 1.7236e+04 1.7267e+04
  1.7324e+04 1.7391e+04 1.7448e+04 1.7542e+04 1.7574e+04 1.7623e+04
  1.7654e+04 1.7726e+04]
 [1.5871e+04 1.6406e+04 1.6417e+04 1.6499e+04 1.6549e+04 1.6588e+04
  1.6644e+04 1.6702e+04 1.6761e+04 1.6766e+04 1.6799e+04 1.6880e+04
  1.6973e+04 1.7019e+04 1.7042e+04 1.7122e+04 1.7146e+04 1.7159e+04
  1.7169e+04 1.7205e+04]
 [1.4874e+04 1.5654e+04 1.5686e+04 1.5723e+04 1.5736e+04 1.5792e+04
  1.5798e+04 1.5872e+04 1.5955e+04 1.6005e+04 1.6065e+04 1.6077e+04
  1.6167e+04 1.6226e+04 1.6258e+04 1.6330e+04 1.6406e+04 1.6493e+04
  1.6621e+04 1.7260e+04]
 [1.3363e+04 1.3530e+04 1.4679e+04 1.4723e+04 1.4728e+04 1.5019e+04
  1.5079e+04 1.5636e+04 1.5654e+04 1.5745e+04 1.5812e+04 1.5871e+04
  1.5952e+04 1.5960e+04 1.5976e+04 1.6070e+04 1.6164e+04 1.6211e+04
  1.6237e+04 1.7136e+04]
 [1.4753e+04 1.4761e+04 1.4835e+04 1.4928e+04 1.4937e+04 1.5019e+04
  1.5106e+04 1.5146e+04 1.5152e+04 1.5222e+04 1.5305e+04 1.5391e+04
  1.5481e+04 1.5558e+04 1.5571e+04 1.5636e+04 1.5657e+04 1.5740e+04
  1.5798e+04 1.5957e+04]
 [1.3651e+04 1.3933e+04 1.4026e+04 1.4101e+04 1.4293e+04 1.4327e+04
  1.4355e+04 1.4363e+04 1.4395e+04 1.4458e+04 1.4463e+04 1.4490e+04
  1.4580e+04 1.4612e+04 1.4627e+04 1.4679e+04 1.4742e+04 1.4753e+04
  1.4849e+04 1.5130e+04]
 [1.3290e+04 1.3363e+04 1.3436e+04 1.3469e+04 1.3542e+04 1.3561e+04
  1.3609e+04 1.3664e+04 1.3738e+04 1.3815e+04 1.3863e+04 1.3868e+04
  1.3915e+04 1.3953e+04 1.4026e+04 1.4109e+04 1.4133e+04 1.4213e+04
  1.4293e+04 1.4716e+04]
 [1.1158e+04 1.1456e+04 1.2872e+04 1.2967e+04 1.3011e+04 1.3042e+04
  1.3122e+04 1.3181e+04 1.3234e+04 1.3258e+04 1.3276e+04 1.3313e+04
  1.3385e+04 1.3457e+04 1.3542e+04 1.3548e+04 1.3634e+04 1.3651e+04
  1.3664e+04 1.3753e+04]
 [1.2452e+04 1.2547e+04 1.2646e+04 1.2681e+04 1.2736e+04 1.2803e+04
  1.2857e+04 1.2872e+04 1.2897e+04 1.2899e+04 1.2959e+04 1.2994e+04
  1.3008e+04 1.3022e+04 1.3059e+04 1.3141e+04 1.3178e+04 1.3225e+04
  1.3253e+04 1.3290e+04]
 [9.4500e+03 1.0079e+04 1.0697e+04 1.1443e+04 1.1456e+04 1.1631e+04
  1.1775e+04 1.1833e+04 1.1914e+04 1.1976e+04 1.1987e+04 1.2086e+04
  1.2161e+04 1.2202e+04 1.2225e+04 1.2238e+04 1.2273e+04 1.2346e+04
  1.2381e+04 1.3150e+04]
 [9.6640e+03 9.8440e+03 9.8920e+03 1.0571e+04 1.0638e+04 1.0729e+04
  1.1373e+04 1.1421e+04 1.1438e+04 1.1450e+04 1.1545e+04 1.1631e+04
  1.1702e+04 1.1721e+04 1.1770e+04 1.1833e+04 1.1899e+04 1.1968e+04
  1.2259e+04 1.2891e+04]
 [9.8400e+03 9.9090e+03 1.0437e+04 1.0448e+04 1.0674e+04 1.0731e+04
  1.0786e+04 1.0822e+04 1.0917e+04 1.0980e+04 1.1058e+04 1.1130e+04
  1.1158e+04 1.1211e+04 1.1221e+04 1.1307e+04 1.1320e+04 1.1373e+04
  1.1387e+04 1.1391e+04]
 [9.0190e+03 9.0860e+03 9.1450e+03 9.7510e+03 9.8010e+03 9.8920e+03
  1.0147e+04 1.0200e+04 1.0256e+04 1.0286e+04 1.0384e+04 1.0437e+04
  1.0511e+04 1.0571e+04 1.0617e+04 1.0674e+04 1.0697e+04 1.0868e+04
  1.1157e+04 1.1260e+04]
 [7.4790e+03 9.2120e+03 9.2940e+03 9.2970e+03 9.3580e+03 9.4500e+03
  9.5170e+03 9.5830e+03 9.6640e+03 9.7260e+03 9.7670e+03 9.8440e+03
  9.8530e+03 9.9090e+03 9.9890e+03 1.0079e+04 1.0147e+04 1.0228e+04
  1.0611e+04 1.0727e+04]
 [6.5630e+03 7.9860e+03 8.0630e+03 8.0860e+03 8.8140e+03 8.8390e+03
  8.8830e+03 8.8980e+03 9.0860e+03 9.1820e+03 9.2460e+03 9.3170e+03
  9.3390e+03 9.5060e+03 9.5790e+03 9.6510e+03 9.6590e+03 9.7560e+03
  9.8480e+03 1.0414e+04]
 [6.7920e+03 7.6820e+03 7.7290e+03 7.8240e+03 7.9080e+03 7.9860e+03
  8.3980e+03 8.4340e+03 8.6730e+03 8.6960e+03 8.7670e+03 8.8140e+03
  8.8900e+03 8.9240e+03 9.0190e+03 9.0440e+03 9.0480e+03 9.1390e+03
  9.1610e+03 9.2430e+03]
 [2.7920e+03 7.5820e+03 7.6430e+03 7.6820e+03 7.7040e+03 7.7640e+03
  7.8540e+03 7.9080e+03 7.9100e+03 7.9930e+03 8.0660e+03 8.1020e+03
  8.1700e+03 8.2690e+03 8.3370e+03 8.3980e+03 8.4740e+03 8.5620e+03
  8.5770e+03 8.8440e+03]
 [4.9670e+03 6.2150e+03 6.2740e+03 6.3730e+03 6.8020e+03 6.8750e+03
  6.9310e+03 6.9700e+03 6.9790e+03 7.0590e+03 7.1460e+03 7.2200e+03
  7.2260e+03 7.2810e+03 7.3200e+03 7.3590e+03 7.4010e+03 7.4790e+03
  7.5160e+03 8.5400e+03]
 [5.0480e+03 5.7330e+03 5.8160e+03 5.8990e+03 5.9860e+03 6.0200e+03
  6.0650e+03 6.1430e+03 6.1560e+03 6.2150e+03 6.3080e+03 6.3240e+03
  6.4090e+03 6.4850e+03 6.5390e+03 6.6300e+03 6.7230e+03 6.7360e+03
  6.7920e+03 7.0470e+03]
 [3.4460e+03 4.7950e+03 5.6000e+03 5.6800e+03 5.7240e+03 5.7330e+03
  5.7820e+03 5.8520e+03 5.9470e+03 5.9870e+03 6.0200e+03 6.0830e+03
  6.1270e+03 6.3080e+03 6.3810e+03 6.4400e+03 6.5220e+03 6.6300e+03
  6.7230e+03 7.0180e+03]
 [4.8010e+03 4.8650e+03 4.9540e+03 5.0160e+03 5.0460e+03 5.0590e+03
  5.1230e+03 5.1650e+03 5.2040e+03 5.2930e+03 5.3820e+03 5.4390e+03
  5.5010e+03 5.6000e+03 5.6550e+03 5.6950e+03 5.7890e+03 5.8140e+03
  5.8480e+03 6.1250e+03]
 [3.6240e+03 4.1970e+03 4.2960e+03 4.3120e+03 4.3580e+03 4.4300e+03
  4.4700e+03 4.5180e+03 4.5330e+03 4.5470e+03 4.5620e+03 4.6010e+03
  4.6180e+03 4.6700e+03 4.7130e+03 4.7220e+03 4.7950e+03 4.8010e+03
  4.8660e+03 4.9540e+03]
 [2.3710e+03 2.3900e+03 2.8890e+03 3.0270e+03 3.0750e+03 3.1540e+03
  3.4170e+03 3.4460e+03 3.4850e+03 3.5040e+03 3.5310e+03 3.6230e+03
  3.7200e+03 3.8190e+03 3.8930e+03 3.9620e+03 3.9820e+03 4.0220e+03
  4.0630e+03 4.1580e+03]
 [5.4000e+02 1.1580e+03 2.7750e+03 2.8490e+03 2.8890e+03 2.9030e+03
  3.0010e+03 3.0270e+03 3.0820e+03 3.0910e+03 3.1830e+03 3.2500e+03
  3.3490e+03 3.3970e+03 3.4170e+03 3.5040e+03 3.5590e+03 3.6240e+03
  3.6900e+03 3.7000e+03]
 [1.4000e+01 1.4170e+03 1.5060e+03 1.9730e+03 2.0620e+03 2.1350e+03
  2.1470e+03 2.2250e+03 2.2820e+03 2.3200e+03 2.3370e+03 2.4010e+03
  2.4810e+03 2.5280e+03 2.6040e+03 2.7030e+03 2.7750e+03 2.9810e+03
  3.0330e+03 3.3700e+03]
 [1.4280e+03 1.4730e+03 1.4950e+03 1.5060e+03 1.6050e+03 1.6700e+03
  1.7660e+03 1.8610e+03 1.9080e+03 1.9160e+03 1.9730e+03 2.0330e+03
  2.0710e+03 2.1420e+03 2.2120e+03 2.3100e+03 2.3670e+03 2.3710e+03
  2.4020e+03 3.1940e+03]
 [0.0000e+00 2.8000e+01 5.4000e+01 1.0100e+02 3.6900e+02 4.5800e+02
  5.4000e+02 6.3400e+02 6.7500e+02 7.6400e+02 8.3800e+02 9.9100e+02
  1.0350e+03 1.0950e+03 1.1830e+03 1.2440e+03 1.3430e+03 1.3790e+03
  2.0290e+03 2.0700e+03]
 [0.0000e+00 1.6000e+01 8.7000e+01 1.3600e+02 1.6100e+02 2.2300e+02
  3.2100e+02 3.8400e+02 4.6300e+02 4.9200e+02 5.7400e+02 6.5800e+02
  7.3400e+02 8.1900e+02 8.3700e+02 9.1500e+02 9.3300e+02 1.0200e+03
  1.0850e+03 2.2040e+03]]
