optimal_status: 0
solution: 34948.0
cpu_time: 3603.405116081238
gap: 0.9545093665989062
upper_bound: 1589.8066561014275
lower_bound: 34948.0
cg_matrix: [[0. 1. 1. 0. 1. 1. 1. 1. 0. 0. 0. 0. 0. 1. 0. 0. 0. 1. 1. 0. 1. 0. 1. 1.
  1. 1. 0. 0. 0. 1. 1. 0. 1. 0. 0. 0. 0. 1. 0. 1. 1. 0. 0. 1. 0. 1. 1. 0.
  0. 0.]
 [1. 0. 1. 1. 1. 1. 1. 1. 1. 0. 0. 0. 0. 1. 0. 0. 0. 1. 0. 0. 0. 1. 0. 0.
  1. 1. 1. 0. 0. 0. 0. 1. 1. 1. 0. 1. 1. 1. 1. 1. 0. 1. 0. 1. 0. 0. 0. 0.
  0. 1.]
 [1. 1. 0. 1. 1. 1. 1. 0. 0. 0. 1. 1. 0. 0. 0. 0. 0. 1. 0. 0. 1. 0. 1. 1.
  0. 0. 1. 1. 1. 1. 0. 0. 1. 1. 1. 0. 0. 0. 0. 0. 0. 1. 0. 1. 0. 1. 1. 0.
  0. 1.]
 [0. 1. 1. 0. 0. 0. 0. 1. 1. 0. 1. 1. 0. 0. 1. 0. 0. 1. 0. 0. 0. 1. 0. 0.
  1. 0. 1. 0. 1. 0. 0. 1. 0. 0. 0. 0. 1. 0. 0. 1. 1. 1. 1. 0. 0. 0. 0. 0.
  0. 1.]
 [1. 1. 1. 0. 0. 1. 0. 0. 1. 1. 0. 0. 1. 1. 0. 1. 0. 0. 1. 1. 1. 1. 1. 1.
  1. 1. 0. 0. 1. 0. 1. 1. 1. 0. 0. 0. 0. 0. 0. 0. 0. 1. 1. 1. 1. 1. 0. 0.
  1. 0.]
 [1. 1. 1. 0. 1. 0. 0. 1. 1. 1. 0. 1. 1. 0. 1. 1. 0. 1. 1. 1. 1. 0. 1. 1.
  1. 1. 1. 1. 1. 1. 0. 1. 1. 1. 0. 0. 1. 1. 1. 1. 1. 0. 0. 0. 1. 1. 1. 0.
  1. 1.]
 [1. 1. 1. 0. 0. 0. 0. 1. 1. 1. 0. 0. 0. 0. 0. 0. 1. 1. 0. 0. 1. 0. 0. 0.
  0. 1. 0. 0. 0. 0. 0. 1. 1. 0. 1. 1. 1. 1. 0. 0. 0. 0. 1. 0. 0. 1. 1. 0.
  0. 1.]
 [1. 1. 0. 1. 0. 1. 1. 0. 0. 0. 0. 0. 1. 1. 1. 0. 0. 1. 1. 1. 1. 1. 1. 0.
  0. 1. 1. 0. 1. 0. 1. 0. 1. 1. 1. 1. 1. 1. 0. 0. 0. 0. 0. 1. 1. 1. 1. 1.
  0. 1.]
 [0. 1. 0. 1. 1. 1. 1. 0. 0. 0. 0. 1. 0. 1. 1. 0. 1. 0. 0. 0. 0. 0. 0. 1.
  1. 1. 1. 0. 1. 1. 1. 1. 0. 1. 1. 1. 1. 0. 0. 0. 0. 0. 1. 0. 1. 1. 1. 0.
  1. 0.]
 [0. 0. 0. 0. 1. 1. 1. 0. 0. 0. 1. 1. 1. 0. 1. 1. 0. 1. 0. 0. 0. 1. 0. 0.
  0. 1. 1. 0. 0. 0. 1. 0. 0. 0. 0. 0. 0. 1. 0. 1. 1. 1. 1. 0. 1. 1. 0. 1.
  0. 1.]
 [0. 0. 1. 1. 0. 0. 0. 0. 0. 1. 0. 0. 0. 0. 0. 0. 0. 0. 1. 1. 0. 1. 0. 0.
  1. 0. 0. 0. 0. 1. 0. 0. 0. 1. 0. 0. 0. 1. 0. 0. 1. 0. 0. 0. 1. 0. 1. 1.
  1. 0.]
 [0. 0. 1. 1. 0. 1. 0. 0. 1. 1. 0. 0. 0. 0. 1. 1. 0. 1. 0. 1. 0. 0. 0. 0.
  1. 0. 0. 1. 0. 1. 1. 0. 1. 1. 0. 1. 1. 0. 1. 0. 1. 0. 0. 1. 0. 1. 1. 1.
  0. 0.]
 [0. 0. 0. 0. 1. 1. 0. 1. 0. 1. 0. 0. 0. 1. 0. 1. 0. 0. 0. 0. 1. 1. 0. 1.
  0. 1. 1. 1. 1. 0. 1. 1. 0. 0. 1. 1. 1. 1. 1. 1. 0. 0. 0. 0. 0. 1. 1. 0.
  1. 1.]
 [1. 1. 0. 0. 1. 0. 0. 1. 1. 0. 0. 0. 1. 0. 1. 0. 0. 0. 1. 1. 1. 0. 0. 1.
  0. 1. 0. 0. 0. 0. 1. 1. 1. 1. 1. 1. 0. 1. 0. 0. 0. 1. 0. 1. 1. 0. 0. 1.
  1. 0.]
 [0. 0. 0. 1. 0. 1. 0. 1. 1. 1. 0. 1. 0. 1. 0. 0. 1. 1. 0. 0. 0. 1. 1. 0.
  0. 1. 0. 1. 1. 1. 1. 1. 1. 1. 0. 1. 1. 0. 1. 0. 0. 1. 1. 0. 1. 1. 1. 1.
  1. 1.]
 [0. 0. 0. 0. 1. 1. 0. 0. 0. 1. 0. 1. 1. 0. 0. 0. 1. 0. 1. 0. 0. 0. 1. 0.
  0. 0. 0. 0. 1. 0. 0. 0. 0. 1. 0. 0. 1. 0. 1. 0. 0. 0. 0. 1. 1. 0. 0. 1.
  1. 1.]
 [0. 0. 0. 0. 0. 0. 1. 0. 1. 0. 0. 0. 0. 0. 1. 1. 0. 1. 1. 1. 1. 0. 0. 0.
  1. 0. 0. 0. 1. 1. 1. 0. 1. 1. 1. 0. 0. 1. 0. 0. 1. 1. 0. 0. 1. 0. 0. 0.
  0. 1.]
 [1. 1. 1. 1. 0. 1. 1. 1. 0. 1. 0. 1. 0. 0. 1. 0. 1. 0. 0. 1. 1. 1. 1. 0.
  0. 0. 0. 0. 1. 1. 0. 0. 0. 0. 1. 0. 1. 1. 0. 0. 1. 0. 1. 1. 1. 0. 0. 1.
  1. 1.]
 [1. 0. 0. 0. 1. 1. 0. 1. 0. 0. 1. 0. 0. 1. 0. 1. 1. 0. 0. 0. 1. 0. 1. 0.
  0. 1. 0. 0. 0. 1. 1. 1. 0. 1. 1. 1. 1. 0. 1. 0. 1. 0. 0. 1. 0. 1. 0. 0.
  0. 1.]
 [0. 0. 0. 0. 1. 1. 0. 1. 0. 0. 1. 1. 0. 1. 0. 0. 1. 1. 0. 0. 1. 1. 1. 0.
  0. 1. 0. 0. 1. 1. 0. 0. 0. 0. 1. 1. 1. 1. 0. 1. 1. 0. 1. 1. 0. 1. 0. 1.
  1. 0.]
 [1. 0. 1. 0. 1. 1. 1. 1. 0. 0. 0. 0. 1. 1. 0. 0. 1. 1. 1. 1. 0. 0. 0. 0.
  0. 0. 0. 0. 0. 0. 0. 0. 0. 0. 0. 0. 0. 0. 0. 0. 0. 0. 0. 0. 0. 0. 0. 0.
  0. 0.]
 [0. 1. 0. 1. 1. 0. 0. 1. 0. 1. 1. 0. 1. 0. 1. 0. 0. 1. 0. 1. 0. 0. 0. 0.
  0. 0. 0. 0. 0. 0. 0. 0. 0. 0. 0. 0. 0. 0. 0. 0. 0. 0. 0. 0. 0. 0. 0. 0.
  0. 0.]
 [1. 0. 1. 0. 1. 1. 0. 1. 0. 0. 0. 0. 0. 0. 1. 1. 0. 1. 1. 1. 0. 0. 0. 0.
  0. 0. 0. 0. 0. 0. 0. 0. 0. 0. 0. 0. 0. 0. 0. 0. 0. 0. 0. 0. 0. 0. 0. 0.
  0. 0.]
 [1. 0. 1. 0. 1. 1. 0. 0. 1. 0. 0. 0. 1. 1. 0. 0. 0. 0. 0. 0. 0. 0. 0. 0.
  0. 0. 0. 0. 0. 0. 0. 0. 0. 0. 0. 0. 0. 0. 0. 0. 0. 0. 0. 0. 0. 0. 0. 0.
  0. 0.]
 [1. 1. 0. 1. 1. 1. 0. 0. 1. 0. 1. 1. 0. 0. 0. 0. 1. 0. 0. 0. 0. 0. 0. 0.
  0. 0. 0. 0. 0. 0. 0. 0. 0. 0. 0. 0. 0. 0. 0. 0. 0. 0. 0. 0. 0. 0. 0. 0.
  0. 0.]
 [1. 1. 0. 0. 1. 1. 1. 1. 1. 1. 0. 0. 1. 1. 1. 0. 0. 0. 1. 1. 0. 0. 0. 0.
  0. 0. 0. 0. 0. 0. 0. 0. 0. 0. 0. 0. 0. 0. 0. 0. 0. 0. 0. 0. 0. 0. 0. 0.
  0. 0.]
 [0. 1. 1. 1. 0. 1. 0. 1. 1. 1. 0. 0. 1. 0. 0. 0. 0. 0. 0. 0. 0. 0. 0. 0.
  0. 0. 0. 0. 0. 0. 0. 0. 0. 0. 0. 0. 0. 0. 0. 0. 0. 0. 0. 0. 0. 0. 0. 0.
  0. 0.]
 [0. 0. 1. 0. 0. 1. 0. 0. 0. 0. 0. 1. 1. 0. 1. 0. 0. 0. 0. 0. 0. 0. 0. 0.
  0. 0. 0. 0. 0. 0. 0. 0. 0. 0. 0. 0. 0. 0. 0. 0. 0. 0. 0. 0. 0. 0. 0. 0.
  0. 0.]
 [0. 0. 1. 1. 1. 1. 0. 1. 1. 0. 0. 0. 1. 0. 1. 1. 1. 1. 0. 1. 0. 0. 0. 0.
  0. 0. 0. 0. 0. 0. 0. 0. 0. 0. 0. 0. 0. 0. 0. 0. 0. 0. 0. 0. 0. 0. 0. 0.
  0. 0.]
 [1. 0. 1. 0. 0. 1. 0. 0. 1. 0. 1. 1. 0. 0. 1. 0. 1. 1. 1. 1. 0. 0. 0. 0.
  0. 0. 0. 0. 0. 0. 0. 0. 0. 0. 0. 0. 0. 0. 0. 0. 0. 0. 0. 0. 0. 0. 0. 0.
  0. 0.]
 [1. 0. 0. 0. 1. 0. 0. 1. 1. 1. 0. 1. 1. 1. 1. 0. 1. 0. 1. 0. 0. 0. 0. 0.
  0. 0. 0. 0. 0. 0. 0. 0. 0. 0. 0. 0. 0. 0. 0. 0. 0. 0. 0. 0. 0. 0. 0. 0.
  0. 0.]
 [0. 1. 0. 1. 1. 1. 1. 0. 1. 0. 0. 0. 1. 1. 1. 0. 0. 0. 1. 0. 0. 0. 0. 0.
  0. 0. 0. 0. 0. 0. 0. 0. 0. 0. 0. 0. 0. 0. 0. 0. 0. 0. 0. 0. 0. 0. 0. 0.
  0. 0.]
 [1. 1. 1. 0. 1. 1. 1. 1. 0. 0. 0. 1. 0. 1. 1. 0. 1. 0. 0. 0. 0. 0. 0. 0.
  0. 0. 0. 0. 0. 0. 0. 0. 0. 0. 0. 0. 0. 0. 0. 0. 0. 0. 0. 0. 0. 0. 0. 0.
  0. 0.]
 [0. 1. 1. 0. 0. 1. 0. 1. 1. 0. 1. 1. 0. 1. 1. 1. 1. 0. 1. 0. 0. 0. 0. 0.
  0. 0. 0. 0. 0. 0. 0. 0. 0. 0. 0. 0. 0. 0. 0. 0. 0. 0. 0. 0. 0. 0. 0. 0.
  0. 0.]
 [0. 0. 1. 0. 0. 0. 1. 1. 1. 0. 0. 0. 1. 1. 0. 0. 1. 1. 1. 1. 0. 0. 0. 0.
  0. 0. 0. 0. 0. 0. 0. 0. 0. 0. 0. 0. 0. 0. 0. 0. 0. 0. 0. 0. 0. 0. 0. 0.
  0. 0.]
 [0. 1. 0. 0. 0. 0. 1. 1. 1. 0. 0. 1. 1. 1. 1. 0. 0. 0. 1. 1. 0. 0. 0. 0.
  0. 0. 0. 0. 0. 0. 0. 0. 0. 0. 0. 0. 0. 0. 0. 0. 0. 0. 0. 0. 0. 0. 0. 0.
  0. 0.]
 [0. 1. 0. 1. 0. 1. 1. 1. 1. 0. 0. 1. 1. 0. 1. 1. 0. 1. 1. 1. 0. 0. 0. 0.
  0. 0. 0. 0. 0. 0. 0. 0. 0. 0. 0. 0. 0. 0. 0. 0. 0. 0. 0. 0. 0. 0. 0. 0.
  0. 0.]
 [1. 1. 0. 0. 0. 1. 1. 1. 0. 1. 1. 0. 1. 1. 0. 0. 1. 1. 0. 1. 0. 0. 0. 0.
  0. 0. 0. 0. 0. 0. 0. 0. 0. 0. 0. 0. 0. 0. 0. 0. 0. 0. 0. 0. 0. 0. 0. 0.
  0. 0.]
 [0. 1. 0. 0. 0. 1. 0. 0. 0. 0. 0. 1. 1. 0. 1. 1. 0. 0. 1. 0. 0. 0. 0. 0.
  0. 0. 0. 0. 0. 0. 0. 0. 0. 0. 0. 0. 0. 0. 0. 0. 0. 0. 0. 0. 0. 0. 0. 0.
  0. 0.]
 [1. 1. 0. 1. 0. 1. 0. 0. 0. 1. 0. 0. 1. 0. 0. 0. 0. 0. 0. 1. 0. 0. 0. 0.
  0. 0. 0. 0. 0. 0. 0. 0. 0. 0. 0. 0. 0. 0. 0. 0. 0. 0. 0. 0. 0. 0. 0. 0.
  0. 0.]
 [1. 0. 0. 1. 0. 1. 0. 0. 0. 1. 1. 1. 0. 0. 0. 0. 1. 1. 1. 1. 0. 0. 0. 0.
  0. 0. 0. 0. 0. 0. 0. 0. 0. 0. 0. 0. 0. 0. 0. 0. 0. 0. 0. 0. 0. 0. 0. 0.
  0. 0.]
 [0. 1. 1. 1. 1. 0. 0. 0. 0. 1. 0. 0. 0. 1. 1. 0. 1. 0. 0. 0. 0. 0. 0. 0.
  0. 0. 0. 0. 0. 0. 0. 0. 0. 0. 0. 0. 0. 0. 0. 0. 0. 0. 0. 0. 0. 0. 0. 0.
  0. 0.]
 [0. 0. 0. 1. 1. 0. 1. 0. 1. 1. 0. 0. 0. 0. 1. 0. 0. 1. 0. 1. 0. 0. 0. 0.
  0. 0. 0. 0. 0. 0. 0. 0. 0. 0. 0. 0. 0. 0. 0. 0. 0. 0. 0. 0. 0. 0. 0. 0.
  0. 0.]
 [1. 1. 1. 0. 1. 0. 0. 1. 0. 0. 0. 1. 0. 1. 0. 1. 0. 1. 1. 1. 0. 0. 0. 0.
  0. 0. 0. 0. 0. 0. 0. 0. 0. 0. 0. 0. 0. 0. 0. 0. 0. 0. 0. 0. 0. 0. 0. 0.
  0. 0.]
 [0. 0. 0. 0. 1. 1. 0. 1. 1. 1. 1. 0. 0. 1. 1. 1. 1. 1. 0. 0. 0. 0. 0. 0.
  0. 0. 0. 0. 0. 0. 0. 0. 0. 0. 0. 0. 0. 0. 0. 0. 0. 0. 0. 0. 0. 0. 0. 0.
  0. 0.]
 [1. 0. 1. 0. 1. 1. 1. 1. 1. 1. 0. 1. 1. 0. 1. 0. 0. 0. 1. 1. 0. 0. 0. 0.
  0. 0. 0. 0. 0. 0. 0. 0. 0. 0. 0. 0. 0. 0. 0. 0. 0. 0. 0. 0. 0. 0. 0. 0.
  0. 0.]
 [1. 0. 1. 0. 0. 1. 1. 1. 1. 0. 1. 1. 1. 0. 1. 0. 0. 0. 0. 0. 0. 0. 0. 0.
  0. 0. 0. 0. 0. 0. 0. 0. 0. 0. 0. 0. 0. 0. 0. 0. 0. 0. 0. 0. 0. 0. 0. 0.
  0. 0.]
 [0. 0. 0. 0. 0. 0. 0. 1. 0. 1. 1. 1. 0. 1. 1. 1. 0. 1. 0. 1. 0. 0. 0. 0.
  0. 0. 0. 0. 0. 0. 0. 0. 0. 0. 0. 0. 0. 0. 0. 0. 0. 0. 0. 0. 0. 0. 0. 0.
  0. 0.]
 [0. 0. 0. 0. 1. 1. 0. 0. 1. 0. 1. 0. 1. 1. 1. 1. 0. 1. 0. 1. 0. 0. 0. 0.
  0. 0. 0. 0. 0. 0. 0. 0. 0. 0. 0. 0. 0. 0. 0. 0. 0. 0. 0. 0. 0. 0. 0. 0.
  0. 0.]
 [0. 1. 1. 1. 0. 1. 1. 1. 0. 1. 0. 0. 1. 0. 1. 1. 1. 1. 1. 0. 0. 0. 0. 0.
  0. 0. 0. 0. 0. 0. 0. 0. 0. 0. 0. 0. 0. 0. 0. 0. 0. 0. 0. 0. 0. 0. 0. 0.
  0. 0.]]
start_times_array: [[3.39020000e+04 3.39220000e+04 3.39440000e+04 3.39820000e+04
  3.40150000e+04 3.40390000e+04 3.41110000e+04 3.41860000e+04
  3.42470000e+04 3.42490000e+04 3.42660000e+04 3.43330000e+04
  3.43830000e+04 3.44480000e+04 3.45250000e+04 3.45900000e+04
  3.46250000e+04 3.46930000e+04 3.47690000e+04 3.48670000e+04]
 [3.28000000e+04 3.28730000e+04 3.29590000e+04 3.29850000e+04
  3.30270000e+04 3.30770000e+04 3.30900000e+04 3.31820000e+04
  3.31970000e+04 3.32740000e+04 3.33480000e+04 3.33960000e+04
  3.34500000e+04 3.34960000e+04 3.35560000e+04 3.36390000e+04
  3.37170000e+04 3.37180000e+04 3.38090000e+04 3.38420000e+04]
 [3.17560000e+04 3.18230000e+04 3.18860000e+04 3.19400000e+04
  3.20050000e+04 3.20340000e+04 3.20850000e+04 3.21590000e+04
  3.21750000e+04 3.21860000e+04 3.22830000e+04 3.23700000e+04
  3.24360000e+04 3.24400000e+04 3.24500000e+04 3.25020000e+04
  3.25870000e+04 3.26470000e+04 3.27110000e+04 3.27510000e+04]
 [2.95710000e+04 3.03690000e+04 3.04420000e+04 3.04440000e+04
  3.04960000e+04 3.05830000e+04 3.08100000e+04 3.11370000e+04
  3.12290000e+04 3.12560000e+04 3.13070000e+04 3.13110000e+04
  3.13530000e+04 3.13740000e+04 3.14510000e+04 3.15220000e+04
  3.15270000e+04 3.16040000e+04 3.16850000e+04 3.17240000e+04]
 [3.02500000e+04 3.02960000e+04 3.03090000e+04 3.03980000e+04
  3.04430000e+04 3.05020000e+04 3.05920000e+04 3.06780000e+04
  3.07490000e+04 3.07540000e+04 3.08080000e+04 3.08500000e+04
  3.09100000e+04 3.09420000e+04 3.09580000e+04 3.10440000e+04
  3.11140000e+04 3.11210000e+04 3.11370000e+04 3.16080000e+04]
 [2.89510000e+04 2.90100000e+04 2.90650000e+04 2.90680000e+04
  2.91110000e+04 2.91370000e+04 2.93720000e+04 2.94290000e+04
  2.95360000e+04 2.95710000e+04 2.96110000e+04 2.96280000e+04
  2.97630000e+04 2.99340000e+04 3.00160000e+04 3.00420000e+04
  3.00650000e+04 3.01620000e+04 3.01850000e+04 3.02680000e+04]
 [2.88470000e+04 2.89510000e+04 2.90320000e+04 2.90510000e+04
  2.91050000e+04 2.91910000e+04 2.92850000e+04 2.93340000e+04
  2.93720000e+04 2.94100000e+04 2.94430000e+04 2.95360000e+04
  2.95990000e+04 2.96500000e+04 2.96950000e+04 2.97630000e+04
  2.97670000e+04 2.97960000e+04 2.98490000e+04 3.05130000e+04]
 [2.67020000e+04 2.76890000e+04 2.81550000e+04 2.81600000e+04
  2.81890000e+04 2.82210000e+04 2.82550000e+04 2.82580000e+04
  2.82680000e+04 2.83130000e+04 2.83830000e+04 2.84600000e+04
  2.84610000e+04 2.85230000e+04 2.86020000e+04 2.86520000e+04
  2.86540000e+04 2.86720000e+04 2.87610000e+04 2.89300000e+04]
 [2.62200000e+04 2.74160000e+04 2.74630000e+04 2.74700000e+04
  2.74900000e+04 2.74990000e+04 2.75910000e+04 2.76140000e+04
  2.76900000e+04 2.77610000e+04 2.77810000e+04 2.78020000e+04
  2.78740000e+04 2.79450000e+04 2.80370000e+04 2.81290000e+04
  2.81460000e+04 2.81550000e+04 2.82990000e+04 2.83220000e+04]
 [2.65380000e+04 2.65440000e+04 2.66180000e+04 2.66470000e+04
  2.67460000e+04 2.68260000e+04 2.68530000e+04 2.68960000e+04
  2.69320000e+04 2.69630000e+04 2.70260000e+04 2.70600000e+04
  2.70860000e+04 2.71840000e+04 2.72310000e+04 2.73000000e+04
  2.73050000e+04 2.73600000e+04 2.73820000e+04 2.73970000e+04]
 [2.28040000e+04 2.28810000e+04 2.33500000e+04 2.56080000e+04
  2.56920000e+04 2.57140000e+04 2.57300000e+04 2.57890000e+04
  2.58830000e+04 2.59520000e+04 2.60200000e+04 2.61010000e+04
  2.61140000e+04 2.61590000e+04 2.62200000e+04 2.62470000e+04
  2.62730000e+04 2.62850000e+04 2.63710000e+04 2.64530000e+04]
 [2.44260000e+04 2.44530000e+04 2.49220000e+04 2.49240000e+04
  2.49530000e+04 2.50140000e+04 2.50160000e+04 2.50560000e+04
  2.51340000e+04 2.53280000e+04 2.53960000e+04 2.55400000e+04
  2.56080000e+04 2.56470000e+04 2.57100000e+04 2.58830000e+04
  2.59620000e+04 2.60580000e+04 2.60690000e+04 2.62370000e+04]
 [2.43790000e+04 2.44740000e+04 2.45360000e+04 2.45460000e+04
  2.46140000e+04 2.46560000e+04 2.47170000e+04 2.47900000e+04
  2.48410000e+04 2.49220000e+04 2.49970000e+04 2.50340000e+04
  2.51300000e+04 2.51950000e+04 2.52400000e+04 2.52840000e+04
  2.53270000e+04 2.53460000e+04 2.53900000e+04 2.54840000e+04]
 [2.28090000e+04 2.34230000e+04 2.34930000e+04 2.35510000e+04
  2.35550000e+04 2.36410000e+04 2.37310000e+04 2.38170000e+04
  2.39000000e+04 2.39750000e+04 2.40210000e+04 2.41130000e+04
  2.42070000e+04 2.42300000e+04 2.42590000e+04 2.42650000e+04
  2.42680000e+04 2.43010000e+04 2.43130000e+04 2.43640000e+04]
 [2.19090000e+04 2.24050000e+04 2.24600000e+04 2.24860000e+04
  2.25160000e+04 2.25950000e+04 2.26530000e+04 2.27390000e+04
  2.28320000e+04 2.29000000e+04 2.29980000e+04 2.30240000e+04
  2.30560000e+04 2.31540000e+04 2.31890000e+04 2.32260000e+04
  2.32390000e+04 2.33240000e+04 2.34090000e+04 2.35170000e+04]
 [2.17470000e+04 2.18240000e+04 2.18920000e+04 2.18930000e+04
  2.19690000e+04 2.20130000e+04 2.20170000e+04 2.20650000e+04
  2.21040000e+04 2.21770000e+04 2.22580000e+04 2.23080000e+04
  2.24050000e+04 2.24460000e+04 2.25250000e+04 2.25350000e+04
  2.26080000e+04 2.26440000e+04 2.26720000e+04 2.33810000e+04]
 [2.06160000e+04 2.06920000e+04 2.07470000e+04 2.07880000e+04
  2.08340000e+04 2.09140000e+04 2.10130000e+04 2.11120000e+04
  2.11710000e+04 2.11850000e+04 2.12710000e+04 2.13400000e+04
  2.13640000e+04 2.14180000e+04 2.14520000e+04 2.14840000e+04
  2.15820000e+04 2.16560000e+04 2.17230000e+04 2.17680000e+04]
 [1.95170000e+04 1.95310000e+04 1.95630000e+04 1.96400000e+04
  1.97210000e+04 1.97560000e+04 1.97940000e+04 1.98320000e+04
  1.98700000e+04 1.99310000e+04 2.00180000e+04 2.00880000e+04
  2.01670000e+04 2.01920000e+04 2.02380000e+04 2.03260000e+04
  2.03440000e+04 2.04200000e+04 2.05180000e+04 2.05930000e+04]
 [1.86880000e+04 1.87490000e+04 1.88410000e+04 1.88470000e+04
  1.89230000e+04 1.93330000e+04 1.93590000e+04 1.93950000e+04
  1.94840000e+04 1.95310000e+04 1.95660000e+04 1.96200000e+04
  1.96250000e+04 1.96970000e+04 1.97880000e+04 1.97920000e+04
  2.01240000e+04 2.02320000e+04 2.02740000e+04 2.05100000e+04]
 [1.81830000e+04 1.83880000e+04 1.84770000e+04 1.85260000e+04
  1.86120000e+04 1.86260000e+04 1.86880000e+04 1.87410000e+04
  1.88000000e+04 1.88270000e+04 1.89130000e+04 1.89230000e+04
  1.90100000e+04 1.91090000e+04 1.91130000e+04 1.91970000e+04
  1.92590000e+04 1.93330000e+04 1.93630000e+04 1.94310000e+04]
 [1.56270000e+04 1.69050000e+04 1.69080000e+04 1.69920000e+04
  1.70700000e+04 1.71120000e+04 1.71850000e+04 1.72830000e+04
  1.75200000e+04 1.75900000e+04 1.79120000e+04 1.79690000e+04
  1.80050000e+04 1.80810000e+04 1.80850000e+04 1.81610000e+04
  1.82290000e+04 1.82990000e+04 1.83660000e+04 1.83720000e+04]
 [1.56280000e+04 1.68380000e+04 1.69290000e+04 1.69530000e+04
  1.69890000e+04 1.70330000e+04 1.71140000e+04 1.71920000e+04
  1.72570000e+04 1.72590000e+04 1.73500000e+04 1.74120000e+04
  1.74530000e+04 1.74930000e+04 1.75890000e+04 1.76530000e+04
  1.76580000e+04 1.77390000e+04 1.78100000e+04 1.78410000e+04]
 [1.36580000e+04 1.40750000e+04 1.54660000e+04 1.55210000e+04
  1.55340000e+04 1.57630000e+04 1.59890000e+04 1.60160000e+04
  1.61140000e+04 1.62000000e+04 1.62100000e+04 1.62800000e+04
  1.63390000e+04 1.64280000e+04 1.65020000e+04 1.65850000e+04
  1.66150000e+04 1.66710000e+04 1.67700000e+04 1.68380000e+04]
 [1.50940000e+04 1.51290000e+04 1.52030000e+04 1.52620000e+04
  1.52790000e+04 1.53350000e+04 1.53990000e+04 1.54660000e+04
  1.55430000e+04 1.56270000e+04 1.56370000e+04 1.56720000e+04
  1.57510000e+04 1.57630000e+04 1.58540000e+04 1.58900000e+04
  1.59740000e+04 1.59750000e+04 1.62850003e+04 1.65750000e+04]
 [1.39800000e+04 1.40120000e+04 1.42820000e+04 1.43210000e+04
  1.43790000e+04 1.44030000e+04 1.44590000e+04 1.45420000e+04
  1.46190000e+04 1.46970000e+04 1.47960000e+04 1.48910000e+04
  1.49580000e+04 1.50390000e+04 1.50540000e+04 1.50590000e+04
  1.50940000e+04 1.51040000e+04 1.53780000e+04 1.54750000e+04]
 [1.06520000e+04 1.20260000e+04 1.39380000e+04 1.40370000e+04
  1.40640000e+04 1.41580000e+04 1.41700000e+04 1.42030000e+04
  1.42060000e+04 1.42770000e+04 1.42820000e+04 1.43700000e+04
  1.43950000e+04 1.44610000e+04 1.45410000e+04 1.45800000e+04
  1.46700000e+04 1.47490000e+04 1.48050000e+04 1.48650000e+04]
 [1.20870000e+04 1.23800000e+04 1.24210000e+04 1.32210000e+04
  1.33030000e+04 1.33350000e+04 1.34050000e+04 1.34430000e+04
  1.34650000e+04 1.35600000e+04 1.36580000e+04 1.36640000e+04
  1.37280000e+04 1.37800000e+04 1.38260000e+04 1.38970000e+04
  1.42800000e+04 1.43200000e+04 1.46000000e+04 1.46220000e+04]
 [1.18720000e+04 1.22900000e+04 1.23750000e+04 1.24190000e+04
  1.24570000e+04 1.25350000e+04 1.26020000e+04 1.26930000e+04
  1.27670000e+04 1.28410000e+04 1.29080000e+04 1.29610000e+04
  1.30140000e+04 1.30690000e+04 1.30840000e+04 1.31770000e+04
  1.32140000e+04 1.33220000e+04 1.33750000e+04 1.42330000e+04]
 [1.17640000e+04 1.18620000e+04 1.19390000e+04 1.19450000e+04
  1.19900000e+04 1.20810000e+04 1.21580000e+04 1.21700000e+04
  1.22660000e+04 1.22900000e+04 1.23800000e+04 1.24340000e+04
  1.24860000e+04 1.25350000e+04 1.26320000e+04 1.27120000e+04
  1.27960000e+04 1.28400000e+04 1.28770000e+04 1.29560000e+04]
 [1.01980000e+04 1.02670000e+04 1.12980000e+04 1.13300000e+04
  1.13980000e+04 1.14570000e+04 1.14800000e+04 1.15660000e+04
  1.16200000e+04 1.16610000e+04 1.17410000e+04 1.17980000e+04
  1.18430000e+04 1.18620000e+04 1.19000000e+04 1.19900000e+04
  1.20810000e+04 1.21500000e+04 1.27450000e+04 1.28100000e+04]
 [9.97300000e+03 1.00300000e+04 1.00770000e+04 1.04530000e+04
  1.05320000e+04 1.05410000e+04 1.06070000e+04 1.10930000e+04
  1.11140000e+04 1.11490000e+04 1.12460000e+04 1.13290000e+04
  1.13740000e+04 1.13920000e+04 1.14130000e+04 1.14320000e+04
  1.14690000e+04 1.16810000e+04 1.17830000e+04 1.27560000e+04]
 [9.97000000e+03 1.02750000e+04 1.02870000e+04 1.03310000e+04
  1.04060000e+04 1.04380000e+04 1.05490000e+04 1.05980000e+04
  1.06160000e+04 1.06450000e+04 1.07210000e+04 1.07860000e+04
  1.08250000e+04 1.08980000e+04 1.09520000e+04 1.10150000e+04
  1.10930000e+04 1.11110000e+04 1.12020000e+04 1.12050000e+04]
 [8.06500000e+03 9.74600000e+03 9.75300000e+03 9.81400000e+03
  9.87000000e+03 9.90700000e+03 9.91000000e+03 9.92700000e+03
  1.00210000e+04 1.00300000e+04 1.00490000e+04 1.01400000e+04
  1.01980000e+04 1.02060000e+04 1.03300000e+04 1.03900000e+04
  1.03950000e+04 1.04590000e+04 1.04620000e+04 1.05180000e+04]
 [8.64500000e+03 8.73800000e+03 8.80100000e+03 9.56300000e+03
  9.65100000e+03 9.67100000e+03 9.68200000e+03 9.69800000e+03
  9.75300000e+03 9.81400000e+03 9.89500000e+03 9.91200000e+03
  9.92800000e+03 9.97300000e+03 1.00190000e+04 1.01040000e+04
  1.01930000e+04 1.01940000e+04 1.02160000e+04 1.02750000e+04]
 [8.58400000e+03 8.78200000e+03 8.86800000e+03 8.95100000e+03
  8.97700000e+03 8.98100000e+03 9.04200000e+03 9.11400000e+03
  9.19500000e+03 9.23900000e+03 9.28700000e+03 9.30500000e+03
  9.37700000e+03 9.39100000e+03 9.43700000e+03 9.48300000e+03
  9.56300000e+03 9.78800000e+03 9.79900000e+03 1.00050000e+04]
 [7.28800000e+03 7.30100000e+03 8.04600000e+03 8.13600000e+03
  8.17700000e+03 8.18000000e+03 8.19300000e+03 8.54700000e+03
  8.64500000e+03 8.67400000e+03 8.72200000e+03 8.78200000e+03
  8.84900000e+03 8.87700000e+03 8.94100000e+03 8.97700000e+03
  9.02400000e+03 9.10200000e+03 9.18500000e+03 9.21700000e+03]
 [7.58300000e+03 7.69800000e+03 7.77200000e+03 7.81300000e+03
  7.88800000e+03 7.93300000e+03 7.95200000e+03 8.00300000e+03
  8.04200000e+03 8.13600000e+03 8.17700000e+03 8.23900000e+03
  8.31400000e+03 8.35000000e+03 8.35500000e+03 8.43500000e+03
  8.48200000e+03 8.51800000e+03 8.54100000e+03 8.70500000e+03]
 [5.39000000e+03 7.01300000e+03 7.07700000e+03 7.07800000e+03
  7.14300000e+03 7.14500000e+03 7.23200000e+03 7.27700000e+03
  7.35000000e+03 7.38000000e+03 7.44700000e+03 7.51500000e+03
  7.54800000e+03 7.58300000e+03 7.64800000e+03 7.69800000e+03
  7.79100000e+03 7.82700000e+03 7.84500000e+03 7.88400000e+03]
 [5.14500000e+03 5.43400000e+03 5.77400000e+03 5.79500000e+03
  5.82400000e+03 6.18500000e+03 6.25000000e+03 6.36500000e+03
  6.38200000e+03 6.67000000e+03 6.69400000e+03 6.78100000e+03
  6.84800000e+03 6.93600000e+03 7.01900000e+03 7.05500000e+03
  7.13500000e+03 7.32301898e+03 7.35000000e+03 7.48000000e+03]
 [5.32600000e+03 5.57500000e+03 6.21700000e+03 6.27600000e+03
  6.34100000e+03 6.43400000e+03 6.51400000e+03 6.59700000e+03
  6.60200000e+03 6.65200000e+03 6.69400000e+03 6.74300000e+03
  6.81200000e+03 6.89800000e+03 6.91200000e+03 6.99600000e+03
  7.03700000e+03 7.06800000e+03 7.47500000e+03 7.56300000e+03]
 [4.49100000e+03 4.96200000e+03 4.98400000e+03 4.98600000e+03
  5.06900000e+03 5.13000000e+03 5.18500000e+03 5.47100000e+03
  5.54300000e+03 5.58000000e+03 5.63600000e+03 5.70900000e+03
  5.98300000e+03 6.00200000e+03 6.04400000e+03 6.09500000e+03
  6.18300000e+03 6.18500000e+03 6.18600000e+03 6.18700000e+03]
 [5.05900000e+03 5.13300000e+03 5.16100000e+03 5.24800000e+03
  5.33900000e+03 5.40700000e+03 5.43400000e+03 5.47600000e+03
  5.57500000e+03 5.58200000e+03 5.60500000e+03 5.63200000e+03
  5.64800000e+03 5.73400000e+03 5.79500000e+03 5.82300000e+03
  5.88500000e+03 5.97200000e+03 6.33600028e+03 7.00100000e+03]
 [4.63100000e+03 4.70800000e+03 4.72800000e+03 4.78100000e+03
  4.83300000e+03 4.84700000e+03 4.90400000e+03 4.90600000e+03
  4.98400000e+03 5.04700000e+03 5.05900000e+03 5.06900000e+03
  5.07000000e+03 5.12900000e+03 5.13000000e+03 5.19700000e+03
  5.25000000e+03 5.32600000e+03 5.34300000e+03 5.45900000e+03]
 [1.96000000e+03 2.45400000e+03 2.54000000e+03 2.61800000e+03
  3.34100000e+03 3.41600000e+03 3.45300000e+03 3.86700000e+03
  3.91600000e+03 3.96600000e+03 4.05900000e+03 4.11100000e+03
  4.18800000e+03 4.27100000e+03 4.30000000e+03 4.38400000e+03
  4.44400000e+03 4.53600000e+03 4.59700000e+03 4.62800000e+03]
 [7.75000000e+02 3.17000000e+03 3.19600000e+03 3.23400000e+03
  3.29500000e+03 3.36200000e+03 3.42200000e+03 3.46200000e+03
  3.46900000e+03 3.48900000e+03 3.49600000e+03 3.59300000e+03
  3.66900000e+03 3.68700000e+03 3.77000000e+03 3.80900000e+03
  3.87300000e+03 3.91600000e+03 4.05900000e+03 5.26400000e+03]
 [4.28000000e+02 2.02500000e+03 2.09800000e+03 2.18900000e+03
  2.31100000e+03 2.38100000e+03 2.45400000e+03 2.48800000e+03
  2.56900000e+03 2.58800000e+03 2.65200000e+03 2.70600000e+03
  2.80200000e+03 2.89100000e+03 2.89400000e+03 2.94900000e+03
  3.04300000e+03 3.13600000e+03 3.16000000e+03 3.32300000e+03]
 [3.92000000e+02 1.49800000e+03 1.78200000e+03 1.78800000e+03
  1.85500000e+03 1.87700000e+03 1.92700000e+03 1.93100000e+03
  1.96000000e+03 1.99400000e+03 2.00900000e+03 2.05500000e+03
  2.08700000e+03 2.15300000e+03 2.18100000e+03 2.24800000e+03
  2.31100000e+03 2.37100000e+03 2.41000000e+03 2.47500000e+03]
 [8.62000280e+02 1.09900028e+03 1.19000000e+03 1.22600000e+03
  1.32300000e+03 1.36100000e+03 1.36900000e+03 1.44000000e+03
  1.52300000e+03 1.56600000e+03 1.65200000e+03 1.68500000e+03
  1.77900000e+03 1.80900000e+03 1.84200000e+03 1.93100000e+03
  1.96800000e+03 1.96900000e+03 2.00400000e+03 2.15700000e+03]
 [4.65000000e+02 4.89000000e+02 6.87000000e+02 7.48000000e+02
  7.89000000e+02 8.07000000e+02 8.11000000e+02 9.02000000e+02
  9.75000000e+02 1.00800000e+03 1.10400000e+03 1.16300000e+03
  1.22600000e+03 1.26600000e+03 1.27100000e+03 1.29100000e+03
  1.36000000e+03 1.38700000e+03 2.37000000e+03 2.39400000e+03]
 [0.00000000e+00 3.10000000e+01 1.30000000e+02 1.44000000e+02
  2.08000000e+02 2.97000000e+02 3.40000000e+02 4.33000000e+02
  4.65000000e+02 4.97000000e+02 5.23000000e+02 5.45000000e+02
  5.78000000e+02 6.67000000e+02 7.08000000e+02 7.48000000e+02
  8.51000000e+02 8.77000000e+02 1.13000000e+03 1.18300000e+03]]
