optimal_status: 0
solution: 8049.0
cpu_time: 3600.2630138397217
gap: 0.868401750819491
upper_bound: 1059.2343076539173
lower_bound: 8049.0
cg_matrix: [[0. 0. 0. 1. 0. 1. 1. 1. 1. 1. 0. 0. 1. 1. 1. 1. 1. 0. 1. 1. 1. 0. 0. 1.
  0. 0. 0. 0. 0. 0.]
 [0. 0. 1. 1. 1. 1. 0. 1. 0. 0. 1. 1. 0. 0. 1. 1. 1. 0. 1. 1. 0. 1. 0. 0.
  0. 1. 0. 0. 1. 1.]
 [0. 1. 0. 0. 1. 0. 0. 1. 0. 0. 1. 0. 1. 0. 1. 1. 0. 1. 0. 0. 1. 1. 0. 1.
  0. 1. 1. 0. 1. 0.]
 [1. 1. 0. 0. 1. 1. 0. 1. 1. 1. 0. 1. 0. 1. 1. 0. 0. 0. 1. 1. 0. 1. 1. 0.
  1. 0. 0. 0. 0. 1.]
 [0. 1. 1. 1. 0. 1. 0. 1. 0. 0. 1. 1. 0. 1. 0. 1. 1. 0. 0. 1. 0. 1. 0. 1.
  0. 0. 0. 1. 1. 0.]
 [1. 1. 0. 1. 1. 0. 1. 0. 1. 1. 1. 0. 0. 1. 1. 0. 0. 0. 0. 1. 1. 0. 0. 0.
  0. 0. 1. 0. 0. 1.]
 [1. 0. 0. 0. 0. 1. 0. 1. 1. 1. 0. 1. 1. 1. 1. 1. 0. 1. 0. 0. 0. 0. 1. 0.
  1. 1. 0. 0. 1. 1.]
 [1. 1. 1. 1. 1. 0. 1. 0. 0. 1. 1. 1. 1. 0. 0. 1. 1. 0. 0. 0. 1. 1. 1. 1.
  0. 1. 1. 0. 0. 0.]
 [1. 0. 0. 1. 0. 1. 1. 0. 0. 1. 1. 1. 1. 0. 0. 0. 1. 0. 0. 0. 0. 1. 1. 1.
  1. 1. 0. 0. 1. 0.]
 [1. 0. 0. 1. 0. 1. 1. 1. 1. 0. 1. 0. 0. 1. 0. 0. 0. 0. 1. 0. 1. 1. 0. 0.
  1. 1. 1. 1. 1. 1.]
 [0. 1. 1. 0. 1. 1. 0. 1. 1. 1. 0. 1. 1. 0. 1. 0. 1. 1. 1. 0. 1. 1. 1. 1.
  0. 1. 0. 1. 0. 1.]
 [0. 1. 0. 1. 1. 0. 1. 1. 1. 0. 1. 0. 1. 1. 0. 1. 0. 0. 1. 1. 0. 0. 0. 1.
  1. 1. 1. 1. 1. 0.]
 [1. 0. 1. 0. 0. 0. 1. 1. 1. 0. 1. 1. 0. 0. 1. 1. 1. 0. 0. 0. 1. 1. 0. 1.
  0. 1. 0. 1. 1. 1.]
 [1. 0. 0. 1. 1. 1. 1. 0. 0. 1. 0. 1. 0. 0. 1. 1. 0. 1. 0. 1. 0. 0. 1. 0.
  0. 0. 1. 1. 1. 1.]
 [1. 1. 1. 1. 0. 1. 1. 0. 0. 0. 1. 0. 1. 1. 0. 0. 0. 0. 1. 0. 0. 1. 1. 0.
  1. 0. 0. 0. 1. 1.]
 [1. 1. 1. 0. 1. 0. 1. 1. 0. 0. 0. 1. 1. 1. 0. 0. 0. 0. 0. 0. 0. 0. 0. 0.
  0. 0. 0. 0. 0. 0.]
 [1. 1. 0. 0. 1. 0. 0. 1. 1. 0. 1. 0. 1. 0. 0. 0. 0. 0. 0. 0. 0. 0. 0. 0.
  0. 0. 0. 0. 0. 0.]
 [0. 0. 1. 0. 0. 0. 1. 0. 0. 0. 1. 0. 0. 1. 0. 0. 0. 0. 0. 0. 0. 0. 0. 0.
  0. 0. 0. 0. 0. 0.]
 [1. 1. 0. 1. 0. 0. 0. 0. 0. 1. 1. 1. 0. 0. 1. 0. 0. 0. 0. 0. 0. 0. 0. 0.
  0. 0. 0. 0. 0. 0.]
 [1. 1. 0. 1. 1. 1. 0. 0. 0. 0. 0. 1. 0. 1. 0. 0. 0. 0. 0. 0. 0. 0. 0. 0.
  0. 0. 0. 0. 0. 0.]
 [1. 0. 1. 0. 0. 1. 0. 1. 0. 1. 1. 0. 1. 0. 0. 0. 0. 0. 0. 0. 0. 0. 0. 0.
  0. 0. 0. 0. 0. 0.]
 [0. 1. 1. 1. 1. 0. 0. 1. 1. 1. 1. 0. 1. 0. 1. 0. 0. 0. 0. 0. 0. 0. 0. 0.
  0. 0. 0. 0. 0. 0.]
 [0. 0. 0. 1. 0. 0. 1. 1. 1. 0. 1. 0. 0. 1. 1. 0. 0. 0. 0. 0. 0. 0. 0. 0.
  0. 0. 0. 0. 0. 0.]
 [1. 0. 1. 0. 1. 0. 0. 1. 1. 0. 1. 1. 1. 0. 0. 0. 0. 0. 0. 0. 0. 0. 0. 0.
  0. 0. 0. 0. 0. 0.]
 [0. 0. 0. 1. 0. 0. 1. 0. 1. 1. 0. 1. 0. 0. 1. 0. 0. 0. 0. 0. 0. 0. 0. 0.
  0. 0. 0. 0. 0. 0.]
 [0. 1. 1. 0. 0. 0. 1. 1. 1. 1. 1. 1. 1. 0. 0. 0. 0. 0. 0. 0. 0. 0. 0. 0.
  0. 0. 0. 0. 0. 0.]
 [0. 0. 1. 0. 0. 1. 0. 1. 0. 1. 0. 1. 0. 1. 0. 0. 0. 0. 0. 0. 0. 0. 0. 0.
  0. 0. 0. 0. 0. 0.]
 [0. 0. 0. 0. 1. 0. 0. 0. 0. 1. 1. 1. 1. 1. 0. 0. 0. 0. 0. 0. 0. 0. 0. 0.
  0. 0. 0. 0. 0. 0.]
 [0. 1. 1. 0. 1. 0. 1. 0. 1. 1. 0. 1. 1. 1. 1. 0. 0. 0. 0. 0. 0. 0. 0. 0.
  0. 0. 0. 0. 0. 0.]
 [0. 1. 0. 1. 0. 1. 1. 0. 0. 1. 1. 0. 1. 1. 1. 0. 0. 0. 0. 0. 0. 0. 0. 0.
  0. 0. 0. 0. 0. 0.]]
start_times_array: [[1.212e+03 1.849e+03 2.627e+03 2.908e+03 3.099e+03 3.966e+03 4.517e+03
  5.540e+03 5.638e+03 6.025e+03 6.325e+03 6.600e+03 6.620e+03 6.971e+03
  7.981e+03]
 [1.026e+03 2.326e+03 2.686e+03 3.025e+03 3.334e+03 3.442e+03 3.680e+03
  4.122e+03 4.308e+03 5.923e+03 6.600e+03 7.203e+03 7.590e+03 7.862e+03
  7.981e+03]
 [2.774e+03 3.220e+03 3.294e+03 3.589e+03 4.251e+03 4.300e+03 4.422e+03
  4.514e+03 4.574e+03 5.305e+03 6.054e+03 6.960e+03 7.166e+03 7.326e+03
  7.504e+03]
 [2.850e+02 7.490e+02 9.280e+02 1.123e+03 1.974e+03 2.180e+03 2.297e+03
  2.725e+03 5.114e+03 5.491e+03 6.095e+03 6.149e+03 7.664e+03 7.899e+03
  8.046e+03]
 [1.696e+03 1.785e+03 2.021e+03 2.411e+03 2.689e+03 3.124e+03 3.347e+03
  3.706e+03 3.895e+03 4.519e+03 5.540e+03 6.281e+03 6.988e+03 7.668e+03
  7.802e+03]
 [4.290e+02 1.853e+03 1.889e+03 2.909e+03 3.220e+03 3.507e+03 3.803e+03
  4.346e+03 5.766e+03 6.346e+03 6.575e+03 6.789e+03 7.262e+03 7.504e+03
  7.940e+03]
 [2.900e+02 5.080e+02 1.123e+03 2.276e+03 4.739e+03 4.791e+03 5.059e+03
  5.095e+03 5.137e+03 5.673e+03 6.095e+03 6.406e+03 7.203e+03 7.843e+03
  8.044e+03]
 [5.300e+02 9.510e+02 1.327e+03 1.408e+03 1.724e+03 2.092e+03 2.492e+03
  2.512e+03 2.921e+03 2.945e+03 3.499e+03 3.875e+03 4.065e+03 4.094e+03
  7.752e+03]
 [1.400e+01 1.690e+02 1.022e+03 1.450e+03 2.074e+03 3.442e+03 4.065e+03
  4.109e+03 4.117e+03 4.224e+03 4.432e+03 4.592e+03 7.360e+03 7.403e+03
  7.752e+03]
 [2.500e+01 1.330e+03 1.544e+03 1.696e+03 1.767e+03 2.363e+03 2.813e+03
  3.326e+03 3.405e+03 3.706e+03 3.751e+03 3.895e+03 4.301e+03 5.317e+03
  6.901e+03]
 [2.680e+02 2.901e+03 3.966e+03 4.739e+03 5.059e+03 5.143e+03 5.159e+03
  5.307e+03 5.431e+03 5.468e+03 5.480e+03 5.638e+03 6.014e+03 6.152e+03
  6.405e+03]
 [3.890e+02 5.960e+02 8.520e+02 1.394e+03 1.637e+03 1.694e+03 1.811e+03
  1.863e+03 2.843e+03 3.070e+03 3.220e+03 4.916e+03 5.374e+03 5.738e+03
  7.694e+03]
 [7.990e+02 9.280e+02 1.329e+03 1.743e+03 2.021e+03 2.363e+03 2.429e+03
  2.987e+03 3.680e+03 4.666e+03 4.973e+03 5.317e+03 5.517e+03 5.926e+03
  6.368e+03]
 [5.230e+02 3.442e+03 3.652e+03 4.058e+03 5.851e+03 5.926e+03 6.402e+03
  6.699e+03 6.735e+03 6.819e+03 7.052e+03 7.057e+03 7.188e+03 7.364e+03
  7.366e+03]
 [1.400e+01 3.800e+02 6.740e+02 3.897e+03 5.226e+03 5.374e+03 5.441e+03
  6.228e+03 6.496e+03 6.553e+03 6.706e+03 6.747e+03 6.901e+03 7.127e+03
  7.404e+03]
 [7.300e+01 1.630e+02 6.940e+02 1.542e+03 2.180e+03 2.182e+03 5.426e+03
  5.464e+03 6.228e+03 6.548e+03 6.906e+03 7.079e+03 7.262e+03 7.404e+03
  7.447e+03]
 [2.500e+01 1.000e+02 3.150e+02 3.850e+02 3.910e+02 1.394e+03 2.745e+03
  2.818e+03 2.843e+03 3.220e+03 3.589e+03 6.346e+03 7.104e+03 7.165e+03
  7.262e+03]
 [0.000e+00 6.100e+01 8.100e+01 1.020e+02 1.870e+02 6.340e+02 3.706e+03
  4.519e+03 4.850e+03 5.317e+03 6.747e+03 6.988e+03 7.108e+03 7.115e+03
  7.404e+03]
 [1.910e+02 1.303e+03 1.408e+03 1.899e+03 2.021e+03 2.124e+03 2.204e+03
  2.909e+03 2.973e+03 3.150e+03 3.402e+03 3.533e+03 4.351e+03 4.635e+03
  5.623e+03]
 [0.000e+00 1.000e+00 2.300e+01 6.940e+02 1.327e+03 3.319e+03 4.185e+03
  4.194e+03 4.432e+03 4.812e+03 4.853e+03 4.996e+03 6.014e+03 6.215e+03
  7.404e+03]
 [1.300e+02 1.740e+02 4.690e+02 5.020e+02 6.710e+02 7.680e+02 1.147e+03
  1.157e+03 1.494e+03 1.571e+03 1.639e+03 1.646e+03 1.894e+03 2.180e+03
  5.677e+03]
 [4.290e+02 5.280e+02 8.520e+02 1.200e+03 1.226e+03 2.204e+03 4.830e+03
  5.183e+03 5.766e+03 5.830e+03 6.351e+03 6.789e+03 6.815e+03 7.042e+03
  7.269e+03]
 [4.290e+02 5.960e+02 6.520e+02 1.288e+03 1.329e+03 1.356e+03 1.394e+03
  1.637e+03 2.813e+03 3.113e+03 3.212e+03 3.240e+03 6.318e+03 6.575e+03
  6.960e+03]
 [0.000e+00 2.000e+00 2.500e+01 3.150e+02 7.300e+02 1.114e+03 1.922e+03
  2.258e+03 4.301e+03 4.824e+03 5.828e+03 7.203e+03 7.244e+03 7.281e+03
  7.314e+03]
 [1.000e+02 1.460e+02 4.600e+02 5.270e+02 9.510e+02 1.114e+03 1.236e+03
  1.723e+03 1.913e+03 1.914e+03 2.923e+03 3.016e+03 3.555e+03 3.579e+03
  6.789e+03]
 [7.160e+02 2.600e+03 3.124e+03 3.814e+03 4.185e+03 4.346e+03 5.094e+03
  6.228e+03 6.236e+03 6.253e+03 6.313e+03 6.706e+03 6.988e+03 7.009e+03
  7.030e+03]
 [1.000e+02 1.280e+02 1.912e+03 1.974e+03 4.522e+03 4.824e+03 5.010e+03
  5.507e+03 5.590e+03 5.601e+03 6.747e+03 7.079e+03 7.404e+03 7.470e+03
  7.802e+03]
 [1.930e+02 1.899e+03 3.803e+03 4.157e+03 4.348e+03 4.429e+03 4.444e+03
  4.824e+03 4.881e+03 5.070e+03 5.233e+03 5.698e+03 5.863e+03 6.052e+03
  6.496e+03]
 [0.000e+00 1.000e+02 1.330e+02 1.490e+02 2.650e+02 2.890e+02 4.510e+02
  7.030e+02 9.470e+02 1.252e+03 3.803e+03 4.348e+03 5.504e+03 6.149e+03
  7.079e+03]
 [1.460e+02 1.790e+02 3.070e+03 3.603e+03 4.432e+03 4.490e+03 4.522e+03
  4.850e+03 4.914e+03 5.081e+03 5.183e+03 5.540e+03 5.733e+03 6.290e+03
  7.694e+03]]
