optimal_status: 0
solution: 5452.0
cpu_time: 3600.5755548477173
gap: 0.7480027431528187
upper_bound: 1373.8890443308323
lower_bound: 5452.0
cg_matrix: [[0. 1. 1. 0. 0. 0. 0. 0. 0. 0. 0. 0. 0. 0. 0. 0. 0. 1. 0. 0. 0. 0. 1. 1.
  0. 1. 0. 0. 0. 0.]
 [1. 0. 0. 0. 0. 0. 0. 0. 0. 0. 0. 1. 0. 1. 0. 0. 1. 0. 0. 0. 0. 0. 0. 0.
  0. 0. 0. 0. 0. 0.]
 [1. 0. 0. 0. 0. 1. 0. 1. 0. 1. 0. 0. 0. 0. 0. 0. 0. 1. 0. 0. 0. 0. 0. 0.
  1. 0. 0. 0. 1. 0.]
 [0. 0. 0. 0. 1. 0. 0. 0. 1. 0. 0. 0. 0. 0. 0. 1. 0. 0. 0. 0. 0. 0. 0. 0.
  0. 0. 1. 0. 1. 1.]
 [0. 0. 0. 1. 0. 0. 0. 0. 0. 1. 0. 1. 0. 1. 0. 0. 0. 0. 0. 1. 0. 0. 0. 0.
  1. 0. 1. 1. 0. 0.]
 [0. 0. 1. 0. 0. 0. 0. 0. 1. 0. 0. 1. 0. 0. 0. 0. 0. 0. 0. 0. 0. 0. 1. 0.
  0. 1. 0. 0. 0. 0.]
 [0. 0. 0. 0. 0. 0. 0. 0. 1. 1. 0. 0. 0. 0. 0. 0. 0. 0. 0. 0. 0. 0. 0. 0.
  1. 0. 0. 1. 0. 1.]
 [0. 0. 1. 0. 0. 0. 0. 0. 1. 0. 0. 1. 0. 0. 0. 0. 0. 0. 1. 1. 0. 0. 1. 0.
  1. 0. 0. 0. 0. 0.]
 [0. 0. 0. 1. 0. 1. 1. 1. 0. 0. 0. 0. 0. 1. 0. 0. 0. 0. 0. 0. 1. 0. 0. 0.
  0. 0. 0. 0. 0. 0.]
 [0. 0. 1. 0. 1. 0. 1. 0. 0. 0. 0. 1. 0. 0. 0. 0. 0. 1. 1. 0. 1. 0. 1. 0.
  0. 0. 0. 1. 0. 0.]
 [0. 0. 0. 0. 0. 0. 0. 0. 0. 0. 0. 0. 0. 1. 0. 0. 0. 0. 0. 0. 1. 0. 0. 0.
  1. 0. 0. 0. 0. 0.]
 [0. 1. 0. 0. 1. 1. 0. 1. 0. 1. 0. 0. 0. 0. 0. 0. 1. 0. 1. 0. 0. 0. 0. 1.
  1. 0. 0. 0. 0. 0.]
 [0. 0. 0. 0. 0. 0. 0. 0. 0. 0. 0. 0. 0. 0. 0. 0. 0. 0. 0. 0. 0. 0. 0. 1.
  0. 0. 0. 0. 0. 0.]
 [0. 1. 0. 0. 1. 0. 0. 0. 1. 0. 1. 0. 0. 0. 0. 1. 0. 0. 0. 1. 0. 0. 0. 0.
  1. 0. 0. 0. 0. 0.]
 [0. 0. 0. 0. 0. 0. 0. 0. 0. 0. 0. 0. 0. 0. 0. 0. 0. 0. 0. 1. 0. 0. 0. 1.
  0. 0. 0. 0. 0. 1.]
 [0. 0. 0. 1. 0. 0. 0. 0. 0. 0. 0. 0. 0. 1. 0. 0. 0. 1. 0. 0. 0. 0. 0. 1.
  0. 0. 0. 1. 0. 0.]
 [0. 1. 0. 0. 0. 0. 0. 0. 0. 0. 0. 1. 0. 0. 0. 0. 0. 0. 0. 0. 0. 0. 0. 0.
  0. 0. 0. 0. 0. 0.]
 [1. 0. 1. 0. 0. 0. 0. 0. 0. 1. 0. 0. 0. 0. 0. 1. 0. 0. 1. 0. 1. 0. 0. 0.
  1. 0. 0. 0. 1. 0.]
 [0. 0. 0. 0. 0. 0. 0. 1. 0. 1. 0. 1. 0. 0. 0. 0. 0. 1. 0. 1. 0. 0. 0. 0.
  0. 0. 0. 0. 0. 0.]
 [0. 0. 0. 0. 1. 0. 0. 1. 0. 0. 0. 0. 0. 1. 1. 0. 0. 0. 1. 0. 0. 1. 0. 0.
  0. 0. 0. 1. 0. 0.]
 [0. 0. 0. 0. 0. 0. 0. 0. 1. 1. 1. 0. 0. 0. 0. 0. 0. 1. 0. 0. 0. 0. 0. 0.
  0. 0. 0. 0. 0. 0.]
 [0. 0. 0. 0. 0. 0. 0. 0. 0. 0. 0. 0. 0. 0. 0. 0. 0. 0. 0. 1. 0. 0. 0. 0.
  0. 0. 0. 0. 0. 0.]
 [1. 0. 0. 0. 0. 1. 0. 1. 0. 1. 0. 0. 0. 0. 0. 0. 0. 0. 0. 0. 0. 0. 0. 0.
  0. 0. 0. 0. 0. 0.]
 [1. 0. 0. 0. 0. 0. 0. 0. 0. 0. 0. 1. 1. 0. 1. 1. 0. 0. 0. 0. 0. 0. 0. 0.
  0. 0. 0. 0. 0. 0.]
 [0. 0. 1. 0. 1. 0. 1. 1. 0. 0. 1. 1. 0. 1. 0. 0. 0. 1. 0. 0. 0. 0. 0. 0.
  0. 0. 0. 0. 0. 0.]
 [1. 0. 0. 0. 0. 1. 0. 0. 0. 0. 0. 0. 0. 0. 0. 0. 0. 0. 0. 0. 0. 0. 0. 0.
  0. 0. 0. 0. 0. 0.]
 [0. 0. 0. 1. 1. 0. 0. 0. 0. 0. 0. 0. 0. 0. 0. 0. 0. 0. 0. 0. 0. 0. 0. 0.
  0. 0. 0. 0. 0. 0.]
 [0. 0. 0. 0. 1. 0. 1. 0. 0. 1. 0. 0. 0. 0. 0. 1. 0. 0. 0. 1. 0. 0. 0. 0.
  0. 0. 0. 0. 0. 0.]
 [0. 0. 1. 1. 0. 0. 0. 0. 0. 0. 0. 0. 0. 0. 0. 0. 0. 1. 0. 0. 0. 0. 0. 0.
  0. 0. 0. 0. 0. 0.]
 [0. 0. 0. 1. 0. 0. 1. 0. 0. 0. 0. 0. 0. 0. 1. 0. 0. 0. 0. 0. 0. 0. 0. 0.
  0. 0. 0. 0. 0. 0.]]
start_times_array: [[1.040e+02 2.970e+02 4.680e+02 6.360e+02 7.620e+02 1.037e+03 1.416e+03
  1.821e+03 2.090e+03 2.172e+03 2.572e+03 3.198e+03 3.514e+03 3.604e+03
  3.622e+03 4.125e+03 4.322e+03 4.820e+03 4.939e+03 5.194e+03]
 [4.700e+01 5.570e+02 6.970e+02 7.430e+02 8.670e+02 1.311e+03 1.544e+03
  1.676e+03 1.705e+03 1.893e+03 2.258e+03 2.828e+03 3.265e+03 3.639e+03
  3.905e+03 4.247e+03 4.516e+03 4.668e+03 4.716e+03 5.330e+03]
 [5.210e+02 5.920e+02 7.700e+02 1.288e+03 1.737e+03 2.062e+03 2.430e+03
  2.740e+03 2.942e+03 3.295e+03 3.364e+03 3.693e+03 3.977e+03 4.211e+03
  4.468e+03 4.847e+03 4.870e+03 5.133e+03 5.287e+03 5.368e+03]
 [1.020e+02 3.660e+02 1.015e+03 1.150e+03 1.470e+03 1.814e+03 2.403e+03
  2.472e+03 2.819e+03 3.226e+03 3.405e+03 3.629e+03 3.718e+03 3.796e+03
  4.002e+03 4.096e+03 4.595e+03 4.895e+03 5.107e+03 5.252e+03]
 [4.700e+02 7.460e+02 8.730e+02 1.037e+03 1.336e+03 1.559e+03 2.045e+03
  2.241e+03 2.499e+03 3.015e+03 3.299e+03 3.825e+03 4.226e+03 4.516e+03
  4.856e+03 4.865e+03 4.972e+03 5.334e+03 5.416e+03 5.420e+03]
 [2.980e+02 3.700e+02 7.090e+02 7.160e+02 1.239e+03 1.433e+03 1.519e+03
  1.545e+03 2.081e+03 2.142e+03 2.333e+03 3.051e+03 3.173e+03 3.773e+03
  3.775e+03 4.077e+03 4.295e+03 4.565e+03 4.592e+03 4.717e+03]
 [1.130e+02 4.680e+02 6.400e+02 1.032e+03 1.038e+03 1.372e+03 1.414e+03
  1.821e+03 2.081e+03 2.132e+03 2.978e+03 3.152e+03 3.676e+03 3.728e+03
  3.781e+03 3.825e+03 4.018e+03 4.442e+03 4.798e+03 5.243e+03]
 [2.050e+02 6.300e+02 6.690e+02 8.670e+02 1.037e+03 1.176e+03 1.673e+03
  2.045e+03 2.299e+03 2.642e+03 3.039e+03 3.048e+03 3.173e+03 3.466e+03
  3.836e+03 4.098e+03 4.127e+03 4.370e+03 4.516e+03 4.559e+03]
 [1.180e+02 7.760e+02 1.213e+03 1.251e+03 1.587e+03 1.757e+03 2.494e+03
  2.587e+03 2.726e+03 2.904e+03 2.991e+03 3.009e+03 3.326e+03 3.341e+03
  3.912e+03 4.168e+03 4.668e+03 4.972e+03 5.204e+03 5.334e+03]
 [9.900e+01 2.770e+02 6.420e+02 9.860e+02 1.126e+03 1.433e+03 1.650e+03
  2.136e+03 2.344e+03 2.823e+03 2.991e+03 3.198e+03 3.514e+03 3.552e+03
  3.639e+03 3.796e+03 4.092e+03 4.342e+03 4.682e+03 4.883e+03]
 [1.050e+02 2.630e+02 5.700e+02 8.190e+02 1.213e+03 1.676e+03 1.735e+03
  2.292e+03 2.958e+03 2.978e+03 3.000e+03 3.298e+03 3.682e+03 3.812e+03
  3.852e+03 4.370e+03 4.837e+03 5.030e+03 5.194e+03 5.400e+03]
 [1.130e+02 1.460e+02 4.730e+02 7.970e+02 1.070e+03 1.251e+03 1.503e+03
  1.794e+03 1.985e+03 1.998e+03 2.434e+03 2.915e+03 3.122e+03 3.432e+03
  3.701e+03 4.149e+03 4.212e+03 4.432e+03 4.749e+03 5.238e+03]
 [9.600e+01 3.520e+02 4.680e+02 5.340e+02 1.120e+03 1.466e+03 1.848e+03
  1.905e+03 2.045e+03 2.572e+03 3.015e+03 3.417e+03 3.899e+03 3.958e+03
  4.620e+03 4.668e+03 4.741e+03 4.827e+03 4.853e+03 5.192e+03]
 [3.710e+02 6.210e+02 9.160e+02 1.134e+03 1.484e+03 1.630e+03 1.800e+03
  2.339e+03 2.642e+03 2.762e+03 3.165e+03 3.602e+03 3.718e+03 3.728e+03
  4.098e+03 4.648e+03 4.749e+03 4.895e+03 5.072e+03 5.143e+03]
 [1.400e+02 2.820e+02 1.038e+03 1.269e+03 1.516e+03 1.647e+03 2.062e+03
  2.301e+03 2.450e+03 2.452e+03 2.748e+03 3.417e+03 3.629e+03 4.125e+03
  4.132e+03 4.595e+03 4.972e+03 5.133e+03 5.193e+03 5.420e+03]
 [2.770e+02 5.050e+02 9.380e+02 1.369e+03 1.416e+03 1.433e+03 1.442e+03
  1.658e+03 2.061e+03 2.234e+03 2.926e+03 3.251e+03 3.808e+03 3.857e+03
  4.168e+03 4.468e+03 4.820e+03 4.972e+03 5.036e+03 5.334e+03]
 [0.000e+00 1.550e+02 2.060e+02 9.160e+02 1.027e+03 1.049e+03 1.062e+03
  1.166e+03 1.615e+03 1.722e+03 2.172e+03 2.241e+03 2.390e+03 2.744e+03
  2.991e+03 3.482e+03 4.322e+03 4.560e+03 4.833e+03 5.024e+03]
 [1.150e+02 1.860e+02 5.930e+02 1.192e+03 1.402e+03 1.503e+03 1.988e+03
  2.045e+03 2.299e+03 2.528e+03 2.688e+03 2.915e+03 3.128e+03 3.417e+03
  3.825e+03 4.012e+03 4.417e+03 4.441e+03 4.739e+03 4.926e+03]
 [0.000e+00 9.200e+01 1.550e+02 3.920e+02 1.311e+03 1.584e+03 1.878e+03
  2.202e+03 2.572e+03 2.587e+03 2.627e+03 3.051e+03 3.299e+03 3.913e+03
  4.226e+03 4.281e+03 4.952e+03 5.161e+03 5.200e+03 5.330e+03]
 [9.600e+01 9.380e+02 1.213e+03 1.402e+03 1.859e+03 1.873e+03 1.963e+03
  2.073e+03 2.621e+03 2.836e+03 2.925e+03 3.260e+03 3.408e+03 3.512e+03
  4.007e+03 4.434e+03 4.820e+03 4.918e+03 5.036e+03 5.238e+03]
 [0.000e+00 2.980e+02 3.660e+02 9.160e+02 1.017e+03 1.800e+03 1.877e+03
  2.430e+03 2.622e+03 2.762e+03 3.054e+03 3.289e+03 3.567e+03 3.702e+03
  4.468e+03 4.531e+03 4.798e+03 4.939e+03 5.089e+03 5.444e+03]
 [1.130e+02 2.710e+02 2.930e+02 4.570e+02 4.940e+02 5.280e+02 7.100e+02
  2.438e+03 2.488e+03 2.627e+03 2.688e+03 2.758e+03 2.991e+03 3.452e+03
  3.488e+03 3.766e+03 4.162e+03 4.516e+03 4.590e+03 5.319e+03]
 [5.700e+01 1.150e+02 3.420e+02 5.020e+02 5.210e+02 7.700e+02 1.312e+03
  2.258e+03 2.430e+03 2.525e+03 2.747e+03 3.364e+03 3.452e+03 3.660e+03
  4.194e+03 4.264e+03 4.434e+03 4.739e+03 5.036e+03 5.368e+03]
 [0.000e+00 6.200e+01 3.700e+02 5.710e+02 6.970e+02 1.185e+03 1.615e+03
  1.734e+03 1.893e+03 2.349e+03 2.499e+03 2.689e+03 3.320e+03 3.775e+03
  3.799e+03 4.007e+03 4.033e+03 4.281e+03 4.627e+03 5.050e+03]
 [0.000e+00 1.200e+01 2.970e+02 6.930e+02 7.130e+02 9.380e+02 1.443e+03
  1.885e+03 1.981e+03 2.142e+03 2.572e+03 2.619e+03 2.728e+03 2.824e+03
  3.392e+03 3.514e+03 3.924e+03 4.287e+03 4.668e+03 5.003e+03]
 [1.000e+00 5.650e+02 6.150e+02 7.700e+02 1.167e+03 1.587e+03 1.784e+03
  1.942e+03 1.981e+03 2.472e+03 2.747e+03 2.819e+03 3.661e+03 3.701e+03
  4.417e+03 4.513e+03 4.627e+03 4.874e+03 5.036e+03 5.402e+03]
 [0.000e+00 5.500e+01 9.600e+01 1.430e+02 9.160e+02 1.178e+03 1.237e+03
  1.913e+03 2.622e+03 2.688e+03 3.465e+03 3.544e+03 3.662e+03 3.713e+03
  3.967e+03 4.295e+03 4.312e+03 4.683e+03 5.055e+03 5.161e+03]
 [1.800e+02 3.580e+02 5.230e+02 6.070e+02 1.188e+03 1.260e+03 1.737e+03
  1.914e+03 2.165e+03 2.434e+03 2.627e+03 2.682e+03 3.091e+03 3.417e+03
  3.637e+03 3.923e+03 4.417e+03 4.595e+03 4.772e+03 5.147e+03]
 [0.000e+00 4.900e+01 2.560e+02 9.150e+02 9.940e+02 1.058e+03 1.106e+03
  1.638e+03 1.928e+03 2.081e+03 2.280e+03 2.349e+03 2.967e+03 3.023e+03
  3.279e+03 3.365e+03 3.845e+03 4.287e+03 4.505e+03 4.972e+03]
 [0.000e+00 1.180e+02 1.790e+02 5.230e+02 6.420e+02 6.970e+02 1.178e+03
  1.311e+03 1.692e+03 1.913e+03 2.505e+03 2.692e+03 2.747e+03 3.023e+03
  3.096e+03 3.512e+03 3.802e+03 4.243e+03 4.716e+03 5.035e+03]]
