optimal_status: 0
solution: 18354.0
cpu_time: 3601.6521730422974
gap: 0.935981257491555
upper_bound: 1175.0000000000011
lower_bound: 18354.0
cg_matrix: [[0. 1. 1. 0. 1. 1. 0. 1. 0. 0. 1. 0. 1. 1. 1. 0. 1. 0. 1. 1. 0. 0. 1. 1.
  1. 1. 1. 0. 1. 0. 0. 1. 1. 1. 1. 1. 0. 1. 0. 1. 1. 1. 1. 1. 1. 1. 1. 1.
  1. 1.]
 [1. 0. 0. 1. 0. 1. 1. 1. 1. 1. 1. 1. 1. 1. 0. 1. 1. 1. 1. 1. 0. 1. 0. 1.
  1. 1. 1. 1. 0. 0. 1. 0. 1. 1. 0. 1. 0. 0. 1. 1. 0. 0. 1. 1. 1. 0. 1. 1.
  1. 0.]
 [1. 0. 0. 1. 1. 1. 1. 1. 1. 0. 1. 0. 0. 0. 1. 1. 1. 1. 1. 1. 1. 0. 0. 0.
  1. 1. 0. 1. 1. 1. 1. 1. 1. 1. 1. 1. 1. 1. 1. 0. 0. 1. 1. 0. 1. 1. 1. 1.
  1. 0.]
 [0. 1. 1. 0. 0. 1. 1. 1. 1. 1. 1. 1. 1. 1. 1. 1. 1. 1. 1. 1. 1. 1. 0. 1.
  1. 1. 1. 1. 1. 1. 1. 0. 1. 1. 1. 0. 0. 1. 1. 1. 1. 1. 0. 1. 0. 1. 1. 0.
  1. 1.]
 [1. 0. 1. 0. 0. 0. 0. 1. 1. 0. 0. 1. 0. 0. 1. 1. 1. 1. 1. 1. 0. 1. 1. 1.
  1. 1. 1. 0. 0. 0. 1. 1. 1. 1. 1. 1. 1. 1. 1. 1. 1. 1. 1. 1. 1. 1. 1. 1.
  1. 1.]
 [1. 1. 1. 1. 0. 0. 1. 1. 1. 1. 1. 1. 1. 1. 1. 0. 1. 1. 1. 1. 1. 0. 1. 1.
  1. 1. 1. 1. 1. 1. 1. 1. 1. 1. 1. 1. 0. 1. 1. 0. 1. 0. 1. 1. 1. 1. 0. 1.
  1. 1.]
 [0. 1. 1. 1. 0. 1. 0. 0. 1. 1. 1. 1. 0. 1. 1. 1. 1. 1. 1. 1. 1. 1. 0. 1.
  0. 0. 0. 1. 1. 0. 1. 1. 1. 1. 1. 0. 1. 0. 1. 0. 1. 0. 1. 1. 1. 1. 1. 1.
  1. 1.]
 [1. 1. 1. 1. 1. 1. 0. 0. 0. 1. 0. 1. 0. 0. 0. 1. 1. 1. 1. 1. 1. 1. 1. 0.
  1. 1. 1. 1. 1. 1. 1. 1. 0. 0. 1. 0. 1. 1. 0. 1. 1. 1. 1. 1. 0. 1. 0. 1.
  1. 1.]
 [0. 1. 1. 1. 1. 1. 1. 0. 0. 0. 0. 0. 1. 1. 0. 1. 0. 0. 1. 1. 1. 0. 1. 1.
  0. 1. 1. 1. 1. 1. 1. 1. 1. 1. 1. 1. 1. 1. 1. 1. 1. 1. 1. 1. 0. 0. 1. 1.
  1. 1.]
 [0. 1. 0. 1. 0. 1. 1. 1. 0. 0. 1. 1. 1. 1. 1. 1. 1. 1. 1. 1. 1. 1. 1. 1.
  1. 1. 0. 1. 1. 1. 1. 0. 0. 1. 1. 1. 1. 1. 1. 0. 1. 1. 1. 1. 1. 1. 0. 1.
  1. 1.]
 [1. 1. 1. 1. 0. 1. 1. 0. 0. 1. 0. 1. 0. 1. 1. 1. 1. 1. 1. 1. 1. 1. 1. 0.
  1. 1. 0. 0. 1. 1. 1. 1. 0. 0. 0. 1. 1. 1. 1. 1. 1. 1. 1. 0. 1. 0. 1. 0.
  1. 1.]
 [0. 1. 0. 1. 1. 1. 1. 1. 0. 1. 1. 0. 1. 1. 0. 0. 1. 1. 0. 1. 1. 1. 1. 1.
  1. 1. 1. 1. 1. 1. 1. 1. 1. 1. 1. 1. 1. 1. 0. 1. 0. 1. 1. 1. 1. 1. 0. 1.
  1. 1.]
 [1. 1. 0. 1. 0. 1. 0. 0. 1. 1. 0. 1. 0. 0. 1. 1. 1. 1. 1. 1. 1. 1. 1. 1.
  0. 0. 1. 1. 0. 1. 1. 1. 0. 1. 1. 1. 1. 1. 1. 0. 1. 1. 1. 0. 0. 1. 1. 1.
  1. 1.]
 [1. 1. 0. 1. 0. 1. 1. 0. 1. 1. 1. 1. 0. 0. 1. 1. 1. 1. 1. 1. 1. 1. 0. 1.
  1. 1. 1. 1. 1. 0. 1. 1. 1. 0. 1. 1. 1. 0. 1. 1. 0. 1. 1. 1. 1. 1. 1. 1.
  0. 0.]
 [1. 0. 1. 1. 1. 1. 1. 0. 0. 1. 1. 0. 1. 1. 0. 1. 1. 1. 0. 1. 1. 1. 1. 1.
  1. 1. 1. 1. 1. 1. 1. 1. 1. 1. 1. 0. 1. 1. 1. 1. 1. 1. 0. 1. 0. 1. 1. 1.
  1. 1.]
 [0. 1. 1. 1. 1. 0. 1. 1. 1. 1. 1. 0. 1. 1. 1. 0. 0. 0. 0. 0. 0. 0. 0. 0.
  0. 0. 0. 0. 0. 0. 0. 0. 0. 0. 0. 0. 0. 0. 0. 0. 0. 0. 0. 0. 0. 0. 0. 0.
  0. 0.]
 [1. 1. 1. 1. 1. 1. 1. 1. 0. 1. 1. 1. 1. 1. 1. 0. 0. 0. 0. 0. 0. 0. 0. 0.
  0. 0. 0. 0. 0. 0. 0. 0. 0. 0. 0. 0. 0. 0. 0. 0. 0. 0. 0. 0. 0. 0. 0. 0.
  0. 0.]
 [0. 1. 1. 1. 1. 1. 1. 1. 0. 1. 1. 1. 1. 1. 1. 0. 0. 0. 0. 0. 0. 0. 0. 0.
  0. 0. 0. 0. 0. 0. 0. 0. 0. 0. 0. 0. 0. 0. 0. 0. 0. 0. 0. 0. 0. 0. 0. 0.
  0. 0.]
 [1. 1. 1. 1. 1. 1. 1. 1. 1. 1. 1. 0. 1. 1. 0. 0. 0. 0. 0. 0. 0. 0. 0. 0.
  0. 0. 0. 0. 0. 0. 0. 0. 0. 0. 0. 0. 0. 0. 0. 0. 0. 0. 0. 0. 0. 0. 0. 0.
  0. 0.]
 [1. 1. 1. 1. 1. 1. 1. 1. 1. 1. 1. 1. 1. 1. 1. 0. 0. 0. 0. 0. 0. 0. 0. 0.
  0. 0. 0. 0. 0. 0. 0. 0. 0. 0. 0. 0. 0. 0. 0. 0. 0. 0. 0. 0. 0. 0. 0. 0.
  0. 0.]
 [0. 0. 1. 1. 0. 1. 1. 1. 1. 1. 1. 1. 1. 1. 1. 0. 0. 0. 0. 0. 0. 0. 0. 0.
  0. 0. 0. 0. 0. 0. 0. 0. 0. 0. 0. 0. 0. 0. 0. 0. 0. 0. 0. 0. 0. 0. 0. 0.
  0. 0.]
 [0. 1. 0. 1. 1. 0. 1. 1. 0. 1. 1. 1. 1. 1. 1. 0. 0. 0. 0. 0. 0. 0. 0. 0.
  0. 0. 0. 0. 0. 0. 0. 0. 0. 0. 0. 0. 0. 0. 0. 0. 0. 0. 0. 0. 0. 0. 0. 0.
  0. 0.]
 [1. 0. 0. 0. 1. 1. 0. 1. 1. 1. 1. 1. 1. 0. 1. 0. 0. 0. 0. 0. 0. 0. 0. 0.
  0. 0. 0. 0. 0. 0. 0. 0. 0. 0. 0. 0. 0. 0. 0. 0. 0. 0. 0. 0. 0. 0. 0. 0.
  0. 0.]
 [1. 1. 0. 1. 1. 1. 1. 0. 1. 1. 0. 1. 1. 1. 1. 0. 0. 0. 0. 0. 0. 0. 0. 0.
  0. 0. 0. 0. 0. 0. 0. 0. 0. 0. 0. 0. 0. 0. 0. 0. 0. 0. 0. 0. 0. 0. 0. 0.
  0. 0.]
 [1. 1. 1. 1. 1. 1. 0. 1. 0. 1. 1. 1. 0. 1. 1. 0. 0. 0. 0. 0. 0. 0. 0. 0.
  0. 0. 0. 0. 0. 0. 0. 0. 0. 0. 0. 0. 0. 0. 0. 0. 0. 0. 0. 0. 0. 0. 0. 0.
  0. 0.]
 [1. 1. 1. 1. 1. 1. 0. 1. 1. 1. 1. 1. 0. 1. 1. 0. 0. 0. 0. 0. 0. 0. 0. 0.
  0. 0. 0. 0. 0. 0. 0. 0. 0. 0. 0. 0. 0. 0. 0. 0. 0. 0. 0. 0. 0. 0. 0. 0.
  0. 0.]
 [1. 1. 0. 1. 1. 1. 0. 1. 1. 0. 0. 1. 1. 1. 1. 0. 0. 0. 0. 0. 0. 0. 0. 0.
  0. 0. 0. 0. 0. 0. 0. 0. 0. 0. 0. 0. 0. 0. 0. 0. 0. 0. 0. 0. 0. 0. 0. 0.
  0. 0.]
 [0. 1. 1. 1. 0. 1. 1. 1. 1. 1. 0. 1. 1. 1. 1. 0. 0. 0. 0. 0. 0. 0. 0. 0.
  0. 0. 0. 0. 0. 0. 0. 0. 0. 0. 0. 0. 0. 0. 0. 0. 0. 0. 0. 0. 0. 0. 0. 0.
  0. 0.]
 [1. 0. 1. 1. 0. 1. 1. 1. 1. 1. 1. 1. 0. 1. 1. 0. 0. 0. 0. 0. 0. 0. 0. 0.
  0. 0. 0. 0. 0. 0. 0. 0. 0. 0. 0. 0. 0. 0. 0. 0. 0. 0. 0. 0. 0. 0. 0. 0.
  0. 0.]
 [0. 0. 1. 1. 0. 1. 0. 1. 1. 1. 1. 1. 1. 0. 1. 0. 0. 0. 0. 0. 0. 0. 0. 0.
  0. 0. 0. 0. 0. 0. 0. 0. 0. 0. 0. 0. 0. 0. 0. 0. 0. 0. 0. 0. 0. 0. 0. 0.
  0. 0.]
 [0. 1. 1. 1. 1. 1. 1. 1. 1. 1. 1. 1. 1. 1. 1. 0. 0. 0. 0. 0. 0. 0. 0. 0.
  0. 0. 0. 0. 0. 0. 0. 0. 0. 0. 0. 0. 0. 0. 0. 0. 0. 0. 0. 0. 0. 0. 0. 0.
  0. 0.]
 [1. 0. 1. 0. 1. 1. 1. 1. 1. 0. 1. 1. 1. 1. 1. 0. 0. 0. 0. 0. 0. 0. 0. 0.
  0. 0. 0. 0. 0. 0. 0. 0. 0. 0. 0. 0. 0. 0. 0. 0. 0. 0. 0. 0. 0. 0. 0. 0.
  0. 0.]
 [1. 1. 1. 1. 1. 1. 1. 0. 1. 0. 0. 1. 0. 1. 1. 0. 0. 0. 0. 0. 0. 0. 0. 0.
  0. 0. 0. 0. 0. 0. 0. 0. 0. 0. 0. 0. 0. 0. 0. 0. 0. 0. 0. 0. 0. 0. 0. 0.
  0. 0.]
 [1. 1. 1. 1. 1. 1. 1. 0. 1. 1. 0. 1. 1. 0. 1. 0. 0. 0. 0. 0. 0. 0. 0. 0.
  0. 0. 0. 0. 0. 0. 0. 0. 0. 0. 0. 0. 0. 0. 0. 0. 0. 0. 0. 0. 0. 0. 0. 0.
  0. 0.]
 [1. 0. 1. 1. 1. 1. 1. 1. 1. 1. 0. 1. 1. 1. 1. 0. 0. 0. 0. 0. 0. 0. 0. 0.
  0. 0. 0. 0. 0. 0. 0. 0. 0. 0. 0. 0. 0. 0. 0. 0. 0. 0. 0. 0. 0. 0. 0. 0.
  0. 0.]
 [1. 1. 1. 0. 1. 1. 0. 0. 1. 1. 1. 1. 1. 1. 0. 0. 0. 0. 0. 0. 0. 0. 0. 0.
  0. 0. 0. 0. 0. 0. 0. 0. 0. 0. 0. 0. 0. 0. 0. 0. 0. 0. 0. 0. 0. 0. 0. 0.
  0. 0.]
 [0. 0. 1. 0. 1. 0. 1. 1. 1. 1. 1. 1. 1. 1. 1. 0. 0. 0. 0. 0. 0. 0. 0. 0.
  0. 0. 0. 0. 0. 0. 0. 0. 0. 0. 0. 0. 0. 0. 0. 0. 0. 0. 0. 0. 0. 0. 0. 0.
  0. 0.]
 [1. 0. 1. 1. 1. 1. 0. 1. 1. 1. 1. 1. 1. 0. 1. 0. 0. 0. 0. 0. 0. 0. 0. 0.
  0. 0. 0. 0. 0. 0. 0. 0. 0. 0. 0. 0. 0. 0. 0. 0. 0. 0. 0. 0. 0. 0. 0. 0.
  0. 0.]
 [0. 1. 1. 1. 1. 1. 1. 0. 1. 1. 1. 0. 1. 1. 1. 0. 0. 0. 0. 0. 0. 0. 0. 0.
  0. 0. 0. 0. 0. 0. 0. 0. 0. 0. 0. 0. 0. 0. 0. 0. 0. 0. 0. 0. 0. 0. 0. 0.
  0. 0.]
 [1. 1. 0. 1. 1. 0. 0. 1. 1. 0. 1. 1. 0. 1. 1. 0. 0. 0. 0. 0. 0. 0. 0. 0.
  0. 0. 0. 0. 0. 0. 0. 0. 0. 0. 0. 0. 0. 0. 0. 0. 0. 0. 0. 0. 0. 0. 0. 0.
  0. 0.]
 [1. 0. 0. 1. 1. 1. 1. 1. 1. 1. 1. 0. 1. 0. 1. 0. 0. 0. 0. 0. 0. 0. 0. 0.
  0. 0. 0. 0. 0. 0. 0. 0. 0. 0. 0. 0. 0. 0. 0. 0. 0. 0. 0. 0. 0. 0. 0. 0.
  0. 0.]
 [1. 0. 1. 1. 1. 0. 0. 1. 1. 1. 1. 1. 1. 1. 1. 0. 0. 0. 0. 0. 0. 0. 0. 0.
  0. 0. 0. 0. 0. 0. 0. 0. 0. 0. 0. 0. 0. 0. 0. 0. 0. 0. 0. 0. 0. 0. 0. 0.
  0. 0.]
 [1. 1. 1. 0. 1. 1. 1. 1. 1. 1. 1. 1. 1. 1. 0. 0. 0. 0. 0. 0. 0. 0. 0. 0.
  0. 0. 0. 0. 0. 0. 0. 0. 0. 0. 0. 0. 0. 0. 0. 0. 0. 0. 0. 0. 0. 0. 0. 0.
  0. 0.]
 [1. 1. 0. 1. 1. 1. 1. 1. 1. 1. 0. 1. 0. 1. 1. 0. 0. 0. 0. 0. 0. 0. 0. 0.
  0. 0. 0. 0. 0. 0. 0. 0. 0. 0. 0. 0. 0. 0. 0. 0. 0. 0. 0. 0. 0. 0. 0. 0.
  0. 0.]
 [1. 1. 1. 0. 1. 1. 1. 0. 0. 1. 1. 1. 0. 1. 0. 0. 0. 0. 0. 0. 0. 0. 0. 0.
  0. 0. 0. 0. 0. 0. 0. 0. 0. 0. 0. 0. 0. 0. 0. 0. 0. 0. 0. 0. 0. 0. 0. 0.
  0. 0.]
 [1. 0. 1. 1. 1. 1. 1. 1. 0. 1. 0. 1. 1. 1. 1. 0. 0. 0. 0. 0. 0. 0. 0. 0.
  0. 0. 0. 0. 0. 0. 0. 0. 0. 0. 0. 0. 0. 0. 0. 0. 0. 0. 0. 0. 0. 0. 0. 0.
  0. 0.]
 [1. 1. 1. 1. 1. 0. 1. 0. 1. 0. 1. 0. 1. 1. 1. 0. 0. 0. 0. 0. 0. 0. 0. 0.
  0. 0. 0. 0. 0. 0. 0. 0. 0. 0. 0. 0. 0. 0. 0. 0. 0. 0. 0. 0. 0. 0. 0. 0.
  0. 0.]
 [1. 1. 1. 0. 1. 1. 1. 1. 1. 1. 0. 1. 1. 1. 1. 0. 0. 0. 0. 0. 0. 0. 0. 0.
  0. 0. 0. 0. 0. 0. 0. 0. 0. 0. 0. 0. 0. 0. 0. 0. 0. 0. 0. 0. 0. 0. 0. 0.
  0. 0.]
 [1. 1. 1. 1. 1. 1. 1. 1. 1. 1. 1. 1. 1. 0. 1. 0. 0. 0. 0. 0. 0. 0. 0. 0.
  0. 0. 0. 0. 0. 0. 0. 0. 0. 0. 0. 0. 0. 0. 0. 0. 0. 0. 0. 0. 0. 0. 0. 0.
  0. 0.]
 [1. 0. 0. 1. 1. 1. 1. 1. 1. 1. 1. 1. 1. 0. 1. 0. 0. 0. 0. 0. 0. 0. 0. 0.
  0. 0. 0. 0. 0. 0. 0. 0. 0. 0. 0. 0. 0. 0. 0. 0. 0. 0. 0. 0. 0. 0. 0. 0.
  0. 0.]]
start_times_array: [[17298. 17328. 17514. 17585. 17615. 17693. 17817. 17835. 17867. 17901.
  17989. 18083. 18168. 18251. 18281.]
 [16788. 16875. 16926. 16932. 16965. 16982. 17004. 17067. 17138. 17152.
  17239. 17349. 17386. 17441. 17739.]
 [16763. 16875. 16901. 16980. 16990. 17038. 17086. 17183. 17205. 17294.
  17295. 17344. 17388. 17397. 17474.]
 [15856. 15935. 16056. 16095. 16156. 16251. 16347. 16445. 16499. 16587.
  16608. 16700. 16703. 16742. 16802.]
 [14795. 14800. 14865. 14988. 15078. 15142. 15172. 15265. 15610. 15701.
  15871. 15897. 15976. 15979. 16056.]
 [15170. 15176. 15237. 15329. 15410. 15428. 15480. 15562. 15610. 15642.
  15715. 15764. 15780. 16001. 16213.]
 [13901. 13996. 14176. 14357. 14446. 14507. 14554. 14675. 14795. 14823.
  14869. 14962. 15030. 15129. 15351.]
 [13679. 14176. 14253. 14264. 14343. 14441. 14507. 14530. 14545. 14569.
  14610. 14618. 14675. 14743. 14958.]
 [11852. 11878. 11914. 11993. 12437. 12530. 13518. 13536. 13607. 13633.
  13728. 13742. 13857. 13898. 14025.]
 [12960. 13247. 13263. 13319. 13393. 13485. 13518. 13611. 13729. 13799.
  13837. 13917. 14025. 14033. 14102.]
 [12350. 12533. 12607. 12691. 12769. 12818. 12863. 12907. 12974. 13057.
  13085. 13088. 13136. 13142. 13194.]
 [11514. 11590. 11599. 11672. 11762. 11820. 11852. 11942. 11996. 12044.
  12108. 12125. 12188. 12252. 12437.]
 [10503. 10561. 10663. 11148. 11182. 11196. 11207. 11209. 11261. 11290.
  11355. 11441. 11501. 11585. 11836.]
 [10279. 10503. 10532. 10567. 10573. 10663. 10705. 10741. 10770. 10827.
  10866. 10918. 10957. 11050. 11071.]
 [ 9663.  9748.  9846.  9890.  9979. 10024. 10088. 10121. 10170. 10195.
  10343. 10396. 10413. 10461. 10492.]
 [ 7608.  8161.  8931.  8979.  9232.  9327.  9384.  9392.  9411.  9432.
   9468.  9533.  9570.  9975. 10193.]
 [ 7151.  7750.  8330.  8525.  8757.  8852.  8931.  8968.  9050.  9125.
   9145.  9194.  9232.  9310.  9407.]
 [ 8262.  8330.  8421.  8475.  8525.  8557.  8605.  8644.  8725.  8757.
   8825.  8917.  8991.  9018.  9078.]
 [ 6752.  7687.  8004.  8022.  8077.  8259.  8341.  8417.  8456.  8528.
   8618.  8622.  8676.  8755.  8836.]
 [ 6339.  7544.  7641.  7678.  7847.  7975.  8031.  8077.  8162.  8169.
   8247.  8318.  8387.  8434.  8676.]
 [ 5474.  7549.  7613.  7641.  7687.  7714.  7908.  7914.  7985.  7997.
   8012.  8073.  8162.  8218.  8253.]
 [ 6666.  6752.  6838.  7570.  7583.  7743.  7782.  7880.  7908.  7940.
   8004.  8025.  8111.  8161.  8169.]
 [ 5916.  6520.  6602.  6604.  7274.  7301.  7344.  7379.  7452.  7549.
   7570.  7648.  7743.  7819.  7892.]
 [ 5031.  5112.  7037.  7092.  7145.  7234.  7274.  7277.  7280.  7294.
   7334.  7403.  7453.  7473.  7514.]
 [ 5907.  5916.  6141.  6420.  6424.  6432.  6602.  6640.  6846.  6945.
   6994.  7037.  7111.  7142.  7151.]
 [ 4360.  5344.  6238.  6332.  6347.  6420.  6470.  6551.  6577.  6668.
   6678.  6736.  6768.  6846.  6847.]
 [ 5225.  5682.  5777.  5808.  5907.  5996.  6088.  6106.  6148.  6332.
   6339.  6420.  6467.  6520.  6614.]
 [ 5538.  5551.  5608.  5653.  5724.  5740.  5830.  5855.  5907.  5979.
   5990.  6088.  6115.  6149.  6238.]
 [ 4223.  4263.  4477.  4741.  4883.  4922.  4979.  5373.  5415.  5494.
   5538.  5608.  5609.  5676.  5869.]
 [ 4502.  4600.  4638.  4917.  5015.  5056.  5178.  5180.  5248.  5276.
   5351.  5365.  5386.  5494.  5777.]
 [ 2916.  4218.  4763.  4790.  5028.  5093.  5186.  5255.  5294.  5336.
   5344.  5373.  5400.  5457.  5474.]
 [ 4043.  4399.  4417.  4434.  4539.  4581.  4837.  4903.  4979.  5007.
   5028.  5030.  5112.  5178.  5386.]
 [ 4605.  4680.  4693.  4741.  4754.  4793.  4809.  4878.  4917.  4952.
   5027.  5112.  5180.  5225.  5351.]
 [ 2834.  2919.  3518.  4310.  4399.  4434.  4444.  4539.  4577.  4581.
   4591.  4675.  4763.  4828.  4853.]
 [ 3663.  3796.  3870.  3954.  4025.  4079.  4132.  4218.  4229.  4301.
   4328.  4417.  4477.  4502.  4519.]
 [ 3210.  3391.  3503.  3531.  3597.  3738.  3785.  3913.  3954.  3956.
   4137.  4223.  4328.  4360.  4606.]
 [ 2739.  2761.  3537.  3582.  3764.  3772.  3834.  3854.  3938.  4025.
   4084.  4137.  4218.  4307.  4310.]
 [ 2532.  3151.  3174.  3240.  3267.  3316.  3362.  3411.  3475.  3556.
   3568.  3663.  3701.  3732.  3781.]
 [  466.  2218.  2720.  2810.  2894.  3174.  3288.  3293.  3457.  3582.
   3678.  3775.  3833.  3900.  3913.]
 [  142.   913.  2701.  2739.  2834.  2921.  2990.  3089.  3222.  3424.
   3463.  3540.  3597.  3679.  3802.]
 [ 1678.  2389.  2478.  2560.  2645.  2661.  3050.  3124.  3151.  3240.
   3273.  3288.  3366.  3424.  3503.]
 [ 1691.  2497.  2589.  2597.  2645.  2720.  2749.  2818.  2851.  2934.
   2953.  3050.  3124.  3222.  3225.]
 [  486.   554.   641.  1895.  1967.  2181.  2207.  2218.  2313.  2407.
   2497.  2505.  2522.  2824.  3282.]
 [  534.   878.   974.  1003.  1276.  1992.  2061.  2156.  2246.  2313.
   2366.  2389.  2407.  2461.  2833.]
 [  456.   554.   598.   667.   729.  1529.  1606.  1607.  1677.  1691.
   1716.  1811.  1836.  1889.  1953.]
 [  644.   824.   904.   974.  1033.  1076.  1130.  1184.  1285.  1314.
   1440.  1529.  1532.  1591.  1670.]
 [  329.   759.   985.  1003.  1079.  1203.  1285.  1369.  1422.  1440.
   1514.  1823.  1884.  1895.  1953.]
 [   97.   323.   330.   596.   635.   679.   720.   761.   844.   898.
    985.  1071.  1078.  1148.  1203.]
 [  154.   159.   218.   240.   299.   367.   466.   507.   534.   679.
    759.   789.   925.   985.  1061.]
 [    0.    24.   119.   186.   271.   279.   294.   367.   419.   431.
    470.   507.   583.   904.  1065.]]
