optimal_status: 0
solution: 2628.9999994739183
cpu_time: 3600.532550096512
gap: 0.5971373176114169
upper_bound: 1059.1259917876464
lower_bound: 2628.9999994739183
cg_matrix: [[0. 1. 0. 0. 1. 0. 0. 0. 1. 0. 0. 0. 0. 0. 1. 1. 0. 0. 0. 0.]
 [1. 0. 0. 1. 0. 0. 0. 0. 0. 0. 0. 1. 0. 0. 0. 1. 1. 0. 0. 0.]
 [0. 0. 0. 0. 1. 0. 0. 0. 1. 0. 0. 0. 0. 0. 0. 0. 0. 0. 1. 1.]
 [0. 1. 0. 0. 0. 0. 0. 0. 0. 1. 0. 1. 0. 0. 0. 0. 1. 0. 0. 0.]
 [1. 0. 1. 0. 0. 0. 0. 0. 0. 0. 0. 0. 0. 0. 1. 0. 1. 0. 0. 0.]
 [0. 0. 0. 0. 0. 0. 0. 0. 0. 1. 0. 0. 0. 0. 0. 0. 0. 0. 0. 1.]
 [0. 0. 0. 0. 0. 0. 0. 0. 1. 1. 0. 0. 1. 0. 0. 0. 0. 1. 0. 1.]
 [0. 0. 0. 0. 0. 0. 0. 0. 0. 0. 0. 0. 1. 0. 1. 0. 0. 0. 0. 0.]
 [1. 0. 1. 0. 0. 0. 1. 0. 0. 0. 1. 0. 1. 0. 0. 0. 0. 0. 0. 0.]
 [0. 0. 0. 1. 0. 1. 1. 0. 0. 0. 0. 0. 1. 0. 0. 0. 0. 0. 0. 0.]
 [0. 0. 0. 0. 0. 0. 0. 0. 1. 0. 0. 1. 0. 0. 0. 0. 0. 1. 1. 0.]
 [0. 1. 0. 1. 0. 0. 0. 0. 0. 0. 1. 0. 0. 0. 0. 0. 0. 0. 1. 0.]
 [0. 0. 0. 0. 0. 0. 1. 1. 1. 1. 0. 0. 0. 0. 0. 0. 0. 0. 0. 0.]
 [0. 0. 0. 0. 0. 0. 0. 0. 0. 0. 0. 0. 0. 0. 0. 1. 0. 0. 1. 0.]
 [1. 0. 0. 0. 1. 0. 0. 1. 0. 0. 0. 0. 0. 0. 0. 0. 0. 1. 0. 1.]
 [1. 1. 0. 0. 0. 0. 0. 0. 0. 0. 0. 0. 0. 1. 0. 0. 0. 0. 0. 0.]
 [0. 1. 0. 1. 1. 0. 0. 0. 0. 0. 0. 0. 0. 0. 0. 0. 0. 0. 0. 0.]
 [0. 0. 0. 0. 0. 0. 1. 0. 0. 0. 1. 0. 0. 0. 1. 0. 0. 0. 0. 0.]
 [0. 0. 1. 0. 0. 0. 0. 0. 0. 0. 1. 1. 0. 1. 0. 0. 0. 0. 0. 0.]
 [0. 0. 1. 0. 0. 1. 1. 0. 0. 0. 0. 0. 0. 0. 1. 0. 0. 0. 0. 0.]]
start_times_array: [[ 107.          221.          267.          295.          562.
   788.          818.          893.         1149.         1191.
  1493.         1816.         2019.         2328.         2362.        ]
 [ 163.          504.99999947  915.         1070.         1277.
  1312.         1614.         1629.         1685.         1942.
  2107.         2159.         2173.         2280.         2470.99999947]
 [  15.          128.          159.          329.          562.
   611.         1141.         1233.         1273.         1362.
  1465.         1787.         1817.         1867.         2026.        ]
 [  20.          305.          373.          394.          456.
   485.          812.         1378.         1521.         1918.
  2296.         2344.         2396.         2404.         2434.        ]
 [  60.           64.          468.99999947  478.99999947  681.
   921.99999947  958.99999947 1302.         1378.         1655.
  1697.         1959.         2107.         2505.99999947 2549.99999947]
 [  21.          121.          131.          373.99999947  637.
   781.          810.         1443.99999947 1466.99999947 1532.
  1589.         1819.         2384.         2523.         2556.99999947]
 [ 121.          171.          343.99999947  366.99999947  628.
   785.          840.         1298.         1471.99999947 1492.99999947
  1835.         2060.         2082.         2317.         2380.        ]
 [  60.           71.          221.          329.          688.
   706.          765.          949.         1128.         1365.
  1515.         1653.         1961.         2082.         2591.99999947]
 [   0.           64.           96.          246.          284.
   466.          688.99999947  958.         1049.         1652.
  1749.         1964.         2129.         2505.99999947 2567.99999947]
 [  84.          226.          495.          679.          949.
  1036.         1054.         1234.         1658.         1670.
  1692.         1772.         1965.         2569.99999947 2575.99999947]
 [ 159.          305.          584.          645.          809.
   823.          829.          906.          912.         1210.
  1918.         2039.         2121.         2274.         2400.        ]
 [   0.          206.          524.99999947  958.         1149.
  1184.         1471.99999947 1745.         1832.         2014.
  2175.         2273.         2529.99999947 2545.99999947 2578.99999947]
 [   9.          295.          400.          581.          849.
   897.         1201.         1385.         1549.         1587.
  1777.         1890.         2218.         2232.         2367.        ]
 [ 128.          213.          299.          314.          483.
   859.         1118.         1198.         1279.         1388.
  1483.         2034.         2107.         2256.         2610.99999947]
 [   0.          163.          360.          376.          400.
   593.          601.          642.         1274.         1437.
  1572.99999947 1610.         1764.         2245.99999947 2414.        ]
 [   0.          396.          574.          665.          678.
   756.          950.         1008.         1400.         1562.
  1751.99999947 1906.         2188.         2300.         2392.        ]
 [   0.           96.          207.          415.          555.99999947
   644.          726.          837.         1184.         1438.
  1852.         2014.         2175.         2222.         2564.99999947]
 [  60.          256.          457.          492.          982.
  1122.         1179.         1387.         1692.         1753.
  2135.99999947 2209.99999947 2217.99999947 2499.         2511.        ]
 [  20.           39.          399.          473.          681.
   760.         1043.         1289.         1406.99999947 1514.
  1591.         1685.         1976.         2348.         2468.99999947]
 [  60.          246.          468.99999947  543.          682.
   854.          973.          975.         1048.         1658.99999947
  1944.         1954.         2169.         2466.         2506.        ]]
