optimal_status: 0
solution: 16022.0
cpu_time: 3600.187711954117
gap: 0.9181125951816252
upper_bound: 1312.0000000000005
lower_bound: 16022.0
cg_matrix: [[0. 0. 1. 0. 0. 0. 0. 0. 1. 1. 1. 0. 0. 1. 1. 1. 1. 1. 0. 0. 0. 0. 0. 1.
  0. 1. 1. 1. 1. 0.]
 [0. 0. 0. 1. 1. 1. 1. 1. 0. 0. 0. 1. 1. 1. 0. 1. 0. 1. 0. 1. 1. 1. 0. 0.
  0. 0. 0. 1. 0. 1.]
 [1. 0. 0. 0. 1. 0. 0. 1. 1. 1. 1. 1. 1. 1. 1. 1. 1. 1. 0. 0. 1. 1. 1. 1.
  0. 1. 1. 0. 0. 1.]
 [0. 1. 0. 0. 0. 1. 1. 0. 0. 1. 0. 1. 1. 0. 1. 0. 1. 0. 0. 0. 0. 0. 0. 0.
  1. 1. 0. 0. 0. 1.]
 [0. 1. 1. 0. 0. 1. 1. 0. 0. 1. 0. 0. 1. 1. 0. 0. 0. 1. 1. 1. 1. 1. 1. 0.
  1. 0. 1. 1. 0. 1.]
 [0. 1. 0. 1. 1. 0. 0. 0. 1. 1. 1. 0. 0. 0. 0. 1. 0. 1. 0. 0. 1. 1. 1. 0.
  1. 0. 1. 0. 1. 1.]
 [0. 1. 0. 1. 1. 0. 0. 1. 1. 0. 1. 0. 1. 1. 1. 1. 1. 0. 0. 0. 1. 1. 0. 1.
  1. 1. 0. 1. 0. 1.]
 [0. 1. 1. 0. 0. 0. 1. 0. 0. 1. 1. 1. 0. 0. 0. 1. 0. 1. 1. 1. 1. 1. 1. 1.
  0. 1. 1. 0. 1. 1.]
 [1. 0. 1. 0. 0. 1. 1. 0. 0. 1. 0. 0. 1. 0. 0. 0. 0. 0. 0. 0. 0. 1. 1. 0.
  0. 0. 1. 1. 0. 0.]
 [1. 0. 1. 1. 1. 1. 0. 1. 1. 0. 1. 0. 1. 0. 1. 0. 1. 1. 1. 0. 1. 1. 1. 1.
  0. 0. 1. 0. 1. 1.]
 [1. 0. 1. 0. 0. 1. 1. 1. 0. 1. 0. 1. 1. 1. 1. 0. 1. 0. 0. 0. 1. 0. 1. 1.
  1. 0. 0. 1. 1. 0.]
 [0. 1. 1. 1. 0. 0. 0. 1. 0. 0. 1. 0. 0. 1. 0. 0. 1. 1. 1. 0. 1. 0. 0. 1.
  1. 0. 0. 0. 1. 1.]
 [0. 1. 1. 1. 1. 0. 1. 0. 1. 1. 1. 0. 0. 1. 0. 0. 0. 1. 1. 1. 0. 1. 0. 0.
  0. 1. 0. 0. 0. 0.]
 [1. 1. 1. 0. 1. 0. 1. 0. 0. 0. 1. 1. 1. 0. 1. 0. 1. 1. 1. 0. 1. 1. 1. 1.
  1. 0. 0. 1. 0. 1.]
 [1. 0. 1. 1. 0. 0. 1. 0. 0. 1. 1. 0. 0. 1. 0. 1. 0. 0. 1. 1. 1. 1. 1. 1.
  0. 0. 0. 1. 1. 0.]
 [1. 1. 1. 0. 0. 1. 1. 1. 0. 0. 0. 0. 0. 0. 1. 0. 0. 0. 0. 0. 0. 1. 0. 0.
  1. 0. 0. 0. 1. 1.]
 [1. 0. 1. 1. 0. 0. 1. 0. 0. 1. 1. 1. 0. 1. 0. 0. 0. 1. 1. 0. 0. 0. 0. 1.
  0. 0. 1. 0. 0. 1.]
 [1. 1. 1. 0. 1. 1. 0. 1. 0. 1. 0. 1. 1. 1. 0. 0. 1. 0. 1. 1. 1. 1. 0. 1.
  1. 1. 0. 1. 1. 1.]
 [0. 0. 0. 0. 1. 0. 0. 1. 0. 1. 0. 1. 1. 1. 1. 0. 1. 1. 0. 1. 0. 1. 0. 0.
  0. 1. 1. 1. 1. 1.]
 [0. 1. 0. 0. 1. 0. 0. 1. 0. 0. 0. 0. 1. 0. 1. 0. 0. 1. 1. 0. 1. 1. 0. 0.
  1. 0. 0. 1. 1. 1.]
 [0. 1. 1. 0. 1. 1. 1. 1. 0. 1. 1. 1. 0. 1. 1. 0. 0. 1. 0. 1. 0. 0. 0. 0.
  0. 0. 0. 0. 0. 0.]
 [0. 1. 1. 0. 1. 1. 1. 1. 1. 1. 0. 0. 1. 1. 1. 1. 0. 1. 1. 1. 0. 0. 0. 0.
  0. 0. 0. 0. 0. 0.]
 [0. 0. 1. 0. 1. 1. 0. 1. 1. 1. 1. 0. 0. 1. 1. 0. 0. 0. 0. 0. 0. 0. 0. 0.
  0. 0. 0. 0. 0. 0.]
 [1. 0. 1. 0. 0. 0. 1. 1. 0. 1. 1. 1. 0. 1. 1. 0. 1. 1. 0. 0. 0. 0. 0. 0.
  0. 0. 0. 0. 0. 0.]
 [0. 0. 0. 1. 1. 1. 1. 0. 0. 0. 1. 1. 0. 1. 0. 1. 0. 1. 0. 1. 0. 0. 0. 0.
  0. 0. 0. 0. 0. 0.]
 [1. 0. 1. 1. 0. 0. 1. 1. 0. 0. 0. 0. 1. 0. 0. 0. 0. 1. 1. 0. 0. 0. 0. 0.
  0. 0. 0. 0. 0. 0.]
 [1. 0. 1. 0. 1. 1. 0. 1. 1. 1. 0. 0. 0. 0. 0. 0. 1. 0. 1. 0. 0. 0. 0. 0.
  0. 0. 0. 0. 0. 0.]
 [1. 1. 0. 0. 1. 0. 1. 0. 1. 0. 1. 0. 0. 1. 1. 0. 0. 1. 1. 1. 0. 0. 0. 0.
  0. 0. 0. 0. 0. 0.]
 [1. 0. 0. 0. 0. 1. 0. 1. 0. 1. 1. 1. 0. 0. 1. 1. 0. 1. 1. 1. 0. 0. 0. 0.
  0. 0. 0. 0. 0. 0.]
 [0. 1. 1. 1. 1. 1. 1. 1. 0. 1. 0. 1. 0. 1. 0. 1. 1. 1. 1. 1. 0. 0. 0. 0.
  0. 0. 0. 0. 0. 0.]]
start_times_array: [[1.37100000e+03 2.01800000e+03 1.34600000e+04 1.50000000e+04
  1.50670000e+04 1.51540000e+04 1.52440000e+04 1.52650000e+04
  1.53520000e+04 1.54340000e+04 1.55020000e+04 1.55750000e+04
  1.55850000e+04 1.56430000e+04 1.57080000e+04 1.57280000e+04
  1.58010000e+04 1.58830000e+04 1.59180000e+04 1.59810000e+04]
 [1.37100000e+03 1.47740000e+04 1.48540000e+04 1.48920000e+04
  1.49710000e+04 1.50370000e+04 1.50430000e+04 1.50640000e+04
  1.51530000e+04 1.52030000e+04 1.52960000e+04 1.53480000e+04
  1.53810000e+04 1.54630000e+04 1.55140000e+04 1.56040000e+04
  1.56590000e+04 1.58670000e+04 1.59420000e+04 1.59640000e+04]
 [9.99000000e+02 1.07600000e+03 1.76500000e+03 1.44510000e+04
  1.45470000e+04 1.46220000e+04 1.46230000e+04 1.46580000e+04
  1.46730000e+04 1.47120000e+04 1.47400000e+04 1.47690000e+04
  1.47770000e+04 1.48420000e+04 1.48870000e+04 1.48920000e+04
  1.49820000e+04 1.55640000e+04 1.57620000e+04 1.58130000e+04]
 [5.40000000e+01 5.44000000e+02 6.91000000e+02 2.40700000e+03
  1.31650000e+04 1.36760000e+04 1.41000000e+04 1.41300000e+04
  1.42190000e+04 1.42860000e+04 1.43430000e+04 1.43570000e+04
  1.44320000e+04 1.45030000e+04 1.45440000e+04 1.45800000e+04
  1.46130000e+04 1.47420000e+04 1.57580000e+04 1.58500000e+04]
 [8.58100000e+03 9.47200000e+03 9.74992074e+03 1.31910000e+04
  1.36580000e+04 1.37310000e+04 1.37430000e+04 1.37610000e+04
  1.38020000e+04 1.38800000e+04 1.39510000e+04 1.39770000e+04
  1.40740000e+04 1.41000000e+04 1.41650000e+04 1.42190000e+04
  1.43070000e+04 1.44010000e+04 1.44290000e+04 1.44520000e+04]
 [7.37000000e+02 7.47000000e+02 1.29800000e+03 1.61900000e+03
  1.68800000e+03 1.91900000e+03 1.07550000e+04 1.13660000e+04
  1.17360000e+04 1.23730000e+04 1.26410000e+04 1.27240000e+04
  1.31040000e+04 1.33510000e+04 1.33630000e+04 1.34600000e+04
  1.35170000e+04 1.35780000e+04 1.36390000e+04 1.40970000e+04]
 [5.99000000e+02 1.23730000e+04 1.23770000e+04 1.24090000e+04
  1.24130000e+04 1.25090000e+04 1.25430000e+04 1.26410000e+04
  1.26430000e+04 1.26760000e+04 1.27530000e+04 1.28150000e+04
  1.28540000e+04 1.29430000e+04 1.30330000e+04 1.31230000e+04
  1.32190000e+04 1.32780000e+04 1.34420000e+04 1.46850000e+04]
 [1.62400000e+03 1.70200000e+03 2.01800000e+03 6.07800000e+03
  1.07700000e+04 1.11020000e+04 1.11280000e+04 1.13620000e+04
  1.16580000e+04 1.17360000e+04 1.18210000e+04 1.18600000e+04
  1.19470000e+04 1.20130000e+04 1.20670000e+04 1.21350000e+04
  1.21650000e+04 1.21720000e+04 1.22240000e+04 1.23420000e+04]
 [1.46000000e+02 5.12000000e+02 6.42000000e+02 6.52000000e+02
  9.51000000e+02 1.16580000e+04 1.17730000e+04 1.18600000e+04
  1.18680000e+04 1.19380000e+04 1.20070000e+04 1.20640000e+04
  1.21490000e+04 1.22070000e+04 1.22810000e+04 1.25640000e+04
  1.31650000e+04 1.32350000e+04 1.36730000e+04 1.38680000e+04]
 [1.02110000e+04 1.02530000e+04 1.03240000e+04 1.04150000e+04
  1.05910000e+04 1.06100000e+04 1.06220000e+04 1.06810000e+04
  1.07790000e+04 1.08500000e+04 1.08720000e+04 1.08790000e+04
  1.09320000e+04 1.10310000e+04 1.11830000e+04 1.12710000e+04
  1.14550000e+04 1.14770000e+04 1.15230000e+04 1.16030000e+04]
 [6.13400000e+03 9.26700000e+03 9.28400000e+03 9.36300000e+03
  9.36400000e+03 9.43600000e+03 9.52400000e+03 9.56600000e+03
  9.64900000e+03 9.73300000e+03 9.74100000e+03 9.78100000e+03
  9.87200000e+03 9.93800000e+03 1.00230000e+04 1.00660000e+04
  1.01170000e+04 1.03920000e+04 1.04920000e+04 1.05760000e+04]
 [5.37000000e+02 1.32800000e+03 1.61900000e+03 8.33800000e+03
  8.42500000e+03 8.56600000e+03 8.64100000e+03 8.69000000e+03
  8.69600000e+03 8.69700000e+03 8.74700000e+03 8.83500000e+03
  8.90000000e+03 8.91000000e+03 8.99800000e+03 9.04400000e+03
  9.07700000e+03 9.12400000e+03 9.19600000e+03 1.07790000e+04]
 [9.00000000e+01 7.85300000e+03 8.11400000e+03 8.16700000e+03
  8.33800000e+03 8.41100000e+03 8.49400000e+03 8.56600000e+03
  8.66300000e+03 8.69100000e+03 8.74300000e+03 8.79200000e+03
  8.83500000e+03 8.91600000e+03 9.00400000e+03 9.01500000e+03
  9.06700000e+03 9.11500000e+03 9.20300000e+03 9.22100000e+03]
 [2.36400000e+03 2.62700000e+03 4.44200000e+03 7.05400000e+03
  7.06500000e+03 7.29100000e+03 7.32200000e+03 7.35200000e+03
  7.41100000e+03 7.49600000e+03 7.55600000e+03 7.63400000e+03
  7.71600000e+03 7.72200000e+03 7.81000000e+03 7.95500000e+03
  8.02100000e+03 8.20100000e+03 8.28300000e+03 8.32200000e+03]
 [2.12900000e+03 2.27200000e+03 6.60400000e+03 6.70100000e+03
  6.76800000e+03 6.77100000e+03 6.85600000e+03 6.89200000e+03
  6.91600000e+03 6.91800000e+03 6.95500000e+03 7.02700000e+03
  7.02900000e+03 7.12800000e+03 7.20200000e+03 7.24800000e+03
  7.85300000e+03 7.92800000e+03 8.43100000e+03 8.50800000e+03]
 [7.42000000e+02 7.76000000e+02 3.07100000e+03 4.44200000e+03
  4.48200000e+03 4.48600000e+03 4.56800000e+03 4.64100000e+03
  4.71200000e+03 4.77300000e+03 4.83800000e+03 5.03200000e+03
  5.03400000e+03 5.09100000e+03 5.84400000e+03 5.85600000e+03
  5.85700000e+03 5.98300000e+03 5.99300000e+03 6.46100000e+03]
 [7.55000000e+02 1.09800000e+03 1.26300000e+03 1.27900000e+03
  1.50800000e+03 1.55000000e+03 1.62400000e+03 1.65100000e+03
  1.65400000e+03 6.11900000e+03 6.30500000e+03 6.31700000e+03
  6.38000000e+03 6.47400000e+03 6.49400000e+03 6.52900000e+03
  6.60400000e+03 6.65600000e+03 6.68100000e+03 6.77900000e+03]
 [8.30000000e+02 1.83300000e+03 1.89800000e+03 2.33000000e+03
  2.94300000e+03 3.00900000e+03 3.03600000e+03 3.11700000e+03
  3.82800000e+03 3.85700000e+03 3.95800000e+03 5.68800000e+03
  5.76200000e+03 5.84400000e+03 5.90500000e+03 5.97900000e+03
  6.03000000e+03 6.12600000e+03 6.22500000e+03 6.24800000e+03]
 [1.36900000e+03 1.91900000e+03 2.60300000e+03 3.15000000e+03
  5.07900000e+03 5.10600000e+03 5.16900000e+03 5.18900000e+03
  5.24000000e+03 5.27600000e+03 5.35200000e+03 5.37800000e+03
  5.38800000e+03 5.45900000e+03 5.53300000e+03 5.56800000e+03
  5.61600000e+03 5.62800000e+03 5.66400000e+03 5.75200000e+03]
 [7.37000000e+02 3.46300000e+03 4.48600000e+03 4.51400000e+03
  4.57100000e+03 4.59200000e+03 4.65100000e+03 4.69900000e+03
  4.70500000e+03 4.72100000e+03 4.81100000e+03 4.81700000e+03
  4.86600000e+03 4.89800000e+03 4.98000000e+03 4.98300000e+03
  4.98700000e+03 5.01800000e+03 5.04300000e+03 5.05100000e+03]
 [8.90000000e+01 1.57000000e+02 1.68000000e+02 2.67000000e+02
  4.18000000e+02 5.43000000e+02 5.44000000e+02 8.69000000e+02
  9.80000000e+02 1.46200000e+03 1.82200000e+03 4.06700000e+03
  4.09300000e+03 4.10300000e+03 4.15700000e+03 4.15900000e+03
  4.22800000e+03 4.31900000e+03 4.47600000e+03 5.46631928e+03]
 [0.00000000e+00 1.00000000e+01 3.40000000e+01 2.41000000e+02
  3.12000000e+02 4.11000000e+02 8.69000000e+02 1.05800000e+03
  2.66300000e+03 3.32000000e+03 3.41000000e+03 3.95900000e+03
  4.04700000e+03 4.12200000e+03 4.21900000e+03 4.29400000e+03
  4.30500000e+03 4.31300000e+03 4.31900000e+03 4.36400000e+03]
 [0.00000000e+00 6.80000000e+01 2.01000000e+02 2.66300000e+03
  2.79600000e+03 2.82300000e+03 2.84900000e+03 3.15000000e+03
  3.18800000e+03 3.55800000e+03 3.62800000e+03 3.70100000e+03
  3.74700000e+03 3.81500000e+03 3.83400000e+03 4.05000000e+03
  4.27500000e+03 4.30900000e+03 4.56800000e+03 4.59100000e+03]
 [9.70000000e+01 1.95000000e+02 3.15000000e+03 3.19400000e+03
  3.27500000e+03 3.33700000e+03 3.40300000e+03 3.44700000e+03
  3.49900000e+03 3.53900000e+03 3.62800000e+03 3.72000000e+03
  3.74700000e+03 3.75300000e+03 3.95200000e+03 3.97100000e+03
  4.06700000e+03 4.11700000e+03 4.98300000e+03 5.51900000e+03]
 [7.40000000e+01 1.64000000e+02 2.13700000e+03 2.43900000e+03
  2.53200000e+03 2.58300000e+03 3.15000000e+03 3.21700000e+03
  3.22300000e+03 3.30500000e+03 3.31000000e+03 3.32000000e+03
  3.38300000e+03 3.51900000e+03 3.55800000e+03 3.58000000e+03
  3.62800000e+03 3.65200000e+03 3.71800000e+03 3.95900000e+03]
 [2.57000000e+02 2.98000000e+02 1.29800000e+03 1.55600000e+03
  1.77500000e+03 2.04400000e+03 2.11500000e+03 2.18700000e+03
  2.26800000e+03 2.43900000e+03 2.52300000e+03 2.58000000e+03
  2.61400000e+03 2.64500000e+03 2.70400000e+03 2.72200000e+03
  2.79600000e+03 4.11800000e+03 4.15600000e+03 4.22600000e+03]
 [2.05000000e+02 2.01200000e+03 2.04400000e+03 2.12300000e+03
  2.20700000e+03 2.21000000e+03 2.25100000e+03 2.27900000e+03
  2.34000000e+03 2.38300000e+03 2.41900000e+03 2.48700000e+03
  2.49500000e+03 2.53000000e+03 2.62700000e+03 2.70800000e+03
  2.80100000e+03 2.96800000e+03 3.51900000e+03 4.02000000e+03]
 [5.40000000e+01 2.67000000e+02 4.42000000e+02 9.34000000e+02
  1.04700000e+03 1.22700000e+03 1.46200000e+03 1.51700000e+03
  1.53200000e+03 1.61900000e+03 1.70000000e+03 2.02300000e+03
  2.10100000e+03 2.18700000e+03 2.19500000e+03 2.43200000e+03
  2.51400000e+03 2.51500000e+03 2.80100000e+03 2.88500000e+03]
 [0.00000000e+00 8.20000000e+01 1.13000000e+02 1.25000000e+02
  2.03000000e+02 5.43000000e+02 5.76000000e+02 6.15000000e+02
  6.93000000e+02 7.26000000e+02 8.69000000e+02 9.60000000e+02
  1.01400000e+03 1.04000000e+03 1.13000000e+03 1.20100000e+03
  1.21300000e+03 1.24100000e+03 1.45700000e+03 2.61400000e+03]
 [0.00000000e+00 3.70000000e+01 7.40000000e+01 7.70000000e+01
  1.34000000e+02 2.05000000e+02 2.87000000e+02 2.96000000e+02
  3.25000000e+02 3.42000000e+02 4.41000000e+02 8.69000000e+02
  1.05800000e+03 1.20100000e+03 1.22700000e+03 1.46200000e+03
  1.49400000e+03 1.58400000e+03 1.79900000e+03 2.66300000e+03]]
