optimal_status: 0
solution: 11627.0
cpu_time: 3600.17307305336
gap: 0.8576398200754517
upper_bound: 1655.2218119827235
lower_bound: 11627.0
cg_matrix: [[0. 0. 0. 1. 0. 0. 0. 0. 0. 0. 1. 1. 0. 0. 1. 0. 1. 0. 0. 0. 0. 1. 1. 1.
  1. 1. 0. 1. 1. 0. 0. 1. 0. 0. 0. 1. 0. 1. 0. 0. 1. 1. 0. 1. 0. 1. 0. 0.
  0. 0.]
 [0. 0. 0. 1. 0. 1. 0. 0. 0. 1. 0. 1. 0. 1. 0. 1. 1. 1. 0. 0. 0. 0. 1. 0.
  0. 1. 0. 0. 1. 0. 1. 0. 1. 0. 1. 0. 1. 1. 0. 1. 1. 1. 1. 0. 1. 0. 0. 1.
  1. 1.]
 [0. 0. 0. 0. 1. 0. 1. 1. 1. 1. 0. 1. 0. 1. 0. 1. 0. 0. 1. 0. 0. 0. 0. 0.
  0. 0. 0. 0. 0. 0. 1. 0. 1. 1. 0. 1. 1. 0. 0. 1. 0. 0. 1. 0. 0. 1. 0. 1.
  1. 1.]
 [1. 1. 0. 0. 0. 1. 0. 0. 0. 1. 1. 0. 1. 0. 1. 1. 0. 1. 0. 0. 1. 0. 1. 1.
  0. 1. 1. 0. 0. 1. 0. 1. 0. 0. 1. 1. 0. 1. 1. 1. 1. 1. 1. 1. 0. 0. 1. 0.
  0. 1.]
 [0. 0. 1. 0. 0. 1. 1. 1. 1. 0. 0. 0. 1. 1. 0. 1. 1. 0. 1. 1. 0. 1. 0. 1.
  1. 0. 1. 0. 1. 1. 1. 1. 0. 1. 1. 1. 1. 1. 1. 0. 0. 1. 0. 1. 1. 1. 1. 1.
  0. 0.]
 [0. 1. 0. 1. 1. 0. 0. 1. 1. 0. 1. 0. 1. 0. 0. 0. 0. 0. 0. 0. 0. 0. 1. 1.
  1. 0. 1. 0. 0. 0. 1. 1. 0. 1. 1. 0. 1. 1. 0. 1. 1. 1. 0. 0. 1. 0. 1. 1.
  0. 1.]
 [0. 0. 1. 0. 1. 0. 0. 1. 0. 1. 0. 1. 0. 1. 1. 1. 0. 1. 0. 0. 0. 0. 0. 0.
  0. 1. 0. 0. 1. 0. 1. 0. 0. 0. 1. 1. 0. 1. 1. 1. 0. 1. 1. 1. 0. 0. 0. 0.
  1. 0.]
 [0. 0. 1. 0. 1. 1. 1. 0. 1. 1. 0. 1. 1. 0. 0. 0. 0. 1. 1. 0. 0. 0. 0. 1.
  0. 0. 0. 0. 1. 0. 1. 0. 0. 1. 0. 0. 1. 1. 1. 0. 0. 1. 1. 1. 0. 0. 0. 0.
  1. 0.]
 [0. 0. 1. 0. 1. 1. 0. 1. 0. 0. 1. 1. 0. 1. 1. 0. 0. 1. 0. 0. 0. 0. 1. 1.
  0. 0. 0. 1. 0. 0. 1. 1. 1. 0. 0. 1. 0. 0. 0. 0. 1. 0. 1. 0. 1. 1. 0. 0.
  0. 1.]
 [0. 1. 1. 1. 0. 0. 1. 1. 0. 0. 0. 1. 0. 1. 0. 0. 0. 0. 0. 1. 0. 1. 1. 1.
  1. 0. 1. 1. 1. 1. 0. 0. 1. 0. 0. 0. 0. 1. 0. 0. 0. 1. 1. 1. 1. 1. 0. 1.
  1. 1.]
 [1. 0. 0. 1. 0. 1. 0. 0. 1. 0. 0. 1. 1. 0. 0. 1. 0. 1. 1. 0. 1. 0. 0. 0.
  1. 1. 0. 0. 1. 1. 1. 1. 1. 0. 1. 1. 1. 1. 1. 0. 1. 0. 1. 0. 0. 0. 0. 1.
  0. 0.]
 [1. 1. 1. 0. 0. 0. 1. 1. 1. 1. 1. 0. 0. 0. 0. 0. 0. 1. 1. 0. 0. 1. 1. 1.
  1. 0. 1. 1. 1. 0. 0. 0. 0. 1. 0. 1. 0. 0. 1. 1. 0. 1. 1. 1. 1. 1. 0. 0.
  1. 1.]
 [0. 0. 0. 1. 1. 1. 0. 1. 0. 0. 1. 0. 0. 1. 0. 0. 0. 0. 1. 1. 0. 0. 0. 0.
  0. 0. 0. 1. 1. 1. 1. 0. 0. 0. 0. 0. 0. 0. 1. 1. 0. 0. 1. 1. 0. 0. 1. 1.
  1. 0.]
 [0. 1. 1. 0. 1. 0. 1. 0. 1. 1. 0. 0. 1. 0. 1. 0. 1. 0. 0. 1. 0. 1. 0. 0.
  0. 1. 0. 1. 1. 1. 1. 0. 0. 0. 1. 0. 1. 1. 1. 1. 1. 1. 1. 0. 0. 1. 1. 0.
  1. 0.]
 [1. 0. 0. 1. 0. 0. 1. 0. 1. 0. 0. 0. 0. 1. 0. 0. 1. 1. 0. 1. 0. 0. 1. 1.
  1. 1. 1. 0. 0. 1. 1. 0. 0. 1. 1. 0. 0. 0. 0. 1. 0. 1. 1. 1. 0. 1. 1. 0.
  0. 0.]
 [0. 1. 1. 1. 1. 0. 1. 0. 0. 0. 1. 0. 0. 0. 0. 0. 0. 0. 0. 0. 0. 0. 0. 0.
  0. 0. 0. 0. 0. 0. 0. 0. 0. 0. 0. 0. 0. 0. 0. 0. 0. 0. 0. 0. 0. 0. 0. 0.
  0. 0.]
 [1. 1. 0. 0. 1. 0. 0. 0. 0. 0. 0. 0. 0. 1. 1. 0. 0. 0. 0. 0. 0. 0. 0. 0.
  0. 0. 0. 0. 0. 0. 0. 0. 0. 0. 0. 0. 0. 0. 0. 0. 0. 0. 0. 0. 0. 0. 0. 0.
  0. 0.]
 [0. 1. 0. 1. 0. 0. 1. 1. 1. 0. 1. 1. 0. 0. 1. 0. 0. 0. 0. 0. 0. 0. 0. 0.
  0. 0. 0. 0. 0. 0. 0. 0. 0. 0. 0. 0. 0. 0. 0. 0. 0. 0. 0. 0. 0. 0. 0. 0.
  0. 0.]
 [0. 0. 1. 0. 1. 0. 0. 1. 0. 0. 1. 1. 1. 0. 0. 0. 0. 0. 0. 0. 0. 0. 0. 0.
  0. 0. 0. 0. 0. 0. 0. 0. 0. 0. 0. 0. 0. 0. 0. 0. 0. 0. 0. 0. 0. 0. 0. 0.
  0. 0.]
 [0. 0. 0. 0. 1. 0. 0. 0. 0. 1. 0. 0. 1. 1. 1. 0. 0. 0. 0. 0. 0. 0. 0. 0.
  0. 0. 0. 0. 0. 0. 0. 0. 0. 0. 0. 0. 0. 0. 0. 0. 0. 0. 0. 0. 0. 0. 0. 0.
  0. 0.]
 [0. 0. 0. 1. 0. 0. 0. 0. 0. 0. 1. 0. 0. 0. 0. 0. 0. 0. 0. 0. 0. 0. 0. 0.
  0. 0. 0. 0. 0. 0. 0. 0. 0. 0. 0. 0. 0. 0. 0. 0. 0. 0. 0. 0. 0. 0. 0. 0.
  0. 0.]
 [1. 0. 0. 0. 1. 0. 0. 0. 0. 1. 0. 1. 0. 1. 0. 0. 0. 0. 0. 0. 0. 0. 0. 0.
  0. 0. 0. 0. 0. 0. 0. 0. 0. 0. 0. 0. 0. 0. 0. 0. 0. 0. 0. 0. 0. 0. 0. 0.
  0. 0.]
 [1. 1. 0. 1. 0. 1. 0. 0. 1. 1. 0. 1. 0. 0. 1. 0. 0. 0. 0. 0. 0. 0. 0. 0.
  0. 0. 0. 0. 0. 0. 0. 0. 0. 0. 0. 0. 0. 0. 0. 0. 0. 0. 0. 0. 0. 0. 0. 0.
  0. 0.]
 [1. 0. 0. 1. 1. 1. 0. 1. 1. 1. 0. 1. 0. 0. 1. 0. 0. 0. 0. 0. 0. 0. 0. 0.
  0. 0. 0. 0. 0. 0. 0. 0. 0. 0. 0. 0. 0. 0. 0. 0. 0. 0. 0. 0. 0. 0. 0. 0.
  0. 0.]
 [1. 0. 0. 0. 1. 1. 0. 0. 0. 1. 1. 1. 0. 0. 1. 0. 0. 0. 0. 0. 0. 0. 0. 0.
  0. 0. 0. 0. 0. 0. 0. 0. 0. 0. 0. 0. 0. 0. 0. 0. 0. 0. 0. 0. 0. 0. 0. 0.
  0. 0.]
 [1. 1. 0. 1. 0. 0. 1. 0. 0. 0. 1. 0. 0. 1. 1. 0. 0. 0. 0. 0. 0. 0. 0. 0.
  0. 0. 0. 0. 0. 0. 0. 0. 0. 0. 0. 0. 0. 0. 0. 0. 0. 0. 0. 0. 0. 0. 0. 0.
  0. 0.]
 [0. 0. 0. 1. 1. 1. 0. 0. 0. 1. 0. 1. 0. 0. 1. 0. 0. 0. 0. 0. 0. 0. 0. 0.
  0. 0. 0. 0. 0. 0. 0. 0. 0. 0. 0. 0. 0. 0. 0. 0. 0. 0. 0. 0. 0. 0. 0. 0.
  0. 0.]
 [1. 0. 0. 0. 0. 0. 0. 0. 1. 1. 0. 1. 1. 1. 0. 0. 0. 0. 0. 0. 0. 0. 0. 0.
  0. 0. 0. 0. 0. 0. 0. 0. 0. 0. 0. 0. 0. 0. 0. 0. 0. 0. 0. 0. 0. 0. 0. 0.
  0. 0.]
 [1. 1. 0. 0. 1. 0. 1. 1. 0. 1. 1. 1. 1. 1. 0. 0. 0. 0. 0. 0. 0. 0. 0. 0.
  0. 0. 0. 0. 0. 0. 0. 0. 0. 0. 0. 0. 0. 0. 0. 0. 0. 0. 0. 0. 0. 0. 0. 0.
  0. 0.]
 [0. 0. 0. 1. 1. 0. 0. 0. 0. 1. 1. 0. 1. 1. 1. 0. 0. 0. 0. 0. 0. 0. 0. 0.
  0. 0. 0. 0. 0. 0. 0. 0. 0. 0. 0. 0. 0. 0. 0. 0. 0. 0. 0. 0. 0. 0. 0. 0.
  0. 0.]
 [0. 1. 1. 0. 1. 1. 1. 1. 1. 0. 1. 0. 1. 1. 1. 0. 0. 0. 0. 0. 0. 0. 0. 0.
  0. 0. 0. 0. 0. 0. 0. 0. 0. 0. 0. 0. 0. 0. 0. 0. 0. 0. 0. 0. 0. 0. 0. 0.
  0. 0.]
 [1. 0. 0. 1. 1. 1. 0. 0. 1. 0. 1. 0. 0. 0. 0. 0. 0. 0. 0. 0. 0. 0. 0. 0.
  0. 0. 0. 0. 0. 0. 0. 0. 0. 0. 0. 0. 0. 0. 0. 0. 0. 0. 0. 0. 0. 0. 0. 0.
  0. 0.]
 [0. 1. 1. 0. 0. 0. 0. 0. 1. 1. 1. 0. 0. 0. 0. 0. 0. 0. 0. 0. 0. 0. 0. 0.
  0. 0. 0. 0. 0. 0. 0. 0. 0. 0. 0. 0. 0. 0. 0. 0. 0. 0. 0. 0. 0. 0. 0. 0.
  0. 0.]
 [0. 0. 1. 0. 1. 1. 0. 1. 0. 0. 0. 1. 0. 0. 1. 0. 0. 0. 0. 0. 0. 0. 0. 0.
  0. 0. 0. 0. 0. 0. 0. 0. 0. 0. 0. 0. 0. 0. 0. 0. 0. 0. 0. 0. 0. 0. 0. 0.
  0. 0.]
 [0. 1. 0. 1. 1. 1. 1. 0. 0. 0. 1. 0. 0. 1. 1. 0. 0. 0. 0. 0. 0. 0. 0. 0.
  0. 0. 0. 0. 0. 0. 0. 0. 0. 0. 0. 0. 0. 0. 0. 0. 0. 0. 0. 0. 0. 0. 0. 0.
  0. 0.]
 [1. 0. 1. 1. 1. 0. 1. 0. 1. 0. 1. 1. 0. 0. 0. 0. 0. 0. 0. 0. 0. 0. 0. 0.
  0. 0. 0. 0. 0. 0. 0. 0. 0. 0. 0. 0. 0. 0. 0. 0. 0. 0. 0. 0. 0. 0. 0. 0.
  0. 0.]
 [0. 1. 1. 0. 1. 1. 0. 1. 0. 0. 1. 0. 0. 1. 0. 0. 0. 0. 0. 0. 0. 0. 0. 0.
  0. 0. 0. 0. 0. 0. 0. 0. 0. 0. 0. 0. 0. 0. 0. 0. 0. 0. 0. 0. 0. 0. 0. 0.
  0. 0.]
 [1. 1. 0. 1. 1. 1. 1. 1. 0. 1. 1. 0. 0. 1. 0. 0. 0. 0. 0. 0. 0. 0. 0. 0.
  0. 0. 0. 0. 0. 0. 0. 0. 0. 0. 0. 0. 0. 0. 0. 0. 0. 0. 0. 0. 0. 0. 0. 0.
  0. 0.]
 [0. 0. 0. 1. 1. 0. 1. 1. 0. 0. 1. 1. 1. 1. 0. 0. 0. 0. 0. 0. 0. 0. 0. 0.
  0. 0. 0. 0. 0. 0. 0. 0. 0. 0. 0. 0. 0. 0. 0. 0. 0. 0. 0. 0. 0. 0. 0. 0.
  0. 0.]
 [0. 1. 1. 1. 0. 1. 1. 0. 0. 0. 0. 1. 1. 1. 1. 0. 0. 0. 0. 0. 0. 0. 0. 0.
  0. 0. 0. 0. 0. 0. 0. 0. 0. 0. 0. 0. 0. 0. 0. 0. 0. 0. 0. 0. 0. 0. 0. 0.
  0. 0.]
 [1. 1. 0. 1. 0. 1. 0. 0. 1. 0. 1. 0. 0. 1. 0. 0. 0. 0. 0. 0. 0. 0. 0. 0.
  0. 0. 0. 0. 0. 0. 0. 0. 0. 0. 0. 0. 0. 0. 0. 0. 0. 0. 0. 0. 0. 0. 0. 0.
  0. 0.]
 [1. 1. 0. 1. 1. 1. 1. 1. 0. 1. 0. 1. 0. 1. 1. 0. 0. 0. 0. 0. 0. 0. 0. 0.
  0. 0. 0. 0. 0. 0. 0. 0. 0. 0. 0. 0. 0. 0. 0. 0. 0. 0. 0. 0. 0. 0. 0. 0.
  0. 0.]
 [0. 1. 1. 1. 0. 0. 1. 1. 1. 1. 1. 1. 1. 1. 1. 0. 0. 0. 0. 0. 0. 0. 0. 0.
  0. 0. 0. 0. 0. 0. 0. 0. 0. 0. 0. 0. 0. 0. 0. 0. 0. 0. 0. 0. 0. 0. 0. 0.
  0. 0.]
 [1. 0. 0. 1. 1. 0. 1. 1. 0. 1. 0. 1. 1. 0. 1. 0. 0. 0. 0. 0. 0. 0. 0. 0.
  0. 0. 0. 0. 0. 0. 0. 0. 0. 0. 0. 0. 0. 0. 0. 0. 0. 0. 0. 0. 0. 0. 0. 0.
  0. 0.]
 [0. 1. 0. 0. 1. 1. 0. 0. 1. 1. 0. 1. 0. 0. 0. 0. 0. 0. 0. 0. 0. 0. 0. 0.
  0. 0. 0. 0. 0. 0. 0. 0. 0. 0. 0. 0. 0. 0. 0. 0. 0. 0. 0. 0. 0. 0. 0. 0.
  0. 0.]
 [1. 0. 1. 0. 1. 0. 0. 0. 1. 1. 0. 1. 0. 1. 1. 0. 0. 0. 0. 0. 0. 0. 0. 0.
  0. 0. 0. 0. 0. 0. 0. 0. 0. 0. 0. 0. 0. 0. 0. 0. 0. 0. 0. 0. 0. 0. 0. 0.
  0. 0.]
 [0. 0. 0. 1. 1. 1. 0. 0. 0. 0. 0. 0. 1. 1. 1. 0. 0. 0. 0. 0. 0. 0. 0. 0.
  0. 0. 0. 0. 0. 0. 0. 0. 0. 0. 0. 0. 0. 0. 0. 0. 0. 0. 0. 0. 0. 0. 0. 0.
  0. 0.]
 [0. 1. 1. 0. 1. 1. 0. 0. 0. 1. 1. 0. 1. 0. 0. 0. 0. 0. 0. 0. 0. 0. 0. 0.
  0. 0. 0. 0. 0. 0. 0. 0. 0. 0. 0. 0. 0. 0. 0. 0. 0. 0. 0. 0. 0. 0. 0. 0.
  0. 0.]
 [0. 1. 1. 0. 0. 0. 1. 1. 0. 1. 0. 1. 1. 1. 0. 0. 0. 0. 0. 0. 0. 0. 0. 0.
  0. 0. 0. 0. 0. 0. 0. 0. 0. 0. 0. 0. 0. 0. 0. 0. 0. 0. 0. 0. 0. 0. 0. 0.
  0. 0.]
 [0. 1. 1. 1. 0. 1. 0. 0. 1. 1. 0. 1. 0. 0. 0. 0. 0. 0. 0. 0. 0. 0. 0. 0.
  0. 0. 0. 0. 0. 0. 0. 0. 0. 0. 0. 0. 0. 0. 0. 0. 0. 0. 0. 0. 0. 0. 0. 0.
  0. 0.]]
start_times_array: [[7.8650e+03 1.0489e+04 1.0532e+04 1.0828e+04 1.1123e+04 1.1256e+04
  1.1277e+04 1.1304e+04 1.1323e+04 1.1339e+04 1.1427e+04 1.1491e+04
  1.1500e+04 1.1550e+04 1.1605e+04]
 [1.0828e+04 1.0837e+04 1.0876e+04 1.1007e+04 1.1023e+04 1.1121e+04
  1.1179e+04 1.1260e+04 1.1311e+04 1.1321e+04 1.1352e+04 1.1401e+04
  1.1466e+04 1.1514e+04 1.1576e+04]
 [9.9980e+03 1.0052e+04 1.0764e+04 1.0921e+04 1.0967e+04 1.0983e+04
  1.1057e+04 1.1129e+04 1.1180e+04 1.1265e+04 1.1356e+04 1.1374e+04
  1.1458e+04 1.1545e+04 1.1576e+04]
 [0.0000e+00 1.0163e+04 1.0257e+04 1.0348e+04 1.0350e+04 1.0400e+04
  1.0557e+04 1.0635e+04 1.0640e+04 1.0670e+04 1.0680e+04 1.0702e+04
  1.0778e+04 1.0934e+04 1.0979e+04]
 [9.9930e+03 1.0163e+04 1.0260e+04 1.0317e+04 1.0331e+04 1.0421e+04
  1.0429e+04 1.0481e+04 1.0557e+04 1.0616e+04 1.0631e+04 1.0670e+04
  1.0710e+04 1.1000e+04 1.1213e+04]
 [8.3710e+03 9.3160e+03 9.3180e+03 9.3740e+03 9.4380e+03 9.4930e+03
  9.5890e+03 9.5950e+03 9.6310e+03 9.6600e+03 9.7170e+03 9.8700e+03
  9.9390e+03 9.9980e+03 1.0074e+04]
 [9.2160e+03 9.3160e+03 9.3230e+03 9.3550e+03 9.4290e+03 9.5190e+03
  9.5850e+03 9.6610e+03 9.7140e+03 9.7600e+03 9.7870e+03 9.8700e+03
  9.9190e+03 1.0141e+04 1.0860e+04]
 [3.1400e+02 8.4020e+03 8.4200e+03 8.5060e+03 8.5950e+03 8.6880e+03
  8.7510e+03 8.7900e+03 8.8870e+03 8.9710e+03 9.0320e+03 9.0640e+03
  9.1120e+03 9.1350e+03 9.2550e+03]
 [1.3230e+03 1.3550e+03 1.5600e+03 2.8670e+03 4.4180e+03 6.3520e+03
  7.7100e+03 7.8650e+03 7.9260e+03 7.9410e+03 8.0080e+03 8.0520e+03
  8.1760e+03 8.2410e+03 8.2850e+03]
 [7.0350e+03 7.1140e+03 7.1370e+03 7.3390e+03 7.3990e+03 7.5710e+03
  7.6250e+03 7.7100e+03 7.7980e+03 7.8810e+03 8.0700e+03 8.1570e+03
  8.2500e+03 8.3300e+03 8.7850e+03]
 [6.9110e+03 7.0290e+03 7.0830e+03 7.1370e+03 7.1960e+03 7.3310e+03
  7.3990e+03 7.5320e+03 7.5410e+03 7.5640e+03 7.6220e+03 7.7830e+03
  8.0420e+03 8.0890e+03 8.3170e+03]
 [5.5300e+02 2.7540e+03 6.0770e+03 6.1060e+03 6.4190e+03 6.4790e+03
  6.5770e+03 6.6180e+03 6.7050e+03 6.7320e+03 6.7630e+03 6.8420e+03
  6.9650e+03 7.2450e+03 7.4550e+03]
 [1.7200e+03 5.1430e+03 6.3520e+03 6.3850e+03 6.5260e+03 6.6090e+03
  6.6180e+03 6.7750e+03 6.7940e+03 6.8430e+03 6.9650e+03 6.9690e+03
  7.2900e+03 7.8650e+03 7.9140e+03]
 [3.6100e+02 5.6780e+03 5.7010e+03 5.7370e+03 5.7780e+03 5.8340e+03
  5.9020e+03 5.9830e+03 6.0320e+03 6.0770e+03 6.1440e+03 6.2330e+03
  6.2930e+03 6.2940e+03 6.4790e+03]
 [5.0180e+03 5.1430e+03 5.2190e+03 5.2610e+03 5.3200e+03 5.3700e+03
  5.3730e+03 5.3990e+03 5.4400e+03 5.5060e+03 5.5580e+03 5.5660e+03
  5.5990e+03 5.6390e+03 6.4290e+03]
 [2.0800e+02 2.7300e+02 5.3100e+02 5.8000e+02 6.4000e+02 7.6200e+02
  7.9600e+02 8.3100e+02 8.9700e+02 9.1300e+02 1.0360e+03 1.0720e+03
  1.1520e+03 1.1650e+03 1.3550e+03]
 [3.9700e+02 4.5000e+02 4.5700e+02 7.6000e+02 8.1300e+02 3.4740e+03
  3.5590e+03 3.5680e+03 4.4850e+03 4.6560e+03 4.9010e+03 4.9160e+03
  4.9170e+03 4.9230e+03 5.0610e+03]
 [2.9210e+03 3.7870e+03 3.7900e+03 3.9830e+03 4.0450e+03 4.1150e+03
  4.1210e+03 4.1470e+03 4.1820e+03 4.5140e+03 4.5900e+03 4.6280e+03
  4.6560e+03 4.7340e+03 4.7410e+03]
 [1.5300e+02 2.5900e+02 4.3870e+03 4.4080e+03 4.4190e+03 4.4770e+03
  4.4850e+03 4.5230e+03 4.5420e+03 4.5670e+03 4.6220e+03 4.6610e+03
  4.7530e+03 4.7830e+03 4.8770e+03]
 [0.0000e+00 3.7900e+03 3.9420e+03 4.2090e+03 4.2370e+03 4.2390e+03
  4.2800e+03 4.6610e+03 4.6670e+03 4.7370e+03 4.7410e+03 4.8570e+03
  4.9160e+03 4.9300e+03 5.0720e+03]
 [2.5000e+01 3.3120e+03 3.8710e+03 3.9150e+03 3.9420e+03 3.9650e+03
  4.0450e+03 4.0800e+03 4.1470e+03 4.1690e+03 4.2540e+03 4.3240e+03
  4.3600e+03 4.4030e+03 4.4830e+03]
 [8.1000e+01 1.0820e+03 1.1040e+03 3.1870e+03 3.2720e+03 3.2810e+03
  3.3190e+03 3.5650e+03 3.5900e+03 3.6540e+03 3.9660e+03 4.0620e+03
  4.0980e+03 4.4830e+03 4.5290e+03]
 [3.3710e+03 3.3940e+03 3.4140e+03 3.6510e+03 3.7420e+03 3.7870e+03
  3.8540e+03 3.8600e+03 3.9290e+03 4.0110e+03 4.0870e+03 4.0920e+03
  4.1630e+03 4.2450e+03 4.3150e+03]
 [3.0000e+00 6.1000e+01 8.1300e+02 9.0700e+02 3.3940e+03 3.4740e+03
  3.6950e+03 3.7900e+03 3.8710e+03 3.9150e+03 3.9610e+03 4.0620e+03
  4.1200e+03 4.2450e+03 4.3240e+03]
 [3.9000e+01 2.5300e+02 7.2800e+02 8.3300e+02 1.0570e+03 1.1490e+03
  1.4840e+03 1.5780e+03 1.6670e+03 2.8380e+03 2.8860e+03 2.9220e+03
  3.7590e+03 3.7870e+03 3.8240e+03]
 [9.2000e+01 1.5400e+02 2.8300e+02 5.5300e+02 5.6800e+02 5.7600e+02
  7.7300e+02 8.5600e+02 1.1810e+03 1.3750e+03 1.7910e+03 3.1810e+03
  3.2720e+03 3.3120e+03 3.4050e+03]
 [3.0000e+00 9.7000e+01 6.4900e+02 7.2900e+02 7.9600e+02 1.2820e+03
  1.3120e+03 1.3700e+03 1.5920e+03 1.8830e+03 1.8950e+03 2.0850e+03
  2.1360e+03 2.2270e+03 3.9520e+03]
 [2.1200e+02 4.9100e+02 2.4930e+03 2.9650e+03 3.0260e+03 3.0990e+03
  3.1400e+03 3.1410e+03 3.1600e+03 3.2400e+03 3.2800e+03 3.2960e+03
  3.4170e+03 3.4440e+03 3.5590e+03]
 [2.3660e+03 2.6620e+03 2.9940e+03 3.0890e+03 3.1520e+03 3.2040e+03
  3.2640e+03 3.3500e+03 3.4170e+03 3.4430e+03 3.4680e+03 3.5530e+03
  3.5650e+03 3.7870e+03 3.8790e+03]
 [1.2400e+02 2.7600e+03 2.8160e+03 2.8630e+03 2.9610e+03 3.0160e+03
  3.0190e+03 3.0480e+03 3.0810e+03 3.1050e+03 3.1970e+03 3.2480e+03
  3.3140e+03 3.3520e+03 3.5900e+03]
 [1.3000e+01 1.0900e+02 1.6300e+02 3.9700e+02 4.5400e+02 6.8700e+02
  8.4800e+02 9.1700e+02 1.1580e+03 1.2220e+03 1.2680e+03 1.9550e+03
  2.0360e+03 2.0860e+03 3.1020e+03]
 [3.0000e+00 4.6500e+02 5.9400e+02 7.0200e+02 7.2400e+02 7.8300e+02
  8.4600e+02 9.3300e+02 1.0170e+03 1.1970e+03 2.1820e+03 2.2670e+03
  3.1410e+03 3.1500e+03 3.1610e+03]
 [1.0000e+00 2.3400e+03 2.3600e+03 2.4090e+03 2.4410e+03 2.4900e+03
  2.5070e+03 2.5780e+03 2.6570e+03 2.6820e+03 2.9210e+03 2.9540e+03
  3.3600e+03 3.4440e+03 3.6490e+03]
 [1.3540e+03 2.0740e+03 2.2150e+03 2.2960e+03 2.3250e+03 2.3660e+03
  2.4530e+03 2.5100e+03 2.5780e+03 2.6570e+03 2.8380e+03 2.8540e+03
  2.9150e+03 2.9780e+03 3.0990e+03]
 [5.6000e+02 1.1050e+03 1.9880e+03 2.2160e+03 2.3600e+03 2.4340e+03
  2.4370e+03 2.6050e+03 2.6370e+03 2.6610e+03 2.7380e+03 2.7980e+03
  2.8600e+03 2.9300e+03 2.9980e+03]
 [6.8900e+02 7.8500e+02 9.8400e+02 1.3660e+03 1.5540e+03 1.6610e+03
  2.0940e+03 2.2430e+03 2.3150e+03 2.3520e+03 2.3850e+03 2.4830e+03
  2.4970e+03 2.5780e+03 2.9210e+03]
 [1.5700e+02 1.3230e+03 1.3700e+03 1.4520e+03 1.4900e+03 1.5010e+03
  1.5340e+03 1.5830e+03 1.5920e+03 1.6670e+03 1.6930e+03 1.9120e+03
  1.9300e+03 1.9710e+03 2.0360e+03]
 [3.0000e+00 1.1000e+01 5.8000e+01 2.6500e+02 6.9700e+02 7.0800e+02
  8.2500e+02 1.0170e+03 1.8930e+03 1.9610e+03 1.9990e+03 2.0710e+03
  2.1410e+03 2.1730e+03 2.2540e+03]
 [4.0000e+00 4.9700e+02 5.4700e+02 6.2500e+02 9.0300e+02 1.6910e+03
  1.9780e+03 2.0020e+03 2.1570e+03 2.2100e+03 2.2270e+03 2.3150e+03
  2.4100e+03 2.4340e+03 2.4930e+03]
 [1.1440e+03 1.2110e+03 1.4900e+03 1.5790e+03 1.7910e+03 1.8300e+03
  1.9120e+03 1.9470e+03 2.0050e+03 2.0680e+03 2.0720e+03 2.1360e+03
  2.1440e+03 2.1740e+03 2.2270e+03]
 [4.8000e+01 9.2000e+01 7.9400e+02 1.3790e+03 1.4520e+03 1.4860e+03
  1.7220e+03 1.7670e+03 1.8380e+03 1.8540e+03 1.9500e+03 2.0360e+03
  2.0710e+03 2.1170e+03 2.5960e+03]
 [7.4900e+02 7.9400e+02 1.0620e+03 1.2550e+03 1.3400e+03 1.3880e+03
  1.4180e+03 1.4970e+03 1.5870e+03 1.6710e+03 1.7190e+03 1.9360e+03
  1.9500e+03 1.9920e+03 2.0740e+03]
 [3.0000e+00 9.2000e+01 1.6300e+02 3.1100e+02 4.3000e+02 1.2680e+03
  1.3660e+03 1.3880e+03 1.4590e+03 1.5780e+03 1.6650e+03 1.7920e+03
  1.8040e+03 1.9920e+03 2.2960e+03]
 [8.6000e+01 2.5000e+02 2.5300e+02 1.0780e+03 1.1670e+03 1.2400e+03
  1.3120e+03 1.3460e+03 1.3790e+03 1.4480e+03 1.4840e+03 1.5720e+03
  1.5730e+03 1.5760e+03 2.0430e+03]
 [0.0000e+00 8.4000e+01 2.0900e+02 2.9800e+02 3.1400e+02 8.6600e+02
  1.0080e+03 1.0100e+03 1.0540e+03 1.0760e+03 1.1490e+03 1.1650e+03
  1.1730e+03 1.5780e+03 1.8730e+03]
 [4.0000e+00 6.4000e+01 7.0400e+02 8.4600e+02 8.5600e+02 8.6600e+02
  9.0300e+02 9.5800e+02 1.0470e+03 1.0780e+03 1.1050e+03 1.1520e+03
  1.2370e+03 1.3820e+03 1.7920e+03]
 [2.5000e+01 9.9000e+01 1.8100e+02 4.0400e+02 6.2200e+02 6.5600e+02
  6.8900e+02 7.2600e+02 9.1300e+02 9.9700e+02 1.4400e+03 2.0660e+03
  2.2770e+03 2.5260e+03 2.5960e+03]
 [0.0000e+00 2.5000e+01 1.8500e+02 2.0000e+02 2.6000e+02 3.4500e+02
  3.9800e+02 4.2700e+02 4.9700e+02 5.4700e+02 7.1000e+02 7.3300e+02
  8.8400e+02 8.8600e+02 1.2530e+03]
 [0.0000e+00 7.7000e+01 8.4000e+01 1.5400e+02 1.7300e+02 1.8600e+02
  2.0900e+02 3.9700e+02 3.9900e+02 4.5400e+02 6.2500e+02 7.0200e+02
  7.9400e+02 8.3300e+02 9.3300e+02]
 [6.4000e+01 9.3000e+01 1.5400e+02 1.8100e+02 2.4100e+02 3.9800e+02
  4.6500e+02 5.3100e+02 6.2500e+02 7.0800e+02 7.2800e+02 8.7000e+02
  9.2900e+02 1.0080e+03 1.7670e+03]]
