optimal_status: 0
solution: 68386.0
cpu_time: 3601.658222913742
gap: 0.9555385791740605
upper_bound: 3040.538724602699
lower_bound: 68386.0
cg_matrix: [[0. 1. 0. 1. 0. 0. 1. 1. 0. 0. 0. 0. 0. 0. 0. 0. 0. 0. 1. 0. 0. 0. 0. 0.
  0. 0. 1. 0. 0. 0. 0. 0. 0. 0. 0. 1. 0. 0. 0. 1. 1. 0. 0. 0. 0. 1. 0. 0.
  0. 0. 0. 0. 0. 0. 0. 1. 0. 0. 0. 1. 0. 0. 0. 0. 1. 0. 0. 0. 0. 0. 0. 1.
  0. 0. 0. 0. 0. 0. 0. 0. 0. 0. 0. 0. 0. 0. 0. 0. 0. 0. 0. 0. 0. 0. 0. 1.
  0. 0. 0. 0.]
 [1. 0. 0. 0. 0. 0. 0. 0. 0. 0. 0. 1. 1. 0. 0. 1. 0. 1. 1. 1. 0. 0. 1. 0.
  0. 0. 0. 0. 0. 0. 1. 1. 0. 0. 1. 1. 0. 1. 1. 1. 0. 0. 1. 0. 0. 0. 0. 0.
  0. 1. 0. 0. 0. 0. 0. 0. 0. 1. 0. 1. 1. 0. 1. 0. 1. 0. 0. 0. 1. 0. 1. 0.
  0. 1. 0. 0. 0. 0. 0. 0. 0. 0. 1. 0. 1. 1. 0. 0. 1. 0. 0. 0. 0. 1. 0. 0.
  0. 1. 0. 1.]
 [0. 0. 0. 0. 0. 0. 0. 0. 0. 0. 0. 0. 0. 1. 0. 0. 0. 0. 0. 1. 1. 0. 0. 0.
  0. 0. 0. 0. 1. 0. 0. 0. 0. 0. 0. 0. 0. 0. 0. 1. 0. 0. 0. 0. 0. 0. 0. 0.
  1. 0. 0. 0. 0. 0. 0. 0. 0. 1. 0. 0. 0. 0. 1. 0. 0. 0. 0. 0. 0. 0. 0. 0.
  0. 0. 1. 1. 0. 0. 0. 0. 0. 0. 0. 0. 1. 0. 0. 0. 1. 0. 0. 1. 0. 0. 0. 1.
  0. 0. 0. 0.]
 [1. 0. 0. 0. 0. 0. 0. 1. 0. 0. 0. 0. 0. 0. 0. 0. 0. 0. 1. 0. 0. 1. 0. 0.
  1. 0. 0. 0. 0. 1. 0. 0. 0. 0. 0. 1. 0. 0. 0. 0. 0. 0. 0. 0. 1. 0. 0. 0.
  0. 0. 1. 0. 0. 0. 0. 1. 0. 0. 0. 0. 0. 0. 0. 0. 0. 0. 0. 0. 0. 0. 1. 0.
  0. 0. 0. 0. 0. 0. 1. 1. 0. 0. 0. 0. 1. 0. 1. 0. 0. 0. 0. 0. 0. 0. 0. 0.
  0. 0. 0. 1.]
 [0. 0. 0. 0. 0. 0. 0. 1. 0. 0. 0. 0. 0. 0. 0. 0. 0. 1. 0. 0. 1. 0. 0. 0.
  1. 0. 0. 1. 0. 0. 1. 0. 0. 1. 0. 0. 1. 0. 0. 0. 0. 0. 1. 0. 0. 0. 1. 0.
  0. 0. 0. 0. 1. 0. 0. 1. 0. 0. 0. 0. 0. 0. 0. 0. 1. 0. 0. 0. 0. 1. 1. 0.
  0. 0. 0. 0. 0. 0. 0. 0. 0. 1. 0. 0. 0. 0. 0. 0. 1. 0. 0. 0. 0. 0. 0. 0.
  0. 0. 0. 0.]
 [0. 0. 0. 0. 0. 0. 0. 0. 0. 0. 0. 0. 0. 0. 0. 0. 1. 1. 0. 1. 1. 0. 0. 1.
  1. 0. 1. 0. 1. 0. 0. 0. 1. 0. 0. 0. 0. 0. 0. 0. 0. 0. 0. 0. 0. 0. 0. 0.
  0. 1. 0. 0. 0. 0. 1. 0. 1. 0. 1. 0. 0. 0. 1. 0. 0. 0. 0. 0. 1. 1. 0. 0.
  0. 0. 1. 0. 0. 0. 0. 0. 0. 0. 0. 0. 0. 0. 0. 1. 0. 0. 0. 1. 0. 0. 0. 0.
  0. 1. 0. 0.]
 [1. 0. 0. 0. 0. 0. 0. 0. 0. 1. 0. 0. 0. 1. 0. 1. 0. 1. 0. 0. 0. 1. 0. 0.
  0. 0. 0. 1. 0. 0. 0. 1. 0. 1. 0. 1. 0. 0. 0. 0. 0. 0. 0. 0. 1. 0. 1. 1.
  1. 1. 0. 1. 0. 0. 0. 0. 0. 1. 0. 1. 0. 0. 0. 1. 0. 0. 0. 1. 0. 0. 0. 0.
  0. 0. 1. 0. 0. 0. 1. 0. 0. 1. 0. 0. 0. 0. 0. 0. 0. 0. 0. 0. 1. 0. 0. 0.
  0. 0. 1. 0.]
 [1. 0. 0. 1. 1. 0. 0. 0. 1. 0. 0. 0. 1. 0. 0. 0. 0. 0. 0. 0. 0. 1. 0. 0.
  0. 0. 0. 0. 0. 0. 0. 0. 0. 0. 1. 0. 0. 0. 1. 0. 0. 0. 0. 0. 0. 0. 0. 0.
  0. 0. 0. 0. 1. 0. 0. 0. 0. 1. 0. 1. 0. 0. 0. 0. 0. 0. 0. 1. 0. 0. 0. 0.
  0. 0. 0. 0. 0. 0. 0. 0. 0. 1. 0. 0. 1. 1. 0. 0. 0. 0. 0. 0. 0. 0. 1. 0.
  0. 0. 1. 1.]
 [0. 0. 0. 0. 0. 0. 0. 1. 0. 1. 0. 0. 0. 0. 0. 0. 0. 0. 1. 0. 0. 1. 0. 0.
  0. 0. 1. 1. 1. 0. 0. 1. 0. 0. 0. 0. 0. 0. 0. 0. 0. 1. 0. 0. 1. 1. 0. 0.
  1. 0. 0. 0. 0. 0. 0. 0. 0. 1. 0. 0. 1. 0. 0. 0. 0. 0. 0. 0. 0. 0. 0. 0.
  0. 1. 0. 0. 0. 0. 0. 0. 0. 0. 1. 1. 1. 1. 0. 1. 1. 0. 1. 0. 0. 0. 0. 0.
  0. 0. 0. 0.]
 [0. 0. 0. 0. 0. 0. 1. 0. 1. 0. 0. 0. 0. 0. 0. 0. 0. 0. 0. 1. 0. 1. 0. 1.
  0. 0. 0. 0. 0. 0. 0. 0. 0. 0. 0. 0. 1. 0. 0. 0. 0. 0. 0. 1. 0. 0. 0. 0.
  0. 0. 0. 0. 1. 1. 1. 0. 0. 0. 0. 0. 1. 1. 1. 0. 0. 0. 0. 0. 0. 0. 0. 0.
  0. 0. 0. 0. 0. 0. 0. 1. 0. 0. 0. 0. 0. 0. 1. 1. 0. 0. 1. 0. 1. 1. 0. 0.
  0. 1. 0. 0.]
 [0. 0. 0. 0. 0. 0. 0. 0. 0. 0. 0. 0. 0. 1. 0. 0. 0. 0. 0. 0. 0. 0. 1. 0.
  0. 0. 0. 1. 0. 0. 0. 1. 1. 0. 1. 1. 0. 0. 0. 1. 1. 0. 0. 1. 0. 1. 0. 1.
  0. 0. 0. 0. 1. 0. 0. 1. 0. 0. 0. 0. 0. 0. 0. 0. 1. 1. 0. 0. 0. 0. 0. 1.
  0. 0. 0. 0. 0. 0. 1. 0. 0. 1. 0. 0. 0. 0. 1. 1. 0. 0. 0. 1. 1. 0. 0. 0.
  1. 0. 0. 0.]
 [0. 1. 0. 0. 0. 0. 0. 0. 0. 0. 0. 0. 0. 0. 0. 0. 0. 0. 0. 0. 1. 0. 0. 0.
  0. 0. 0. 0. 1. 0. 0. 0. 0. 1. 0. 0. 1. 1. 1. 0. 0. 1. 1. 0. 0. 0. 0. 0.
  0. 0. 1. 0. 1. 0. 0. 1. 0. 0. 0. 0. 0. 0. 0. 0. 0. 0. 0. 0. 0. 0. 0. 0.
  0. 0. 0. 1. 0. 0. 0. 1. 0. 0. 0. 1. 0. 0. 0. 0. 0. 0. 0. 1. 0. 0. 1. 0.
  1. 0. 0. 0.]
 [0. 1. 0. 0. 0. 0. 0. 1. 0. 0. 0. 0. 0. 0. 0. 0. 0. 0. 0. 0. 1. 0. 0. 0.
  0. 0. 0. 0. 0. 0. 0. 1. 0. 0. 0. 0. 0. 0. 0. 0. 1. 0. 0. 0. 0. 0. 0. 0.
  0. 0. 0. 0. 0. 0. 0. 0. 0. 0. 0. 0. 0. 0. 0. 0. 0. 0. 0. 0. 1. 0. 1. 1.
  0. 0. 0. 0. 0. 0. 0. 0. 0. 0. 0. 0. 0. 0. 0. 0. 1. 0. 0. 1. 0. 0. 0. 0.
  0. 0. 0. 0.]
 [0. 0. 1. 0. 0. 0. 1. 0. 0. 0. 1. 0. 0. 0. 0. 0. 0. 0. 1. 0. 0. 1. 1. 0.
  0. 0. 1. 0. 1. 0. 0. 0. 0. 0. 0. 0. 0. 1. 0. 0. 0. 0. 1. 1. 0. 0. 0. 0.
  0. 0. 1. 0. 0. 0. 0. 1. 1. 0. 0. 0. 0. 0. 0. 0. 0. 0. 0. 0. 0. 0. 1. 0.
  0. 1. 0. 0. 0. 0. 0. 0. 0. 0. 0. 1. 1. 0. 1. 0. 1. 0. 0. 0. 0. 0. 0. 0.
  0. 0. 0. 0.]
 [0. 0. 0. 0. 0. 0. 0. 0. 0. 0. 0. 0. 0. 0. 0. 0. 0. 0. 0. 0. 0. 0. 0. 0.
  0. 0. 1. 0. 1. 1. 1. 0. 1. 0. 0. 1. 1. 0. 0. 1. 1. 0. 1. 0. 0. 0. 0. 0.
  0. 0. 0. 0. 0. 0. 1. 0. 0. 0. 0. 0. 1. 1. 1. 0. 1. 1. 0. 0. 0. 1. 1. 0.
  0. 0. 0. 0. 1. 0. 0. 0. 0. 0. 1. 0. 0. 0. 0. 0. 0. 0. 0. 0. 0. 1. 0. 0.
  0. 1. 0. 0.]
 [0. 1. 0. 0. 0. 0. 1. 0. 0. 0. 0. 0. 0. 0. 0. 0. 1. 0. 0. 0. 0. 0. 0. 1.
  0. 0. 0. 0. 1. 0. 0. 1. 0. 0. 0. 0. 0. 1. 0. 0. 0. 1. 0. 0. 0. 0. 1. 1.
  0. 0. 0. 0. 1. 0. 0. 0. 1. 1. 0. 0. 0. 0. 0. 1. 0. 1. 0. 0. 0. 1. 1. 0.
  1. 0. 0. 0. 0. 0. 1. 0. 0. 0. 0. 0. 0. 1. 0. 1. 0. 0. 0. 0. 0. 0. 0. 0.
  0. 0. 1. 0.]
 [0. 0. 0. 0. 0. 1. 0. 0. 0. 0. 0. 0. 0. 0. 0. 1. 0. 0. 1. 1. 0. 1. 0. 0.
  0. 0. 1. 1. 0. 0. 0. 0. 0. 0. 0. 0. 1. 0. 1. 0. 0. 0. 1. 0. 0. 1. 0. 0.
  1. 0. 0. 0. 0. 0. 0. 0. 0. 0. 0. 0. 0. 1. 0. 0. 0. 0. 0. 0. 0. 0. 0. 1.
  0. 0. 0. 0. 0. 0. 0. 0. 0. 0. 0. 0. 0. 0. 0. 0. 0. 1. 0. 0. 1. 0. 0. 0.
  0. 0. 0. 1.]
 [0. 1. 0. 0. 1. 1. 1. 0. 0. 0. 0. 0. 0. 0. 0. 0. 0. 0. 0. 0. 0. 0. 0. 0.
  0. 0. 0. 1. 1. 0. 0. 0. 0. 1. 0. 0. 1. 0. 1. 0. 0. 1. 0. 0. 0. 0. 1. 0.
  0. 1. 1. 0. 0. 0. 0. 0. 0. 0. 0. 0. 0. 0. 1. 0. 0. 0. 0. 0. 1. 0. 0. 0.
  1. 0. 0. 0. 0. 1. 1. 1. 1. 0. 0. 0. 0. 0. 1. 0. 1. 0. 0. 0. 0. 0. 0. 0.
  1. 0. 0. 0.]
 [1. 1. 0. 1. 0. 0. 0. 0. 1. 0. 0. 0. 0. 1. 0. 0. 1. 0. 0. 0. 1. 0. 0. 1.
  1. 0. 1. 0. 0. 0. 1. 0. 0. 0. 0. 0. 1. 0. 0. 1. 1. 0. 0. 0. 0. 0. 1. 0.
  0. 0. 0. 0. 0. 1. 1. 0. 0. 0. 1. 0. 0. 0. 0. 1. 1. 0. 0. 1. 0. 0. 0. 0.
  0. 0. 0. 0. 0. 0. 0. 0. 0. 0. 0. 0. 0. 0. 0. 0. 0. 0. 0. 0. 0. 1. 1. 0.
  1. 0. 0. 0.]
 [0. 1. 1. 0. 0. 1. 0. 0. 0. 1. 0. 0. 0. 0. 0. 0. 1. 0. 0. 0. 0. 0. 0. 1.
  0. 0. 0. 0. 0. 0. 1. 0. 0. 0. 0. 0. 1. 0. 0. 1. 0. 0. 0. 0. 0. 0. 0. 0.
  0. 0. 0. 0. 0. 0. 0. 1. 1. 0. 0. 0. 0. 0. 0. 0. 0. 0. 0. 0. 1. 0. 0. 1.
  0. 1. 0. 0. 0. 1. 0. 0. 0. 0. 0. 0. 0. 0. 0. 0. 0. 0. 0. 0. 1. 0. 0. 0.
  1. 0. 0. 1.]
 [0. 0. 1. 0. 1. 1. 0. 0. 0. 0. 0. 1. 1. 0. 0. 0. 0. 0. 1. 0. 0. 0. 0. 0.
  0. 0. 0. 0. 0. 0. 0. 0. 0. 0. 0. 0. 0. 0. 0. 0. 0. 0. 0. 0. 0. 0. 0. 0.
  0. 0. 0. 0. 0. 0. 0. 0. 0. 0. 0. 0. 0. 0. 0. 0. 0. 0. 0. 0. 0. 0. 0. 0.
  0. 0. 0. 0. 0. 0. 0. 0. 0. 0. 0. 0. 0. 0. 0. 0. 0. 0. 0. 0. 0. 0. 0. 0.
  0. 0. 0. 0.]
 [0. 0. 0. 1. 0. 0. 1. 1. 1. 1. 0. 0. 0. 1. 0. 0. 1. 0. 0. 0. 0. 0. 0. 0.
  0. 0. 0. 0. 0. 0. 0. 0. 0. 0. 0. 0. 0. 0. 0. 0. 0. 0. 0. 0. 0. 0. 0. 0.
  0. 0. 0. 0. 0. 0. 0. 0. 0. 0. 0. 0. 0. 0. 0. 0. 0. 0. 0. 0. 0. 0. 0. 0.
  0. 0. 0. 0. 0. 0. 0. 0. 0. 0. 0. 0. 0. 0. 0. 0. 0. 0. 0. 0. 0. 0. 0. 0.
  0. 0. 0. 0.]
 [0. 1. 0. 0. 0. 0. 0. 0. 0. 0. 1. 0. 0. 1. 0. 0. 0. 0. 0. 0. 0. 0. 0. 0.
  0. 0. 0. 0. 0. 0. 0. 0. 0. 0. 0. 0. 0. 0. 0. 0. 0. 0. 0. 0. 0. 0. 0. 0.
  0. 0. 0. 0. 0. 0. 0. 0. 0. 0. 0. 0. 0. 0. 0. 0. 0. 0. 0. 0. 0. 0. 0. 0.
  0. 0. 0. 0. 0. 0. 0. 0. 0. 0. 0. 0. 0. 0. 0. 0. 0. 0. 0. 0. 0. 0. 0. 0.
  0. 0. 0. 0.]
 [0. 0. 0. 0. 0. 1. 0. 0. 0. 1. 0. 0. 0. 0. 0. 1. 0. 0. 1. 1. 0. 0. 0. 0.
  0. 0. 0. 0. 0. 0. 0. 0. 0. 0. 0. 0. 0. 0. 0. 0. 0. 0. 0. 0. 0. 0. 0. 0.
  0. 0. 0. 0. 0. 0. 0. 0. 0. 0. 0. 0. 0. 0. 0. 0. 0. 0. 0. 0. 0. 0. 0. 0.
  0. 0. 0. 0. 0. 0. 0. 0. 0. 0. 0. 0. 0. 0. 0. 0. 0. 0. 0. 0. 0. 0. 0. 0.
  0. 0. 0. 0.]
 [0. 0. 0. 1. 1. 1. 0. 0. 0. 0. 0. 0. 0. 0. 0. 0. 0. 0. 1. 0. 0. 0. 0. 0.
  0. 0. 0. 0. 0. 0. 0. 0. 0. 0. 0. 0. 0. 0. 0. 0. 0. 0. 0. 0. 0. 0. 0. 0.
  0. 0. 0. 0. 0. 0. 0. 0. 0. 0. 0. 0. 0. 0. 0. 0. 0. 0. 0. 0. 0. 0. 0. 0.
  0. 0. 0. 0. 0. 0. 0. 0. 0. 0. 0. 0. 0. 0. 0. 0. 0. 0. 0. 0. 0. 0. 0. 0.
  0. 0. 0. 0.]
 [0. 0. 0. 0. 0. 0. 0. 0. 0. 0. 0. 0. 0. 0. 0. 0. 0. 0. 0. 0. 0. 0. 0. 0.
  0. 0. 0. 0. 0. 0. 0. 0. 0. 0. 0. 0. 0. 0. 0. 0. 0. 0. 0. 0. 0. 0. 0. 0.
  0. 0. 0. 0. 0. 0. 0. 0. 0. 0. 0. 0. 0. 0. 0. 0. 0. 0. 0. 0. 0. 0. 0. 0.
  0. 0. 0. 0. 0. 0. 0. 0. 0. 0. 0. 0. 0. 0. 0. 0. 0. 0. 0. 0. 0. 0. 0. 0.
  0. 0. 0. 0.]
 [1. 0. 0. 0. 0. 1. 0. 0. 1. 0. 0. 0. 0. 1. 1. 0. 1. 0. 1. 0. 0. 0. 0. 0.
  0. 0. 0. 0. 0. 0. 0. 0. 0. 0. 0. 0. 0. 0. 0. 0. 0. 0. 0. 0. 0. 0. 0. 0.
  0. 0. 0. 0. 0. 0. 0. 0. 0. 0. 0. 0. 0. 0. 0. 0. 0. 0. 0. 0. 0. 0. 0. 0.
  0. 0. 0. 0. 0. 0. 0. 0. 0. 0. 0. 0. 0. 0. 0. 0. 0. 0. 0. 0. 0. 0. 0. 0.
  0. 0. 0. 0.]
 [0. 0. 0. 0. 1. 0. 1. 0. 1. 0. 1. 0. 0. 0. 0. 0. 1. 1. 0. 0. 0. 0. 0. 0.
  0. 0. 0. 0. 0. 0. 0. 0. 0. 0. 0. 0. 0. 0. 0. 0. 0. 0. 0. 0. 0. 0. 0. 0.
  0. 0. 0. 0. 0. 0. 0. 0. 0. 0. 0. 0. 0. 0. 0. 0. 0. 0. 0. 0. 0. 0. 0. 0.
  0. 0. 0. 0. 0. 0. 0. 0. 0. 0. 0. 0. 0. 0. 0. 0. 0. 0. 0. 0. 0. 0. 0. 0.
  0. 0. 0. 0.]
 [0. 0. 1. 0. 0. 1. 0. 0. 1. 0. 0. 1. 0. 1. 1. 1. 0. 1. 0. 0. 0. 0. 0. 0.
  0. 0. 0. 0. 0. 0. 0. 0. 0. 0. 0. 0. 0. 0. 0. 0. 0. 0. 0. 0. 0. 0. 0. 0.
  0. 0. 0. 0. 0. 0. 0. 0. 0. 0. 0. 0. 0. 0. 0. 0. 0. 0. 0. 0. 0. 0. 0. 0.
  0. 0. 0. 0. 0. 0. 0. 0. 0. 0. 0. 0. 0. 0. 0. 0. 0. 0. 0. 0. 0. 0. 0. 0.
  0. 0. 0. 0.]
 [0. 0. 0. 1. 0. 0. 0. 0. 0. 0. 0. 0. 0. 0. 1. 0. 0. 0. 0. 0. 0. 0. 0. 0.
  0. 0. 0. 0. 0. 0. 0. 0. 0. 0. 0. 0. 0. 0. 0. 0. 0. 0. 0. 0. 0. 0. 0. 0.
  0. 0. 0. 0. 0. 0. 0. 0. 0. 0. 0. 0. 0. 0. 0. 0. 0. 0. 0. 0. 0. 0. 0. 0.
  0. 0. 0. 0. 0. 0. 0. 0. 0. 0. 0. 0. 0. 0. 0. 0. 0. 0. 0. 0. 0. 0. 0. 0.
  0. 0. 0. 0.]
 [0. 1. 0. 0. 1. 0. 0. 0. 0. 0. 0. 0. 0. 0. 1. 0. 0. 0. 1. 1. 0. 0. 0. 0.
  0. 0. 0. 0. 0. 0. 0. 0. 0. 0. 0. 0. 0. 0. 0. 0. 0. 0. 0. 0. 0. 0. 0. 0.
  0. 0. 0. 0. 0. 0. 0. 0. 0. 0. 0. 0. 0. 0. 0. 0. 0. 0. 0. 0. 0. 0. 0. 0.
  0. 0. 0. 0. 0. 0. 0. 0. 0. 0. 0. 0. 0. 0. 0. 0. 0. 0. 0. 0. 0. 0. 0. 0.
  0. 0. 0. 0.]
 [0. 1. 0. 0. 0. 0. 1. 0. 1. 0. 1. 0. 1. 0. 0. 1. 0. 0. 0. 0. 0. 0. 0. 0.
  0. 0. 0. 0. 0. 0. 0. 0. 0. 0. 0. 0. 0. 0. 0. 0. 0. 0. 0. 0. 0. 0. 0. 0.
  0. 0. 0. 0. 0. 0. 0. 0. 0. 0. 0. 0. 0. 0. 0. 0. 0. 0. 0. 0. 0. 0. 0. 0.
  0. 0. 0. 0. 0. 0. 0. 0. 0. 0. 0. 0. 0. 0. 0. 0. 0. 0. 0. 0. 0. 0. 0. 0.
  0. 0. 0. 0.]
 [0. 0. 0. 0. 0. 1. 0. 0. 0. 0. 1. 0. 0. 0. 1. 0. 0. 0. 0. 0. 0. 0. 0. 0.
  0. 0. 0. 0. 0. 0. 0. 0. 0. 0. 0. 0. 0. 0. 0. 0. 0. 0. 0. 0. 0. 0. 0. 0.
  0. 0. 0. 0. 0. 0. 0. 0. 0. 0. 0. 0. 0. 0. 0. 0. 0. 0. 0. 0. 0. 0. 0. 0.
  0. 0. 0. 0. 0. 0. 0. 0. 0. 0. 0. 0. 0. 0. 0. 0. 0. 0. 0. 0. 0. 0. 0. 0.
  0. 0. 0. 0.]
 [0. 0. 0. 0. 1. 0. 1. 0. 0. 0. 0. 1. 0. 0. 0. 0. 0. 1. 0. 0. 0. 0. 0. 0.
  0. 0. 0. 0. 0. 0. 0. 0. 0. 0. 0. 0. 0. 0. 0. 0. 0. 0. 0. 0. 0. 0. 0. 0.
  0. 0. 0. 0. 0. 0. 0. 0. 0. 0. 0. 0. 0. 0. 0. 0. 0. 0. 0. 0. 0. 0. 0. 0.
  0. 0. 0. 0. 0. 0. 0. 0. 0. 0. 0. 0. 0. 0. 0. 0. 0. 0. 0. 0. 0. 0. 0. 0.
  0. 0. 0. 0.]
 [0. 1. 0. 0. 0. 0. 0. 1. 0. 0. 1. 0. 0. 0. 0. 0. 0. 0. 0. 0. 0. 0. 0. 0.
  0. 0. 0. 0. 0. 0. 0. 0. 0. 0. 0. 0. 0. 0. 0. 0. 0. 0. 0. 0. 0. 0. 0. 0.
  0. 0. 0. 0. 0. 0. 0. 0. 0. 0. 0. 0. 0. 0. 0. 0. 0. 0. 0. 0. 0. 0. 0. 0.
  0. 0. 0. 0. 0. 0. 0. 0. 0. 0. 0. 0. 0. 0. 0. 0. 0. 0. 0. 0. 0. 0. 0. 0.
  0. 0. 0. 0.]
 [1. 1. 0. 1. 0. 0. 1. 0. 0. 0. 1. 0. 0. 0. 1. 0. 0. 0. 0. 0. 0. 0. 0. 0.
  0. 0. 0. 0. 0. 0. 0. 0. 0. 0. 0. 0. 0. 0. 0. 0. 0. 0. 0. 0. 0. 0. 0. 0.
  0. 0. 0. 0. 0. 0. 0. 0. 0. 0. 0. 0. 0. 0. 0. 0. 0. 0. 0. 0. 0. 0. 0. 0.
  0. 0. 0. 0. 0. 0. 0. 0. 0. 0. 0. 0. 0. 0. 0. 0. 0. 0. 0. 0. 0. 0. 0. 0.
  0. 0. 0. 0.]
 [0. 0. 0. 0. 1. 0. 0. 0. 0. 1. 0. 1. 0. 0. 1. 0. 1. 1. 1. 1. 0. 0. 0. 0.
  0. 0. 0. 0. 0. 0. 0. 0. 0. 0. 0. 0. 0. 0. 0. 0. 0. 0. 0. 0. 0. 0. 0. 0.
  0. 0. 0. 0. 0. 0. 0. 0. 0. 0. 0. 0. 0. 0. 0. 0. 0. 0. 0. 0. 0. 0. 0. 0.
  0. 0. 0. 0. 0. 0. 0. 0. 0. 0. 0. 0. 0. 0. 0. 0. 0. 0. 0. 0. 0. 0. 0. 0.
  0. 0. 0. 0.]
 [0. 1. 0. 0. 0. 0. 0. 0. 0. 0. 0. 1. 0. 1. 0. 1. 0. 0. 0. 0. 0. 0. 0. 0.
  0. 0. 0. 0. 0. 0. 0. 0. 0. 0. 0. 0. 0. 0. 0. 0. 0. 0. 0. 0. 0. 0. 0. 0.
  0. 0. 0. 0. 0. 0. 0. 0. 0. 0. 0. 0. 0. 0. 0. 0. 0. 0. 0. 0. 0. 0. 0. 0.
  0. 0. 0. 0. 0. 0. 0. 0. 0. 0. 0. 0. 0. 0. 0. 0. 0. 0. 0. 0. 0. 0. 0. 0.
  0. 0. 0. 0.]
 [0. 1. 0. 0. 0. 0. 0. 1. 0. 0. 0. 1. 0. 0. 0. 0. 1. 1. 0. 0. 0. 0. 0. 0.
  0. 0. 0. 0. 0. 0. 0. 0. 0. 0. 0. 0. 0. 0. 0. 0. 0. 0. 0. 0. 0. 0. 0. 0.
  0. 0. 0. 0. 0. 0. 0. 0. 0. 0. 0. 0. 0. 0. 0. 0. 0. 0. 0. 0. 0. 0. 0. 0.
  0. 0. 0. 0. 0. 0. 0. 0. 0. 0. 0. 0. 0. 0. 0. 0. 0. 0. 0. 0. 0. 0. 0. 0.
  0. 0. 0. 0.]
 [1. 1. 1. 0. 0. 0. 0. 0. 0. 0. 1. 0. 0. 0. 1. 0. 0. 0. 1. 1. 0. 0. 0. 0.
  0. 0. 0. 0. 0. 0. 0. 0. 0. 0. 0. 0. 0. 0. 0. 0. 0. 0. 0. 0. 0. 0. 0. 0.
  0. 0. 0. 0. 0. 0. 0. 0. 0. 0. 0. 0. 0. 0. 0. 0. 0. 0. 0. 0. 0. 0. 0. 0.
  0. 0. 0. 0. 0. 0. 0. 0. 0. 0. 0. 0. 0. 0. 0. 0. 0. 0. 0. 0. 0. 0. 0. 0.
  0. 0. 0. 0.]
 [1. 0. 0. 0. 0. 0. 0. 0. 0. 0. 1. 0. 1. 0. 1. 0. 0. 0. 1. 0. 0. 0. 0. 0.
  0. 0. 0. 0. 0. 0. 0. 0. 0. 0. 0. 0. 0. 0. 0. 0. 0. 0. 0. 0. 0. 0. 0. 0.
  0. 0. 0. 0. 0. 0. 0. 0. 0. 0. 0. 0. 0. 0. 0. 0. 0. 0. 0. 0. 0. 0. 0. 0.
  0. 0. 0. 0. 0. 0. 0. 0. 0. 0. 0. 0. 0. 0. 0. 0. 0. 0. 0. 0. 0. 0. 0. 0.
  0. 0. 0. 0.]
 [0. 0. 0. 0. 0. 0. 0. 0. 1. 0. 0. 1. 0. 0. 0. 1. 0. 1. 0. 0. 0. 0. 0. 0.
  0. 0. 0. 0. 0. 0. 0. 0. 0. 0. 0. 0. 0. 0. 0. 0. 0. 0. 0. 0. 0. 0. 0. 0.
  0. 0. 0. 0. 0. 0. 0. 0. 0. 0. 0. 0. 0. 0. 0. 0. 0. 0. 0. 0. 0. 0. 0. 0.
  0. 0. 0. 0. 0. 0. 0. 0. 0. 0. 0. 0. 0. 0. 0. 0. 0. 0. 0. 0. 0. 0. 0. 0.
  0. 0. 0. 0.]
 [0. 1. 0. 0. 1. 0. 0. 0. 0. 0. 0. 1. 0. 1. 1. 0. 1. 0. 0. 0. 0. 0. 0. 0.
  0. 0. 0. 0. 0. 0. 0. 0. 0. 0. 0. 0. 0. 0. 0. 0. 0. 0. 0. 0. 0. 0. 0. 0.
  0. 0. 0. 0. 0. 0. 0. 0. 0. 0. 0. 0. 0. 0. 0. 0. 0. 0. 0. 0. 0. 0. 0. 0.
  0. 0. 0. 0. 0. 0. 0. 0. 0. 0. 0. 0. 0. 0. 0. 0. 0. 0. 0. 0. 0. 0. 0. 0.
  0. 0. 0. 0.]
 [0. 0. 0. 0. 0. 0. 0. 0. 0. 1. 1. 0. 0. 1. 0. 0. 0. 0. 0. 0. 0. 0. 0. 0.
  0. 0. 0. 0. 0. 0. 0. 0. 0. 0. 0. 0. 0. 0. 0. 0. 0. 0. 0. 0. 0. 0. 0. 0.
  0. 0. 0. 0. 0. 0. 0. 0. 0. 0. 0. 0. 0. 0. 0. 0. 0. 0. 0. 0. 0. 0. 0. 0.
  0. 0. 0. 0. 0. 0. 0. 0. 0. 0. 0. 0. 0. 0. 0. 0. 0. 0. 0. 0. 0. 0. 0. 0.
  0. 0. 0. 0.]
 [0. 0. 0. 1. 0. 0. 1. 0. 1. 0. 0. 0. 0. 0. 0. 0. 0. 0. 0. 0. 0. 0. 0. 0.
  0. 0. 0. 0. 0. 0. 0. 0. 0. 0. 0. 0. 0. 0. 0. 0. 0. 0. 0. 0. 0. 0. 0. 0.
  0. 0. 0. 0. 0. 0. 0. 0. 0. 0. 0. 0. 0. 0. 0. 0. 0. 0. 0. 0. 0. 0. 0. 0.
  0. 0. 0. 0. 0. 0. 0. 0. 0. 0. 0. 0. 0. 0. 0. 0. 0. 0. 0. 0. 0. 0. 0. 0.
  0. 0. 0. 0.]
 [1. 0. 0. 0. 0. 0. 0. 0. 1. 0. 1. 0. 0. 0. 0. 0. 1. 0. 0. 0. 0. 0. 0. 0.
  0. 0. 0. 0. 0. 0. 0. 0. 0. 0. 0. 0. 0. 0. 0. 0. 0. 0. 0. 0. 0. 0. 0. 0.
  0. 0. 0. 0. 0. 0. 0. 0. 0. 0. 0. 0. 0. 0. 0. 0. 0. 0. 0. 0. 0. 0. 0. 0.
  0. 0. 0. 0. 0. 0. 0. 0. 0. 0. 0. 0. 0. 0. 0. 0. 0. 0. 0. 0. 0. 0. 0. 0.
  0. 0. 0. 0.]
 [0. 0. 0. 0. 1. 0. 1. 0. 0. 0. 0. 0. 0. 0. 0. 1. 0. 1. 1. 0. 0. 0. 0. 0.
  0. 0. 0. 0. 0. 0. 0. 0. 0. 0. 0. 0. 0. 0. 0. 0. 0. 0. 0. 0. 0. 0. 0. 0.
  0. 0. 0. 0. 0. 0. 0. 0. 0. 0. 0. 0. 0. 0. 0. 0. 0. 0. 0. 0. 0. 0. 0. 0.
  0. 0. 0. 0. 0. 0. 0. 0. 0. 0. 0. 0. 0. 0. 0. 0. 0. 0. 0. 0. 0. 0. 0. 0.
  0. 0. 0. 0.]
 [0. 0. 0. 0. 0. 0. 1. 0. 0. 0. 1. 0. 0. 0. 0. 1. 0. 0. 0. 0. 0. 0. 0. 0.
  0. 0. 0. 0. 0. 0. 0. 0. 0. 0. 0. 0. 0. 0. 0. 0. 0. 0. 0. 0. 0. 0. 0. 0.
  0. 0. 0. 0. 0. 0. 0. 0. 0. 0. 0. 0. 0. 0. 0. 0. 0. 0. 0. 0. 0. 0. 0. 0.
  0. 0. 0. 0. 0. 0. 0. 0. 0. 0. 0. 0. 0. 0. 0. 0. 0. 0. 0. 0. 0. 0. 0. 0.
  0. 0. 0. 0.]
 [0. 0. 1. 0. 0. 0. 1. 0. 1. 0. 0. 0. 0. 0. 0. 0. 1. 0. 0. 0. 0. 0. 0. 0.
  0. 0. 0. 0. 0. 0. 0. 0. 0. 0. 0. 0. 0. 0. 0. 0. 0. 0. 0. 0. 0. 0. 0. 0.
  0. 0. 0. 0. 0. 0. 0. 0. 0. 0. 0. 0. 0. 0. 0. 0. 0. 0. 0. 0. 0. 0. 0. 0.
  0. 0. 0. 0. 0. 0. 0. 0. 0. 0. 0. 0. 0. 0. 0. 0. 0. 0. 0. 0. 0. 0. 0. 0.
  0. 0. 0. 0.]
 [0. 1. 0. 0. 0. 1. 1. 0. 0. 0. 0. 0. 0. 0. 0. 0. 0. 1. 0. 0. 0. 0. 0. 0.
  0. 0. 0. 0. 0. 0. 0. 0. 0. 0. 0. 0. 0. 0. 0. 0. 0. 0. 0. 0. 0. 0. 0. 0.
  0. 0. 0. 0. 0. 0. 0. 0. 0. 0. 0. 0. 0. 0. 0. 0. 0. 0. 0. 0. 0. 0. 0. 0.
  0. 0. 0. 0. 0. 0. 0. 0. 0. 0. 0. 0. 0. 0. 0. 0. 0. 0. 0. 0. 0. 0. 0. 0.
  0. 0. 0. 0.]
 [0. 0. 0. 1. 0. 0. 0. 0. 0. 0. 0. 1. 0. 1. 0. 0. 0. 1. 0. 0. 0. 0. 0. 0.
  0. 0. 0. 0. 0. 0. 0. 0. 0. 0. 0. 0. 0. 0. 0. 0. 0. 0. 0. 0. 0. 0. 0. 0.
  0. 0. 0. 0. 0. 0. 0. 0. 0. 0. 0. 0. 0. 0. 0. 0. 0. 0. 0. 0. 0. 0. 0. 0.
  0. 0. 0. 0. 0. 0. 0. 0. 0. 0. 0. 0. 0. 0. 0. 0. 0. 0. 0. 0. 0. 0. 0. 0.
  0. 0. 0. 0.]
 [0. 0. 0. 0. 0. 0. 1. 0. 0. 0. 0. 0. 0. 0. 0. 0. 0. 0. 0. 0. 0. 0. 0. 0.
  0. 0. 0. 0. 0. 0. 0. 0. 0. 0. 0. 0. 0. 0. 0. 0. 0. 0. 0. 0. 0. 0. 0. 0.
  0. 0. 0. 0. 0. 0. 0. 0. 0. 0. 0. 0. 0. 0. 0. 0. 0. 0. 0. 0. 0. 0. 0. 0.
  0. 0. 0. 0. 0. 0. 0. 0. 0. 0. 0. 0. 0. 0. 0. 0. 0. 0. 0. 0. 0. 0. 0. 0.
  0. 0. 0. 0.]
 [0. 0. 0. 0. 1. 0. 0. 1. 0. 1. 1. 1. 0. 0. 0. 1. 0. 0. 0. 0. 0. 0. 0. 0.
  0. 0. 0. 0. 0. 0. 0. 0. 0. 0. 0. 0. 0. 0. 0. 0. 0. 0. 0. 0. 0. 0. 0. 0.
  0. 0. 0. 0. 0. 0. 0. 0. 0. 0. 0. 0. 0. 0. 0. 0. 0. 0. 0. 0. 0. 0. 0. 0.
  0. 0. 0. 0. 0. 0. 0. 0. 0. 0. 0. 0. 0. 0. 0. 0. 0. 0. 0. 0. 0. 0. 0. 0.
  0. 0. 0. 0.]
 [0. 0. 0. 0. 0. 0. 0. 0. 0. 1. 0. 0. 0. 0. 0. 0. 0. 0. 1. 0. 0. 0. 0. 0.
  0. 0. 0. 0. 0. 0. 0. 0. 0. 0. 0. 0. 0. 0. 0. 0. 0. 0. 0. 0. 0. 0. 0. 0.
  0. 0. 0. 0. 0. 0. 0. 0. 0. 0. 0. 0. 0. 0. 0. 0. 0. 0. 0. 0. 0. 0. 0. 0.
  0. 0. 0. 0. 0. 0. 0. 0. 0. 0. 0. 0. 0. 0. 0. 0. 0. 0. 0. 0. 0. 0. 0. 0.
  0. 0. 0. 0.]
 [0. 0. 0. 0. 0. 1. 0. 0. 0. 1. 0. 0. 0. 0. 1. 0. 0. 0. 1. 0. 0. 0. 0. 0.
  0. 0. 0. 0. 0. 0. 0. 0. 0. 0. 0. 0. 0. 0. 0. 0. 0. 0. 0. 0. 0. 0. 0. 0.
  0. 0. 0. 0. 0. 0. 0. 0. 0. 0. 0. 0. 0. 0. 0. 0. 0. 0. 0. 0. 0. 0. 0. 0.
  0. 0. 0. 0. 0. 0. 0. 0. 0. 0. 0. 0. 0. 0. 0. 0. 0. 0. 0. 0. 0. 0. 0. 0.
  0. 0. 0. 0.]
 [1. 0. 0. 1. 1. 0. 0. 0. 0. 0. 1. 1. 0. 1. 0. 0. 0. 0. 0. 1. 0. 0. 0. 0.
  0. 0. 0. 0. 0. 0. 0. 0. 0. 0. 0. 0. 0. 0. 0. 0. 0. 0. 0. 0. 0. 0. 0. 0.
  0. 0. 0. 0. 0. 0. 0. 0. 0. 0. 0. 0. 0. 0. 0. 0. 0. 0. 0. 0. 0. 0. 0. 0.
  0. 0. 0. 0. 0. 0. 0. 0. 0. 0. 0. 0. 0. 0. 0. 0. 0. 0. 0. 0. 0. 0. 0. 0.
  0. 0. 0. 0.]
 [0. 0. 0. 0. 0. 1. 0. 0. 0. 0. 0. 0. 0. 1. 0. 1. 0. 0. 0. 1. 0. 0. 0. 0.
  0. 0. 0. 0. 0. 0. 0. 0. 0. 0. 0. 0. 0. 0. 0. 0. 0. 0. 0. 0. 0. 0. 0. 0.
  0. 0. 0. 0. 0. 0. 0. 0. 0. 0. 0. 0. 0. 0. 0. 0. 0. 0. 0. 0. 0. 0. 0. 0.
  0. 0. 0. 0. 0. 0. 0. 0. 0. 0. 0. 0. 0. 0. 0. 0. 0. 0. 0. 0. 0. 0. 0. 0.
  0. 0. 0. 0.]
 [0. 1. 1. 0. 0. 0. 1. 1. 1. 0. 0. 0. 0. 0. 0. 1. 0. 0. 0. 0. 0. 0. 0. 0.
  0. 0. 0. 0. 0. 0. 0. 0. 0. 0. 0. 0. 0. 0. 0. 0. 0. 0. 0. 0. 0. 0. 0. 0.
  0. 0. 0. 0. 0. 0. 0. 0. 0. 0. 0. 0. 0. 0. 0. 0. 0. 0. 0. 0. 0. 0. 0. 0.
  0. 0. 0. 0. 0. 0. 0. 0. 0. 0. 0. 0. 0. 0. 0. 0. 0. 0. 0. 0. 0. 0. 0. 0.
  0. 0. 0. 0.]
 [0. 0. 0. 0. 0. 1. 0. 0. 0. 0. 0. 0. 0. 0. 0. 0. 0. 0. 1. 0. 0. 0. 0. 0.
  0. 0. 0. 0. 0. 0. 0. 0. 0. 0. 0. 0. 0. 0. 0. 0. 0. 0. 0. 0. 0. 0. 0. 0.
  0. 0. 0. 0. 0. 0. 0. 0. 0. 0. 0. 0. 0. 0. 0. 0. 0. 0. 0. 0. 0. 0. 0. 0.
  0. 0. 0. 0. 0. 0. 0. 0. 0. 0. 0. 0. 0. 0. 0. 0. 0. 0. 0. 0. 0. 0. 0. 0.
  0. 0. 0. 0.]
 [1. 1. 0. 0. 0. 0. 1. 1. 0. 0. 0. 0. 0. 0. 0. 0. 0. 0. 0. 0. 0. 0. 0. 0.
  0. 0. 0. 0. 0. 0. 0. 0. 0. 0. 0. 0. 0. 0. 0. 0. 0. 0. 0. 0. 0. 0. 0. 0.
  0. 0. 0. 0. 0. 0. 0. 0. 0. 0. 0. 0. 0. 0. 0. 0. 0. 0. 0. 0. 0. 0. 0. 0.
  0. 0. 0. 0. 0. 0. 0. 0. 0. 0. 0. 0. 0. 0. 0. 0. 0. 0. 0. 0. 0. 0. 0. 0.
  0. 0. 0. 0.]
 [0. 1. 0. 0. 0. 0. 0. 0. 1. 1. 0. 0. 0. 0. 1. 0. 0. 0. 0. 0. 0. 0. 0. 0.
  0. 0. 0. 0. 0. 0. 0. 0. 0. 0. 0. 0. 0. 0. 0. 0. 0. 0. 0. 0. 0. 0. 0. 0.
  0. 0. 0. 0. 0. 0. 0. 0. 0. 0. 0. 0. 0. 0. 0. 0. 0. 0. 0. 0. 0. 0. 0. 0.
  0. 0. 0. 0. 0. 0. 0. 0. 0. 0. 0. 0. 0. 0. 0. 0. 0. 0. 0. 0. 0. 0. 0. 0.
  0. 0. 0. 0.]
 [0. 0. 0. 0. 0. 0. 0. 0. 0. 1. 0. 0. 0. 0. 1. 0. 1. 0. 0. 0. 0. 0. 0. 0.
  0. 0. 0. 0. 0. 0. 0. 0. 0. 0. 0. 0. 0. 0. 0. 0. 0. 0. 0. 0. 0. 0. 0. 0.
  0. 0. 0. 0. 0. 0. 0. 0. 0. 0. 0. 0. 0. 0. 0. 0. 0. 0. 0. 0. 0. 0. 0. 0.
  0. 0. 0. 0. 0. 0. 0. 0. 0. 0. 0. 0. 0. 0. 0. 0. 0. 0. 0. 0. 0. 0. 0. 0.
  0. 0. 0. 0.]
 [0. 1. 1. 0. 0. 1. 0. 0. 0. 1. 0. 0. 0. 0. 1. 0. 0. 1. 0. 0. 0. 0. 0. 0.
  0. 0. 0. 0. 0. 0. 0. 0. 0. 0. 0. 0. 0. 0. 0. 0. 0. 0. 0. 0. 0. 0. 0. 0.
  0. 0. 0. 0. 0. 0. 0. 0. 0. 0. 0. 0. 0. 0. 0. 0. 0. 0. 0. 0. 0. 0. 0. 0.
  0. 0. 0. 0. 0. 0. 0. 0. 0. 0. 0. 0. 0. 0. 0. 0. 0. 0. 0. 0. 0. 0. 0. 0.
  0. 0. 0. 0.]
 [0. 0. 0. 0. 0. 0. 1. 0. 0. 0. 0. 0. 0. 0. 0. 1. 0. 0. 1. 0. 0. 0. 0. 0.
  0. 0. 0. 0. 0. 0. 0. 0. 0. 0. 0. 0. 0. 0. 0. 0. 0. 0. 0. 0. 0. 0. 0. 0.
  0. 0. 0. 0. 0. 0. 0. 0. 0. 0. 0. 0. 0. 0. 0. 0. 0. 0. 0. 0. 0. 0. 0. 0.
  0. 0. 0. 0. 0. 0. 0. 0. 0. 0. 0. 0. 0. 0. 0. 0. 0. 0. 0. 0. 0. 0. 0. 0.
  0. 0. 0. 0.]
 [1. 1. 0. 0. 1. 0. 0. 0. 0. 0. 1. 0. 0. 0. 1. 0. 0. 0. 1. 0. 0. 0. 0. 0.
  0. 0. 0. 0. 0. 0. 0. 0. 0. 0. 0. 0. 0. 0. 0. 0. 0. 0. 0. 0. 0. 0. 0. 0.
  0. 0. 0. 0. 0. 0. 0. 0. 0. 0. 0. 0. 0. 0. 0. 0. 0. 0. 0. 0. 0. 0. 0. 0.
  0. 0. 0. 0. 0. 0. 0. 0. 0. 0. 0. 0. 0. 0. 0. 0. 0. 0. 0. 0. 0. 0. 0. 0.
  0. 0. 0. 0.]
 [0. 0. 0. 0. 0. 0. 0. 0. 0. 0. 1. 0. 0. 0. 1. 1. 0. 0. 0. 0. 0. 0. 0. 0.
  0. 0. 0. 0. 0. 0. 0. 0. 0. 0. 0. 0. 0. 0. 0. 0. 0. 0. 0. 0. 0. 0. 0. 0.
  0. 0. 0. 0. 0. 0. 0. 0. 0. 0. 0. 0. 0. 0. 0. 0. 0. 0. 0. 0. 0. 0. 0. 0.
  0. 0. 0. 0. 0. 0. 0. 0. 0. 0. 0. 0. 0. 0. 0. 0. 0. 0. 0. 0. 0. 0. 0. 0.
  0. 0. 0. 0.]
 [0. 0. 0. 0. 0. 0. 0. 0. 0. 0. 0. 0. 0. 0. 0. 0. 0. 0. 0. 0. 0. 0. 0. 0.
  0. 0. 0. 0. 0. 0. 0. 0. 0. 0. 0. 0. 0. 0. 0. 0. 0. 0. 0. 0. 0. 0. 0. 0.
  0. 0. 0. 0. 0. 0. 0. 0. 0. 0. 0. 0. 0. 0. 0. 0. 0. 0. 0. 0. 0. 0. 0. 0.
  0. 0. 0. 0. 0. 0. 0. 0. 0. 0. 0. 0. 0. 0. 0. 0. 0. 0. 0. 0. 0. 0. 0. 0.
  0. 0. 0. 0.]
 [0. 0. 0. 0. 0. 0. 1. 1. 0. 0. 0. 0. 0. 0. 0. 0. 0. 0. 1. 0. 0. 0. 0. 0.
  0. 0. 0. 0. 0. 0. 0. 0. 0. 0. 0. 0. 0. 0. 0. 0. 0. 0. 0. 0. 0. 0. 0. 0.
  0. 0. 0. 0. 0. 0. 0. 0. 0. 0. 0. 0. 0. 0. 0. 0. 0. 0. 0. 0. 0. 0. 0. 0.
  0. 0. 0. 0. 0. 0. 0. 0. 0. 0. 0. 0. 0. 0. 0. 0. 0. 0. 0. 0. 0. 0. 0. 0.
  0. 0. 0. 0.]
 [0. 1. 0. 0. 0. 1. 0. 0. 0. 0. 0. 0. 1. 0. 0. 0. 0. 1. 0. 1. 0. 0. 0. 0.
  0. 0. 0. 0. 0. 0. 0. 0. 0. 0. 0. 0. 0. 0. 0. 0. 0. 0. 0. 0. 0. 0. 0. 0.
  0. 0. 0. 0. 0. 0. 0. 0. 0. 0. 0. 0. 0. 0. 0. 0. 0. 0. 0. 0. 0. 0. 0. 0.
  0. 0. 0. 0. 0. 0. 0. 0. 0. 0. 0. 0. 0. 0. 0. 0. 0. 0. 0. 0. 0. 0. 0. 0.
  0. 0. 0. 0.]
 [0. 0. 0. 0. 1. 1. 0. 0. 0. 0. 0. 0. 0. 0. 1. 1. 0. 0. 0. 0. 0. 0. 0. 0.
  0. 0. 0. 0. 0. 0. 0. 0. 0. 0. 0. 0. 0. 0. 0. 0. 0. 0. 0. 0. 0. 0. 0. 0.
  0. 0. 0. 0. 0. 0. 0. 0. 0. 0. 0. 0. 0. 0. 0. 0. 0. 0. 0. 0. 0. 0. 0. 0.
  0. 0. 0. 0. 0. 0. 0. 0. 0. 0. 0. 0. 0. 0. 0. 0. 0. 0. 0. 0. 0. 0. 0. 0.
  0. 0. 0. 0.]
 [0. 1. 0. 1. 1. 0. 0. 0. 0. 0. 0. 0. 1. 1. 1. 1. 0. 0. 0. 0. 0. 0. 0. 0.
  0. 0. 0. 0. 0. 0. 0. 0. 0. 0. 0. 0. 0. 0. 0. 0. 0. 0. 0. 0. 0. 0. 0. 0.
  0. 0. 0. 0. 0. 0. 0. 0. 0. 0. 0. 0. 0. 0. 0. 0. 0. 0. 0. 0. 0. 0. 0. 0.
  0. 0. 0. 0. 0. 0. 0. 0. 0. 0. 0. 0. 0. 0. 0. 0. 0. 0. 0. 0. 0. 0. 0. 0.
  0. 0. 0. 0.]
 [1. 0. 0. 0. 0. 0. 0. 0. 0. 0. 1. 0. 1. 0. 0. 0. 1. 0. 0. 1. 0. 0. 0. 0.
  0. 0. 0. 0. 0. 0. 0. 0. 0. 0. 0. 0. 0. 0. 0. 0. 0. 0. 0. 0. 0. 0. 0. 0.
  0. 0. 0. 0. 0. 0. 0. 0. 0. 0. 0. 0. 0. 0. 0. 0. 0. 0. 0. 0. 0. 0. 0. 0.
  0. 0. 0. 0. 0. 0. 0. 0. 0. 0. 0. 0. 0. 0. 0. 0. 0. 0. 0. 0. 0. 0. 0. 0.
  0. 0. 0. 0.]
 [0. 0. 0. 0. 0. 0. 0. 0. 0. 0. 0. 0. 0. 0. 0. 1. 0. 1. 0. 0. 0. 0. 0. 0.
  0. 0. 0. 0. 0. 0. 0. 0. 0. 0. 0. 0. 0. 0. 0. 0. 0. 0. 0. 0. 0. 0. 0. 0.
  0. 0. 0. 0. 0. 0. 0. 0. 0. 0. 0. 0. 0. 0. 0. 0. 0. 0. 0. 0. 0. 0. 0. 0.
  0. 0. 0. 0. 0. 0. 0. 0. 0. 0. 0. 0. 0. 0. 0. 0. 0. 0. 0. 0. 0. 0. 0. 0.
  0. 0. 0. 0.]
 [0. 1. 0. 0. 0. 0. 0. 0. 1. 0. 0. 0. 0. 1. 0. 0. 0. 0. 0. 1. 0. 0. 0. 0.
  0. 0. 0. 0. 0. 0. 0. 0. 0. 0. 0. 0. 0. 0. 0. 0. 0. 0. 0. 0. 0. 0. 0. 0.
  0. 0. 0. 0. 0. 0. 0. 0. 0. 0. 0. 0. 0. 0. 0. 0. 0. 0. 0. 0. 0. 0. 0. 0.
  0. 0. 0. 0. 0. 0. 0. 0. 0. 0. 0. 0. 0. 0. 0. 0. 0. 0. 0. 0. 0. 0. 0. 0.
  0. 0. 0. 0.]
 [0. 0. 1. 0. 0. 1. 1. 0. 0. 0. 0. 0. 0. 0. 0. 0. 0. 0. 0. 0. 0. 0. 0. 0.
  0. 0. 0. 0. 0. 0. 0. 0. 0. 0. 0. 0. 0. 0. 0. 0. 0. 0. 0. 0. 0. 0. 0. 0.
  0. 0. 0. 0. 0. 0. 0. 0. 0. 0. 0. 0. 0. 0. 0. 0. 0. 0. 0. 0. 0. 0. 0. 0.
  0. 0. 0. 0. 0. 0. 0. 0. 0. 0. 0. 0. 0. 0. 0. 0. 0. 0. 0. 0. 0. 0. 0. 0.
  0. 0. 0. 0.]
 [0. 0. 1. 0. 0. 0. 0. 0. 0. 0. 0. 1. 0. 0. 0. 0. 0. 0. 0. 0. 0. 0. 0. 0.
  0. 0. 0. 0. 0. 0. 0. 0. 0. 0. 0. 0. 0. 0. 0. 0. 0. 0. 0. 0. 0. 0. 0. 0.
  0. 0. 0. 0. 0. 0. 0. 0. 0. 0. 0. 0. 0. 0. 0. 0. 0. 0. 0. 0. 0. 0. 0. 0.
  0. 0. 0. 0. 0. 0. 0. 0. 0. 0. 0. 0. 0. 0. 0. 0. 0. 0. 0. 0. 0. 0. 0. 0.
  0. 0. 0. 0.]
 [0. 0. 0. 0. 0. 0. 0. 0. 0. 0. 0. 0. 0. 0. 1. 0. 0. 0. 0. 0. 0. 0. 0. 0.
  0. 0. 0. 0. 0. 0. 0. 0. 0. 0. 0. 0. 0. 0. 0. 0. 0. 0. 0. 0. 0. 0. 0. 0.
  0. 0. 0. 0. 0. 0. 0. 0. 0. 0. 0. 0. 0. 0. 0. 0. 0. 0. 0. 0. 0. 0. 0. 0.
  0. 0. 0. 0. 0. 0. 0. 0. 0. 0. 0. 0. 0. 0. 0. 0. 0. 0. 0. 0. 0. 0. 0. 0.
  0. 0. 0. 0.]
 [0. 0. 0. 0. 0. 0. 0. 0. 0. 0. 0. 0. 0. 0. 0. 0. 0. 1. 0. 1. 0. 0. 0. 0.
  0. 0. 0. 0. 0. 0. 0. 0. 0. 0. 0. 0. 0. 0. 0. 0. 0. 0. 0. 0. 0. 0. 0. 0.
  0. 0. 0. 0. 0. 0. 0. 0. 0. 0. 0. 0. 0. 0. 0. 0. 0. 0. 0. 0. 0. 0. 0. 0.
  0. 0. 0. 0. 0. 0. 0. 0. 0. 0. 0. 0. 0. 0. 0. 0. 0. 0. 0. 0. 0. 0. 0. 0.
  0. 0. 0. 0.]
 [0. 0. 0. 1. 0. 0. 1. 0. 0. 0. 1. 0. 0. 0. 0. 1. 0. 1. 0. 0. 0. 0. 0. 0.
  0. 0. 0. 0. 0. 0. 0. 0. 0. 0. 0. 0. 0. 0. 0. 0. 0. 0. 0. 0. 0. 0. 0. 0.
  0. 0. 0. 0. 0. 0. 0. 0. 0. 0. 0. 0. 0. 0. 0. 0. 0. 0. 0. 0. 0. 0. 0. 0.
  0. 0. 0. 0. 0. 0. 0. 0. 0. 0. 0. 0. 0. 0. 0. 0. 0. 0. 0. 0. 0. 0. 0. 0.
  0. 0. 0. 0.]
 [0. 0. 0. 1. 0. 0. 0. 0. 0. 1. 0. 1. 0. 0. 0. 0. 0. 1. 0. 0. 0. 0. 0. 0.
  0. 0. 0. 0. 0. 0. 0. 0. 0. 0. 0. 0. 0. 0. 0. 0. 0. 0. 0. 0. 0. 0. 0. 0.
  0. 0. 0. 0. 0. 0. 0. 0. 0. 0. 0. 0. 0. 0. 0. 0. 0. 0. 0. 0. 0. 0. 0. 0.
  0. 0. 0. 0. 0. 0. 0. 0. 0. 0. 0. 0. 0. 0. 0. 0. 0. 0. 0. 0. 0. 0. 0. 0.
  0. 0. 0. 0.]
 [0. 0. 0. 0. 0. 0. 0. 0. 0. 0. 0. 0. 0. 0. 0. 0. 0. 1. 0. 0. 0. 0. 0. 0.
  0. 0. 0. 0. 0. 0. 0. 0. 0. 0. 0. 0. 0. 0. 0. 0. 0. 0. 0. 0. 0. 0. 0. 0.
  0. 0. 0. 0. 0. 0. 0. 0. 0. 0. 0. 0. 0. 0. 0. 0. 0. 0. 0. 0. 0. 0. 0. 0.
  0. 0. 0. 0. 0. 0. 0. 0. 0. 0. 0. 0. 0. 0. 0. 0. 0. 0. 0. 0. 0. 0. 0. 0.
  0. 0. 0. 0.]
 [0. 0. 0. 0. 1. 0. 1. 1. 0. 0. 1. 0. 0. 0. 0. 0. 0. 0. 0. 0. 0. 0. 0. 0.
  0. 0. 0. 0. 0. 0. 0. 0. 0. 0. 0. 0. 0. 0. 0. 0. 0. 0. 0. 0. 0. 0. 0. 0.
  0. 0. 0. 0. 0. 0. 0. 0. 0. 0. 0. 0. 0. 0. 0. 0. 0. 0. 0. 0. 0. 0. 0. 0.
  0. 0. 0. 0. 0. 0. 0. 0. 0. 0. 0. 0. 0. 0. 0. 0. 0. 0. 0. 0. 0. 0. 0. 0.
  0. 0. 0. 0.]
 [0. 1. 0. 0. 0. 0. 0. 0. 1. 0. 0. 0. 0. 0. 1. 0. 0. 0. 0. 0. 0. 0. 0. 0.
  0. 0. 0. 0. 0. 0. 0. 0. 0. 0. 0. 0. 0. 0. 0. 0. 0. 0. 0. 0. 0. 0. 0. 0.
  0. 0. 0. 0. 0. 0. 0. 0. 0. 0. 0. 0. 0. 0. 0. 0. 0. 0. 0. 0. 0. 0. 0. 0.
  0. 0. 0. 0. 0. 0. 0. 0. 0. 0. 0. 0. 0. 0. 0. 0. 0. 0. 0. 0. 0. 0. 0. 0.
  0. 0. 0. 0.]
 [0. 0. 0. 0. 0. 0. 0. 0. 1. 0. 0. 1. 0. 1. 0. 0. 0. 0. 0. 0. 0. 0. 0. 0.
  0. 0. 0. 0. 0. 0. 0. 0. 0. 0. 0. 0. 0. 0. 0. 0. 0. 0. 0. 0. 0. 0. 0. 0.
  0. 0. 0. 0. 0. 0. 0. 0. 0. 0. 0. 0. 0. 0. 0. 0. 0. 0. 0. 0. 0. 0. 0. 0.
  0. 0. 0. 0. 0. 0. 0. 0. 0. 0. 0. 0. 0. 0. 0. 0. 0. 0. 0. 0. 0. 0. 0. 0.
  0. 0. 0. 0.]
 [0. 1. 1. 1. 0. 0. 0. 1. 1. 0. 0. 0. 0. 1. 0. 0. 0. 0. 0. 0. 0. 0. 0. 0.
  0. 0. 0. 0. 0. 0. 0. 0. 0. 0. 0. 0. 0. 0. 0. 0. 0. 0. 0. 0. 0. 0. 0. 0.
  0. 0. 0. 0. 0. 0. 0. 0. 0. 0. 0. 0. 0. 0. 0. 0. 0. 0. 0. 0. 0. 0. 0. 0.
  0. 0. 0. 0. 0. 0. 0. 0. 0. 0. 0. 0. 0. 0. 0. 0. 0. 0. 0. 0. 0. 0. 0. 0.
  0. 0. 0. 0.]
 [0. 1. 0. 0. 0. 0. 0. 1. 1. 0. 0. 0. 0. 0. 0. 1. 0. 0. 0. 0. 0. 0. 0. 0.
  0. 0. 0. 0. 0. 0. 0. 0. 0. 0. 0. 0. 0. 0. 0. 0. 0. 0. 0. 0. 0. 0. 0. 0.
  0. 0. 0. 0. 0. 0. 0. 0. 0. 0. 0. 0. 0. 0. 0. 0. 0. 0. 0. 0. 0. 0. 0. 0.
  0. 0. 0. 0. 0. 0. 0. 0. 0. 0. 0. 0. 0. 0. 0. 0. 0. 0. 0. 0. 0. 0. 0. 0.
  0. 0. 0. 0.]
 [0. 0. 0. 1. 0. 0. 0. 0. 0. 1. 1. 0. 0. 1. 0. 0. 0. 1. 0. 0. 0. 0. 0. 0.
  0. 0. 0. 0. 0. 0. 0. 0. 0. 0. 0. 0. 0. 0. 0. 0. 0. 0. 0. 0. 0. 0. 0. 0.
  0. 0. 0. 0. 0. 0. 0. 0. 0. 0. 0. 0. 0. 0. 0. 0. 0. 0. 0. 0. 0. 0. 0. 0.
  0. 0. 0. 0. 0. 0. 0. 0. 0. 0. 0. 0. 0. 0. 0. 0. 0. 0. 0. 0. 0. 0. 0. 0.
  0. 0. 0. 0.]
 [0. 0. 0. 0. 0. 1. 0. 0. 1. 1. 1. 0. 0. 0. 0. 1. 0. 0. 0. 0. 0. 0. 0. 0.
  0. 0. 0. 0. 0. 0. 0. 0. 0. 0. 0. 0. 0. 0. 0. 0. 0. 0. 0. 0. 0. 0. 0. 0.
  0. 0. 0. 0. 0. 0. 0. 0. 0. 0. 0. 0. 0. 0. 0. 0. 0. 0. 0. 0. 0. 0. 0. 0.
  0. 0. 0. 0. 0. 0. 0. 0. 0. 0. 0. 0. 0. 0. 0. 0. 0. 0. 0. 0. 0. 0. 0. 0.
  0. 0. 0. 0.]
 [0. 1. 1. 0. 1. 0. 0. 0. 1. 0. 0. 0. 1. 1. 0. 0. 0. 1. 0. 0. 0. 0. 0. 0.
  0. 0. 0. 0. 0. 0. 0. 0. 0. 0. 0. 0. 0. 0. 0. 0. 0. 0. 0. 0. 0. 0. 0. 0.
  0. 0. 0. 0. 0. 0. 0. 0. 0. 0. 0. 0. 0. 0. 0. 0. 0. 0. 0. 0. 0. 0. 0. 0.
  0. 0. 0. 0. 0. 0. 0. 0. 0. 0. 0. 0. 0. 0. 0. 0. 0. 0. 0. 0. 0. 0. 0. 0.
  0. 0. 0. 0.]
 [0. 0. 0. 0. 0. 0. 0. 0. 0. 0. 0. 0. 0. 0. 0. 0. 1. 0. 0. 0. 0. 0. 0. 0.
  0. 0. 0. 0. 0. 0. 0. 0. 0. 0. 0. 0. 0. 0. 0. 0. 0. 0. 0. 0. 0. 0. 0. 0.
  0. 0. 0. 0. 0. 0. 0. 0. 0. 0. 0. 0. 0. 0. 0. 0. 0. 0. 0. 0. 0. 0. 0. 0.
  0. 0. 0. 0. 0. 0. 0. 0. 0. 0. 0. 0. 0. 0. 0. 0. 0. 0. 0. 0. 0. 0. 0. 0.
  0. 0. 0. 0.]
 [0. 0. 0. 0. 0. 0. 0. 0. 1. 1. 0. 0. 0. 0. 0. 0. 0. 0. 0. 0. 0. 0. 0. 0.
  0. 0. 0. 0. 0. 0. 0. 0. 0. 0. 0. 0. 0. 0. 0. 0. 0. 0. 0. 0. 0. 0. 0. 0.
  0. 0. 0. 0. 0. 0. 0. 0. 0. 0. 0. 0. 0. 0. 0. 0. 0. 0. 0. 0. 0. 0. 0. 0.
  0. 0. 0. 0. 0. 0. 0. 0. 0. 0. 0. 0. 0. 0. 0. 0. 0. 0. 0. 0. 0. 0. 0. 0.
  0. 0. 0. 0.]
 [0. 0. 1. 0. 0. 1. 0. 0. 0. 0. 1. 1. 1. 0. 0. 0. 0. 0. 0. 0. 0. 0. 0. 0.
  0. 0. 0. 0. 0. 0. 0. 0. 0. 0. 0. 0. 0. 0. 0. 0. 0. 0. 0. 0. 0. 0. 0. 0.
  0. 0. 0. 0. 0. 0. 0. 0. 0. 0. 0. 0. 0. 0. 0. 0. 0. 0. 0. 0. 0. 0. 0. 0.
  0. 0. 0. 0. 0. 0. 0. 0. 0. 0. 0. 0. 0. 0. 0. 0. 0. 0. 0. 0. 0. 0. 0. 0.
  0. 0. 0. 0.]
 [0. 0. 0. 0. 0. 0. 1. 0. 0. 1. 1. 0. 0. 0. 0. 0. 1. 0. 0. 1. 0. 0. 0. 0.
  0. 0. 0. 0. 0. 0. 0. 0. 0. 0. 0. 0. 0. 0. 0. 0. 0. 0. 0. 0. 0. 0. 0. 0.
  0. 0. 0. 0. 0. 0. 0. 0. 0. 0. 0. 0. 0. 0. 0. 0. 0. 0. 0. 0. 0. 0. 0. 0.
  0. 0. 0. 0. 0. 0. 0. 0. 0. 0. 0. 0. 0. 0. 0. 0. 0. 0. 0. 0. 0. 0. 0. 0.
  0. 0. 0. 0.]
 [0. 1. 0. 0. 0. 0. 0. 0. 0. 1. 0. 0. 0. 0. 1. 0. 0. 0. 1. 0. 0. 0. 0. 0.
  0. 0. 0. 0. 0. 0. 0. 0. 0. 0. 0. 0. 0. 0. 0. 0. 0. 0. 0. 0. 0. 0. 0. 0.
  0. 0. 0. 0. 0. 0. 0. 0. 0. 0. 0. 0. 0. 0. 0. 0. 0. 0. 0. 0. 0. 0. 0. 0.
  0. 0. 0. 0. 0. 0. 0. 0. 0. 0. 0. 0. 0. 0. 0. 0. 0. 0. 0. 0. 0. 0. 0. 0.
  0. 0. 0. 0.]
 [0. 0. 0. 0. 0. 0. 0. 1. 0. 0. 0. 1. 0. 0. 0. 0. 0. 0. 1. 0. 0. 0. 0. 0.
  0. 0. 0. 0. 0. 0. 0. 0. 0. 0. 0. 0. 0. 0. 0. 0. 0. 0. 0. 0. 0. 0. 0. 0.
  0. 0. 0. 0. 0. 0. 0. 0. 0. 0. 0. 0. 0. 0. 0. 0. 0. 0. 0. 0. 0. 0. 0. 0.
  0. 0. 0. 0. 0. 0. 0. 0. 0. 0. 0. 0. 0. 0. 0. 0. 0. 0. 0. 0. 0. 0. 0. 0.
  0. 0. 0. 0.]
 [1. 0. 1. 0. 0. 0. 0. 0. 0. 0. 0. 0. 0. 0. 0. 0. 0. 0. 0. 0. 0. 0. 0. 0.
  0. 0. 0. 0. 0. 0. 0. 0. 0. 0. 0. 0. 0. 0. 0. 0. 0. 0. 0. 0. 0. 0. 0. 0.
  0. 0. 0. 0. 0. 0. 0. 0. 0. 0. 0. 0. 0. 0. 0. 0. 0. 0. 0. 0. 0. 0. 0. 0.
  0. 0. 0. 0. 0. 0. 0. 0. 0. 0. 0. 0. 0. 0. 0. 0. 0. 0. 0. 0. 0. 0. 0. 0.
  0. 0. 0. 0.]
 [0. 0. 0. 0. 0. 0. 0. 0. 0. 0. 1. 1. 0. 0. 0. 0. 0. 1. 1. 1. 0. 0. 0. 0.
  0. 0. 0. 0. 0. 0. 0. 0. 0. 0. 0. 0. 0. 0. 0. 0. 0. 0. 0. 0. 0. 0. 0. 0.
  0. 0. 0. 0. 0. 0. 0. 0. 0. 0. 0. 0. 0. 0. 0. 0. 0. 0. 0. 0. 0. 0. 0. 0.
  0. 0. 0. 0. 0. 0. 0. 0. 0. 0. 0. 0. 0. 0. 0. 0. 0. 0. 0. 0. 0. 0. 0. 0.
  0. 0. 0. 0.]
 [0. 1. 0. 0. 0. 1. 0. 0. 0. 1. 0. 0. 0. 0. 1. 0. 0. 0. 0. 0. 0. 0. 0. 0.
  0. 0. 0. 0. 0. 0. 0. 0. 0. 0. 0. 0. 0. 0. 0. 0. 0. 0. 0. 0. 0. 0. 0. 0.
  0. 0. 0. 0. 0. 0. 0. 0. 0. 0. 0. 0. 0. 0. 0. 0. 0. 0. 0. 0. 0. 0. 0. 0.
  0. 0. 0. 0. 0. 0. 0. 0. 0. 0. 0. 0. 0. 0. 0. 0. 0. 0. 0. 0. 0. 0. 0. 0.
  0. 0. 0. 0.]
 [0. 0. 0. 0. 0. 0. 1. 1. 0. 0. 0. 0. 0. 0. 0. 1. 0. 0. 0. 0. 0. 0. 0. 0.
  0. 0. 0. 0. 0. 0. 0. 0. 0. 0. 0. 0. 0. 0. 0. 0. 0. 0. 0. 0. 0. 0. 0. 0.
  0. 0. 0. 0. 0. 0. 0. 0. 0. 0. 0. 0. 0. 0. 0. 0. 0. 0. 0. 0. 0. 0. 0. 0.
  0. 0. 0. 0. 0. 0. 0. 0. 0. 0. 0. 0. 0. 0. 0. 0. 0. 0. 0. 0. 0. 0. 0. 0.
  0. 0. 0. 0.]
 [0. 1. 0. 1. 0. 0. 0. 1. 0. 0. 0. 0. 0. 0. 0. 0. 1. 0. 0. 1. 0. 0. 0. 0.
  0. 0. 0. 0. 0. 0. 0. 0. 0. 0. 0. 0. 0. 0. 0. 0. 0. 0. 0. 0. 0. 0. 0. 0.
  0. 0. 0. 0. 0. 0. 0. 0. 0. 0. 0. 0. 0. 0. 0. 0. 0. 0. 0. 0. 0. 0. 0. 0.
  0. 0. 0. 0. 0. 0. 0. 0. 0. 0. 0. 0. 0. 0. 0. 0. 0. 0. 0. 0. 0. 0. 0. 0.
  0. 0. 0. 0.]]
start_times_array: [[6.7483e+04 6.7484e+04 6.7516e+04 6.7531e+04 6.7546e+04 6.7618e+04
  6.7659e+04 6.7708e+04 6.7725e+04 6.7737e+04 6.7776e+04 6.7842e+04
  6.7906e+04 6.7916e+04 6.7940e+04 6.8000e+04 6.8076e+04 6.8148e+04
  6.8195e+04 6.8294e+04]
 [6.1513e+04 6.5307e+04 6.5369e+04 6.5433e+04 6.5528e+04 6.6313e+04
  6.6515e+04 6.6602e+04 6.6699e+04 6.6850e+04 6.6914e+04 6.7000e+04
  6.7076e+04 6.7087e+04 6.7119e+04 6.7163e+04 6.7194e+04 6.7271e+04
  6.7370e+04 6.7386e+04]
 [6.6114e+04 6.6192e+04 6.6220e+04 6.6222e+04 6.6225e+04 6.6313e+04
  6.6382e+04 6.6416e+04 6.6515e+04 6.6548e+04 6.6618e+04 6.6636e+04
  6.6658e+04 6.6699e+04 6.6719e+04 6.6740e+04 6.6784e+04 6.6850e+04
  6.6868e+04 6.6941e+04]
 [6.3766e+04 6.4627e+04 6.4649e+04 6.4725e+04 6.4987e+04 6.5047e+04
  6.5156e+04 6.5244e+04 6.5270e+04 6.5282e+04 6.5290e+04 6.5673e+04
  6.5747e+04 6.5796e+04 6.5879e+04 6.5909e+04 6.5987e+04 6.6012e+04
  6.6108e+04 6.6114e+04]
 [6.3843e+04 6.4362e+04 6.4914e+04 6.4987e+04 6.5007e+04 6.5083e+04
  6.5156e+04 6.5177e+04 6.5198e+04 6.5238e+04 6.5307e+04 6.5326e+04
  6.5419e+04 6.5511e+04 6.5585e+04 6.5673e+04 6.5747e+04 6.5842e+04
  6.5885e+04 6.5935e+04]
 [6.3945e+04 6.4024e+04 6.4081e+04 6.4151e+04 6.4185e+04 6.4213e+04
  6.4278e+04 6.4362e+04 6.4402e+04 6.4408e+04 6.4461e+04 6.4503e+04
  6.4602e+04 6.4609e+04 6.4627e+04 6.4650e+04 6.4662e+04 6.4749e+04
  6.4835e+04 6.4848e+04]
 [6.3618e+04 6.3685e+04 6.3687e+04 6.3756e+04 6.3843e+04 6.3899e+04
  6.3921e+04 6.3945e+04 6.4012e+04 6.4072e+04 6.4079e+04 6.4081e+04
  6.4152e+04 6.4215e+04 6.4278e+04 6.4377e+04 6.4456e+04 6.4540e+04
  6.4547e+04 6.4644e+04]
 [6.2568e+04 6.2587e+04 6.2685e+04 6.2750e+04 6.2806e+04 6.2827e+04
  6.2908e+04 6.2999e+04 6.3051e+04 6.3137e+04 6.3201e+04 6.3203e+04
  6.3209e+04 6.3290e+04 6.3371e+04 6.3376e+04 6.3460e+04 6.3548e+04
  6.3618e+04 6.3694e+04]
 [6.1539e+04 6.1612e+04 6.1685e+04 6.1709e+04 6.1735e+04 6.1757e+04
  6.1810e+04 6.1904e+04 6.1985e+04 6.2010e+04 6.2067e+04 6.2114e+04
  6.2200e+04 6.2279e+04 6.2371e+04 6.2416e+04 6.2433e+04 6.2436e+04
  6.2448e+04 6.2508e+04]
 [5.9514e+04 6.0147e+04 6.0218e+04 6.0287e+04 6.0744e+04 6.0839e+04
  6.0869e+04 6.0914e+04 6.0960e+04 6.0995e+04 6.1028e+04 6.1123e+04
  6.1143e+04 6.1173e+04 6.1223e+04 6.1315e+04 6.1412e+04 6.1511e+04
  6.1513e+04 6.1515e+04]
 [5.9300e+04 5.9550e+04 5.9635e+04 5.9957e+04 6.0048e+04 6.0088e+04
  6.0147e+04 6.0211e+04 6.0241e+04 6.0303e+04 6.0397e+04 6.0464e+04
  6.0539e+04 6.0561e+04 6.0607e+04 6.0704e+04 6.0744e+04 6.0753e+04
  6.0791e+04 6.0798e+04]
 [5.8746e+04 5.9127e+04 5.9209e+04 5.9303e+04 5.9323e+04 5.9364e+04
  5.9449e+04 5.9470e+04 5.9550e+04 5.9603e+04 5.9653e+04 5.9726e+04
  5.9763e+04 5.9852e+04 5.9912e+04 5.9942e+04 5.9947e+04 5.9957e+04
  5.9969e+04 6.0009e+04]
 [5.7748e+04 5.7782e+04 5.7809e+04 5.8590e+04 5.8664e+04 5.8746e+04
  5.8755e+04 5.8830e+04 5.8978e+04 5.9059e+04 5.9071e+04 5.9083e+04
  5.9109e+04 5.9127e+04 5.9216e+04 5.9300e+04 5.9387e+04 5.9401e+04
  5.9494e+04 5.9514e+04]
 [5.7400e+04 5.7493e+04 5.7541e+04 5.7602e+04 5.7659e+04 5.8286e+04
  5.8348e+04 5.8399e+04 5.8538e+04 5.8581e+04 5.8590e+04 5.8663e+04
  5.8687e+04 5.8704e+04 5.8777e+04 5.8830e+04 5.8906e+04 5.9038e+04
  5.9049e+04 5.9083e+04]
 [5.6680e+04 5.6687e+04 5.7398e+04 5.7400e+04 5.7758e+04 5.7831e+04
  5.7888e+04 5.7939e+04 5.8014e+04 5.8100e+04 5.8125e+04 5.8223e+04
  5.8286e+04 5.8327e+04 5.8391e+04 5.8415e+04 5.8477e+04 5.8517e+04
  5.8538e+04 5.8572e+04]
 [5.6759e+04 5.6830e+04 5.6874e+04 5.6940e+04 5.7033e+04 5.7094e+04
  5.7160e+04 5.7202e+04 5.7253e+04 5.7285e+04 5.7337e+04 5.7368e+04
  5.7398e+04 5.7461e+04 5.7490e+04 5.7580e+04 5.7655e+04 5.7749e+04
  5.7758e+04 5.7798e+04]
 [5.5996e+04 5.6010e+04 5.6056e+04 5.6066e+04 5.6118e+04 5.6125e+04
  5.6126e+04 5.6139e+04 5.6216e+04 5.6253e+04 5.6316e+04 5.6353e+04
  5.6412e+04 5.6445e+04 5.6475e+04 5.6553e+04 5.6591e+04 5.6668e+04
  5.6680e+04 5.6726e+04]
 [5.5316e+04 5.5388e+04 5.5459e+04 5.5543e+04 5.5553e+04 5.5648e+04
  5.5672e+04 5.5690e+04 5.5746e+04 5.5749e+04 5.5798e+04 5.5875e+04
  5.5894e+04 5.5964e+04 5.5988e+04 5.6038e+04 5.6118e+04 5.6178e+04
  5.6223e+04 5.6300e+04]
 [5.4483e+04 5.4494e+04 5.4939e+04 5.4951e+04 5.5012e+04 5.5111e+04
  5.5140e+04 5.5178e+04 5.5254e+04 5.5356e+04 5.5459e+04 5.5557e+04
  5.5637e+04 5.5689e+04 5.5719e+04 5.5798e+04 5.5857e+04 5.5923e+04
  5.5927e+04 5.5970e+04]
 [5.1945e+04 5.4423e+04 5.4494e+04 5.4544e+04 5.4613e+04 5.4640e+04
  5.4694e+04 5.4698e+04 5.4758e+04 5.4851e+04 5.4852e+04 5.4928e+04
  5.4939e+04 5.5027e+04 5.5114e+04 5.5156e+04 5.5229e+04 5.5316e+04
  5.5356e+04 5.5371e+04]
 [5.2975e+04 5.3411e+04 5.3415e+04 5.3423e+04 5.3488e+04 5.3560e+04
  5.3630e+04 5.3699e+04 5.3798e+04 5.3799e+04 5.3872e+04 5.3929e+04
  5.3981e+04 5.4061e+04 5.4146e+04 5.4204e+04 5.4212e+04 5.4243e+04
  5.4334e+04 5.4423e+04]
 [5.2561e+04 5.2649e+04 5.2688e+04 5.2758e+04 5.2823e+04 5.2901e+04
  5.2910e+04 5.2975e+04 5.3029e+04 5.3125e+04 5.3139e+04 5.3185e+04
  5.3236e+04 5.3300e+04 5.3355e+04 5.3411e+04 5.3417e+04 5.3419e+04
  5.3434e+04 5.3487e+04]
 [5.1479e+04 5.1536e+04 5.1575e+04 5.1653e+04 5.1724e+04 5.1815e+04
  5.1872e+04 5.1945e+04 5.1981e+04 5.2062e+04 5.2154e+04 5.2213e+04
  5.2221e+04 5.2245e+04 5.2293e+04 5.2381e+04 5.2450e+04 5.2499e+04
  5.2554e+04 5.2561e+04]
 [4.9901e+04 4.9932e+04 5.0051e+04 5.0556e+04 5.0654e+04 5.0672e+04
  5.0727e+04 5.0796e+04 5.0829e+04 5.0930e+04 5.0934e+04 5.0978e+04
  5.1075e+04 5.1151e+04 5.1172e+04 5.1211e+04 5.1284e+04 5.1369e+04
  5.1399e+04 5.1464e+04]
 [4.8692e+04 5.0205e+04 5.0281e+04 5.0375e+04 5.0437e+04 5.0465e+04
  5.0556e+04 5.0593e+04 5.0655e+04 5.0704e+04 5.0738e+04 5.0809e+04
  5.0874e+04 5.1075e+04 5.1153e+04 5.1163e+04 5.1215e+04 5.1258e+04
  5.1350e+04 5.1384e+04]
 [4.7492e+04 4.7961e+04 4.8702e+04 4.8742e+04 4.8786e+04 4.8959e+04
  4.9611e+04 4.9696e+04 4.9749e+04 4.9768e+04 4.9839e+04 4.9855e+04
  4.9863e+04 4.9901e+04 4.9953e+04 5.0051e+04 5.0081e+04 5.0096e+04
  5.0101e+04 5.0117e+04]
 [4.8012e+04 4.8101e+04 4.8137e+04 4.8139e+04 4.8618e+04 4.8692e+04
  4.8781e+04 4.8850e+04 4.9031e+04 4.9045e+04 4.9128e+04 4.9174e+04
  4.9252e+04 4.9321e+04 4.9369e+04 4.9433e+04 4.9497e+04 4.9499e+04
  4.9533e+04 4.9571e+04]
 [4.7931e+04 4.7961e+04 4.8053e+04 4.8101e+04 4.8194e+04 4.8268e+04
  4.8339e+04 4.8424e+04 4.8449e+04 4.8547e+04 4.8618e+04 4.8619e+04
  4.8702e+04 4.8710e+04 4.8783e+04 4.8827e+04 4.8853e+04 4.8891e+04
  4.8959e+04 4.8968e+04]
 [4.6682e+04 4.6727e+04 4.6804e+04 4.6815e+04 4.6864e+04 4.7012e+04
  4.7407e+04 4.7449e+04 4.7498e+04 4.7555e+04 4.7572e+04 4.7825e+04
  4.7834e+04 4.7899e+04 4.7931e+04 4.7959e+04 4.8012e+04 4.8075e+04
  4.8092e+04 4.8158e+04]
 [4.3358e+04 4.5725e+04 4.6398e+04 4.6428e+04 4.6461e+04 4.6565e+04
  4.6569e+04 4.7050e+04 4.7092e+04 4.7168e+04 4.7212e+04 4.7228e+04
  4.7318e+04 4.7407e+04 4.7498e+04 4.7559e+04 4.7640e+04 4.7726e+04
  4.7818e+04 4.7825e+04]
 [4.3934e+04 4.3967e+04 4.5681e+04 4.5703e+04 4.6428e+04 4.6491e+04
  4.6498e+04 4.6520e+04 4.6598e+04 4.6726e+04 4.6821e+04 4.6904e+04
  4.6911e+04 4.6977e+04 4.7012e+04 4.7021e+04 4.7050e+04 4.7093e+04
  4.7181e+04 4.7276e+04]
 [4.0422e+04 4.5532e+04 4.5749e+04 4.5991e+04 4.6037e+04 4.6045e+04
  4.6050e+04 4.6126e+04 4.6146e+04 4.6165e+04 4.6236e+04 4.6266e+04
  4.6288e+04 4.6345e+04 4.6398e+04 4.6489e+04 4.6557e+04 4.6565e+04
  4.6612e+04 4.6693e+04]
 [4.4545e+04 4.4593e+04 4.4646e+04 4.5432e+04 4.5493e+04 4.5516e+04
  4.5527e+04 4.5532e+04 4.5613e+04 4.5643e+04 4.5668e+04 4.5681e+04
  4.5749e+04 4.5758e+04 4.5796e+04 4.5802e+04 4.5901e+04 4.5919e+04
  4.5938e+04 4.5991e+04]
 [4.3884e+04 4.3934e+04 4.4324e+04 4.4385e+04 4.4473e+04 4.4571e+04
  4.4627e+04 4.4719e+04 4.4806e+04 4.4840e+04 4.4869e+04 4.4958e+04
  4.5038e+04 4.5134e+04 4.5160e+04 4.5201e+04 4.5298e+04 4.5364e+04
  4.5413e+04 4.5432e+04]
 [4.3207e+04 4.3266e+04 4.3332e+04 4.3485e+04 4.3587e+04 4.3628e+04
  4.3691e+04 4.3760e+04 4.3824e+04 4.3882e+04 4.3884e+04 4.3976e+04
  4.4002e+04 4.4015e+04 4.4055e+04 4.4143e+04 4.4177e+04 4.4185e+04
  4.4230e+04 4.4473e+04]
 [3.9742e+04 4.2484e+04 4.2579e+04 4.2615e+04 4.2641e+04 4.2720e+04
  4.2796e+04 4.2833e+04 4.2906e+04 4.2947e+04 4.3041e+04 4.3123e+04
  4.3159e+04 4.3207e+04 4.3303e+04 4.3376e+04 4.3455e+04 4.3485e+04
  4.3500e+04 4.3587e+04]
 [4.0872e+04 4.1456e+04 4.1481e+04 4.1575e+04 4.1657e+04 4.1701e+04
  4.1779e+04 4.1876e+04 4.1975e+04 4.2057e+04 4.2144e+04 4.2200e+04
  4.2287e+04 4.2329e+04 4.2381e+04 4.2468e+04 4.2483e+04 4.2484e+04
  4.2486e+04 4.2576e+04]
 [3.8182e+04 4.0409e+04 4.0422e+04 4.0937e+04 4.0980e+04 4.1026e+04
  4.1110e+04 4.1176e+04 4.1190e+04 4.1256e+04 4.1272e+04 4.1366e+04
  4.1429e+04 4.1445e+04 4.1481e+04 4.1521e+04 4.1570e+04 4.1623e+04
  4.1657e+04 4.1717e+04]
 [4.0368e+04 4.0369e+04 4.0409e+04 4.0468e+04 4.0551e+04 4.0620e+04
  4.0696e+04 4.0826e+04 4.0872e+04 4.0937e+04 4.1002e+04 4.1063e+04
  4.1136e+04 4.1138e+04 4.1201e+04 4.1221e+04 4.1295e+04 4.1340e+04
  4.1380e+04 4.1456e+04]
 [3.9296e+04 3.9333e+04 4.0255e+04 4.0288e+04 4.0368e+04 4.0409e+04
  4.0483e+04 4.0550e+04 4.0577e+04 4.0660e+04 4.0662e+04 4.0714e+04
  4.0767e+04 4.0826e+04 4.0853e+04 4.0868e+04 4.0912e+04 4.0957e+04
  4.0974e+04 4.1029e+04]
 [3.9110e+04 3.9120e+04 3.9129e+04 3.9148e+04 3.9208e+04 3.9296e+04
  3.9384e+04 3.9413e+04 3.9473e+04 3.9521e+04 3.9606e+04 3.9695e+04
  3.9742e+04 3.9840e+04 3.9856e+04 3.9865e+04 3.9963e+04 4.0015e+04
  4.0110e+04 4.0159e+04]
 [3.5674e+04 3.6343e+04 3.8112e+04 3.8206e+04 3.8225e+04 3.8265e+04
  3.8362e+04 3.8374e+04 3.8437e+04 3.8519e+04 3.8526e+04 3.8602e+04
  3.8695e+04 3.8781e+04 3.8863e+04 3.8909e+04 3.8928e+04 3.8975e+04
  3.9065e+04 3.9110e+04]
 [3.5874e+04 3.6008e+04 3.6050e+04 3.7128e+04 3.7242e+04 3.7557e+04
  3.7607e+04 3.7665e+04 3.7754e+04 3.7844e+04 3.7893e+04 3.7979e+04
  3.7999e+04 3.8040e+04 3.8059e+04 3.8112e+04 3.8206e+04 3.8293e+04
  3.8356e+04 3.8409e+04]
 [3.5236e+04 3.6623e+04 3.6693e+04 3.6713e+04 3.6784e+04 3.6823e+04
  3.6858e+04 3.6877e+04 3.6967e+04 3.7027e+04 3.7051e+04 3.7128e+04
  3.7187e+04 3.7242e+04 3.7259e+04 3.7294e+04 3.7371e+04 3.7464e+04
  3.7497e+04 3.7557e+04]
 [3.5193e+04 3.5246e+04 3.5862e+04 3.5874e+04 3.5895e+04 3.5915e+04
  3.5937e+04 3.5964e+04 3.6002e+04 3.6045e+04 3.6111e+04 3.6149e+04
  3.6247e+04 3.6302e+04 3.6343e+04 3.6442e+04 3.6459e+04 3.6550e+04
  3.6623e+04 3.6647e+04]
 [3.2742e+04 3.2747e+04 3.5133e+04 3.5165e+04 3.5193e+04 3.5330e+04
  3.5380e+04 3.5465e+04 3.5523e+04 3.5536e+04 3.5586e+04 3.5606e+04
  3.5657e+04 3.5674e+04 3.5728e+04 3.5744e+04 3.5764e+04 3.5862e+04
  3.5907e+04 3.5994e+04]
 [3.2527e+04 3.4515e+04 3.4523e+04 3.4669e+04 3.4732e+04 3.4825e+04
  3.4847e+04 3.4934e+04 3.5000e+04 3.5009e+04 3.5013e+04 3.5020e+04
  3.5050e+04 3.5142e+04 3.5178e+04 3.5246e+04 3.5324e+04 3.5330e+04
  3.5378e+04 3.5463e+04]
 [3.2214e+04 3.3764e+04 3.3768e+04 3.3784e+04 3.3856e+04 3.3926e+04
  3.3978e+04 3.4063e+04 3.4142e+04 3.4221e+04 3.4297e+04 3.4361e+04
  3.4432e+04 3.4515e+04 3.4552e+04 3.4636e+04 3.4647e+04 3.4669e+04
  3.4697e+04 3.4876e+04]
 [3.2166e+04 3.2659e+04 3.2704e+04 3.2953e+04 3.2956e+04 3.2980e+04
  3.3027e+04 3.3057e+04 3.3076e+04 3.3093e+04 3.3118e+04 3.3210e+04
  3.3285e+04 3.3381e+04 3.3405e+04 3.3421e+04 3.3495e+04 3.3562e+04
  3.3632e+04 3.3674e+04]
 [3.1622e+04 3.2108e+04 3.2114e+04 3.2133e+04 3.2171e+04 3.2183e+04
  3.2340e+04 3.2395e+04 3.2458e+04 3.2499e+04 3.2513e+04 3.2516e+04
  3.2527e+04 3.2627e+04 3.2659e+04 3.2742e+04 3.2775e+04 3.2777e+04
  3.2853e+04 3.2926e+04]
 [3.0666e+04 3.0724e+04 3.0726e+04 3.1729e+04 3.1801e+04 3.1899e+04
  3.1959e+04 3.1997e+04 3.2041e+04 3.2108e+04 3.2109e+04 3.2166e+04
  3.2214e+04 3.2251e+04 3.2340e+04 3.2421e+04 3.2513e+04 3.2594e+04
  3.2627e+04 3.2649e+04]
 [3.0396e+04 3.0651e+04 3.0666e+04 3.0695e+04 3.0704e+04 3.0871e+04
  3.0911e+04 3.0929e+04 3.1118e+04 3.1167e+04 3.1257e+04 3.1268e+04
  3.1336e+04 3.1362e+04 3.1429e+04 3.1443e+04 3.1537e+04 3.1622e+04
  3.1718e+04 3.1729e+04]
 [2.9605e+04 2.9620e+04 3.0358e+04 3.0409e+04 3.0424e+04 3.0493e+04
  3.0505e+04 3.0528e+04 3.0561e+04 3.0627e+04 3.0651e+04 3.0695e+04
  3.0773e+04 3.0821e+04 3.0871e+04 3.0960e+04 3.0966e+04 3.1024e+04
  3.1044e+04 3.1049e+04]
 [2.9217e+04 2.9279e+04 2.9331e+04 2.9350e+04 2.9442e+04 2.9482e+04
  2.9483e+04 2.9603e+04 2.9835e+04 2.9909e+04 2.9955e+04 2.9988e+04
  3.0021e+04 3.0049e+04 3.0133e+04 3.0184e+04 3.0209e+04 3.0268e+04
  3.0358e+04 3.0396e+04]
 [2.8936e+04 2.9066e+04 2.9215e+04 2.9217e+04 2.9226e+04 2.9434e+04
  2.9468e+04 2.9469e+04 2.9511e+04 2.9603e+04 2.9664e+04 2.9712e+04
  2.9773e+04 2.9835e+04 2.9846e+04 2.9924e+04 2.9953e+04 2.9993e+04
  3.0008e+04 3.0069e+04]
 [2.5817e+04 2.5898e+04 2.6376e+04 2.7785e+04 2.7852e+04 2.7887e+04
  2.8769e+04 2.8831e+04 2.8832e+04 2.8887e+04 2.8890e+04 2.8901e+04
  2.9349e+04 2.9415e+04 2.9434e+04 2.9511e+04 2.9580e+04 2.9602e+04
  2.9605e+04 2.9647e+04]
 [2.6021e+04 2.8399e+04 2.8425e+04 2.8430e+04 2.8528e+04 2.8538e+04
  2.8610e+04 2.8688e+04 2.8769e+04 2.8780e+04 2.8831e+04 2.8894e+04
  2.8974e+04 2.9003e+04 2.9066e+04 2.9132e+04 2.9212e+04 2.9215e+04
  2.9283e+04 2.9333e+04]
 [2.5926e+04 2.6391e+04 2.7447e+04 2.7517e+04 2.7529e+04 2.7602e+04
  2.7612e+04 2.7700e+04 2.7785e+04 2.7828e+04 2.7885e+04 2.7955e+04
  2.7970e+04 2.7983e+04 2.8037e+04 2.8133e+04 2.8232e+04 2.8250e+04
  2.8314e+04 2.8399e+04]
 [2.5878e+04 2.5926e+04 2.6311e+04 2.6367e+04 2.6376e+04 2.6442e+04
  2.6525e+04 2.6826e+04 2.6866e+04 2.6894e+04 2.6967e+04 2.7046e+04
  2.7093e+04 2.7175e+04 2.7234e+04 2.7298e+04 2.7335e+04 2.7414e+04
  2.7441e+04 2.7447e+04]
 [2.5292e+04 2.5391e+04 2.5464e+04 2.5736e+04 2.5763e+04 2.6308e+04
  2.6448e+04 2.6504e+04 2.6515e+04 2.6596e+04 2.6638e+04 2.6648e+04
  2.6721e+04 2.6748e+04 2.6807e+04 2.6825e+04 2.6826e+04 2.6888e+04
  2.6943e+04 2.7002e+04]
 [2.2440e+04 2.5677e+04 2.5744e+04 2.5786e+04 2.5825e+04 2.5839e+04
  2.5878e+04 2.5927e+04 2.5939e+04 2.6030e+04 2.6097e+04 2.6188e+04
  2.6257e+04 2.6295e+04 2.6308e+04 2.6348e+04 2.6387e+04 2.6391e+04
  2.6446e+04 2.6448e+04]
 [2.3180e+04 2.5026e+04 2.5041e+04 2.5059e+04 2.5068e+04 2.5155e+04
  2.5266e+04 2.5290e+04 2.5292e+04 2.5382e+04 2.5436e+04 2.5464e+04
  2.5551e+04 2.5601e+04 2.5677e+04 2.5736e+04 2.5764e+04 2.5817e+04
  2.5896e+04 2.5905e+04]
 [2.3581e+04 2.4005e+04 2.4672e+04 2.4710e+04 2.4716e+04 2.4802e+04
  2.4819e+04 2.4841e+04 2.4929e+04 2.5009e+04 2.5013e+04 2.5026e+04
  2.5108e+04 2.5152e+04 2.5223e+04 2.5230e+04 2.5266e+04 2.5309e+04
  2.5319e+04 2.5384e+04]
 [2.3221e+04 2.3832e+04 2.3882e+04 2.3942e+04 2.4005e+04 2.4056e+04
  2.4118e+04 2.4122e+04 2.4208e+04 2.4235e+04 2.4267e+04 2.4299e+04
  2.4365e+04 2.4369e+04 2.4373e+04 2.4396e+04 2.4495e+04 2.4594e+04
  2.4672e+04 2.4674e+04]
 [1.9638e+04 2.2364e+04 2.2440e+04 2.2447e+04 2.3056e+04 2.3088e+04
  2.3152e+04 2.3180e+04 2.3253e+04 2.3318e+04 2.3409e+04 2.3445e+04
  2.3489e+04 2.3569e+04 2.3574e+04 2.3581e+04 2.3601e+04 2.3655e+04
  2.3742e+04 2.3827e+04]
 [2.2362e+04 2.2364e+04 2.2442e+04 2.2520e+04 2.2559e+04 2.2653e+04
  2.2747e+04 2.2830e+04 2.2876e+04 2.2973e+04 2.2992e+04 2.3056e+04
  2.3152e+04 2.3174e+04 2.3221e+04 2.3253e+04 2.3324e+04 2.3417e+04
  2.3509e+04 2.3565e+04]
 [2.1162e+04 2.1213e+04 2.1261e+04 2.1321e+04 2.1420e+04 2.1473e+04
  2.1508e+04 2.1527e+04 2.1605e+04 2.1681e+04 2.1753e+04 2.1825e+04
  2.1885e+04 2.1977e+04 2.1992e+04 2.2053e+04 2.2125e+04 2.2224e+04
  2.2298e+04 2.2351e+04]
 [2.1067e+04 2.1108e+04 2.1162e+04 2.1179e+04 2.1270e+04 2.1318e+04
  2.1398e+04 2.1493e+04 2.1577e+04 2.1590e+04 2.1681e+04 2.1725e+04
  2.1806e+04 2.1880e+04 2.1924e+04 2.1956e+04 2.1965e+04 2.1969e+04
  2.1982e+04 2.2042e+04]
 [1.9212e+04 1.9516e+04 1.9520e+04 1.9543e+04 1.9866e+04 1.9942e+04
  2.0015e+04 2.0423e+04 2.0446e+04 2.0462e+04 2.0518e+04 2.0537e+04
  2.0600e+04 2.0672e+04 2.0707e+04 2.0769e+04 2.0814e+04 2.0864e+04
  2.0953e+04 2.0991e+04]
 [1.6597e+04 1.7234e+04 1.8602e+04 1.8624e+04 1.9606e+04 1.9638e+04
  1.9730e+04 1.9746e+04 1.9773e+04 1.9825e+04 1.9866e+04 1.9877e+04
  1.9923e+04 2.0020e+04 2.0065e+04 2.0157e+04 2.0212e+04 2.0270e+04
  2.0365e+04 2.0423e+04]
 [1.8935e+04 1.9022e+04 1.9112e+04 1.9149e+04 1.9212e+04 1.9237e+04
  1.9239e+04 1.9289e+04 1.9342e+04 1.9409e+04 1.9430e+04 1.9516e+04
  1.9606e+04 1.9637e+04 1.9696e+04 1.9741e+04 1.9746e+04 1.9821e+04
  1.9914e+04 2.0020e+04]
 [1.8101e+04 1.8118e+04 1.8208e+04 1.8288e+04 1.8378e+04 1.8450e+04
  1.8481e+04 1.8487e+04 1.8572e+04 1.8602e+04 1.8662e+04 1.8731e+04
  1.8822e+04 1.8849e+04 1.8878e+04 1.8899e+04 1.8935e+04 1.8948e+04
  1.9022e+04 1.9082e+04]
 [1.6803e+04 1.6877e+04 1.7125e+04 1.7218e+04 1.7514e+04 1.7574e+04
  1.7582e+04 1.7678e+04 1.7739e+04 1.7812e+04 1.7839e+04 1.7901e+04
  1.7979e+04 1.8024e+04 1.8101e+04 1.8163e+04 1.8246e+04 1.8271e+04
  1.8342e+04 1.8353e+04]
 [1.5844e+04 1.6771e+04 1.6803e+04 1.6900e+04 1.6926e+04 1.6942e+04
  1.7007e+04 1.7023e+04 1.7120e+04 1.7125e+04 1.7129e+04 1.7224e+04
  1.7234e+04 1.7322e+04 1.7357e+04 1.7434e+04 1.7470e+04 1.7514e+04
  1.7590e+04 1.7665e+04]
 [1.4477e+04 1.4481e+04 1.6216e+04 1.6287e+04 1.6319e+04 1.6339e+04
  1.6393e+04 1.6480e+04 1.6539e+04 1.6544e+04 1.6554e+04 1.6597e+04
  1.6610e+04 1.6634e+04 1.6642e+04 1.6669e+04 1.6702e+04 1.6758e+04
  1.6771e+04 1.6804e+04]
 [1.3600e+04 1.4588e+04 1.5178e+04 1.5249e+04 1.5340e+04 1.5363e+04
  1.5388e+04 1.5433e+04 1.5502e+04 1.5588e+04 1.5679e+04 1.5774e+04
  1.5810e+04 1.5819e+04 1.5844e+04 1.5892e+04 1.5991e+04 1.6078e+04
  1.6130e+04 1.6149e+04]
 [1.4227e+04 1.4299e+04 1.4317e+04 1.4408e+04 1.4477e+04 1.4490e+04
  1.4533e+04 1.4613e+04 1.4676e+04 1.4717e+04 1.4799e+04 1.4819e+04
  1.5095e+04 1.5178e+04 1.5233e+04 1.5322e+04 1.5327e+04 1.5395e+04
  1.5433e+04 1.5514e+04]
 [1.2238e+04 1.4164e+04 1.4227e+04 1.4314e+04 1.4383e+04 1.4414e+04
  1.4453e+04 1.4474e+04 1.4571e+04 1.4602e+04 1.4613e+04 1.4689e+04
  1.4718e+04 1.4806e+04 1.4874e+04 1.4970e+04 1.5049e+04 1.5086e+04
  1.5095e+04 1.5175e+04]
 [1.3015e+04 1.3592e+04 1.3600e+04 1.3684e+04 1.3754e+04 1.3799e+04
  1.3890e+04 1.3900e+04 1.3997e+04 1.4091e+04 1.4164e+04 1.4197e+04
  1.4217e+04 1.4295e+04 1.4338e+04 1.4372e+04 1.4464e+04 1.4503e+04
  1.4539e+04 1.4602e+04]
 [1.3329e+04 1.3348e+04 1.3364e+04 1.3433e+04 1.3529e+04 1.3572e+04
  1.3580e+04 1.3650e+04 1.3659e+04 1.3677e+04 1.3718e+04 1.3807e+04
  1.3847e+04 1.3935e+04 1.4024e+04 1.4173e+04 1.4231e+04 1.4270e+04
  1.4314e+04 1.4347e+04]
 [9.4430e+03 1.2291e+04 1.2367e+04 1.2386e+04 1.2443e+04 1.2525e+04
  1.2642e+04 1.2776e+04 1.2815e+04 1.2846e+04 1.2871e+04 1.2936e+04
  1.2938e+04 1.3015e+04 1.3085e+04 1.3153e+04 1.3178e+04 1.3252e+04
  1.3298e+04 1.3329e+04]
 [1.1542e+04 1.1587e+04 1.1648e+04 1.2063e+04 1.2135e+04 1.2170e+04
  1.2238e+04 1.2327e+04 1.2346e+04 1.2415e+04 1.2425e+04 1.2499e+04
  1.2555e+04 1.2619e+04 1.2630e+04 1.2642e+04 1.2684e+04 1.2776e+04
  1.2858e+04 1.2918e+04]
 [5.5870e+03 1.0068e+04 1.0141e+04 1.1352e+04 1.1356e+04 1.1381e+04
  1.1387e+04 1.1420e+04 1.1449e+04 1.1460e+04 1.1542e+04 1.1571e+04
  1.1624e+04 1.1707e+04 1.1768e+04 1.1794e+04 1.1873e+04 1.1970e+04
  1.2063e+04 1.2095e+04]
 [7.9250e+03 9.3570e+03 9.7030e+03 9.7460e+03 1.0646e+04 1.0671e+04
  1.0747e+04 1.0804e+04 1.0838e+04 1.0902e+04 1.0935e+04 1.1003e+04
  1.1093e+04 1.1156e+04 1.1194e+04 1.1238e+04 1.1290e+04 1.1299e+04
  1.1352e+04 1.1359e+04]
 [8.9450e+03 9.2950e+03 9.3570e+03 9.9900e+03 1.0053e+04 1.0140e+04
  1.0238e+04 1.0332e+04 1.0402e+04 1.0428e+04 1.0442e+04 1.0446e+04
  1.0531e+04 1.0575e+04 1.0646e+04 1.0667e+04 1.0704e+04 1.0734e+04
  1.0804e+04 1.0806e+04]
 [9.2560e+03 9.2690e+03 9.2760e+03 9.2950e+03 9.2990e+03 9.3380e+03
  9.3950e+03 9.4470e+03 9.5450e+03 9.5720e+03 9.6260e+03 9.7030e+03
  9.7850e+03 9.8510e+03 9.9470e+03 9.9900e+03 1.0068e+04 1.0071e+04
  1.0083e+04 1.0144e+04]
 [8.8450e+03 8.8960e+03 8.9450e+03 9.0210e+03 9.0510e+03 9.0720e+03
  9.1700e+03 9.1920e+03 9.2560e+03 9.3010e+03 9.3150e+03 9.3160e+03
  9.3950e+03 9.4640e+03 9.5720e+03 9.6430e+03 9.7200e+03 9.7940e+03
  9.8590e+03 9.9160e+03]
 [7.5070e+03 8.1790e+03 8.1880e+03 8.2180e+03 8.2800e+03 8.3030e+03
  8.3500e+03 8.4380e+03 8.4600e+03 8.5150e+03 8.6140e+03 8.6640e+03
  8.7060e+03 8.7240e+03 8.7730e+03 8.8450e+03 8.9010e+03 9.0210e+03
  9.1160e+03 9.1850e+03]
 [4.8700e+03 7.3310e+03 7.4210e+03 7.5070e+03 7.5520e+03 7.5570e+03
  7.6560e+03 7.7350e+03 7.8300e+03 7.9250e+03 8.0070e+03 8.1020e+03
  8.1450e+03 8.1790e+03 8.2740e+03 8.3260e+03 8.3720e+03 8.4380e+03
  8.4510e+03 8.4940e+03]
 [6.2730e+03 6.3450e+03 6.3480e+03 6.4230e+03 6.4550e+03 6.5060e+03
  6.5630e+03 6.6250e+03 6.6760e+03 6.6780e+03 6.7760e+03 6.8390e+03
  6.8990e+03 6.9920e+03 7.0480e+03 7.1010e+03 7.1910e+03 7.2840e+03
  7.3310e+03 7.4090e+03]
 [5.5740e+03 5.5870e+03 5.6740e+03 5.7000e+03 5.7730e+03 5.8100e+03
  5.8750e+03 5.9700e+03 6.0470e+03 6.0930e+03 6.1260e+03 6.2040e+03
  6.2550e+03 6.2600e+03 6.3330e+03 6.3740e+03 6.4450e+03 6.5190e+03
  6.5630e+03 6.6110e+03]
 [5.0790e+03 5.0990e+03 5.1390e+03 5.1670e+03 5.2250e+03 5.2570e+03
  5.3300e+03 5.4060e+03 5.4900e+03 5.5210e+03 5.5590e+03 5.6580e+03
  5.6710e+03 5.7130e+03 5.7890e+03 5.8430e+03 5.8470e+03 5.9230e+03
  5.9300e+03 5.9700e+03]
 [3.4190e+03 4.0610e+03 4.2090e+03 4.8210e+03 4.8700e+03 4.9100e+03
  4.9350e+03 4.9860e+03 5.0520e+03 5.0790e+03 5.1730e+03 5.2100e+03
  5.2450e+03 5.2730e+03 5.4900e+03 5.5740e+03 5.6110e+03 5.6580e+03
  5.7110e+03 5.9230e+03]
 [2.8030e+03 3.0970e+03 3.1940e+03 3.2930e+03 4.2830e+03 4.3310e+03
  4.4600e+03 4.5270e+03 4.5890e+03 4.6300e+03 4.6830e+03 4.7510e+03
  4.8210e+03 4.8690e+03 4.9670e+03 5.0030e+03 5.0320e+03 5.0700e+03
  5.0710e+03 5.0840e+03]
 [2.3260e+03 2.3520e+03 3.5280e+03 3.5860e+03 3.5990e+03 3.6910e+03
  3.7260e+03 3.7810e+03 3.8690e+03 3.9010e+03 3.9760e+03 4.0610e+03
  4.1590e+03 4.1700e+03 4.2090e+03 4.2830e+03 4.3440e+03 4.4010e+03
  4.4600e+03 4.5230e+03]
 [1.3380e+03 1.4080e+03 1.4360e+03 2.4140e+03 2.7490e+03 2.8030e+03
  2.8630e+03 2.9340e+03 2.9490e+03 3.0360e+03 3.0610e+03 3.1550e+03
  3.1940e+03 3.2140e+03 3.2880e+03 3.3370e+03 3.4190e+03 3.4660e+03
  3.5280e+03 3.5750e+03]
 [2.9700e+02 3.4300e+02 1.2860e+03 1.4270e+03 1.7560e+03 2.0990e+03
  2.1510e+03 2.1790e+03 2.2400e+03 2.3260e+03 2.4140e+03 2.4800e+03
  2.4930e+03 2.5570e+03 2.6510e+03 2.6610e+03 2.6700e+03 2.7490e+03
  2.8050e+03 2.8170e+03]
 [1.1530e+03 1.2490e+03 1.3480e+03 1.4470e+03 1.4720e+03 1.4790e+03
  1.5220e+03 1.6100e+03 1.6850e+03 1.7590e+03 1.8030e+03 1.8470e+03
  1.9270e+03 1.9680e+03 2.0420e+03 2.0990e+03 2.1830e+03 2.2020e+03
  2.2290e+03 2.2540e+03]
 [1.4500e+02 2.0900e+02 2.9800e+02 9.9300e+02 1.0470e+03 1.0930e+03
  1.1460e+03 1.1530e+03 1.2490e+03 1.2860e+03 1.3780e+03 1.3890e+03
  1.4270e+03 1.4960e+03 1.5890e+03 1.6790e+03 1.7070e+03 1.7560e+03
  1.8340e+03 1.9300e+03]
 [0.0000e+00 4.3000e+01 1.2900e+02 1.4400e+02 1.4500e+02 1.9600e+02
  2.0300e+02 2.9800e+02 3.7800e+02 4.7500e+02 4.7800e+02 5.5200e+02
  6.4900e+02 7.1900e+02 8.0800e+02 8.7200e+02 9.6900e+02 1.0090e+03
  1.0410e+03 1.0930e+03]]
