optimal_status: 0
solution: 1927.9999990504828
cpu_time: 3600.109488964081
gap: 0.4497369590541655
upper_bound: 1060.9071424210847
lower_bound: 1927.9999990504828
cg_matrix: [[0. 1. 0. 0. 0. 1. 0. 0. 0. 0. 0. 0. 1. 0. 0.]
 [1. 0. 0. 0. 1. 0. 1. 0. 0. 0. 1. 0. 0. 0. 1.]
 [0. 0. 0. 0. 0. 0. 0. 0. 0. 0. 1. 0. 0. 1. 1.]
 [0. 0. 0. 0. 0. 0. 0. 0. 0. 1. 0. 0. 0. 0. 0.]
 [0. 1. 0. 0. 0. 0. 0. 0. 0. 0. 0. 0. 0. 0. 0.]
 [1. 0. 0. 0. 0. 0. 0. 0. 0. 0. 0. 0. 0. 0. 0.]
 [0. 1. 0. 0. 0. 0. 0. 0. 0. 0. 0. 0. 1. 0. 0.]
 [0. 0. 0. 0. 0. 0. 0. 0. 0. 0. 0. 0. 0. 0. 1.]
 [0. 0. 0. 0. 0. 0. 0. 0. 0. 0. 0. 1. 0. 1. 1.]
 [0. 0. 0. 1. 0. 0. 0. 0. 0. 0. 1. 0. 0. 0. 0.]
 [0. 1. 1. 0. 0. 0. 0. 0. 0. 1. 0. 0. 0. 0. 0.]
 [0. 0. 0. 0. 0. 0. 0. 0. 1. 0. 0. 0. 0. 0. 0.]
 [1. 0. 0. 0. 0. 0. 1. 0. 0. 0. 0. 0. 0. 0. 1.]
 [0. 0. 1. 0. 0. 0. 0. 0. 1. 0. 0. 0. 0. 0. 0.]
 [0. 1. 1. 0. 0. 0. 0. 1. 1. 0. 0. 0. 1. 0. 0.]]
start_times_array: [[   0.          235.          286.          328.          503.
   604.          858.99999981  946.99999981  979.99999981 1006.99999981
  1156.99999981 1334.99999981 1441.99999981 1852.99999981 1902.99999981]
 [ 137.          156.          377.          456.          564.
   668.          806.         1091.99999981 1250.99999981 1512.99999981
  1573.99999981 1603.99999981 1659.99999981 1678.99999981 1769.99999981]
 [  71.          165.          172.          406.          668.
   795.          932.99999981 1081.         1148.99999981 1250.99999981
  1533.99999981 1540.99999981 1584.99999981 1656.99999981 1728.99999981]
 [   0.          339.          503.          587.          621.
   651.99999981  711.99999981 1016.99999981 1070.99999981 1170.99999981
  1313.99999981 1412.99999981 1452.99999981 1526.99999981 1853.99999981]
 [  26.          279.          339.          348.          503.
   735.          777.          802.          855.         1012.99999981
  1156.99999981 1334.99999981 1382.99999981 1419.99999981 1436.99999981]
 [  72.          179.          364.          410.          650.
   728.          812.          852.         1091.99999981 1117.
  1226.99999981 1511.99999981 1550.99999981 1652.99999981 1821.99999981]
 [   0.          286.          503.          604.          859.
   936.         1008.99999981 1156.99999981 1178.99999981 1334.99999981
  1381.99999981 1430.99999981 1479.99999981 1490.99999981 1864.99999981]
 [  48.           87.          145.          414.          508.
   661.          795.          936.          988.         1091.99999981
  1512.99999981 1565.99999981 1621.99999981 1650.99999981 1740.99999981]
 [   0.           48.           76.          350.          376.
   479.99999981  483.99999981  661.          815.          959.
  1081.         1278.         1533.99999981 1656.99999981 1741.99999981]
 [  71.          107.          141.          206.          406.
   670.99999981  805.99999981  858.99999981  967.99999981 1057.99999981
  1266.99999981 1307.99999981 1614.99999981 1646.99999981 1800.99999981]
 [   0.           62.          270.          527.          604.
   632.          655.          735.         1011.99999981 1156.99999981
  1335.99999981 1422.99999981 1494.99999981 1837.99999905 1916.99999905]
 [ 146.          220.          281.          324.          554.99999981
   753.          859.          899.         1138.         1200.
  1338.99999981 1390.99999981 1398.99999981 1419.99999981 1430.99999981]
 [  72.           81.          108.          117.          125.
   564.          661.          783.         1091.99999981 1093.99999981
  1250.99999981 1512.99999981 1610.99999981 1733.99999981 1800.99999981]
 [ 174.          241.          248.          502.99999981  569.
   656.          660.          876.99999981 1168.99999981 1335.99999981
  1398.99999981 1433.99999981 1441.99999981 1617.99999981 1916.99999981]
 [ 235.          279.          303.          327.          530.
   604.          753.         1013.         1077.         1156.99999981
  1181.99999981 1335.99999981 1430.99999981 1452.99999981 1841.99999981]]
